#,Timestamp,Temp_C,Voltage_V,Current_A,Power_W,Relay,Step,State,PID_Output
1,2026-06-03 08:20:08,22.2125,0.00,0.000,0.000,OFF,--,IDLE,--
2,2026-06-03 08:20:09,22.2125,0.00,0.000,0.000,OFF,--,IDLE,--
3,2026-06-03 08:20:10,22.1875,0.00,0.000,0.000,OFF,--,IDLE,--
4,2026-06-03 08:20:11,22.1875,0.00,0.000,0.000,OFF,--,IDLE,--
5,2026-06-03 08:20:12,22.2125,0.00,0.000,0.000,OFF,--,IDLE,--
6,2026-06-03 08:20:13,22.2125,0.00,0.000,0.000,OFF,--,IDLE,--
7,2026-06-03 08:20:14,22.1875,0.00,0.000,0.000,OFF,--,IDLE,--
8,2026-06-03 08:20:15,22.1875,0.00,0.000,0.000,OFF,--,IDLE,--
9,2026-06-03 08:20:16,22.1875,0.00,0.000,0.000,OFF,--,IDLE,--
10,2026-06-03 08:20:17,22.1875,0.00,0.000,0.000,OFF,--,IDLE,--
11,2026-06-03 08:20:18,22.1875,0.00,0.000,0.000,OFF,--,IDLE,--
12,2026-06-03 08:20:19,22.1875,0.00,0.000,0.000,OFF,--,IDLE,--
13,2026-06-03 08:20:20,22.1875,0.00,0.000,0.000,OFF,--,IDLE,--
14,2026-06-03 08:20:21,22.1875,0.00,0.000,0.000,OFF,--,IDLE,--
15,2026-06-03 08:20:22,22.1875,0.00,0.000,0.000,OFF,--,IDLE,--
16,2026-06-03 08:20:23,22.1875,0.00,0.000,0.000,OFF,--,IDLE,--
17,2026-06-03 08:20:24,22.1875,0.00,0.000,0.000,OFF,--,IDLE,--
18,2026-06-03 08:20:25,22.1875,0.00,0.000,0.000,OFF,--,IDLE,--
19,2026-06-03 08:20:26,22.1875,0.00,0.000,0.000,OFF,--,IDLE,--
20,2026-06-03 08:20:27,22.1875,0.00,0.000,0.000,OFF,--,IDLE,--
21,2026-06-03 08:20:28,22.1875,0.00,0.000,0.000,OFF,--,IDLE,--
22,2026-06-03 08:20:29,22.1875,0.00,0.000,0.000,OFF,--,IDLE,--
23,2026-06-03 08:20:30,22.1875,0.00,0.000,0.000,OFF,--,IDLE,--
24,2026-06-03 08:20:31,22.1875,0.00,0.000,0.000,OFF,--,IDLE,--
25,2026-06-03 08:20:32,22.1875,0.00,0.000,0.000,OFF,--,IDLE,--
26,2026-06-03 08:20:33,22.1875,0.00,0.000,0.000,OFF,--,IDLE,--
27,2026-06-03 08:20:34,22.1875,0.00,0.000,0.000,OFF,--,IDLE,--
28,2026-06-03 08:20:35,22.1875,0.00,0.000,0.000,OFF,--,IDLE,--
29,2026-06-03 08:20:37,22.1875,0.00,0.000,0.000,OFF,--,IDLE,--
30,2026-06-03 08:20:38,22.1625,0.00,0.000,0.000,OFF,--,IDLE,--
31,2026-06-03 08:20:39,22.1625,0.00,0.000,0.000,OFF,--,IDLE,--
32,2026-06-03 08:20:40,22.1875,0.00,0.000,0.000,OFF,--,IDLE,--
33,2026-06-03 08:20:41,22.1875,0.00,0.000,0.000,OFF,--,IDLE,--
34,2026-06-03 08:20:42,22.1875,0.00,0.000,0.000,OFF,--,IDLE,--
35,2026-06-03 08:20:43,22.1875,0.00,0.000,0.000,OFF,--,IDLE,--
36,2026-06-03 08:20:44,22.1875,0.00,0.000,0.000,OFF,--,IDLE,--
37,2026-06-03 08:20:45,22.1875,0.00,0.000,0.000,OFF,--,IDLE,--
38,2026-06-03 08:20:46,22.1875,0.00,0.000,0.000,OFF,--,IDLE,--
39,2026-06-03 08:20:47,22.1875,0.00,0.000,0.000,OFF,--,IDLE,--
40,2026-06-03 08:20:48,22.1875,0.00,0.000,0.000,OFF,--,IDLE,--
41,2026-06-03 08:20:49,22.1875,0.00,0.000,0.000,OFF,--,IDLE,--
42,2026-06-03 08:20:50,22.1875,0.00,0.000,0.000,OFF,--,IDLE,--
43,2026-06-03 08:20:51,22.1625,0.00,0.000,0.000,OFF,--,IDLE,--
44,2026-06-03 08:20:52,22.1625,0.00,0.000,0.000,OFF,--,IDLE,--
45,2026-06-03 08:20:53,22.1750,0.00,0.000,0.000,OFF,--,IDLE,--
46,2026-06-03 08:20:54,22.1750,0.00,0.000,0.000,OFF,--,IDLE,--
47,2026-06-03 08:20:55,22.1750,0.00,0.000,0.000,OFF,--,IDLE,--
48,2026-06-03 08:20:56,22.1750,0.00,0.000,0.000,OFF,--,IDLE,--
49,2026-06-03 08:20:57,22.1250,0.00,0.000,0.000,OFF,--,IDLE,--
50,2026-06-03 08:20:58,22.1250,0.00,0.000,0.000,OFF,--,IDLE,--
51,2026-06-03 08:20:59,22.1750,0.00,0.000,0.000,OFF,--,IDLE,--
52,2026-06-03 08:21:00,22.1750,0.00,0.000,0.000,OFF,--,IDLE,--
53,2026-06-03 08:21:01,22.1375,0.00,0.000,0.000,OFF,--,IDLE,--
54,2026-06-03 08:21:02,22.1375,0.00,0.000,0.000,OFF,--,IDLE,--
55,2026-06-03 08:21:03,22.1625,0.00,0.000,0.000,OFF,--,IDLE,--
56,2026-06-03 08:21:04,22.1625,0.00,0.000,0.000,OFF,--,IDLE,--
57,2026-06-03 08:21:05,22.1500,0.00,0.000,0.000,OFF,--,IDLE,--
58,2026-06-03 08:21:06,22.1500,0.00,0.000,0.000,OFF,--,IDLE,--
59,2026-06-03 08:21:07,22.1250,0.00,0.000,0.000,OFF,--,IDLE,--
60,2026-06-03 08:21:08,22.1250,0.00,0.000,0.000,OFF,--,IDLE,--
61,2026-06-03 08:21:09,22.1250,0.00,0.000,0.000,OFF,--,IDLE,--
62,2026-06-03 08:21:10,22.1250,0.00,0.000,0.000,OFF,--,IDLE,--
63,2026-06-03 08:21:11,22.1250,0.00,0.000,0.000,OFF,--,IDLE,--
64,2026-06-03 08:21:12,22.1250,0.00,0.000,0.000,OFF,--,IDLE,--
65,2026-06-03 08:21:13,22.1250,0.00,0.000,0.000,OFF,--,IDLE,--
66,2026-06-03 08:21:14,22.1250,0.00,0.000,0.000,OFF,--,IDLE,--
67,2026-06-03 08:21:15,22.1250,0.00,0.000,0.000,OFF,--,IDLE,--
68,2026-06-03 08:21:16,22.1250,0.00,0.000,0.000,OFF,--,IDLE,--
69,2026-06-03 08:21:17,22.1250,0.00,0.000,0.000,OFF,--,IDLE,--
70,2026-06-03 08:21:18,22.1250,0.00,0.000,0.000,OFF,--,IDLE,--
71,2026-06-03 08:21:19,22.1250,0.00,0.000,0.000,OFF,--,IDLE,--
72,2026-06-03 08:21:20,22.1250,0.00,0.000,0.000,OFF,--,IDLE,--
73,2026-06-03 08:21:21,22.1250,0.00,0.000,0.000,OFF,--,IDLE,--
74,2026-06-03 08:21:22,22.1250,0.00,0.000,0.000,OFF,--,IDLE,--
75,2026-06-03 08:21:23,22.1250,0.00,0.000,0.000,OFF,--,IDLE,--
76,2026-06-03 08:21:24,22.1250,0.00,0.000,0.000,OFF,--,IDLE,--
77,2026-06-03 08:21:25,22.1250,0.00,0.000,0.000,OFF,--,IDLE,--
78,2026-06-03 08:21:26,22.1250,0.00,0.000,0.000,OFF,--,IDLE,--
79,2026-06-03 08:21:27,22.1250,0.00,0.000,0.000,OFF,--,IDLE,--
80,2026-06-03 08:21:28,22.1250,0.00,0.000,0.000,OFF,--,IDLE,--
81,2026-06-03 08:21:29,22.1250,0.00,0.000,0.000,OFF,--,IDLE,--
82,2026-06-03 08:21:30,22.1250,0.00,0.000,0.000,OFF,--,IDLE,--
83,2026-06-03 08:21:31,22.1250,0.00,0.000,0.000,OFF,--,IDLE,--
84,2026-06-03 08:21:32,22.1250,0.00,0.000,0.000,OFF,--,IDLE,--
85,2026-06-03 08:21:33,22.1250,0.00,0.000,0.000,OFF,--,IDLE,--
86,2026-06-03 08:21:34,22.1250,0.00,0.000,0.000,OFF,--,IDLE,--
87,2026-06-03 08:21:35,22.1250,0.00,0.000,0.000,OFF,--,IDLE,--
88,2026-06-03 08:21:36,22.1250,0.00,0.000,0.000,OFF,--,IDLE,--
89,2026-06-03 08:21:37,22.1250,0.00,0.000,0.000,OFF,--,IDLE,--
90,2026-06-03 08:21:38,22.1250,0.00,0.000,0.000,OFF,--,IDLE,--
91,2026-06-03 08:21:39,22.1000,0.00,0.000,0.000,OFF,--,IDLE,--
92,2026-06-03 08:21:40,22.1000,0.00,0.000,0.000,OFF,--,IDLE,--
93,2026-06-03 08:21:41,22.1250,0.00,0.000,0.000,OFF,--,IDLE,--
94,2026-06-03 08:21:42,22.1250,0.00,0.000,0.000,OFF,--,IDLE,--
95,2026-06-03 08:21:43,22.1250,0.00,0.000,0.000,OFF,--,IDLE,--
96,2026-06-03 08:21:44,22.1250,0.00,0.000,0.000,OFF,--,IDLE,--
97,2026-06-03 08:21:45,22.1250,0.00,0.000,0.000,OFF,--,IDLE,--
98,2026-06-03 08:21:46,22.1250,0.00,0.000,0.000,OFF,--,IDLE,--
99,2026-06-03 08:21:47,22.1250,0.00,0.000,0.000,OFF,--,IDLE,--
100,2026-06-03 08:21:48,22.1250,0.00,0.000,0.000,OFF,--,IDLE,--
101,2026-06-03 08:21:49,22.1250,0.00,0.000,0.000,OFF,--,IDLE,--
102,2026-06-03 08:21:50,22.1250,0.00,0.000,0.000,OFF,--,IDLE,--
103,2026-06-03 08:21:51,22.1250,0.00,0.000,0.000,OFF,--,IDLE,--
104,2026-06-03 08:21:52,22.1250,0.00,0.000,0.000,OFF,--,IDLE,--
105,2026-06-03 08:21:53,22.1250,0.00,0.000,0.000,OFF,--,IDLE,--
106,2026-06-03 08:21:54,22.1250,0.00,0.000,0.000,OFF,--,IDLE,--
107,2026-06-03 08:21:55,22.1250,0.00,0.000,0.000,OFF,--,IDLE,--
108,2026-06-03 08:21:56,22.1250,0.00,0.000,0.000,OFF,--,IDLE,--
109,2026-06-03 08:21:57,22.1250,0.00,0.000,0.000,OFF,--,IDLE,--
110,2026-06-03 08:21:58,22.1250,0.00,0.000,0.000,OFF,--,IDLE,--
111,2026-06-03 08:21:59,22.1250,0.00,0.000,0.000,OFF,--,IDLE,--
112,2026-06-03 08:22:00,22.1250,0.00,0.000,0.000,OFF,--,IDLE,--
113,2026-06-03 08:22:01,22.1250,0.00,0.000,0.000,OFF,--,IDLE,--
114,2026-06-03 08:22:02,22.1000,0.00,0.000,0.000,OFF,--,IDLE,--
115,2026-06-03 08:22:03,22.1000,0.00,0.000,0.000,OFF,--,IDLE,--
116,2026-06-03 08:22:04,22.1250,0.00,0.000,0.000,OFF,--,IDLE,--
117,2026-06-03 08:22:05,22.1250,0.00,0.000,0.000,OFF,--,IDLE,--
118,2026-06-03 08:22:06,22.1250,0.00,0.000,0.000,OFF,--,IDLE,--
119,2026-06-03 08:22:07,22.1250,0.00,0.000,0.000,OFF,--,IDLE,--
120,2026-06-03 08:22:08,22.1250,0.00,0.000,0.000,OFF,--,IDLE,--
121,2026-06-03 08:22:09,22.1250,0.00,0.000,0.000,OFF,--,IDLE,--
122,2026-06-03 08:22:10,22.1250,0.00,0.000,0.000,OFF,--,IDLE,--
123,2026-06-03 08:22:11,22.1250,0.00,0.000,0.000,OFF,--,IDLE,--
124,2026-06-03 08:22:12,22.1000,0.00,0.000,0.000,OFF,--,IDLE,--
125,2026-06-03 08:22:13,22.1000,0.00,0.000,0.000,OFF,--,IDLE,--
126,2026-06-03 08:22:14,22.1250,0.00,0.000,0.000,A,#1,APPROACH,0.895A/A
127,2026-06-03 08:22:16,22.1250,0.00,0.000,0.000,A,#1,APPROACH,0.602A/A
128,2026-06-03 08:22:18,22.1250,0.00,0.000,0.000,A,#1,APPROACH,0.484A/A
129,2026-06-03 08:22:20,22.1250,0.00,0.000,0.000,A,#1,APPROACH,0.482A/A
130,2026-06-03 08:22:21,22.1125,5.81,0.482,0.000,A,#1,APPROACH,0.592A/A
131,2026-06-03 08:22:23,22.0625,5.81,0.482,3.167,A,#1,APPROACH,0.656A/A
132,2026-06-03 08:22:25,22.0625,5.81,0.482,3.167,A,#1,APPROACH,0.789A/A
133,2026-06-03 08:22:26,22.0625,5.81,0.482,3.167,A,#1,APPROACH,0.754A/A
134,2026-06-03 08:22:28,22.0125,6.51,0.482,3.167,A,#1,APPROACH,0.775A/A
135,2026-06-03 08:22:30,21.9625,6.51,0.775,5.394,A,#1,APPROACH,0.826A/A
136,2026-06-03 08:22:32,21.8875,6.51,0.775,5.394,A,#1,APPROACH,0.921A/A
137,2026-06-03 08:22:34,21.8625,6.51,0.775,5.394,A,#1,APPROACH,0.993A/A
138,2026-06-03 08:22:36,21.7875,8.37,0.775,5.394,A,#1,APPROACH,1.050A/A
139,2026-06-03 08:22:38,21.7125,8.37,1.050,9.492,A,#1,APPROACH,1.105A/A
140,2026-06-03 08:22:40,21.6125,8.37,1.050,9.492,A,#1,APPROACH,1.000A/A
141,2026-06-03 08:22:42,21.5625,8.37,1.050,9.492,A,#1,APPROACH,1.000A/A
142,2026-06-03 08:22:44,21.4625,8.51,1.050,9.492,A,#1,APPROACH,1.179A/A
143,2026-06-03 08:22:45,21.3625,8.51,1.179,11.624,A,#1,APPROACH,1.251A/A
144,2026-06-03 08:22:48,21.2625,8.51,1.179,11.624,A,#1,APPROACH,1.000A/A
145,2026-06-03 08:22:49,21.1500,8.51,1.179,11.624,A,#1,APPROACH,1.321A/A
146,2026-06-03 08:22:51,21.0500,10.75,1.179,11.624,A,#1,APPROACH,1.400A/A
147,2026-06-03 08:22:53,20.9250,10.75,1.357,16.044,A,#1,HOLDING,1.281A/A
148,2026-06-03 08:22:56,20.8000,10.75,1.357,16.044,A,#1,HOLDING,0.103A/A
149,2026-06-03 08:22:57,20.6750,10.75,1.357,16.044,OFF,#1,HOLDING,0.000A/OFF
150,2026-06-03 08:22:58,20.5500,10.75,1.357,16.044,OFF,#1,HOLDING,0.000A/OFF
151,2026-06-03 08:22:59,20.5500,12.00,0.000,16.044,A,#1,HOLDING,0.101A/A
152,2026-06-03 08:23:01,20.4000,12.00,0.000,0.259,A,#1,HOLDING,0.111A/A
153,2026-06-03 08:23:03,20.2750,12.00,0.000,0.259,OFF,#1,HOLDING,0.000A/OFF
154,2026-06-03 08:23:04,20.1375,12.00,0.000,0.259,OFF,#1,HOLDING,0.000A/OFF
155,2026-06-03 08:23:05,20.1375,12.00,0.000,0.259,OFF,#1,HOLDING,0.000A/OFF
156,2026-06-03 08:23:06,20.0125,12.00,0.000,0.259,OFF,#1,HOLDING,0.000A/OFF
157,2026-06-03 08:23:07,20.0125,12.00,0.000,0.259,OFF,#1,HOLDING,0.000A/OFF
158,2026-06-03 08:23:08,19.9500,12.00,0.000,0.259,OFF,#1,HOLDING,0.000A/OFF
159,2026-06-03 08:23:09,19.9500,12.00,0.000,0.000,OFF,#1,HOLDING,0.000A/OFF
160,2026-06-03 08:23:10,19.8500,12.00,0.000,0.000,OFF,#1,HOLDING,0.000A/OFF
161,2026-06-03 08:23:11,19.8500,12.00,0.000,0.000,OFF,#1,HOLDING,0.000A/OFF
162,2026-06-03 08:23:12,19.7750,12.00,0.000,0.000,OFF,#1,HOLDING,0.000A/OFF
163,2026-06-03 08:23:13,19.7750,12.00,0.000,0.000,OFF,#1,HOLDING,0.000A/OFF
164,2026-06-03 08:23:14,19.7000,12.00,0.000,0.000,OFF,#1,HOLDING,0.000A/OFF
165,2026-06-03 08:23:15,19.7000,12.00,0.000,0.000,OFF,#1,HOLDING,0.000A/OFF
166,2026-06-03 08:23:16,19.6875,12.00,0.000,0.000,OFF,#1,HOLDING,0.000A/OFF
167,2026-06-03 08:23:17,19.6375,12.00,0.000,0.000,OFF,#1,HOLDING,0.000A/OFF
168,2026-06-03 08:23:18,19.6375,12.00,0.000,0.000,OFF,#1,HOLDING,0.000A/OFF
169,2026-06-03 08:23:19,19.6375,12.00,0.000,0.000,OFF,#1,HOLDING,0.000A/OFF
170,2026-06-03 08:23:20,19.6125,12.00,0.000,0.000,OFF,#1,HOLDING,0.000A/OFF
171,2026-06-03 08:23:21,19.5875,12.00,0.000,0.000,OFF,#1,HOLDING,0.000A/OFF
172,2026-06-03 08:23:22,19.5875,12.00,0.000,0.000,OFF,#1,HOLDING,0.000A/OFF
173,2026-06-03 08:23:23,19.6250,12.00,0.000,0.000,OFF,#1,HOLDING,0.000A/OFF
174,2026-06-03 08:23:24,19.6250,12.00,0.000,0.000,OFF,#1,HOLDING,0.000A/OFF
175,2026-06-03 08:23:25,19.6000,12.00,0.000,0.000,OFF,#1,HOLDING,0.000A/OFF
176,2026-06-03 08:23:26,19.6000,12.00,0.000,0.000,OFF,#1,HOLDING,0.000A/OFF
177,2026-06-03 08:23:27,19.6250,12.00,0.000,0.000,OFF,#1,HOLDING,0.000A/OFF
178,2026-06-03 08:23:28,19.6250,12.00,0.000,0.000,OFF,#1,HOLDING,0.000A/OFF
179,2026-06-03 08:23:29,19.6250,12.00,0.000,0.000,OFF,#1,HOLDING,0.000A/OFF
180,2026-06-03 08:23:30,19.6250,12.00,0.000,0.000,OFF,#1,HOLDING,0.000A/OFF
181,2026-06-03 08:23:31,19.6375,12.00,0.000,0.000,OFF,#1,HOLDING,0.000A/OFF
182,2026-06-03 08:23:32,19.6375,12.00,0.000,0.000,OFF,#1,HOLDING,0.000A/OFF
183,2026-06-03 08:23:33,19.6875,12.00,0.000,0.000,OFF,#1,HOLDING,0.000A/OFF
184,2026-06-03 08:23:34,19.6875,12.00,0.000,0.000,OFF,#1,HOLDING,0.000A/OFF
185,2026-06-03 08:23:35,19.7000,12.00,0.000,0.000,OFF,#1,HOLDING,0.000A/OFF
186,2026-06-03 08:23:36,19.7000,12.00,0.000,0.000,OFF,#1,HOLDING,0.000A/OFF
187,2026-06-03 08:23:37,19.7250,12.00,0.000,0.000,OFF,#1,HOLDING,0.000A/OFF
188,2026-06-03 08:23:38,19.7250,12.00,0.000,0.000,OFF,#1,HOLDING,0.000A/OFF
189,2026-06-03 08:23:39,19.7500,12.00,0.000,0.000,OFF,#1,HOLDING,0.000A/OFF
190,2026-06-03 08:23:40,19.8000,12.00,0.000,0.000,OFF,#1,HOLDING,0.000A/OFF
191,2026-06-03 08:23:41,19.8000,12.00,0.000,0.000,OFF,#1,HOLDING,0.000A/OFF
192,2026-06-03 08:23:42,19.8375,12.00,0.000,0.000,OFF,#1,HOLDING,0.000A/OFF
193,2026-06-03 08:23:43,19.8375,12.00,0.000,0.000,OFF,#1,HOLDING,0.000A/OFF
194,2026-06-03 08:23:44,19.8625,12.00,0.000,0.000,OFF,#1,HOLDING,0.000A/OFF
195,2026-06-03 08:23:45,19.8625,12.00,0.000,0.000,B,#1,HOLDING,0.106A/B
196,2026-06-03 08:23:47,19.8875,12.00,0.000,0.079,B,#1,HOLDING,0.106A/B
197,2026-06-03 08:23:49,19.9875,12.00,0.000,0.079,B,#1,HOLDING,0.103A/B
198,2026-06-03 08:23:51,20.0125,12.00,0.000,0.079,OFF,#1,HOLDING,0.000A/OFF
199,2026-06-03 08:23:52,20.0625,12.00,0.000,0.079,OFF,#1,HOLDING,0.000A/OFF
200,2026-06-03 08:23:53,20.0625,12.00,0.000,0.079,OFF,#1,HOLDING,0.000A/OFF
201,2026-06-03 08:23:54,20.0750,12.00,0.000,0.079,OFF,#2,APPROACH,0.000A/OFF
202,2026-06-03 08:23:55,20.0750,12.00,0.000,0.000,B,#2,APPROACH,0.403A/B
203,2026-06-03 08:23:57,20.1250,12.00,0.000,0.000,B,#2,APPROACH,0.428A/B
204,2026-06-03 08:23:59,20.1875,12.00,0.000,0.000,B,#2,APPROACH,0.449A/B
205,2026-06-03 08:24:01,20.2125,12.00,0.000,0.000,B,#2,APPROACH,0.500A/B
206,2026-06-03 08:24:02,20.3125,6.69,0.500,0.000,B,#2,APPROACH,0.541A/B
207,2026-06-03 08:24:04,20.3375,6.69,0.500,2.526,B,#2,APPROACH,0.610A/B
208,2026-06-03 08:24:06,20.4500,6.69,0.500,2.526,B,#2,APPROACH,0.666A/B
209,2026-06-03 08:24:07,20.5250,6.69,0.500,2.526,B,#2,APPROACH,0.742A/B
210,2026-06-03 08:24:09,20.6375,6.19,0.500,2.526,B,#2,APPROACH,0.820A/B
211,2026-06-03 08:24:11,20.7625,6.19,0.798,5.756,B,#2,APPROACH,0.914A/B
212,2026-06-03 08:24:13,20.8625,6.19,0.798,5.756,B,#2,APPROACH,1.059A/B
213,2026-06-03 08:24:15,21.0125,6.19,0.798,5.756,B,#2,APPROACH,1.155A/B
214,2026-06-03 08:24:17,21.1625,9.22,0.798,5.756,B,#2,APPROACH,1.275A/B
215,2026-06-03 08:24:19,21.2875,9.22,1.251,13.183,B,#2,APPROACH,1.000A/B
216,2026-06-03 08:24:21,21.4250,9.22,1.251,13.183,B,#2,APPROACH,1.407A/B
217,2026-06-03 08:24:23,21.5750,9.22,1.251,13.183,B,#2,APPROACH,1.537A/B
218,2026-06-03 08:24:25,21.7375,12.00,1.251,13.183,B,#2,APPROACH,1.691A/B
219,2026-06-03 08:24:26,21.9375,12.00,1.494,17.700,B,#2,APPROACH,1.853A/B
220,2026-06-03 08:24:29,22.0875,12.00,1.494,17.700,B,#2,APPROACH,2.089A/B
221,2026-06-03 08:24:30,22.3125,12.00,1.494,17.700,B,#2,APPROACH,2.239A/B
222,2026-06-03 08:24:32,22.4875,12.00,1.494,17.700,B,#2,APPROACH,2.423A/B
223,2026-06-03 08:24:34,22.6875,12.00,1.445,17.136,B,#2,APPROACH,1.000A/B
224,2026-06-03 08:24:36,22.9250,12.00,1.445,17.136,B,#2,APPROACH,1.500A/B
225,2026-06-03 08:24:38,23.1500,12.00,1.445,17.136,B,#2,APPROACH,2.000A/B
226,2026-06-03 08:24:40,23.4000,12.00,1.445,17.136,B,#2,APPROACH,2.000A/B
227,2026-06-03 08:24:42,23.6250,12.00,1.415,16.800,B,#2,APPROACH,2.000A/B
228,2026-06-03 08:24:44,23.8750,12.00,1.415,16.800,B,#2,APPROACH,1.500A/B
229,2026-06-03 08:24:46,24.1250,12.00,1.415,16.800,B,#2,APPROACH,1.000A/B
230,2026-06-03 08:24:48,24.3500,9.24,1.415,16.800,B,#2,APPROACH,2.000A/B
231,2026-06-03 08:24:49,24.6500,9.24,1.192,16.512,B,#2,APPROACH,2.491A/B
232,2026-06-03 08:24:52,24.9000,9.24,1.192,16.512,B,#2,APPROACH,2.630A/B
233,2026-06-03 08:24:53,25.1750,9.24,1.192,16.512,B,#2,APPROACH,1.500A/B
234,2026-06-03 08:24:55,25.4000,12.00,1.192,16.512,B,#2,APPROACH,2.000A/B
235,2026-06-03 08:24:57,25.6750,12.00,1.371,16.248,B,#2,APPROACH,2.619A/B
236,2026-06-03 08:24:59,25.9250,12.00,1.371,16.248,B,#2,APPROACH,2.000A/B
237,2026-06-03 08:25:01,26.1500,12.00,1.371,16.248,B,#2,APPROACH,1.000A/B
238,2026-06-03 08:25:03,26.3750,9.44,1.371,16.248,B,#2,APPROACH,2.500A/B
239,2026-06-03 08:25:05,26.6500,9.44,1.180,16.140,B,#2,APPROACH,2.500A/B
240,2026-06-03 08:25:07,26.8750,9.44,1.180,16.140,B,#2,APPROACH,2.500A/B
241,2026-06-03 08:25:09,27.1500,9.44,1.180,16.140,B,#2,HOLDING,1.500A/B
242,2026-06-03 08:25:11,27.4000,9.44,1.180,16.140,OFF,#2,HOLDING,0.000A/OFF
243,2026-06-03 08:25:12,27.4000,12.00,1.180,16.140,OFF,#2,HOLDING,0.000A/OFF
244,2026-06-03 08:25:13,27.6500,12.00,0.678,16.140,OFF,#2,HOLDING,0.000A/OFF
245,2026-06-03 08:25:14,27.6500,12.00,0.678,0.000,OFF,#2,HOLDING,0.000A/OFF
246,2026-06-03 08:25:15,27.8750,12.00,0.678,0.000,OFF,#2,HOLDING,0.000A/OFF
247,2026-06-03 08:25:16,27.8750,12.00,0.678,0.000,OFF,#2,HOLDING,0.000A/OFF
248,2026-06-03 08:25:17,28.1500,12.00,0.678,0.000,OFF,#2,HOLDING,0.000A/OFF
249,2026-06-03 08:25:18,28.1500,12.00,0.678,0.000,OFF,#2,HOLDING,0.000A/OFF
250,2026-06-03 08:25:19,28.3750,12.00,0.000,0.000,OFF,#2,HOLDING,0.000A/OFF
251,2026-06-03 08:25:20,28.3750,12.00,0.000,0.000,OFF,#2,HOLDING,0.000A/OFF
252,2026-06-03 08:25:21,28.5750,12.00,0.000,0.000,OFF,#2,HOLDING,0.000A/OFF
253,2026-06-03 08:25:22,28.5750,12.00,0.000,0.000,OFF,#2,HOLDING,0.000A/OFF
254,2026-06-03 08:25:23,28.7500,12.00,0.000,0.000,OFF,#2,HOLDING,0.000A/OFF
255,2026-06-03 08:25:24,28.7500,12.00,0.000,0.000,OFF,#2,HOLDING,0.000A/OFF
256,2026-06-03 08:25:25,28.9500,12.00,0.000,0.000,A,#2,HOLDING,0.107A/A
257,2026-06-03 08:25:26,29.0500,12.00,0.000,0.000,A,#2,HOLDING,0.174A/A
258,2026-06-03 08:25:28,29.1750,12.00,0.000,0.000,A,#2,HOLDING,0.232A/A
259,2026-06-03 08:25:30,29.1750,12.00,0.000,0.000,A,#2,HOLDING,0.233A/A
260,2026-06-03 08:25:31,29.2625,1.18,0.000,0.000,A,#2,HOLDING,0.282A/A
261,2026-06-03 08:25:33,29.3375,1.18,0.282,0.479,A,#2,HOLDING,0.329A/A
262,2026-06-03 08:25:36,29.4375,1.18,0.282,0.479,A,#2,HOLDING,0.410A/A
263,2026-06-03 08:25:37,29.4375,1.18,0.282,0.479,A,#2,HOLDING,0.447A/A
264,2026-06-03 08:25:39,29.4750,3.15,0.282,0.479,A,#2,HOLDING,0.501A/A
265,2026-06-03 08:25:41,29.5000,3.15,0.501,1.878,A,#2,HOLDING,0.552A/A
266,2026-06-03 08:25:43,29.4500,3.15,0.501,1.878,A,#2,HOLDING,0.613A/A
267,2026-06-03 08:25:45,29.4500,3.15,0.501,1.878,A,#2,HOLDING,0.656A/A
268,2026-06-03 08:25:47,29.3750,5.05,0.501,1.878,A,#2,HOLDING,0.693A/A
269,2026-06-03 08:25:49,29.3250,5.05,0.672,3.846,A,#2,HOLDING,0.738A/A
270,2026-06-03 08:25:51,29.1750,5.05,0.672,3.846,A,#2,HOLDING,0.775A/A
271,2026-06-03 08:25:53,29.1750,5.05,0.672,3.846,A,#2,HOLDING,0.820A/A
272,2026-06-03 08:25:54,29.0500,6.58,0.672,3.846,A,#2,HOLDING,0.845A/A
273,2026-06-03 08:25:56,28.9000,6.58,0.832,5.906,A,#2,HOLDING,0.823A/A
274,2026-06-03 08:25:59,28.6500,6.58,0.832,5.906,A,#2,HOLDING,0.835A/A
275,2026-06-03 08:26:00,28.6500,6.58,0.832,5.906,A,#2,HOLDING,0.868A/A
276,2026-06-03 08:26:02,28.5250,7.23,0.832,5.906,A,#2,HOLDING,0.890A/A
277,2026-06-03 08:26:04,28.3750,7.23,0.890,6.701,A,#2,HOLDING,0.909A/A
278,2026-06-03 08:26:06,28.0875,7.23,0.890,6.701,A,#2,HOLDING,0.893A/A
279,2026-06-03 08:26:08,28.0875,7.23,0.890,6.701,A,#2,HOLDING,0.907A/A
280,2026-06-03 08:26:10,27.9500,7.68,0.890,6.701,A,#2,HOLDING,0.907A/A
281,2026-06-03 08:26:12,27.8000,7.68,0.907,7.101,A,#2,HOLDING,0.905A/A
282,2026-06-03 08:26:14,27.4625,7.68,0.907,7.101,A,#2,HOLDING,0.854A/A
283,2026-06-03 08:26:16,27.4625,7.68,0.907,7.101,A,#2,HOLDING,0.850A/A
284,2026-06-03 08:26:17,27.3250,7.32,0.907,7.101,A,#2,HOLDING,0.826A/A
285,2026-06-03 08:26:19,27.1250,7.32,0.826,6.054,A,#2,HOLDING,0.799A/A
286,2026-06-03 08:26:22,26.7500,7.32,0.826,6.054,A,#2,HOLDING,0.648A/A
287,2026-06-03 08:26:23,26.7500,7.32,0.826,6.054,A,#2,HOLDING,0.621A/A
288,2026-06-03 08:26:25,26.5750,5.73,0.826,6.054,A,#2,HOLDING,0.562A/A
289,2026-06-03 08:26:27,26.3750,5.73,0.562,3.023,A,#2,HOLDING,0.500A/A
290,2026-06-03 08:26:29,26.0000,5.73,0.562,3.023,A,#2,HOLDING,0.356A/A
291,2026-06-03 08:26:31,26.0000,5.73,0.562,3.023,A,#2,HOLDING,0.310A/A
292,2026-06-03 08:26:33,25.8250,3.36,0.562,3.023,A,#2,HOLDING,0.223A/A
293,2026-06-03 08:26:35,25.6500,3.36,0.264,0.590,A,#2,HOLDING,0.139A/A
294,2026-06-03 08:26:37,25.3125,3.36,0.264,0.590,OFF,#2,HOLDING,0.000A/OFF
295,2026-06-03 08:26:38,25.3125,3.36,0.264,0.590,OFF,#2,HOLDING,0.000A/OFF
296,2026-06-03 08:26:39,25.1375,3.36,0.264,0.590,B,#2,HOLDING,0.152A/B
297,2026-06-03 08:26:41,24.9875,7.62,0.152,0.590,B,#2,HOLDING,0.229A/B
298,2026-06-03 08:26:43,24.8250,7.62,0.152,0.384,B,#2,HOLDING,0.359A/B
299,2026-06-03 08:26:44,24.8250,7.62,0.152,0.384,B,#2,HOLDING,0.449A/B
300,2026-06-03 08:26:46,24.7250,7.62,0.152,0.384,B,#2,HOLDING,0.559A/B
301,2026-06-03 08:26:48,24.5875,4.34,0.152,0.384,B,#2,HOLDING,0.691A/B
302,2026-06-03 08:26:50,24.4875,4.34,0.691,3.883,B,#2,HOLDING,0.829A/B
303,2026-06-03 08:26:52,24.4000,4.34,0.691,3.883,B,#2,HOLDING,1.001A/B
304,2026-06-03 08:26:54,24.3250,4.34,0.691,3.883,B,#2,HOLDING,1.122A/B
305,2026-06-03 08:26:55,24.2750,8.85,0.691,3.883,B,#2,HOLDING,1.260A/B
306,2026-06-03 08:26:57,24.2500,8.85,1.260,12.688,B,#2,HOLDING,1.398A/B
307,2026-06-03 08:27:00,24.2375,8.85,1.260,12.688,B,#2,HOLDING,1.574A/B
308,2026-06-03 08:27:01,24.2375,8.85,1.260,12.688,B,#2,HOLDING,1.693A/B
309,2026-06-03 08:27:03,24.2500,12.00,1.260,12.688,B,#2,HOLDING,1.000A/B
310,2026-06-03 08:27:05,24.3000,12.00,1.262,8.510,B,#2,HOLDING,1.000A/B
311,2026-06-03 08:27:07,24.3500,12.00,1.262,8.510,B,#2,HOLDING,1.000A/B
312,2026-06-03 08:27:09,24.4500,12.00,1.262,8.510,B,#2,HOLDING,1.812A/B
313,2026-06-03 08:27:11,24.5500,12.00,1.262,8.510,B,#2,HOLDING,1.934A/B
314,2026-06-03 08:27:13,24.6750,12.00,1.477,17.508,B,#2,HOLDING,2.000A/B
315,2026-06-03 08:27:15,24.7875,12.00,1.477,17.508,B,#2,HOLDING,2.042A/B
316,2026-06-03 08:27:17,24.8875,12.00,1.477,17.508,B,#2,HOLDING,1.000A/B
317,2026-06-03 08:27:18,25.0500,8.92,1.477,17.508,B,#2,HOLDING,1.500A/B
318,2026-06-03 08:27:20,25.2000,8.92,1.423,17.052,B,#2,HOLDING,1.500A/B
319,2026-06-03 08:27:23,25.4125,8.92,1.423,17.052,B,#2,HOLDING,1.000A/B
320,2026-06-03 08:27:24,25.5625,8.92,1.423,17.052,B,#2,HOLDING,2.060A/B
321,2026-06-03 08:27:26,25.7375,12.00,1.423,17.052,B,#2,HOLDING,2.000A/B
322,2026-06-03 08:27:28,25.9375,12.00,1.402,16.644,B,#2,HOLDING,2.120A/B
323,2026-06-03 08:27:30,26.1250,12.00,1.402,16.644,B,#2,HOLDING,2.202A/B
324,2026-06-03 08:27:32,26.3500,12.00,1.402,16.644,B,#2,HOLDING,2.236A/B
325,2026-06-03 08:27:34,26.5500,12.00,1.402,16.644,B,#2,HOLDING,1.000A/B
326,2026-06-03 08:27:36,26.7500,12.00,1.011,9.470,B,#2,HOLDING,2.000A/B
327,2026-06-03 08:27:38,26.9500,12.00,1.011,9.470,B,#2,HOLDING,1.500A/B
328,2026-06-03 08:27:39,27.1250,12.00,1.011,9.470,B,#2,HOLDING,2.215A/B
329,2026-06-03 08:27:41,27.3625,12.00,1.011,9.470,B,#2,HOLDING,2.237A/B
330,2026-06-03 08:27:43,27.6125,12.00,1.360,16.128,B,#2,HOLDING,1.000A/B
331,2026-06-03 08:27:46,27.8000,12.00,1.360,16.128,B,#2,HOLDING,1.000A/B
332,2026-06-03 08:27:47,28.0250,12.00,1.360,16.128,B,#2,HOLDING,2.247A/B
333,2026-06-03 08:27:49,28.2500,12.00,1.360,16.128,B,#2,HOLDING,2.239A/B
334,2026-06-03 08:27:51,28.5000,12.00,1.344,15.960,B,#2,HOLDING,1.500A/B
335,2026-06-03 08:27:53,28.6750,12.00,1.344,15.960,B,#2,HOLDING,2.221A/B
336,2026-06-03 08:27:55,28.8750,12.00,1.344,15.960,B,#2,HOLDING,2.192A/B
337,2026-06-03 08:27:57,29.1250,12.00,1.344,15.960,B,#2,HOLDING,2.092A/B
338,2026-06-03 08:27:58,29.3750,12.00,1.326,15.768,B,#2,HOLDING,2.017A/B
339,2026-06-03 08:28:01,29.5625,12.00,1.326,15.768,B,#2,HOLDING,1.942A/B
340,2026-06-03 08:28:02,29.7875,12.00,1.326,15.768,B,#2,HOLDING,1.871A/B
341,2026-06-03 08:28:04,30.0000,12.00,1.326,15.768,B,#2,HOLDING,1.789A/B
342,2026-06-03 08:28:06,30.2500,12.00,1.317,15.636,B,#2,HOLDING,1.000A/B
343,2026-06-03 08:28:08,30.4375,12.00,1.317,15.636,B,#2,HOLDING,1.500A/B
344,2026-06-03 08:28:10,30.6625,12.00,1.317,15.636,B,#2,HOLDING,1.000A/B
345,2026-06-03 08:28:12,30.8625,9.79,1.317,15.636,B,#2,HOLDING,1.000A/B
346,2026-06-03 08:28:14,31.0875,9.79,1.000,9.900,B,#2,HOLDING,1.691A/B
347,2026-06-03 08:28:16,31.3000,9.79,1.000,9.900,B,#2,HOLDING,1.526A/B
348,2026-06-03 08:28:18,31.5000,9.79,1.000,9.900,B,#2,HOLDING,1.000A/B
349,2026-06-03 08:28:20,31.7125,9.80,1.000,9.900,B,#2,HOLDING,1.394A/B
350,2026-06-03 08:28:21,31.9375,9.80,1.153,15.576,B,#2,HOLDING,1.238A/B
351,2026-06-03 08:28:24,32.1125,9.80,1.153,15.576,B,#2,HOLDING,1.036A/B
352,2026-06-03 08:28:25,32.3125,9.80,1.153,15.576,B,#2,HOLDING,0.889A/B
353,2026-06-03 08:28:27,32.4875,9.01,1.153,15.576,B,#2,HOLDING,0.714A/B
354,2026-06-03 08:28:29,32.6875,9.01,0.800,5.554,B,#2,HOLDING,0.529A/B
355,2026-06-03 08:28:31,32.8375,9.01,0.800,5.554,B,#2,HOLDING,0.297A/B
356,2026-06-03 08:28:33,33.0125,9.01,0.800,5.554,B,#2,HOLDING,0.127A/B
357,2026-06-03 08:28:35,33.1250,9.01,0.800,5.554,OFF,#2,HOLDING,0.000A/OFF
358,2026-06-03 08:28:36,33.3250,2.86,0.127,5.554,OFF,#2,HOLDING,0.191A/A
359,2026-06-03 08:28:38,33.3250,2.86,0.127,0.000,A,#2,HOLDING,0.355A/A
360,2026-06-03 08:28:39,33.4250,2.86,0.127,0.000,A,#2,HOLDING,0.534A/A
361,2026-06-03 08:28:41,33.5750,2.86,0.127,0.000,A,#2,HOLDING,0.711A/A
362,2026-06-03 08:28:43,33.6750,4.80,0.127,0.000,A,#2,HOLDING,0.932A/A
363,2026-06-03 08:28:44,33.7750,4.80,0.819,6.374,A,#2,HOLDING,1.000A/A
364,2026-06-03 08:28:47,33.8250,4.80,0.819,6.374,A,#2,HOLDING,1.000A/A
365,2026-06-03 08:28:48,33.8500,4.80,0.819,6.374,A,#2,HOLDING,1.149A/A
366,2026-06-03 08:28:50,33.8625,8.47,0.819,6.374,A,#2,HOLDING,1.000A/A
367,2026-06-03 08:28:52,33.8125,8.47,1.022,7.720,A,#2,HOLDING,1.353A/A
368,2026-06-03 08:28:54,33.7375,8.47,1.022,7.720,A,#2,HOLDING,1.619A/A
369,2026-06-03 08:28:56,33.6875,8.47,1.022,7.720,A,#2,HOLDING,1.000A/A
370,2026-06-03 08:28:58,33.5875,7.86,1.022,7.720,A,#2,HOLDING,1.500A/A
371,2026-06-03 08:29:00,33.4875,7.86,1.474,17.355,A,#2,HOLDING,1.782A/A
372,2026-06-03 08:29:02,33.3875,7.86,1.474,17.355,A,#2,HOLDING,1.000A/A
373,2026-06-03 08:29:04,33.2125,7.86,1.474,17.355,A,#2,HOLDING,2.019A/A
374,2026-06-03 08:29:06,33.0375,12.00,1.474,17.355,A,#2,HOLDING,2.195A/A
375,2026-06-03 08:29:07,32.8625,12.00,1.544,18.288,A,#2,HOLDING,2.364A/A
376,2026-06-03 08:29:10,32.6375,12.00,1.544,18.288,A,#2,HOLDING,2.000A/A
377,2026-06-03 08:29:11,32.4375,12.00,1.544,18.288,A,#2,HOLDING,1.500A/A
378,2026-06-03 08:29:13,32.1875,11.85,1.544,18.288,A,#2,HOLDING,2.500A/A
379,2026-06-03 08:29:15,31.9625,11.85,1.494,17.748,A,#2,HOLDING,1.500A/A
380,2026-06-03 08:29:17,31.7125,11.85,1.494,17.748,A,#2,HOLDING,1.500A/A
381,2026-06-03 08:29:19,31.4125,11.85,1.494,17.748,A,#2,HOLDING,1.500A/A
382,2026-06-03 08:29:21,31.1625,12.00,1.494,17.748,A,#2,HOLDING,1.500A/A
383,2026-06-03 08:29:23,30.8625,12.00,1.468,17.448,A,#2,HOLDING,1.500A/A
384,2026-06-03 08:29:25,30.5875,12.00,1.468,17.448,A,#2,HOLDING,2.000A/A
385,2026-06-03 08:29:27,30.2875,12.00,1.468,17.448,A,#2,HOLDING,2.384A/A
386,2026-06-03 08:29:29,29.9625,12.00,1.468,17.448,A,#2,HOLDING,2.439A/A
387,2026-06-03 08:29:30,29.6625,12.00,1.449,17.244,A,#2,HOLDING,1.000A/A
388,2026-06-03 08:29:33,29.3750,12.00,1.449,17.244,A,#2,HOLDING,1.000A/A
389,2026-06-03 08:29:34,29.0750,12.00,1.449,17.244,A,#2,HOLDING,2.463A/A
390,2026-06-03 08:29:36,28.8125,12.00,1.449,17.244,A,#2,HOLDING,2.445A/A
391,2026-06-03 08:29:38,28.4875,12.00,1.439,17.124,A,#3,APPROACH,2.455A/A
392,2026-06-03 08:29:40,28.2500,12.00,1.439,17.124,A,#3,APPROACH,0.524A/A
393,2026-06-03 08:29:43,27.9500,12.00,1.439,17.124,A,#3,APPROACH,0.509A/A
394,2026-06-03 08:29:45,27.6875,12.00,1.439,17.124,A,#3,APPROACH,0.515A/A
395,2026-06-03 08:29:47,27.4125,6.59,0.515,17.124,A,#3,APPROACH,0.521A/A
396,2026-06-03 08:29:49,26.8250,6.59,0.515,2.907,A,#3,APPROACH,0.496A/A
397,2026-06-03 08:29:50,26.8250,6.59,0.515,2.907,A,#3,APPROACH,0.530A/A
398,2026-06-03 08:29:52,26.6000,6.59,0.515,2.907,A,#3,APPROACH,0.545A/A
399,2026-06-03 08:29:54,26.3500,5.53,0.515,2.907,A,#3,APPROACH,0.583A/A
400,2026-06-03 08:29:56,26.0875,5.53,0.583,3.474,A,#3,APPROACH,0.600A/A
401,2026-06-03 08:29:58,25.8625,5.53,0.583,3.474,A,#3,APPROACH,0.656A/A
402,2026-06-03 08:30:00,25.6625,5.53,0.583,3.474,A,#3,APPROACH,0.693A/A
403,2026-06-03 08:30:01,25.4375,6.56,0.583,3.474,A,#3,APPROACH,0.743A/A
404,2026-06-03 08:30:03,25.2625,6.56,0.743,5.275,A,#3,APPROACH,0.801A/A
405,2026-06-03 08:30:06,25.0625,6.56,0.743,5.275,A,#3,APPROACH,0.892A/A
406,2026-06-03 08:30:07,24.8875,6.56,0.743,5.275,A,#3,APPROACH,0.955A/A
407,2026-06-03 08:30:09,24.6875,8.53,0.743,5.275,A,#3,APPROACH,1.032A/A
408,2026-06-03 08:30:11,24.5125,8.53,0.990,9.535,A,#3,APPROACH,1.117A/A
409,2026-06-03 08:30:13,24.3375,8.53,0.990,9.535,A,#3,APPROACH,1.247A/A
410,2026-06-03 08:30:15,24.2000,8.53,0.990,9.535,A,#3,APPROACH,1.339A/A
411,2026-06-03 08:30:17,24.0000,11.13,0.990,9.535,A,#3,APPROACH,1.449A/A
412,2026-06-03 08:30:19,23.8375,11.13,1.391,17.184,A,#3,APPROACH,1.000A/A
413,2026-06-03 08:30:21,23.6625,11.13,1.391,17.184,A,#3,APPROACH,1.000A/A
414,2026-06-03 08:30:22,23.5125,11.13,1.391,17.184,A,#3,APPROACH,1.553A/A
415,2026-06-03 08:30:24,23.3125,12.00,1.391,17.184,A,#3,APPROACH,1.693A/A
416,2026-06-03 08:30:26,23.1375,12.00,1.435,17.064,A,#3,APPROACH,1.500A/A
417,2026-06-03 08:30:29,22.9375,12.00,1.435,17.064,A,#3,APPROACH,1.829A/A
418,2026-06-03 08:30:30,22.7625,12.00,1.435,17.064,A,#3,APPROACH,1.970A/A
419,2026-06-03 08:30:32,22.5875,12.00,1.435,17.064,A,#3,APPROACH,2.000A/A
420,2026-06-03 08:30:34,22.4375,12.00,1.419,16.932,A,#3,APPROACH,2.125A/A
421,2026-06-03 08:30:36,22.2375,12.00,1.419,16.932,A,#3,APPROACH,2.318A/A
422,2026-06-03 08:30:38,22.0500,12.00,1.419,16.932,A,#3,APPROACH,1.000A/A
423,2026-06-03 08:30:40,21.8500,9.21,1.419,16.932,A,#3,APPROACH,1.000A/A
424,2026-06-03 08:30:41,21.7000,9.21,1.000,9.310,A,#3,APPROACH,2.419A/A
425,2026-06-03 08:30:44,21.5000,9.21,1.000,9.310,A,#3,APPROACH,2.576A/A
426,2026-06-03 08:30:45,21.3250,9.21,1.000,9.310,A,#3,APPROACH,1.500A/A
427,2026-06-03 08:30:47,21.1500,12.00,1.000,9.310,A,#3,APPROACH,2.000A/A
428,2026-06-03 08:30:49,21.0125,12.00,1.412,16.812,A,#3,APPROACH,2.000A/A
429,2026-06-03 08:30:52,20.8125,12.00,1.412,16.812,A,#3,APPROACH,2.500A/A
430,2026-06-03 08:30:53,20.6750,12.00,1.412,16.812,A,#3,APPROACH,2.610A/A
431,2026-06-03 08:30:55,20.5000,12.00,1.412,16.812,A,#3,APPROACH,1.500A/A
432,2026-06-03 08:30:57,20.3625,12.00,1.405,16.788,A,#3,APPROACH,1.500A/A
433,2026-06-03 08:30:59,20.1875,12.00,1.405,16.788,A,#3,APPROACH,1.000A/A
434,2026-06-03 08:31:01,20.0250,12.00,1.405,16.788,A,#3,APPROACH,1.000A/A
435,2026-06-03 08:31:03,19.9000,9.25,1.405,16.788,A,#3,APPROACH,2.667A/A
436,2026-06-03 08:31:04,19.7375,9.25,1.201,16.716,A,#3,APPROACH,1.000A/A
437,2026-06-03 08:31:07,19.5625,9.25,1.201,16.716,A,#3,APPROACH,1.000A/A
438,2026-06-03 08:31:08,19.4500,9.25,1.201,16.716,A,#3,APPROACH,1.500A/A
439,2026-06-03 08:31:10,19.3000,12.00,1.201,16.716,A,#3,APPROACH,2.500A/A
440,2026-06-03 08:31:12,19.1750,12.00,1.400,16.692,A,#3,APPROACH,1.500A/A
441,2026-06-03 08:31:14,19.0500,12.00,1.400,16.692,A,#3,APPROACH,2.500A/A
442,2026-06-03 08:31:16,18.9000,12.00,1.400,16.692,A,#3,HOLDING,1.500A/A
443,2026-06-03 08:31:18,18.7750,12.00,1.400,16.692,OFF,#3,HOLDING,0.000A/OFF
444,2026-06-03 08:31:19,18.7750,12.00,1.400,16.692,OFF,#3,HOLDING,0.000A/OFF
445,2026-06-03 08:31:20,18.6500,12.00,1.399,16.692,OFF,#3,HOLDING,0.000A/OFF
446,2026-06-03 08:31:21,18.6500,12.00,1.399,16.644,OFF,#3,HOLDING,0.000A/OFF
447,2026-06-03 08:31:22,18.5000,12.00,1.399,16.644,OFF,#3,HOLDING,0.000A/OFF
448,2026-06-03 08:31:23,18.5000,12.00,1.399,16.644,OFF,#3,HOLDING,0.000A/OFF
449,2026-06-03 08:31:24,18.3875,12.00,1.399,16.644,OFF,#3,HOLDING,0.000A/OFF
450,2026-06-03 08:31:25,18.2375,12.00,1.399,16.644,OFF,#3,HOLDING,0.000A/OFF
451,2026-06-03 08:31:26,18.2375,12.00,0.000,16.644,OFF,#3,HOLDING,0.000A/OFF
452,2026-06-03 08:31:27,18.1500,12.00,0.000,0.000,OFF,#3,HOLDING,0.000A/OFF
453,2026-06-03 08:31:28,18.1500,12.00,0.000,0.000,OFF,#3,HOLDING,0.000A/OFF
454,2026-06-03 08:31:29,18.0750,12.00,0.000,0.000,OFF,#3,HOLDING,0.000A/OFF
455,2026-06-03 08:31:30,18.0750,12.00,0.000,0.000,A,#3,HOLDING,0.105A/A
456,2026-06-03 08:31:32,18.0250,12.00,0.105,0.000,A,#3,HOLDING,0.102A/A
457,2026-06-03 08:31:34,18.0000,12.00,0.105,0.162,A,#3,HOLDING,0.112A/A
458,2026-06-03 08:31:35,17.9375,12.00,0.105,0.162,A,#3,HOLDING,0.103A/A
459,2026-06-03 08:31:37,17.9375,12.00,0.105,0.162,A,#3,HOLDING,0.105A/A
460,2026-06-03 08:31:39,17.9375,1.47,0.105,0.162,A,#3,HOLDING,0.105A/A
461,2026-06-03 08:31:41,17.9375,1.47,0.105,0.152,A,#3,HOLDING,0.109A/A
462,2026-06-03 08:31:43,17.9375,1.47,0.105,0.152,A,#3,HOLDING,0.107A/A
463,2026-06-03 08:31:45,17.9375,1.47,0.105,0.152,A,#3,HOLDING,0.105A/A
464,2026-06-03 08:31:47,17.9750,1.34,0.105,0.152,A,#3,HOLDING,0.107A/A
465,2026-06-03 08:31:48,18.0000,1.34,0.107,0.144,A,#3,HOLDING,0.109A/A
466,2026-06-03 08:31:51,18.0375,1.34,0.107,0.144,A,#3,HOLDING,0.114A/A
467,2026-06-03 08:31:52,18.0875,1.34,0.107,0.144,A,#3,HOLDING,0.118A/A
468,2026-06-03 08:31:54,18.1250,1.35,0.107,0.144,A,#3,HOLDING,0.124A/A
469,2026-06-03 08:31:56,18.1500,1.35,0.124,0.173,A,#3,HOLDING,0.129A/A
470,2026-06-03 08:31:58,18.2000,1.35,0.124,0.173,A,#3,HOLDING,0.137A/A
471,2026-06-03 08:32:00,18.2500,1.35,0.124,0.173,A,#3,HOLDING,0.147A/A
472,2026-06-03 08:32:02,18.3125,1.51,0.124,0.173,A,#3,HOLDING,0.162A/A
473,2026-06-03 08:32:04,18.3625,1.51,0.162,0.268,A,#3,HOLDING,0.176A/A
474,2026-06-03 08:32:06,18.3875,1.51,0.162,0.268,A,#3,HOLDING,0.191A/A
475,2026-06-03 08:32:08,18.4625,1.51,0.162,0.268,A,#3,HOLDING,0.208A/A
476,2026-06-03 08:32:10,18.5125,1.97,0.162,0.268,A,#3,HOLDING,0.227A/A
477,2026-06-03 08:32:11,18.5625,1.97,0.227,0.490,A,#3,HOLDING,0.251A/A
478,2026-06-03 08:32:14,18.6000,1.97,0.227,0.490,A,#3,HOLDING,0.274A/A
479,2026-06-03 08:32:15,18.6750,1.97,0.227,0.490,A,#3,HOLDING,0.299A/A
480,2026-06-03 08:32:17,18.7000,2.71,0.227,0.490,A,#4,APPROACH,0.323A/A
481,2026-06-03 08:32:19,18.7500,2.71,0.309,0.000,B,#4,APPROACH,0.374A/B
482,2026-06-03 08:32:22,18.7875,2.71,0.309,0.000,B,#4,APPROACH,0.414A/B
483,2026-06-03 08:32:24,18.8375,2.71,0.309,0.000,B,#4,APPROACH,0.461A/B
484,2026-06-03 08:32:25,18.8750,2.71,0.309,0.000,B,#4,APPROACH,0.504A/B
485,2026-06-03 08:32:27,18.9250,4.17,0.309,0.000,B,#4,APPROACH,0.556A/B
486,2026-06-03 08:32:29,18.9750,4.17,0.529,2.613,B,#4,APPROACH,0.628A/B
487,2026-06-03 08:32:31,19.0500,4.17,0.529,2.613,B,#4,APPROACH,0.741A/B
488,2026-06-03 08:32:33,19.1250,4.17,0.529,2.613,B,#4,APPROACH,0.822A/B
489,2026-06-03 08:32:35,19.2250,6.77,0.529,2.613,B,#4,APPROACH,0.925A/B
490,2026-06-03 08:32:36,19.3500,6.77,0.886,7.113,B,#4,APPROACH,1.035A/B
491,2026-06-03 08:32:39,19.4500,6.77,0.886,7.113,B,#4,APPROACH,1.000A/B
492,2026-06-03 08:32:40,19.5875,6.77,0.886,7.113,B,#4,APPROACH,1.192A/B
493,2026-06-03 08:32:42,19.7125,9.51,0.886,7.113,B,#4,APPROACH,1.000A/B
494,2026-06-03 08:32:44,19.8625,9.51,1.011,8.380,B,#4,APPROACH,1.322A/B
495,2026-06-03 08:32:46,20.0375,9.51,1.011,8.380,B,#4,APPROACH,1.529A/B
496,2026-06-03 08:32:48,20.1750,9.51,1.011,8.380,B,#4,APPROACH,1.670A/B
497,2026-06-03 08:32:50,20.3500,12.00,1.011,8.380,B,#4,APPROACH,1.844A/B
498,2026-06-03 08:32:52,20.3500,12.00,1.511,17.904,B,#4,APPROACH,2.044A/B
499,2026-06-03 08:32:54,20.7500,12.00,1.511,17.904,B,#4,APPROACH,2.000A/B
500,2026-06-03 08:32:56,20.9375,12.00,1.511,17.904,B,#4,APPROACH,2.253A/B
501,2026-06-03 08:32:58,21.1875,12.00,1.511,17.904,B,#4,APPROACH,2.409A/B
502,2026-06-03 08:32:59,21.1875,12.00,1.463,17.316,B,#4,APPROACH,2.500A/B
503,2026-06-03 08:33:02,21.6250,12.00,1.463,17.316,B,#4,APPROACH,1.500A/B
504,2026-06-03 08:33:03,21.9000,12.00,1.463,17.316,B,#4,APPROACH,1.000A/B
505,2026-06-03 08:33:05,22.1500,9.02,1.463,17.316,B,#4,APPROACH,1.000A/B
506,2026-06-03 08:33:07,22.1500,9.02,1.000,9.160,B,#4,APPROACH,2.548A/B
507,2026-06-03 08:33:09,22.6750,9.02,1.000,9.160,B,#4,APPROACH,2.000A/B
508,2026-06-03 08:33:11,22.6750,9.02,1.000,9.160,B,#4,APPROACH,2.685A/B
509,2026-06-03 08:33:13,23.2125,12.00,1.000,9.160,B,#4,APPROACH,1.000A/B
510,2026-06-03 08:33:15,23.2125,12.00,1.205,9.250,B,#4,APPROACH,1.000A/B
511,2026-06-03 08:33:17,23.7250,12.00,1.205,9.250,B,#4,APPROACH,1.000A/B
512,2026-06-03 08:33:19,23.7250,12.00,1.205,9.250,B,#4,APPROACH,2.000A/B
513,2026-06-03 08:33:21,24.2750,12.00,1.205,9.250,B,#4,APPROACH,1.500A/B
514,2026-06-03 08:33:22,24.2750,12.00,1.392,16.572,B,#4,APPROACH,2.667A/B
515,2026-06-03 08:33:25,24.8000,12.00,1.392,16.572,B,#4,APPROACH,1.000A/B
516,2026-06-03 08:33:26,24.8000,12.00,1.392,16.572,B,#4,APPROACH,2.000A/B
517,2026-06-03 08:33:28,25.0250,12.00,1.392,16.572,B,#4,HOLDING,2.632A/B
518,2026-06-03 08:33:30,25.3000,12.00,1.370,16.572,OFF,#4,HOLDING,0.000A/OFF
519,2026-06-03 08:33:31,25.5875,12.00,1.370,16.260,OFF,#4,HOLDING,0.000A/OFF
520,2026-06-03 08:33:32,25.5875,12.00,1.370,16.260,OFF,#4,HOLDING,0.000A/OFF
521,2026-06-03 08:33:33,25.8375,12.00,1.370,16.260,OFF,#4,HOLDING,0.000A/OFF
522,2026-06-03 08:33:34,25.8375,12.00,1.370,16.260,OFF,#4,HOLDING,0.000A/OFF
523,2026-06-03 08:33:35,26.0875,12.00,1.370,16.260,OFF,#4,HOLDING,0.000A/OFF
524,2026-06-03 08:33:36,26.3625,12.00,1.370,16.260,OFF,#4,HOLDING,0.000A/OFF
525,2026-06-03 08:33:37,26.3625,12.00,0.000,16.260,OFF,#4,HOLDING,0.000A/OFF
526,2026-06-03 08:33:38,26.5875,12.00,0.000,0.000,OFF,#4,HOLDING,0.000A/OFF
527,2026-06-03 08:33:39,26.5875,12.00,0.000,0.000,OFF,#4,HOLDING,0.000A/OFF
528,2026-06-03 08:33:40,26.8625,12.00,0.000,0.000,OFF,#4,HOLDING,0.000A/OFF
529,2026-06-03 08:33:41,26.8625,12.00,0.000,0.000,OFF,#4,HOLDING,0.000A/OFF
530,2026-06-03 08:33:42,27.0750,12.00,0.000,0.000,A,#4,HOLDING,0.190A/A
531,2026-06-03 08:33:44,27.2500,12.00,0.190,0.169,A,#4,HOLDING,0.209A/A
532,2026-06-03 08:33:46,27.4250,12.00,0.190,0.169,A,#4,HOLDING,0.300A/A
533,2026-06-03 08:33:48,27.5750,12.00,0.190,0.169,A,#4,HOLDING,0.336A/A
534,2026-06-03 08:33:49,27.7000,2.19,0.190,0.169,A,#4,HOLDING,0.397A/A
535,2026-06-03 08:33:51,27.7750,2.19,0.364,1.131,A,#4,HOLDING,0.460A/A
536,2026-06-03 08:33:54,27.8750,2.19,0.364,1.131,A,#4,HOLDING,0.544A/A
537,2026-06-03 08:33:55,27.9250,2.19,0.364,1.131,A,#4,HOLDING,0.601A/A
538,2026-06-03 08:33:57,27.9250,4.58,0.364,1.131,A,#4,HOLDING,0.664A/A
539,2026-06-03 08:33:59,27.9375,4.58,0.634,3.492,A,#4,HOLDING,0.730A/A
540,2026-06-03 08:34:01,27.9625,4.58,0.634,3.492,A,#4,HOLDING,0.820A/A
541,2026-06-03 08:34:03,27.9375,4.58,0.634,3.492,A,#4,HOLDING,0.877A/A
542,2026-06-03 08:34:05,27.9375,6.89,0.634,3.492,A,#4,HOLDING,0.947A/A
543,2026-06-03 08:34:07,27.9125,6.89,0.947,7.254,A,#4,HOLDING,1.012A/A
544,2026-06-03 08:34:09,27.8125,6.89,0.947,7.254,A,#4,HOLDING,1.087A/A
545,2026-06-03 08:34:11,27.7625,6.89,0.947,7.254,A,#4,HOLDING,1.134A/A
546,2026-06-03 08:34:12,27.7625,8.99,0.947,7.254,A,#4,HOLDING,1.203A/A
547,2026-06-03 08:34:14,27.6750,8.99,1.203,11.681,A,#4,HOLDING,1.259A/A
548,2026-06-03 08:34:17,27.4875,8.99,1.203,11.681,A,#4,HOLDING,1.312A/A
549,2026-06-03 08:34:18,27.3625,8.99,1.203,11.681,A,#4,HOLDING,1.335A/A
550,2026-06-03 08:34:20,27.3625,10.62,1.203,11.681,A,#4,HOLDING,1.394A/A
551,2026-06-03 08:34:22,27.2625,10.62,1.362,15.668,A,#4,HOLDING,1.440A/A
552,2026-06-03 08:34:24,26.9500,10.62,1.362,15.668,A,#4,HOLDING,1.413A/A
553,2026-06-03 08:34:26,26.8000,10.62,1.362,15.668,A,#4,HOLDING,1.422A/A
554,2026-06-03 08:34:28,26.8000,11.43,1.362,15.668,A,#4,HOLDING,1.461A/A
555,2026-06-03 08:34:30,26.6375,11.43,1.444,17.429,A,#4,HOLDING,1.493A/A
556,2026-06-03 08:34:32,26.2250,11.43,1.444,17.429,A,#4,HOLDING,1.490A/A
557,2026-06-03 08:34:34,26.2250,11.43,1.444,17.429,A,#4,HOLDING,1.497A/A
558,2026-06-03 08:34:35,26.0000,12.00,1.444,17.429,A,#4,HOLDING,1.000A/A
559,2026-06-03 08:34:37,25.8500,12.00,1.069,8.910,A,#4,HOLDING,1.507A/A
560,2026-06-03 08:34:40,25.4125,12.00,1.069,8.910,A,#4,HOLDING,1.446A/A
561,2026-06-03 08:34:41,25.4125,12.00,1.069,8.910,A,#4,HOLDING,1.448A/A
562,2026-06-03 08:34:43,25.1875,11.86,1.069,8.910,A,#4,HOLDING,1.410A/A
563,2026-06-03 08:34:45,24.9875,11.86,1.410,16.793,A,#4,HOLDING,1.000A/A
564,2026-06-03 08:34:47,24.5375,11.86,1.410,16.793,A,#4,HOLDING,1.275A/A
565,2026-06-03 08:34:49,24.5375,11.86,1.410,16.793,A,#4,HOLDING,1.251A/A
566,2026-06-03 08:34:51,24.3125,10.66,1.410,16.793,A,#4,HOLDING,1.000A/A
567,2026-06-03 08:34:53,24.1375,10.66,1.000,9.070,A,#4,HOLDING,1.182A/A
568,2026-06-03 08:34:55,23.7000,10.66,1.000,9.070,A,#4,HOLDING,1.013A/A
569,2026-06-03 08:34:56,23.7000,10.66,1.000,9.070,A,#4,HOLDING,0.964A/A
570,2026-06-03 08:34:58,23.5000,8.76,1.000,9.070,A,#4,HOLDING,0.858A/A
571,2026-06-03 08:35:00,23.3250,8.76,0.909,6.941,A,#4,HOLDING,0.769A/A
572,2026-06-03 08:35:03,22.8875,8.76,0.909,6.941,A,#4,HOLDING,0.617A/A
573,2026-06-03 08:35:04,22.8875,8.76,0.909,6.941,A,#4,HOLDING,0.525A/A
574,2026-06-03 08:35:06,22.7125,5.44,0.909,6.941,A,#4,HOLDING,0.394A/A
575,2026-06-03 08:35:08,22.5125,5.44,0.455,1.757,A,#4,HOLDING,0.260A/A
576,2026-06-03 08:35:10,22.2000,5.44,0.455,1.757,OFF,#4,HOLDING,0.000A/OFF
577,2026-06-03 08:35:11,22.2000,5.44,0.455,1.757,OFF,#4,HOLDING,0.000A/OFF
578,2026-06-03 08:35:12,22.0500,5.44,0.455,1.757,B,#4,HOLDING,0.105A/B
579,2026-06-03 08:35:14,21.9250,6.87,0.105,1.757,B,#4,HOLDING,0.267A/B
580,2026-06-03 08:35:16,21.8000,6.87,0.105,0.427,B,#4,HOLDING,0.433A/B
581,2026-06-03 08:35:18,21.8000,6.87,0.105,0.427,B,#4,HOLDING,0.558A/B
582,2026-06-03 08:35:19,21.6500,6.87,0.105,0.427,B,#4,HOLDING,0.706A/B
583,2026-06-03 08:35:21,21.5750,5.15,0.105,0.427,B,#4,HOLDING,0.874A/B
584,2026-06-03 08:35:23,21.5000,5.15,0.874,5.847,B,#4,HOLDING,1.046A/B
585,2026-06-03 08:35:25,21.4750,5.15,0.874,5.847,B,#4,HOLDING,1.259A/B
586,2026-06-03 08:35:27,21.4375,5.15,0.874,5.847,B,#4,HOLDING,1.408A/B
587,2026-06-03 08:35:29,21.4375,10.52,0.874,5.847,B,#4,HOLDING,1.000A/B
588,2026-06-03 08:35:31,21.4375,10.52,1.000,8.060,B,#4,HOLDING,1.000A/B
589,2026-06-03 08:35:33,21.4625,10.52,1.000,8.060,B,#4,HOLDING,1.570A/B
590,2026-06-03 08:35:35,21.5125,10.52,1.000,8.060,B,#4,HOLDING,1.706A/B
591,2026-06-03 08:35:36,21.5875,12.00,1.000,8.060,B,#4,HOLDING,1.868A/B
592,2026-06-03 08:35:38,21.7250,12.00,1.550,18.300,B,#4,HOLDING,1.000A/B
593,2026-06-03 08:35:41,21.8000,12.00,1.550,18.300,B,#4,HOLDING,2.002A/B
594,2026-06-03 08:35:42,21.9250,12.00,1.550,18.300,B,#4,HOLDING,1.500A/B
595,2026-06-03 08:35:44,22.1000,11.95,1.550,18.300,B,#4,HOLDING,2.115A/B
596,2026-06-03 08:35:46,22.2500,11.95,1.491,17.652,B,#4,HOLDING,1.000A/B
597,2026-06-03 08:35:48,22.4500,11.95,1.491,17.652,B,#4,HOLDING,1.500A/B
598,2026-06-03 08:35:50,22.6250,11.95,1.491,17.652,B,#4,HOLDING,1.500A/B
599,2026-06-03 08:35:52,22.8500,12.00,1.491,17.652,B,#4,HOLDING,2.208A/B
600,2026-06-03 08:35:54,23.0500,12.00,1.447,17.160,B,#4,HOLDING,1.000A/B
601,2026-06-03 08:35:56,23.2750,12.00,1.447,17.160,B,#4,HOLDING,1.500A/B
602,2026-06-03 08:35:58,23.5000,12.00,1.447,17.160,B,#4,HOLDING,1.500A/B
603,2026-06-03 08:35:59,23.7500,12.00,1.447,17.160,B,#4,HOLDING,2.216A/B
604,2026-06-03 08:36:01,24.0000,12.00,1.411,16.776,B,#4,HOLDING,2.269A/B
605,2026-06-03 08:36:04,24.2500,12.00,1.411,16.776,B,#4,HOLDING,2.000A/B
606,2026-06-03 08:36:05,24.4625,12.00,1.411,16.776,B,#4,HOLDING,1.500A/B
607,2026-06-03 08:36:07,24.7125,12.00,1.411,16.776,B,#4,HOLDING,2.000A/B
608,2026-06-03 08:36:09,24.9625,12.00,1.386,16.428,B,#4,HOLDING,1.500A/B
609,2026-06-03 08:36:11,25.2125,12.00,1.386,16.428,B,#4,HOLDING,2.000A/B
610,2026-06-03 08:36:13,25.4750,12.00,1.386,16.428,B,#4,HOLDING,2.261A/B
611,2026-06-03 08:36:15,25.7500,12.00,1.386,16.428,B,#4,HOLDING,1.000A/B
612,2026-06-03 08:36:17,26.0000,12.00,1.191,9.530,B,#4,HOLDING,1.000A/B
613,2026-06-03 08:36:19,26.2750,12.00,1.191,9.530,B,#4,HOLDING,1.500A/B
614,2026-06-03 08:36:21,26.5250,12.00,1.191,9.530,B,#4,HOLDING,2.269A/B
615,2026-06-03 08:36:22,26.7750,12.00,1.191,9.530,B,#4,HOLDING,1.500A/B
616,2026-06-03 08:36:24,27.0250,12.00,1.354,16.044,B,#4,HOLDING,1.500A/B
617,2026-06-03 08:36:27,27.3000,12.00,1.354,16.044,B,#4,HOLDING,2.000A/B
618,2026-06-03 08:36:28,27.5000,12.00,1.354,16.044,B,#4,HOLDING,2.166A/B
619,2026-06-03 08:36:30,27.8000,12.00,1.354,16.044,B,#4,HOLDING,1.500A/B
620,2026-06-03 08:36:32,28.0250,12.00,1.335,15.828,B,#4,HOLDING,1.000A/B
621,2026-06-03 08:36:34,28.3250,12.00,1.335,15.828,B,#4,HOLDING,2.047A/B
622,2026-06-03 08:36:36,28.5500,12.00,1.335,15.828,B,#4,HOLDING,1.000A/B
623,2026-06-03 08:36:38,28.8000,9.68,1.335,15.828,B,#4,HOLDING,1.940A/B
624,2026-06-03 08:36:40,29.0250,9.68,1.219,15.756,B,#4,HOLDING,1.875A/B
625,2026-06-03 08:36:42,29.2750,9.68,1.219,15.756,B,#4,HOLDING,1.709A/B
626,2026-06-03 08:36:44,29.5250,9.68,1.219,15.756,B,#4,HOLDING,1.584A/B
627,2026-06-03 08:36:45,29.7500,12.00,1.219,15.756,B,#4,HOLDING,1.433A/B
628,2026-06-03 08:36:47,29.9625,12.00,1.313,15.588,B,#4,HOLDING,1.275A/B
629,2026-06-03 08:36:50,30.1875,12.00,1.313,15.588,B,#4,HOLDING,1.070A/B
630,2026-06-03 08:36:51,30.4375,12.00,1.313,15.588,B,#4,HOLDING,0.914A/B
631,2026-06-03 08:36:53,30.6875,9.08,1.313,15.588,B,#4,HOLDING,0.725A/B
632,2026-06-03 08:36:55,30.9000,9.08,0.744,5.676,B,#4,HOLDING,0.532A/B
633,2026-06-03 08:36:57,31.1500,9.08,0.744,5.676,B,#4,HOLDING,0.278A/B
634,2026-06-03 08:36:59,31.3625,9.08,0.744,5.676,OFF,#4,HOLDING,0.000A/OFF
635,2026-06-03 08:37:00,31.5625,9.08,0.744,5.676,OFF,#4,HOLDING,0.000A/OFF
636,2026-06-03 08:37:01,31.5625,12.00,0.000,5.676,A,#4,HOLDING,0.138A/A
637,2026-06-03 08:37:03,31.7375,12.00,0.000,0.000,A,#4,HOLDING,0.366A/A
638,2026-06-03 08:37:04,31.9125,12.00,0.000,0.000,A,#4,HOLDING,0.554A/A
639,2026-06-03 08:37:06,32.0500,12.00,0.000,0.000,A,#4,HOLDING,0.759A/A
640,2026-06-03 08:37:08,32.2000,5.08,0.000,0.000,A,#4,HOLDING,0.997A/A
641,2026-06-03 08:37:10,32.3250,5.08,0.979,7.198,A,#4,HOLDING,1.000A/A
642,2026-06-03 08:37:12,32.4000,5.08,0.979,7.198,A,#4,HOLDING,1.234A/A
643,2026-06-03 08:37:14,32.4750,5.08,0.979,7.198,A,#4,HOLDING,1.444A/A
644,2026-06-03 08:37:15,32.5250,10.45,0.979,7.198,A,#4,HOLDING,1.000A/A
645,2026-06-03 08:37:17,32.5375,10.45,1.223,7.760,A,#4,HOLDING,1.685A/A
646,2026-06-03 08:37:20,32.5375,10.45,1.223,7.760,A,#4,HOLDING,1.000A/A
647,2026-06-03 08:37:21,32.5250,10.45,1.223,7.760,A,#4,HOLDING,1.985A/A
648,2026-06-03 08:37:23,32.4500,12.00,1.223,7.760,A,#4,HOLDING,1.500A/A
649,2026-06-03 08:37:25,32.3625,12.00,1.542,17.370,A,#4,HOLDING,1.000A/A
650,2026-06-03 08:37:27,32.2375,12.00,1.542,17.370,A,#4,HOLDING,1.500A/A
651,2026-06-03 08:37:29,32.1375,12.00,1.542,17.370,A,#4,HOLDING,2.193A/A
652,2026-06-03 08:37:31,31.9625,12.00,1.542,17.370,A,#4,HOLDING,1.000A/A
653,2026-06-03 08:37:33,31.7625,12.00,1.080,8.380,A,#4,HOLDING,2.392A/A
654,2026-06-03 08:37:35,31.5875,12.00,1.080,8.380,A,#4,HOLDING,1.000A/A
655,2026-06-03 08:37:37,31.3875,12.00,1.080,8.380,A,#4,HOLDING,2.638A/A
656,2026-06-03 08:37:38,31.1875,12.00,1.080,8.380,A,#4,HOLDING,2.000A/A
657,2026-06-03 08:37:40,30.9500,12.00,1.505,17.844,A,#4,HOLDING,1.000A/A
658,2026-06-03 08:37:43,30.7500,12.00,1.505,17.844,A,#4,HOLDING,1.000A/A
659,2026-06-03 08:37:44,30.5125,12.00,1.505,17.844,A,#4,HOLDING,2.500A/A
660,2026-06-03 08:37:46,30.3125,12.00,1.505,17.844,A,#4,HOLDING,1.500A/A
661,2026-06-03 08:37:48,30.0375,12.00,1.478,17.592,A,#4,HOLDING,1.500A/A
662,2026-06-03 08:37:50,29.7875,12.00,1.478,17.592,A,#4,HOLDING,2.000A/A
663,2026-06-03 08:37:52,29.5375,12.00,1.478,17.592,A,#4,HOLDING,2.730A/A
664,2026-06-03 08:37:54,29.2875,12.00,1.478,17.592,A,#4,HOLDING,1.000A/A
665,2026-06-03 08:37:56,29.0000,12.00,1.229,8.910,A,#4,HOLDING,1.500A/A
666,2026-06-03 08:37:58,28.7000,12.00,1.229,8.910,A,#4,HOLDING,2.500A/A
667,2026-06-03 08:37:59,28.4625,12.00,1.229,8.910,A,#4,HOLDING,2.000A/A
668,2026-06-03 08:38:01,28.2125,12.00,1.229,8.910,A,#4,HOLDING,2.000A/A
669,2026-06-03 08:38:03,27.9375,12.00,1.444,17.184,A,#4,HOLDING,2.718A/A
670,2026-06-03 08:38:06,27.6625,12.00,1.444,17.184,A,#4,HOLDING,2.792A/A
671,2026-06-03 08:38:07,27.4125,12.00,1.444,17.184,A,#4,HOLDING,1.500A/A
672,2026-06-03 08:38:09,27.1375,12.00,1.444,17.184,A,#4,HOLDING,1.000A/A
673,2026-06-03 08:38:11,26.8750,12.00,1.221,9.070,A,#4,HOLDING,2.500A/A
674,2026-06-03 08:38:13,26.5750,12.00,1.221,9.070,A,#4,HOLDING,2.751A/A
675,2026-06-03 08:38:15,26.3375,12.00,1.221,9.070,A,#4,HOLDING,2.762A/A
676,2026-06-03 08:38:17,26.0375,12.00,1.221,9.070,A,#4,HOLDING,2.761A/A
677,2026-06-03 08:38:18,25.8125,12.00,1.425,16.920,A,#4,HOLDING,2.751A/A
678,2026-06-03 08:38:21,25.5625,12.00,1.425,16.920,A,#4,HOLDING,2.000A/A
679,2026-06-03 08:38:22,25.3125,12.00,1.425,16.920,A,#5,APPROACH,2.000A/A
680,2026-06-03 08:38:24,25.0375,7.39,1.425,16.920,A,#5,APPROACH,0.157A/A
681,2026-06-03 08:38:26,24.8125,7.39,0.000,16.920,A,#5,APPROACH,0.129A/A
682,2026-06-03 08:38:29,24.5625,7.39,0.000,0.000,A,#5,APPROACH,0.129A/A
683,2026-06-03 08:38:31,24.3750,7.39,0.000,0.000,A,#5,APPROACH,0.138A/A
684,2026-06-03 08:38:32,24.1750,7.39,0.000,0.000,A,#5,APPROACH,0.150A/A
685,2026-06-03 08:38:34,24.0125,2.26,0.000,0.000,A,#5,APPROACH,0.198A/A
686,2026-06-03 08:38:36,23.8375,2.26,0.172,0.532,A,#5,APPROACH,0.231A/A
687,2026-06-03 08:38:38,23.7000,2.26,0.172,0.532,A,#5,APPROACH,0.323A/A
688,2026-06-03 08:38:40,23.5250,2.26,0.172,0.532,A,#5,APPROACH,0.358A/A
689,2026-06-03 08:38:42,23.4000,3.86,0.172,0.532,A,#5,APPROACH,0.413A/A
690,2026-06-03 08:38:44,23.3000,3.86,0.385,1.825,A,#5,APPROACH,0.438A/A
691,2026-06-03 08:38:46,23.2000,3.86,0.385,1.825,A,#5,APPROACH,0.494A/A
692,2026-06-03 08:38:48,23.0750,3.86,0.385,1.825,A,#5,APPROACH,0.523A/A
693,2026-06-03 08:38:49,22.9875,5.16,0.385,1.825,A,#5,HOLDING,0.511A/A
694,2026-06-03 08:38:51,22.8875,5.16,0.511,1.825,OFF,#5,HOLDING,0.000A/OFF
695,2026-06-03 08:38:52,22.8875,5.16,0.511,2.595,OFF,#5,HOLDING,0.000A/OFF
696,2026-06-03 08:38:53,22.8000,5.16,0.511,2.595,OFF,#5,HOLDING,0.000A/OFF
697,2026-06-03 08:38:54,22.8000,5.16,0.511,2.595,OFF,#5,HOLDING,0.000A/OFF
698,2026-06-03 08:38:55,22.7000,5.16,0.511,2.595,OFF,#5,HOLDING,0.000A/OFF
699,2026-06-03 08:38:56,22.7000,12.00,0.511,2.595,A,#5,HOLDING,0.108A/A
700,2026-06-03 08:38:58,22.6375,12.00,0.000,0.149,A,#5,HOLDING,0.117A/A
701,2026-06-03 08:39:00,22.5375,12.00,0.000,0.149,A,#5,HOLDING,0.149A/A
702,2026-06-03 08:39:02,22.4875,12.00,0.000,0.149,A,#5,HOLDING,0.158A/A
703,2026-06-03 08:39:04,22.3875,1.75,0.000,0.149,A,#5,HOLDING,0.168A/A
704,2026-06-03 08:39:06,22.3375,1.75,0.168,0.312,A,#5,HOLDING,0.183A/A
705,2026-06-03 08:39:08,22.3125,1.75,0.168,0.312,A,#5,HOLDING,0.202A/A
706,2026-06-03 08:39:10,22.2500,1.75,0.168,0.312,A,#5,HOLDING,0.212A/A
707,2026-06-03 08:39:12,22.2250,2.18,0.168,0.312,A,#5,HOLDING,0.222A/A
708,2026-06-03 08:39:13,22.1875,2.18,0.222,0.512,A,#5,HOLDING,0.227A/A
709,2026-06-03 08:39:16,22.1375,2.18,0.222,0.512,A,#5,HOLDING,0.237A/A
710,2026-06-03 08:39:17,22.0875,2.18,0.222,0.512,A,#5,HOLDING,0.237A/A
711,2026-06-03 08:39:19,22.0625,2.40,0.222,0.512,A,#5,HOLDING,0.240A/A
712,2026-06-03 08:39:21,22.0000,2.40,0.240,0.590,A,#5,HOLDING,0.238A/A
713,2026-06-03 08:39:23,22.0000,2.40,0.240,0.590,A,#5,HOLDING,0.243A/A
714,2026-06-03 08:39:25,21.9625,2.40,0.240,0.590,A,#5,HOLDING,0.240A/A
715,2026-06-03 08:39:27,21.9375,2.40,0.240,0.590,A,#5,HOLDING,0.241A/A
716,2026-06-03 08:39:29,21.8750,2.40,0.241,0.595,A,#5,HOLDING,0.231A/A
717,2026-06-03 08:39:31,21.8750,2.40,0.241,0.595,A,#5,HOLDING,0.229A/A
718,2026-06-03 08:39:33,21.8125,2.40,0.241,0.595,A,#5,HOLDING,0.219A/A
719,2026-06-03 08:39:34,21.7875,2.23,0.241,0.595,A,#5,HOLDING,0.214A/A
720,2026-06-03 08:39:36,21.7500,2.23,0.214,0.477,A,#5,HOLDING,0.202A/A
721,2026-06-03 08:39:39,21.7250,2.23,0.214,0.477,A,#5,HOLDING,0.193A/A
722,2026-06-03 08:39:40,21.7125,2.23,0.214,0.477,A,#5,HOLDING,0.185A/A
723,2026-06-03 08:39:42,21.6875,1.94,0.214,0.477,A,#5,HOLDING,0.175A/A
724,2026-06-03 08:39:44,21.6875,1.94,0.175,0.329,A,#5,HOLDING,0.165A/A
725,2026-06-03 08:39:46,21.6375,1.94,0.175,0.329,A,#5,HOLDING,0.146A/A
726,2026-06-03 08:39:48,21.6250,1.94,0.175,0.329,A,#5,HOLDING,0.135A/A
727,2026-06-03 08:39:50,21.6000,1.48,0.175,0.329,OFF,--,DONE,0.118A/A
728,2026-06-03 08:39:52,21.5625,1.48,0.118,0.329,OFF,--,DONE,--
729,2026-06-03 08:39:53,21.5375,1.48,0.118,0.329,OFF,--,DONE,--
730,2026-06-03 08:39:54,21.5375,1.48,0.118,0.000,OFF,--,DONE,--
731,2026-06-03 08:39:55,21.5000,0.50,0.118,0.000,OFF,--,DONE,--
732,2026-06-03 08:39:56,21.5000,0.50,0.000,0.000,OFF,--,DONE,--
733,2026-06-03 08:39:57,21.5000,0.50,0.000,0.000,OFF,--,DONE,--
734,2026-06-03 08:39:58,21.5000,0.50,0.000,0.000,OFF,--,DONE,--
735,2026-06-03 08:39:59,21.5000,0.13,0.000,0.000,OFF,--,DONE,--
736,2026-06-03 08:40:00,21.5000,0.13,0.000,0.000,OFF,--,DONE,--
737,2026-06-03 08:40:01,21.4750,0.13,0.000,0.000,OFF,--,DONE,--
738,2026-06-03 08:40:02,21.4750,0.00,0.000,0.000,OFF,--,DONE,--
739,2026-06-03 08:40:03,21.4500,0.00,0.000,0.000,OFF,--,DONE,--
740,2026-06-03 08:40:04,21.4500,0.00,0.000,0.000,OFF,--,DONE,--
741,2026-06-03 08:40:05,21.4500,0.00,0.000,0.000,OFF,--,DONE,--
742,2026-06-03 08:40:06,21.4500,0.00,0.000,0.000,OFF,--,DONE,--
743,2026-06-03 08:40:07,21.4625,0.00,0.000,0.000,OFF,--,DONE,--
744,2026-06-03 08:40:08,21.4625,0.00,0.000,0.000,OFF,--,DONE,--
745,2026-06-03 08:40:09,21.4375,0.00,0.000,0.000,OFF,--,DONE,--
746,2026-06-03 08:40:10,21.4375,0.00,0.000,0.000,OFF,--,DONE,--
747,2026-06-03 08:40:11,21.4875,0.00,0.000,0.000,OFF,--,DONE,--
748,2026-06-03 08:40:12,21.4875,0.00,0.000,0.000,OFF,--,DONE,--
749,2026-06-03 08:40:13,21.4625,0.00,0.000,0.000,OFF,--,DONE,--
750,2026-06-03 08:40:14,21.4625,0.00,0.000,0.000,OFF,--,DONE,--
751,2026-06-03 08:40:15,21.4750,0.00,0.000,0.000,OFF,--,DONE,--
752,2026-06-03 08:40:16,21.4750,0.00,0.000,0.000,OFF,--,DONE,--
753,2026-06-03 08:40:17,21.4750,0.00,0.000,0.000,OFF,--,DONE,--
754,2026-06-03 08:40:18,21.4750,0.00,0.000,0.000,OFF,--,DONE,--
755,2026-06-03 08:40:19,21.4750,0.00,0.000,0.000,OFF,--,DONE,--
756,2026-06-03 08:40:20,21.4750,0.00,0.000,0.000,OFF,--,DONE,--
757,2026-06-03 08:40:21,21.4750,0.00,0.000,0.000,OFF,--,DONE,--
758,2026-06-03 08:40:22,21.5000,0.00,0.000,0.000,OFF,--,DONE,--
759,2026-06-03 08:40:23,21.5000,0.00,0.000,0.000,OFF,--,DONE,--
760,2026-06-03 08:40:24,21.5000,0.00,0.000,0.000,OFF,--,DONE,--
761,2026-06-03 08:40:25,21.5000,0.00,0.000,0.000,OFF,--,DONE,--
762,2026-06-03 08:40:26,21.5000,0.00,0.000,0.000,OFF,--,DONE,--
763,2026-06-03 08:40:27,21.5000,0.00,0.000,0.000,A,#1,APPROACH,0.609A/A
764,2026-06-03 08:40:29,21.5000,0.00,0.000,0.000,A,#1,APPROACH,0.418A/A
765,2026-06-03 08:40:31,21.5125,0.00,0.000,0.000,A,#1,APPROACH,0.550A/A
766,2026-06-03 08:40:33,21.5625,8.64,0.550,0.000,A,#1,APPROACH,0.470A/A
767,2026-06-03 08:40:35,21.5625,8.64,0.550,2.119,A,#1,APPROACH,0.610A/A
768,2026-06-03 08:40:36,21.5625,8.64,0.550,2.119,A,#1,APPROACH,0.721A/A
769,2026-06-03 08:40:38,21.5625,8.64,0.550,2.119,A,#1,APPROACH,0.766A/A
770,2026-06-03 08:40:40,21.5125,6.74,0.550,2.119,A,#1,APPROACH,0.953A/A
771,2026-06-03 08:40:42,21.5000,6.74,0.953,7.833,A,#1,APPROACH,1.113A/A
772,2026-06-03 08:40:44,21.4750,6.74,0.953,7.833,A,#1,APPROACH,1.000A/A
773,2026-06-03 08:40:46,21.4375,6.74,0.953,7.833,A,#1,APPROACH,1.000A/A
774,2026-06-03 08:40:48,21.3625,8.47,0.953,7.833,A,#1,APPROACH,0.895A/A
775,2026-06-03 08:40:49,21.3000,8.47,0.943,7.025,A,#1,APPROACH,1.054A/A
776,2026-06-03 08:40:52,21.2500,8.47,0.943,7.025,A,#1,APPROACH,0.903A/A
777,2026-06-03 08:40:53,21.1750,8.47,0.943,7.025,A,#1,APPROACH,1.013A/A
778,2026-06-03 08:40:55,21.1000,8.67,0.943,7.025,A,#1,APPROACH,1.093A/A
779,2026-06-03 08:40:57,21.0250,8.67,1.060,10.241,A,#1,APPROACH,1.101A/A
780,2026-06-03 08:40:59,20.9250,8.67,1.060,10.241,A,#1,HOLDING,1.193A/A
781,2026-06-03 08:41:01,20.8375,8.67,1.060,10.241,A,#1,HOLDING,0.439A/A
782,2026-06-03 08:41:03,20.7375,4.37,1.060,10.241,A,#1,HOLDING,0.409A/A
783,2026-06-03 08:41:05,20.6375,4.37,0.409,1.730,A,#1,HOLDING,0.377A/A
784,2026-06-03 08:41:07,20.4875,4.37,0.409,1.730,A,#1,HOLDING,0.195A/A
785,2026-06-03 08:41:09,20.4250,4.37,0.409,1.730,A,#1,HOLDING,0.140A/A
786,2026-06-03 08:41:10,20.3000,1.89,0.409,1.730,A,#1,HOLDING,0.124A/A
787,2026-06-03 08:41:12,20.2125,1.89,0.124,0.215,A,#1,HOLDING,0.116A/A
788,2026-06-03 08:41:15,20.1375,1.89,0.124,0.215,A,#1,HOLDING,0.121A/A
789,2026-06-03 08:41:16,20.0875,1.89,0.124,0.215,A,#1,HOLDING,0.128A/A
790,2026-06-03 08:41:18,20.0375,1.67,0.124,0.215,A,#1,HOLDING,0.131A/A
791,2026-06-03 08:41:20,19.9750,1.67,0.131,0.222,A,#1,HOLDING,0.126A/A
792,2026-06-03 08:41:22,19.9500,1.67,0.131,0.222,A,#1,HOLDING,0.126A/A
793,2026-06-03 08:41:24,19.8875,1.67,0.131,0.222,A,#1,HOLDING,0.116A/A
794,2026-06-03 08:41:26,19.8875,1.47,0.131,0.222,A,#1,HOLDING,0.116A/A
795,2026-06-03 08:41:28,19.8125,1.47,0.116,0.222,OFF,#1,HOLDING,0.000A/OFF
796,2026-06-03 08:41:29,19.8125,1.47,0.116,0.170,OFF,#1,HOLDING,0.000A/OFF
797,2026-06-03 08:41:30,19.8125,1.47,0.116,0.170,OFF,#1,HOLDING,0.000A/OFF
798,2026-06-03 08:41:31,19.8125,1.47,0.116,0.170,OFF,#1,HOLDING,0.000A/OFF
799,2026-06-03 08:41:32,19.7750,1.47,0.116,0.170,OFF,#1,HOLDING,0.000A/OFF
800,2026-06-03 08:41:33,19.7750,1.47,0.116,0.170,OFF,#1,HOLDING,0.000A/OFF
801,2026-06-03 08:41:34,19.7500,12.00,0.000,0.170,OFF,#1,HOLDING,0.000A/OFF
802,2026-06-03 08:41:35,19.7500,12.00,0.000,0.170,OFF,#1,HOLDING,0.000A/OFF
803,2026-06-03 08:41:36,19.7500,12.00,0.000,0.000,OFF,#1,HOLDING,0.000A/OFF
804,2026-06-03 08:41:37,19.7500,12.00,0.000,0.000,OFF,#1,HOLDING,0.000A/OFF
805,2026-06-03 08:41:38,19.7500,12.00,0.000,0.000,OFF,#1,HOLDING,0.000A/OFF
806,2026-06-03 08:41:39,19.7500,12.00,0.000,0.000,OFF,#1,HOLDING,0.000A/OFF
807,2026-06-03 08:41:40,19.7500,12.00,0.000,0.000,OFF,#1,HOLDING,0.000A/OFF
808,2026-06-03 08:41:41,19.7500,12.00,0.000,0.000,OFF,#1,HOLDING,0.000A/OFF
809,2026-06-03 08:41:42,19.7500,12.00,0.000,0.000,OFF,#1,HOLDING,0.000A/OFF
810,2026-06-03 08:41:43,19.7500,12.00,0.000,0.000,OFF,#1,HOLDING,0.000A/OFF
811,2026-06-03 08:41:44,19.7500,12.00,0.000,0.000,OFF,#1,HOLDING,0.000A/OFF
812,2026-06-03 08:41:45,19.7500,12.00,0.000,0.000,OFF,#1,HOLDING,0.000A/OFF
813,2026-06-03 08:41:46,19.7500,12.00,0.000,0.000,OFF,#1,HOLDING,0.000A/OFF
814,2026-06-03 08:41:47,19.7875,12.00,0.000,0.000,OFF,#1,HOLDING,0.000A/OFF
815,2026-06-03 08:41:48,19.7875,12.00,0.000,0.000,OFF,#1,HOLDING,0.000A/OFF
816,2026-06-03 08:41:49,19.8125,12.00,0.000,0.000,B,#1,HOLDING,0.100A/B
817,2026-06-03 08:41:50,19.8125,12.00,0.000,0.000,B,#1,HOLDING,0.147A/B
818,2026-06-03 08:41:52,19.8125,12.00,0.000,0.000,B,#1,HOLDING,0.196A/B
819,2026-06-03 08:41:53,19.8875,1.46,0.000,0.000,B,#1,HOLDING,0.173A/B
820,2026-06-03 08:41:55,19.9125,1.46,0.173,0.231,B,#1,HOLDING,0.206A/B
821,2026-06-03 08:41:58,19.9375,1.46,0.173,0.231,B,#1,HOLDING,0.182A/B
822,2026-06-03 08:41:59,19.9625,1.46,0.173,0.231,B,#1,HOLDING,0.109A/B
823,2026-06-03 08:42:01,19.9875,1.46,0.173,0.231,OFF,#2,APPROACH,0.000A/OFF
824,2026-06-03 08:42:02,20.0375,0.82,0.000,0.231,B,#2,APPROACH,1.159A/B
825,2026-06-03 08:42:04,20.0625,0.82,0.000,0.000,B,#2,APPROACH,1.690A/B
826,2026-06-03 08:42:07,20.1000,0.82,0.000,0.000,B,#2,APPROACH,1.000A/B
827,2026-06-03 08:42:09,20.1500,0.82,0.000,0.000,B,#2,APPROACH,1.328A/B
828,2026-06-03 08:42:11,20.1875,10.01,0.000,0.000,B,#2,APPROACH,1.597A/B
829,2026-06-03 08:42:13,20.2375,10.01,1.556,18.852,B,#2,APPROACH,2.183A/B
830,2026-06-03 08:42:15,20.2875,10.01,1.556,18.852,B,#2,APPROACH,1.500A/B
831,2026-06-03 08:42:16,20.3625,10.01,1.556,18.852,B,#2,APPROACH,1.000A/B
832,2026-06-03 08:42:18,20.4750,8.34,1.556,18.852,B,#2,APPROACH,1.779A/B
833,2026-06-03 08:42:20,20.6250,8.34,1.525,18.132,B,#2,APPROACH,1.673A/B
834,2026-06-03 08:42:23,20.7375,8.34,1.525,18.132,B,#2,APPROACH,1.500A/B
835,2026-06-03 08:42:24,20.9125,8.34,1.525,18.132,B,#2,APPROACH,2.464A/B
836,2026-06-03 08:42:26,21.1125,12.00,1.525,18.132,B,#2,APPROACH,1.500A/B
837,2026-06-03 08:42:28,21.2875,12.00,1.478,17.484,B,#2,APPROACH,2.005A/B
838,2026-06-03 08:42:30,21.4625,12.00,1.478,17.484,B,#2,APPROACH,2.000A/B
839,2026-06-03 08:42:32,21.6875,12.00,1.478,17.484,B,#2,APPROACH,1.500A/B
840,2026-06-03 08:42:34,21.9000,12.00,1.478,17.484,B,#2,APPROACH,1.000A/B
841,2026-06-03 08:42:35,22.1500,12.00,1.169,9.050,B,#2,APPROACH,2.000A/B
842,2026-06-03 08:42:38,22.3875,12.00,1.169,9.050,B,#2,APPROACH,2.335A/B
843,2026-06-03 08:42:39,22.6125,12.00,1.169,9.050,B,#2,APPROACH,1.934A/B
844,2026-06-03 08:42:41,22.8750,12.00,1.169,9.050,B,#2,APPROACH,1.832A/B
845,2026-06-03 08:42:43,23.1500,12.00,1.419,16.836,B,#2,APPROACH,1.500A/B
846,2026-06-03 08:42:46,23.3750,12.00,1.419,16.836,B,#2,APPROACH,2.000A/B
847,2026-06-03 08:42:47,23.6500,12.00,1.419,16.836,B,#2,APPROACH,1.000A/B
848,2026-06-03 08:42:49,23.9000,9.22,1.419,16.836,B,#2,APPROACH,1.500A/B
849,2026-06-03 08:42:51,24.1750,9.22,1.285,16.548,B,#2,APPROACH,1.889A/B
850,2026-06-03 08:42:53,24.4250,9.22,1.285,16.548,B,#2,APPROACH,1.924A/B
851,2026-06-03 08:42:55,24.6750,9.22,1.285,16.548,B,#2,APPROACH,1.500A/B
852,2026-06-03 08:42:57,24.9375,12.00,1.285,16.548,B,#2,APPROACH,1.951A/B
853,2026-06-03 08:42:59,25.2125,12.00,1.368,16.260,B,#2,APPROACH,1.500A/B
854,2026-06-03 08:43:01,25.4750,12.00,1.368,16.260,B,#2,APPROACH,1.948A/B
855,2026-06-03 08:43:02,25.7500,12.00,1.368,16.260,B,#2,APPROACH,1.500A/B
856,2026-06-03 08:43:04,26.0000,12.00,1.368,16.260,B,#2,APPROACH,1.974A/B
857,2026-06-03 08:43:06,26.2500,12.00,1.349,16.032,B,#2,APPROACH,1.500A/B
858,2026-06-03 08:43:09,26.5000,12.00,1.349,16.032,B,#2,APPROACH,2.000A/B
859,2026-06-03 08:43:10,26.7500,12.00,1.349,16.032,B,#2,APPROACH,1.500A/B
860,2026-06-03 08:43:12,27.0000,12.00,1.349,16.032,B,#2,HOLDING,1.500A/B
861,2026-06-03 08:43:14,27.2750,12.00,1.332,16.032,OFF,#2,HOLDING,0.000A/OFF
862,2026-06-03 08:43:15,27.2750,12.00,1.332,15.840,OFF,#2,HOLDING,0.000A/OFF
863,2026-06-03 08:43:16,27.5250,12.00,1.332,15.840,OFF,#2,HOLDING,0.000A/OFF
864,2026-06-03 08:43:17,27.7500,12.00,1.332,15.840,OFF,#2,HOLDING,0.000A/OFF
865,2026-06-03 08:43:18,27.7500,12.00,1.332,15.840,OFF,#2,HOLDING,0.000A/OFF
866,2026-06-03 08:43:19,28.0000,12.00,1.332,15.840,OFF,#2,HOLDING,0.000A/OFF
867,2026-06-03 08:43:20,28.0000,12.00,1.332,15.840,OFF,#2,HOLDING,0.000A/OFF
868,2026-06-03 08:43:21,28.2750,12.00,0.000,15.840,OFF,#2,HOLDING,0.000A/OFF
869,2026-06-03 08:43:22,28.2750,12.00,0.000,0.000,OFF,#2,HOLDING,0.000A/OFF
870,2026-06-03 08:43:23,28.5250,12.00,0.000,0.000,OFF,#2,HOLDING,0.000A/OFF
871,2026-06-03 08:43:24,28.5250,12.00,0.000,0.000,OFF,#2,HOLDING,0.000A/OFF
872,2026-06-03 08:43:25,28.7500,12.00,0.000,0.000,OFF,#2,HOLDING,0.000A/OFF
873,2026-06-03 08:43:26,28.7500,12.00,0.000,0.000,OFF,#2,HOLDING,0.000A/OFF
874,2026-06-03 08:43:27,28.9375,12.00,0.000,0.000,OFF,#2,HOLDING,0.000A/OFF
875,2026-06-03 08:43:28,28.9375,12.00,0.000,0.000,OFF,#2,HOLDING,0.000A/OFF
876,2026-06-03 08:43:29,29.1375,12.00,0.000,0.000,A,#2,HOLDING,0.189A/A
877,2026-06-03 08:43:31,29.3000,12.00,0.000,0.000,A,#2,HOLDING,0.226A/A
878,2026-06-03 08:43:32,29.4500,1.10,0.000,0.000,A,#2,HOLDING,0.303A/A
879,2026-06-03 08:43:34,29.5375,1.10,0.262,0.584,A,#2,HOLDING,0.336A/A
880,2026-06-03 08:43:37,29.6375,1.10,0.262,0.584,A,#2,HOLDING,0.409A/A
881,2026-06-03 08:43:38,29.6875,1.10,0.262,0.584,A,#2,HOLDING,0.456A/A
882,2026-06-03 08:43:40,29.6875,3.35,0.262,0.584,A,#2,HOLDING,0.510A/A
883,2026-06-03 08:43:42,29.7500,3.35,0.484,2.019,A,#2,HOLDING,0.576A/A
884,2026-06-03 08:43:44,29.7500,3.35,0.484,2.019,A,#2,HOLDING,0.653A/A
885,2026-06-03 08:43:46,29.7750,3.35,0.484,2.019,A,#2,HOLDING,0.714A/A
886,2026-06-03 08:43:48,29.7250,5.55,0.484,2.019,A,#2,HOLDING,0.764A/A
887,2026-06-03 08:43:50,29.6875,5.55,0.752,4.775,A,#2,HOLDING,0.819A/A
888,2026-06-03 08:43:52,29.6375,5.55,0.752,4.775,A,#2,HOLDING,0.887A/A
889,2026-06-03 08:43:54,29.6000,5.55,0.752,4.775,A,#2,HOLDING,0.937A/A
890,2026-06-03 08:43:55,29.5500,7.53,0.752,4.775,A,#2,HOLDING,0.991A/A
891,2026-06-03 08:43:57,29.5000,7.53,0.991,8.086,A,#2,HOLDING,1.043A/A
892,2026-06-03 08:44:00,29.4000,7.53,0.991,8.086,A,#2,HOLDING,1.101A/A
893,2026-06-03 08:44:01,29.3000,7.53,0.991,8.086,A,#2,HOLDING,1.130A/A
894,2026-06-03 08:44:03,29.1750,9.15,0.991,8.086,A,#2,HOLDING,1.160A/A
895,2026-06-03 08:44:05,29.0250,9.15,1.142,11.089,A,#2,HOLDING,1.184A/A
896,2026-06-03 08:44:07,28.9250,9.15,1.142,11.089,A,#2,HOLDING,1.180A/A
897,2026-06-03 08:44:09,28.7375,9.15,1.142,11.089,A,#2,HOLDING,1.195A/A
898,2026-06-03 08:44:11,28.5625,9.83,1.142,11.089,A,#2,HOLDING,1.215A/A
899,2026-06-03 08:44:13,28.4000,9.83,1.202,12.320,A,#2,HOLDING,1.000A/A
900,2026-06-03 08:44:15,28.2250,9.83,1.202,12.320,A,#2,HOLDING,1.230A/A
901,2026-06-03 08:44:17,28.0125,9.83,1.202,12.320,A,#2,HOLDING,1.225A/A
902,2026-06-03 08:44:18,27.8125,10.17,1.202,12.320,A,#2,HOLDING,1.214A/A
903,2026-06-03 08:44:20,27.5750,10.17,1.214,12.455,A,#2,HOLDING,1.188A/A
904,2026-06-03 08:44:23,27.3750,10.17,1.214,12.455,A,#2,HOLDING,1.165A/A
905,2026-06-03 08:44:24,27.1875,10.17,1.214,12.455,A,#2,HOLDING,1.137A/A
906,2026-06-03 08:44:26,26.9375,9.69,1.214,12.455,A,#2,HOLDING,1.042A/A
907,2026-06-03 08:44:28,26.7500,9.69,1.081,9.544,A,#2,HOLDING,0.982A/A
908,2026-06-03 08:44:30,26.5250,9.69,1.081,9.544,A,#2,HOLDING,0.904A/A
909,2026-06-03 08:44:32,26.3250,9.69,1.081,9.544,A,#2,HOLDING,0.842A/A
910,2026-06-03 08:44:34,26.0750,7.67,1.081,9.544,A,#2,HOLDING,0.751A/A
911,2026-06-03 08:44:36,25.8500,7.67,0.768,5.317,A,#2,HOLDING,0.654A/A
912,2026-06-03 08:44:38,25.6250,7.67,0.768,5.317,A,#2,HOLDING,0.535A/A
913,2026-06-03 08:44:40,25.4375,7.67,0.768,5.317,A,#2,HOLDING,0.447A/A
914,2026-06-03 08:44:41,25.2125,4.57,0.768,5.317,A,#2,HOLDING,0.330A/A
915,2026-06-03 08:44:43,25.0125,4.57,0.344,1.244,A,#2,HOLDING,0.206A/A
916,2026-06-03 08:44:46,24.8375,4.57,0.344,1.244,OFF,#2,HOLDING,0.000A/OFF
917,2026-06-03 08:44:47,24.8375,4.57,0.344,1.244,OFF,#2,HOLDING,0.000A/OFF
918,2026-06-03 08:44:48,24.6875,4.57,0.344,1.244,OFF,#2,HOLDING,0.000A/OFF
919,2026-06-03 08:44:49,24.6875,4.57,0.344,1.244,OFF,#2,HOLDING,0.000A/OFF
920,2026-06-03 08:44:50,24.4875,12.00,0.000,1.244,B,#2,HOLDING,0.193A/B
921,2026-06-03 08:44:51,24.3250,12.00,0.000,0.000,B,#2,HOLDING,0.312A/B
922,2026-06-03 08:44:53,24.1500,12.00,0.000,0.000,B,#2,HOLDING,0.455A/B
923,2026-06-03 08:44:55,24.1500,12.00,0.000,0.000,B,#2,HOLDING,0.567A/B
924,2026-06-03 08:44:56,24.0500,4.24,0.000,0.000,B,#2,HOLDING,0.715A/B
925,2026-06-03 08:44:58,23.9250,4.24,0.694,4.075,B,#2,HOLDING,0.870A/B
926,2026-06-03 08:45:01,23.6750,4.24,0.694,4.075,B,#2,HOLDING,1.094A/B
927,2026-06-03 08:45:02,23.6750,4.24,0.694,4.075,B,#2,HOLDING,1.228A/B
928,2026-06-03 08:45:04,23.6125,9.47,0.694,4.075,B,#2,HOLDING,1.393A/B
929,2026-06-03 08:45:06,23.5625,9.47,1.393,15.169,B,#2,HOLDING,1.558A/B
930,2026-06-03 08:45:08,23.5000,9.47,1.393,15.169,B,#2,HOLDING,1.500A/B
931,2026-06-03 08:45:10,23.5000,9.47,1.393,15.169,B,#2,HOLDING,1.773A/B
932,2026-06-03 08:45:12,23.5375,12.00,1.393,15.169,B,#2,HOLDING,1.500A/B
933,2026-06-03 08:45:14,23.5875,12.00,1.500,17.952,B,#2,HOLDING,1.930A/B
934,2026-06-03 08:45:16,23.7625,12.00,1.500,17.952,B,#2,HOLDING,1.500A/B
935,2026-06-03 08:45:18,23.7625,12.00,1.500,17.952,B,#2,HOLDING,2.000A/B
936,2026-06-03 08:45:19,23.8625,12.00,1.500,17.952,B,#2,HOLDING,2.116A/B
937,2026-06-03 08:45:21,24.0125,12.00,1.459,17.304,B,#2,HOLDING,1.000A/B
938,2026-06-03 08:45:24,24.3250,12.00,1.459,17.304,B,#2,HOLDING,2.237A/B
939,2026-06-03 08:45:25,24.3250,12.00,1.459,17.304,B,#2,HOLDING,1.500A/B
940,2026-06-03 08:45:27,24.4875,12.00,1.459,17.304,B,#2,HOLDING,1.000A/B
941,2026-06-03 08:45:29,24.6875,12.00,1.015,9.140,B,#2,HOLDING,1.000A/B
942,2026-06-03 08:45:31,25.1000,12.00,1.015,9.140,B,#2,HOLDING,2.000A/B
943,2026-06-03 08:45:33,25.1000,12.00,1.015,9.140,B,#2,HOLDING,2.000A/B
944,2026-06-03 08:45:35,25.3000,12.00,1.015,9.140,B,#2,HOLDING,2.294A/B
945,2026-06-03 08:45:37,25.5000,12.00,1.399,16.608,B,#2,HOLDING,2.000A/B
946,2026-06-03 08:45:39,25.8750,12.00,1.399,16.608,B,#2,HOLDING,2.320A/B
947,2026-06-03 08:45:41,25.8750,12.00,1.399,16.608,B,#2,HOLDING,2.000A/B
948,2026-06-03 08:45:43,26.0875,12.00,1.399,16.608,B,#2,HOLDING,1.500A/B
949,2026-06-03 08:45:44,26.3125,12.00,1.369,16.224,B,#2,HOLDING,2.000A/B
950,2026-06-03 08:45:47,26.7500,12.00,1.369,16.224,B,#2,HOLDING,1.500A/B
951,2026-06-03 08:45:48,26.7500,12.00,1.369,16.224,B,#2,HOLDING,2.375A/B
952,2026-06-03 08:45:50,26.9625,12.00,1.369,16.224,B,#2,HOLDING,1.000A/B
953,2026-06-03 08:45:52,27.2375,12.00,1.040,9.630,B,#2,HOLDING,1.000A/B
954,2026-06-03 08:45:55,27.6875,12.00,1.040,9.630,B,#2,HOLDING,1.000A/B
955,2026-06-03 08:45:56,27.6875,12.00,1.040,9.630,B,#2,HOLDING,2.000A/B
956,2026-06-03 08:45:58,28.1500,12.00,1.040,9.630,B,#2,HOLDING,2.000A/B
957,2026-06-03 08:46:00,28.1500,12.00,1.337,15.876,B,#2,HOLDING,2.324A/B
958,2026-06-03 08:46:02,28.5750,12.00,1.337,15.876,B,#2,HOLDING,2.000A/B
959,2026-06-03 08:46:04,28.8000,12.00,1.337,15.876,B,#2,HOLDING,2.278A/B
960,2026-06-03 08:46:06,29.0250,12.00,1.337,15.876,B,#2,HOLDING,1.500A/B
961,2026-06-03 08:46:08,29.0250,12.00,1.319,15.684,B,#2,HOLDING,2.183A/B
962,2026-06-03 08:46:10,29.4750,12.00,1.319,15.684,B,#2,HOLDING,1.500A/B
963,2026-06-03 08:46:12,29.6875,12.00,1.319,15.684,B,#2,HOLDING,2.017A/B
964,2026-06-03 08:46:14,29.9125,12.00,1.319,15.684,B,#2,HOLDING,1.899A/B
965,2026-06-03 08:46:15,29.9125,12.00,1.306,15.528,B,#2,HOLDING,1.500A/B
966,2026-06-03 08:46:18,30.3750,12.00,1.306,15.528,B,#2,HOLDING,1.846A/B
967,2026-06-03 08:46:19,30.5625,12.00,1.306,15.528,B,#2,HOLDING,1.748A/B
968,2026-06-03 08:46:21,30.8125,12.00,1.306,15.528,B,#2,HOLDING,1.615A/B
969,2026-06-03 08:46:23,31.0250,12.00,1.295,15.396,B,#2,HOLDING,1.000A/B
970,2026-06-03 08:46:26,31.2500,12.00,1.295,15.396,B,#2,HOLDING,1.494A/B
971,2026-06-03 08:46:27,31.4500,12.00,1.295,15.396,B,#2,HOLDING,1.000A/B
972,2026-06-03 08:46:29,31.6250,9.83,1.295,15.396,B,#2,HOLDING,1.333A/B
973,2026-06-03 08:46:31,31.8625,9.83,1.292,15.384,B,#2,HOLDING,1.080A/B
974,2026-06-03 08:46:33,32.0625,9.83,1.292,15.384,B,#2,HOLDING,0.729A/B
975,2026-06-03 08:46:35,32.2375,9.83,1.292,15.384,B,#2,HOLDING,0.772A/B
976,2026-06-03 08:46:37,32.4375,8.09,1.292,15.384,B,#2,HOLDING,0.641A/B
977,2026-06-03 08:46:39,32.6250,8.09,0.655,4.679,B,#2,HOLDING,0.495A/B
978,2026-06-03 08:46:41,32.8500,8.09,0.655,4.679,B,#2,HOLDING,0.175A/B
979,2026-06-03 08:46:43,32.9875,8.09,0.655,4.679,OFF,#2,HOLDING,0.000A/OFF
980,2026-06-03 08:46:44,32.9875,8.09,0.655,4.679,OFF,#2,HOLDING,0.147A/A
981,2026-06-03 08:46:45,33.1875,12.00,0.000,4.679,A,#2,HOLDING,0.402A/A
982,2026-06-03 08:46:47,33.3500,12.00,0.000,0.000,A,#2,HOLDING,0.802A/A
983,2026-06-03 08:46:48,33.5000,12.00,0.000,0.000,A,#2,HOLDING,0.723A/A
984,2026-06-03 08:46:50,33.6000,12.00,0.000,0.000,A,#2,HOLDING,0.980A/A
985,2026-06-03 08:46:52,33.6750,6.91,0.000,0.000,A,#2,HOLDING,1.017A/A
986,2026-06-03 08:46:54,33.7500,6.91,1.016,7.660,A,#2,HOLDING,1.276A/A
987,2026-06-03 08:46:56,33.7750,6.91,1.016,7.660,A,#2,HOLDING,1.494A/A
988,2026-06-03 08:46:58,33.7750,6.91,1.016,7.660,A,#2,HOLDING,1.630A/A
989,2026-06-03 08:47:00,33.7250,11.83,1.016,7.660,A,#2,HOLDING,1.899A/A
990,2026-06-03 08:47:01,33.6750,11.83,1.622,19.164,A,#2,HOLDING,2.147A/A
991,2026-06-03 08:47:04,33.5750,11.83,1.622,19.164,A,#2,HOLDING,2.344A/A
992,2026-06-03 08:47:05,33.4750,11.83,1.622,19.164,A,#2,HOLDING,2.500A/A
993,2026-06-03 08:47:07,33.3250,12.00,1.622,19.164,A,#2,HOLDING,2.408A/A
994,2026-06-03 08:47:09,33.1625,12.00,1.559,18.492,A,#2,HOLDING,1.500A/A
995,2026-06-03 08:47:12,32.9875,12.00,1.559,18.492,A,#2,HOLDING,1.500A/A
996,2026-06-03 08:47:13,32.8500,12.00,1.559,18.492,A,#2,HOLDING,2.546A/A
997,2026-06-03 08:47:15,32.6250,12.00,1.559,18.492,A,#2,HOLDING,2.500A/A
998,2026-06-03 08:47:17,32.3500,12.00,1.514,17.952,A,#2,HOLDING,2.644A/A
999,2026-06-03 08:47:19,32.1250,12.00,1.514,17.952,A,#2,HOLDING,1.000A/A
1000,2026-06-03 08:47:21,31.8875,12.00,1.514,17.952,A,#2,HOLDING,2.832A/A
1001,2026-06-03 08:47:23,31.6375,12.00,1.514,17.952,A,#2,HOLDING,2.500A/A
1002,2026-06-03 08:47:24,31.3750,12.00,1.473,17.448,A,#2,HOLDING,1.500A/A
1003,2026-06-03 08:47:27,31.1250,12.00,1.473,17.448,A,#2,HOLDING,2.000A/A
1004,2026-06-03 08:47:28,30.8750,12.00,1.473,17.448,A,#2,HOLDING,2.841A/A
1005,2026-06-03 08:47:30,30.5500,12.00,1.473,17.448,A,#2,HOLDING,2.000A/A
1006,2026-06-03 08:47:32,30.3125,12.00,1.464,17.388,A,#2,HOLDING,2.500A/A
1007,2026-06-03 08:47:35,29.9875,12.00,1.464,17.388,A,#2,HOLDING,1.500A/A
1008,2026-06-03 08:47:36,29.7250,12.00,1.464,17.388,A,#2,HOLDING,1.500A/A
1009,2026-06-03 08:47:38,29.4500,12.00,1.464,17.388,A,#2,HOLDING,2.000A/A
1010,2026-06-03 08:47:40,29.1000,12.00,1.444,17.160,A,#2,HOLDING,2.826A/A
1011,2026-06-03 08:47:42,28.8250,12.00,1.444,17.160,A,#2,HOLDING,1.000A/A
1012,2026-06-03 08:47:44,28.5375,12.00,1.444,17.160,A,#2,HOLDING,1.000A/A
1013,2026-06-03 08:47:46,28.2625,8.97,1.444,17.160,A,#2,HOLDING,2.000A/A
1014,2026-06-03 08:47:48,27.9625,8.97,1.215,16.896,A,#2,HOLDING,1.000A/A
1015,2026-06-03 08:47:50,27.6625,8.97,1.215,16.896,A,#2,HOLDING,2.000A/A
1016,2026-06-03 08:47:52,27.3875,8.97,1.215,16.896,A,#3,APPROACH,2.813A/A
1017,2026-06-03 08:47:53,27.1375,2.22,1.215,16.896,A,#3,APPROACH,0.462A/A
1018,2026-06-03 08:47:56,26.8500,2.22,0.000,16.896,A,#3,APPROACH,0.445A/A
1019,2026-06-03 08:47:58,26.6000,2.22,0.000,0.000,A,#3,APPROACH,0.449A/A
1020,2026-06-03 08:48:00,26.3375,2.22,0.000,0.000,A,#3,APPROACH,0.453A/A
1021,2026-06-03 08:48:01,26.0875,2.22,0.000,0.000,A,#3,APPROACH,0.460A/A
1022,2026-06-03 08:48:03,25.8875,4.60,0.000,0.000,A,#3,APPROACH,0.483A/A
1023,2026-06-03 08:48:05,25.6875,4.60,0.469,2.361,A,#3,APPROACH,0.512A/A
1024,2026-06-03 08:48:08,25.5125,4.60,0.469,2.361,A,#3,APPROACH,0.572A/A
1025,2026-06-03 08:48:09,25.3625,4.60,0.469,2.361,A,#3,APPROACH,0.612A/A
1026,2026-06-03 08:48:11,25.2000,5.82,0.469,2.361,A,#3,APPROACH,0.670A/A
1027,2026-06-03 08:48:13,25.0000,5.82,0.640,4.267,A,#3,APPROACH,0.724A/A
1028,2026-06-03 08:48:15,24.8875,5.82,0.640,4.267,A,#3,APPROACH,0.826A/A
1029,2026-06-03 08:48:17,24.6875,5.82,0.640,4.267,A,#3,APPROACH,0.885A/A
1030,2026-06-03 08:48:19,24.5125,7.91,0.640,4.267,A,#3,APPROACH,0.971A/A
1031,2026-06-03 08:48:20,24.3625,7.91,0.943,8.389,A,#3,APPROACH,1.062A/A
1032,2026-06-03 08:48:23,24.2375,7.91,0.943,8.389,A,#3,APPROACH,1.208A/A
1033,2026-06-03 08:48:24,24.1125,7.91,0.943,8.389,A,#3,APPROACH,1.309A/A
1034,2026-06-03 08:48:26,23.9500,10.78,0.943,8.389,A,#3,APPROACH,1.431A/A
1035,2026-06-03 08:48:28,23.8000,10.78,1.418,16.957,A,#3,APPROACH,1.500A/A
1036,2026-06-03 08:48:30,23.6375,10.78,1.418,16.957,A,#3,APPROACH,1.500A/A
1037,2026-06-03 08:48:32,23.4875,10.78,1.418,16.957,A,#3,APPROACH,1.540A/A
1038,2026-06-03 08:48:34,23.3250,12.00,1.418,16.957,A,#3,APPROACH,1.696A/A
1039,2026-06-03 08:48:36,23.1500,12.00,1.452,17.280,A,#3,APPROACH,1.854A/A
1040,2026-06-03 08:48:38,22.9750,12.00,1.452,17.280,A,#3,APPROACH,2.078A/A
1041,2026-06-03 08:48:40,22.8000,12.00,1.452,17.280,A,#3,APPROACH,2.000A/A
1042,2026-06-03 08:48:42,22.6375,12.00,1.452,17.280,A,#3,APPROACH,1.500A/A
1043,2026-06-03 08:48:43,22.4375,12.00,1.437,17.112,A,#3,APPROACH,1.500A/A
1044,2026-06-03 08:48:46,22.2875,12.00,1.437,17.112,A,#3,APPROACH,1.000A/A
1045,2026-06-03 08:48:47,22.0625,12.00,1.437,17.112,A,#3,APPROACH,2.182A/A
1046,2026-06-03 08:48:49,21.9125,12.00,1.437,17.112,A,#3,APPROACH,2.323A/A
1047,2026-06-03 08:48:51,21.7375,12.00,1.427,16.980,A,#3,APPROACH,1.000A/A
1048,2026-06-03 08:48:53,21.5750,12.00,1.427,16.980,A,#3,APPROACH,2.446A/A
1049,2026-06-03 08:48:55,21.3750,12.00,1.427,16.980,A,#3,APPROACH,2.000A/A
1050,2026-06-03 08:48:57,21.2000,12.00,1.427,16.980,A,#3,APPROACH,1.500A/A
1051,2026-06-03 08:48:59,21.0000,12.00,1.425,16.956,A,#3,APPROACH,1.000A/A
1052,2026-06-03 08:49:01,20.8500,12.00,1.425,16.956,A,#3,APPROACH,2.479A/A
1053,2026-06-03 08:49:03,20.6750,12.00,1.425,16.956,A,#3,APPROACH,1.500A/A
1054,2026-06-03 08:49:05,20.5125,12.00,1.425,16.956,A,#3,APPROACH,2.550A/A
1055,2026-06-03 08:49:06,20.3375,12.00,1.419,16.908,A,#3,APPROACH,2.500A/A
1056,2026-06-03 08:49:09,20.2000,12.00,1.419,16.908,A,#3,APPROACH,2.000A/A
1057,2026-06-03 08:49:10,20.0500,12.00,1.419,16.908,A,#3,APPROACH,2.500A/A
1058,2026-06-03 08:49:12,19.9000,12.00,1.419,16.908,A,#3,APPROACH,1.000A/A
1059,2026-06-03 08:49:14,19.7000,12.00,1.163,9.280,A,#3,APPROACH,1.500A/A
1060,2026-06-03 08:49:16,19.5750,12.00,1.163,9.280,A,#3,APPROACH,1.000A/A
1061,2026-06-03 08:49:18,19.4250,12.00,1.163,9.280,A,#3,APPROACH,2.500A/A
1062,2026-06-03 08:49:20,19.2625,12.00,1.163,9.280,A,#3,APPROACH,2.500A/A
1063,2026-06-03 08:49:22,19.1375,12.00,1.416,16.872,A,#3,APPROACH,2.000A/A
1064,2026-06-03 08:49:24,19.0125,12.00,1.416,16.872,A,#3,APPROACH,1.500A/A
1065,2026-06-03 08:49:26,18.8875,12.00,1.416,16.872,A,#3,HOLDING,1.000A/A
1066,2026-06-03 08:49:28,18.7625,12.00,1.416,16.872,OFF,#3,HOLDING,0.000A/OFF
1067,2026-06-03 08:49:29,18.7625,9.16,1.416,16.872,OFF,#3,HOLDING,0.000A/OFF
1068,2026-06-03 08:49:30,18.6125,9.16,0.997,16.872,OFF,#3,HOLDING,0.000A/OFF
1069,2026-06-03 08:49:31,18.6125,9.16,0.997,0.000,OFF,#3,HOLDING,0.000A/OFF
1070,2026-06-03 08:49:32,18.4875,9.16,0.997,0.000,OFF,#3,HOLDING,0.000A/OFF
1071,2026-06-03 08:49:33,18.4875,9.16,0.997,0.000,OFF,#3,HOLDING,0.000A/OFF
1072,2026-06-03 08:49:34,18.3875,9.16,0.997,0.000,OFF,#3,HOLDING,0.000A/OFF
1073,2026-06-03 08:49:35,18.3875,12.00,0.997,0.000,OFF,#3,HOLDING,0.000A/OFF
1074,2026-06-03 08:49:36,18.3125,12.00,0.000,0.000,OFF,#3,HOLDING,0.000A/OFF
1075,2026-06-03 08:49:37,18.3125,12.00,0.000,0.000,A,#3,HOLDING,0.104A/A
1076,2026-06-03 08:49:38,18.2625,12.00,0.000,0.000,A,#3,HOLDING,0.107A/A
1077,2026-06-03 08:49:40,18.1875,12.00,0.000,0.000,A,#3,HOLDING,0.117A/A
1078,2026-06-03 08:49:42,18.1625,1.72,0.000,0.000,A,#3,HOLDING,0.121A/A
1079,2026-06-03 08:49:43,18.1500,1.72,0.121,0.209,A,#3,HOLDING,0.131A/A
1080,2026-06-03 08:49:46,18.1250,1.72,0.121,0.209,A,#3,HOLDING,0.143A/A
1081,2026-06-03 08:49:47,18.1250,1.72,0.121,0.209,A,#3,HOLDING,0.149A/A
1082,2026-06-03 08:49:49,18.1750,1.85,0.121,0.209,A,#3,HOLDING,0.161A/A
1083,2026-06-03 08:49:51,18.1875,1.85,0.161,0.318,A,#3,HOLDING,0.171A/A
1084,2026-06-03 08:49:53,18.1875,1.85,0.161,0.318,A,#3,HOLDING,0.180A/A
1085,2026-06-03 08:49:55,18.2500,1.85,0.161,0.318,A,#3,HOLDING,0.190A/A
1086,2026-06-03 08:49:57,18.2750,2.12,0.161,0.318,A,#3,HOLDING,0.201A/A
1087,2026-06-03 08:49:59,18.3125,2.12,0.201,0.452,A,#3,HOLDING,0.217A/A
1088,2026-06-03 08:50:01,18.3375,2.12,0.201,0.452,A,#3,HOLDING,0.228A/A
1089,2026-06-03 08:50:03,18.3750,2.12,0.201,0.452,A,#3,HOLDING,0.241A/A
1090,2026-06-03 08:50:05,18.4250,2.48,0.201,0.452,A,#3,HOLDING,0.258A/A
1091,2026-06-03 08:50:06,18.4750,2.48,0.258,0.686,A,#3,HOLDING,0.279A/A
1092,2026-06-03 08:50:09,18.5000,2.48,0.258,0.686,A,#3,HOLDING,0.300A/A
1093,2026-06-03 08:50:10,18.5375,2.48,0.258,0.686,A,#3,HOLDING,0.317A/A
1094,2026-06-03 08:50:12,18.5875,3.08,0.258,0.686,A,#3,HOLDING,0.339A/A
1095,2026-06-03 08:50:14,18.6250,3.08,0.326,1.125,A,#3,HOLDING,0.363A/A
1096,2026-06-03 08:50:16,18.6750,3.08,0.326,1.125,A,#3,HOLDING,0.395A/A
1097,2026-06-03 08:50:18,18.6625,3.08,0.326,1.125,A,#3,HOLDING,0.410A/A
1098,2026-06-03 08:50:20,18.7375,3.84,0.326,1.125,A,#3,HOLDING,0.441A/A
1099,2026-06-03 08:50:22,18.7500,3.84,0.425,1.843,A,#3,HOLDING,0.466A/A
1100,2026-06-03 08:50:24,18.7500,3.84,0.425,1.843,A,#3,HOLDING,0.502A/A
1101,2026-06-03 08:50:26,18.7875,3.84,0.425,1.843,A,#3,HOLDING,0.525A/A
1102,2026-06-03 08:50:28,18.8125,4.81,0.425,1.843,A,#4,APPROACH,0.556A/A
1103,2026-06-03 08:50:29,18.8125,4.81,0.556,0.000,B,#4,APPROACH,0.373A/B
1104,2026-06-03 08:50:32,18.8125,4.81,0.556,0.000,B,#4,APPROACH,0.420A/B
1105,2026-06-03 08:50:34,18.8375,4.81,0.556,0.000,B,#4,APPROACH,0.473A/B
1106,2026-06-03 08:50:36,18.8625,4.81,0.556,0.000,B,#4,APPROACH,0.521A/B
1107,2026-06-03 08:50:37,18.8750,4.05,0.556,0.000,B,#4,APPROACH,0.581A/B
1108,2026-06-03 08:50:39,18.9000,4.05,0.581,2.684,B,#4,APPROACH,0.662A/B
1109,2026-06-03 08:50:42,18.9500,4.05,0.581,2.684,B,#4,APPROACH,0.785A/B
1110,2026-06-03 08:50:43,19.0000,4.05,0.581,2.684,B,#4,APPROACH,0.875A/B
1111,2026-06-03 08:50:45,19.0750,6.97,0.581,2.684,B,#4,APPROACH,0.988A/B
1112,2026-06-03 08:50:47,19.1750,6.97,0.929,7.884,B,#4,APPROACH,1.110A/B
1113,2026-06-03 08:50:49,19.2625,6.97,0.929,7.884,B,#4,APPROACH,1.289A/B
1114,2026-06-03 08:50:51,19.3875,6.97,0.929,7.884,B,#4,APPROACH,1.000A/B
1115,2026-06-03 08:50:53,19.4875,8.21,0.929,7.884,B,#4,APPROACH,1.403A/B
1116,2026-06-03 08:50:54,19.6625,8.21,1.199,15.573,B,#4,APPROACH,1.559A/B
1117,2026-06-03 08:50:57,19.8375,8.21,1.199,15.573,B,#4,APPROACH,1.780A/B
1118,2026-06-03 08:50:58,20.0125,8.21,1.199,15.573,B,#4,APPROACH,1.928A/B
1119,2026-06-03 08:51:00,20.1750,12.00,1.199,15.573,B,#4,APPROACH,2.115A/B
1120,2026-06-03 08:51:02,20.3750,12.00,1.506,17.808,B,#4,APPROACH,1.000A/B
1121,2026-06-03 08:51:05,20.5500,12.00,1.506,17.808,B,#4,APPROACH,2.000A/B
1122,2026-06-03 08:51:06,20.7750,12.00,1.506,17.808,B,#4,APPROACH,2.280A/B
1123,2026-06-03 08:51:08,21.0000,12.00,1.506,17.808,B,#4,APPROACH,1.000A/B
1124,2026-06-03 08:51:10,21.2750,12.00,1.233,8.950,B,#4,APPROACH,1.500A/B
1125,2026-06-03 08:51:12,21.5250,12.00,1.233,8.950,B,#4,APPROACH,1.500A/B
1126,2026-06-03 08:51:14,21.7750,12.00,1.233,8.950,B,#4,APPROACH,2.410A/B
1127,2026-06-03 08:51:16,22.0250,12.00,1.233,8.950,B,#4,APPROACH,1.500A/B
1128,2026-06-03 08:51:18,22.3000,12.00,1.430,16.932,B,#4,APPROACH,1.500A/B
1129,2026-06-03 08:51:20,22.5375,12.00,1.430,16.932,B,#4,APPROACH,2.522A/B
1130,2026-06-03 08:51:22,22.8125,12.00,1.430,16.932,B,#4,APPROACH,2.500A/B
1131,2026-06-03 08:51:23,23.0625,12.00,1.430,16.932,B,#4,APPROACH,1.500A/B
1132,2026-06-03 08:51:25,23.3625,12.00,1.396,16.548,B,#4,APPROACH,1.500A/B
1133,2026-06-03 08:51:28,23.6250,12.00,1.396,16.548,B,#4,APPROACH,2.514A/B
1134,2026-06-03 08:51:29,23.9000,12.00,1.396,16.548,B,#4,APPROACH,2.000A/B
1135,2026-06-03 08:51:31,24.1625,12.00,1.396,16.548,B,#4,APPROACH,1.500A/B
1136,2026-06-03 08:51:33,24.4625,12.00,1.372,16.308,B,#4,APPROACH,2.500A/B
1137,2026-06-03 08:51:35,24.7125,12.00,1.372,16.308,B,#4,APPROACH,1.500A/B
1138,2026-06-03 08:51:37,24.9625,12.00,1.372,16.308,B,#4,APPROACH,2.000A/B
1139,2026-06-03 08:51:39,25.2750,12.00,1.372,16.308,B,#4,HOLDING,1.500A/B
1140,2026-06-03 08:51:41,25.5250,12.00,1.356,16.308,OFF,#4,HOLDING,0.000A/OFF
1141,2026-06-03 08:51:42,25.5250,12.00,1.356,16.092,OFF,#4,HOLDING,0.000A/OFF
1142,2026-06-03 08:51:43,25.8375,12.00,1.356,16.092,OFF,#4,HOLDING,0.000A/OFF
1143,2026-06-03 08:51:44,25.8375,12.00,1.356,16.092,OFF,#4,HOLDING,0.000A/OFF
1144,2026-06-03 08:51:45,26.1125,12.00,1.356,16.092,OFF,#4,HOLDING,0.000A/OFF
1145,2026-06-03 08:51:46,26.1125,12.00,1.356,16.092,OFF,#4,HOLDING,0.000A/OFF
1146,2026-06-03 08:51:47,26.3750,12.00,1.356,16.092,OFF,#4,HOLDING,0.000A/OFF
1147,2026-06-03 08:51:48,26.3750,12.00,0.000,16.092,OFF,#4,HOLDING,0.000A/OFF
1148,2026-06-03 08:51:49,26.6750,12.00,0.000,0.000,OFF,#4,HOLDING,0.000A/OFF
1149,2026-06-03 08:51:50,26.6750,12.00,0.000,0.000,OFF,#4,HOLDING,0.000A/OFF
1150,2026-06-03 08:51:51,26.8750,12.00,0.000,0.000,A,#4,HOLDING,0.120A/A
1151,2026-06-03 08:51:53,27.1250,10.00,0.000,0.000,A,#4,HOLDING,0.191A/A
1152,2026-06-03 08:51:55,27.3000,10.00,0.161,0.156,A,#4,HOLDING,0.266A/A
1153,2026-06-03 08:51:57,27.4750,10.00,0.161,0.156,A,#4,HOLDING,0.323A/A
1154,2026-06-03 08:51:59,27.6125,10.00,0.161,0.156,A,#4,HOLDING,0.374A/A
1155,2026-06-03 08:52:00,27.7625,2.52,0.161,0.156,A,#4,HOLDING,0.445A/A
1156,2026-06-03 08:52:02,27.8875,2.52,0.427,1.459,A,#4,HOLDING,0.520A/A
1157,2026-06-03 08:52:05,27.9625,2.52,0.427,1.459,A,#4,HOLDING,0.608A/A
1158,2026-06-03 08:52:06,28.0625,2.52,0.427,1.459,A,#4,HOLDING,0.677A/A
1159,2026-06-03 08:52:08,28.0875,5.23,0.427,1.459,A,#4,HOLDING,0.745A/A
1160,2026-06-03 08:52:10,28.1000,5.23,0.745,4.455,A,#4,HOLDING,0.823A/A
1161,2026-06-03 08:52:12,28.1250,5.23,0.745,4.455,A,#4,HOLDING,0.916A/A
1162,2026-06-03 08:52:14,28.1250,5.23,0.745,4.455,A,#4,HOLDING,0.982A/A
1163,2026-06-03 08:52:16,28.1250,7.76,0.745,4.455,A,#4,HOLDING,1.060A/A
1164,2026-06-03 08:52:18,28.0500,7.76,1.035,9.031,A,#4,HOLDING,1.122A/A
1165,2026-06-03 08:52:20,28.0000,7.76,1.035,9.031,A,#4,HOLDING,1.212A/A
1166,2026-06-03 08:52:22,27.9250,7.76,1.035,9.031,A,#4,HOLDING,1.000A/A
1167,2026-06-03 08:52:24,27.8250,8.19,1.035,9.031,A,#4,HOLDING,1.254A/A
1168,2026-06-03 08:52:26,27.7375,8.19,1.150,12.665,A,#4,HOLDING,1.309A/A
1169,2026-06-03 08:52:28,27.6125,8.19,1.150,12.665,A,#4,HOLDING,1.378A/A
1170,2026-06-03 08:52:29,27.5125,8.19,1.150,12.665,A,#4,HOLDING,1.420A/A
1171,2026-06-03 08:52:31,27.3625,11.28,1.150,12.665,A,#4,HOLDING,1.000A/A
1172,2026-06-03 08:52:33,27.2000,11.28,1.090,8.550,A,#4,HOLDING,1.443A/A
1173,2026-06-03 08:52:36,27.0500,11.28,1.090,8.550,A,#4,HOLDING,1.486A/A
1174,2026-06-03 08:52:37,26.8875,11.28,1.090,8.550,A,#4,HOLDING,1.458A/A
1175,2026-06-03 08:52:39,26.7375,11.61,1.090,8.550,A,#4,HOLDING,1.487A/A
1176,2026-06-03 08:52:41,26.5750,11.61,1.479,17.592,A,#4,HOLDING,1.500A/A
1177,2026-06-03 08:52:43,26.3750,11.61,1.479,17.592,A,#4,HOLDING,1.508A/A
1178,2026-06-03 08:52:45,26.1750,11.61,1.479,17.592,A,#4,HOLDING,1.000A/A
1179,2026-06-03 08:52:47,26.0000,8.78,1.479,17.592,A,#4,HOLDING,1.506A/A
1180,2026-06-03 08:52:48,25.7875,8.78,1.452,17.292,A,#4,HOLDING,1.000A/A
1181,2026-06-03 08:52:51,25.5625,8.78,1.452,17.292,A,#4,HOLDING,1.496A/A
1182,2026-06-03 08:52:52,25.3875,8.78,1.452,17.292,A,#4,HOLDING,1.473A/A
1183,2026-06-03 08:52:54,25.1875,12.00,1.452,17.292,A,#4,HOLDING,1.443A/A
1184,2026-06-03 08:52:56,24.9500,12.00,1.443,17.220,A,#4,HOLDING,1.000A/A
1185,2026-06-03 08:52:59,24.7500,12.00,1.443,17.220,A,#4,HOLDING,1.339A/A
1186,2026-06-03 08:53:00,24.5125,12.00,1.443,17.220,A,#4,HOLDING,1.271A/A
1187,2026-06-03 08:53:02,24.3125,10.80,1.443,17.220,A,#4,HOLDING,1.201A/A
1188,2026-06-03 08:53:04,24.1000,10.80,1.233,12.586,A,#4,HOLDING,1.113A/A
1189,2026-06-03 08:53:06,23.8750,10.80,1.233,12.586,A,#4,HOLDING,1.000A/A
1190,2026-06-03 08:53:08,23.6875,10.80,1.233,12.586,A,#4,HOLDING,0.998A/A
1191,2026-06-03 08:53:10,23.4375,9.01,1.233,12.586,A,#4,HOLDING,0.885A/A
1192,2026-06-03 08:53:12,23.2625,9.01,0.939,7.336,A,#4,HOLDING,0.775A/A
1193,2026-06-03 08:53:14,23.0625,9.01,0.939,7.336,A,#4,HOLDING,0.632A/A
1194,2026-06-03 08:53:15,22.8875,9.01,0.939,7.336,A,#4,HOLDING,0.570A/A
1195,2026-06-03 08:53:17,22.6875,5.78,0.939,7.336,A,#4,HOLDING,0.436A/A
1196,2026-06-03 08:53:19,22.5125,5.78,0.501,2.053,A,#4,HOLDING,0.296A/A
1197,2026-06-03 08:53:22,22.3375,5.78,0.501,2.053,A,#4,HOLDING,0.116A/A
1198,2026-06-03 08:53:23,22.2000,5.78,0.501,2.053,OFF,#4,HOLDING,0.000A/OFF
1199,2026-06-03 08:53:24,22.0000,5.78,0.501,2.053,OFF,#4,HOLDING,0.109A/B
1200,2026-06-03 08:53:26,22.0000,7.30,0.001,2.053,B,#4,HOLDING,0.225A/B
1201,2026-06-03 08:53:28,21.8875,7.30,0.001,0.407,B,#4,HOLDING,0.381A/B
1202,2026-06-03 08:53:29,21.7375,7.30,0.001,0.407,B,#4,HOLDING,0.518A/B
1203,2026-06-03 08:53:31,21.6500,7.30,0.001,0.407,B,#4,HOLDING,0.665A/B
1204,2026-06-03 08:53:33,21.5250,4.78,0.001,0.407,B,#4,HOLDING,0.837A/B
1205,2026-06-03 08:53:34,21.4250,4.78,0.837,5.331,B,#4,HOLDING,1.008A/B
1206,2026-06-03 08:53:37,21.3500,4.78,0.837,5.331,B,#4,HOLDING,1.230A/B
1207,2026-06-03 08:53:38,21.3125,4.78,0.837,5.331,B,#4,HOLDING,1.380A/B
1208,2026-06-03 08:53:40,21.3125,10.27,0.837,5.331,B,#4,HOLDING,1.550A/B
1209,2026-06-03 08:53:42,21.3125,10.27,1.461,18.104,B,#4,HOLDING,1.000A/B
1210,2026-06-03 08:53:44,21.3125,10.27,1.461,18.104,B,#4,HOLDING,1.719A/B
1211,2026-06-03 08:53:46,21.3875,10.27,1.461,18.104,B,#4,HOLDING,1.859A/B
1212,2026-06-03 08:53:48,21.4625,12.00,1.461,18.104,B,#4,HOLDING,1.500A/B
1213,2026-06-03 08:53:50,21.5500,12.00,1.533,17.610,B,#4,HOLDING,2.000A/B
1214,2026-06-03 08:53:52,21.7000,12.00,1.533,17.610,B,#4,HOLDING,1.500A/B
1215,2026-06-03 08:53:54,21.8000,12.00,1.533,17.610,B,#4,HOLDING,1.997A/B
1216,2026-06-03 08:53:56,22.0000,12.00,1.533,17.610,B,#4,HOLDING,1.000A/B
1217,2026-06-03 08:53:57,22.1750,12.00,1.043,8.740,B,#4,HOLDING,2.000A/B
1218,2026-06-03 08:54:00,22.3750,12.00,1.043,8.740,B,#4,HOLDING,2.110A/B
1219,2026-06-03 08:54:01,22.5875,12.00,1.043,8.740,B,#4,HOLDING,2.206A/B
1220,2026-06-03 08:54:03,22.7875,12.00,1.043,8.740,B,#4,HOLDING,2.000A/B
1221,2026-06-03 08:54:05,23.0250,12.00,1.455,17.220,B,#4,HOLDING,2.247A/B
1222,2026-06-03 08:54:07,23.2500,12.00,1.455,17.220,B,#4,HOLDING,1.000A/B
1223,2026-06-03 08:54:09,23.4625,12.00,1.455,17.220,B,#4,HOLDING,2.359A/B
1224,2026-06-03 08:54:11,23.7125,12.00,1.455,17.220,B,#4,HOLDING,2.432A/B
1225,2026-06-03 08:54:13,23.9625,12.00,1.414,16.752,B,#4,HOLDING,1.500A/B
1226,2026-06-03 08:54:15,24.2375,12.00,1.414,16.752,B,#4,HOLDING,2.000A/B
1227,2026-06-03 08:54:17,24.4625,12.00,1.414,16.752,B,#4,HOLDING,2.000A/B
1228,2026-06-03 08:54:18,24.7125,12.00,1.414,16.752,B,#4,HOLDING,1.000A/B
1229,2026-06-03 08:54:20,24.9875,12.00,1.171,9.380,B,#4,HOLDING,1.500A/B
1230,2026-06-03 08:54:23,25.2375,12.00,1.171,9.380,B,#4,HOLDING,1.500A/B
1231,2026-06-03 08:54:24,25.5250,12.00,1.171,9.380,B,#4,HOLDING,2.388A/B
1232,2026-06-03 08:54:26,25.8000,12.00,1.171,9.380,B,#4,HOLDING,1.000A/B
1233,2026-06-03 08:54:28,26.0625,12.00,1.083,9.480,B,#4,HOLDING,1.500A/B
1234,2026-06-03 08:54:30,26.3125,12.00,1.083,9.480,B,#4,HOLDING,2.404A/B
1235,2026-06-03 08:54:32,26.5625,12.00,1.083,9.480,B,#4,HOLDING,1.000A/B
1236,2026-06-03 08:54:34,26.8125,9.38,1.083,9.480,B,#4,HOLDING,1.000A/B
1237,2026-06-03 08:54:36,27.0625,9.38,1.000,9.580,B,#4,HOLDING,2.323A/B
1238,2026-06-03 08:54:38,27.3125,9.38,1.000,9.580,B,#4,HOLDING,2.256A/B
1239,2026-06-03 08:54:40,27.5250,9.38,1.000,9.580,B,#4,HOLDING,2.196A/B
1240,2026-06-03 08:54:41,27.7750,12.00,1.000,9.580,B,#4,HOLDING,2.117A/B
1241,2026-06-03 08:54:43,28.0250,12.00,1.342,15.948,B,#4,HOLDING,2.000A/B
1242,2026-06-03 08:54:46,28.2750,12.00,1.342,15.948,B,#4,HOLDING,1.000A/B
1243,2026-06-03 08:54:47,28.5250,12.00,1.342,15.948,B,#4,HOLDING,1.996A/B
1244,2026-06-03 08:54:49,28.7500,12.00,1.342,15.948,B,#4,HOLDING,1.000A/B
1245,2026-06-03 08:54:51,29.0125,12.00,1.015,9.690,B,#4,HOLDING,1.000A/B
1246,2026-06-03 08:54:53,29.2375,12.00,1.015,9.690,B,#4,HOLDING,1.000A/B
1247,2026-06-03 08:54:55,29.4625,12.00,1.015,9.690,B,#4,HOLDING,1.902A/B
1248,2026-06-03 08:54:57,29.6875,12.00,1.015,9.690,B,#4,HOLDING,1.500A/B
1249,2026-06-03 08:54:59,29.9250,12.00,1.323,15.708,B,#4,HOLDING,1.740A/B
1250,2026-06-03 08:55:01,30.1250,12.00,1.323,15.708,B,#4,HOLDING,1.000A/B
1251,2026-06-03 08:55:03,30.3375,12.00,1.323,15.708,B,#4,HOLDING,1.500A/B
1252,2026-06-03 08:55:04,30.5625,12.00,1.323,15.708,B,#4,HOLDING,1.512A/B
1253,2026-06-03 08:55:06,30.7625,12.00,1.310,15.576,B,#4,HOLDING,1.325A/B
1254,2026-06-03 08:55:09,30.9875,12.00,1.310,15.576,B,#4,HOLDING,1.000A/B
1255,2026-06-03 08:55:10,31.1750,12.00,1.310,15.576,B,#4,HOLDING,1.076A/B
1256,2026-06-03 08:55:12,31.4000,10.33,1.310,15.576,B,#4,HOLDING,0.862A/B
1257,2026-06-03 08:55:14,31.5875,10.33,0.862,7.645,B,#4,HOLDING,0.647A/B
1258,2026-06-03 08:55:16,31.8375,10.33,0.862,7.645,B,#4,HOLDING,0.359A/B
1259,2026-06-03 08:55:18,32.0250,10.33,0.862,7.645,B,#4,HOLDING,0.159A/B
1260,2026-06-03 08:55:20,32.2000,10.33,0.862,7.645,OFF,#4,HOLDING,0.000A/OFF
1261,2026-06-03 08:55:21,32.2000,2.99,0.159,7.645,OFF,#4,HOLDING,0.195A/A
1262,2026-06-03 08:55:22,32.3625,2.99,0.159,0.000,A,#4,HOLDING,0.408A/A
1263,2026-06-03 08:55:24,32.5125,2.99,0.159,0.000,A,#4,HOLDING,0.624A/A
1264,2026-06-03 08:55:25,32.6750,2.99,0.159,0.000,A,#4,HOLDING,0.851A/A
1265,2026-06-03 08:55:27,32.7750,5.81,0.159,0.000,A,#4,HOLDING,1.105A/A
1266,2026-06-03 08:55:29,32.8875,5.81,1.105,8.873,A,#4,HOLDING,1.361A/A
1267,2026-06-03 08:55:32,32.9625,5.81,1.105,8.873,A,#4,HOLDING,1.500A/A
1268,2026-06-03 08:55:33,33.0000,5.81,1.105,8.873,A,#4,HOLDING,1.688A/A
1269,2026-06-03 08:55:35,33.0000,12.00,1.105,8.873,A,#4,HOLDING,1.000A/A
1270,2026-06-03 08:55:37,33.0000,12.00,1.292,7.750,A,#4,HOLDING,1.000A/A
1271,2026-06-03 08:55:39,32.9750,12.00,1.292,7.750,A,#4,HOLDING,1.937A/A
1272,2026-06-03 08:55:41,32.9250,12.00,1.292,7.750,A,#4,HOLDING,2.151A/A
1273,2026-06-03 08:55:43,32.8000,12.00,1.292,7.750,A,#4,HOLDING,2.000A/A
1274,2026-06-03 08:55:44,32.8000,12.00,1.584,18.792,A,#4,HOLDING,2.394A/A
1275,2026-06-03 08:55:47,32.5000,12.00,1.584,18.792,A,#4,HOLDING,1.500A/A
1276,2026-06-03 08:55:48,32.3875,12.00,1.584,18.792,A,#4,HOLDING,2.000A/A
1277,2026-06-03 08:55:50,32.1875,12.00,1.584,18.792,A,#4,HOLDING,1.000A/A
1278,2026-06-03 08:55:52,32.1875,12.00,1.029,8.420,A,#4,HOLDING,2.000A/A
1279,2026-06-03 08:55:54,31.7500,12.00,1.029,8.420,A,#4,HOLDING,1.000A/A
1280,2026-06-03 08:55:56,31.5250,12.00,1.029,8.420,A,#4,HOLDING,2.622A/A
1281,2026-06-03 08:55:58,31.2250,12.00,1.029,8.420,A,#4,HOLDING,1.500A/A
1282,2026-06-03 08:56:00,31.2250,12.00,1.496,17.772,A,#4,HOLDING,1.500A/A
1283,2026-06-03 08:56:02,30.7625,12.00,1.496,17.772,A,#4,HOLDING,1.000A/A
1284,2026-06-03 08:56:04,30.5625,12.00,1.496,17.772,A,#4,HOLDING,2.500A/A
1285,2026-06-03 08:56:06,30.2875,12.00,1.496,17.772,A,#4,HOLDING,2.000A/A
1286,2026-06-03 08:56:07,30.2875,12.00,1.472,17.484,A,#4,HOLDING,1.500A/A
1287,2026-06-03 08:56:10,29.7875,12.00,1.472,17.484,A,#4,HOLDING,1.000A/A
1288,2026-06-03 08:56:11,29.5375,12.00,1.472,17.484,A,#4,HOLDING,2.500A/A
1289,2026-06-03 08:56:13,29.2625,12.00,1.472,17.484,A,#4,HOLDING,2.000A/A
1290,2026-06-03 08:56:15,29.2625,12.00,1.448,17.268,A,#4,HOLDING,2.706A/A
1291,2026-06-03 08:56:17,28.7000,12.00,1.448,17.268,A,#4,HOLDING,2.746A/A
1292,2026-06-03 08:56:19,28.4375,12.00,1.448,17.268,A,#4,HOLDING,1.500A/A
1293,2026-06-03 08:56:21,28.1625,12.00,1.448,17.268,A,#4,HOLDING,2.767A/A
1294,2026-06-03 08:56:23,28.1625,12.00,1.435,17.088,A,#4,HOLDING,1.500A/A
1295,2026-06-03 08:56:25,27.6000,12.00,1.435,17.088,A,#4,HOLDING,2.854A/A
1296,2026-06-03 08:56:27,27.3125,12.00,1.435,17.088,A,#4,HOLDING,1.000A/A
1297,2026-06-03 08:56:28,27.0375,9.03,1.435,17.088,A,#4,HOLDING,2.000A/A
1298,2026-06-03 08:56:30,27.0375,9.03,1.215,17.040,A,#4,HOLDING,2.882A/A
1299,2026-06-03 08:56:33,26.5000,9.03,1.215,17.040,A,#4,HOLDING,1.500A/A
1300,2026-06-03 08:56:34,26.5000,9.03,1.215,17.040,A,#4,HOLDING,2.873A/A
1301,2026-06-03 08:56:36,26.2500,12.00,1.215,17.040,A,#4,HOLDING,1.500A/A
1302,2026-06-03 08:56:38,25.9500,12.00,1.418,16.920,A,#4,HOLDING,2.872A/A
1303,2026-06-03 08:56:40,25.4750,12.00,1.418,16.920,A,#4,HOLDING,1.000A/A
1304,2026-06-03 08:56:42,25.4750,12.00,1.418,16.920,A,#4,HOLDING,2.000A/A
1305,2026-06-03 08:56:44,25.2250,12.00,1.418,16.920,A,#4,HOLDING,2.000A/A
1306,2026-06-03 08:56:46,24.9250,12.00,1.410,16.860,A,#4,HOLDING,2.500A/A
1307,2026-06-03 08:56:48,24.4750,12.00,1.410,16.860,A,#4,HOLDING,1.000A/A
1308,2026-06-03 08:56:50,24.4750,12.00,1.410,16.860,A,#4,HOLDING,2.000A/A
1309,2026-06-03 08:56:51,24.2250,12.00,1.410,16.860,A,#4,HOLDING,2.500A/A
1310,2026-06-03 08:56:53,24.0000,12.00,1.409,16.800,A,#4,HOLDING,1.000A/A
1311,2026-06-03 08:56:56,23.5625,12.00,1.409,16.800,A,#4,HOLDING,1.000A/A
1312,2026-06-03 08:56:57,23.5625,12.00,1.409,16.800,A,#4,HOLDING,2.000A/A
1313,2026-06-03 08:56:59,23.2875,12.00,1.409,16.800,A,#4,HOLDING,1.000A/A
1314,2026-06-03 08:57:01,23.0625,12.00,1.209,9.280,A,#4,HOLDING,2.500A/A
1315,2026-06-03 08:57:03,22.6250,12.00,1.209,9.280,A,#4,HOLDING,1.500A/A
1316,2026-06-03 08:57:05,22.6250,12.00,1.209,9.280,A,#4,HOLDING,2.500A/A
1317,2026-06-03 08:57:07,22.4500,12.00,1.209,9.280,A,#4,HOLDING,1.000A/A
1318,2026-06-03 08:57:09,22.2500,12.00,1.203,9.260,A,#4,HOLDING,1.500A/A
1319,2026-06-03 08:57:11,21.8750,12.00,1.203,9.260,A,#4,HOLDING,2.000A/A
1320,2026-06-03 08:57:12,21.8750,12.00,1.203,9.260,A,#4,HOLDING,2.671A/A
1321,2026-06-03 08:57:14,21.7000,12.00,1.203,9.260,A,#4,HOLDING,2.000A/A
1322,2026-06-03 08:57:16,21.5000,12.00,1.412,16.824,A,#4,HOLDING,2.496A/A
1323,2026-06-03 08:57:19,21.1250,12.00,1.412,16.824,A,#4,HOLDING,2.000A/A
1324,2026-06-03 08:57:20,21.1250,12.00,1.412,16.824,A,#4,HOLDING,2.241A/A
1325,2026-06-03 08:57:22,20.9500,12.00,1.412,16.824,A,#4,HOLDING,2.043A/A
1326,2026-06-03 08:57:24,20.8000,12.00,1.407,16.776,A,#4,HOLDING,1.500A/A
1327,2026-06-03 08:57:26,20.4625,12.00,1.407,16.776,A,#4,HOLDING,1.500A/A
1328,2026-06-03 08:57:28,20.4625,12.00,1.407,16.776,A,#4,HOLDING,1.000A/A
1329,2026-06-03 08:57:30,20.3250,9.21,1.407,16.776,A,#4,HOLDING,1.820A/A
1330,2026-06-03 08:57:31,20.1500,9.21,1.204,16.788,A,#4,HOLDING,1.500A/A
1331,2026-06-03 08:57:34,19.9875,9.21,1.204,16.788,A,#4,HOLDING,1.000A/A
1332,2026-06-03 08:57:35,19.8625,9.21,1.204,16.788,A,#4,HOLDING,1.581A/A
1333,2026-06-03 08:57:37,19.7000,12.00,1.204,16.788,A,#4,HOLDING,1.341A/A
1334,2026-06-03 08:57:39,19.5250,12.00,1.374,15.569,A,#4,HOLDING,1.095A/A
1335,2026-06-03 08:57:41,19.3875,12.00,1.374,15.569,A,#4,HOLDING,0.777A/A
1336,2026-06-03 08:57:43,19.2375,12.00,1.374,15.569,A,#4,HOLDING,0.553A/A
1337,2026-06-03 08:57:45,19.0875,5.90,1.374,15.569,A,#4,HOLDING,0.291A/A
1338,2026-06-03 08:57:47,18.9625,5.90,0.343,15.569,OFF,#4,HOLDING,0.000A/OFF
1339,2026-06-03 08:57:48,18.8375,5.90,0.343,1.082,OFF,#4,HOLDING,0.129A/B
1340,2026-06-03 08:57:49,18.7375,5.90,0.343,1.082,B,#4,HOLDING,0.354A/B
1341,2026-06-03 08:57:51,18.7375,5.90,0.343,1.082,B,#4,HOLDING,0.580A/B
1342,2026-06-03 08:57:53,18.6125,3.84,0.343,1.082,B,#4,HOLDING,0.859A/B
1343,2026-06-03 08:57:55,18.5125,3.84,0.810,5.368,B,#4,HOLDING,1.140A/B
1344,2026-06-03 08:57:57,18.4625,3.84,0.810,5.368,B,#4,HOLDING,1.000A/B
1345,2026-06-03 08:57:59,18.4125,3.84,0.810,5.368,B,#4,HOLDING,1.503A/B
1346,2026-06-03 08:58:00,18.4125,10.74,0.810,5.368,B,#4,HOLDING,1.781A/B
1347,2026-06-03 08:58:02,18.3875,10.74,1.663,19.668,B,#4,HOLDING,2.060A/B
1348,2026-06-03 08:58:05,18.4500,10.74,1.663,19.668,B,#4,HOLDING,2.407A/B
1349,2026-06-03 08:58:06,18.5250,10.74,1.663,19.668,B,#4,HOLDING,2.500A/B
1350,2026-06-03 08:58:08,18.6125,12.00,1.663,19.668,B,#4,HOLDING,2.000A/B
1351,2026-06-03 08:58:10,18.7625,12.00,1.576,18.588,B,#4,HOLDING,2.500A/B
1352,2026-06-03 08:58:12,18.9625,12.00,1.576,18.588,B,#4,HOLDING,1.000A/B
1353,2026-06-03 08:58:14,19.1375,12.00,1.576,18.588,B,#4,HOLDING,2.591A/B
1354,2026-06-03 08:58:16,19.3750,12.00,1.576,18.588,B,#4,HOLDING,2.000A/B
1355,2026-06-03 08:58:18,19.6250,12.00,1.501,17.784,B,#4,HOLDING,2.500A/B
1356,2026-06-03 08:58:20,19.9000,12.00,1.501,17.784,B,#4,HOLDING,2.788A/B
1357,2026-06-03 08:58:22,20.1250,12.00,1.501,17.784,B,#4,HOLDING,1.500A/B
1358,2026-06-03 08:58:23,20.4000,12.00,1.501,17.784,B,#4,HOLDING,1.500A/B
1359,2026-06-03 08:58:25,20.6750,12.00,1.449,17.184,B,#4,HOLDING,1.500A/B
1360,2026-06-03 08:58:28,20.9625,12.00,1.449,17.184,B,#4,HOLDING,2.500A/B
1361,2026-06-03 08:58:29,21.2625,12.00,1.449,17.184,B,#4,HOLDING,1.000A/B
1362,2026-06-03 08:58:31,21.5625,9.06,1.449,17.184,B,#4,HOLDING,1.000A/B
1363,2026-06-03 08:58:33,21.8625,9.06,1.000,9.210,B,#4,HOLDING,1.000A/B
1364,2026-06-03 08:58:35,22.1625,9.06,1.000,9.210,B,#4,HOLDING,1.000A/B
1365,2026-06-03 08:58:37,22.4875,9.06,1.000,9.210,B,#4,HOLDING,2.000A/B
1366,2026-06-03 08:58:39,22.7750,12.00,1.000,9.210,B,#4,HOLDING,2.000A/B
1367,2026-06-03 08:58:41,23.0750,12.00,1.399,16.560,B,#4,HOLDING,1.500A/B
1368,2026-06-03 08:58:43,23.3750,12.00,1.399,16.560,B,#4,HOLDING,2.739A/B
1369,2026-06-03 08:58:44,23.6750,12.00,1.399,16.560,B,#4,HOLDING,1.500A/B
1370,2026-06-03 08:58:46,23.9750,12.00,1.399,16.560,B,#4,HOLDING,1.500A/B
1371,2026-06-03 08:58:48,24.2750,12.00,1.371,16.272,B,#4,HOLDING,2.500A/B
1372,2026-06-03 08:58:51,24.5625,12.00,1.371,16.272,B,#4,HOLDING,2.500A/B
1373,2026-06-03 08:58:52,24.8375,12.00,1.371,16.272,B,#4,HOLDING,2.500A/B
1374,2026-06-03 08:58:54,25.1250,12.00,1.371,16.272,B,#4,HOLDING,2.000A/B
1375,2026-06-03 08:58:56,25.4250,12.00,1.347,16.008,B,#5,APPROACH,2.000A/B
1376,2026-06-03 08:58:58,25.7500,12.00,1.347,16.008,A,#5,APPROACH,0.226A/A
1377,2026-06-03 08:59:00,26.0000,12.00,1.347,16.008,A,#5,APPROACH,0.314A/A
1378,2026-06-03 08:59:02,26.2875,12.00,1.347,16.008,A,#5,APPROACH,0.427A/A
1379,2026-06-03 08:59:05,26.8375,7.66,0.427,16.008,A,#5,APPROACH,0.609A/A
1380,2026-06-03 08:59:06,27.1125,7.66,0.427,2.576,A,#5,APPROACH,0.764A/A
1381,2026-06-03 08:59:08,27.1125,7.66,0.427,2.576,A,#5,APPROACH,0.887A/A
1382,2026-06-03 08:59:10,27.3375,7.66,0.427,2.576,A,#5,APPROACH,1.038A/A
1383,2026-06-03 08:59:11,27.5375,7.60,0.427,2.576,A,#5,APPROACH,1.241A/A
1384,2026-06-03 08:59:13,27.7000,7.60,1.134,11.541,A,#5,APPROACH,1.466A/A
1385,2026-06-03 08:59:16,27.8750,7.60,1.134,11.541,A,#1,APPROACH,1.111A/A
1386,2026-06-03 08:59:18,27.9875,7.60,1.134,11.541,A,#1,APPROACH,1.500A/A
1387,2026-06-03 08:59:20,28.1875,7.60,1.134,11.541,A,#1,APPROACH,1.000A/A
1388,2026-06-03 08:59:22,28.2125,9.85,1.000,11.541,A,#1,APPROACH,1.631A/A
1389,2026-06-03 08:59:24,28.2625,9.85,1.000,18.816,A,#1,APPROACH,2.065A/A
1390,2026-06-03 08:59:25,28.2625,9.85,1.000,18.816,A,#1,APPROACH,2.431A/A
1391,2026-06-03 08:59:27,28.2625,9.85,1.000,18.816,A,#1,APPROACH,2.000A/A
1392,2026-06-03 08:59:29,28.2125,12.00,1.000,18.816,A,#1,APPROACH,1.500A/A
1393,2026-06-03 08:59:31,28.1625,12.00,1.520,17.775,A,#1,APPROACH,2.500A/A
1394,2026-06-03 08:59:33,28.0500,12.00,1.520,17.775,A,#1,APPROACH,2.784A/A
1395,2026-06-03 08:59:35,27.9500,12.00,1.520,17.775,A,#1,APPROACH,1.000A/A
1396,2026-06-03 08:59:37,27.8500,8.49,1.520,17.775,A,#1,APPROACH,3.000A/A
1397,2026-06-03 08:59:38,27.6750,8.49,1.432,17.844,A,#1,APPROACH,3.000A/A
1398,2026-06-03 08:59:41,27.5500,8.49,1.432,17.844,A,#1,APPROACH,1.000A/A
1399,2026-06-03 08:59:42,27.3750,8.49,1.432,17.844,A,#1,APPROACH,3.000A/A
1400,2026-06-03 08:59:44,27.2375,12.00,1.432,17.844,A,#1,APPROACH,2.000A/A
1401,2026-06-03 08:59:46,27.0625,12.00,1.474,17.568,A,#1,APPROACH,3.000A/A
1402,2026-06-03 08:59:48,26.8875,12.00,1.474,17.568,A,#1,APPROACH,2.500A/A
1403,2026-06-03 08:59:50,26.6875,12.00,1.474,17.568,A,#1,APPROACH,2.000A/A
1404,2026-06-03 08:59:52,26.5125,12.00,1.474,17.568,A,#1,APPROACH,1.000A/A
1405,2026-06-03 08:59:54,26.3125,12.00,1.033,8.970,A,#1,APPROACH,1.500A/A
1406,2026-06-03 08:59:56,26.0750,12.00,1.033,8.970,A,#1,APPROACH,2.000A/A
1407,2026-06-03 08:59:58,25.8750,12.00,1.033,8.970,A,#1,APPROACH,1.500A/A
1408,2026-06-03 09:00:00,25.6875,12.00,1.033,8.970,A,#1,APPROACH,1.500A/A
1409,2026-06-03 09:00:01,25.4625,12.00,1.444,17.172,A,#1,APPROACH,3.000A/A
1410,2026-06-03 09:00:04,25.2500,12.00,1.444,17.172,A,#1,APPROACH,2.000A/A
1411,2026-06-03 09:00:05,25.0500,12.00,1.444,17.172,A,#1,APPROACH,2.000A/A
1412,2026-06-03 09:00:07,24.8250,12.00,1.444,17.172,A,#1,APPROACH,2.500A/A
1413,2026-06-03 09:00:09,24.6250,12.00,1.424,16.932,A,#1,APPROACH,2.000A/A
1414,2026-06-03 09:00:11,24.3875,12.00,1.424,16.932,A,#1,APPROACH,1.000A/A
1415,2026-06-03 09:00:13,24.1875,12.00,1.424,16.932,A,#1,APPROACH,2.941A/A
1416,2026-06-03 09:00:15,24.0125,12.00,1.424,16.932,A,#1,APPROACH,2.000A/A
1417,2026-06-03 09:00:17,23.7875,12.00,1.417,16.872,A,#1,APPROACH,2.500A/A
1418,2026-06-03 09:00:19,23.5750,12.00,1.417,16.872,A,#1,APPROACH,2.000A/A
1419,2026-06-03 09:00:21,23.3750,12.00,1.417,16.872,A,#1,APPROACH,3.000A/A
1420,2026-06-03 09:00:23,23.1375,12.00,1.417,16.872,A,#1,APPROACH,1.500A/A
1421,2026-06-03 09:00:24,22.9375,12.00,1.407,16.800,A,#1,APPROACH,1.000A/A
1422,2026-06-03 09:00:27,22.7500,12.00,1.407,16.800,A,#1,APPROACH,1.000A/A
1423,2026-06-03 09:00:28,22.5250,12.00,1.407,16.800,A,#1,APPROACH,1.000A/A
1424,2026-06-03 09:00:30,22.3250,9.12,1.407,16.800,A,#1,APPROACH,1.000A/A
1425,2026-06-03 09:00:32,22.1250,9.12,1.000,9.250,A,#1,APPROACH,2.000A/A
1426,2026-06-03 09:00:34,21.9500,9.12,1.000,9.250,A,#1,APPROACH,1.500A/A
1427,2026-06-03 09:00:36,21.7500,9.12,1.000,9.250,A,#1,APPROACH,2.000A/A
1428,2026-06-03 09:00:38,21.5750,12.00,1.000,9.250,A,#1,APPROACH,3.000A/A
1429,2026-06-03 09:00:40,21.4250,12.00,1.411,16.824,A,#1,APPROACH,2.500A/A
1430,2026-06-03 09:00:42,21.2625,12.00,1.411,16.824,A,#1,APPROACH,1.000A/A
1431,2026-06-03 09:00:44,21.0625,12.00,1.411,16.824,A,#1,APPROACH,1.500A/A
1432,2026-06-03 09:00:46,20.9500,12.00,1.411,16.824,A,#1,APPROACH,3.000A/A
1433,2026-06-03 09:00:47,20.7500,12.00,1.407,16.740,A,#1,APPROACH,2.000A/A
1434,2026-06-03 09:00:50,20.5875,12.00,1.407,16.740,A,#1,APPROACH,1.500A/A
1435,2026-06-03 09:00:51,20.4375,12.00,1.407,16.740,A,#1,APPROACH,1.000A/A
1436,2026-06-03 09:00:53,20.2625,9.18,1.407,16.740,A,#1,APPROACH,2.000A/A
1437,2026-06-03 09:00:55,20.1125,9.18,1.208,16.752,A,#1,APPROACH,1.500A/A
1438,2026-06-03 09:00:57,19.9625,9.18,1.208,16.752,A,#1,APPROACH,1.500A/A
1439,2026-06-03 09:00:59,19.8625,9.18,1.208,16.752,A,#1,APPROACH,2.000A/A
1440,2026-06-03 09:01:01,19.7000,12.00,1.208,16.752,A,#1,APPROACH,1.500A/A
1441,2026-06-03 09:01:03,19.5500,12.00,1.401,16.704,A,#1,APPROACH,1.500A/A
1442,2026-06-03 09:01:05,19.4000,12.00,1.401,16.704,A,#1,APPROACH,1.500A/A
1443,2026-06-03 09:01:07,19.2500,12.00,1.401,16.704,A,#1,APPROACH,1.500A/A
1444,2026-06-03 09:01:08,19.1375,12.00,1.401,16.704,A,#1,APPROACH,1.000A/A
1445,2026-06-03 09:01:10,18.9875,12.00,1.024,9.310,A,#1,APPROACH,2.500A/A
1446,2026-06-03 09:01:13,18.8375,12.00,1.024,9.310,A,#1,APPROACH,2.000A/A
1447,2026-06-03 09:01:14,18.7375,12.00,1.024,9.310,A,#1,APPROACH,2.929A/A
1448,2026-06-03 09:01:16,18.6125,12.00,1.024,9.310,A,#1,APPROACH,1.500A/A
1449,2026-06-03 09:01:18,18.4875,12.00,1.401,16.680,A,#1,APPROACH,1.000A/A
1450,2026-06-03 09:01:20,18.3375,12.00,1.401,16.680,A,#1,APPROACH,2.992A/A
1451,2026-06-03 09:01:22,18.2375,12.00,1.401,16.680,A,#1,APPROACH,1.500A/A
1452,2026-06-03 09:01:24,18.1125,12.00,1.401,16.680,A,#1,APPROACH,3.000A/A
1453,2026-06-03 09:01:26,17.9875,12.00,1.399,16.692,A,#1,APPROACH,1.500A/A
1454,2026-06-03 09:01:28,17.8875,12.00,1.399,16.692,A,#1,APPROACH,2.500A/A
1455,2026-06-03 09:01:30,17.7875,12.00,1.399,16.692,A,#1,APPROACH,2.000A/A
1456,2026-06-03 09:01:31,17.6750,12.00,1.399,16.692,A,#1,APPROACH,3.000A/A
1457,2026-06-03 09:01:33,17.5500,12.00,1.396,16.644,A,#1,APPROACH,2.500A/A
1458,2026-06-03 09:01:36,17.4625,12.00,1.396,16.644,A,#1,HOLDING,2.964A/A
1459,2026-06-03 09:01:37,17.3625,12.00,1.396,16.644,OFF,#1,HOLDING,0.000A/OFF
1460,2026-06-03 09:01:38,17.3625,12.00,1.396,16.644,OFF,#1,HOLDING,0.000A/OFF
1461,2026-06-03 09:01:39,17.2750,12.00,1.396,16.644,OFF,#1,HOLDING,0.000A/OFF
1462,2026-06-03 09:01:40,17.2750,12.00,1.393,16.644,OFF,#1,HOLDING,0.000A/OFF
1463,2026-06-03 09:01:41,17.1750,12.00,1.393,0.000,OFF,#1,HOLDING,0.000A/OFF
1464,2026-06-03 09:01:42,17.1750,12.00,1.393,0.000,OFF,#1,HOLDING,0.000A/OFF
1465,2026-06-03 09:01:43,17.0750,12.00,1.393,0.000,OFF,#1,HOLDING,0.000A/OFF
1466,2026-06-03 09:01:44,16.9750,12.00,1.393,0.000,OFF,#1,HOLDING,0.000A/OFF
1467,2026-06-03 09:01:45,16.9750,12.00,1.393,0.000,A,#1,HOLDING,0.100A/A
1468,2026-06-03 09:01:47,16.9375,12.00,0.000,0.195,A,#1,HOLDING,0.128A/A
1469,2026-06-03 09:01:49,16.8875,12.00,0.000,0.195,A,#1,HOLDING,0.160A/A
1470,2026-06-03 09:01:51,16.8125,12.00,0.000,0.195,A,#1,HOLDING,0.162A/A
1471,2026-06-03 09:01:53,16.8125,2.21,0.000,0.195,A,#1,HOLDING,0.177A/A
1472,2026-06-03 09:01:55,16.8125,2.21,0.177,0.417,A,#1,HOLDING,0.192A/A
1473,2026-06-03 09:01:57,16.8125,2.21,0.177,0.417,A,#1,HOLDING,0.215A/A
1474,2026-06-03 09:01:58,16.8125,2.21,0.177,0.417,A,#1,HOLDING,0.225A/A
1475,2026-06-03 09:02:00,16.8375,2.64,0.177,0.417,A,#1,HOLDING,0.240A/A
1476,2026-06-03 09:02:02,16.8750,2.64,0.240,0.674,A,#1,HOLDING,0.257A/A
1477,2026-06-03 09:02:05,16.9250,2.64,0.240,0.674,A,#1,HOLDING,0.282A/A
1478,2026-06-03 09:02:06,16.9500,2.64,0.240,0.674,A,#1,HOLDING,0.297A/A
1479,2026-06-03 09:02:08,17.0000,3.18,0.240,0.674,A,#1,HOLDING,0.317A/A
1480,2026-06-03 09:02:10,17.0375,3.18,0.305,1.084,A,#1,HOLDING,0.337A/A
1481,2026-06-03 09:02:12,17.0875,3.18,0.305,1.084,A,#1,HOLDING,0.365A/A
1482,2026-06-03 09:02:14,17.1625,3.18,0.305,1.084,A,#1,HOLDING,0.392A/A
1483,2026-06-03 09:02:16,17.2125,3.95,0.305,1.084,A,#1,HOLDING,0.419A/A
1484,2026-06-03 09:02:17,17.2500,3.95,0.403,1.768,A,#1,HOLDING,0.446A/A
1485,2026-06-03 09:02:20,17.3000,3.95,0.403,1.768,A,#1,HOLDING,0.480A/A
1486,2026-06-03 09:02:21,17.3500,3.95,0.403,1.768,A,#1,HOLDING,0.507A/A
1487,2026-06-03 09:02:23,17.4000,4.89,0.403,1.768,A,#1,HOLDING,0.544A/A
1488,2026-06-03 09:02:25,17.4375,4.89,0.530,2.872,A,#1,HOLDING,0.576A/A
1489,2026-06-03 09:02:28,17.4875,4.89,0.530,2.872,A,#1,HOLDING,0.620A/A
1490,2026-06-03 09:02:29,17.5125,4.89,0.530,2.872,A,#1,HOLDING,0.701A/A
1491,2026-06-03 09:02:31,17.5625,6.44,0.530,2.872,A,#1,HOLDING,0.743A/A
1492,2026-06-03 09:02:33,17.5750,6.44,0.743,5.104,A,#1,HOLDING,0.780A/A
1493,2026-06-03 09:02:35,17.6250,6.44,0.743,5.104,A,#1,HOLDING,0.837A/A
1494,2026-06-03 09:02:37,17.6250,6.44,0.743,5.104,A,#1,HOLDING,0.868A/A
1495,2026-06-03 09:02:39,17.6500,7.65,0.743,5.104,A,#1,HOLDING,0.913A/A
1496,2026-06-03 09:02:40,17.6375,7.65,0.913,7.440,A,#1,HOLDING,0.949A/A
1497,2026-06-03 09:02:43,17.6875,7.65,0.913,7.440,A,#1,HOLDING,1.000A/A
1498,2026-06-03 09:02:44,17.6625,7.65,0.913,7.440,A,#1,HOLDING,1.005A/A
1499,2026-06-03 09:02:46,17.6875,8.69,0.913,7.440,A,#1,HOLDING,1.054A/A
1500,2026-06-03 09:02:48,17.6375,8.69,1.054,9.696,A,#1,HOLDING,1.085A/A
1501,2026-06-03 09:02:50,17.6375,8.69,1.054,9.696,A,#1,HOLDING,1.141A/A
1502,2026-06-03 09:02:52,17.6250,8.69,1.054,9.696,A,#1,HOLDING,1.172A/A
1503,2026-06-03 09:02:54,17.5750,9.96,1.054,9.696,A,#1,HOLDING,1.210A/A
1504,2026-06-03 09:02:56,17.5625,9.96,1.190,12.596,A,#1,HOLDING,1.247A/A
1505,2026-06-03 09:02:58,17.5125,9.96,1.190,12.596,A,#1,HOLDING,1.290A/A
1506,2026-06-03 09:03:00,17.4875,9.96,1.190,12.596,A,#1,HOLDING,1.273A/A
1507,2026-06-03 09:03:02,17.4375,10.65,1.190,12.596,A,#1,HOLDING,1.303A/A
1508,2026-06-03 09:03:03,17.4375,10.65,1.303,14.463,A,#1,HOLDING,1.342A/A
1509,2026-06-03 09:03:06,17.3250,10.65,1.303,14.463,A,#1,HOLDING,1.375A/A
1510,2026-06-03 09:03:07,17.2750,10.65,1.303,14.463,A,#2,APPROACH,1.399A/A
1511,2026-06-03 09:03:09,17.2000,10.65,1.303,14.463,OFF,#2,HOLDING,0.000A/OFF
1512,2026-06-03 09:03:10,17.2000,2.83,1.303,14.463,OFF,#2,HOLDING,0.000A/OFF
1513,2026-06-03 09:03:11,17.1375,2.83,0.000,14.463,OFF,#2,HOLDING,0.000A/OFF
1514,2026-06-03 09:03:12,17.1375,2.83,0.000,14.463,OFF,#2,HOLDING,0.000A/OFF
1515,2026-06-03 09:03:13,17.0625,2.83,0.000,0.000,OFF,#2,HOLDING,0.000A/OFF
1516,2026-06-03 09:03:14,17.0625,2.83,0.000,0.000,OFF,#2,HOLDING,0.000A/OFF
1517,2026-06-03 09:03:15,17.0500,2.83,0.000,0.000,OFF,#2,HOLDING,0.000A/OFF
1518,2026-06-03 09:03:16,17.0500,2.83,0.000,0.000,OFF,#2,HOLDING,0.000A/OFF
1519,2026-06-03 09:03:17,17.0000,12.00,0.000,0.000,OFF,#2,HOLDING,0.000A/OFF
1520,2026-06-03 09:03:18,17.0000,12.00,0.000,0.000,OFF,#2,HOLDING,0.000A/OFF
1521,2026-06-03 09:03:19,17.0000,12.00,0.000,0.000,OFF,#2,HOLDING,0.000A/OFF
1522,2026-06-03 09:03:20,17.0000,12.00,0.000,0.000,A,#2,HOLDING,0.101A/A
1523,2026-06-03 09:03:22,16.9750,12.00,0.000,0.000,A,#2,HOLDING,0.112A/A
1524,2026-06-03 09:03:24,16.9750,1.56,0.000,0.000,A,#2,HOLDING,0.126A/A
1525,2026-06-03 09:03:26,17.0000,1.56,0.126,0.215,A,#2,HOLDING,0.143A/A
1526,2026-06-03 09:03:28,17.0375,1.56,0.126,0.215,A,#2,HOLDING,0.169A/A
1527,2026-06-03 09:03:30,17.0625,1.56,0.126,0.215,A,#2,HOLDING,0.187A/A
1528,2026-06-03 09:03:32,17.1000,2.14,0.126,0.215,A,#2,HOLDING,0.206A/A
1529,2026-06-03 09:03:33,17.1250,2.14,0.206,0.486,A,#2,HOLDING,0.225A/A
1530,2026-06-03 09:03:36,17.1875,2.14,0.206,0.486,A,#2,HOLDING,0.255A/A
1531,2026-06-03 09:03:37,17.2375,2.14,0.206,0.486,A,#2,HOLDING,0.277A/A
1532,2026-06-03 09:03:39,17.3125,2.90,0.206,0.486,A,#2,HOLDING,0.308A/A
1533,2026-06-03 09:03:41,17.3375,2.90,0.290,1.010,A,#2,HOLDING,0.333A/A
1534,2026-06-03 09:03:43,17.4125,2.90,0.290,1.010,A,#2,HOLDING,0.372A/A
1535,2026-06-03 09:03:45,17.4375,2.90,0.290,1.010,A,#2,HOLDING,0.394A/A
1536,2026-06-03 09:03:47,17.5125,3.93,0.290,1.010,A,#2,HOLDING,0.433A/A
1537,2026-06-03 09:03:49,17.5625,3.93,0.414,1.879,A,#2,HOLDING,0.467A/A
1538,2026-06-03 09:03:51,17.5875,3.93,0.414,1.879,A,#2,HOLDING,0.513A/A
1539,2026-06-03 09:03:53,17.6125,3.93,0.414,1.879,A,#2,HOLDING,0.592A/A
1540,2026-06-03 09:03:55,17.6625,5.55,0.414,1.879,A,#2,HOLDING,0.634A/A
1541,2026-06-03 09:03:56,17.6875,5.55,0.618,3.797,A,#2,HOLDING,0.676A/A
1542,2026-06-03 09:03:59,17.7250,5.55,0.618,3.797,A,#2,HOLDING,0.731A/A
1543,2026-06-03 09:04:00,17.7500,5.55,0.618,3.797,A,#2,HOLDING,0.767A/A
1544,2026-06-03 09:04:02,17.7500,6.91,0.618,3.797,A,#2,HOLDING,0.807A/A
1545,2026-06-03 09:04:04,17.7500,6.91,0.807,5.979,A,#2,HOLDING,0.847A/A
1546,2026-06-03 09:04:06,17.7625,6.91,0.807,5.979,A,#2,HOLDING,0.900A/A
1547,2026-06-03 09:04:08,17.7875,6.91,0.807,5.979,A,#2,HOLDING,0.942A/A
1548,2026-06-03 09:04:10,17.7625,8.24,0.807,5.979,A,#2,HOLDING,0.982A/A
1549,2026-06-03 09:04:12,17.7625,8.24,0.982,8.563,A,#2,HOLDING,1.023A/A
1550,2026-06-03 09:04:14,17.7500,8.24,0.982,8.563,A,#2,HOLDING,1.073A/A
1551,2026-06-03 09:04:16,17.7500,8.24,0.982,8.563,A,#2,HOLDING,1.112A/A
1552,2026-06-03 09:04:17,17.7375,9.47,0.982,8.563,A,#2,HOLDING,1.153A/A
1553,2026-06-03 09:04:19,17.6875,9.47,1.130,11.472,A,#2,HOLDING,1.186A/A
1554,2026-06-03 09:04:22,17.6875,9.47,1.130,11.472,A,#2,HOLDING,1.238A/A
1555,2026-06-03 09:04:23,17.6375,9.47,1.130,11.472,A,#2,HOLDING,1.263A/A
1556,2026-06-03 09:04:25,17.6000,10.62,1.130,11.472,A,#2,HOLDING,1.300A/A
1557,2026-06-03 09:04:27,17.5500,10.62,1.279,14.339,A,#2,HOLDING,1.280A/A
1558,2026-06-03 09:04:29,17.5000,10.62,1.279,14.339,A,#2,HOLDING,1.325A/A
1559,2026-06-03 09:04:31,17.4500,10.62,1.279,14.339,A,#2,HOLDING,1.000A/A
1560,2026-06-03 09:04:33,17.4000,8.96,1.279,14.339,A,#2,HOLDING,1.350A/A
1561,2026-06-03 09:04:35,17.3250,8.96,1.204,15.457,A,#2,HOLDING,1.373A/A
1562,2026-06-03 09:04:37,17.2375,8.96,1.204,15.457,A,#2,HOLDING,1.402A/A
1563,2026-06-03 09:04:39,17.1625,8.96,1.204,15.457,A,#2,HOLDING,1.416A/A
1564,2026-06-03 09:04:40,17.0875,11.68,1.204,15.457,A,#2,HOLDING,1.435A/A
1565,2026-06-03 09:04:42,17.0125,11.68,1.427,17.016,A,#3,APPROACH,1.000A/A
1566,2026-06-03 09:04:45,16.9250,11.68,1.427,17.016,B,#3,APPROACH,0.406A/B
1567,2026-06-03 09:04:47,16.8750,11.68,1.427,17.016,B,#3,APPROACH,0.456A/B
1568,2026-06-03 09:04:49,16.7750,11.68,1.427,17.016,B,#3,APPROACH,0.530A/B
1569,2026-06-03 09:04:51,16.7000,4.78,0.530,17.016,B,#3,APPROACH,0.625A/B
1570,2026-06-03 09:04:53,16.6250,4.78,0.530,2.868,B,#3,APPROACH,0.724A/B
1571,2026-06-03 09:04:55,16.5750,4.78,0.530,2.868,B,#3,APPROACH,0.818A/B
1572,2026-06-03 09:04:56,16.5625,4.78,0.530,2.868,B,#3,APPROACH,0.920A/B
1573,2026-06-03 09:04:58,16.5875,6.92,0.530,2.868,B,#3,APPROACH,1.048A/B
1574,2026-06-03 09:05:00,16.6375,6.92,1.017,8.384,B,#3,APPROACH,1.185A/B
1575,2026-06-03 09:05:02,16.7125,6.92,1.017,8.384,B,#3,APPROACH,1.000A/B
1576,2026-06-03 09:05:04,16.8000,6.92,1.017,8.384,B,#3,APPROACH,1.000A/B
1577,2026-06-03 09:05:06,16.9000,7.83,1.017,8.384,B,#3,APPROACH,1.369A/B
1578,2026-06-03 09:05:07,17.0500,7.83,1.321,14.470,B,#3,APPROACH,1.500A/B
1579,2026-06-03 09:05:10,17.2000,7.83,1.321,14.470,B,#3,APPROACH,1.532A/B
1580,2026-06-03 09:05:11,17.3750,7.83,1.321,14.470,B,#3,APPROACH,1.000A/B
1581,2026-06-03 09:05:13,17.5750,8.29,1.321,14.470,B,#3,APPROACH,1.000A/B
1582,2026-06-03 09:05:15,17.7500,8.29,1.000,8.460,B,#3,APPROACH,1.669A/B
1583,2026-06-03 09:05:17,18.0000,8.29,1.000,8.460,B,#3,APPROACH,1.000A/B
1584,2026-06-03 09:05:19,18.2125,8.29,1.000,8.460,B,#3,APPROACH,1.000A/B
1585,2026-06-03 09:05:21,18.4625,8.58,1.000,8.460,B,#3,APPROACH,1.500A/B
1586,2026-06-03 09:05:23,18.6875,8.58,1.391,17.820,B,#3,APPROACH,1.500A/B
1587,2026-06-03 09:05:25,18.9625,8.58,1.391,17.820,B,#3,APPROACH,1.889A/B
1588,2026-06-03 09:05:27,19.2125,8.58,1.391,17.820,B,#3,APPROACH,2.000A/B
1589,2026-06-03 09:05:29,19.4875,12.00,1.391,17.820,B,#3,APPROACH,2.000A/B
1590,2026-06-03 09:05:30,19.7875,12.00,1.465,17.376,B,#3,APPROACH,2.000A/B
1591,2026-06-03 09:05:33,20.0375,12.00,1.465,17.376,B,#3,APPROACH,1.000A/B
1592,2026-06-03 09:05:34,20.3375,12.00,1.465,17.376,B,#3,APPROACH,1.000A/B
1593,2026-06-03 09:05:36,20.6125,8.98,1.465,17.376,B,#3,APPROACH,1.972A/B
1594,2026-06-03 09:05:38,20.9125,8.98,1.425,16.944,B,#3,APPROACH,2.087A/B
1595,2026-06-03 09:05:40,21.2375,8.98,1.425,16.944,B,#3,APPROACH,1.000A/B
1596,2026-06-03 09:05:42,21.5250,8.98,1.425,16.944,B,#3,APPROACH,2.000A/B
1597,2026-06-03 09:05:44,21.8250,12.00,1.425,16.944,B,#3,APPROACH,2.133A/B
1598,2026-06-03 09:05:46,22.1625,12.00,1.396,16.572,B,#3,APPROACH,2.194A/B
1599,2026-06-03 09:05:48,22.4625,12.00,1.396,16.572,B,#3,APPROACH,2.287A/B
1600,2026-06-03 09:05:50,22.7750,12.00,1.396,16.572,B,#3,APPROACH,1.500A/B
1601,2026-06-03 09:05:52,23.0750,12.00,1.396,16.572,B,#3,APPROACH,2.313A/B
1602,2026-06-03 09:05:53,23.4125,12.00,1.371,16.284,B,#3,APPROACH,1.500A/B
1603,2026-06-03 09:05:56,23.7125,12.00,1.371,16.284,B,#3,HOLDING,2.288A/B
1604,2026-06-03 09:05:57,24.0375,12.00,1.371,16.284,OFF,#3,HOLDING,0.000A/OFF
1605,2026-06-03 09:05:58,24.0375,12.00,1.371,16.284,OFF,#3,HOLDING,0.000A/OFF
1606,2026-06-03 09:05:59,24.3875,12.00,1.371,16.284,OFF,#3,HOLDING,0.000A/OFF
1607,2026-06-03 09:06:00,24.3875,12.00,0.000,16.284,OFF,#3,HOLDING,0.000A/OFF
1608,2026-06-03 09:06:01,24.6625,12.00,0.000,0.000,OFF,#3,HOLDING,0.000A/OFF
1609,2026-06-03 09:06:02,24.6625,12.00,0.000,0.000,OFF,#3,HOLDING,0.000A/OFF
1610,2026-06-03 09:06:03,24.9875,12.00,0.000,0.000,OFF,#3,HOLDING,0.000A/OFF
1611,2026-06-03 09:06:04,24.9875,12.00,0.000,0.000,OFF,#3,HOLDING,0.000A/OFF
1612,2026-06-03 09:06:05,25.2750,12.00,0.000,0.000,A,#3,HOLDING,0.121A/A
1613,2026-06-03 09:06:07,25.5000,12.00,0.000,0.814,A,#3,HOLDING,0.172A/A
1614,2026-06-03 09:06:09,25.7750,12.00,0.000,0.814,A,#3,HOLDING,0.269A/A
1615,2026-06-03 09:06:11,25.9500,12.00,0.000,0.814,A,#3,HOLDING,0.293A/A
1616,2026-06-03 09:06:13,26.1750,1.83,0.000,0.814,A,#3,HOLDING,0.365A/A
1617,2026-06-03 09:06:15,26.3500,1.83,0.327,0.945,A,#3,HOLDING,0.438A/A
1618,2026-06-03 09:06:17,26.4875,1.83,0.327,0.945,A,#3,HOLDING,0.530A/A
1619,2026-06-03 09:06:19,26.6125,1.83,0.327,0.945,A,#3,HOLDING,0.596A/A
1620,2026-06-03 09:06:21,26.7375,4.57,0.327,0.945,A,#3,HOLDING,0.680A/A
1621,2026-06-03 09:06:22,26.8625,4.57,0.643,3.699,A,#3,HOLDING,0.775A/A
1622,2026-06-03 09:06:25,26.9125,4.57,0.643,3.699,A,#3,HOLDING,0.881A/A
1623,2026-06-03 09:06:26,26.9625,4.57,0.643,3.699,A,#3,HOLDING,0.956A/A
1624,2026-06-03 09:06:28,27.0000,7.57,0.643,3.699,A,#3,HOLDING,1.042A/A
1625,2026-06-03 09:06:30,27.0000,7.57,1.019,8.711,A,#3,HOLDING,1.129A/A
1626,2026-06-03 09:06:32,27.0000,7.57,1.019,8.711,A,#3,HOLDING,1.241A/A
1627,2026-06-03 09:06:34,26.9500,7.57,1.019,8.711,A,#3,HOLDING,1.306A/A
1628,2026-06-03 09:06:36,26.9250,10.20,1.019,8.711,A,#3,HOLDING,1.392A/A
1629,2026-06-03 09:06:38,26.8500,10.20,1.392,15.339,A,#3,HOLDING,1.000A/A
1630,2026-06-03 09:06:40,26.7750,10.20,1.392,15.339,A,#3,HOLDING,1.462A/A
1631,2026-06-03 09:06:42,26.6750,10.20,1.392,15.339,A,#3,HOLDING,1.000A/A
1632,2026-06-03 09:06:43,26.5500,8.42,1.392,15.339,A,#3,HOLDING,1.506A/A
1633,2026-06-03 09:06:45,26.4250,8.42,1.245,18.036,A,#3,HOLDING,1.564A/A
1634,2026-06-03 09:06:48,26.3250,8.42,1.245,18.036,A,#3,HOLDING,1.649A/A
1635,2026-06-03 09:06:49,26.1750,8.42,1.245,18.036,A,#3,HOLDING,1.691A/A
1636,2026-06-03 09:06:51,26.0375,12.00,1.245,18.036,A,#3,HOLDING,1.500A/A
1637,2026-06-03 09:06:53,25.8625,12.00,1.498,17.772,A,#3,HOLDING,1.500A/A
1638,2026-06-03 09:06:55,25.7000,12.00,1.498,17.772,A,#3,HOLDING,1.719A/A
1639,2026-06-03 09:06:57,25.5000,12.00,1.498,17.772,A,#3,HOLDING,1.500A/A
1640,2026-06-03 09:06:59,25.3250,12.00,1.498,17.772,A,#3,HOLDING,1.684A/A
1641,2026-06-03 09:07:01,25.1250,12.00,1.468,17.460,A,#3,HOLDING,1.700A/A
1642,2026-06-03 09:07:03,24.9500,12.00,1.468,17.460,A,#3,HOLDING,1.731A/A
1643,2026-06-03 09:07:05,24.7500,12.00,1.468,17.460,A,#3,HOLDING,1.500A/A
1644,2026-06-03 09:07:06,24.5125,12.00,1.468,17.460,A,#3,HOLDING,1.732A/A
1645,2026-06-03 09:07:08,24.3125,12.00,1.446,17.196,A,#3,HOLDING,1.719A/A
1646,2026-06-03 09:07:11,24.1375,12.00,1.446,17.196,A,#3,HOLDING,1.710A/A
1647,2026-06-03 09:07:12,23.9125,12.00,1.446,17.196,A,#3,HOLDING,1.000A/A
1648,2026-06-03 09:07:14,23.7000,9.01,1.446,17.196,A,#3,HOLDING,1.685A/A
1649,2026-06-03 09:07:16,23.5000,9.01,1.431,17.016,A,#3,HOLDING,1.591A/A
1650,2026-06-03 09:07:18,23.2875,9.01,1.431,17.016,A,#3,HOLDING,1.532A/A
1651,2026-06-03 09:07:20,23.0625,9.01,1.431,17.016,A,#3,HOLDING,1.468A/A
1652,2026-06-03 09:07:22,22.8500,12.00,1.431,17.016,A,#3,HOLDING,1.395A/A
1653,2026-06-03 09:07:24,22.6250,12.00,1.410,16.544,A,#3,HOLDING,1.000A/A
1654,2026-06-03 09:07:26,22.4500,12.00,1.410,16.544,A,#3,HOLDING,1.310A/A
1655,2026-06-03 09:07:28,22.2500,12.00,1.410,16.544,A,#3,HOLDING,1.226A/A
1656,2026-06-03 09:07:29,22.0750,10.63,1.410,16.544,A,#3,HOLDING,1.131A/A
1657,2026-06-03 09:07:31,21.8750,10.63,1.174,11.479,A,#3,HOLDING,1.000A/A
1658,2026-06-03 09:07:34,21.7000,10.63,1.174,11.479,A,#3,HOLDING,1.018A/A
1659,2026-06-03 09:07:35,21.5000,10.63,1.174,11.479,A,#3,HOLDING,0.904A/A
1660,2026-06-03 09:07:37,21.3250,8.49,1.174,11.479,A,#3,HOLDING,0.823A/A
1661,2026-06-03 09:07:39,21.1500,8.49,0.855,6.633,A,#3,HOLDING,0.689A/A
1662,2026-06-03 09:07:41,21.0125,8.49,0.855,6.633,A,#3,HOLDING,0.522A/A
1663,2026-06-03 09:07:43,20.8375,8.49,0.855,6.633,A,#3,HOLDING,0.395A/A
1664,2026-06-03 09:07:45,20.7000,4.54,0.855,6.633,A,#3,HOLDING,0.248A/A
1665,2026-06-03 09:07:47,20.5500,4.54,0.275,6.633,OFF,#3,HOLDING,0.000A/OFF
1666,2026-06-03 09:07:48,20.5500,4.54,0.275,0.868,OFF,#3,HOLDING,0.000A/OFF
1667,2026-06-03 09:07:49,20.4250,4.54,0.275,0.868,OFF,#3,HOLDING,0.000A/OFF
1668,2026-06-03 09:07:50,20.4250,4.54,0.275,0.868,B,#3,HOLDING,0.148A/B
1669,2026-06-03 09:07:52,20.3250,4.54,0.275,0.868,B,#3,HOLDING,0.321A/B
1670,2026-06-03 09:07:53,20.1875,4.35,0.321,0.868,B,#3,HOLDING,0.463A/B
1671,2026-06-03 09:07:55,20.1125,4.35,0.321,1.606,B,#3,HOLDING,0.630A/B
1672,2026-06-03 09:07:57,20.0250,4.35,0.321,1.606,B,#3,HOLDING,0.779A/B
1673,2026-06-03 09:07:58,20.0250,4.35,0.321,1.606,B,#3,HOLDING,0.915A/B
1674,2026-06-03 09:08:00,19.9750,6.90,0.321,1.606,B,#3,HOLDING,1.085A/B
1675,2026-06-03 09:08:02,20.0000,6.90,1.059,9.146,B,#3,HOLDING,1.243A/B
1676,2026-06-03 09:08:04,20.0375,6.90,1.059,9.146,B,#3,HOLDING,1.452A/B
1677,2026-06-03 09:08:06,20.0375,6.90,1.059,9.146,B,#3,HOLDING,1.593A/B
1678,2026-06-03 09:08:08,20.0375,11.80,1.059,9.146,B,#3,HOLDING,1.000A/B
1679,2026-06-03 09:08:10,20.1000,11.80,1.018,8.240,B,#3,HOLDING,1.500A/B
1680,2026-06-03 09:08:12,20.3000,11.80,1.018,8.240,B,#3,HOLDING,1.740A/B
1681,2026-06-03 09:08:14,20.4500,11.80,1.018,8.240,B,#3,HOLDING,1.854A/B
1682,2026-06-03 09:08:15,20.4500,12.00,1.018,8.240,B,#3,HOLDING,2.006A/B
1683,2026-06-03 09:08:17,20.6125,12.00,1.527,18.036,B,#3,HOLDING,2.000A/B
1684,2026-06-03 09:08:20,20.9250,12.00,1.527,18.036,B,#3,HOLDING,2.122A/B
1685,2026-06-03 09:08:21,21.1250,12.00,1.527,18.036,B,#3,HOLDING,1.000A/B
1686,2026-06-03 09:08:23,21.1250,8.71,1.527,18.036,B,#3,HOLDING,2.000A/B
1687,2026-06-03 09:08:25,21.3375,8.71,1.468,17.436,B,#3,HOLDING,2.210A/B
1688,2026-06-03 09:08:27,21.7750,8.71,1.468,17.436,B,#3,HOLDING,2.270A/B
1689,2026-06-03 09:08:29,21.7750,8.71,1.468,17.436,B,#3,HOLDING,2.000A/B
1690,2026-06-03 09:08:31,22.0000,12.00,1.468,17.436,B,#3,HOLDING,1.500A/B
1691,2026-06-03 09:08:32,22.2750,12.00,1.430,16.956,B,#3,HOLDING,1.000A/B
1692,2026-06-03 09:08:35,22.8125,12.00,1.430,16.956,B,#3,HOLDING,2.271A/B
1693,2026-06-03 09:08:36,22.8125,12.00,1.430,16.956,B,#3,HOLDING,1.000A/B
1694,2026-06-03 09:08:38,23.0625,9.13,1.430,16.956,B,#3,HOLDING,2.000A/B
1695,2026-06-03 09:08:40,23.3500,9.13,1.200,16.632,B,#3,HOLDING,2.339A/B
1696,2026-06-03 09:08:42,23.8500,9.13,1.200,16.632,B,#3,HOLDING,1.000A/B
1697,2026-06-03 09:08:44,23.8500,9.13,1.200,16.632,B,#3,HOLDING,1.500A/B
1698,2026-06-03 09:08:46,24.1250,12.00,1.200,16.632,B,#3,HOLDING,2.303A/B
1699,2026-06-03 09:08:48,24.4000,12.00,1.377,16.332,B,#3,HOLDING,2.319A/B
1700,2026-06-03 09:08:50,24.9625,12.00,1.377,16.332,B,#3,HOLDING,1.000A/B
1701,2026-06-03 09:08:52,24.9625,12.00,1.377,16.332,B,#3,HOLDING,1.500A/B
1702,2026-06-03 09:08:54,25.2125,12.00,1.377,16.332,B,#3,HOLDING,2.281A/B
1703,2026-06-03 09:08:55,25.5000,12.00,1.356,16.104,B,#3,HOLDING,2.207A/B
1704,2026-06-03 09:08:58,25.8000,12.00,1.356,16.104,B,#3,HOLDING,2.000A/B
1705,2026-06-03 09:08:59,26.0250,12.00,1.356,16.104,B,#3,HOLDING,1.500A/B
1706,2026-06-03 09:09:01,26.3000,12.00,1.356,16.104,B,#3,HOLDING,1.500A/B
1707,2026-06-03 09:09:03,26.5750,12.00,1.336,15.888,B,#3,HOLDING,2.059A/B
1708,2026-06-03 09:09:05,26.9000,12.00,1.336,15.888,B,#3,HOLDING,1.928A/B
1709,2026-06-03 09:09:07,27.1250,12.00,1.336,15.888,B,#3,HOLDING,1.834A/B
1710,2026-06-03 09:09:09,27.4000,12.00,1.336,15.888,B,#3,HOLDING,1.710A/B
1711,2026-06-03 09:09:11,27.6625,12.00,1.323,15.720,B,#3,HOLDING,1.000A/B
1712,2026-06-03 09:09:13,27.9625,12.00,1.323,15.720,B,#3,HOLDING,1.500A/B
1713,2026-06-03 09:09:15,28.2125,12.00,1.323,15.720,B,#3,HOLDING,1.612A/B
1714,2026-06-03 09:09:17,28.4625,12.00,1.323,15.720,B,#3,HOLDING,1.451A/B
1715,2026-06-03 09:09:18,28.6750,12.00,1.314,15.612,B,#3,HOLDING,1.288A/B
1716,2026-06-03 09:09:21,28.9250,12.00,1.314,15.612,B,#3,HOLDING,1.069A/B
1717,2026-06-03 09:09:22,29.1875,12.00,1.314,15.612,B,#3,HOLDING,0.902A/B
1718,2026-06-03 09:09:24,29.4625,9.00,1.314,15.612,B,#3,HOLDING,0.699A/B
1719,2026-06-03 09:09:26,29.6750,9.00,0.800,5.319,B,#3,HOLDING,0.496A/B
1720,2026-06-03 09:09:28,30.0625,9.00,0.800,5.319,B,#3,HOLDING,0.216A/B
1721,2026-06-03 09:09:30,30.2812,9.00,0.800,5.319,OFF,#3,HOLDING,0.000A/OFF
1722,2026-06-03 09:09:31,30.2812,9.00,0.800,5.319,OFF,#3,HOLDING,0.000A/OFF
1723,2026-06-03 09:09:32,30.4750,12.00,0.668,5.319,A,#3,HOLDING,0.221A/A
1724,2026-06-03 09:09:34,30.7000,12.00,0.668,0.000,A,#3,HOLDING,0.469A/A
1725,2026-06-03 09:09:36,30.9250,12.00,0.668,0.000,A,#3,HOLDING,0.698A/A
1726,2026-06-03 09:09:37,31.1250,12.00,0.668,0.000,A,#3,HOLDING,0.922A/A
1727,2026-06-03 09:09:39,31.3000,6.34,0.668,0.000,A,#3,HOLDING,1.194A/A
1728,2026-06-03 09:09:41,31.4500,6.34,1.054,10.328,A,#3,HOLDING,1.464A/A
1729,2026-06-03 09:09:43,31.6125,6.34,1.054,10.328,A,#3,HOLDING,1.829A/A
1730,2026-06-03 09:09:45,31.6875,6.34,1.054,10.328,A,#3,HOLDING,2.028A/A
1731,2026-06-03 09:09:47,31.7500,12.00,1.054,10.328,A,#3,HOLDING,1.000A/A
1732,2026-06-03 09:09:49,31.7750,12.00,1.319,7.830,A,#3,HOLDING,2.288A/A
1733,2026-06-03 09:09:51,31.7375,12.00,1.319,7.830,A,#3,HOLDING,1.500A/A
1734,2026-06-03 09:09:52,31.6625,12.00,1.319,7.830,A,#3,HOLDING,1.000A/A
1735,2026-06-03 09:09:54,31.5875,8.01,1.319,7.830,A,#3,HOLDING,1.000A/A
1736,2026-06-03 09:09:56,31.4875,8.01,1.000,8.250,A,#3,HOLDING,1.000A/A
1737,2026-06-03 09:09:59,31.3625,8.01,1.000,8.250,A,#3,HOLDING,2.580A/A
1738,2026-06-03 09:10:00,31.2625,8.01,1.000,8.250,A,#3,HOLDING,2.500A/A
1739,2026-06-03 09:10:02,31.1500,12.00,1.000,8.250,A,#3,HOLDING,2.785A/A
1740,2026-06-03 09:10:04,31.0250,12.00,1.528,18.132,A,#3,HOLDING,1.000A/A
1741,2026-06-03 09:10:06,30.8875,12.00,1.528,18.132,A,#3,HOLDING,1.000A/A
1742,2026-06-03 09:10:08,30.6875,12.00,1.528,18.132,A,#3,HOLDING,2.000A/A
1743,2026-06-03 09:10:10,30.5125,12.00,1.528,18.132,A,#3,HOLDING,1.000A/A
1744,2026-06-03 09:10:12,30.3125,12.00,1.029,8.690,A,#3,HOLDING,2.970A/A
1745,2026-06-03 09:10:14,30.1250,12.00,1.029,8.690,A,#3,HOLDING,2.000A/A
1746,2026-06-03 09:10:15,29.8750,12.00,1.029,8.690,A,#3,HOLDING,2.000A/A
1747,2026-06-03 09:10:17,29.6625,12.00,1.029,8.690,A,#3,HOLDING,1.500A/A
1748,2026-06-03 09:10:19,29.4375,12.00,1.471,17.484,A,#3,HOLDING,2.000A/A
1749,2026-06-03 09:10:22,29.2000,12.00,1.471,17.484,A,#3,HOLDING,2.500A/A
1750,2026-06-03 09:10:23,28.9500,12.00,1.471,17.484,A,#3,HOLDING,1.000A/A
1751,2026-06-03 09:10:25,28.7250,8.84,1.471,17.484,A,#3,HOLDING,2.500A/A
1752,2026-06-03 09:10:27,28.4500,8.84,1.226,17.280,A,#3,HOLDING,3.000A/A
1753,2026-06-03 09:10:29,28.2125,8.84,1.226,17.280,A,#3,HOLDING,2.000A/A
1754,2026-06-03 09:10:31,27.9375,8.84,1.226,17.280,A,#3,HOLDING,2.500A/A
1755,2026-06-03 09:10:33,27.6875,12.00,1.226,17.280,A,#3,HOLDING,2.500A/A
1756,2026-06-03 09:10:34,27.4375,12.00,1.435,17.076,A,#3,HOLDING,3.000A/A
1757,2026-06-03 09:10:37,27.1875,12.00,1.435,17.076,A,#3,HOLDING,1.000A/A
1758,2026-06-03 09:10:38,26.9125,12.00,1.435,17.076,A,#3,HOLDING,1.500A/A
1759,2026-06-03 09:10:40,26.6500,12.00,1.435,17.076,A,#3,HOLDING,2.994A/A
1760,2026-06-03 09:10:42,26.3750,12.00,1.420,16.848,A,#3,HOLDING,3.000A/A
1761,2026-06-03 09:10:45,26.1250,12.00,1.420,16.848,A,#3,HOLDING,1.000A/A
1762,2026-06-03 09:10:46,25.8750,12.00,1.420,16.848,A,#3,HOLDING,1.500A/A
1763,2026-06-03 09:10:48,25.6000,12.00,1.420,16.848,A,#3,HOLDING,2.981A/A
1764,2026-06-03 09:10:50,25.3250,12.00,1.415,16.908,A,#3,HOLDING,2.000A/A
1765,2026-06-03 09:10:52,25.0750,12.00,1.415,16.908,A,#3,HOLDING,2.930A/A
1766,2026-06-03 09:10:54,24.8250,12.00,1.415,16.908,A,#3,HOLDING,2.500A/A
1767,2026-06-03 09:10:56,24.6000,12.00,1.415,16.908,A,#3,HOLDING,2.500A/A
1768,2026-06-03 09:10:57,24.3750,12.00,1.411,16.836,A,#3,HOLDING,2.933A/A
1769,2026-06-03 09:11:00,24.1250,12.00,1.411,16.836,A,#3,HOLDING,1.000A/A
1770,2026-06-03 09:11:01,23.9000,12.00,1.411,16.836,A,#4,APPROACH,1.500A/A
1771,2026-06-03 09:11:03,23.6625,4.29,1.411,16.836,B,#4,APPROACH,0.165A/B
1772,2026-06-03 09:11:05,23.4125,4.29,0.054,16.836,B,#4,APPROACH,0.244A/B
1773,2026-06-03 09:11:08,23.2125,4.29,0.054,0.000,B,#4,APPROACH,0.339A/B
1774,2026-06-03 09:11:10,23.0625,4.29,0.054,0.000,B,#4,APPROACH,0.458A/B
1775,2026-06-03 09:11:11,22.8375,4.29,0.054,0.000,B,#4,APPROACH,0.569A/B
1776,2026-06-03 09:11:13,22.7375,4.15,0.054,0.000,B,#4,APPROACH,0.700A/B
1777,2026-06-03 09:11:15,22.5750,4.15,0.700,3.815,B,#4,APPROACH,0.853A/B
1778,2026-06-03 09:11:17,22.4500,4.15,0.700,3.815,B,#4,APPROACH,1.000A/B
1779,2026-06-03 09:11:19,22.3750,4.15,0.700,3.815,B,#4,APPROACH,1.050A/B
1780,2026-06-03 09:11:21,22.3250,8.03,0.700,3.815,B,#4,APPROACH,1.202A/B
1781,2026-06-03 09:11:23,22.3000,8.03,1.202,11.202,B,#4,APPROACH,1.000A/B
1782,2026-06-03 09:11:25,22.2500,8.03,1.202,11.202,B,#4,APPROACH,1.357A/B
1783,2026-06-03 09:11:27,22.2875,8.03,1.202,11.202,B,#4,APPROACH,1.486A/B
1784,2026-06-03 09:11:29,22.3125,11.32,1.202,11.202,B,#4,APPROACH,1.639A/B
1785,2026-06-03 09:11:30,22.3875,11.32,1.520,18.432,B,#4,APPROACH,1.782A/B
1786,2026-06-03 09:11:33,22.4625,11.32,1.520,18.432,B,#4,APPROACH,1.500A/B
1787,2026-06-03 09:11:34,22.5750,11.32,1.520,18.432,B,#4,APPROACH,1.961A/B
1788,2026-06-03 09:11:36,22.7000,12.00,1.520,18.432,B,#4,APPROACH,2.094A/B
1789,2026-06-03 09:11:38,22.8750,12.00,1.495,17.700,B,#4,APPROACH,1.500A/B
1790,2026-06-03 09:11:40,23.0750,12.00,1.495,17.700,B,#4,APPROACH,2.000A/B
1791,2026-06-03 09:11:42,23.2375,12.00,1.495,17.700,B,#4,APPROACH,2.193A/B
1792,2026-06-03 09:11:44,23.4125,12.00,1.495,17.700,B,#4,APPROACH,2.000A/B
1793,2026-06-03 09:11:46,23.6125,12.00,1.442,17.100,B,#4,APPROACH,2.245A/B
1794,2026-06-03 09:11:48,23.8375,12.00,1.442,17.100,B,#4,APPROACH,1.500A/B
1795,2026-06-03 09:11:50,24.0625,12.00,1.442,17.100,B,#4,APPROACH,2.342A/B
1796,2026-06-03 09:11:51,24.3125,12.00,1.442,17.100,B,#4,APPROACH,2.408A/B
1797,2026-06-03 09:11:53,24.3125,12.00,1.401,16.632,B,#4,APPROACH,1.500A/B
1798,2026-06-03 09:11:56,24.8000,12.00,1.401,16.632,B,#4,APPROACH,2.473A/B
1799,2026-06-03 09:11:57,25.0625,12.00,1.401,16.632,B,#4,APPROACH,2.500A/B
1800,2026-06-03 09:11:59,25.3375,12.00,1.401,16.632,B,#4,APPROACH,2.000A/B
1801,2026-06-03 09:12:01,25.3375,12.00,1.370,16.260,B,#4,APPROACH,2.499A/B
1802,2026-06-03 09:12:03,25.8375,12.00,1.370,16.260,B,#4,HOLDING,1.500A/B
1803,2026-06-03 09:12:05,26.0875,12.00,1.370,16.260,OFF,#4,HOLDING,0.000A/OFF
1804,2026-06-03 09:12:06,26.0875,12.00,1.370,16.260,OFF,#4,HOLDING,0.000A/OFF
1805,2026-06-03 09:12:07,26.3375,12.00,1.370,16.260,OFF,#4,HOLDING,0.000A/OFF
1806,2026-06-03 09:12:08,26.3375,12.00,0.000,16.260,OFF,#4,HOLDING,0.000A/OFF
1807,2026-06-03 09:12:09,26.6250,12.00,0.000,0.000,OFF,#4,HOLDING,0.000A/OFF
1808,2026-06-03 09:12:10,26.6250,12.00,0.000,0.000,OFF,#4,HOLDING,0.000A/OFF
1809,2026-06-03 09:12:11,26.8750,12.00,0.000,0.000,OFF,#4,HOLDING,0.000A/OFF
1810,2026-06-03 09:12:12,26.8750,12.00,0.000,0.000,OFF,#4,HOLDING,0.000A/OFF
1811,2026-06-03 09:12:13,27.0875,12.00,0.000,0.000,OFF,#4,HOLDING,0.000A/OFF
1812,2026-06-03 09:12:14,27.0875,12.00,0.000,0.000,OFF,#4,HOLDING,0.000A/OFF
1813,2026-06-03 09:12:15,27.3125,12.00,0.000,0.000,A,#4,HOLDING,0.109A/A
1814,2026-06-03 09:12:17,27.4875,12.00,0.000,0.000,A,#4,HOLDING,0.125A/A
1815,2026-06-03 09:12:18,27.6875,12.00,0.000,0.000,A,#4,HOLDING,0.246A/A
1816,2026-06-03 09:12:20,27.8000,1.32,0.000,0.000,A,#4,HOLDING,0.271A/A
1817,2026-06-03 09:12:22,27.9500,1.32,0.271,0.463,A,#4,HOLDING,0.329A/A
1818,2026-06-03 09:12:24,28.1000,1.32,0.271,0.463,A,#4,HOLDING,0.401A/A
1819,2026-06-03 09:12:26,28.2000,1.32,0.271,0.463,A,#4,HOLDING,0.461A/A
1820,2026-06-03 09:12:28,28.2625,3.52,0.271,0.463,A,#4,HOLDING,0.521A/A
1821,2026-06-03 09:12:30,28.3125,3.52,0.521,2.188,A,#4,HOLDING,0.584A/A
1822,2026-06-03 09:12:32,28.3750,3.52,0.521,2.188,A,#4,HOLDING,0.668A/A
1823,2026-06-03 09:12:34,28.3750,3.52,0.521,2.188,A,#4,HOLDING,0.721A/A
1824,2026-06-03 09:12:36,28.3750,5.79,0.521,2.188,A,#4,HOLDING,0.786A/A
1825,2026-06-03 09:12:37,28.3750,5.79,0.753,5.101,A,#4,HOLDING,0.849A/A
1826,2026-06-03 09:12:40,28.3750,5.79,0.753,5.101,A,#4,HOLDING,0.939A/A
1827,2026-06-03 09:12:41,28.3250,5.79,0.753,5.101,A,#4,HOLDING,0.988A/A
1828,2026-06-03 09:12:43,28.3250,8.02,0.753,5.101,A,#4,HOLDING,1.056A/A
1829,2026-06-03 09:12:45,28.2500,8.02,1.033,9.208,A,#4,HOLDING,1.109A/A
1830,2026-06-03 09:12:47,28.1500,8.02,1.033,9.208,A,#4,HOLDING,1.181A/A
1831,2026-06-03 09:12:49,28.0250,8.02,1.033,9.208,A,#4,HOLDING,1.208A/A
1832,2026-06-03 09:12:51,28.0250,9.61,1.033,9.208,A,#4,HOLDING,1.273A/A
1833,2026-06-03 09:12:53,27.9500,9.61,1.261,13.328,A,#4,HOLDING,1.000A/A
1834,2026-06-03 09:12:55,27.7000,9.61,1.261,13.328,A,#4,HOLDING,1.305A/A
1835,2026-06-03 09:12:57,27.5500,9.61,1.261,13.328,A,#4,HOLDING,1.315A/A
1836,2026-06-03 09:12:59,27.5500,10.63,1.261,13.328,A,#4,HOLDING,1.361A/A
1837,2026-06-03 09:13:00,27.3750,10.63,1.361,15.297,A,#4,HOLDING,1.344A/A
1838,2026-06-03 09:13:03,27.0125,10.63,1.361,15.297,A,#4,HOLDING,1.359A/A
1839,2026-06-03 09:13:04,26.8625,10.63,1.361,15.297,A,#4,HOLDING,1.355A/A
1840,2026-06-03 09:13:06,26.8625,11.11,1.361,15.297,A,#4,HOLDING,1.384A/A
1841,2026-06-03 09:13:08,26.6625,11.11,1.384,15.985,A,#4,HOLDING,1.398A/A
1842,2026-06-03 09:13:10,26.2625,11.11,1.384,15.985,A,#4,HOLDING,1.374A/A
1843,2026-06-03 09:13:12,26.0625,11.11,1.384,15.985,A,#4,HOLDING,1.337A/A
1844,2026-06-03 09:13:14,26.0625,11.24,1.384,15.985,A,#4,HOLDING,1.000A/A
1845,2026-06-03 09:13:16,25.8250,11.24,1.000,9.080,A,#4,HOLDING,1.000A/A
1846,2026-06-03 09:13:18,25.4125,11.24,1.000,9.080,A,#4,HOLDING,1.281A/A
1847,2026-06-03 09:13:20,25.1875,11.24,1.000,9.080,A,#4,HOLDING,1.201A/A
1848,2026-06-03 09:13:22,25.1875,10.31,1.000,9.080,A,#4,HOLDING,1.175A/A
1849,2026-06-03 09:13:23,25.0125,10.31,1.175,12.173,A,#4,HOLDING,1.124A/A
1850,2026-06-03 09:13:26,24.5750,10.31,1.175,12.173,A,#4,HOLDING,1.000A/A
1851,2026-06-03 09:13:27,24.3750,10.31,1.175,12.173,A,#4,HOLDING,0.965A/A
1852,2026-06-03 09:13:29,24.3750,8.75,1.175,12.173,A,#4,HOLDING,0.906A/A
1853,2026-06-03 09:13:31,24.1875,8.75,0.906,7.664,A,#4,HOLDING,0.829A/A
1854,2026-06-03 09:13:33,23.7625,8.75,0.906,7.664,A,#4,HOLDING,0.666A/A
1855,2026-06-03 09:13:35,23.5625,8.75,0.906,7.664,A,#4,HOLDING,0.535A/A
1856,2026-06-03 09:13:37,23.5625,5.56,0.906,7.664,A,#4,HOLDING,0.448A/A
1857,2026-06-03 09:13:39,23.3875,5.56,0.490,2.208,A,#4,HOLDING,0.373A/A
1858,2026-06-03 09:13:41,23.0250,5.56,0.490,2.208,A,#4,HOLDING,0.189A/A
1859,2026-06-03 09:13:43,23.0250,5.56,0.490,2.208,OFF,#4,HOLDING,0.000A/OFF
1860,2026-06-03 09:13:44,22.8750,5.56,0.490,2.208,OFF,#4,HOLDING,0.000A/OFF
1861,2026-06-03 09:13:45,22.8750,12.00,0.490,2.208,OFF,#4,HOLDING,0.000A/OFF
1862,2026-06-03 09:13:46,22.7125,12.00,0.000,0.000,B,#4,HOLDING,0.163A/B
1863,2026-06-03 09:13:48,22.5625,12.00,0.000,0.000,B,#4,HOLDING,0.341A/B
1864,2026-06-03 09:13:50,22.4250,12.00,0.000,0.000,B,#4,HOLDING,0.485A/B
1865,2026-06-03 09:13:51,22.3000,3.50,0.000,0.000,B,#4,HOLDING,0.640A/B
1866,2026-06-03 09:13:53,22.1875,3.50,0.618,3.219,B,#4,HOLDING,0.804A/B
1867,2026-06-03 09:13:56,22.1125,3.50,0.618,3.219,B,#4,HOLDING,1.013A/B
1868,2026-06-03 09:13:57,22.0500,3.50,0.618,3.219,B,#4,HOLDING,1.157A/B
1869,2026-06-03 09:13:59,22.0000,8.80,0.618,3.219,B,#4,HOLDING,1.324A/B
1870,2026-06-03 09:14:01,21.9750,8.80,1.324,13.571,B,#4,HOLDING,1.492A/B
1871,2026-06-03 09:14:03,21.9750,8.80,1.324,13.571,B,#4,HOLDING,1.703A/B
1872,2026-06-03 09:14:05,21.9500,8.80,1.324,13.571,B,#4,HOLDING,1.849A/B
1873,2026-06-03 09:14:07,22.0000,12.00,1.324,13.571,B,#4,HOLDING,2.000A/B
1874,2026-06-03 09:14:09,22.1000,12.00,1.540,18.204,B,#4,HOLDING,2.006A/B
1875,2026-06-03 09:14:11,22.2000,12.00,1.540,18.204,B,#4,HOLDING,2.205A/B
1876,2026-06-03 09:14:13,22.3000,12.00,1.540,18.204,B,#4,HOLDING,2.329A/B
1877,2026-06-03 09:14:14,22.4500,12.00,1.540,18.204,B,#4,HOLDING,1.000A/B
1878,2026-06-03 09:14:16,22.6125,12.00,1.029,8.780,B,#4,HOLDING,1.500A/B
1879,2026-06-03 09:14:19,22.7875,12.00,1.029,8.780,B,#4,HOLDING,2.449A/B
1880,2026-06-03 09:14:20,22.9625,12.00,1.029,8.780,B,#4,HOLDING,1.500A/B
1881,2026-06-03 09:14:22,23.1875,12.00,1.029,8.780,B,#4,HOLDING,1.000A/B
1882,2026-06-03 09:14:24,23.3625,12.00,1.226,8.990,B,#4,HOLDING,2.000A/B
1883,2026-06-03 09:14:26,23.5625,12.00,1.226,8.990,B,#4,HOLDING,2.000A/B
1884,2026-06-03 09:14:28,23.7750,12.00,1.226,8.990,B,#4,HOLDING,2.000A/B
1885,2026-06-03 09:14:30,24.0250,12.00,1.226,8.990,B,#4,HOLDING,2.000A/B
1886,2026-06-03 09:14:32,24.2375,12.00,1.413,16.752,B,#4,HOLDING,1.500A/B
1887,2026-06-03 09:14:34,24.4625,12.00,1.413,16.752,B,#4,HOLDING,2.426A/B
1888,2026-06-03 09:14:36,24.6500,12.00,1.413,16.752,B,#4,HOLDING,1.500A/B
1889,2026-06-03 09:14:38,24.9000,12.00,1.413,16.752,B,#4,HOLDING,2.465A/B
1890,2026-06-03 09:14:39,25.1250,12.00,1.381,16.392,B,#4,HOLDING,1.500A/B
1891,2026-06-03 09:14:42,25.3500,12.00,1.381,16.392,B,#4,HOLDING,2.495A/B
1892,2026-06-03 09:14:43,25.5875,12.00,1.381,16.392,B,#4,HOLDING,2.465A/B
1893,2026-06-03 09:14:45,25.8625,12.00,1.381,16.392,B,#4,HOLDING,2.485A/B
1894,2026-06-03 09:14:47,26.0625,12.00,1.356,16.104,B,#4,HOLDING,2.500A/B
1895,2026-06-03 09:14:50,26.3625,12.00,1.356,16.104,B,#4,HOLDING,1.000A/B
1896,2026-06-03 09:14:51,26.5875,12.00,1.356,16.104,B,#4,HOLDING,2.513A/B
1897,2026-06-03 09:14:53,26.8625,12.00,1.356,16.104,B,#4,HOLDING,1.500A/B
1898,2026-06-03 09:14:55,27.1250,12.00,1.336,15.876,B,#4,HOLDING,1.500A/B
1899,2026-06-03 09:14:57,27.3750,12.00,1.336,15.876,B,#4,HOLDING,1.000A/B
1900,2026-06-03 09:14:59,27.5875,12.00,1.336,15.876,B,#4,HOLDING,1.500A/B
1901,2026-06-03 09:15:01,27.8375,12.00,1.336,15.876,B,#4,HOLDING,2.427A/B
1902,2026-06-03 09:15:03,28.0625,12.00,1.321,15.708,B,#4,HOLDING,1.500A/B
1903,2026-06-03 09:15:05,28.3125,12.00,1.321,15.708,B,#4,HOLDING,2.000A/B
1904,2026-06-03 09:15:07,28.5500,12.00,1.321,15.708,B,#4,HOLDING,1.500A/B
1905,2026-06-03 09:15:08,28.8250,12.00,1.321,15.708,B,#4,HOLDING,1.000A/B
1906,2026-06-03 09:15:10,29.0875,12.00,1.156,9.800,B,#4,HOLDING,2.288A/B
1907,2026-06-03 09:15:13,29.3125,12.00,1.156,9.800,B,#4,HOLDING,2.000A/B
1908,2026-06-03 09:15:14,29.5625,12.00,1.156,9.800,B,#4,HOLDING,2.193A/B
1909,2026-06-03 09:15:16,29.8125,12.00,1.156,9.800,B,#4,HOLDING,2.057A/B
1910,2026-06-03 09:15:18,30.0500,12.00,1.303,15.492,B,#4,HOLDING,1.500A/B
1911,2026-06-03 09:15:20,30.2500,12.00,1.303,15.492,B,#4,HOLDING,1.905A/B
1912,2026-06-03 09:15:22,30.4625,12.00,1.303,15.492,B,#4,HOLDING,1.768A/B
1913,2026-06-03 09:15:24,30.6875,12.00,1.303,15.492,B,#4,HOLDING,1.602A/B
1914,2026-06-03 09:15:26,30.9125,12.00,1.295,15.384,B,#4,HOLDING,1.000A/B
1915,2026-06-03 09:15:28,31.1875,12.00,1.295,15.384,B,#4,HOLDING,1.411A/B
1916,2026-06-03 09:15:30,31.3625,12.00,1.295,15.384,B,#4,HOLDING,1.247A/B
1917,2026-06-03 09:15:31,31.5875,11.57,1.295,15.384,B,#4,HOLDING,1.000A/B
1918,2026-06-03 09:15:33,31.8000,11.57,1.121,9.920,B,#4,HOLDING,1.037A/B
1919,2026-06-03 09:15:36,32.0000,11.57,1.121,9.920,B,#4,HOLDING,0.767A/B
1920,2026-06-03 09:15:37,32.1750,11.57,1.121,9.920,B,#4,HOLDING,0.575A/B
1921,2026-06-03 09:15:39,32.3750,6.60,1.121,9.920,B,#4,HOLDING,0.348A/B
1922,2026-06-03 09:15:41,32.6250,6.60,0.461,1.677,B,#4,HOLDING,0.106A/B
1923,2026-06-03 09:15:43,32.8250,6.60,0.461,1.677,A,#4,HOLDING,0.203A/A
1924,2026-06-03 09:15:45,33.0250,6.60,0.461,1.677,A,#4,HOLDING,0.422A/A
1925,2026-06-03 09:15:47,33.2000,2.39,0.461,1.677,A,#4,HOLDING,0.675A/A
1926,2026-06-03 09:15:49,33.3500,2.39,0.546,3.172,A,#4,HOLDING,0.936A/A
1927,2026-06-03 09:15:51,33.4750,2.39,0.546,3.172,A,#4,HOLDING,1.268A/A
1928,2026-06-03 09:15:53,33.6000,2.39,0.546,3.172,A,#4,HOLDING,1.501A/A
1929,2026-06-03 09:15:55,33.6750,10.86,0.546,3.172,A,#4,HOLDING,1.500A/A
1930,2026-06-03 09:15:56,33.6875,10.86,1.500,16.800,A,#4,HOLDING,1.767A/A
1931,2026-06-03 09:15:59,33.7125,10.86,1.500,16.800,A,#4,HOLDING,2.000A/A
1932,2026-06-03 09:16:00,33.7125,10.86,1.500,16.800,A,#4,HOLDING,2.103A/A
1933,2026-06-03 09:16:02,33.6125,12.00,1.500,16.800,A,#4,HOLDING,2.360A/A
1934,2026-06-03 09:16:04,33.5625,12.00,1.576,18.660,A,#4,HOLDING,1.500A/A
1935,2026-06-03 09:16:06,33.4875,12.00,1.576,18.660,A,#4,HOLDING,2.611A/A
1936,2026-06-03 09:16:08,33.3250,12.00,1.576,18.660,A,#4,HOLDING,2.000A/A
1937,2026-06-03 09:16:10,33.1750,12.00,1.576,18.660,A,#4,HOLDING,2.808A/A
1938,2026-06-03 09:16:12,33.0125,12.00,1.522,18.048,A,#4,HOLDING,1.500A/A
1939,2026-06-03 09:16:14,32.8125,12.00,1.522,18.048,A,#4,HOLDING,1.500A/A
1940,2026-06-03 09:16:16,32.6250,12.00,1.522,18.048,A,#4,HOLDING,1.000A/A
1941,2026-06-03 09:16:18,32.3750,8.59,1.522,18.048,A,#4,HOLDING,1.500A/A
1942,2026-06-03 09:16:19,32.1375,8.59,1.314,17.628,A,#4,HOLDING,2.984A/A
1943,2026-06-03 09:16:22,31.8875,8.59,1.314,17.628,A,#4,HOLDING,2.500A/A
1944,2026-06-03 09:16:23,31.6500,8.59,1.314,17.628,A,#4,HOLDING,2.500A/A
1945,2026-06-03 09:16:25,31.3750,12.00,1.314,17.628,A,#4,HOLDING,1.500A/A
1946,2026-06-03 09:16:27,31.1250,12.00,1.457,17.328,A,#4,HOLDING,2.000A/A
1947,2026-06-03 09:16:29,30.8500,12.00,1.457,17.328,A,#4,HOLDING,1.500A/A
1948,2026-06-03 09:16:31,30.5875,12.00,1.457,17.328,A,#4,HOLDING,2.500A/A
1949,2026-06-03 09:16:33,30.2875,12.00,1.457,17.328,A,#4,HOLDING,1.500A/A
1950,2026-06-03 09:16:35,30.0375,12.00,1.442,17.160,A,#4,HOLDING,1.500A/A
1951,2026-06-03 09:16:37,29.7625,12.00,1.442,17.160,A,#4,HOLDING,3.000A/A
1952,2026-06-03 09:16:39,29.4750,12.00,1.442,17.160,A,#4,HOLDING,2.500A/A
1953,2026-06-03 09:16:41,29.2000,12.00,1.442,17.160,A,#4,HOLDING,2.000A/A
1954,2026-06-03 09:16:42,28.9000,12.00,1.423,16.896,A,#4,HOLDING,1.500A/A
1955,2026-06-03 09:16:45,28.6000,12.00,1.423,16.896,A,#4,HOLDING,2.000A/A
1956,2026-06-03 09:16:46,28.3250,12.00,1.423,16.896,A,#4,HOLDING,2.000A/A
1957,2026-06-03 09:16:48,28.0500,12.00,1.423,16.896,A,#4,HOLDING,2.500A/A
1958,2026-06-03 09:16:50,27.7250,12.00,1.405,16.656,A,#4,HOLDING,1.000A/A
1959,2026-06-03 09:16:52,27.4500,12.00,1.405,16.656,A,#4,HOLDING,2.500A/A
1960,2026-06-03 09:16:54,27.1625,12.00,1.405,16.656,A,#4,HOLDING,1.500A/A
1961,2026-06-03 09:16:56,26.8625,12.00,1.405,16.656,A,#4,HOLDING,2.901A/A
1962,2026-06-03 09:16:58,26.5875,12.00,1.398,16.668,A,#4,HOLDING,2.901A/A
1963,2026-06-03 09:17:00,26.2875,12.00,1.398,16.668,A,#4,HOLDING,2.500A/A
1964,2026-06-03 09:17:02,26.0250,12.00,1.398,16.668,A,#4,HOLDING,2.000A/A
1965,2026-06-03 09:17:04,25.7250,12.00,1.398,16.668,A,#4,HOLDING,2.893A/A
1966,2026-06-03 09:17:05,25.4750,12.00,1.388,16.668,A,#4,HOLDING,1.500A/A
1967,2026-06-03 09:17:08,25.2250,12.00,1.388,16.668,A,#4,HOLDING,2.797A/A
1968,2026-06-03 09:17:09,24.9750,12.00,1.388,16.668,A,#4,HOLDING,1.500A/A
1969,2026-06-03 09:17:11,24.7250,12.00,1.388,16.668,A,#4,HOLDING,2.722A/A
1970,2026-06-03 09:17:13,24.4625,12.00,1.407,16.764,A,#4,HOLDING,1.500A/A
1971,2026-06-03 09:17:15,24.2375,12.00,1.407,16.764,A,#4,HOLDING,2.000A/A
1972,2026-06-03 09:17:17,24.0125,12.00,1.407,16.764,A,#4,HOLDING,2.500A/A
1973,2026-06-03 09:17:19,23.7625,12.00,1.407,16.764,A,#4,HOLDING,2.500A/A
1974,2026-06-03 09:17:21,23.5125,12.00,1.398,16.656,A,#4,HOLDING,1.000A/A
1975,2026-06-03 09:17:23,23.3125,12.00,1.398,16.656,A,#4,HOLDING,2.500A/A
1976,2026-06-03 09:17:25,23.0750,12.00,1.398,16.656,A,#4,HOLDING,2.616A/A
1977,2026-06-03 09:17:26,22.8500,12.00,1.398,16.656,A,#4,HOLDING,2.000A/A
1978,2026-06-03 09:17:28,22.6375,12.00,1.397,16.656,A,#4,HOLDING,2.457A/A
1979,2026-06-03 09:17:31,22.4375,12.00,1.397,16.656,A,#4,HOLDING,2.000A/A
1980,2026-06-03 09:17:32,22.2625,12.00,1.397,16.656,A,#4,HOLDING,2.251A/A
1981,2026-06-03 09:17:34,22.0625,12.00,1.397,16.656,A,#4,HOLDING,2.076A/A
1982,2026-06-03 09:17:36,21.8500,12.00,1.394,16.644,A,#4,HOLDING,1.890A/A
1983,2026-06-03 09:17:38,21.6250,12.00,1.394,16.644,A,#4,HOLDING,1.648A/A
1984,2026-06-03 09:17:40,21.4500,12.00,1.394,16.644,A,#4,HOLDING,1.478A/A
1985,2026-06-03 09:17:42,21.2500,12.00,1.394,16.644,A,#4,HOLDING,1.000A/A
1986,2026-06-03 09:17:44,21.0750,12.00,1.065,9.400,A,#4,HOLDING,1.270A/A
1987,2026-06-03 09:17:46,20.9250,12.00,1.065,9.400,A,#4,HOLDING,1.003A/A
1988,2026-06-03 09:17:48,20.7625,12.00,1.065,9.400,A,#4,HOLDING,0.813A/A
1989,2026-06-03 09:17:49,20.5625,7.96,1.065,9.400,A,#4,HOLDING,0.581A/A
1990,2026-06-03 09:17:51,20.4000,7.96,0.581,3.677,A,#4,HOLDING,0.348A/A
1991,2026-06-03 09:17:54,20.2500,7.96,0.581,3.677,OFF,#4,HOLDING,0.000A/OFF
1992,2026-06-03 09:17:55,20.1125,7.96,0.581,3.677,OFF,#4,HOLDING,0.000A/OFF
1993,2026-06-03 09:17:56,20.1125,7.96,0.581,3.677,B,#4,HOLDING,0.216A/B
1994,2026-06-03 09:17:58,19.9625,12.00,0.216,3.677,B,#4,HOLDING,0.485A/B
1995,2026-06-03 09:17:59,19.8375,12.00,0.216,1.479,B,#4,HOLDING,0.734A/B
1996,2026-06-03 09:18:01,19.7375,12.00,0.216,1.479,B,#4,HOLDING,0.961A/B
1997,2026-06-03 09:18:03,19.6500,12.00,0.216,1.479,B,#4,HOLDING,1.185A/B
1998,2026-06-03 09:18:05,19.5750,0.76,0.216,1.479,B,#1,APPROACH,0.979A/B
1999,2026-06-03 09:18:07,19.5375,0.76,0.000,1.479,B,#1,APPROACH,1.000A/B
2000,2026-06-03 09:18:09,19.5125,0.76,0.000,0.000,B,#1,APPROACH,1.457A/B
2001,2026-06-03 09:18:11,19.5375,0.76,0.000,0.000,B,#1,APPROACH,1.928A/B
2002,2026-06-03 09:18:13,19.5375,0.76,0.000,0.000,B,#1,APPROACH,1.500A/B
2003,2026-06-03 09:18:14,19.5625,10.95,0.000,0.000,B,#1,APPROACH,1.000A/B
2004,2026-06-03 09:18:16,19.5875,10.95,1.250,8.000,B,#1,APPROACH,2.000A/B
2005,2026-06-03 09:18:19,19.6625,10.95,1.250,8.000,B,#1,APPROACH,1.000A/B
2006,2026-06-03 09:18:20,19.7625,10.95,1.250,8.000,B,#1,APPROACH,2.000A/B
2007,2026-06-03 09:18:22,19.8625,12.00,1.250,8.000,B,#1,APPROACH,2.258A/B
2008,2026-06-03 09:18:24,20.0125,12.00,1.550,18.336,B,#1,APPROACH,2.000A/B
2009,2026-06-03 09:18:26,20.1750,12.00,1.550,18.336,B,#1,APPROACH,2.500A/B
2010,2026-06-03 09:18:28,20.3250,12.00,1.550,18.336,B,#1,APPROACH,2.500A/B
2011,2026-06-03 09:18:30,20.5500,12.00,1.550,18.336,B,#1,APPROACH,2.612A/B
2012,2026-06-03 09:18:31,20.7500,12.00,1.489,17.604,B,#1,APPROACH,1.000A/B
2013,2026-06-03 09:18:34,20.9875,12.00,1.489,17.604,B,#1,APPROACH,1.000A/B
2014,2026-06-03 09:18:35,21.2375,12.00,1.489,17.604,B,#1,APPROACH,2.929A/B
2015,2026-06-03 09:18:37,21.4625,12.00,1.489,17.604,B,#1,APPROACH,1.500A/B
2016,2026-06-03 09:18:39,21.7375,12.00,1.443,17.112,B,#1,APPROACH,2.500A/B
2017,2026-06-03 09:18:41,21.9625,12.00,1.443,17.112,B,#1,APPROACH,1.000A/B
2018,2026-06-03 09:18:43,22.2625,12.00,1.443,17.112,B,#1,APPROACH,2.000A/B
2019,2026-06-03 09:18:45,22.5250,12.00,1.443,17.112,B,#1,APPROACH,1.500A/B
2020,2026-06-03 09:18:47,22.7750,12.00,1.405,16.668,B,#1,APPROACH,2.500A/B
2021,2026-06-03 09:18:49,23.0625,12.00,1.405,16.668,B,#1,APPROACH,2.500A/B
2022,2026-06-03 09:18:51,23.3625,12.00,1.405,16.668,B,#1,APPROACH,3.000A/B
2023,2026-06-03 09:18:53,23.6625,12.00,1.405,16.668,B,#1,APPROACH,1.500A/B
2024,2026-06-03 09:18:54,24.0125,12.00,1.375,16.320,B,#1,APPROACH,2.000A/B
2025,2026-06-03 09:18:57,24.2500,12.00,1.375,16.320,B,#1,APPROACH,1.000A/B
2026,2026-06-03 09:18:58,24.5750,12.00,1.375,16.320,B,#1,APPROACH,1.500A/B
2027,2026-06-03 09:19:00,24.8500,12.00,1.375,16.320,B,#1,APPROACH,2.500A/B
2028,2026-06-03 09:19:02,25.1500,12.00,1.352,16.068,B,#1,APPROACH,1.500A/B
2029,2026-06-03 09:19:04,25.4375,12.00,1.352,16.068,B,#1,APPROACH,1.000A/B
2030,2026-06-03 09:19:06,25.7125,12.00,1.352,16.068,B,#1,APPROACH,1.500A/B
2031,2026-06-03 09:19:08,26.0375,12.00,1.352,16.068,B,#1,APPROACH,2.000A/B
2032,2026-06-03 09:19:10,26.3375,12.00,1.334,15.840,B,#1,APPROACH,1.000A/B
2033,2026-06-03 09:19:12,26.6250,12.00,1.334,15.840,B,#1,APPROACH,2.000A/B
2034,2026-06-03 09:19:14,26.9000,12.00,1.334,15.840,B,#1,APPROACH,1.500A/B
2035,2026-06-03 09:19:16,27.1875,12.00,1.334,15.840,B,#1,APPROACH,1.500A/B
2036,2026-06-03 09:19:18,27.5125,12.00,1.321,15.696,B,#1,APPROACH,1.000A/B
2037,2026-06-03 09:19:20,27.7750,12.00,1.321,15.696,B,#1,APPROACH,2.000A/B
2038,2026-06-03 09:19:21,28.0500,12.00,1.321,15.696,B,#1,APPROACH,1.500A/B
2039,2026-06-03 09:19:23,28.3375,12.00,1.321,15.696,B,#1,APPROACH,2.853A/B
2040,2026-06-03 09:19:25,28.6125,12.00,1.311,15.588,B,#1,APPROACH,2.500A/B
2041,2026-06-03 09:19:28,28.8750,12.00,1.311,15.588,B,#1,APPROACH,1.500A/B
2042,2026-06-03 09:19:29,29.1250,12.00,1.311,15.588,B,#1,APPROACH,1.000A/B
2043,2026-06-03 09:19:31,29.4000,9.64,1.311,15.588,B,#1,APPROACH,2.500A/B
2044,2026-06-03 09:19:33,29.6750,9.64,1.304,15.504,B,#1,APPROACH,2.500A/B
2045,2026-06-03 09:19:35,29.9375,9.64,1.304,15.504,B,#1,HOLDING,2.000A/B
2046,2026-06-03 09:19:37,30.1875,9.64,1.304,15.504,OFF,#1,HOLDING,0.000A/OFF
2047,2026-06-03 09:19:38,30.1875,9.64,1.304,15.504,OFF,#1,HOLDING,0.000A/OFF
2048,2026-06-03 09:19:39,30.4250,12.00,1.304,15.504,OFF,#1,HOLDING,0.000A/OFF
2049,2026-06-03 09:19:40,30.4250,12.00,1.293,15.504,OFF,#1,HOLDING,0.000A/OFF
2050,2026-06-03 09:19:41,30.6750,12.00,1.293,0.000,OFF,#1,HOLDING,0.000A/OFF
2051,2026-06-03 09:19:42,30.6750,12.00,1.293,0.000,OFF,#1,HOLDING,0.000A/OFF
2052,2026-06-03 09:19:43,30.8750,12.00,1.293,0.000,OFF,#1,HOLDING,0.000A/OFF
2053,2026-06-03 09:19:44,30.8750,12.00,1.293,0.000,OFF,#1,HOLDING,0.000A/OFF
2054,2026-06-03 09:19:45,31.1000,12.00,1.293,0.000,OFF,#1,HOLDING,0.000A/OFF
2055,2026-06-03 09:19:46,31.1000,12.00,0.000,0.000,OFF,#1,HOLDING,0.000A/OFF
2056,2026-06-03 09:19:47,31.3125,12.00,0.000,0.000,OFF,#1,HOLDING,0.000A/OFF
2057,2026-06-03 09:19:48,31.5125,12.00,0.000,0.000,OFF,#1,HOLDING,0.000A/OFF
2058,2026-06-03 09:19:49,31.5125,12.00,0.000,0.000,A,#1,HOLDING,0.103A/A
2059,2026-06-03 09:19:50,31.6750,12.00,0.000,0.000,A,#1,HOLDING,0.115A/A
2060,2026-06-03 09:19:52,31.8250,0.00,0.000,0.000,A,#1,HOLDING,0.190A/A
2061,2026-06-03 09:19:54,31.9250,0.00,0.150,0.169,A,#1,HOLDING,0.249A/A
2062,2026-06-03 09:19:56,32.0500,0.00,0.150,0.169,A,#1,HOLDING,0.310A/A
2063,2026-06-03 09:19:58,32.1000,0.00,0.150,0.169,A,#1,HOLDING,0.347A/A
2064,2026-06-03 09:20:00,32.1750,2.32,0.150,0.169,A,#1,HOLDING,0.402A/A
2065,2026-06-03 09:20:02,32.1875,2.32,0.372,1.181,A,#1,HOLDING,0.449A/A
2066,2026-06-03 09:20:04,32.1875,2.32,0.372,1.181,A,#1,HOLDING,0.514A/A
2067,2026-06-03 09:20:06,32.1625,2.32,0.372,1.181,A,#1,HOLDING,0.549A/A
2068,2026-06-03 09:20:07,32.1375,4.22,0.372,1.181,A,#1,HOLDING,0.597A/A
2069,2026-06-03 09:20:09,32.0500,4.22,0.572,2.859,A,#1,HOLDING,0.635A/A
2070,2026-06-03 09:20:12,31.9750,4.22,0.572,2.859,A,#1,HOLDING,0.687A/A
2071,2026-06-03 09:20:13,31.9000,4.22,0.572,2.859,A,#1,HOLDING,0.716A/A
2072,2026-06-03 09:20:15,31.8250,5.79,0.572,2.859,A,#1,HOLDING,0.755A/A
2073,2026-06-03 09:20:17,31.7375,5.79,0.755,4.733,A,#1,HOLDING,0.786A/A
2074,2026-06-03 09:20:19,31.6375,5.79,0.755,4.733,A,#1,HOLDING,0.779A/A
2075,2026-06-03 09:20:21,31.5250,5.79,0.755,4.733,A,#1,HOLDING,0.800A/A
2076,2026-06-03 09:20:23,31.4250,6.59,0.755,4.733,A,#1,HOLDING,0.827A/A
2077,2026-06-03 09:20:25,31.2750,6.59,0.827,5.813,A,#1,HOLDING,0.841A/A
2078,2026-06-03 09:20:27,31.1250,6.59,0.827,5.813,A,#1,HOLDING,0.863A/A
2079,2026-06-03 09:20:29,31.0125,6.59,0.827,5.813,A,#1,HOLDING,0.870A/A
2080,2026-06-03 09:20:30,30.8375,7.33,0.827,5.813,A,#1,HOLDING,0.874A/A
2081,2026-06-03 09:20:32,30.7000,7.33,0.874,6.589,A,#1,HOLDING,0.872A/A
2082,2026-06-03 09:20:35,30.4750,7.33,0.874,6.589,A,#1,HOLDING,0.856A/A
2083,2026-06-03 09:20:36,30.2625,7.33,0.874,6.589,A,#1,HOLDING,0.834A/A
2084,2026-06-03 09:20:38,30.0625,7.24,0.874,6.589,A,#1,HOLDING,0.803A/A
2085,2026-06-03 09:20:40,29.8875,7.24,0.803,5.733,A,#1,HOLDING,0.772A/A
2086,2026-06-03 09:20:42,29.6625,7.24,0.803,5.733,A,#1,HOLDING,0.675A/A
2087,2026-06-03 09:20:44,29.4750,7.24,0.803,5.733,A,#1,HOLDING,0.623A/A
2088,2026-06-03 09:20:46,29.2500,5.71,0.803,5.733,A,#1,HOLDING,0.551A/A
2089,2026-06-03 09:20:48,29.0375,5.71,0.585,2.881,A,#1,HOLDING,0.475A/A
2090,2026-06-03 09:20:50,28.8125,5.71,0.585,2.881,A,#1,HOLDING,0.377A/A
2091,2026-06-03 09:20:52,28.6000,5.71,0.585,2.881,A,#1,HOLDING,0.291A/A
2092,2026-06-03 09:20:53,28.3750,3.07,0.585,2.881,A,#1,HOLDING,0.196A/A
2093,2026-06-03 09:20:55,28.1625,3.07,0.242,2.881,OFF,#1,HOLDING,0.000A/OFF
2094,2026-06-03 09:20:56,28.1625,3.07,0.242,0.456,OFF,#1,HOLDING,0.000A/OFF
2095,2026-06-03 09:20:57,27.9375,3.07,0.242,0.456,OFF,#1,HOLDING,0.000A/OFF
2096,2026-06-03 09:20:58,27.9375,3.07,0.242,0.456,OFF,#1,HOLDING,0.000A/OFF
2097,2026-06-03 09:20:59,27.7625,3.07,0.242,0.456,B,#1,HOLDING,0.176A/B
2098,2026-06-03 09:21:01,27.5625,5.79,0.176,0.456,B,#1,HOLDING,0.239A/B
2099,2026-06-03 09:21:03,27.4250,5.79,0.176,0.501,B,#1,HOLDING,0.367A/B
2100,2026-06-03 09:21:05,27.2500,5.79,0.176,0.501,B,#1,HOLDING,0.486A/B
2101,2026-06-03 09:21:06,27.2500,5.79,0.176,0.501,B,#1,HOLDING,0.585A/B
2102,2026-06-03 09:21:08,27.1125,4.92,0.176,0.501,B,#1,HOLDING,0.726A/B
2103,2026-06-03 09:21:10,26.9625,4.92,0.726,4.537,B,#1,HOLDING,0.872A/B
2104,2026-06-03 09:21:12,26.7625,4.92,0.726,4.537,B,#1,HOLDING,1.074A/B
2105,2026-06-03 09:21:14,26.7625,4.92,0.726,4.537,B,#1,HOLDING,1.197A/B
2106,2026-06-03 09:21:16,26.6500,9.63,0.726,4.537,B,#1,HOLDING,1.354A/B
2107,2026-06-03 09:21:18,26.5750,9.63,1.273,14.853,B,#1,HOLDING,1.000A/B
2108,2026-06-03 09:21:20,26.4500,9.63,1.273,14.853,B,#1,HOLDING,1.527A/B
2109,2026-06-03 09:21:22,26.4500,9.63,1.273,14.853,B,#1,HOLDING,1.653A/B
2110,2026-06-03 09:21:24,26.4750,12.00,1.273,14.853,B,#1,HOLDING,1.000A/B
2111,2026-06-03 09:21:25,26.5000,12.00,1.239,8.750,B,#1,HOLDING,1.793A/B
2112,2026-06-03 09:21:28,26.5875,12.00,1.239,8.750,B,#1,HOLDING,1.977A/B
2113,2026-06-03 09:21:29,26.5875,12.00,1.239,8.750,B,#1,HOLDING,1.500A/B
2114,2026-06-03 09:21:31,26.6625,12.00,1.239,8.750,B,#1,HOLDING,2.000A/B
2115,2026-06-03 09:21:33,26.7375,12.00,1.440,17.064,B,#1,HOLDING,2.000A/B
2116,2026-06-03 09:21:35,26.9500,12.00,1.440,17.064,B,#1,HOLDING,2.086A/B
2117,2026-06-03 09:21:37,26.9500,12.00,1.440,17.064,B,#1,HOLDING,2.213A/B
2118,2026-06-03 09:21:39,27.0500,12.00,1.440,17.064,B,#1,HOLDING,1.000A/B
2119,2026-06-03 09:21:41,27.2000,12.00,1.133,9.230,B,#1,HOLDING,1.500A/B
2120,2026-06-03 09:21:43,27.4500,12.00,1.133,9.230,B,#1,HOLDING,2.307A/B
2121,2026-06-03 09:21:45,27.4500,12.00,1.133,9.230,B,#1,HOLDING,1.500A/B
2122,2026-06-03 09:21:47,27.6125,12.00,1.133,9.230,B,#1,HOLDING,1.000A/B
2123,2026-06-03 09:21:48,27.7875,12.00,1.144,9.360,B,#1,HOLDING,2.000A/B
2124,2026-06-03 09:21:51,28.1125,12.00,1.144,9.360,B,#1,HOLDING,2.000A/B
2125,2026-06-03 09:21:52,28.1125,12.00,1.144,9.360,B,#1,HOLDING,1.000A/B
2126,2026-06-03 09:21:54,28.2875,9.35,1.144,9.360,B,#1,HOLDING,1.000A/B
2127,2026-06-03 09:21:56,28.4375,9.35,1.000,9.490,B,#1,HOLDING,1.000A/B
2128,2026-06-03 09:21:58,28.7625,9.35,1.000,9.490,B,#1,HOLDING,2.299A/B
2129,2026-06-03 09:22:00,28.7625,9.35,1.000,9.490,B,#1,HOLDING,1.000A/B
2130,2026-06-03 09:22:02,28.9250,9.41,1.000,9.490,B,#1,HOLDING,2.000A/B
2131,2026-06-03 09:22:04,29.0750,9.41,1.355,16.104,B,#1,HOLDING,2.000A/B
2132,2026-06-03 09:22:06,29.4500,9.41,1.355,16.104,B,#1,HOLDING,1.500A/B
2133,2026-06-03 09:22:08,29.4500,9.41,1.355,16.104,B,#1,HOLDING,2.342A/B
2134,2026-06-03 09:22:10,29.6125,12.00,1.355,16.104,B,#1,HOLDING,1.000A/B
2135,2026-06-03 09:22:11,29.8125,12.00,1.155,9.620,B,#1,HOLDING,1.000A/B
2136,2026-06-03 09:22:14,30.1625,12.00,1.155,9.620,B,#1,HOLDING,2.000A/B
2137,2026-06-03 09:22:15,30.1625,12.00,1.155,9.620,B,#1,HOLDING,1.500A/B
2138,2026-06-03 09:22:17,30.3250,12.00,1.155,9.620,B,#1,HOLDING,2.323A/B
2139,2026-06-03 09:22:19,30.5000,12.00,1.329,15.780,B,#1,HOLDING,2.000A/B
2140,2026-06-03 09:22:21,30.8125,12.00,1.329,15.780,B,#1,HOLDING,1.000A/B
2141,2026-06-03 09:22:23,30.8125,12.00,1.329,15.780,B,#1,HOLDING,2.332A/B
2142,2026-06-03 09:22:25,30.9625,12.00,1.329,15.780,B,#1,HOLDING,2.325A/B
2143,2026-06-03 09:22:27,31.1375,12.00,1.312,15.600,B,#1,HOLDING,1.000A/B
2144,2026-06-03 09:22:29,31.5000,12.00,1.312,15.600,B,#1,HOLDING,1.000A/B
2145,2026-06-03 09:22:31,31.5000,12.00,1.312,15.600,B,#1,HOLDING,1.000A/B
2146,2026-06-03 09:22:33,31.6750,9.65,1.312,15.600,B,#2,APPROACH,2.300A/B
2147,2026-06-03 09:22:34,31.8000,9.65,1.307,0.000,A,#2,APPROACH,0.198A/A
2148,2026-06-03 09:22:37,32.1375,9.65,1.307,0.000,A,#2,APPROACH,0.300A/A
2149,2026-06-03 09:22:39,32.2750,9.65,1.307,0.000,A,#2,APPROACH,0.391A/A
2150,2026-06-03 09:22:41,32.4000,9.65,1.307,0.000,A,#2,APPROACH,0.479A/A
2151,2026-06-03 09:22:43,32.4000,3.15,1.307,0.000,A,#2,APPROACH,0.558A/A
2152,2026-06-03 09:22:44,32.5500,3.15,0.542,2.209,A,#2,APPROACH,0.685A/A
2153,2026-06-03 09:22:47,32.7500,3.15,0.542,2.209,A,#2,APPROACH,0.881A/A
2154,2026-06-03 09:22:48,32.8000,3.15,0.542,2.209,A,#2,APPROACH,1.023A/A
2155,2026-06-03 09:22:50,32.8000,7.51,0.542,2.209,A,#2,APPROACH,1.000A/A
2156,2026-06-03 09:22:52,32.8375,7.51,1.000,7.720,A,#2,APPROACH,1.189A/A
2157,2026-06-03 09:22:54,32.8125,7.51,1.000,7.720,A,#2,APPROACH,1.000A/A
2158,2026-06-03 09:22:56,32.7625,7.51,1.000,7.720,A,#2,APPROACH,1.398A/A
2159,2026-06-03 09:22:58,32.6875,10.43,1.000,7.720,A,#2,APPROACH,1.560A/A
2160,2026-06-03 09:23:00,32.6125,10.43,1.536,18.657,A,#2,APPROACH,1.716A/A
2161,2026-06-03 09:23:02,32.5125,10.43,1.536,18.657,A,#2,APPROACH,1.915A/A
2162,2026-06-03 09:23:04,32.3625,10.43,1.536,18.657,A,#2,APPROACH,2.000A/A
2163,2026-06-03 09:23:06,32.2000,12.00,1.536,18.657,A,#2,APPROACH,1.000A/A
2164,2026-06-03 09:23:07,32.0250,12.00,1.172,8.410,A,#2,APPROACH,2.015A/A
2165,2026-06-03 09:23:10,31.8250,12.00,1.172,8.410,A,#2,APPROACH,2.177A/A
2166,2026-06-03 09:23:11,31.6250,12.00,1.172,8.410,A,#2,APPROACH,2.276A/A
2167,2026-06-03 09:23:13,31.4375,12.00,1.172,8.410,A,#2,APPROACH,2.385A/A
2168,2026-06-03 09:23:15,31.1875,12.00,1.509,17.904,A,#2,APPROACH,2.427A/A
2169,2026-06-03 09:23:18,30.9625,12.00,1.509,17.904,A,#2,APPROACH,1.000A/A
2170,2026-06-03 09:23:19,30.6625,12.00,1.509,17.904,A,#2,APPROACH,1.500A/A
2171,2026-06-03 09:23:21,30.4000,11.90,1.509,17.904,A,#2,APPROACH,2.000A/A
2172,2026-06-03 09:23:23,30.1250,11.90,1.481,17.580,A,#2,APPROACH,2.489A/A
2173,2026-06-03 09:23:25,29.8750,11.90,1.481,17.580,A,#2,APPROACH,2.574A/A
2174,2026-06-03 09:23:27,29.6250,11.90,1.481,17.580,A,#2,APPROACH,1.500A/A
2175,2026-06-03 09:23:29,29.3375,12.00,1.481,17.580,A,#2,APPROACH,2.592A/A
2176,2026-06-03 09:23:31,29.0375,12.00,1.454,17.328,A,#2,HOLDING,1.000A/A
2177,2026-06-03 09:23:33,28.8125,12.00,1.454,17.328,OFF,#2,HOLDING,0.000A/OFF
2178,2026-06-03 09:23:34,28.8125,12.00,1.454,17.328,OFF,#2,HOLDING,0.000A/OFF
2179,2026-06-03 09:23:35,28.5125,12.00,1.454,17.328,OFF,#2,HOLDING,0.000A/OFF
2180,2026-06-03 09:23:36,28.5125,12.00,1.454,17.328,OFF,#2,HOLDING,0.000A/OFF
2181,2026-06-03 09:23:37,28.2250,12.00,0.000,17.328,OFF,#2,HOLDING,0.000A/OFF
2182,2026-06-03 09:23:38,28.2250,12.00,0.000,17.328,OFF,#2,HOLDING,0.000A/OFF
2183,2026-06-03 09:23:39,27.9500,12.00,0.000,0.000,OFF,#2,HOLDING,0.000A/OFF
2184,2026-06-03 09:23:40,27.9500,12.00,0.000,0.000,OFF,#2,HOLDING,0.000A/OFF
2185,2026-06-03 09:23:41,27.7125,12.00,0.000,0.000,OFF,#2,HOLDING,0.000A/OFF
2186,2026-06-03 09:23:42,27.4625,12.00,0.000,0.000,OFF,#2,HOLDING,0.000A/OFF
2187,2026-06-03 09:23:43,27.4625,12.00,0.000,0.000,OFF,#2,HOLDING,0.000A/OFF
2188,2026-06-03 09:23:44,27.2500,12.00,0.000,0.000,OFF,#2,HOLDING,0.000A/OFF
2189,2026-06-03 09:23:45,27.2500,12.00,0.000,0.000,OFF,#2,HOLDING,0.000A/OFF
2190,2026-06-03 09:23:46,27.0250,12.00,0.000,0.000,B,#2,HOLDING,0.196A/B
2191,2026-06-03 09:23:48,27.0250,12.00,0.000,0.000,B,#2,HOLDING,0.195A/B
2192,2026-06-03 09:23:50,26.8375,1.48,0.000,0.000,B,#2,HOLDING,0.276A/B
2193,2026-06-03 09:23:51,26.6875,1.48,0.276,0.615,B,#2,HOLDING,0.315A/B
2194,2026-06-03 09:23:54,26.3625,1.48,0.276,0.615,B,#2,HOLDING,0.444A/B
2195,2026-06-03 09:23:55,26.3625,1.48,0.276,0.615,B,#2,HOLDING,0.483A/B
2196,2026-06-03 09:23:57,26.0750,3.91,0.276,0.615,B,#2,HOLDING,0.594A/B
2197,2026-06-03 09:23:59,26.0750,3.91,0.594,2.922,B,#2,HOLDING,0.644A/B
2198,2026-06-03 09:24:02,25.8625,3.91,0.594,2.922,B,#2,HOLDING,0.785A/B
2199,2026-06-03 09:24:03,25.8625,3.91,0.594,2.922,B,#2,HOLDING,0.830A/B
2200,2026-06-03 09:24:05,25.7000,6.76,0.594,2.922,B,#2,HOLDING,0.948A/B
2201,2026-06-03 09:24:07,25.7000,6.76,0.948,7.422,B,#2,HOLDING,1.022A/B
2202,2026-06-03 09:24:09,25.6250,6.76,0.948,7.422,B,#2,HOLDING,1.154A/B
2203,2026-06-03 09:24:11,25.6250,6.76,0.948,7.422,B,#2,HOLDING,1.219A/B
2204,2026-06-03 09:24:13,25.6250,9.80,0.948,7.422,B,#2,HOLDING,1.317A/B
2205,2026-06-03 09:24:15,25.6250,9.80,1.317,14.144,B,#2,HOLDING,1.000A/B
2206,2026-06-03 09:24:17,25.6750,9.80,1.317,14.144,B,#2,HOLDING,1.400A/B
2207,2026-06-03 09:24:18,25.6750,9.80,1.317,14.144,B,#2,HOLDING,1.481A/B
2208,2026-06-03 09:24:20,25.8000,11.87,1.317,14.144,B,#2,HOLDING,1.500A/B
2209,2026-06-03 09:24:22,25.8000,11.87,1.471,17.412,B,#2,HOLDING,1.553A/B
2210,2026-06-03 09:24:25,25.9875,11.87,1.471,17.412,B,#2,HOLDING,1.635A/B
2211,2026-06-03 09:24:26,25.9875,11.87,1.471,17.412,B,#2,HOLDING,1.500A/B
2212,2026-06-03 09:24:28,26.1125,12.00,1.471,17.412,B,#2,HOLDING,1.500A/B
2213,2026-06-03 09:24:30,26.2375,12.00,1.427,16.884,B,#2,HOLDING,1.000A/B
2214,2026-06-03 09:24:32,26.5375,12.00,1.427,16.884,B,#2,HOLDING,1.659A/B
2215,2026-06-03 09:24:34,26.5375,12.00,1.427,16.884,B,#2,HOLDING,1.729A/B
2216,2026-06-03 09:24:36,26.8750,12.00,1.427,16.884,B,#2,HOLDING,1.736A/B
2217,2026-06-03 09:24:38,26.8750,12.00,1.395,16.512,B,#2,HOLDING,1.809A/B
2218,2026-06-03 09:24:40,27.2250,12.00,1.395,16.512,B,#2,HOLDING,1.000A/B
2219,2026-06-03 09:24:42,27.2250,12.00,1.395,16.512,B,#2,HOLDING,1.792A/B
2220,2026-06-03 09:24:43,27.6000,12.00,1.395,16.512,B,#2,HOLDING,1.780A/B
2221,2026-06-03 09:24:45,27.6000,12.00,1.367,16.200,B,#2,HOLDING,1.500A/B
2222,2026-06-03 09:24:48,28.0000,12.00,1.367,16.200,B,#2,HOLDING,1.500A/B
2223,2026-06-03 09:24:49,28.0000,12.00,1.367,16.200,B,#2,HOLDING,1.834A/B
2224,2026-06-03 09:24:51,28.4000,12.00,1.367,16.200,B,#2,HOLDING,1.790A/B
2225,2026-06-03 09:24:53,28.4000,12.00,1.353,16.044,B,#2,HOLDING,1.500A/B
2226,2026-06-03 09:24:55,28.8125,12.00,1.353,16.044,B,#2,HOLDING,1.779A/B
2227,2026-06-03 09:24:57,28.8125,12.00,1.353,16.044,B,#2,HOLDING,1.000A/B
2228,2026-06-03 09:24:59,29.2500,9.54,1.353,16.044,B,#2,HOLDING,1.700A/B
2229,2026-06-03 09:25:01,29.2500,9.54,1.338,15.900,B,#2,HOLDING,1.693A/B
2230,2026-06-03 09:25:03,29.6875,9.54,1.338,15.900,B,#2,HOLDING,1.565A/B
2231,2026-06-03 09:25:05,29.8750,9.54,1.338,15.900,B,#2,HOLDING,1.000A/B
2232,2026-06-03 09:25:06,30.1000,9.61,1.338,15.900,B,#2,HOLDING,1.487A/B
2233,2026-06-03 09:25:08,30.1000,9.61,1.327,15.768,B,#2,HOLDING,1.452A/B
2234,2026-06-03 09:25:11,30.5125,9.61,1.327,15.768,B,#2,HOLDING,1.310A/B
2235,2026-06-03 09:25:12,30.7125,9.61,1.327,15.768,B,#2,HOLDING,1.217A/B
2236,2026-06-03 09:25:14,30.9375,11.19,1.327,15.768,B,#2,HOLDING,1.079A/B
2237,2026-06-03 09:25:16,30.9375,11.19,1.079,11.189,B,#2,HOLDING,1.013A/B
2238,2026-06-03 09:25:18,31.3375,11.19,1.079,11.189,B,#2,HOLDING,0.876A/B
2239,2026-06-03 09:25:20,31.5250,11.19,1.079,11.189,B,#2,HOLDING,0.761A/B
2240,2026-06-03 09:25:22,31.7250,7.93,1.079,11.189,B,#2,HOLDING,0.611A/B
2241,2026-06-03 09:25:24,31.7250,7.93,0.611,4.197,B,#2,HOLDING,0.491A/B
2242,2026-06-03 09:25:26,32.1250,7.93,0.611,4.197,B,#2,HOLDING,0.282A/B
2243,2026-06-03 09:25:28,32.3000,7.93,0.611,4.197,B,#2,HOLDING,0.142A/B
2244,2026-06-03 09:25:30,32.4500,7.93,0.611,4.197,OFF,#2,HOLDING,0.000A/OFF
2245,2026-06-03 09:25:31,32.4500,2.99,0.142,4.197,OFF,#2,HOLDING,0.105A/A
2246,2026-06-03 09:25:32,32.6375,2.99,0.142,0.000,A,#2,HOLDING,0.258A/A
2247,2026-06-03 09:25:34,32.7625,2.99,0.142,0.000,A,#2,HOLDING,0.409A/A
2248,2026-06-03 09:25:35,32.8875,2.99,0.142,0.000,A,#2,HOLDING,0.571A/A
2249,2026-06-03 09:25:37,32.9875,3.66,0.142,0.000,A,#2,HOLDING,0.749A/A
2250,2026-06-03 09:25:39,32.9875,3.66,0.718,4.067,A,#2,HOLDING,0.920A/A
2251,2026-06-03 09:25:41,33.0625,3.66,0.718,4.067,A,#2,HOLDING,1.152A/A
2252,2026-06-03 09:25:43,33.0625,3.66,0.718,4.067,A,#2,HOLDING,1.000A/A
2253,2026-06-03 09:25:45,33.0125,7.44,0.718,4.067,A,#2,HOLDING,1.300A/A
2254,2026-06-03 09:25:47,33.0125,7.44,1.261,12.870,A,#2,HOLDING,1.000A/A
2255,2026-06-03 09:25:49,32.8875,7.44,1.261,12.870,A,#2,HOLDING,1.465A/A
2256,2026-06-03 09:25:51,32.8250,7.44,1.261,12.870,A,#2,HOLDING,1.610A/A
2257,2026-06-03 09:25:53,32.6750,12.00,1.261,12.870,A,#2,HOLDING,1.000A/A
2258,2026-06-03 09:25:54,32.5750,12.00,1.043,8.110,A,#2,HOLDING,1.757A/A
2259,2026-06-03 09:25:57,32.4250,12.00,1.043,8.110,A,#2,HOLDING,1.000A/A
2260,2026-06-03 09:25:58,32.3000,12.00,1.043,8.110,A,#2,HOLDING,1.942A/A
2261,2026-06-03 09:26:00,32.1250,12.00,1.043,8.110,A,#2,HOLDING,2.079A/A
2262,2026-06-03 09:26:02,31.9500,12.00,1.536,18.192,A,#2,HOLDING,1.500A/A
2263,2026-06-03 09:26:04,31.7500,12.00,1.536,18.192,A,#2,HOLDING,1.000A/A
2264,2026-06-03 09:26:06,31.5250,12.00,1.536,18.192,A,#2,HOLDING,1.000A/A
2265,2026-06-03 09:26:08,31.3250,8.49,1.536,18.192,A,#2,HOLDING,2.172A/A
2266,2026-06-03 09:26:10,31.0750,8.49,1.495,17.736,A,#2,HOLDING,2.208A/A
2267,2026-06-03 09:26:12,30.8500,8.49,1.495,17.736,A,#2,HOLDING,2.333A/A
2268,2026-06-03 09:26:14,30.6000,8.49,1.495,17.736,A,#2,HOLDING,1.000A/A
2269,2026-06-03 09:26:16,30.3500,8.68,1.495,17.736,A,#2,HOLDING,1.500A/A
2270,2026-06-03 09:26:17,30.0625,8.68,1.238,17.520,A,#2,HOLDING,1.000A/A
2271,2026-06-03 09:26:20,29.8125,8.68,1.238,17.520,A,#2,HOLDING,2.000A/A
2272,2026-06-03 09:26:21,29.5625,8.68,1.238,17.520,A,#2,HOLDING,2.336A/A
2273,2026-06-03 09:26:23,29.2875,12.00,1.238,17.520,A,#2,HOLDING,2.366A/A
2274,2026-06-03 09:26:25,29.0250,12.00,1.454,17.268,A,#2,HOLDING,1.500A/A
2275,2026-06-03 09:26:27,28.7250,12.00,1.454,17.268,A,#2,HOLDING,1.500A/A
2276,2026-06-03 09:26:29,28.4750,12.00,1.454,17.268,A,#2,HOLDING,1.000A/A
2277,2026-06-03 09:26:31,28.1750,8.94,1.454,17.268,A,#2,HOLDING,2.341A/A
2278,2026-06-03 09:26:33,27.9000,8.94,1.230,17.136,A,#2,HOLDING,2.325A/A
2279,2026-06-03 09:26:35,27.6250,8.94,1.230,17.136,A,#2,HOLDING,2.000A/A
2280,2026-06-03 09:26:37,27.3750,8.94,1.230,17.136,A,#2,HOLDING,2.000A/A
2281,2026-06-03 09:26:39,27.0750,12.00,1.230,17.136,A,#2,HOLDING,2.242A/A
2282,2026-06-03 09:26:40,26.8250,12.00,1.426,16.956,A,#2,HOLDING,2.174A/A
2283,2026-06-03 09:26:43,26.5750,12.00,1.426,16.956,A,#2,HOLDING,1.500A/A
2284,2026-06-03 09:26:44,26.3125,12.00,1.426,16.956,A,#2,HOLDING,2.000A/A
2285,2026-06-03 09:26:46,26.0125,12.00,1.426,16.956,A,#2,HOLDING,2.055A/A
2286,2026-06-03 09:26:48,25.7500,12.00,1.410,16.704,A,#2,HOLDING,1.943A/A
2287,2026-06-03 09:26:51,25.5000,12.00,1.410,16.704,A,#2,HOLDING,1.813A/A
2288,2026-06-03 09:26:52,25.2500,12.00,1.410,16.704,A,#2,HOLDING,1.000A/A
2289,2026-06-03 09:26:54,25.0000,9.19,1.410,16.704,A,#2,HOLDING,1.749A/A
2290,2026-06-03 09:26:56,24.7500,9.19,1.224,16.740,A,#2,HOLDING,1.500A/A
2291,2026-06-03 09:26:58,24.4750,9.19,1.224,16.740,A,#2,HOLDING,1.597A/A
2292,2026-06-03 09:27:00,24.2500,9.19,1.224,16.740,A,#2,HOLDING,1.000A/A
2293,2026-06-03 09:27:02,24.0000,9.25,1.224,16.740,A,#2,HOLDING,1.444A/A
2294,2026-06-03 09:27:04,23.7625,9.25,1.209,16.668,A,#2,HOLDING,1.268A/A
2295,2026-06-03 09:27:06,23.5625,9.25,1.209,16.668,A,#2,HOLDING,1.041A/A
2296,2026-06-03 09:27:07,23.3250,9.25,1.209,16.668,A,#2,HOLDING,0.874A/A
2297,2026-06-03 09:27:09,23.1000,8.43,1.209,16.668,A,#2,HOLDING,0.672A/A
2298,2026-06-03 09:27:11,23.1000,8.43,0.736,4.663,A,#2,HOLDING,0.490A/A
2299,2026-06-03 09:27:14,22.6875,8.43,0.736,4.663,A,#2,HOLDING,0.206A/A
2300,2026-06-03 09:27:15,22.5125,8.43,0.736,4.663,OFF,#2,HOLDING,0.000A/OFF
2301,2026-06-03 09:27:16,22.5125,8.43,0.736,4.663,OFF,#2,HOLDING,0.000A/OFF
2302,2026-06-03 09:27:17,22.3125,12.00,0.000,4.663,B,#2,HOLDING,0.230A/B
2303,2026-06-03 09:27:19,22.1375,12.00,0.000,0.276,B,#2,HOLDING,0.473A/B
2304,2026-06-03 09:27:21,22.1375,12.00,0.000,0.276,B,#2,HOLDING,0.667A/B
2305,2026-06-03 09:27:22,21.9625,12.00,0.000,0.276,B,#2,HOLDING,0.868A/B
2306,2026-06-03 09:27:24,21.8625,6.39,0.000,0.276,B,#2,HOLDING,1.000A/B
2307,2026-06-03 09:27:26,21.7375,6.39,0.933,7.600,B,#2,HOLDING,1.000A/B
2308,2026-06-03 09:27:28,21.6000,6.39,0.933,7.600,B,#2,HOLDING,1.000A/B
2309,2026-06-03 09:27:30,21.6000,6.39,0.933,7.600,B,#2,HOLDING,1.126A/B
2310,2026-06-03 09:27:32,21.5625,8.70,0.933,7.600,B,#2,HOLDING,1.376A/B
2311,2026-06-03 09:27:34,21.5625,8.70,1.248,14.695,B,#2,HOLDING,1.500A/B
2312,2026-06-03 09:27:36,21.6000,8.70,1.248,14.695,B,#2,HOLDING,1.000A/B
2313,2026-06-03 09:27:38,21.6250,8.70,1.248,14.695,B,#2,HOLDING,1.000A/B
2314,2026-06-03 09:27:40,21.7250,8.32,1.248,14.695,B,#2,HOLDING,1.604A/B
2315,2026-06-03 09:27:41,21.8250,8.32,1.288,18.312,B,#2,HOLDING,1.500A/B
2316,2026-06-03 09:27:44,21.9500,8.32,1.288,18.312,B,#2,HOLDING,1.818A/B
2317,2026-06-03 09:27:45,22.0750,8.32,1.288,18.312,B,#2,HOLDING,2.010A/B
2318,2026-06-03 09:27:47,22.2375,12.00,1.288,18.312,B,#2,HOLDING,2.222A/B
2319,2026-06-03 09:27:49,22.3875,12.00,1.489,17.664,B,#2,HOLDING,1.500A/B
2320,2026-06-03 09:27:52,22.6000,12.00,1.489,17.664,B,#2,HOLDING,1.000A/B
2321,2026-06-03 09:27:53,22.7750,12.00,1.489,17.664,B,#2,HOLDING,2.000A/B
2322,2026-06-03 09:27:55,22.9625,12.00,1.489,17.664,B,#2,HOLDING,1.500A/B
2323,2026-06-03 09:27:57,23.2375,12.00,1.443,17.124,B,#2,HOLDING,2.365A/B
2324,2026-06-03 09:27:59,23.4375,12.00,1.443,17.124,B,#2,HOLDING,1.500A/B
2325,2026-06-03 09:28:01,23.7125,12.00,1.443,17.124,B,#2,HOLDING,1.500A/B
2326,2026-06-03 09:28:03,23.9375,12.00,1.443,17.124,B,#2,HOLDING,2.000A/B
2327,2026-06-03 09:28:05,24.2125,12.00,1.407,16.692,B,#2,HOLDING,2.540A/B
2328,2026-06-03 09:28:07,24.4625,12.00,1.407,16.692,B,#2,HOLDING,2.708A/B
2329,2026-06-03 09:28:08,24.7375,12.00,1.407,16.692,B,#2,HOLDING,1.500A/B
2330,2026-06-03 09:28:10,24.9750,12.00,1.407,16.692,B,#2,HOLDING,2.000A/B
2331,2026-06-03 09:28:12,25.3000,12.00,1.380,16.380,B,#2,HOLDING,1.000A/B
2332,2026-06-03 09:28:15,25.5625,12.00,1.380,16.380,B,#2,HOLDING,2.703A/B
2333,2026-06-03 09:28:16,25.8125,12.00,1.380,16.380,B,#2,HOLDING,2.500A/B
2334,2026-06-03 09:28:18,26.0625,12.00,1.380,16.380,B,#2,HOLDING,1.000A/B
2335,2026-06-03 09:28:20,26.3625,12.00,1.183,9.500,B,#2,HOLDING,2.000A/B
2336,2026-06-03 09:28:22,26.6500,12.00,1.183,9.500,B,#2,HOLDING,1.000A/B
2337,2026-06-03 09:28:24,26.9000,12.00,1.183,9.500,B,#2,HOLDING,2.714A/B
2338,2026-06-03 09:28:26,27.1500,12.00,1.183,9.500,B,#2,HOLDING,1.000A/B
2339,2026-06-03 09:28:28,27.4250,12.00,1.178,9.580,B,#2,HOLDING,2.692A/B
2340,2026-06-03 09:28:30,27.6625,12.00,1.178,9.580,B,#2,HOLDING,1.500A/B
2341,2026-06-03 09:28:32,27.9375,12.00,1.178,9.580,B,#2,HOLDING,2.500A/B
2342,2026-06-03 09:28:33,28.1875,12.00,1.178,9.580,B,#2,HOLDING,2.727A/B
2343,2026-06-03 09:28:35,28.4625,12.00,1.339,15.900,B,#2,HOLDING,2.500A/B
2344,2026-06-03 09:28:38,28.6750,12.00,1.339,15.900,B,#2,HOLDING,1.500A/B
2345,2026-06-03 09:28:39,28.9000,12.00,1.339,15.900,B,#3,APPROACH,2.500A/B
2346,2026-06-03 09:28:41,29.1250,7.61,1.339,15.900,A,#3,APPROACH,0.174A/A
2347,2026-06-03 09:28:43,29.4000,7.61,0.093,15.900,A,#3,APPROACH,0.256A/A
2348,2026-06-03 09:28:45,29.8500,7.61,0.093,0.000,A,#3,APPROACH,0.382A/A
2349,2026-06-03 09:28:48,30.0500,7.61,0.093,0.000,A,#3,APPROACH,0.518A/A
2350,2026-06-03 09:28:49,30.0500,7.61,0.093,0.000,A,#3,APPROACH,0.611A/A
2351,2026-06-03 09:28:51,30.2500,4.14,0.093,0.000,A,#3,APPROACH,0.751A/A
2352,2026-06-03 09:28:53,30.4250,4.14,0.678,4.145,A,#3,APPROACH,0.917A/A
2353,2026-06-03 09:28:55,30.7250,4.14,0.678,4.145,A,#3,APPROACH,1.161A/A
2354,2026-06-03 09:28:57,30.7250,4.14,0.678,4.145,A,#3,APPROACH,1.302A/A
2355,2026-06-03 09:28:59,30.8000,9.64,0.678,4.145,A,#3,APPROACH,1.477A/A
2356,2026-06-03 09:29:01,30.9125,9.64,1.387,16.468,A,#3,APPROACH,1.657A/A
2357,2026-06-03 09:29:03,30.9500,9.64,1.387,16.468,A,#3,APPROACH,1.500A/A
2358,2026-06-03 09:29:05,30.9500,9.64,1.387,16.468,A,#3,APPROACH,1.889A/A
2359,2026-06-03 09:29:06,30.9500,12.00,1.387,16.468,A,#3,APPROACH,1.500A/A
2360,2026-06-03 09:29:08,30.9250,12.00,1.532,17.565,A,#3,APPROACH,1.000A/A
2361,2026-06-03 09:29:11,30.7375,12.00,1.532,17.565,A,#3,APPROACH,1.500A/A
2362,2026-06-03 09:29:12,30.6125,12.00,1.532,17.565,A,#3,APPROACH,1.000A/A
2363,2026-06-03 09:29:14,30.6125,8.34,1.532,17.565,A,#3,APPROACH,2.000A/A
2364,2026-06-03 09:29:16,30.4625,8.34,1.260,18.012,A,#3,APPROACH,2.028A/A
2365,2026-06-03 09:29:18,30.1500,8.34,1.260,18.012,A,#3,APPROACH,1.500A/A
2366,2026-06-03 09:29:20,30.0000,8.34,1.260,18.012,A,#3,APPROACH,2.186A/A
2367,2026-06-03 09:29:22,30.0000,12.00,1.260,18.012,A,#3,APPROACH,1.000A/A
2368,2026-06-03 09:29:24,29.8125,12.00,1.244,8.760,A,#3,APPROACH,2.329A/A
2369,2026-06-03 09:29:26,29.4125,12.00,1.244,8.760,A,#3,APPROACH,2.462A/A
2370,2026-06-03 09:29:28,29.1625,12.00,1.244,8.760,A,#3,APPROACH,2.000A/A
2371,2026-06-03 09:29:29,29.1625,12.00,1.244,8.760,A,#3,APPROACH,1.500A/A
2372,2026-06-03 09:29:31,28.9500,12.00,1.463,17.352,A,#3,APPROACH,2.499A/A
2373,2026-06-03 09:29:34,28.5375,12.00,1.463,17.352,A,#3,APPROACH,1.500A/A
2374,2026-06-03 09:29:35,28.2875,12.00,1.463,17.352,A,#3,APPROACH,1.000A/A
2375,2026-06-03 09:29:37,28.2875,8.92,1.463,17.352,A,#3,APPROACH,1.000A/A
2376,2026-06-03 09:29:39,28.0375,8.92,1.000,9.070,A,#3,APPROACH,1.500A/A
2377,2026-06-03 09:29:41,27.5625,8.92,1.000,9.070,A,#3,APPROACH,2.500A/A
2378,2026-06-03 09:29:43,27.2875,8.92,1.000,9.070,A,#3,APPROACH,1.000A/A
2379,2026-06-03 09:29:45,27.2875,8.97,1.000,9.070,A,#3,APPROACH,1.000A/A
2380,2026-06-03 09:29:47,27.0625,8.97,1.000,9.100,A,#3,HOLDING,1.000A/A
2381,2026-06-03 09:29:49,26.5750,8.97,1.000,9.100,OFF,#3,HOLDING,0.000A/OFF
2382,2026-06-03 09:29:50,26.5750,8.97,1.000,9.100,OFF,#3,HOLDING,0.000A/OFF
2383,2026-06-03 09:29:51,26.3250,8.97,1.000,9.100,OFF,#3,HOLDING,0.000A/OFF
2384,2026-06-03 09:29:52,26.3250,8.97,1.000,9.100,OFF,#3,HOLDING,0.000A/OFF
2385,2026-06-03 09:29:53,26.1000,12.00,0.000,9.100,OFF,#3,HOLDING,0.000A/OFF
2386,2026-06-03 09:29:54,26.1000,12.00,0.000,9.100,OFF,#3,HOLDING,0.000A/OFF
2387,2026-06-03 09:29:55,25.8750,12.00,0.000,0.000,OFF,#3,HOLDING,0.000A/OFF
2388,2026-06-03 09:29:56,25.8750,12.00,0.000,0.000,OFF,#3,HOLDING,0.000A/OFF
2389,2026-06-03 09:29:57,25.7000,12.00,0.000,0.000,OFF,#3,HOLDING,0.000A/OFF
2390,2026-06-03 09:29:58,25.7000,12.00,0.000,0.000,OFF,#3,HOLDING,0.000A/OFF
2391,2026-06-03 09:29:59,25.5000,12.00,0.000,0.000,OFF,#3,HOLDING,0.000A/OFF
2392,2026-06-03 09:30:00,25.5000,12.00,0.000,0.000,OFF,#3,HOLDING,0.000A/OFF
2393,2026-06-03 09:30:01,25.3250,12.00,0.000,0.000,OFF,#3,HOLDING,0.000A/OFF
2394,2026-06-03 09:30:02,25.1750,12.00,0.000,0.000,B,#3,HOLDING,0.100A/B
2395,2026-06-03 09:30:04,25.1750,12.00,0.000,0.000,B,#3,HOLDING,0.130A/B
2396,2026-06-03 09:30:06,25.0125,0.82,0.000,0.000,B,#3,HOLDING,0.211A/B
2397,2026-06-03 09:30:07,24.8625,0.82,0.211,0.358,B,#3,HOLDING,0.251A/B
2398,2026-06-03 09:30:10,24.6375,0.82,0.211,0.358,B,#3,HOLDING,0.351A/B
2399,2026-06-03 09:30:11,24.6375,0.82,0.211,0.358,B,#3,HOLDING,0.381A/B
2400,2026-06-03 09:30:13,24.5875,3.10,0.211,0.358,B,#3,HOLDING,0.430A/B
2401,2026-06-03 09:30:15,24.4875,3.10,0.430,1.560,B,#3,HOLDING,0.488A/B
2402,2026-06-03 09:30:18,24.3500,3.10,0.430,1.560,B,#3,HOLDING,0.589A/B
2403,2026-06-03 09:30:19,24.3500,3.10,0.430,1.560,B,#3,HOLDING,0.640A/B
2404,2026-06-03 09:30:21,24.3125,5.36,0.430,1.560,B,#3,HOLDING,0.701A/B
2405,2026-06-03 09:30:23,24.2625,5.36,0.668,4.198,B,#3,HOLDING,0.766A/B
2406,2026-06-03 09:30:25,24.2500,5.36,0.668,4.198,B,#3,HOLDING,0.855A/B
2407,2026-06-03 09:30:27,24.2500,5.36,0.668,4.198,B,#3,HOLDING,0.911A/B
2408,2026-06-03 09:30:29,24.2250,7.62,0.668,4.198,B,#3,HOLDING,0.980A/B
2409,2026-06-03 09:30:31,24.2500,7.62,0.980,8.114,B,#3,HOLDING,1.043A/B
2410,2026-06-03 09:30:33,24.3125,7.62,0.980,8.114,B,#3,HOLDING,1.119A/B
2411,2026-06-03 09:30:35,24.3125,7.62,0.980,8.114,B,#3,HOLDING,1.000A/B
2412,2026-06-03 09:30:36,24.3500,8.51,0.980,8.114,B,#3,HOLDING,1.171A/B
2413,2026-06-03 09:30:38,24.4250,8.51,1.082,11.557,B,#3,HOLDING,1.227A/B
2414,2026-06-03 09:30:41,24.5875,8.51,1.082,11.557,B,#3,HOLDING,1.278A/B
2415,2026-06-03 09:30:42,24.5875,8.51,1.082,11.557,B,#3,HOLDING,1.330A/B
2416,2026-06-03 09:30:44,24.6750,10.99,1.082,11.557,B,#3,HOLDING,1.378A/B
2417,2026-06-03 09:30:46,24.8250,10.99,1.351,15.847,B,#3,HOLDING,1.415A/B
2418,2026-06-03 09:30:48,25.0250,10.99,1.351,15.847,B,#3,HOLDING,1.441A/B
2419,2026-06-03 09:30:50,25.0250,10.99,1.351,15.847,B,#3,HOLDING,1.000A/B
2420,2026-06-03 09:30:52,25.1750,8.96,1.351,15.847,B,#3,HOLDING,1.000A/B
2421,2026-06-03 09:30:54,25.3750,8.96,1.000,9.110,B,#3,HOLDING,1.427A/B
2422,2026-06-03 09:30:56,25.7000,8.96,1.000,9.110,B,#3,HOLDING,1.423A/B
2423,2026-06-03 09:30:58,25.7000,8.96,1.000,9.110,B,#3,HOLDING,1.450A/B
2424,2026-06-03 09:30:59,25.8625,12.00,1.000,9.110,B,#3,HOLDING,1.000A/B
2425,2026-06-03 09:31:01,26.0625,12.00,1.207,9.210,B,#3,HOLDING,1.000A/B
2426,2026-06-03 09:31:04,26.4375,12.00,1.207,9.210,B,#3,HOLDING,1.440A/B
2427,2026-06-03 09:31:05,26.4375,12.00,1.207,9.210,B,#3,HOLDING,1.444A/B
2428,2026-06-03 09:31:07,26.6125,12.00,1.207,9.210,B,#3,HOLDING,1.000A/B
2429,2026-06-03 09:31:09,26.8125,12.00,1.201,9.300,B,#3,HOLDING,1.435A/B
2430,2026-06-03 09:31:11,27.1625,12.00,1.201,9.300,B,#3,HOLDING,1.303A/B
2431,2026-06-03 09:31:13,27.1625,12.00,1.201,9.300,B,#3,HOLDING,1.286A/B
2432,2026-06-03 09:31:15,27.3625,11.27,1.201,9.300,B,#3,HOLDING,1.229A/B
2433,2026-06-03 09:31:17,27.5625,11.27,1.229,13.592,B,#3,HOLDING,1.171A/B
2434,2026-06-03 09:31:19,27.9375,11.27,1.229,13.592,B,#3,HOLDING,1.034A/B
2435,2026-06-03 09:31:21,27.9375,11.27,1.229,13.592,B,#3,HOLDING,0.996A/B
2436,2026-06-03 09:31:23,28.1125,9.36,1.229,13.592,B,#3,HOLDING,0.915A/B
2437,2026-06-03 09:31:24,28.3375,9.36,0.915,8.134,B,#3,HOLDING,0.827A/B
2438,2026-06-03 09:31:27,28.7250,9.36,0.915,8.134,B,#3,HOLDING,0.649A/B
2439,2026-06-03 09:31:28,28.7250,9.36,0.915,8.134,B,#3,HOLDING,0.584A/B
2440,2026-06-03 09:31:30,28.9250,6.24,0.915,8.134,B,#3,HOLDING,0.470A/B
2441,2026-06-03 09:31:32,29.1250,6.24,0.470,2.561,B,#3,HOLDING,0.391A/B
2442,2026-06-03 09:31:34,29.4750,6.24,0.470,2.561,B,#3,HOLDING,0.203A/B
2443,2026-06-03 09:31:36,29.4750,6.24,0.470,2.561,B,#3,HOLDING,0.101A/B
2444,2026-06-03 09:31:38,29.6375,6.24,0.470,2.561,OFF,#3,HOLDING,0.000A/OFF
2445,2026-06-03 09:31:39,29.7875,2.20,0.101,2.561,OFF,#3,HOLDING,0.119A/A
2446,2026-06-03 09:31:40,29.9500,2.20,0.101,0.000,A,#3,HOLDING,0.258A/A
2447,2026-06-03 09:31:42,30.0500,2.20,0.101,0.000,A,#3,HOLDING,0.390A/A
2448,2026-06-03 09:31:44,30.0500,2.20,0.101,0.000,A,#3,HOLDING,0.506A/A
2449,2026-06-03 09:31:46,30.1875,3.38,0.101,0.000,A,#3,HOLDING,0.662A/A
2450,2026-06-03 09:31:47,30.2375,3.38,0.662,3.257,A,#3,HOLDING,0.815A/A
2451,2026-06-03 09:31:50,30.3625,3.38,0.662,3.257,A,#3,HOLDING,1.027A/A
2452,2026-06-03 09:31:51,30.3625,3.38,0.662,3.257,A,#3,HOLDING,1.159A/A
2453,2026-06-03 09:31:53,30.4000,8.73,0.662,3.257,A,#3,HOLDING,1.321A/A
2454,2026-06-03 09:31:55,30.4000,8.73,1.321,13.408,A,#3,HOLDING,1.476A/A
2455,2026-06-03 09:31:57,30.3250,8.73,1.321,13.408,A,#3,HOLDING,1.672A/A
2456,2026-06-03 09:31:59,30.3250,8.73,1.321,13.408,A,#3,HOLDING,1.000A/A
2457,2026-06-03 09:32:01,30.2500,8.03,1.321,13.408,A,#3,HOLDING,1.799A/A
2458,2026-06-03 09:32:03,30.1750,8.03,1.568,18.540,A,#3,HOLDING,1.000A/A
2459,2026-06-03 09:32:05,29.9250,8.03,1.568,18.540,A,#3,HOLDING,1.000A/A
2460,2026-06-03 09:32:07,29.9250,8.03,1.568,18.540,A,#3,HOLDING,1.930A/A
2461,2026-06-03 09:32:09,29.8250,12.00,1.568,18.540,A,#3,HOLDING,2.063A/A
2462,2026-06-03 09:32:10,29.6500,12.00,1.521,18.024,A,#3,HOLDING,1.500A/A
2463,2026-06-03 09:32:13,29.3125,12.00,1.521,18.024,A,#3,HOLDING,2.161A/A
2464,2026-06-03 09:32:14,29.3125,12.00,1.521,18.024,A,#3,HOLDING,2.269A/A
2465,2026-06-03 09:32:16,29.1375,12.00,1.521,18.024,A,#3,HOLDING,2.000A/A
2466,2026-06-03 09:32:18,28.8875,12.00,1.488,17.652,A,#3,HOLDING,2.000A/A
2467,2026-06-03 09:32:21,28.4375,12.00,1.488,17.652,A,#3,HOLDING,2.271A/A
2468,2026-06-03 09:32:22,28.4375,12.00,1.488,17.652,A,#3,HOLDING,1.000A/A
2469,2026-06-03 09:32:24,28.2000,8.79,1.488,17.652,A,#3,HOLDING,1.000A/A
2470,2026-06-03 09:32:26,27.9500,8.79,1.000,9.000,A,#3,HOLDING,2.357A/A
2471,2026-06-03 09:32:28,27.4625,8.79,1.000,9.000,A,#3,HOLDING,2.359A/A
2472,2026-06-03 09:32:30,27.4625,8.79,1.000,9.000,A,#3,HOLDING,2.000A/A
2473,2026-06-03 09:32:32,27.2500,12.00,1.000,9.000,A,#3,HOLDING,1.500A/A
2474,2026-06-03 09:32:34,26.9750,12.00,1.452,17.340,A,#3,HOLDING,1.500A/A
2475,2026-06-03 09:32:36,26.5125,12.00,1.452,17.340,A,#3,HOLDING,2.337A/A
2476,2026-06-03 09:32:38,26.5125,12.00,1.452,17.340,A,#3,HOLDING,2.370A/A
2477,2026-06-03 09:32:39,26.2625,12.00,1.452,17.340,A,#3,HOLDING,1.500A/A
2478,2026-06-03 09:32:41,26.0125,12.00,1.438,17.124,A,#3,HOLDING,2.000A/A
2479,2026-06-03 09:32:44,25.5125,12.00,1.438,17.124,A,#3,HOLDING,2.000A/A
2480,2026-06-03 09:32:45,25.5125,12.00,1.438,17.124,A,#3,HOLDING,2.373A/A
2481,2026-06-03 09:32:47,25.2875,12.00,1.438,17.124,A,#3,HOLDING,2.344A/A
2482,2026-06-03 09:32:49,25.0375,12.00,1.426,17.004,A,#3,HOLDING,2.265A/A
2483,2026-06-03 09:32:51,24.5375,12.00,1.426,17.004,A,#3,HOLDING,2.124A/A
2484,2026-06-03 09:32:53,24.5375,12.00,1.426,17.004,A,#3,HOLDING,1.000A/A
2485,2026-06-03 09:32:55,24.2875,9.14,1.426,17.004,A,#3,HOLDING,2.083A/A
2486,2026-06-03 09:32:57,24.0625,9.14,1.212,16.944,A,#3,HOLDING,1.500A/A
2487,2026-06-03 09:32:59,23.6000,9.14,1.212,16.944,A,#3,HOLDING,1.946A/A
2488,2026-06-03 09:33:01,23.6000,9.14,1.212,16.944,A,#3,HOLDING,1.895A/A
2489,2026-06-03 09:33:02,23.3750,12.00,1.212,16.944,A,#3,HOLDING,1.783A/A
2490,2026-06-03 09:33:04,23.1250,12.00,1.414,16.836,A,#3,HOLDING,1.671A/A
2491,2026-06-03 09:33:07,22.6875,12.00,1.414,16.836,A,#3,HOLDING,1.513A/A
2492,2026-06-03 09:33:08,22.6875,12.00,1.414,16.836,A,#3,HOLDING,1.412A/A
2493,2026-06-03 09:33:10,22.5000,11.92,1.414,16.836,A,#3,HOLDING,1.000A/A
2494,2026-06-03 09:33:12,22.3000,11.92,1.202,9.300,A,#3,HOLDING,1.000A/A
2495,2026-06-03 09:33:14,21.8750,11.92,1.202,9.300,A,#3,HOLDING,1.232A/A
2496,2026-06-03 09:33:16,21.8750,11.92,1.202,9.300,A,#3,HOLDING,1.000A/A
2497,2026-06-03 09:33:18,21.6750,9.18,1.202,9.300,A,#3,HOLDING,1.000A/A
2498,2026-06-03 09:33:20,21.5000,9.18,1.000,9.270,A,#3,HOLDING,1.089A/A
2499,2026-06-03 09:33:22,21.1250,9.18,1.000,9.270,A,#3,HOLDING,0.824A/A
2500,2026-06-03 09:33:24,21.1250,9.18,1.000,9.270,A,#3,HOLDING,0.673A/A
2501,2026-06-03 09:33:25,20.9875,6.78,1.000,9.270,A,#3,HOLDING,0.476A/A
2502,2026-06-03 09:33:27,20.8125,6.78,0.533,2.518,A,#3,HOLDING,0.277A/A
2503,2026-06-03 09:33:30,20.5000,6.78,0.533,2.518,OFF,#3,HOLDING,0.000A/OFF
2504,2026-06-03 09:33:31,20.5000,6.78,0.533,2.518,OFF,#3,HOLDING,0.121A/B
2505,2026-06-03 09:33:33,20.3625,6.78,0.533,2.518,B,#3,HOLDING,0.346A/B
2506,2026-06-03 09:33:34,20.2375,12.00,0.000,2.518,B,#3,HOLDING,0.538A/B
2507,2026-06-03 09:33:36,20.1500,12.00,0.000,2.001,B,#3,HOLDING,0.765A/B
2508,2026-06-03 09:33:38,20.0750,12.00,0.000,2.001,B,#3,HOLDING,0.960A/B
2509,2026-06-03 09:33:39,20.0750,12.00,0.000,2.001,B,#3,HOLDING,1.149A/B
2510,2026-06-03 09:33:41,19.9875,8.38,0.000,2.001,B,#3,HOLDING,1.382A/B
2511,2026-06-03 09:33:43,19.9125,8.38,1.356,14.317,B,#3,HOLDING,1.000A/B
2512,2026-06-03 09:33:45,19.9000,8.38,1.356,14.317,B,#3,HOLDING,1.615A/B
2513,2026-06-03 09:33:47,19.9000,8.38,1.356,14.317,B,#3,HOLDING,1.808A/B
2514,2026-06-03 09:33:49,19.9125,12.00,1.356,14.317,B,#3,HOLDING,1.500A/B
2515,2026-06-03 09:33:51,20.0125,12.00,1.523,17.310,B,#3,HOLDING,1.500A/B
2516,2026-06-03 09:33:53,20.1750,12.00,1.523,17.310,B,#3,HOLDING,2.000A/B
2517,2026-06-03 09:33:55,20.1750,12.00,1.523,17.310,B,#3,HOLDING,2.015A/B
2518,2026-06-03 09:33:57,20.3000,12.00,1.523,17.310,B,#3,HOLDING,2.000A/B
2519,2026-06-03 09:33:58,20.4750,12.00,1.525,18.060,B,#3,HOLDING,2.000A/B
2520,2026-06-03 09:34:01,20.8750,12.00,1.525,18.060,B,#3,HOLDING,1.000A/B
2521,2026-06-03 09:34:02,20.8750,12.00,1.525,18.060,B,#3,HOLDING,1.000A/B
2522,2026-06-03 09:34:04,21.0875,8.63,1.525,18.060,B,#3,HOLDING,2.176A/B
2523,2026-06-03 09:34:06,21.3125,8.63,1.474,17.484,B,#3,HOLDING,2.344A/B
2524,2026-06-03 09:34:08,21.8125,8.63,1.474,17.484,B,#3,HOLDING,2.500A/B
2525,2026-06-03 09:34:10,21.8125,8.63,1.474,17.484,B,#3,HOLDING,2.516A/B
2526,2026-06-03 09:34:12,22.0500,12.00,1.474,17.484,B,#3,HOLDING,2.000A/B
2527,2026-06-03 09:34:14,22.3000,12.00,1.431,16.980,B,#3,HOLDING,1.000A/B
2528,2026-06-03 09:34:16,22.8625,12.00,1.431,16.980,B,#3,HOLDING,2.500A/B
2529,2026-06-03 09:34:18,22.8625,12.00,1.431,16.980,B,#3,HOLDING,2.500A/B
2530,2026-06-03 09:34:20,23.0875,12.00,1.431,16.980,B,#3,HOLDING,2.604A/B
2531,2026-06-03 09:34:21,23.4125,12.00,1.402,16.644,B,#3,HOLDING,2.500A/B
2532,2026-06-03 09:34:24,24.0125,12.00,1.402,16.644,B,#3,HOLDING,2.500A/B
2533,2026-06-03 09:34:25,24.0125,12.00,1.402,16.644,B,#3,HOLDING,1.500A/B
2534,2026-06-03 09:34:27,24.2875,12.00,1.402,16.644,B,#3,HOLDING,1.500A/B
2535,2026-06-03 09:34:29,24.5875,12.00,1.375,16.320,B,#3,HOLDING,1.000A/B
2536,2026-06-03 09:34:32,25.1750,12.00,1.375,16.320,B,#3,HOLDING,2.473A/B
2537,2026-06-03 09:34:33,25.1750,12.00,1.375,16.320,B,#3,HOLDING,1.500A/B
2538,2026-06-03 09:34:35,25.4750,12.00,1.375,16.320,B,#3,HOLDING,1.000A/B
2539,2026-06-03 09:34:37,25.7750,12.00,1.074,9.500,B,#3,HOLDING,2.500A/B
2540,2026-06-03 09:34:39,26.3125,12.00,1.074,9.500,B,#4,APPROACH,2.500A/B
2541,2026-06-03 09:34:41,26.3125,12.00,1.074,9.500,OFF,#4,APPROACH,0.000A/OFF
2542,2026-06-03 09:34:42,26.5875,12.00,1.074,9.500,OFF,#4,APPROACH,0.195A/A
2543,2026-06-03 09:34:44,26.8375,12.00,1.074,9.500,A,#4,APPROACH,0.270A/A
2544,2026-06-03 09:34:46,27.0875,12.00,0.000,0.299,A,#4,APPROACH,0.400A/A
2545,2026-06-03 09:34:48,27.3625,12.00,0.000,0.299,A,#4,APPROACH,0.508A/A
2546,2026-06-03 09:34:50,27.6125,12.00,0.000,0.299,A,#4,APPROACH,0.624A/A
2547,2026-06-03 09:34:52,27.8125,4.29,0.000,0.299,A,#4,APPROACH,0.686A/A
2548,2026-06-03 09:34:54,28.0250,4.29,0.654,3.436,A,#4,APPROACH,0.816A/A
2549,2026-06-03 09:34:56,28.2000,4.29,0.654,3.436,A,#4,APPROACH,0.981A/A
2550,2026-06-03 09:34:58,28.3000,4.29,0.654,3.436,A,#4,APPROACH,1.095A/A
2551,2026-06-03 09:35:00,28.4500,8.21,0.654,3.436,A,#4,APPROACH,1.236A/A
2552,2026-06-03 09:35:02,28.5375,8.21,1.162,11.729,A,#4,APPROACH,1.378A/A
2553,2026-06-03 09:35:04,28.5875,8.21,1.162,11.729,A,#4,APPROACH,1.558A/A
2554,2026-06-03 09:35:06,28.6375,8.21,1.162,11.729,A,#4,APPROACH,1.680A/A
2555,2026-06-03 09:35:07,28.6625,12.00,1.162,11.729,A,#4,APPROACH,1.824A/A
2556,2026-06-03 09:35:09,28.6250,12.00,1.574,18.648,A,#4,APPROACH,1.000A/A
2557,2026-06-03 09:35:12,28.5750,12.00,1.574,18.648,A,#4,APPROACH,1.955A/A
2558,2026-06-03 09:35:13,28.5250,12.00,1.574,18.648,A,#4,APPROACH,2.000A/A
2559,2026-06-03 09:35:15,28.4500,12.00,1.574,18.648,A,#4,APPROACH,2.000A/A
2560,2026-06-03 09:35:17,28.3250,12.00,1.524,18.036,A,#4,APPROACH,2.054A/A
2561,2026-06-03 09:35:19,28.1750,12.00,1.524,18.036,A,#4,APPROACH,2.204A/A
2562,2026-06-03 09:35:21,28.0500,12.00,1.524,18.036,A,#4,APPROACH,1.000A/A
2563,2026-06-03 09:35:23,27.9250,8.56,1.524,18.036,A,#4,APPROACH,1.500A/A
2564,2026-06-03 09:35:25,27.7250,8.56,1.259,17.640,A,#4,APPROACH,2.247A/A
2565,2026-06-03 09:35:27,27.5500,8.56,1.259,17.640,A,#4,APPROACH,1.000A/A
2566,2026-06-03 09:35:29,27.3875,8.56,1.259,17.640,A,#4,APPROACH,2.359A/A
2567,2026-06-03 09:35:30,27.1875,12.00,1.259,17.640,A,#4,APPROACH,2.000A/A
2568,2026-06-03 09:35:32,27.0125,12.00,1.463,17.280,A,#4,APPROACH,1.000A/A
2569,2026-06-03 09:35:35,26.7875,12.00,1.463,17.280,A,#4,APPROACH,2.426A/A
2570,2026-06-03 09:35:36,26.6250,12.00,1.463,17.280,A,#4,APPROACH,2.483A/A
2571,2026-06-03 09:35:38,26.3750,12.00,1.463,17.280,A,#4,APPROACH,2.500A/A
2572,2026-06-03 09:35:40,26.1625,12.00,1.432,17.040,A,#4,APPROACH,1.500A/A
2573,2026-06-03 09:35:42,25.9375,12.00,1.432,17.040,A,#4,APPROACH,2.000A/A
2574,2026-06-03 09:35:44,25.7500,12.00,1.432,17.040,A,#4,HOLDING,2.436A/A
2575,2026-06-03 09:35:46,25.5000,12.00,1.432,17.040,OFF,#4,HOLDING,0.000A/OFF
2576,2026-06-03 09:35:47,25.2875,12.00,1.432,17.040,OFF,#4,HOLDING,0.000A/OFF
2577,2026-06-03 09:35:48,25.2875,12.00,1.441,17.040,OFF,#4,HOLDING,0.000A/OFF
2578,2026-06-03 09:35:49,25.0625,12.00,1.441,0.000,OFF,#4,HOLDING,0.000A/OFF
2579,2026-06-03 09:35:50,25.0625,12.00,1.441,0.000,OFF,#4,HOLDING,0.000A/OFF
2580,2026-06-03 09:35:51,24.8250,12.00,1.441,0.000,OFF,#4,HOLDING,0.000A/OFF
2581,2026-06-03 09:35:52,24.8250,12.00,1.441,0.000,OFF,#4,HOLDING,0.000A/OFF
2582,2026-06-03 09:35:53,24.6250,12.00,1.441,0.000,OFF,#4,HOLDING,0.000A/OFF
2583,2026-06-03 09:35:54,24.6250,12.00,0.000,0.000,OFF,#4,HOLDING,0.000A/OFF
2584,2026-06-03 09:35:55,24.4125,12.00,0.000,0.000,OFF,#4,HOLDING,0.000A/OFF
2585,2026-06-03 09:35:56,24.2375,12.00,0.000,0.000,OFF,#4,HOLDING,0.000A/OFF
2586,2026-06-03 09:35:57,24.2375,12.00,0.000,0.000,OFF,#4,HOLDING,0.000A/OFF
2587,2026-06-03 09:35:58,24.1000,12.00,0.000,0.000,OFF,#4,HOLDING,0.000A/OFF
2588,2026-06-03 09:35:59,24.1000,12.00,0.000,0.000,OFF,#4,HOLDING,0.000A/OFF
2589,2026-06-03 09:36:00,23.9750,12.00,0.000,0.000,OFF,#4,HOLDING,0.000A/OFF
2590,2026-06-03 09:36:01,23.9750,12.00,0.000,0.000,OFF,#4,HOLDING,0.000A/OFF
2591,2026-06-03 09:36:02,23.8375,12.00,0.000,0.000,B,#4,HOLDING,0.118A/B
2592,2026-06-03 09:36:04,23.7125,12.00,0.000,0.000,B,#4,HOLDING,0.202A/B
2593,2026-06-03 09:36:05,23.7125,12.00,0.000,0.000,B,#4,HOLDING,0.235A/B
2594,2026-06-03 09:36:07,23.6125,1.63,0.000,0.000,B,#4,HOLDING,0.267A/B
2595,2026-06-03 09:36:09,23.5375,1.63,0.267,0.539,B,#4,HOLDING,0.319A/B
2596,2026-06-03 09:36:11,23.4625,1.63,0.267,0.539,B,#4,HOLDING,0.405A/B
2597,2026-06-03 09:36:13,23.4125,1.63,0.267,0.539,B,#4,HOLDING,0.456A/B
2598,2026-06-03 09:36:14,23.3625,3.66,0.267,0.539,B,#4,HOLDING,0.522A/B
2599,2026-06-03 09:36:16,23.3125,3.66,0.487,2.260,B,#4,HOLDING,0.581A/B
2600,2026-06-03 09:36:19,23.2750,3.66,0.487,2.260,B,#4,HOLDING,0.684A/B
2601,2026-06-03 09:36:20,23.2500,3.66,0.487,2.260,B,#4,HOLDING,0.712A/B
2602,2026-06-03 09:36:22,23.2500,5.86,0.487,2.260,B,#4,HOLDING,0.782A/B
2603,2026-06-03 09:36:24,23.2500,5.86,0.744,5.114,B,#4,HOLDING,0.836A/B
2604,2026-06-03 09:36:26,23.2500,5.86,0.744,5.114,B,#4,HOLDING,0.885A/B
2605,2026-06-03 09:36:28,23.2500,5.86,0.744,5.114,B,#4,HOLDING,0.919A/B
2606,2026-06-03 09:36:30,23.3125,7.62,0.744,5.114,B,#4,HOLDING,0.974A/B
2607,2026-06-03 09:36:32,23.3625,7.62,0.944,7.947,B,#4,HOLDING,1.003A/B
2608,2026-06-03 09:36:34,23.4125,7.62,0.944,7.947,B,#4,HOLDING,1.000A/B
2609,2026-06-03 09:36:36,23.4875,7.62,0.944,7.947,B,#4,HOLDING,1.050A/B
2610,2026-06-03 09:36:38,23.5750,5.43,0.944,7.947,B,#1,APPROACH,0.531A/B
2611,2026-06-03 09:36:40,23.6750,5.43,0.000,7.947,B,#1,APPROACH,0.631A/B
2612,2026-06-03 09:36:42,23.7875,5.43,0.000,0.000,B,#1,APPROACH,0.802A/B
2613,2026-06-03 09:36:44,23.8875,5.43,0.000,0.000,B,#1,APPROACH,0.935A/B
2614,2026-06-03 09:36:46,23.9750,5.43,0.000,0.000,B,#1,APPROACH,1.050A/B
2615,2026-06-03 09:36:47,24.0750,8.76,0.000,0.000,B,#1,APPROACH,1.196A/B
2616,2026-06-03 09:36:49,24.1625,8.76,1.196,11.900,B,#1,APPROACH,1.333A/B
2617,2026-06-03 09:36:52,24.2375,8.76,1.196,11.900,B,#1,APPROACH,1.000A/B
2618,2026-06-03 09:36:53,24.3250,8.76,1.196,11.900,B,#1,APPROACH,1.492A/B
2619,2026-06-03 09:36:55,24.4000,11.95,1.196,11.900,B,#1,APPROACH,1.628A/B
2620,2026-06-03 09:36:57,24.5500,11.95,1.476,17.436,B,#1,APPROACH,1.000A/B
2621,2026-06-03 09:36:59,24.7000,11.95,1.476,17.436,B,#1,APPROACH,1.500A/B
2622,2026-06-03 09:37:01,24.8000,11.95,1.476,17.436,B,#1,APPROACH,1.719A/B
2623,2026-06-03 09:37:03,24.9500,12.00,1.476,17.436,B,#1,APPROACH,1.500A/B
2624,2026-06-03 09:37:05,25.1250,12.00,1.432,16.980,B,#1,APPROACH,1.000A/B
2625,2026-06-03 09:37:07,25.3250,12.00,1.432,16.980,B,#1,APPROACH,1.761A/B
2626,2026-06-03 09:37:09,25.4875,12.00,1.432,16.980,B,#1,APPROACH,1.500A/B
2627,2026-06-03 09:37:10,25.6875,12.00,1.432,16.980,B,#1,APPROACH,1.815A/B
2628,2026-06-03 09:37:12,25.8375,12.00,1.403,16.620,B,#1,APPROACH,1.500A/B
2629,2026-06-03 09:37:15,26.0625,12.00,1.403,16.620,B,#1,APPROACH,1.879A/B
2630,2026-06-03 09:37:16,26.3000,12.00,1.403,16.620,B,#1,APPROACH,1.500A/B
2631,2026-06-03 09:37:18,26.5000,12.00,1.403,16.620,B,#1,APPROACH,1.000A/B
2632,2026-06-03 09:37:20,26.7125,12.00,1.189,9.400,B,#1,APPROACH,1.500A/B
2633,2026-06-03 09:37:22,26.9375,12.00,1.189,9.400,B,#1,APPROACH,1.500A/B
2634,2026-06-03 09:37:24,27.1500,12.00,1.189,9.400,B,#1,HOLDING,1.829A/B
2635,2026-06-03 09:37:26,27.4000,12.00,1.189,9.400,OFF,#1,HOLDING,0.000A/OFF
2636,2026-06-03 09:37:27,27.6125,12.00,1.189,9.400,OFF,#1,HOLDING,0.000A/OFF
2637,2026-06-03 09:37:28,27.6125,12.00,1.363,9.400,OFF,#1,HOLDING,0.000A/OFF
2638,2026-06-03 09:37:29,27.8125,12.00,1.363,0.000,OFF,#1,HOLDING,0.000A/OFF
2639,2026-06-03 09:37:30,27.8125,12.00,1.363,0.000,OFF,#1,HOLDING,0.000A/OFF
2640,2026-06-03 09:37:31,28.0250,12.00,1.363,0.000,OFF,#1,HOLDING,0.000A/OFF
2641,2026-06-03 09:37:32,28.0250,12.00,1.363,0.000,OFF,#1,HOLDING,0.000A/OFF
2642,2026-06-03 09:37:33,28.2250,12.00,1.363,0.000,OFF,#1,HOLDING,0.000A/OFF
2643,2026-06-03 09:37:34,28.2250,12.00,0.000,0.000,OFF,#1,HOLDING,0.000A/OFF
2644,2026-06-03 09:37:35,28.4250,12.00,0.000,0.000,OFF,#1,HOLDING,0.000A/OFF
2645,2026-06-03 09:37:36,28.6000,12.00,0.000,0.000,OFF,#1,HOLDING,0.000A/OFF
2646,2026-06-03 09:37:37,28.6000,12.00,0.000,0.000,OFF,#1,HOLDING,0.000A/OFF
2647,2026-06-03 09:37:38,28.7625,12.00,0.000,0.000,OFF,#1,HOLDING,0.000A/OFF
2648,2026-06-03 09:37:39,28.7625,12.00,0.000,0.000,OFF,#1,HOLDING,0.000A/OFF
2649,2026-06-03 09:37:40,28.8875,12.00,0.000,0.000,OFF,#1,HOLDING,0.000A/OFF
2650,2026-06-03 09:37:41,28.8875,12.00,0.000,0.000,OFF,#1,HOLDING,0.000A/OFF
2651,2026-06-03 09:37:42,28.9875,12.00,0.000,0.000,A,#1,HOLDING,0.126A/A
2652,2026-06-03 09:37:44,29.0875,12.00,0.000,0.000,A,#1,HOLDING,0.206A/A
2653,2026-06-03 09:37:45,29.0875,12.00,0.000,0.000,A,#1,HOLDING,0.239A/A
2654,2026-06-03 09:37:47,29.1625,1.28,0.000,0.000,A,#1,HOLDING,0.270A/A
2655,2026-06-03 09:37:49,29.2125,1.28,0.258,0.448,A,#1,HOLDING,0.312A/A
2656,2026-06-03 09:37:51,29.2750,1.28,0.258,0.448,A,#1,HOLDING,0.380A/A
2657,2026-06-03 09:37:53,29.3000,1.28,0.258,0.448,A,#1,HOLDING,0.417A/A
2658,2026-06-03 09:37:54,29.3125,2.96,0.258,0.448,A,#1,HOLDING,0.464A/A
2659,2026-06-03 09:37:56,29.3125,2.96,0.464,1.647,A,#1,HOLDING,0.508A/A
2660,2026-06-03 09:37:59,29.3125,2.96,0.464,1.647,A,#1,HOLDING,0.568A/A
2661,2026-06-03 09:38:00,29.3125,2.96,0.464,1.647,A,#1,HOLDING,0.610A/A
2662,2026-06-03 09:38:02,29.2500,4.74,0.464,1.647,A,#1,HOLDING,0.648A/A
2663,2026-06-03 09:38:04,29.2250,4.74,0.648,3.389,A,#1,HOLDING,0.690A/A
2664,2026-06-03 09:38:06,29.1875,4.74,0.648,3.389,A,#1,HOLDING,0.739A/A
2665,2026-06-03 09:38:08,29.0875,4.74,0.648,3.389,A,#1,HOLDING,0.761A/A
2666,2026-06-03 09:38:10,29.0125,6.14,0.648,3.389,A,#1,HOLDING,0.791A/A
2667,2026-06-03 09:38:12,28.9125,6.14,0.791,5.228,A,#1,HOLDING,0.768A/A
2668,2026-06-03 09:38:14,28.8250,6.14,0.791,5.228,A,#1,HOLDING,0.812A/A
2669,2026-06-03 09:38:16,28.6750,6.14,0.791,5.228,A,#1,HOLDING,0.823A/A
2670,2026-06-03 09:38:18,28.5500,6.85,0.791,5.228,A,#1,HOLDING,0.842A/A
2671,2026-06-03 09:38:19,28.4500,6.85,0.842,6.028,A,#1,HOLDING,0.855A/A
2672,2026-06-03 09:38:22,28.2625,6.85,0.842,6.028,A,#1,HOLDING,0.871A/A
2673,2026-06-03 09:38:23,28.1125,6.85,0.842,6.028,A,#1,HOLDING,0.870A/A
2674,2026-06-03 09:38:25,27.9500,7.37,0.842,6.028,A,#1,HOLDING,0.862A/A
2675,2026-06-03 09:38:27,27.7750,7.37,0.862,6.430,A,#1,HOLDING,0.851A/A
2676,2026-06-03 09:38:29,27.6375,7.37,0.862,6.430,A,#1,HOLDING,0.839A/A
2677,2026-06-03 09:38:31,27.4375,7.37,0.862,6.430,A,#1,HOLDING,0.814A/A
2678,2026-06-03 09:38:33,27.2625,7.09,0.862,6.430,A,#1,HOLDING,0.786A/A
2679,2026-06-03 09:38:35,27.0625,7.09,0.786,5.525,A,#1,HOLDING,0.741A/A
2680,2026-06-03 09:38:37,26.9000,7.09,0.786,5.525,A,#1,HOLDING,0.644A/A
2681,2026-06-03 09:38:39,26.7500,7.09,0.786,5.525,A,#1,HOLDING,0.596A/A
2682,2026-06-03 09:38:41,26.5625,5.49,0.786,5.525,A,#1,HOLDING,0.533A/A
2683,2026-06-03 09:38:42,26.3625,5.49,0.533,2.723,A,#1,HOLDING,0.454A/A
2684,2026-06-03 09:38:45,26.1750,5.49,0.533,2.723,A,#1,HOLDING,0.361A/A
2685,2026-06-03 09:38:46,26.0000,5.49,0.533,2.723,A,#1,HOLDING,0.285A/A
2686,2026-06-03 09:38:48,25.8250,3.06,0.533,2.723,A,#1,HOLDING,0.197A/A
2687,2026-06-03 09:38:50,25.6250,3.06,0.197,2.723,OFF,#1,HOLDING,0.000A/OFF
2688,2026-06-03 09:38:51,25.4500,3.06,0.197,0.462,OFF,#1,HOLDING,0.000A/OFF
2689,2026-06-03 09:38:52,25.4500,3.06,0.197,0.462,OFF,#1,HOLDING,0.000A/OFF
2690,2026-06-03 09:38:53,25.2750,3.06,0.197,0.462,OFF,#1,HOLDING,0.000A/OFF
2691,2026-06-03 09:38:54,25.2750,3.06,0.197,0.462,B,#1,HOLDING,0.112A/B
2692,2026-06-03 09:38:56,25.1375,12.02,0.112,0.462,B,#1,HOLDING,0.250A/B
2693,2026-06-03 09:38:58,24.9875,12.02,0.112,0.472,B,#1,HOLDING,0.327A/B
2694,2026-06-03 09:39:00,24.8375,12.02,0.112,0.472,B,#1,HOLDING,0.440A/B
2695,2026-06-03 09:39:01,24.7125,12.02,0.112,0.472,B,#1,HOLDING,0.551A/B
2696,2026-06-03 09:39:03,24.6375,4.38,0.112,0.472,B,#1,HOLDING,0.679A/B
2697,2026-06-03 09:39:05,24.5125,4.38,0.679,3.836,B,#1,HOLDING,0.813A/B
2698,2026-06-03 09:39:07,24.4250,4.38,0.679,3.836,B,#1,HOLDING,0.984A/B
2699,2026-06-03 09:39:09,24.3500,4.38,0.679,3.836,B,#1,HOLDING,1.000A/B
2700,2026-06-03 09:39:11,24.3125,8.04,0.679,3.836,B,#1,HOLDING,1.000A/B
2701,2026-06-03 09:39:13,24.2625,8.04,1.000,8.230,B,#1,HOLDING,1.105A/B
2702,2026-06-03 09:39:15,24.2500,8.04,1.000,8.230,B,#1,HOLDING,1.281A/B
2703,2026-06-03 09:39:17,24.2500,8.04,1.000,8.230,B,#1,HOLDING,1.000A/B
2704,2026-06-03 09:39:18,24.2250,8.37,1.000,8.230,B,#1,HOLDING,1.399A/B
2705,2026-06-03 09:39:20,24.2750,8.37,1.399,15.696,B,#1,HOLDING,1.534A/B
2706,2026-06-03 09:39:23,24.3125,8.37,1.399,15.696,B,#1,HOLDING,1.706A/B
2707,2026-06-03 09:39:24,24.3625,8.37,1.399,15.696,B,#1,HOLDING,1.818A/B
2708,2026-06-03 09:39:26,24.4500,12.00,1.399,15.696,B,#1,HOLDING,1.500A/B
2709,2026-06-03 09:39:28,24.5500,12.00,1.484,17.580,B,#1,HOLDING,1.935A/B
2710,2026-06-03 09:39:30,24.6375,12.00,1.484,17.580,B,#1,HOLDING,2.090A/B
2711,2026-06-03 09:39:32,24.7625,12.00,1.484,17.580,B,#1,HOLDING,2.000A/B
2712,2026-06-03 09:39:34,24.9250,12.00,1.484,17.580,B,#1,HOLDING,2.000A/B
2713,2026-06-03 09:39:36,25.0750,12.00,1.437,17.052,B,#1,HOLDING,2.000A/B
2714,2026-06-03 09:39:38,25.2500,12.00,1.437,17.052,B,#1,HOLDING,2.000A/B
2715,2026-06-03 09:39:40,25.4500,12.00,1.437,17.052,B,#1,HOLDING,2.106A/B
2716,2026-06-03 09:39:42,25.6250,12.00,1.437,17.052,B,#1,HOLDING,1.500A/B
2717,2026-06-03 09:39:43,25.8750,12.00,1.402,16.644,B,#1,HOLDING,2.160A/B
2718,2026-06-03 09:39:46,26.0625,12.00,1.402,16.644,B,#1,HOLDING,1.000A/B
2719,2026-06-03 09:39:47,26.2625,12.00,1.402,16.644,B,#1,HOLDING,2.000A/B
2720,2026-06-03 09:39:49,26.4625,12.00,1.402,16.644,B,#1,HOLDING,2.233A/B
2721,2026-06-03 09:39:51,26.7125,12.00,1.375,16.320,B,#1,HOLDING,2.259A/B
2722,2026-06-03 09:39:53,26.9250,12.00,1.375,16.320,B,#1,HOLDING,1.500A/B
2723,2026-06-03 09:39:55,27.1750,12.00,1.375,16.320,B,#1,HOLDING,2.244A/B
2724,2026-06-03 09:39:57,27.3750,12.00,1.375,16.320,B,#1,HOLDING,1.000A/B
2725,2026-06-03 09:39:59,27.6250,12.00,1.030,9.540,B,#1,HOLDING,1.500A/B
2726,2026-06-03 09:40:01,27.8375,12.00,1.030,9.540,B,#1,HOLDING,2.280A/B
2727,2026-06-03 09:40:03,28.0625,12.00,1.030,9.540,B,#1,HOLDING,2.272A/B
2728,2026-06-03 09:40:05,28.2750,12.00,1.030,9.540,B,#1,HOLDING,1.500A/B
2729,2026-06-03 09:40:06,28.5250,12.00,1.343,15.960,B,#1,HOLDING,1.000A/B
2730,2026-06-03 09:40:09,28.7375,12.00,1.343,15.960,B,#1,HOLDING,1.000A/B
2731,2026-06-03 09:40:10,28.9375,12.00,1.343,15.960,B,#1,HOLDING,2.000A/B
2732,2026-06-03 09:40:12,29.1500,12.00,1.343,15.960,B,#1,HOLDING,1.000A/B
2733,2026-06-03 09:40:14,29.3750,12.00,1.019,9.680,B,#1,HOLDING,2.188A/B
2734,2026-06-03 09:40:16,29.6125,12.00,1.019,9.680,B,#1,HOLDING,1.500A/B
2735,2026-06-03 09:40:18,29.8375,12.00,1.019,9.680,B,#1,HOLDING,2.086A/B
2736,2026-06-03 09:40:20,30.0250,12.00,1.019,9.680,B,#1,HOLDING,1.000A/B
2737,2026-06-03 09:40:22,30.2500,12.00,1.019,9.720,B,#1,HOLDING,1.988A/B
2738,2026-06-03 09:40:24,30.4625,12.00,1.019,9.720,B,#1,HOLDING,1.500A/B
2739,2026-06-03 09:40:26,30.6625,12.00,1.019,9.720,B,#1,HOLDING,1.500A/B
2740,2026-06-03 09:40:28,30.8750,12.00,1.019,9.720,B,#1,HOLDING,1.843A/B
2741,2026-06-03 09:40:29,31.0750,12.00,1.320,15.660,B,#1,HOLDING,1.500A/B
2742,2026-06-03 09:40:32,31.2750,12.00,1.320,15.660,B,#1,HOLDING,1.757A/B
2743,2026-06-03 09:40:33,31.4500,12.00,1.320,15.660,B,#1,HOLDING,1.000A/B
2744,2026-06-03 09:40:35,31.6250,9.72,1.320,15.660,B,#1,HOLDING,1.000A/B
2745,2026-06-03 09:40:37,31.8500,9.72,1.000,9.870,B,#1,HOLDING,1.500A/B
2746,2026-06-03 09:40:39,32.0500,9.72,1.000,9.870,B,#1,HOLDING,1.608A/B
2747,2026-06-03 09:40:41,32.2000,9.72,1.000,9.870,B,#1,HOLDING,1.465A/B
2748,2026-06-03 09:40:43,32.3750,12.00,1.000,9.870,B,#1,HOLDING,1.296A/B
2749,2026-06-03 09:40:45,32.5750,12.00,1.296,15.516,B,#1,HOLDING,1.114A/B
2750,2026-06-03 09:40:47,32.7375,12.00,1.296,15.516,B,#1,HOLDING,0.882A/B
2751,2026-06-03 09:40:49,32.9375,12.00,1.296,15.516,B,#1,HOLDING,0.712A/B
2752,2026-06-03 09:40:51,33.0875,7.64,1.296,15.516,B,#1,HOLDING,0.516A/B
2753,2026-06-03 09:40:52,33.2625,7.64,0.614,3.214,B,#1,HOLDING,0.311A/B
2754,2026-06-03 09:40:55,33.4250,7.64,0.614,3.214,OFF,#1,HOLDING,0.000A/OFF
2755,2026-06-03 09:40:56,33.6000,7.64,0.614,3.214,OFF,#1,HOLDING,0.000A/OFF
2756,2026-06-03 09:40:57,33.6000,7.64,0.614,3.214,A,#1,HOLDING,0.185A/A
2757,2026-06-03 09:40:59,33.7375,12.00,0.185,3.214,A,#1,HOLDING,0.418A/A
2758,2026-06-03 09:41:01,33.8875,12.00,0.185,0.923,A,#1,HOLDING,0.634A/A
2759,2026-06-03 09:41:02,34.0125,12.00,0.185,0.923,A,#1,HOLDING,0.839A/A
2760,2026-06-03 09:41:04,34.1125,12.00,0.185,0.923,A,#1,HOLDING,1.000A/A
2761,2026-06-03 09:41:06,34.1875,6.95,0.185,0.923,A,#1,HOLDING,1.039A/A
2762,2026-06-03 09:41:08,34.1875,6.95,1.039,8.041,A,#1,HOLDING,1.266A/A
2763,2026-06-03 09:41:10,34.1875,6.95,1.039,8.041,A,#1,HOLDING,1.500A/A
2764,2026-06-03 09:41:12,34.1625,6.95,1.039,8.041,A,#1,HOLDING,1.543A/A
2765,2026-06-03 09:41:13,34.1125,11.27,1.039,8.041,A,#1,HOLDING,1.000A/A
2766,2026-06-03 09:41:15,34.0375,11.27,1.041,7.900,A,#1,HOLDING,1.756A/A
2767,2026-06-03 09:41:18,33.9625,11.27,1.041,7.900,A,#1,HOLDING,2.036A/A
2768,2026-06-03 09:41:19,33.8625,11.27,1.041,7.900,A,#1,HOLDING,1.500A/A
2769,2026-06-03 09:41:21,33.7375,11.32,1.041,7.900,A,#1,HOLDING,2.000A/A
2770,2026-06-03 09:41:23,33.5625,11.32,1.554,18.432,A,#1,HOLDING,1.000A/A
2771,2026-06-03 09:41:25,33.3875,11.32,1.554,18.432,A,#1,HOLDING,2.186A/A
2772,2026-06-03 09:41:27,33.1875,11.32,1.554,18.432,A,#1,HOLDING,2.338A/A
2773,2026-06-03 09:41:29,33.0375,12.00,1.554,18.432,A,#1,HOLDING,2.000A/A
2774,2026-06-03 09:41:31,32.8125,12.00,1.512,17.940,A,#1,HOLDING,2.500A/A
2775,2026-06-03 09:41:33,32.5750,12.00,1.512,17.940,A,#1,HOLDING,2.000A/A
2776,2026-06-03 09:41:35,32.3000,12.00,1.512,17.940,A,#1,HOLDING,1.500A/A
2777,2026-06-03 09:41:36,32.0375,12.00,1.512,17.940,A,#1,HOLDING,1.000A/A
2778,2026-06-03 09:41:38,31.7875,12.00,1.000,8.730,A,#1,HOLDING,2.447A/A
2779,2026-06-03 09:41:41,31.5250,12.00,1.000,8.730,A,#1,HOLDING,2.500A/A
2780,2026-06-03 09:41:42,31.2500,12.00,1.000,8.730,A,#1,HOLDING,1.500A/A
2781,2026-06-03 09:41:44,30.9625,12.00,1.000,8.730,A,#1,HOLDING,2.000A/A
2782,2026-06-03 09:41:46,30.6625,12.00,1.465,17.496,A,#1,HOLDING,2.000A/A
2783,2026-06-03 09:41:48,30.4000,12.00,1.465,17.496,A,#1,HOLDING,1.500A/A
2784,2026-06-03 09:41:50,30.1000,12.00,1.465,17.496,A,#1,HOLDING,1.500A/A
2785,2026-06-03 09:41:52,29.8375,12.00,1.465,17.496,A,#1,HOLDING,2.461A/A
2786,2026-06-03 09:41:54,29.5125,12.00,1.448,17.232,A,#1,HOLDING,1.500A/A
2787,2026-06-03 09:41:56,29.2250,12.00,1.448,17.232,A,#1,HOLDING,1.500A/A
2788,2026-06-03 09:41:58,28.9500,12.00,1.448,17.232,A,#2,APPROACH,2.425A/A
2789,2026-06-03 09:41:59,28.6500,2.86,1.448,17.232,A,#2,APPROACH,0.160A/A
2790,2026-06-03 09:42:02,28.3500,2.86,0.000,17.232,A,#2,APPROACH,0.110A/A
2791,2026-06-03 09:42:04,28.0250,2.86,0.000,17.232,OFF,#2,APPROACH,0.000A/OFF
2792,2026-06-03 09:42:05,27.7500,2.86,0.000,0.000,OFF,#2,APPROACH,0.000A/OFF
2793,2026-06-03 09:42:06,27.7500,2.86,0.000,0.000,OFF,#2,APPROACH,0.000A/OFF
2794,2026-06-03 09:42:07,27.5000,2.86,0.000,0.000,OFF,#2,APPROACH,0.000A/OFF
2795,2026-06-03 09:42:08,27.5000,2.86,0.000,0.000,A,#2,APPROACH,0.109A/A
2796,2026-06-03 09:42:09,27.2500,12.00,0.000,0.000,A,#2,APPROACH,0.000A/OFF
2797,2026-06-03 09:42:10,27.0625,12.00,0.109,0.166,A,#2,APPROACH,0.103A/A
2798,2026-06-03 09:42:13,26.8625,12.00,0.109,0.166,A,#2,APPROACH,0.115A/A
2799,2026-06-03 09:42:14,26.8625,12.00,0.109,0.166,A,#2,APPROACH,0.184A/A
2800,2026-06-03 09:42:16,26.5000,2.11,0.109,0.166,A,#2,HOLDING,0.203A/A
2801,2026-06-03 09:42:18,26.5000,2.11,0.203,0.166,OFF,#2,HOLDING,0.000A/OFF
2802,2026-06-03 09:42:19,26.3250,2.11,0.203,0.464,OFF,#2,HOLDING,0.000A/OFF
2803,2026-06-03 09:42:20,26.1500,2.11,0.203,0.464,OFF,#2,HOLDING,0.000A/OFF
2804,2026-06-03 09:42:21,26.1500,2.11,0.203,0.464,OFF,#2,HOLDING,0.000A/OFF
2805,2026-06-03 09:42:22,26.0125,2.11,0.203,0.464,OFF,#2,HOLDING,0.000A/OFF
2806,2026-06-03 09:42:23,26.0125,2.11,0.203,0.464,OFF,#2,HOLDING,0.000A/OFF
2807,2026-06-03 09:42:24,25.8625,12.00,0.203,0.464,OFF,#2,HOLDING,0.000A/OFF
2808,2026-06-03 09:42:25,25.8625,12.00,0.000,0.464,OFF,#2,HOLDING,0.000A/OFF
2809,2026-06-03 09:42:26,25.7125,12.00,0.000,0.000,OFF,#2,HOLDING,0.000A/OFF
2810,2026-06-03 09:42:27,25.7125,12.00,0.000,0.000,OFF,#2,HOLDING,0.000A/OFF
2811,2026-06-03 09:42:28,25.6125,12.00,0.000,0.000,OFF,#2,HOLDING,0.000A/OFF
2812,2026-06-03 09:42:29,25.6125,12.00,0.000,0.000,A,#2,HOLDING,0.111A/A
2813,2026-06-03 09:42:30,25.4625,12.00,0.000,0.000,A,#2,HOLDING,0.000A/OFF
2814,2026-06-03 09:42:31,25.3625,12.00,0.054,0.000,OFF,#2,HOLDING,0.000A/OFF
2815,2026-06-03 09:42:33,25.3625,12.00,0.054,0.142,OFF,#2,HOLDING,0.000A/OFF
2816,2026-06-03 09:42:34,25.3000,12.00,0.054,0.142,OFF,#2,HOLDING,0.000A/OFF
2817,2026-06-03 09:42:35,25.3000,12.00,0.054,0.142,A,#2,HOLDING,0.103A/A
2818,2026-06-03 09:42:36,25.2000,12.00,0.054,0.142,A,#2,HOLDING,0.000A/OFF
2819,2026-06-03 09:42:37,25.1125,12.00,0.054,0.142,OFF,#2,HOLDING,0.000A/OFF
2820,2026-06-03 09:42:38,25.1125,12.00,1.551,0.142,OFF,#2,HOLDING,0.000A/OFF
2821,2026-06-03 09:42:39,25.0125,12.00,1.551,0.000,OFF,#2,HOLDING,0.000A/OFF
2822,2026-06-03 09:42:40,25.0125,12.00,1.551,0.000,OFF,#2,HOLDING,0.000A/OFF
2823,2026-06-03 09:42:41,24.9250,12.00,1.551,0.000,OFF,#2,HOLDING,0.000A/OFF
2824,2026-06-03 09:42:42,24.9250,12.00,1.551,0.000,OFF,#2,HOLDING,0.000A/OFF
2825,2026-06-03 09:42:43,24.8250,12.00,1.551,0.000,OFF,#2,HOLDING,0.000A/OFF
2826,2026-06-03 09:42:44,24.8250,12.00,1.551,0.000,OFF,#2,HOLDING,0.000A/OFF
2827,2026-06-03 09:42:45,24.7500,12.00,0.000,0.000,OFF,#2,HOLDING,0.000A/OFF
2828,2026-06-03 09:42:46,24.7500,12.00,0.000,0.000,OFF,#2,HOLDING,0.000A/OFF
2829,2026-06-03 09:42:47,24.6500,12.00,0.000,0.000,OFF,#2,HOLDING,0.000A/OFF
2830,2026-06-03 09:42:48,24.6500,12.00,0.000,0.000,OFF,#2,HOLDING,0.000A/OFF
2831,2026-06-03 09:42:49,24.5875,12.00,0.000,0.000,OFF,#2,HOLDING,0.000A/OFF
2832,2026-06-03 09:42:50,24.5875,12.00,0.000,0.000,OFF,#2,HOLDING,0.000A/OFF
2833,2026-06-03 09:42:51,24.5125,12.00,0.000,0.000,B,#2,HOLDING,0.130A/B
2834,2026-06-03 09:42:54,24.4375,12.00,0.000,0.000,B,#2,HOLDING,0.229A/B
2835,2026-06-03 09:42:55,24.3375,12.00,0.000,0.000,B,#2,HOLDING,0.283A/B
2836,2026-06-03 09:42:57,24.3000,2.39,0.000,0.000,B,#2,HOLDING,0.320A/B
2837,2026-06-03 09:42:59,24.2500,2.39,0.320,0.905,B,#2,HOLDING,0.367A/B
2838,2026-06-03 09:43:02,24.2000,2.39,0.320,0.905,B,#2,HOLDING,0.425A/B
2839,2026-06-03 09:43:03,24.1250,2.39,0.320,0.905,B,#2,HOLDING,0.477A/B
2840,2026-06-03 09:43:05,24.1250,4.03,0.320,0.905,B,#2,HOLDING,0.523A/B
2841,2026-06-03 09:43:07,24.0750,4.03,0.497,2.353,B,#2,HOLDING,0.580A/B
2842,2026-06-03 09:43:09,24.0625,4.03,0.497,2.353,B,#2,HOLDING,0.641A/B
2843,2026-06-03 09:43:11,24.0625,4.03,0.497,2.353,B,#2,HOLDING,0.687A/B
2844,2026-06-03 09:43:13,24.0625,5.80,0.497,2.353,B,#2,HOLDING,0.737A/B
2845,2026-06-03 09:43:15,24.0625,5.80,0.737,4.650,B,#2,HOLDING,0.788A/B
2846,2026-06-03 09:43:17,24.1250,5.80,0.737,4.650,B,#2,HOLDING,0.846A/B
2847,2026-06-03 09:43:19,24.1250,5.80,0.737,4.650,B,#2,HOLDING,0.889A/B
2848,2026-06-03 09:43:20,24.1375,7.47,0.737,4.650,B,#2,HOLDING,0.938A/B
2849,2026-06-03 09:43:22,24.1875,7.47,0.938,7.475,B,#2,HOLDING,0.984A/B
2850,2026-06-03 09:43:25,24.2625,7.47,0.938,7.475,B,#2,HOLDING,1.033A/B
2851,2026-06-03 09:43:26,24.3125,7.47,0.938,7.475,B,#2,HOLDING,1.064A/B
2852,2026-06-03 09:43:28,24.3625,8.90,0.938,7.475,B,#2,HOLDING,1.000A/B
2853,2026-06-03 09:43:30,24.4625,8.90,1.030,8.610,B,#2,HOLDING,1.095A/B
2854,2026-06-03 09:43:32,24.5375,8.90,1.030,8.610,B,#2,HOLDING,1.089A/B
2855,2026-06-03 09:43:34,24.6625,8.90,1.030,8.610,B,#2,HOLDING,1.107A/B
2856,2026-06-03 09:43:36,24.7625,9.40,1.030,8.610,B,#2,HOLDING,1.134A/B
2857,2026-06-03 09:43:38,24.8875,9.40,1.118,11.067,B,#2,HOLDING,1.151A/B
2858,2026-06-03 09:43:40,24.9875,9.40,1.118,11.067,B,#2,HOLDING,1.182A/B
2859,2026-06-03 09:43:42,25.1125,9.40,1.118,11.067,B,#2,HOLDING,1.190A/B
2860,2026-06-03 09:43:43,25.2625,10.14,1.118,11.067,B,#2,HOLDING,1.197A/B
2861,2026-06-03 09:43:45,25.3875,10.14,1.197,12.424,B,#2,HOLDING,1.197A/B
2862,2026-06-03 09:43:48,25.5250,10.14,1.197,12.424,B,#2,HOLDING,1.199A/B
2863,2026-06-03 09:43:49,25.7000,10.14,1.197,12.424,B,#2,HOLDING,1.000A/B
2864,2026-06-03 09:43:51,25.8500,8.99,1.197,12.424,B,#2,HOLDING,1.000A/B
2865,2026-06-03 09:43:53,26.0000,8.99,1.000,9.120,B,#2,HOLDING,1.181A/B
2866,2026-06-03 09:43:55,26.1625,8.99,1.000,9.120,B,#3,APPROACH,1.156A/B
2867,2026-06-03 09:43:57,26.3125,8.99,1.000,9.120,A,#3,APPROACH,0.231A/A
2868,2026-06-03 09:43:59,26.4875,8.99,1.000,9.120,A,#3,APPROACH,0.282A/A
2869,2026-06-03 09:44:01,26.6875,11.68,1.000,9.120,A,#3,APPROACH,0.362A/A
2870,2026-06-03 09:44:03,26.8500,11.68,1.025,0.955,A,#3,APPROACH,0.469A/A
2871,2026-06-03 09:44:05,26.9500,11.68,1.025,0.955,A,#3,APPROACH,0.601A/A
2872,2026-06-03 09:44:07,27.1000,11.68,1.025,0.955,A,#3,APPROACH,0.712A/A
2873,2026-06-03 09:44:09,27.1750,5.49,1.025,0.955,A,#3,APPROACH,0.850A/A
2874,2026-06-03 09:44:10,27.2500,5.49,0.798,5.737,A,#3,APPROACH,1.005A/A
2875,2026-06-03 09:44:13,27.3000,5.49,0.798,5.737,A,#3,APPROACH,1.224A/A
2876,2026-06-03 09:44:14,27.3125,5.49,0.798,5.737,A,#3,APPROACH,1.382A/A
2877,2026-06-03 09:44:16,27.3125,10.43,0.798,5.737,A,#3,APPROACH,1.500A/A
2878,2026-06-03 09:44:18,27.3375,10.43,1.460,17.445,A,#3,APPROACH,1.578A/A
2879,2026-06-03 09:44:21,27.3125,10.43,1.460,17.445,A,#3,APPROACH,1.826A/A
2880,2026-06-03 09:44:22,27.2375,10.43,1.460,17.445,A,#3,APPROACH,1.500A/A
2881,2026-06-03 09:44:24,27.1625,11.67,1.460,17.445,A,#3,APPROACH,1.000A/A
2882,2026-06-03 09:44:26,27.0750,11.67,1.116,8.500,A,#3,APPROACH,1.972A/A
2883,2026-06-03 09:44:28,26.9750,11.67,1.116,8.500,A,#3,APPROACH,1.500A/A
2884,2026-06-03 09:44:30,26.8625,11.67,1.116,8.500,A,#3,APPROACH,1.500A/A
2885,2026-06-03 09:44:32,26.7125,11.86,1.116,8.500,A,#3,APPROACH,1.000A/A
2886,2026-06-03 09:44:34,26.5750,11.86,1.247,8.750,A,#3,APPROACH,2.179A/A
2887,2026-06-03 09:44:36,26.4000,11.86,1.247,8.750,A,#3,APPROACH,2.380A/A
2888,2026-06-03 09:44:38,26.2625,11.86,1.247,8.750,A,#3,APPROACH,1.500A/A
2889,2026-06-03 09:44:39,26.0625,11.99,1.247,8.750,A,#3,APPROACH,2.000A/A
2890,2026-06-03 09:44:41,25.9125,11.99,1.481,17.556,A,#3,APPROACH,2.490A/A
2891,2026-06-03 09:44:44,25.7375,11.99,1.481,17.556,A,#3,APPROACH,1.000A/A
2892,2026-06-03 09:44:45,25.5125,11.99,1.481,17.556,A,#3,APPROACH,2.500A/A
2893,2026-06-03 09:44:47,25.3125,12.00,1.481,17.556,A,#3,APPROACH,2.500A/A
2894,2026-06-03 09:44:49,25.1000,12.00,1.450,17.232,A,#3,APPROACH,1.500A/A
2895,2026-06-03 09:44:51,24.9000,12.00,1.450,17.232,A,#3,APPROACH,2.000A/A
2896,2026-06-03 09:44:53,24.7000,12.00,1.450,17.232,A,#3,APPROACH,2.500A/A
2897,2026-06-03 09:44:55,24.5000,12.00,1.450,17.232,A,#3,APPROACH,1.000A/A
2898,2026-06-03 09:44:57,24.2875,12.00,1.219,9.120,A,#3,APPROACH,2.000A/A
2899,2026-06-03 09:44:59,24.0625,12.00,1.219,9.120,A,#3,APPROACH,2.000A/A
2900,2026-06-03 09:45:01,23.8750,12.00,1.219,9.120,A,#3,APPROACH,2.000A/A
2901,2026-06-03 09:45:02,23.6500,12.00,1.219,9.120,A,#3,APPROACH,1.000A/A
2902,2026-06-03 09:45:04,23.4500,12.00,1.214,9.170,A,#3,APPROACH,2.498A/A
2903,2026-06-03 09:45:07,23.2500,12.00,1.214,9.170,A,#3,APPROACH,2.554A/A
2904,2026-06-03 09:45:08,23.0500,12.00,1.214,9.170,A,#3,APPROACH,2.578A/A
2905,2026-06-03 09:45:10,22.8750,12.00,1.214,9.170,A,#3,HOLDING,1.000A/A
2906,2026-06-03 09:45:12,22.6625,12.00,1.216,9.170,OFF,#3,HOLDING,0.000A/OFF
2907,2026-06-03 09:45:13,22.4625,12.00,1.216,9.170,OFF,#3,HOLDING,0.000A/OFF
2908,2026-06-03 09:45:14,22.4625,12.00,1.216,9.170,OFF,#3,HOLDING,0.000A/OFF
2909,2026-06-03 09:45:15,22.2625,12.00,1.216,9.170,OFF,#3,HOLDING,0.000A/OFF
2910,2026-06-03 09:45:16,22.2625,12.00,1.216,9.170,OFF,#3,HOLDING,0.000A/OFF
2911,2026-06-03 09:45:17,22.1125,12.00,1.216,9.170,OFF,#3,HOLDING,0.000A/OFF
2912,2026-06-03 09:45:18,22.1125,12.00,1.216,9.170,OFF,#3,HOLDING,0.000A/OFF
2913,2026-06-03 09:45:19,21.9000,12.00,0.000,9.170,OFF,#3,HOLDING,0.000A/OFF
2914,2026-06-03 09:45:20,21.9000,12.00,0.000,0.000,OFF,#3,HOLDING,0.000A/OFF
2915,2026-06-03 09:45:21,21.7500,12.00,0.000,0.000,OFF,#3,HOLDING,0.000A/OFF
2916,2026-06-03 09:45:22,21.7500,12.00,0.000,0.000,OFF,#3,HOLDING,0.000A/OFF
2917,2026-06-03 09:45:23,21.6125,12.00,0.000,0.000,OFF,#3,HOLDING,0.000A/OFF
2918,2026-06-03 09:45:24,21.6125,12.00,0.000,0.000,OFF,#3,HOLDING,0.000A/OFF
2919,2026-06-03 09:45:25,21.4875,12.00,0.000,0.000,OFF,#3,HOLDING,0.000A/OFF
2920,2026-06-03 09:45:26,21.4875,12.00,0.000,0.000,OFF,#3,HOLDING,0.000A/OFF
2921,2026-06-03 09:45:27,21.3875,12.00,0.000,0.000,OFF,#3,HOLDING,0.000A/OFF
2922,2026-06-03 09:45:28,21.3875,12.00,0.000,0.000,OFF,#3,HOLDING,0.000A/OFF
2923,2026-06-03 09:45:29,21.2625,12.00,0.000,0.000,OFF,#3,HOLDING,0.000A/OFF
2924,2026-06-03 09:45:30,21.2625,12.00,0.000,0.000,OFF,#3,HOLDING,0.000A/OFF
2925,2026-06-03 09:45:31,21.2125,12.00,0.000,0.000,OFF,#3,HOLDING,0.000A/OFF
2926,2026-06-03 09:45:32,21.1375,12.00,0.000,0.000,B,#3,HOLDING,0.102A/B
2927,2026-06-03 09:45:34,21.1125,12.00,0.000,0.000,B,#3,HOLDING,0.138A/B
2928,2026-06-03 09:45:36,21.1125,12.00,0.000,0.000,B,#3,HOLDING,0.158A/B
2929,2026-06-03 09:45:38,21.0375,0.87,0.000,0.000,B,#3,HOLDING,0.188A/B
2930,2026-06-03 09:45:39,21.0250,0.87,0.188,0.229,B,#3,HOLDING,0.223A/B
2931,2026-06-03 09:45:42,21.0000,0.87,0.188,0.229,B,#3,HOLDING,0.322A/B
2932,2026-06-03 09:45:43,21.0000,0.87,0.188,0.229,B,#3,HOLDING,0.347A/B
2933,2026-06-03 09:45:45,21.0000,2.51,0.188,0.229,B,#3,HOLDING,0.383A/B
2934,2026-06-03 09:45:47,21.0000,2.51,0.383,1.145,B,#3,HOLDING,0.419A/B
2935,2026-06-03 09:45:50,21.0000,2.51,0.383,1.145,B,#3,HOLDING,0.466A/B
2936,2026-06-03 09:45:51,21.0000,2.51,0.383,1.145,B,#3,HOLDING,0.497A/B
2937,2026-06-03 09:45:53,21.0500,3.91,0.383,1.145,B,#3,HOLDING,0.478A/B
2938,2026-06-03 09:45:55,21.0875,3.91,0.478,1.888,B,#3,HOLDING,0.508A/B
2939,2026-06-03 09:45:57,21.1875,3.91,0.478,1.888,B,#3,HOLDING,0.540A/B
2940,2026-06-03 09:45:59,21.1875,3.91,0.478,1.888,B,#3,HOLDING,0.570A/B
2941,2026-06-03 09:46:01,21.2375,4.76,0.478,1.888,B,#3,HOLDING,0.598A/B
2942,2026-06-03 09:46:03,21.3125,4.76,0.598,3.067,B,#3,HOLDING,0.624A/B
2943,2026-06-03 09:46:05,21.3875,4.76,0.598,3.067,B,#3,HOLDING,0.647A/B
2944,2026-06-03 09:46:07,21.4750,4.76,0.598,3.067,B,#3,HOLDING,0.659A/B
2945,2026-06-03 09:46:08,21.5250,5.58,0.598,3.067,B,#3,HOLDING,0.679A/B
2946,2026-06-03 09:46:10,21.6375,5.58,0.679,4.060,B,#4,APPROACH,0.688A/B
2947,2026-06-03 09:46:13,21.7125,5.58,0.679,4.060,OFF,#4,APPROACH,0.000A/OFF
2948,2026-06-03 09:46:14,21.8250,5.58,0.679,4.060,OFF,#4,APPROACH,0.000A/OFF
2949,2026-06-03 09:46:15,21.9250,5.58,0.679,4.060,OFF,#4,APPROACH,0.000A/OFF
2950,2026-06-03 09:46:16,21.9250,5.58,0.679,4.060,OFF,#4,APPROACH,0.000A/OFF
2951,2026-06-03 09:46:17,22.0125,5.58,0.679,4.060,B,#4,APPROACH,0.101A/B
2952,2026-06-03 09:46:18,22.0125,11.93,0.101,4.060,B,#4,APPROACH,0.156A/B
2953,2026-06-03 09:46:20,22.1625,11.93,0.101,0.252,B,#4,APPROACH,0.171A/B
2954,2026-06-03 09:46:22,22.2375,11.93,0.101,0.252,B,#4,HOLDING,0.158A/B
2955,2026-06-03 09:46:23,22.3625,11.93,0.101,0.252,OFF,#4,HOLDING,0.000A/OFF
2956,2026-06-03 09:46:24,22.4500,11.93,0.101,0.252,OFF,#4,HOLDING,0.000A/OFF
2957,2026-06-03 09:46:25,22.4500,12.00,0.101,0.252,OFF,#4,HOLDING,0.000A/OFF
2958,2026-06-03 09:46:26,22.5500,12.00,0.000,0.252,OFF,#4,HOLDING,0.000A/OFF
2959,2026-06-03 09:46:27,22.5500,12.00,0.000,0.000,OFF,#4,HOLDING,0.000A/OFF
2960,2026-06-03 09:46:28,22.6625,12.00,0.000,0.000,OFF,#4,HOLDING,0.000A/OFF
2961,2026-06-03 09:46:29,22.6625,12.00,0.000,0.000,OFF,#4,HOLDING,0.000A/OFF
2962,2026-06-03 09:46:30,22.7375,12.00,0.000,0.000,OFF,#4,HOLDING,0.000A/OFF
2963,2026-06-03 09:46:31,22.7375,12.00,0.000,0.000,B,#4,HOLDING,0.111A/B
2964,2026-06-03 09:46:33,22.8500,12.00,0.000,0.137,B,#4,HOLDING,0.112A/B
2965,2026-06-03 09:46:35,22.9000,12.00,0.000,0.137,B,#4,HOLDING,0.135A/B
2966,2026-06-03 09:46:37,23.0125,12.00,0.000,0.137,B,#4,HOLDING,0.129A/B
2967,2026-06-03 09:46:39,23.0625,1.34,0.000,0.137,B,#4,HOLDING,0.141A/B
2968,2026-06-03 09:46:41,23.1000,1.34,0.141,0.204,B,#4,HOLDING,0.145A/B
2969,2026-06-03 09:46:43,23.1750,1.34,0.141,0.204,B,#4,HOLDING,0.153A/B
2970,2026-06-03 09:46:45,23.2250,1.34,0.141,0.204,B,#4,HOLDING,0.151A/B
2971,2026-06-03 09:46:46,23.3000,1.47,0.141,0.204,B,#4,HOLDING,0.144A/B
2972,2026-06-03 09:46:48,23.3250,1.47,0.144,0.210,B,#4,HOLDING,0.143A/B
2973,2026-06-03 09:46:51,23.4000,1.47,0.144,0.210,B,#4,HOLDING,0.133A/B
2974,2026-06-03 09:46:52,23.4375,1.47,0.144,0.210,B,#4,HOLDING,0.128A/B
2975,2026-06-03 09:46:54,23.4375,1.30,0.144,0.210,B,#4,HOLDING,0.121A/B
2976,2026-06-03 09:46:56,23.5000,1.30,0.121,0.152,B,#4,HOLDING,0.110A/B
2977,2026-06-03 09:46:58,23.5250,1.30,0.121,0.152,OFF,#4,HOLDING,0.000A/OFF
2978,2026-06-03 09:46:59,23.5625,1.30,0.121,0.152,OFF,#4,HOLDING,0.000A/OFF
2979,2026-06-03 09:47:00,23.5625,1.30,0.121,0.152,OFF,#4,HOLDING,0.000A/OFF
2980,2026-06-03 09:47:01,23.5875,1.30,0.121,0.152,OFF,#4,HOLDING,0.000A/OFF
2981,2026-06-03 09:47:02,23.5875,12.00,0.000,0.152,OFF,#4,HOLDING,0.000A/OFF
2982,2026-06-03 09:47:03,23.6250,12.00,0.000,0.152,OFF,#4,HOLDING,0.000A/OFF
2983,2026-06-03 09:47:05,23.6250,12.00,0.000,0.000,OFF,#4,HOLDING,0.000A/OFF
2984,2026-06-03 09:47:06,23.6250,12.00,0.000,0.000,OFF,#4,HOLDING,0.000A/OFF
2985,2026-06-03 09:47:07,23.6375,12.00,0.000,0.000,OFF,#4,HOLDING,0.000A/OFF
2986,2026-06-03 09:47:08,23.6375,12.00,0.000,0.000,OFF,#4,HOLDING,0.000A/OFF
2987,2026-06-03 09:47:09,23.6625,12.00,0.000,0.000,OFF,#4,HOLDING,0.000A/OFF
2988,2026-06-03 09:47:10,23.6625,12.00,0.000,0.000,OFF,#4,HOLDING,0.000A/OFF
2989,2026-06-03 09:47:11,23.6875,12.00,0.000,0.000,OFF,#4,HOLDING,0.000A/OFF
2990,2026-06-03 09:47:12,23.6875,12.00,0.000,0.000,OFF,#4,HOLDING,0.000A/OFF
2991,2026-06-03 09:47:13,23.6625,12.00,0.000,0.000,OFF,#4,HOLDING,0.000A/OFF
2992,2026-06-03 09:47:14,23.6625,12.00,0.000,0.000,OFF,#4,HOLDING,0.000A/OFF
2993,2026-06-03 09:47:15,23.6625,12.00,0.000,0.000,OFF,#4,HOLDING,0.000A/OFF
2994,2026-06-03 09:47:16,23.6625,12.00,0.000,0.000,OFF,#4,HOLDING,0.000A/OFF
2995,2026-06-03 09:47:17,23.6875,12.00,0.000,0.000,OFF,#4,HOLDING,0.000A/OFF
2996,2026-06-03 09:47:18,23.6875,12.00,0.000,0.000,OFF,#4,HOLDING,0.000A/OFF
2997,2026-06-03 09:47:19,23.6875,12.00,0.000,0.000,OFF,#4,HOLDING,0.000A/OFF
2998,2026-06-03 09:47:20,23.6875,12.00,0.000,0.000,OFF,#4,HOLDING,0.000A/OFF
2999,2026-06-03 09:47:21,23.6625,12.00,0.000,0.000,OFF,#4,HOLDING,0.000A/OFF
3000,2026-06-03 09:47:22,23.6625,12.00,0.000,0.000,OFF,#5,APPROACH,0.000A/OFF
3001,2026-06-03 09:47:23,23.6750,12.00,0.000,0.000,A,#5,APPROACH,0.128A/A
3002,2026-06-03 09:47:25,23.6500,12.00,0.000,0.000,A,#5,APPROACH,0.161A/A
3003,2026-06-03 09:47:27,23.6250,12.00,0.000,0.000,A,#5,APPROACH,0.206A/A
3004,2026-06-03 09:47:29,23.6250,12.00,0.000,0.000,A,#5,APPROACH,0.252A/A
3005,2026-06-03 09:47:31,23.6250,2.22,0.000,0.000,A,#5,APPROACH,0.310A/A
3006,2026-06-03 09:47:32,23.6000,2.22,0.310,0.846,A,#5,APPROACH,0.387A/A
3007,2026-06-03 09:47:35,23.6000,2.22,0.310,0.846,A,#5,APPROACH,0.501A/A
3008,2026-06-03 09:47:36,23.5750,2.22,0.310,0.846,A,#5,APPROACH,0.572A/A
3009,2026-06-03 09:47:38,23.5250,4.89,0.310,0.846,A,#5,APPROACH,0.653A/A
3010,2026-06-03 09:47:40,23.4750,4.89,0.653,3.722,A,#5,APPROACH,0.729A/A
3011,2026-06-03 09:47:43,23.4375,4.89,0.653,3.722,A,#5,APPROACH,0.835A/A
3012,2026-06-03 09:47:44,23.3875,4.89,0.653,3.722,A,#5,APPROACH,0.901A/A
3013,2026-06-03 09:47:46,23.3125,7.56,0.653,3.722,A,#5,APPROACH,0.973A/A
3014,2026-06-03 09:47:48,23.2375,7.56,0.973,8.036,A,#5,APPROACH,1.040A/A
3015,2026-06-03 09:47:50,23.1750,7.56,0.973,8.036,A,#5,APPROACH,1.000A/A
3016,2026-06-03 09:47:52,23.1000,7.56,0.973,8.036,A,#5,APPROACH,1.000A/A
3017,2026-06-03 09:47:54,22.9875,8.45,0.973,8.036,A,#5,APPROACH,1.000A/A
3018,2026-06-03 09:47:56,22.8625,8.45,1.000,8.640,A,#5,APPROACH,1.103A/A
3019,2026-06-03 09:47:58,22.7750,8.45,1.000,8.640,A,#5,APPROACH,1.176A/A
3020,2026-06-03 09:48:00,22.6750,8.45,1.000,8.640,A,#5,APPROACH,1.000A/A
3021,2026-06-03 09:48:01,22.5500,8.62,1.000,8.640,A,#5,APPROACH,1.213A/A
3022,2026-06-03 09:48:03,22.4250,8.62,1.213,12.469,A,#5,APPROACH,1.247A/A
3023,2026-06-03 09:48:06,22.3000,8.62,1.213,12.469,A,#5,APPROACH,1.295A/A
3024,2026-06-03 09:48:07,22.1750,8.62,1.213,12.469,A,#5,HOLDING,1.269A/A
3025,2026-06-03 09:48:09,22.0250,8.62,1.213,12.469,OFF,#5,HOLDING,0.000A/OFF
3026,2026-06-03 09:48:10,21.9000,10.45,1.213,12.469,OFF,#5,HOLDING,0.000A/OFF
3027,2026-06-03 09:48:11,21.9000,10.45,1.269,12.469,OFF,#5,HOLDING,0.000A/OFF
3028,2026-06-03 09:48:12,21.7625,10.45,1.269,0.000,OFF,#5,HOLDING,0.000A/OFF
3029,2026-06-03 09:48:13,21.7625,10.45,1.269,0.000,OFF,#5,HOLDING,0.000A/OFF
3030,2026-06-03 09:48:14,21.6125,10.45,1.269,0.000,OFF,#5,HOLDING,0.000A/OFF
3031,2026-06-03 09:48:15,21.6125,10.45,1.269,0.000,OFF,#5,HOLDING,0.000A/OFF
3032,2026-06-03 09:48:16,21.4500,12.00,1.269,0.000,OFF,#5,HOLDING,0.000A/OFF
3033,2026-06-03 09:48:17,21.4500,12.00,0.000,0.000,OFF,#5,HOLDING,0.000A/OFF
3034,2026-06-03 09:48:18,21.3250,12.00,0.000,0.000,OFF,#5,HOLDING,0.000A/OFF
3035,2026-06-03 09:48:19,21.3250,12.00,0.000,0.000,OFF,#5,HOLDING,0.000A/OFF
3036,2026-06-03 09:48:20,21.2375,12.00,0.000,0.000,OFF,#5,HOLDING,0.000A/OFF
3037,2026-06-03 09:48:21,21.2375,12.00,0.000,0.000,A,#5,HOLDING,0.101A/A
3038,2026-06-03 09:48:23,21.1375,12.00,0.000,0.000,A,#5,HOLDING,0.000A/OFF
3039,2026-06-03 09:48:24,21.0500,1.42,0.000,0.000,OFF,#5,HOLDING,0.000A/OFF
3040,2026-06-03 09:48:25,21.0500,1.42,0.101,0.000,OFF,#5,HOLDING,0.000A/OFF
3041,2026-06-03 09:48:26,20.9500,1.42,0.101,0.455,OFF,#5,HOLDING,0.000A/OFF
3042,2026-06-03 09:48:27,20.9500,1.42,0.101,0.455,OFF,#5,HOLDING,0.000A/OFF
3043,2026-06-03 09:48:28,20.9000,1.42,0.101,0.455,OFF,#5,HOLDING,0.000A/OFF
3044,2026-06-03 09:48:29,20.9000,1.42,0.101,0.455,OFF,#5,HOLDING,0.000A/OFF
3045,2026-06-03 09:48:30,20.8500,12.00,0.101,0.455,OFF,#5,HOLDING,0.000A/OFF
3046,2026-06-03 09:48:31,20.8500,12.00,0.000,0.455,OFF,#5,HOLDING,0.000A/OFF
3047,2026-06-03 09:48:32,20.8125,12.00,0.000,0.000,OFF,#5,HOLDING,0.000A/OFF
3048,2026-06-03 09:48:33,20.8125,12.00,0.000,0.000,OFF,#5,HOLDING,0.000A/OFF
3049,2026-06-03 09:48:34,20.7625,12.00,0.000,0.000,OFF,#5,HOLDING,0.000A/OFF
3050,2026-06-03 09:48:35,20.7625,12.00,0.000,0.000,OFF,#5,HOLDING,0.000A/OFF
3051,2026-06-03 09:48:36,20.7500,12.00,0.000,0.000,OFF,#5,HOLDING,0.000A/OFF
3052,2026-06-03 09:48:37,20.7250,12.00,0.000,0.000,OFF,#5,HOLDING,0.000A/OFF
3053,2026-06-03 09:48:38,20.7250,12.00,0.000,0.000,OFF,#5,HOLDING,0.000A/OFF
3054,2026-06-03 09:48:39,20.7125,12.00,0.000,0.000,OFF,#5,HOLDING,0.000A/OFF
3055,2026-06-03 09:48:40,20.7125,12.00,0.000,0.000,OFF,#5,HOLDING,0.000A/OFF
3056,2026-06-03 09:48:41,20.6875,12.00,0.000,0.000,OFF,#5,HOLDING,0.000A/OFF
3057,2026-06-03 09:48:42,20.6875,12.00,0.000,0.000,OFF,#5,HOLDING,0.000A/OFF
3058,2026-06-03 09:48:43,20.6875,12.00,0.000,0.000,OFF,#5,HOLDING,0.000A/OFF
3059,2026-06-03 09:48:44,20.6875,12.00,0.000,0.000,OFF,#5,HOLDING,0.000A/OFF
3060,2026-06-03 09:48:45,20.6875,12.00,0.000,0.000,OFF,#5,HOLDING,0.000A/OFF
3061,2026-06-03 09:48:46,20.6875,12.00,0.000,0.000,OFF,#5,HOLDING,0.000A/OFF
3062,2026-06-03 09:48:47,20.6875,12.00,0.000,0.000,OFF,#5,HOLDING,0.000A/OFF
3063,2026-06-03 09:48:48,20.6875,12.00,0.000,0.000,OFF,#5,HOLDING,0.000A/OFF
3064,2026-06-03 09:48:49,20.6875,12.00,0.000,0.000,B,#5,HOLDING,0.104A/B
3065,2026-06-03 09:48:51,20.6875,12.00,0.000,0.371,B,#5,HOLDING,0.123A/B
3066,2026-06-03 09:48:53,20.6875,12.00,0.000,0.371,B,#5,HOLDING,0.147A/B
3067,2026-06-03 09:48:55,20.7250,12.00,0.000,0.371,B,#5,HOLDING,0.158A/B
3068,2026-06-03 09:48:57,20.7500,1.16,0.000,0.371,B,#5,HOLDING,0.173A/B
3069,2026-06-03 09:48:59,20.7250,1.16,0.173,0.233,B,#5,HOLDING,0.193A/B
3070,2026-06-03 09:49:01,20.7500,1.16,0.173,0.233,B,#5,HOLDING,0.216A/B
3071,2026-06-03 09:49:03,20.7625,1.16,0.173,0.233,B,#5,HOLDING,0.231A/B
3072,2026-06-03 09:49:04,20.8125,1.84,0.173,0.233,B,#5,HOLDING,0.238A/B
3073,2026-06-03 09:49:06,20.8500,1.84,0.238,0.468,B,#5,HOLDING,0.250A/B
3074,2026-06-03 09:49:09,20.8750,1.84,0.238,0.468,OFF,--,DONE,0.265A/B
3075,2026-06-03 09:49:10,20.8875,1.84,0.238,0.468,OFF,--,DONE,--
3076,2026-06-03 09:49:11,20.8875,1.84,0.238,0.468,OFF,--,DONE,--
3077,2026-06-03 09:49:12,20.9625,12.00,0.238,0.468,OFF,--,DONE,--
3078,2026-06-03 09:49:13,20.9625,12.00,0.000,0.468,OFF,--,DONE,--
3079,2026-06-03 09:49:14,21.0000,12.00,0.000,0.000,OFF,--,DONE,--
3080,2026-06-03 09:49:15,21.0000,12.00,0.000,0.000,OFF,--,DONE,--
3081,2026-06-03 09:49:16,21.0500,12.00,0.000,0.000,OFF,--,DONE,--
3082,2026-06-03 09:49:17,21.0500,12.00,0.000,0.000,OFF,--,DONE,--
3083,2026-06-03 09:49:18,21.1000,12.00,0.000,0.000,OFF,--,DONE,--
3084,2026-06-03 09:49:19,21.1250,12.00,0.000,0.000,OFF,--,DONE,--
3085,2026-06-03 09:49:20,21.1250,12.00,0.000,0.000,OFF,--,DONE,--
3086,2026-06-03 09:49:21,21.1375,12.00,0.000,0.000,OFF,--,DONE,--
3087,2026-06-03 09:49:22,21.1375,12.00,0.000,0.000,OFF,--,DONE,--
3088,2026-06-03 09:49:23,21.1875,12.00,0.000,0.000,OFF,--,DONE,--
3089,2026-06-03 09:49:24,21.1875,12.00,0.000,0.000,OFF,--,DONE,--
3090,2026-06-03 09:49:25,21.2500,12.00,0.000,0.000,OFF,--,DONE,--
3091,2026-06-03 09:49:26,21.2500,12.00,0.000,0.000,OFF,--,DONE,--
3092,2026-06-03 09:49:27,21.2500,12.00,0.000,0.000,OFF,--,DONE,--
3093,2026-06-03 09:49:28,21.2500,12.00,0.000,0.000,OFF,--,DONE,--
3094,2026-06-03 09:49:29,21.2875,12.00,0.000,0.000,OFF,--,DONE,--
3095,2026-06-03 09:49:30,21.2875,12.00,0.000,0.000,OFF,--,DONE,--
3096,2026-06-03 09:49:31,21.3125,12.00,0.000,0.000,OFF,--,DONE,--
3097,2026-06-03 09:49:32,21.3125,12.00,0.000,0.000,OFF,--,DONE,--
3098,2026-06-03 09:49:33,21.3500,12.00,0.000,0.000,OFF,--,DONE,--
3099,2026-06-03 09:49:34,21.3500,12.00,0.000,0.000,OFF,--,DONE,--
3100,2026-06-03 09:49:36,21.3750,12.00,0.000,0.000,OFF,--,DONE,--
3101,2026-06-03 09:49:37,21.3750,12.00,0.000,0.000,OFF,--,DONE,--
3102,2026-06-03 09:49:38,21.4125,12.00,0.000,0.000,OFF,--,DONE,--
3103,2026-06-03 09:49:39,21.4125,12.00,0.000,0.000,OFF,--,DONE,--
3104,2026-06-03 09:49:40,21.4125,12.00,0.000,0.000,OFF,--,DONE,--
3105,2026-06-03 09:49:41,21.4375,12.00,0.000,0.000,OFF,--,DONE,--
3106,2026-06-03 09:49:42,21.4375,12.00,0.000,0.000,OFF,--,DONE,--
3107,2026-06-03 09:49:43,21.4375,12.00,0.000,0.000,OFF,--,DONE,--
3108,2026-06-03 09:49:44,21.4375,12.00,0.000,0.000,OFF,--,DONE,--
3109,2026-06-03 09:49:45,21.5000,12.00,0.000,0.000,OFF,--,DONE,--
3110,2026-06-03 09:49:46,21.5000,12.00,0.000,0.000,OFF,--,DONE,--
3111,2026-06-03 09:49:47,21.5000,12.00,0.000,0.000,OFF,--,DONE,--
3112,2026-06-03 09:49:48,21.5000,12.00,0.000,0.000,OFF,--,DONE,--
3113,2026-06-03 09:49:49,21.5375,12.00,0.000,0.000,OFF,--,DONE,--
3114,2026-06-03 09:49:50,21.5375,12.00,0.000,0.000,OFF,--,DONE,--
3115,2026-06-03 09:49:51,21.5625,12.00,0.000,0.000,OFF,--,DONE,--
3116,2026-06-03 09:49:52,21.5625,12.00,0.000,0.000,OFF,--,DONE,--
3117,2026-06-03 09:49:53,21.5625,12.00,0.000,0.000,OFF,--,DONE,--
3118,2026-06-03 09:49:54,21.5625,12.00,0.000,0.000,OFF,--,DONE,--
3119,2026-06-03 09:49:55,21.5625,12.00,0.000,0.000,OFF,--,DONE,--
3120,2026-06-03 09:49:56,21.5625,12.00,0.000,0.000,OFF,--,DONE,--
3121,2026-06-03 09:49:57,21.5625,12.00,0.000,0.000,OFF,--,DONE,--
3122,2026-06-03 09:49:58,21.6125,12.00,0.000,0.000,OFF,--,DONE,--
3123,2026-06-03 09:49:59,21.6125,12.00,0.000,0.000,OFF,--,DONE,--
3124,2026-06-03 09:50:00,21.6250,12.00,0.000,0.000,OFF,--,DONE,--
3125,2026-06-03 09:50:01,21.6250,12.00,0.000,0.000,OFF,--,DONE,--
3126,2026-06-03 09:50:02,21.6250,12.00,0.000,0.000,OFF,--,DONE,--
3127,2026-06-03 09:50:03,21.6250,12.00,0.000,0.000,OFF,--,DONE,--
3128,2026-06-03 09:50:04,21.6500,12.00,0.000,0.000,OFF,--,DONE,--
3129,2026-06-03 09:50:05,21.6500,12.00,0.000,0.000,OFF,--,DONE,--
3130,2026-06-03 09:50:06,21.6250,12.00,0.000,0.000,OFF,--,DONE,--
3131,2026-06-03 09:50:07,21.6250,12.00,0.000,0.000,OFF,--,DONE,--
3132,2026-06-03 09:50:08,21.6625,12.00,0.000,0.000,OFF,--,DONE,--
3133,2026-06-03 09:50:10,21.6875,12.00,0.000,0.000,OFF,--,DONE,--
3134,2026-06-03 09:50:11,21.6875,12.00,0.000,0.000,OFF,--,DONE,--
3135,2026-06-03 09:50:12,21.6875,12.00,0.000,0.000,OFF,--,DONE,--
3136,2026-06-03 09:50:13,21.6875,12.00,0.000,0.000,OFF,--,DONE,--
3137,2026-06-03 09:50:14,21.6875,12.00,0.000,0.000,OFF,--,DONE,--
3138,2026-06-03 09:50:15,21.6875,12.00,0.000,0.000,OFF,--,DONE,--
3139,2026-06-03 09:50:16,21.6875,12.00,0.000,0.000,OFF,--,DONE,--
3140,2026-06-03 09:50:17,21.6875,12.00,0.000,0.000,OFF,--,DONE,--
3141,2026-06-03 09:50:18,21.6875,12.00,0.000,0.000,OFF,--,DONE,--
3142,2026-06-03 09:50:19,21.6875,12.00,0.000,0.000,OFF,--,DONE,--
3143,2026-06-03 09:50:20,21.7000,12.00,0.000,0.000,OFF,--,DONE,--
3144,2026-06-03 09:50:21,21.7000,12.00,0.000,0.000,OFF,--,DONE,--
3145,2026-06-03 09:50:22,21.7250,12.00,0.000,0.000,OFF,--,DONE,--
3146,2026-06-03 09:50:23,21.7250,12.00,0.000,0.000,OFF,--,DONE,--
3147,2026-06-03 09:50:24,21.7125,12.00,0.000,0.000,OFF,--,DONE,--
3148,2026-06-03 09:50:25,21.7375,12.00,0.000,0.000,OFF,--,DONE,--
3149,2026-06-03 09:50:26,21.7375,12.00,0.000,0.000,OFF,--,DONE,--
3150,2026-06-03 09:50:27,21.7500,12.00,0.000,0.000,OFF,--,DONE,--
3151,2026-06-03 09:50:28,21.7500,12.00,0.000,0.000,OFF,--,DONE,--
3152,2026-06-03 09:50:29,21.7500,12.00,0.000,0.000,OFF,--,DONE,--
3153,2026-06-03 09:50:30,21.7500,12.00,0.000,0.000,OFF,--,DONE,--
3154,2026-06-03 09:50:31,21.7500,12.00,0.000,0.000,OFF,--,DONE,--
3155,2026-06-03 09:50:32,21.7500,12.00,0.000,0.000,OFF,--,DONE,--
3156,2026-06-03 09:50:33,21.7500,12.00,0.000,0.000,OFF,--,DONE,--
3157,2026-06-03 09:50:34,21.7500,12.00,0.000,0.000,OFF,--,DONE,--
3158,2026-06-03 09:50:35,21.7500,12.00,0.000,0.000,OFF,--,DONE,--
3159,2026-06-03 09:50:36,21.7500,12.00,0.000,0.000,OFF,--,DONE,--
3160,2026-06-03 09:50:37,21.7500,12.00,0.000,0.000,OFF,--,DONE,--
3161,2026-06-03 09:50:38,21.7500,12.00,0.000,0.000,OFF,--,DONE,--
3162,2026-06-03 09:50:39,21.7500,12.00,0.000,0.000,OFF,--,DONE,--
3163,2026-06-03 09:50:40,21.7750,12.00,0.000,0.000,OFF,--,DONE,--
3164,2026-06-03 09:50:41,21.7750,12.00,0.000,0.000,OFF,--,DONE,--
3165,2026-06-03 09:50:42,21.7500,12.00,0.000,0.000,OFF,--,DONE,--
3166,2026-06-03 09:50:43,21.7500,12.00,0.000,0.000,OFF,--,DONE,--
3167,2026-06-03 09:50:44,21.7750,12.00,0.000,0.000,OFF,--,DONE,--
3168,2026-06-03 09:50:46,21.7750,12.00,0.000,0.000,OFF,--,DONE,--
3169,2026-06-03 09:50:47,21.7750,12.00,0.000,0.000,OFF,--,DONE,--
3170,2026-06-03 09:50:48,21.7750,12.00,0.000,0.000,OFF,--,DONE,--
3171,2026-06-03 09:50:49,21.7750,12.00,0.000,0.000,OFF,--,DONE,--
3172,2026-06-03 09:50:50,21.7750,12.00,0.000,0.000,OFF,--,DONE,--
3173,2026-06-03 09:50:51,21.7875,12.00,0.000,0.000,OFF,--,DONE,--
3174,2026-06-03 09:50:52,21.7875,12.00,0.000,0.000,OFF,--,DONE,--
3175,2026-06-03 09:50:53,21.7875,12.00,0.000,0.000,OFF,--,DONE,--
3176,2026-06-03 09:50:54,21.7875,12.00,0.000,0.000,OFF,--,DONE,--
3177,2026-06-03 09:50:55,21.7625,12.00,0.000,0.000,OFF,--,DONE,--
3178,2026-06-03 09:50:56,21.8125,12.00,0.000,0.000,OFF,--,DONE,--
3179,2026-06-03 09:50:57,21.8125,12.00,0.000,0.000,OFF,--,DONE,--
3180,2026-06-03 09:50:58,21.8125,12.00,0.000,0.000,OFF,--,DONE,--
3181,2026-06-03 09:50:59,21.8125,12.00,0.000,0.000,OFF,--,DONE,--
3182,2026-06-03 09:51:00,21.7875,12.00,0.000,0.000,OFF,--,DONE,--
3183,2026-06-03 09:51:01,21.7875,12.00,0.000,0.000,OFF,--,DONE,--
3184,2026-06-03 09:51:02,21.8000,12.00,0.000,0.000,OFF,--,DONE,--
3185,2026-06-03 09:51:03,21.8000,12.00,0.000,0.000,OFF,--,DONE,--
3186,2026-06-03 09:51:04,21.8000,12.00,0.000,0.000,OFF,--,DONE,--
3187,2026-06-03 09:51:05,21.8000,12.00,0.000,0.000,OFF,--,DONE,--
3188,2026-06-03 09:51:06,21.8125,12.00,0.000,0.000,OFF,--,DONE,--
3189,2026-06-03 09:51:07,21.8125,12.00,0.000,0.000,OFF,--,DONE,--
3190,2026-06-03 09:51:08,21.8125,12.00,0.000,0.000,OFF,--,DONE,--
3191,2026-06-03 09:51:09,21.8125,12.00,0.000,0.000,OFF,--,DONE,--
3192,2026-06-03 09:51:10,21.8125,12.00,0.000,0.000,OFF,--,DONE,--
3193,2026-06-03 09:51:11,21.7875,12.00,0.000,0.000,OFF,--,DONE,--
3194,2026-06-03 09:51:12,21.7875,12.00,0.000,0.000,OFF,--,DONE,--
3195,2026-06-03 09:51:13,21.8125,12.00,0.000,0.000,A,#1,APPROACH,2.160A/A
3196,2026-06-03 09:51:15,21.8125,12.00,0.000,0.000,A,#1,APPROACH,1.000A/A
3197,2026-06-03 09:51:17,21.8125,12.00,0.000,0.000,A,#1,APPROACH,0.953A/A
3198,2026-06-03 09:51:19,21.8125,12.00,0.000,0.000,A,#1,APPROACH,1.000A/A
3199,2026-06-03 09:51:21,21.8125,12.00,0.000,0.000,A,#1,APPROACH,1.117A/A
3200,2026-06-03 09:51:23,21.8125,10.60,1.117,0.000,A,#1,APPROACH,1.153A/A
3201,2026-06-03 09:51:25,21.8125,10.60,1.117,10.999,A,#1,APPROACH,1.400A/A
3202,2026-06-03 09:51:26,21.8000,10.60,1.117,10.999,A,#1,APPROACH,1.642A/A
3203,2026-06-03 09:51:28,21.7250,10.60,1.117,10.999,A,#1,APPROACH,1.890A/A
3204,2026-06-03 09:51:30,21.6750,12.00,1.117,10.999,A,#1,APPROACH,2.192A/A
3205,2026-06-03 09:51:31,21.6000,12.00,1.530,18.108,A,#1,APPROACH,2.328A/A
3206,2026-06-03 09:51:34,21.5000,12.00,1.530,18.108,A,#1,APPROACH,2.000A/A
3207,2026-06-03 09:51:35,21.4250,12.00,1.530,18.108,A,#1,APPROACH,1.500A/A
3208,2026-06-03 09:51:37,21.3000,11.94,1.530,18.108,A,#1,APPROACH,2.403A/A
3209,2026-06-03 09:51:39,21.1750,11.94,1.495,17.724,A,#1,APPROACH,2.667A/A
3210,2026-06-03 09:51:41,21.0750,11.94,1.495,17.724,A,#1,APPROACH,2.500A/A
3211,2026-06-03 09:51:43,20.9250,11.94,1.495,17.724,A,#1,APPROACH,1.500A/A
3212,2026-06-03 09:51:45,20.8250,12.00,1.495,17.724,A,#1,APPROACH,2.542A/A
3213,2026-06-03 09:51:47,20.6250,12.00,1.462,17.352,A,#1,APPROACH,2.395A/A
3214,2026-06-03 09:51:49,20.4875,12.00,1.462,17.352,A,#1,APPROACH,1.500A/A
3215,2026-06-03 09:51:51,20.3625,12.00,1.462,17.352,A,#1,APPROACH,2.500A/A
3216,2026-06-03 09:51:53,20.2000,12.00,1.462,17.352,A,#1,APPROACH,2.000A/A
3217,2026-06-03 09:51:54,20.0500,12.00,1.448,17.184,A,#1,APPROACH,1.500A/A
3218,2026-06-03 09:51:57,19.8875,12.00,1.448,17.184,A,#1,APPROACH,1.500A/A
3219,2026-06-03 09:51:58,19.7375,12.00,1.448,17.184,A,#1,APPROACH,2.000A/A
3220,2026-06-03 09:52:00,19.6000,12.00,1.448,17.184,A,#1,APPROACH,2.000A/A
3221,2026-06-03 09:52:02,19.4250,12.00,1.434,17.016,A,#1,APPROACH,2.402A/A
3222,2026-06-03 09:52:05,19.3000,12.00,1.434,17.016,A,#1,APPROACH,1.500A/A
3223,2026-06-03 09:52:06,19.1250,12.00,1.434,17.016,A,#1,APPROACH,2.365A/A
3224,2026-06-03 09:52:08,18.9500,12.00,1.434,17.016,A,#1,APPROACH,2.400A/A
3225,2026-06-03 09:52:10,18.8000,12.00,1.427,16.932,A,#1,APPROACH,1.000A/A
3226,2026-06-03 09:52:12,18.6750,12.00,1.427,16.932,A,#1,APPROACH,1.500A/A
3227,2026-06-03 09:52:14,18.5500,12.00,1.427,16.932,A,#1,APPROACH,2.413A/A
3228,2026-06-03 09:52:16,18.3875,12.00,1.427,16.932,A,#1,APPROACH,1.500A/A
3229,2026-06-03 09:52:18,18.2375,12.00,1.423,16.932,A,#1,HOLDING,2.382A/A
3230,2026-06-03 09:52:20,18.0875,12.00,1.423,16.932,OFF,#1,HOLDING,0.000A/OFF
3231,2026-06-03 09:52:21,17.9875,12.00,1.423,16.932,OFF,#1,HOLDING,0.000A/OFF
3232,2026-06-03 09:52:22,17.9875,12.00,1.423,16.932,OFF,#1,HOLDING,0.000A/OFF
3233,2026-06-03 09:52:23,17.8250,12.00,1.423,16.932,OFF,#1,HOLDING,0.000A/OFF
3234,2026-06-03 09:52:24,17.8250,12.00,0.000,16.932,OFF,#1,HOLDING,0.000A/OFF
3235,2026-06-03 09:52:25,17.6750,12.00,0.000,16.932,OFF,#1,HOLDING,0.000A/OFF
3236,2026-06-03 09:52:26,17.6750,12.00,0.000,0.000,OFF,#1,HOLDING,0.000A/OFF
3237,2026-06-03 09:52:27,17.5750,12.00,0.000,0.000,OFF,#1,HOLDING,0.000A/OFF
3238,2026-06-03 09:52:28,17.5750,12.00,0.000,0.000,OFF,#1,HOLDING,0.000A/OFF
3239,2026-06-03 09:52:29,17.4500,12.00,0.000,0.000,OFF,#1,HOLDING,0.000A/OFF
3240,2026-06-03 09:52:30,17.4500,12.00,0.000,0.000,OFF,#1,HOLDING,0.000A/OFF
3241,2026-06-03 09:52:31,17.4000,12.00,0.000,0.000,OFF,#1,HOLDING,0.000A/OFF
3242,2026-06-03 09:52:32,17.3250,12.00,0.000,0.000,A,#1,HOLDING,0.100A/A
3243,2026-06-03 09:52:34,17.3250,12.00,0.000,0.000,A,#1,HOLDING,0.101A/A
3244,2026-06-03 09:52:35,17.2750,12.00,0.000,0.000,A,#1,HOLDING,0.103A/A
3245,2026-06-03 09:52:37,17.2500,1.61,0.000,0.000,A,#1,HOLDING,0.112A/A
3246,2026-06-03 09:52:39,17.2625,1.61,0.112,0.187,A,#1,HOLDING,0.111A/A
3247,2026-06-03 09:52:41,17.2625,1.61,0.112,0.187,A,#1,HOLDING,0.115A/A
3248,2026-06-03 09:52:43,17.2625,1.61,0.112,0.187,A,#1,HOLDING,0.116A/A
3249,2026-06-03 09:52:45,17.3125,1.57,0.112,0.187,A,#1,HOLDING,0.120A/A
3250,2026-06-03 09:52:46,17.3125,1.57,0.120,0.196,A,#1,HOLDING,0.120A/A
3251,2026-06-03 09:52:49,17.3125,1.57,0.120,0.196,A,#1,HOLDING,0.121A/A
3252,2026-06-03 09:52:50,17.3750,1.57,0.120,0.196,A,#1,HOLDING,0.125A/A
3253,2026-06-03 09:52:52,17.4000,1.57,0.120,0.196,A,#1,HOLDING,0.131A/A
3254,2026-06-03 09:52:54,17.4375,1.57,0.131,0.216,A,#1,HOLDING,0.140A/A
3255,2026-06-03 09:52:57,17.4875,1.57,0.131,0.216,A,#1,HOLDING,0.146A/A
3256,2026-06-03 09:52:58,17.5125,1.57,0.131,0.216,A,#1,HOLDING,0.153A/A
3257,2026-06-03 09:53:00,17.5875,1.75,0.131,0.216,A,#1,HOLDING,0.167A/A
3258,2026-06-03 09:53:02,17.6250,1.75,0.167,0.318,A,#1,HOLDING,0.179A/A
3259,2026-06-03 09:53:04,17.6750,1.75,0.167,0.318,A,#1,HOLDING,0.198A/A
3260,2026-06-03 09:53:06,17.7500,1.75,0.167,0.318,A,#1,HOLDING,0.213A/A
3261,2026-06-03 09:53:08,17.8000,2.24,0.167,0.318,A,#1,HOLDING,0.233A/A
3262,2026-06-03 09:53:09,17.8250,2.24,0.233,0.577,A,#1,HOLDING,0.251A/A
3263,2026-06-03 09:53:12,17.9000,2.24,0.233,0.577,A,#1,HOLDING,0.277A/A
3264,2026-06-03 09:53:13,17.9375,2.24,0.233,0.577,A,#1,HOLDING,0.297A/A
3265,2026-06-03 09:53:15,17.9875,2.92,0.233,0.577,A,#1,HOLDING,0.325A/A
3266,2026-06-03 09:53:17,18.0375,2.92,0.325,1.062,A,#1,HOLDING,0.352A/A
3267,2026-06-03 09:53:20,18.0875,2.92,0.325,1.062,A,#2,APPROACH,0.389A/A
3268,2026-06-03 09:53:21,18.1250,2.92,0.325,1.062,OFF,#2,APPROACH,0.000A/OFF
3269,2026-06-03 09:53:22,18.1750,2.92,0.325,1.062,OFF,#2,APPROACH,0.000A/OFF
3270,2026-06-03 09:53:23,18.1750,2.92,0.325,1.062,OFF,#2,APPROACH,0.000A/OFF
3271,2026-06-03 09:53:24,18.2250,12.00,0.000,1.062,B,#2,APPROACH,0.102A/B
3272,2026-06-03 09:53:26,18.2750,12.00,0.000,0.065,B,#2,APPROACH,0.159A/B
3273,2026-06-03 09:53:28,18.3125,12.00,0.000,0.065,B,#2,APPROACH,0.197A/B
3274,2026-06-03 09:53:30,18.3125,12.00,0.000,0.065,B,#2,APPROACH,0.250A/B
3275,2026-06-03 09:53:32,18.3625,1.84,0.000,0.065,B,#2,APPROACH,0.297A/B
3276,2026-06-03 09:53:33,18.4125,1.84,0.271,0.686,B,#2,APPROACH,0.341A/B
3277,2026-06-03 09:53:36,18.5375,1.84,0.271,0.686,B,#2,APPROACH,0.381A/B
3278,2026-06-03 09:53:37,18.5375,1.84,0.271,0.686,B,#2,APPROACH,0.423A/B
3279,2026-06-03 09:53:39,18.6125,3.35,0.271,0.686,B,#2,APPROACH,0.458A/B
3280,2026-06-03 09:53:41,18.7250,3.35,0.458,1.712,B,#2,HOLDING,0.438A/B
3281,2026-06-03 09:53:43,18.8875,3.35,0.458,1.712,OFF,#2,HOLDING,0.000A/OFF
3282,2026-06-03 09:53:44,18.8875,3.35,0.458,1.712,OFF,#2,HOLDING,0.000A/OFF
3283,2026-06-03 09:53:45,18.9625,3.35,0.458,1.712,OFF,#2,HOLDING,0.000A/OFF
3284,2026-06-03 09:53:46,18.9625,3.35,0.458,1.712,OFF,#2,HOLDING,0.000A/OFF
3285,2026-06-03 09:53:47,19.0750,12.00,0.000,1.712,OFF,#2,HOLDING,0.000A/OFF
3286,2026-06-03 09:53:48,19.0750,12.00,0.000,1.712,OFF,#2,HOLDING,0.000A/OFF
3287,2026-06-03 09:53:49,19.1750,12.00,0.000,0.000,OFF,#2,HOLDING,0.000A/OFF
3288,2026-06-03 09:53:51,19.1750,12.00,0.000,0.000,B,#2,HOLDING,0.115A/B
3289,2026-06-03 09:53:52,19.2875,12.00,0.000,0.000,B,#2,HOLDING,0.115A/B
3290,2026-06-03 09:53:54,19.3625,0.96,0.000,0.000,B,#2,HOLDING,0.135A/B
3291,2026-06-03 09:53:55,19.4750,0.96,0.135,0.156,B,#2,HOLDING,0.133A/B
3292,2026-06-03 09:53:58,19.5750,0.96,0.135,0.156,B,#2,HOLDING,0.144A/B
3293,2026-06-03 09:53:59,19.6375,0.96,0.135,0.156,B,#2,HOLDING,0.147A/B
3294,2026-06-03 09:54:01,19.7375,1.25,0.135,0.156,B,#2,HOLDING,0.147A/B
3295,2026-06-03 09:54:03,19.8125,1.25,0.147,0.188,B,#2,HOLDING,0.143A/B
3296,2026-06-03 09:54:06,19.8875,1.25,0.147,0.188,B,#2,HOLDING,0.135A/B
3297,2026-06-03 09:54:07,19.9500,1.25,0.147,0.188,B,#2,HOLDING,0.129A/B
3298,2026-06-03 09:54:09,20.0500,1.12,0.147,0.188,B,#2,HOLDING,0.114A/B
3299,2026-06-03 09:54:11,20.1000,1.12,0.114,0.116,B,#2,HOLDING,0.100A/B
3300,2026-06-03 09:54:13,20.2000,1.12,0.114,0.116,OFF,#2,HOLDING,0.000A/OFF
3301,2026-06-03 09:54:14,20.2000,1.12,0.114,0.116,OFF,#2,HOLDING,0.000A/OFF
3302,2026-06-03 09:54:15,20.2625,1.12,0.114,0.116,OFF,#2,HOLDING,0.000A/OFF
3303,2026-06-03 09:54:16,20.3375,1.12,0.114,0.116,OFF,#2,HOLDING,0.000A/OFF
3304,2026-06-03 09:54:17,20.3375,12.00,0.000,0.116,OFF,#2,HOLDING,0.000A/OFF
3305,2026-06-03 09:54:18,20.3875,12.00,0.000,0.116,OFF,#2,HOLDING,0.000A/OFF
3306,2026-06-03 09:54:19,20.3875,12.00,0.000,0.000,OFF,#2,HOLDING,0.000A/OFF
3307,2026-06-03 09:54:20,20.4875,12.00,0.000,0.000,OFF,#2,HOLDING,0.000A/OFF
3308,2026-06-03 09:54:21,20.4875,12.00,0.000,0.000,OFF,#2,HOLDING,0.000A/OFF
3309,2026-06-03 09:54:22,20.5375,12.00,0.000,0.000,OFF,#2,HOLDING,0.000A/OFF
3310,2026-06-03 09:54:23,20.5375,12.00,0.000,0.000,OFF,#2,HOLDING,0.000A/OFF
3311,2026-06-03 09:54:24,20.6125,12.00,0.000,0.000,OFF,#2,HOLDING,0.000A/OFF
3312,2026-06-03 09:54:25,20.6125,12.00,0.000,0.000,OFF,#2,HOLDING,0.000A/OFF
3313,2026-06-03 09:54:26,20.6625,12.00,0.000,0.000,A,#2,HOLDING,0.124A/A
3314,2026-06-03 09:54:28,20.7125,12.00,0.000,0.000,A,#2,HOLDING,0.198A/A
3315,2026-06-03 09:54:30,20.7500,1.64,0.000,0.000,A,#2,HOLDING,0.244A/A
3316,2026-06-03 09:54:32,20.8000,1.64,0.244,0.527,A,#2,HOLDING,0.283A/A
3317,2026-06-03 09:54:34,20.8500,1.64,0.244,0.527,A,#2,HOLDING,0.338A/A
3318,2026-06-03 09:54:36,20.8750,1.64,0.244,0.527,A,#2,HOLDING,0.377A/A
3319,2026-06-03 09:54:37,20.8875,3.23,0.244,0.527,A,#2,HOLDING,0.417A/A
3320,2026-06-03 09:54:39,20.9375,3.23,0.417,1.542,A,#2,HOLDING,0.466A/A
3321,2026-06-03 09:54:42,20.9375,3.23,0.417,1.542,A,#2,HOLDING,0.521A/A
3322,2026-06-03 09:54:43,20.9875,3.23,0.417,1.542,A,#2,HOLDING,0.569A/A
3323,2026-06-03 09:54:45,21.0000,4.92,0.417,1.542,A,#2,HOLDING,0.615A/A
3324,2026-06-03 09:54:47,21.0000,4.92,0.600,3.339,A,#2,HOLDING,0.663A/A
3325,2026-06-03 09:54:49,21.0000,4.92,0.600,3.339,A,#2,HOLDING,0.720A/A
3326,2026-06-03 09:54:51,20.9500,4.92,0.600,3.339,A,#2,HOLDING,0.750A/A
3327,2026-06-03 09:54:53,20.9375,6.49,0.600,3.339,A,#2,HOLDING,0.795A/A
3328,2026-06-03 09:54:55,20.9125,6.49,0.773,5.565,A,#2,HOLDING,0.836A/A
3329,2026-06-03 09:54:57,20.8750,6.49,0.773,5.565,A,#2,HOLDING,0.893A/A
3330,2026-06-03 09:54:59,20.8500,6.49,0.773,5.565,A,#2,HOLDING,0.926A/A
3331,2026-06-03 09:55:01,20.8000,7.89,0.773,5.565,A,#2,HOLDING,0.963A/A
3332,2026-06-03 09:55:02,20.7000,7.89,0.952,7.983,A,#2,HOLDING,0.988A/A
3333,2026-06-03 09:55:05,20.6750,7.89,0.952,7.983,A,#2,HOLDING,0.985A/A
3334,2026-06-03 09:55:06,20.6000,7.89,0.952,7.983,A,#2,HOLDING,1.011A/A
3335,2026-06-03 09:55:08,20.5500,8.58,0.952,7.983,A,#2,HOLDING,1.000A/A
3336,2026-06-03 09:55:10,20.4250,8.58,1.000,8.730,A,#2,HOLDING,1.000A/A
3337,2026-06-03 09:55:13,20.3625,8.58,1.000,8.730,A,#2,HOLDING,1.000A/A
3338,2026-06-03 09:55:14,20.2625,8.58,1.000,8.730,A,#2,HOLDING,1.035A/A
3339,2026-06-03 09:55:16,20.1750,8.83,1.000,8.730,A,#3,APPROACH,1.000A/A
3340,2026-06-03 09:55:18,20.0750,8.83,1.013,8.730,OFF,#3,HOLDING,0.000A/OFF
3341,2026-06-03 09:55:19,20.0750,8.83,1.013,8.730,OFF,#3,HOLDING,0.000A/OFF
3342,2026-06-03 09:55:20,19.9625,8.83,1.013,0.000,OFF,#3,HOLDING,0.000A/OFF
3343,2026-06-03 09:55:21,19.9625,8.83,1.013,0.000,OFF,#3,HOLDING,0.000A/OFF
3344,2026-06-03 09:55:22,19.8875,8.83,1.013,0.000,OFF,#3,HOLDING,0.000A/OFF
3345,2026-06-03 09:55:23,19.8875,8.83,1.013,0.000,OFF,#3,HOLDING,0.000A/OFF
3346,2026-06-03 09:55:24,19.8000,12.00,1.013,0.000,B,#3,HOLDING,0.184A/B
3347,2026-06-03 09:55:26,19.7250,12.00,0.493,0.196,B,#3,HOLDING,0.222A/B
3348,2026-06-03 09:55:28,19.6500,12.00,0.493,0.196,B,#3,HOLDING,0.286A/B
3349,2026-06-03 09:55:30,19.6250,12.00,0.493,0.196,B,#3,HOLDING,0.313A/B
3350,2026-06-03 09:55:32,19.5625,2.19,0.493,0.196,B,#3,HOLDING,0.361A/B
3351,2026-06-03 09:55:33,19.5625,2.19,0.361,0.971,B,#3,HOLDING,0.401A/B
3352,2026-06-03 09:55:36,19.5625,2.19,0.361,0.971,B,#3,HOLDING,0.456A/B
3353,2026-06-03 09:55:37,19.5625,2.19,0.361,0.971,B,#3,HOLDING,0.490A/B
3354,2026-06-03 09:55:39,19.5625,3.73,0.361,0.971,B,#3,HOLDING,0.537A/B
3355,2026-06-03 09:55:41,19.6125,3.73,0.537,2.314,B,#3,HOLDING,0.573A/B
3356,2026-06-03 09:55:44,19.6500,3.73,0.537,2.314,B,#3,HOLDING,0.624A/B
3357,2026-06-03 09:55:45,19.6750,3.73,0.537,2.314,B,#3,HOLDING,0.656A/B
3358,2026-06-03 09:55:47,19.7250,5.31,0.537,2.314,B,#3,HOLDING,0.693A/B
3359,2026-06-03 09:55:49,19.8000,5.31,0.680,3.970,B,#3,HOLDING,0.723A/B
3360,2026-06-03 09:55:51,19.8875,5.31,0.680,3.970,B,#3,HOLDING,0.713A/B
3361,2026-06-03 09:55:53,19.9875,5.31,0.680,3.970,B,#3,HOLDING,0.733A/B
3362,2026-06-03 09:55:55,20.0375,6.11,0.680,3.970,B,#3,HOLDING,0.764A/B
3363,2026-06-03 09:55:57,20.1375,6.11,0.753,4.927,B,#3,HOLDING,0.787A/B
3364,2026-06-03 09:55:59,20.2375,6.11,0.753,4.927,B,#3,HOLDING,0.816A/B
3365,2026-06-03 09:56:01,20.3625,6.11,0.753,4.927,B,#3,HOLDING,0.820A/B
3366,2026-06-03 09:56:02,20.4875,6.94,0.753,4.927,B,#3,HOLDING,0.830A/B
3367,2026-06-03 09:56:04,20.6125,6.94,0.830,5.893,B,#3,HOLDING,0.832A/B
3368,2026-06-03 09:56:07,20.7375,6.94,0.830,5.893,B,#3,HOLDING,0.840A/B
3369,2026-06-03 09:56:08,20.8875,6.94,0.830,5.893,B,#3,HOLDING,0.832A/B
3370,2026-06-03 09:56:10,21.0375,7.11,0.830,5.893,B,#3,HOLDING,0.820A/B
3371,2026-06-03 09:56:12,21.1625,7.11,0.820,5.912,B,#3,HOLDING,0.804A/B
3372,2026-06-03 09:56:14,21.3000,7.11,0.820,5.912,B,#3,HOLDING,0.785A/B
3373,2026-06-03 09:56:16,21.4750,7.11,0.820,5.912,B,#3,HOLDING,0.757A/B
3374,2026-06-03 09:56:18,21.6375,6.69,0.820,5.912,B,#3,HOLDING,0.722A/B
3375,2026-06-03 09:56:20,21.7875,6.69,0.722,4.743,B,#3,HOLDING,0.678A/B
3376,2026-06-03 09:56:22,21.9500,6.69,0.722,4.743,B,#3,HOLDING,0.575A/B
3377,2026-06-03 09:56:24,22.1000,6.69,0.722,4.743,B,#3,HOLDING,0.526A/B
3378,2026-06-03 09:56:25,22.2875,5.04,0.722,4.743,B,#3,HOLDING,0.456A/B
3379,2026-06-03 09:56:27,22.4125,5.04,0.456,2.106,B,#3,HOLDING,0.391A/B
3380,2026-06-03 09:56:30,22.5500,5.04,0.456,2.106,B,#3,HOLDING,0.307A/B
3381,2026-06-03 09:56:31,22.7250,5.04,0.456,2.106,B,#3,HOLDING,0.234A/B
3382,2026-06-03 09:56:33,22.8875,2.78,0.456,2.106,B,#3,HOLDING,0.144A/B
3383,2026-06-03 09:56:35,23.0375,2.78,0.179,2.106,OFF,#3,HOLDING,0.000A/OFF
3384,2026-06-03 09:56:36,23.0375,2.78,0.179,0.285,OFF,#3,HOLDING,0.000A/OFF
3385,2026-06-03 09:56:37,23.1375,2.78,0.179,0.285,OFF,#3,HOLDING,0.000A/OFF
3386,2026-06-03 09:56:38,23.1375,2.78,0.179,0.285,OFF,#3,HOLDING,0.000A/OFF
3387,2026-06-03 09:56:39,23.2625,2.78,0.179,0.285,A,#3,HOLDING,0.143A/A
3388,2026-06-03 09:56:41,23.3875,12.00,0.000,0.285,A,#3,HOLDING,0.247A/A
3389,2026-06-03 09:56:43,23.5125,12.00,0.000,0.427,A,#3,HOLDING,0.368A/A
3390,2026-06-03 09:56:45,23.6000,12.00,0.000,0.427,A,#3,HOLDING,0.450A/A
3391,2026-06-03 09:56:46,23.6000,12.00,0.000,0.427,A,#3,HOLDING,0.527A/A
3392,2026-06-03 09:56:48,23.6750,4.15,0.000,0.427,A,#3,HOLDING,0.631A/A
3393,2026-06-03 09:56:50,23.7625,4.15,0.631,3.300,A,#3,HOLDING,0.746A/A
3394,2026-06-03 09:56:52,23.8750,4.15,0.631,3.300,A,#3,HOLDING,0.887A/A
3395,2026-06-03 09:56:54,23.8750,4.15,0.631,3.300,A,#3,HOLDING,0.985A/A
3396,2026-06-03 09:56:56,23.9000,7.86,0.631,3.300,A,#3,HOLDING,1.097A/A
3397,2026-06-03 09:56:58,23.9125,7.86,1.097,9.675,A,#3,HOLDING,1.210A/A
3398,2026-06-03 09:57:00,23.8750,7.86,1.097,9.675,A,#3,HOLDING,1.000A/A
3399,2026-06-03 09:57:02,23.8750,7.86,1.097,9.675,A,#3,HOLDING,1.352A/A
3400,2026-06-03 09:57:03,23.8750,10.61,1.097,9.675,A,#3,HOLDING,1.466A/A
3401,2026-06-03 09:57:05,23.8125,10.61,1.466,16.946,A,#3,HOLDING,1.574A/A
3402,2026-06-03 09:57:08,23.6750,10.61,1.466,16.946,A,#3,HOLDING,1.687A/A
3403,2026-06-03 09:57:09,23.6750,10.61,1.466,16.946,A,#3,HOLDING,1.500A/A
3404,2026-06-03 09:57:11,23.5750,11.82,1.466,16.946,A,#3,HOLDING,1.769A/A
3405,2026-06-03 09:57:13,23.4875,11.82,1.496,17.796,A,#3,HOLDING,1.866A/A
3406,2026-06-03 09:57:15,23.2375,11.82,1.496,17.796,A,#3,HOLDING,1.949A/A
3407,2026-06-03 09:57:17,23.2375,11.82,1.496,17.796,A,#3,HOLDING,2.000A/A
3408,2026-06-03 09:57:19,23.1125,12.00,1.496,17.796,A,#3,HOLDING,1.500A/A
3409,2026-06-03 09:57:21,22.9500,12.00,1.468,17.436,A,#3,HOLDING,2.023A/A
3410,2026-06-03 09:57:23,22.7500,12.00,1.468,17.436,A,#3,HOLDING,1.000A/A
3411,2026-06-03 09:57:25,22.6375,12.00,1.468,17.436,A,#3,HOLDING,1.000A/A
3412,2026-06-03 09:57:26,22.4375,8.87,1.468,17.436,A,#3,HOLDING,1.000A/A
3413,2026-06-03 09:57:28,22.2750,8.87,1.000,9.020,A,#3,HOLDING,1.500A/A
3414,2026-06-03 09:57:31,22.1000,8.87,1.000,9.020,A,#3,HOLDING,1.500A/A
3415,2026-06-03 09:57:32,21.9500,8.87,1.000,9.020,A,#3,HOLDING,2.000A/A
3416,2026-06-03 09:57:34,21.7500,12.00,1.000,9.020,A,#3,HOLDING,1.500A/A
3417,2026-06-03 09:57:36,21.5875,12.00,1.442,17.136,A,#3,HOLDING,1.986A/A
3418,2026-06-03 09:57:38,21.4375,12.00,1.442,17.136,A,#3,HOLDING,1.000A/A
3419,2026-06-03 09:57:40,21.2625,12.00,1.442,17.136,A,#3,HOLDING,2.023A/A
3420,2026-06-03 09:57:42,21.0875,12.00,1.442,17.136,A,#3,HOLDING,2.000A/A
3421,2026-06-03 09:57:44,20.9250,12.00,1.426,16.968,A,#3,HOLDING,2.029A/A
3422,2026-06-03 09:57:46,20.7500,12.00,1.426,16.968,A,#3,HOLDING,2.000A/A
3423,2026-06-03 09:57:48,20.5750,12.00,1.426,16.968,A,#3,HOLDING,1.500A/A
3424,2026-06-03 09:57:50,20.4250,12.00,1.426,16.968,A,#3,HOLDING,2.000A/A
3425,2026-06-03 09:57:51,20.2625,12.00,1.416,16.848,A,#3,HOLDING,1.000A/A
3426,2026-06-03 09:57:54,20.1125,12.00,1.416,16.848,A,#4,APPROACH,2.000A/A
3427,2026-06-03 09:57:55,19.9500,12.00,1.416,16.848,B,#4,APPROACH,0.258A/B
3428,2026-06-03 09:57:57,19.7500,12.00,1.416,16.848,B,#4,APPROACH,0.313A/B
3429,2026-06-03 09:57:59,19.5875,9.73,1.416,16.848,B,#4,APPROACH,0.391A/B
3430,2026-06-03 09:58:01,19.4375,9.73,1.088,1.020,B,#4,APPROACH,0.497A/B
3431,2026-06-03 09:58:04,19.2375,9.73,1.088,1.020,B,#4,APPROACH,0.639A/B
3432,2026-06-03 09:58:05,19.2375,9.73,1.088,1.020,B,#4,APPROACH,0.733A/B
3433,2026-06-03 09:58:07,19.1875,5.49,1.088,1.020,B,#4,APPROACH,0.868A/B
3434,2026-06-03 09:58:09,19.1875,5.49,0.798,5.859,B,#4,APPROACH,1.008A/B
3435,2026-06-03 09:58:11,19.2375,5.49,0.798,5.859,B,#4,APPROACH,1.213A/B
3436,2026-06-03 09:58:13,19.2375,5.49,0.798,5.859,B,#4,APPROACH,1.362A/B
3437,2026-06-03 09:58:15,19.2875,10.24,0.798,5.859,B,#4,APPROACH,1.500A/B
3438,2026-06-03 09:58:17,19.3625,10.24,1.428,17.040,B,#4,APPROACH,1.540A/B
3439,2026-06-03 09:58:19,19.5750,10.24,1.428,17.040,B,#4,APPROACH,1.773A/B
3440,2026-06-03 09:58:21,19.5750,10.24,1.428,17.040,B,#4,APPROACH,1.942A/B
3441,2026-06-03 09:58:22,19.6875,12.00,1.428,17.040,B,#4,APPROACH,1.000A/B
3442,2026-06-03 09:58:24,19.8875,12.00,1.280,8.330,B,#4,APPROACH,2.114A/B
3443,2026-06-03 09:58:27,20.2500,12.00,1.280,8.330,B,#4,APPROACH,2.302A/B
3444,2026-06-03 09:58:28,20.2500,12.00,1.280,8.330,B,#4,APPROACH,1.500A/B
3445,2026-06-03 09:58:30,20.4625,11.84,1.280,8.330,B,#4,APPROACH,2.000A/B
3446,2026-06-03 09:58:32,20.6625,11.84,1.500,17.844,B,#4,APPROACH,2.434A/B
3447,2026-06-03 09:58:34,21.1250,11.84,1.500,17.844,B,#4,APPROACH,2.500A/B
3448,2026-06-03 09:58:36,21.1250,11.84,1.500,17.844,B,#4,APPROACH,2.500A/B
3449,2026-06-03 09:58:38,21.3750,12.00,1.500,17.844,B,#4,APPROACH,1.500A/B
3450,2026-06-03 09:58:40,21.6500,12.00,1.459,17.280,B,#4,APPROACH,2.500A/B
3451,2026-06-03 09:58:42,22.1750,12.00,1.459,17.280,B,#4,APPROACH,2.000A/B
3452,2026-06-03 09:58:44,22.1750,12.00,1.459,17.280,B,#4,APPROACH,2.000A/B
3453,2026-06-03 09:58:45,22.4375,12.00,1.459,17.280,B,#4,APPROACH,2.461A/B
3454,2026-06-03 09:58:47,22.7375,12.00,1.423,16.896,B,#4,APPROACH,2.500A/B
3455,2026-06-03 09:58:50,23.3000,12.00,1.423,16.896,B,#4,APPROACH,2.000A/B
3456,2026-06-03 09:58:51,23.3000,12.00,1.423,16.896,B,#4,APPROACH,2.492A/B
3457,2026-06-03 09:58:53,23.6000,12.00,1.423,16.896,B,#4,APPROACH,2.524A/B
3458,2026-06-03 09:58:55,23.9000,12.00,1.395,16.536,B,#4,HOLDING,1.500A/B
3459,2026-06-03 09:58:57,24.5125,12.00,1.395,16.536,OFF,#4,HOLDING,0.000A/OFF
3460,2026-06-03 09:58:58,24.5125,12.00,1.395,16.536,OFF,#4,HOLDING,0.000A/OFF
3461,2026-06-03 09:58:59,24.7875,12.00,1.395,16.536,OFF,#4,HOLDING,0.000A/OFF
3462,2026-06-03 09:59:00,24.7875,12.00,1.395,16.536,OFF,#4,HOLDING,0.000A/OFF
3463,2026-06-03 09:59:01,25.0875,12.00,0.000,16.536,OFF,#4,HOLDING,0.000A/OFF
3464,2026-06-03 09:59:02,25.0875,12.00,0.000,16.536,OFF,#4,HOLDING,0.000A/OFF
3465,2026-06-03 09:59:03,25.4000,12.00,0.000,0.000,A,#4,HOLDING,0.110A/A
3466,2026-06-03 09:59:05,25.7000,12.00,0.000,0.000,A,#4,HOLDING,0.122A/A
3467,2026-06-03 09:59:07,25.7000,12.00,0.000,0.000,A,#4,HOLDING,0.150A/A
3468,2026-06-03 09:59:08,25.9625,0.29,0.000,0.000,A,#4,HOLDING,0.220A/A
3469,2026-06-03 09:59:10,26.1875,0.29,0.183,0.224,A,#4,HOLDING,0.270A/A
3470,2026-06-03 09:59:12,26.4250,0.29,0.183,0.224,A,#4,HOLDING,0.380A/A
3471,2026-06-03 09:59:14,26.6250,0.29,0.183,0.224,A,#4,HOLDING,0.442A/A
3472,2026-06-03 09:59:16,26.8000,3.03,0.183,0.224,A,#4,HOLDING,0.521A/A
3473,2026-06-03 09:59:18,26.9500,3.03,0.480,2.016,A,#4,HOLDING,0.605A/A
3474,2026-06-03 09:59:20,27.0500,3.03,0.480,2.016,A,#4,HOLDING,0.702A/A
3475,2026-06-03 09:59:22,27.1750,3.03,0.480,2.016,A,#4,HOLDING,0.781A/A
3476,2026-06-03 09:59:24,27.2875,5.98,0.480,2.016,A,#4,HOLDING,0.875A/A
3477,2026-06-03 09:59:25,27.3625,5.98,0.826,6.046,A,#4,HOLDING,0.973A/A
3478,2026-06-03 09:59:28,27.4125,5.98,0.826,6.046,A,#4,HOLDING,1.088A/A
3479,2026-06-03 09:59:29,27.4375,5.98,0.826,6.046,A,#4,HOLDING,1.166A/A
3480,2026-06-03 09:59:31,27.4375,9.06,0.826,6.046,A,#4,HOLDING,1.255A/A
3481,2026-06-03 09:59:33,27.4375,9.06,1.207,12.462,A,#4,HOLDING,1.349A/A
3482,2026-06-03 09:59:35,27.3750,9.06,1.207,12.462,A,#4,HOLDING,1.460A/A
3483,2026-06-03 09:59:37,27.3250,9.06,1.207,12.462,A,#4,HOLDING,1.000A/A
3484,2026-06-03 09:59:39,27.2750,8.26,1.207,12.462,A,#4,HOLDING,1.523A/A
3485,2026-06-03 09:59:41,27.2000,8.26,1.258,18.144,A,#4,HOLDING,1.605A/A
3486,2026-06-03 09:59:43,27.0875,8.26,1.258,18.144,A,#4,HOLDING,1.500A/A
3487,2026-06-03 09:59:45,26.9875,8.26,1.258,18.144,A,#4,HOLDING,1.695A/A
3488,2026-06-03 09:59:47,26.8625,12.00,1.258,18.144,A,#4,HOLDING,1.500A/A
3489,2026-06-03 09:59:48,26.7375,12.00,1.498,17.784,A,#4,HOLDING,1.750A/A
3490,2026-06-03 09:59:51,26.5750,12.00,1.498,17.784,A,#4,HOLDING,1.825A/A
3491,2026-06-03 09:59:52,26.3750,12.00,1.498,17.784,A,#4,HOLDING,1.000A/A
3492,2026-06-03 09:59:54,26.2125,8.71,1.498,17.784,A,#4,HOLDING,1.500A/A
3493,2026-06-03 09:59:56,26.0125,8.71,1.292,17.460,A,#4,HOLDING,1.500A/A
3494,2026-06-03 09:59:59,25.8250,8.71,1.292,17.460,A,#4,HOLDING,1.828A/A
3495,2026-06-03 10:00:00,25.6250,8.71,1.292,17.460,A,#4,HOLDING,1.797A/A
3496,2026-06-03 10:00:02,25.4500,12.00,1.292,17.460,A,#4,HOLDING,1.824A/A
3497,2026-06-03 10:00:04,25.2250,12.00,1.449,17.220,A,#4,HOLDING,1.000A/A
3498,2026-06-03 10:00:06,25.0125,12.00,1.449,17.220,A,#4,HOLDING,1.500A/A
3499,2026-06-03 10:00:08,24.8125,12.00,1.449,17.220,A,#4,HOLDING,1.835A/A
3500,2026-06-03 10:00:10,24.6375,12.00,1.449,17.220,A,#4,HOLDING,1.833A/A
3501,2026-06-03 10:00:11,24.4375,12.00,1.435,17.076,A,#4,HOLDING,1.815A/A
3502,2026-06-03 10:00:14,24.2250,12.00,1.435,17.076,A,#4,HOLDING,1.793A/A
3503,2026-06-03 10:00:15,24.0250,12.00,1.435,17.076,A,#4,HOLDING,1.500A/A
3504,2026-06-03 10:00:17,23.8125,12.00,1.435,17.076,A,#4,HOLDING,1.759A/A
3505,2026-06-03 10:00:19,23.5625,12.00,1.424,16.920,A,#4,HOLDING,1.643A/A
3506,2026-06-03 10:00:21,23.3750,12.00,1.424,16.920,A,#4,HOLDING,1.000A/A
3507,2026-06-03 10:00:23,23.1750,12.00,1.424,16.920,A,#4,HOLDING,1.559A/A
3508,2026-06-03 10:00:25,22.9500,12.00,1.424,16.920,A,#4,HOLDING,1.481A/A
3509,2026-06-03 10:00:27,22.7500,12.00,1.414,16.836,A,#4,HOLDING,1.389A/A
3510,2026-06-03 10:00:29,22.5750,12.00,1.414,16.836,A,#4,HOLDING,1.283A/A
3511,2026-06-03 10:00:31,22.3750,12.00,1.414,16.836,A,#4,HOLDING,1.192A/A
3512,2026-06-03 10:00:33,22.1625,10.37,1.414,16.836,A,#4,HOLDING,1.085A/A
3513,2026-06-03 10:00:34,21.9625,10.37,1.085,10.708,A,#4,HOLDING,0.962A/A
3514,2026-06-03 10:00:37,21.7625,10.37,1.085,10.708,A,#4,HOLDING,0.864A/A
3515,2026-06-03 10:00:38,21.5875,10.37,1.085,10.708,A,#4,HOLDING,0.751A/A
3516,2026-06-03 10:00:40,21.3875,7.37,1.085,10.708,A,#4,HOLDING,0.611A/A
3517,2026-06-03 10:00:42,21.2125,7.37,0.680,3.885,A,#4,HOLDING,0.467A/A
3518,2026-06-03 10:00:44,21.0750,7.37,0.680,3.885,A,#4,HOLDING,0.283A/A
3519,2026-06-03 10:00:46,20.9000,7.37,0.680,3.885,A,#4,HOLDING,0.148A/A
3520,2026-06-03 10:00:48,20.7625,7.37,0.680,3.885,OFF,#4,HOLDING,0.000A/OFF
3521,2026-06-03 10:00:49,20.5875,2.43,0.680,3.885,OFF,#4,HOLDING,0.000A/OFF
3522,2026-06-03 10:00:50,20.5875,2.43,0.148,1.164,B,#4,HOLDING,0.177A/B
3523,2026-06-03 10:00:52,20.4875,2.43,0.148,1.164,B,#4,HOLDING,0.344A/B
3524,2026-06-03 10:00:53,20.3437,2.43,0.148,1.164,B,#4,HOLDING,0.489A/B
3525,2026-06-03 10:00:55,20.2750,3.27,0.148,1.164,B,#4,HOLDING,0.663A/B
3526,2026-06-03 10:00:57,20.1750,3.27,0.587,3.261,B,#4,HOLDING,0.839A/B
3527,2026-06-03 10:00:59,20.1250,3.27,0.587,3.261,B,#4,HOLDING,1.000A/B
3528,2026-06-03 10:01:01,20.0750,3.27,0.587,3.261,B,#4,HOLDING,1.061A/B
3529,2026-06-03 10:01:03,20.0625,7.99,0.587,3.261,B,#4,HOLDING,1.232A/B
3530,2026-06-03 10:01:05,20.0625,7.99,1.186,11.679,B,#4,HOLDING,1.406A/B
3531,2026-06-03 10:01:07,20.1000,7.99,1.186,11.679,B,#4,HOLDING,1.000A/B
3532,2026-06-03 10:01:09,20.1500,7.99,1.186,11.679,B,#4,HOLDING,1.619A/B
3533,2026-06-03 10:01:11,20.2000,12.00,1.186,11.679,B,#4,HOLDING,1.000A/B
3534,2026-06-03 10:01:12,20.3000,12.00,1.070,8.180,B,#4,HOLDING,1.778A/B
3535,2026-06-03 10:01:15,20.4250,12.00,1.070,8.180,B,#4,HOLDING,1.978A/B
3536,2026-06-03 10:01:16,20.5750,12.00,1.070,8.180,B,#4,HOLDING,2.100A/B
3537,2026-06-03 10:01:18,20.7000,12.00,1.070,8.180,B,#4,HOLDING,2.245A/B
3538,2026-06-03 10:01:20,20.9000,12.00,1.531,18.168,B,#4,HOLDING,2.375A/B
3539,2026-06-03 10:01:23,21.0875,12.00,1.531,18.168,B,#4,HOLDING,1.500A/B
3540,2026-06-03 10:01:24,21.2625,12.00,1.531,18.168,B,#4,HOLDING,1.000A/B
3541,2026-06-03 10:01:26,21.5000,8.59,1.531,18.168,B,#4,HOLDING,2.000A/B
3542,2026-06-03 10:01:28,21.7250,8.59,1.480,17.592,B,#4,HOLDING,1.000A/B
3543,2026-06-03 10:01:30,21.9625,8.59,1.480,17.592,B,#4,HOLDING,2.444A/B
3544,2026-06-03 10:01:32,22.2125,8.59,1.480,17.592,B,#4,HOLDING,1.500A/B
3545,2026-06-03 10:01:34,22.4625,12.00,1.480,17.592,B,#4,HOLDING,2.000A/B
3546,2026-06-03 10:01:36,22.7125,12.00,1.446,17.160,B,#4,HOLDING,2.479A/B
3547,2026-06-03 10:01:38,22.9625,12.00,1.446,17.160,B,#4,HOLDING,2.564A/B
3548,2026-06-03 10:01:39,23.2375,12.00,1.446,17.160,B,#4,HOLDING,2.000A/B
3549,2026-06-03 10:01:41,23.5000,12.00,1.446,17.160,B,#4,HOLDING,2.500A/B
3550,2026-06-03 10:01:43,23.7750,12.00,1.411,16.740,B,#4,HOLDING,1.000A/B
3551,2026-06-03 10:01:46,24.0625,12.00,1.411,16.740,B,#4,HOLDING,2.000A/B
3552,2026-06-03 10:01:47,24.3375,12.00,1.411,16.740,B,#4,HOLDING,2.500A/B
3553,2026-06-03 10:01:49,24.6000,12.00,1.411,16.740,B,#4,HOLDING,2.000A/B
3554,2026-06-03 10:01:51,24.9000,12.00,1.386,16.464,B,#4,HOLDING,1.500A/B
3555,2026-06-03 10:01:53,25.1500,12.00,1.386,16.464,B,#4,HOLDING,2.000A/B
3556,2026-06-03 10:01:55,25.4250,12.00,1.386,16.464,B,#4,HOLDING,1.500A/B
3557,2026-06-03 10:01:57,25.7125,12.00,1.386,16.464,B,#4,HOLDING,2.500A/B
3558,2026-06-03 10:01:59,25.9875,12.00,1.363,16.200,B,#4,HOLDING,2.447A/B
3559,2026-06-03 10:02:01,26.2750,12.00,1.363,16.200,B,#4,HOLDING,2.370A/B
3560,2026-06-03 10:02:03,26.5750,12.00,1.363,16.200,B,#4,HOLDING,2.288A/B
3561,2026-06-03 10:02:04,26.8125,12.00,1.363,16.200,B,#4,HOLDING,2.000A/B
3562,2026-06-03 10:02:06,27.0875,12.00,1.347,15.984,B,#4,HOLDING,2.000A/B
3563,2026-06-03 10:02:09,27.3750,12.00,1.347,15.984,B,#4,HOLDING,2.179A/B
3564,2026-06-03 10:02:10,27.6500,12.00,1.347,15.984,B,#4,HOLDING,2.000A/B
3565,2026-06-03 10:02:12,27.9000,12.00,1.347,15.984,B,#4,HOLDING,2.112A/B
3566,2026-06-03 10:02:14,28.2000,12.00,1.330,15.816,B,#4,HOLDING,1.970A/B
3567,2026-06-03 10:02:16,28.4375,12.00,1.330,15.816,B,#4,HOLDING,1.500A/B
3568,2026-06-03 10:02:18,28.6875,12.00,1.330,15.816,B,#4,HOLDING,1.779A/B
3569,2026-06-03 10:02:20,28.9625,12.00,1.330,15.816,B,#4,HOLDING,1.610A/B
3570,2026-06-03 10:02:22,29.2125,12.00,1.318,15.672,B,#4,HOLDING,1.430A/B
3571,2026-06-03 10:02:24,29.4625,12.00,1.318,15.672,B,#4,HOLDING,1.198A/B
3572,2026-06-03 10:02:26,29.7125,12.00,1.318,15.672,B,#4,HOLDING,1.000A/B
3573,2026-06-03 10:02:27,29.9625,9.67,1.318,15.672,B,#4,HOLDING,1.018A/B
3574,2026-06-03 10:02:29,30.2375,9.67,1.018,10.139,B,#4,HOLDING,0.800A/B
3575,2026-06-03 10:02:32,30.5000,9.67,1.018,10.139,B,#4,HOLDING,0.519A/B
3576,2026-06-03 10:02:33,30.7500,9.67,1.018,10.139,B,#4,HOLDING,0.315A/B
3577,2026-06-03 10:02:35,30.9875,9.67,1.018,10.139,OFF,#4,HOLDING,0.000A/OFF
3578,2026-06-03 10:02:36,30.9875,4.46,1.018,10.139,OFF,#4,HOLDING,0.000A/OFF
3579,2026-06-03 10:02:37,31.1875,4.46,0.315,1.408,A,#4,HOLDING,0.188A/A
3580,2026-06-03 10:02:39,31.3625,4.46,0.315,1.408,A,#4,HOLDING,0.449A/A
3581,2026-06-03 10:02:41,31.6125,4.46,0.315,1.408,A,#4,HOLDING,0.690A/A
3582,2026-06-03 10:02:43,31.7750,4.46,0.315,1.408,A,#4,HOLDING,0.947A/A
3583,2026-06-03 10:02:44,31.9500,4.46,0.815,6.449,A,#4,HOLDING,1.218A/A
3584,2026-06-03 10:02:47,32.1000,4.46,0.815,6.449,A,#4,HOLDING,1.500A/A
3585,2026-06-03 10:02:48,32.2000,4.46,0.815,6.449,A,#4,HOLDING,1.573A/A
3586,2026-06-03 10:02:50,32.2625,11.29,0.815,6.449,A,#4,HOLDING,1.000A/A
3587,2026-06-03 10:02:52,32.3125,11.29,1.284,7.650,A,#4,HOLDING,1.500A/A
3588,2026-06-03 10:02:54,32.3125,11.29,1.284,7.650,A,#4,HOLDING,1.500A/A
3589,2026-06-03 10:02:56,32.2875,11.29,1.284,7.650,A,#4,HOLDING,1.844A/A
3590,2026-06-03 10:02:58,32.2375,12.00,1.284,7.650,A,#4,HOLDING,1.000A/A
3591,2026-06-03 10:03:00,32.1375,12.00,1.250,8.040,A,#4,HOLDING,2.103A/A
3592,2026-06-03 10:03:02,32.0500,12.00,1.250,8.040,A,#4,HOLDING,1.500A/A
3593,2026-06-03 10:03:04,31.9250,12.00,1.250,8.040,A,#4,HOLDING,2.431A/A
3594,2026-06-03 10:03:06,31.8000,12.00,1.250,8.040,A,#4,HOLDING,1.500A/A
3595,2026-06-03 10:03:07,31.6250,12.00,1.520,17.775,A,#4,HOLDING,2.670A/A
3596,2026-06-03 10:03:10,31.4500,12.00,1.520,17.775,A,#4,HOLDING,1.000A/A
3597,2026-06-03 10:03:11,31.2500,12.00,1.520,17.775,A,#4,HOLDING,2.500A/A
3598,2026-06-03 10:03:13,31.0625,12.00,1.520,17.775,A,#4,HOLDING,2.500A/A
3599,2026-06-03 10:03:15,30.8125,12.00,1.495,17.748,A,#4,HOLDING,1.000A/A
3600,2026-06-03 10:03:18,30.6000,12.00,1.495,17.748,A,#4,HOLDING,2.500A/A
3601,2026-06-03 10:03:19,30.3500,12.00,1.495,17.748,A,#4,HOLDING,2.000A/A
3602,2026-06-03 10:03:21,30.1250,12.00,1.495,17.748,A,#4,HOLDING,1.000A/A
3603,2026-06-03 10:03:23,29.8750,12.00,1.143,8.860,A,#4,HOLDING,1.000A/A
3604,2026-06-03 10:03:25,29.6375,12.00,1.143,8.860,A,#4,HOLDING,1.000A/A
3605,2026-06-03 10:03:27,29.3875,12.00,1.143,8.860,A,#4,HOLDING,2.500A/A
3606,2026-06-03 10:03:29,29.1625,12.00,1.143,8.860,A,#4,HOLDING,2.500A/A
3607,2026-06-03 10:03:31,28.9125,12.00,1.455,17.304,A,#4,HOLDING,1.000A/A
3608,2026-06-03 10:03:33,28.6250,12.00,1.455,17.304,A,#4,HOLDING,1.500A/A
3609,2026-06-03 10:03:35,28.3750,12.00,1.455,17.304,A,#4,HOLDING,1.000A/A
3610,2026-06-03 10:03:36,28.1250,8.95,1.455,17.304,A,#4,HOLDING,1.500A/A
3611,2026-06-03 10:03:38,27.8500,8.95,1.297,17.184,A,#4,HOLDING,2.000A/A
3612,2026-06-03 10:03:41,27.6000,8.95,1.297,17.184,A,#4,HOLDING,2.000A/A
3613,2026-06-03 10:03:42,27.3250,8.95,1.297,17.184,A,#4,HOLDING,2.000A/A
3614,2026-06-03 10:03:44,27.0875,12.00,1.297,17.184,A,#4,HOLDING,1.000A/A
3615,2026-06-03 10:03:46,26.8125,12.00,1.215,9.110,A,#4,HOLDING,2.000A/A
3616,2026-06-03 10:03:48,26.5750,12.00,1.215,9.110,A,#4,HOLDING,2.000A/A
3617,2026-06-03 10:03:50,26.3250,12.00,1.215,9.110,A,#4,HOLDING,2.500A/A
3618,2026-06-03 10:03:52,26.1000,12.00,1.215,9.110,A,#4,HOLDING,2.655A/A
3619,2026-06-03 10:03:54,25.8250,12.00,1.420,16.908,A,#4,HOLDING,2.000A/A
3620,2026-06-03 10:03:56,25.5750,12.00,1.420,16.908,A,#4,HOLDING,2.500A/A
3621,2026-06-03 10:03:58,25.3250,12.00,1.420,16.908,A,#4,HOLDING,1.000A/A
3622,2026-06-03 10:03:59,25.1000,9.11,1.420,16.908,A,#4,HOLDING,2.633A/A
3623,2026-06-03 10:04:01,24.8250,9.11,1.275,16.848,A,#4,HOLDING,2.628A/A
3624,2026-06-03 10:04:04,24.6000,9.11,1.275,16.848,A,#4,HOLDING,2.000A/A
3625,2026-06-03 10:04:05,24.3750,9.11,1.275,16.848,A,#4,HOLDING,1.500A/A
3626,2026-06-03 10:04:07,24.1375,12.00,1.275,16.848,A,#4,HOLDING,2.500A/A
3627,2026-06-03 10:04:09,23.9125,12.00,1.406,16.740,A,#4,HOLDING,2.500A/A
3628,2026-06-03 10:04:11,23.6875,12.00,1.406,16.740,A,#4,HOLDING,2.500A/A
3629,2026-06-03 10:04:13,23.4625,12.00,1.406,16.740,A,#4,HOLDING,2.500A/A
3630,2026-06-03 10:04:15,23.2625,12.00,1.406,16.740,A,#4,HOLDING,1.500A/A
3631,2026-06-03 10:04:17,23.0125,12.00,1.400,16.680,A,#4,HOLDING,2.500A/A
3632,2026-06-03 10:04:19,22.8250,12.00,1.400,16.680,A,#4,HOLDING,2.528A/A
3633,2026-06-03 10:04:21,22.6250,12.00,1.400,16.680,A,#4,HOLDING,1.000A/A
3634,2026-06-03 10:04:23,22.3875,9.25,1.400,16.680,A,#4,HOLDING,1.000A/A
3635,2026-06-03 10:04:24,22.1875,9.25,1.000,9.360,A,#4,HOLDING,2.413A/A
3636,2026-06-03 10:04:27,22.0000,9.25,1.000,9.360,A,#4,HOLDING,1.500A/A
3637,2026-06-03 10:04:28,21.8000,9.25,1.000,9.360,A,#4,HOLDING,1.000A/A
3638,2026-06-03 10:04:30,21.6375,9.22,1.000,9.360,A,#4,HOLDING,1.000A/A
3639,2026-06-03 10:04:32,21.4375,9.22,1.000,9.350,A,#4,HOLDING,2.297A/A
3640,2026-06-03 10:04:34,21.2625,9.22,1.000,9.350,A,#4,HOLDING,2.000A/A
3641,2026-06-03 10:04:36,21.0875,9.22,1.000,9.350,A,#4,HOLDING,1.000A/A
3642,2026-06-03 10:04:38,20.9250,9.13,1.000,9.350,A,#4,HOLDING,2.107A/A
3643,2026-06-03 10:04:40,20.7500,9.13,1.409,16.776,A,#4,HOLDING,1.948A/A
3644,2026-06-03 10:04:42,20.5875,9.13,1.409,16.776,A,#4,HOLDING,1.741A/A
3645,2026-06-03 10:04:44,20.4375,9.13,1.409,16.776,A,#4,HOLDING,1.594A/A
3646,2026-06-03 10:04:46,20.2875,12.00,1.409,16.776,A,#4,HOLDING,1.419A/A
3647,2026-06-03 10:04:47,20.1125,12.00,1.398,16.656,A,#4,HOLDING,1.234A/A
3648,2026-06-03 10:04:50,20.0125,12.00,1.398,16.656,A,#4,HOLDING,1.000A/A
3649,2026-06-03 10:04:51,19.8375,12.00,1.398,16.656,A,#4,HOLDING,0.993A/A
3650,2026-06-03 10:04:53,19.7000,9.10,1.398,16.656,A,#4,HOLDING,0.797A/A
3651,2026-06-03 10:04:55,19.5500,9.10,0.821,6.336,A,#4,HOLDING,0.592A/A
3652,2026-06-03 10:04:57,19.4000,9.10,0.821,6.336,A,#4,HOLDING,0.331A/A
3653,2026-06-03 10:04:59,19.2750,9.10,0.821,6.336,A,#4,HOLDING,0.147A/A
3654,2026-06-03 10:05:01,19.1750,9.10,0.821,6.336,OFF,#4,HOLDING,0.000A/OFF
3655,2026-06-03 10:05:02,19.1750,2.37,0.147,6.336,OFF,#4,HOLDING,0.173A/B
3656,2026-06-03 10:05:04,19.0500,2.37,0.147,0.000,B,#4,HOLDING,0.364A/B
3657,2026-06-03 10:05:05,18.9250,2.37,0.147,0.000,B,#4,HOLDING,0.561A/B
3658,2026-06-03 10:05:07,18.8250,2.37,0.147,0.000,B,#4,HOLDING,0.764A/B
3659,2026-06-03 10:05:09,18.8000,5.45,0.147,0.000,B,#4,HOLDING,0.984A/B
3660,2026-06-03 10:05:10,18.7250,5.45,0.872,7.193,B,#4,HOLDING,1.210A/B
3661,2026-06-03 10:05:13,18.7250,5.45,0.872,7.193,B,#4,HOLDING,1.495A/B
3662,2026-06-03 10:05:14,18.7250,5.45,0.872,7.193,B,#4,HOLDING,1.687A/B
3663,2026-06-03 10:05:16,18.7500,12.00,0.872,7.193,B,#4,HOLDING,1.907A/B
3664,2026-06-03 10:05:18,18.8250,12.00,1.652,19.512,B,#4,HOLDING,2.121A/B
3665,2026-06-03 10:05:21,18.8875,12.00,1.652,19.512,B,#4,HOLDING,2.000A/B
3666,2026-06-03 10:05:22,19.0125,12.00,1.652,19.512,B,#4,HOLDING,2.389A/B
3667,2026-06-03 10:05:24,19.1500,12.00,1.652,19.512,B,#4,HOLDING,2.000A/B
3668,2026-06-03 10:05:26,19.3500,12.00,1.561,18.480,B,#4,HOLDING,2.000A/B
3669,2026-06-03 10:05:28,19.5500,12.00,1.561,18.480,B,#4,HOLDING,2.500A/B
3670,2026-06-03 10:05:30,19.7500,12.00,1.561,18.480,B,#4,HOLDING,2.000A/B
3671,2026-06-03 10:05:32,19.9750,12.00,1.561,18.480,B,#4,HOLDING,1.000A/B
3672,2026-06-03 10:05:33,20.2500,12.00,1.103,8.670,B,#4,HOLDING,1.500A/B
3673,2026-06-03 10:05:36,20.4625,12.00,1.103,8.670,B,#4,HOLDING,2.510A/B
3674,2026-06-03 10:05:37,20.7375,12.00,1.103,8.670,B,#4,HOLDING,2.623A/B
3675,2026-06-03 10:05:39,21.0250,12.00,1.103,8.670,B,#4,HOLDING,2.749A/B
3676,2026-06-03 10:05:41,21.3000,12.00,1.464,17.376,B,#4,HOLDING,2.000A/B
3677,2026-06-03 10:05:44,21.5875,12.00,1.464,17.376,B,#4,HOLDING,1.500A/B
3678,2026-06-03 10:05:45,21.8625,12.00,1.464,17.376,B,#4,HOLDING,2.772A/B
3679,2026-06-03 10:05:47,22.1500,12.00,1.464,17.376,B,#4,HOLDING,2.856A/B
3680,2026-06-03 10:05:49,22.4500,12.00,1.425,16.920,B,#4,HOLDING,2.500A/B
3681,2026-06-03 10:05:51,22.7250,12.00,1.425,16.920,B,#4,HOLDING,1.000A/B
3682,2026-06-03 10:05:53,23.0250,12.00,1.425,16.920,B,#4,HOLDING,2.901A/B
3683,2026-06-03 10:05:55,23.3500,12.00,1.425,16.920,B,#4,HOLDING,2.939A/B
3684,2026-06-03 10:05:57,23.6500,12.00,1.394,16.548,B,#4,HOLDING,1.000A/B
3685,2026-06-03 10:05:59,23.9750,12.00,1.394,16.548,B,#5,APPROACH,1.500A/B
3686,2026-06-03 10:06:01,24.2750,12.00,1.394,16.548,B,#5,APPROACH,0.242A/B
3687,2026-06-03 10:06:02,24.2750,12.00,1.394,16.548,B,#5,APPROACH,0.253A/B
3688,2026-06-03 10:06:04,24.8625,7.82,1.394,16.548,B,#5,APPROACH,0.213A/B
3689,2026-06-03 10:06:06,25.1625,7.82,0.558,0.698,B,#5,APPROACH,0.202A/B
3690,2026-06-03 10:06:09,25.4625,7.82,0.558,0.698,B,#5,APPROACH,0.203A/B
3691,2026-06-03 10:06:10,25.7500,7.82,0.558,0.698,B,#5,APPROACH,0.212A/B
3692,2026-06-03 10:06:12,26.0250,3.06,0.558,0.698,B,#5,APPROACH,0.221A/B
3693,2026-06-03 10:06:14,26.2750,3.06,0.221,0.689,B,#5,APPROACH,0.170A/B
3694,2026-06-03 10:06:17,26.5500,3.06,0.221,0.689,B,#5,APPROACH,0.217A/B
3695,2026-06-03 10:06:18,26.7500,3.06,0.221,0.689,B,#5,APPROACH,0.246A/B
3696,2026-06-03 10:06:20,27.0000,3.18,0.221,0.689,B,#5,APPROACH,0.279A/B
3697,2026-06-03 10:06:22,27.1750,3.18,0.261,0.968,B,#5,APPROACH,0.326A/B
3698,2026-06-03 10:06:24,27.3750,3.18,0.261,0.968,B,#5,APPROACH,0.404A/B
3699,2026-06-03 10:06:26,27.5125,3.18,0.261,0.968,B,#5,APPROACH,0.457A/B
3700,2026-06-03 10:06:28,27.6875,4.82,0.261,0.968,B,#5,APPROACH,0.501A/B
3701,2026-06-03 10:06:29,27.8000,4.82,0.482,2.615,B,#5,APPROACH,0.547A/B
3702,2026-06-03 10:06:32,27.9500,4.82,0.482,2.615,B,#5,APPROACH,0.599A/B
3703,2026-06-03 10:06:33,28.0375,4.82,0.482,2.615,B,#5,APPROACH,0.636A/B
3704,2026-06-03 10:06:35,28.1375,6.20,0.482,2.615,B,#5,HOLDING,0.620A/B
3705,2026-06-03 10:06:37,28.2625,6.20,0.620,2.615,OFF,#5,HOLDING,0.000A/OFF
3706,2026-06-03 10:06:38,28.2625,6.20,0.620,3.825,OFF,#5,HOLDING,0.000A/OFF
3707,2026-06-03 10:06:39,28.3625,6.20,0.620,3.825,OFF,#5,HOLDING,0.000A/OFF
3708,2026-06-03 10:06:40,28.3625,6.20,0.620,3.825,OFF,#5,HOLDING,0.000A/OFF
3709,2026-06-03 10:06:41,28.4500,6.20,0.620,3.825,OFF,#5,HOLDING,0.000A/OFF
3710,2026-06-03 10:06:42,28.4500,6.20,0.620,3.825,OFF,#5,HOLDING,0.000A/OFF
3711,2026-06-03 10:06:43,28.5250,12.00,0.620,3.825,OFF,#5,HOLDING,0.000A/OFF
3712,2026-06-03 10:06:44,28.5250,12.00,0.000,0.000,B,#5,HOLDING,0.114A/B
3713,2026-06-03 10:06:46,28.5750,12.00,0.000,0.000,B,#5,HOLDING,0.129A/B
3714,2026-06-03 10:06:48,28.6500,12.00,0.000,0.000,B,#5,HOLDING,0.149A/B
3715,2026-06-03 10:06:50,28.7000,1.93,0.000,0.000,B,#5,HOLDING,0.159A/B
3716,2026-06-03 10:06:51,28.7750,1.93,0.159,0.322,B,#5,HOLDING,0.169A/B
3717,2026-06-03 10:06:54,28.8125,1.93,0.159,0.322,B,#5,HOLDING,0.188A/B
3718,2026-06-03 10:06:55,28.8125,1.93,0.159,0.322,B,#5,HOLDING,0.202A/B
3719,2026-06-03 10:06:57,28.8750,2.32,0.159,0.322,B,#5,HOLDING,0.211A/B
3720,2026-06-03 10:06:59,28.8750,2.32,0.211,0.512,B,#5,HOLDING,0.222A/B
3721,2026-06-03 10:07:01,28.8750,2.32,0.211,0.512,B,#5,HOLDING,0.233A/B
3722,2026-06-03 10:07:03,28.8750,2.32,0.211,0.512,B,#5,HOLDING,0.246A/B
3723,2026-06-03 10:07:05,28.8750,2.66,0.211,0.512,B,#5,HOLDING,0.254A/B
3724,2026-06-03 10:07:07,28.8750,2.66,0.254,0.703,B,#5,HOLDING,0.262A/B
3725,2026-06-03 10:07:09,28.8750,2.66,0.254,0.703,B,#5,HOLDING,0.273A/B
3726,2026-06-03 10:07:11,28.8250,2.66,0.254,0.703,B,#5,HOLDING,0.287A/B
3727,2026-06-03 10:07:13,28.8125,3.00,0.254,0.703,B,#5,HOLDING,0.299A/B
3728,2026-06-03 10:07:14,28.7875,3.00,0.299,0.944,B,#5,HOLDING,0.313A/B
3729,2026-06-03 10:07:17,28.7500,3.00,0.299,0.944,B,#5,HOLDING,0.327A/B
3730,2026-06-03 10:07:18,28.7500,3.00,0.299,0.944,B,#5,HOLDING,0.337A/B
3731,2026-06-03 10:07:20,28.7125,3.42,0.299,0.944,B,#5,HOLDING,0.353A/B
3732,2026-06-03 10:07:22,28.6875,3.42,0.353,1.281,B,#5,HOLDING,0.368A/B
3733,2026-06-03 10:07:25,28.6250,3.42,0.353,1.281,B,#5,HOLDING,0.395A/B
3734,2026-06-03 10:07:26,28.6250,3.42,0.353,1.281,B,#5,HOLDING,0.407A/B
3735,2026-06-03 10:07:28,28.6125,4.01,0.353,1.281,B,#5,HOLDING,0.424A/B
3736,2026-06-03 10:07:30,28.5875,4.01,0.424,1.806,B,#5,HOLDING,0.440A/B
3737,2026-06-03 10:07:32,28.5625,4.01,0.424,1.806,B,#5,HOLDING,0.468A/B
3738,2026-06-03 10:07:34,28.5375,4.01,0.424,1.806,B,#5,HOLDING,0.488A/B
3739,2026-06-03 10:07:36,28.5000,4.73,0.424,1.806,OFF,--,DONE,0.511A/B
3740,2026-06-03 10:07:38,28.4750,4.73,0.511,1.806,OFF,--,DONE,--
3741,2026-06-03 10:07:39,28.4625,4.73,0.511,1.806,OFF,--,DONE,--
3742,2026-06-03 10:07:40,28.4625,4.73,0.511,0.000,OFF,--,DONE,--
3743,2026-06-03 10:07:41,28.4375,6.93,0.511,0.000,OFF,--,DONE,--
3744,2026-06-03 10:07:42,28.4375,6.93,0.000,0.000,OFF,--,DONE,--
3745,2026-06-03 10:07:43,28.4250,6.93,0.000,0.000,OFF,--,DONE,--
3746,2026-06-03 10:07:44,28.4250,6.93,0.000,0.000,OFF,--,DONE,--
3747,2026-06-03 10:07:45,28.3750,2.71,0.000,0.000,OFF,--,DONE,--
3748,2026-06-03 10:07:46,28.3750,2.71,0.000,0.000,OFF,--,DONE,--
3749,2026-06-03 10:07:47,28.3125,2.71,0.000,0.000,OFF,--,DONE,--
3750,2026-06-03 10:07:48,28.3125,1.07,0.000,0.000,OFF,--,DONE,--
3751,2026-06-03 10:07:49,28.3125,1.07,0.000,0.000,OFF,--,DONE,--
3752,2026-06-03 10:07:50,28.3125,1.07,0.000,0.000,OFF,--,DONE,--
3753,2026-06-03 10:07:51,28.2500,1.07,0.000,0.000,OFF,--,DONE,--
3754,2026-06-03 10:07:52,28.2000,0.36,0.000,0.000,OFF,--,DONE,--
3755,2026-06-03 10:07:53,28.2000,0.36,0.000,0.000,OFF,--,DONE,--
3756,2026-06-03 10:07:54,28.1500,0.36,0.000,0.000,OFF,--,DONE,--
3757,2026-06-03 10:07:55,28.1500,0.36,0.000,0.000,OFF,--,DONE,--
3758,2026-06-03 10:07:56,28.0750,0.00,0.000,0.000,OFF,--,DONE,--
3759,2026-06-03 10:07:57,28.0750,0.00,0.000,0.000,OFF,--,DONE,--
3760,2026-06-03 10:07:58,28.0250,0.00,0.000,0.000,OFF,--,DONE,--
3761,2026-06-03 10:07:59,28.0250,0.00,0.000,0.000,OFF,--,DONE,--
3762,2026-06-03 10:08:00,27.9500,0.00,0.000,0.000,OFF,--,DONE,--
3763,2026-06-03 10:08:01,27.9500,0.00,0.000,0.000,OFF,--,DONE,--
3764,2026-06-03 10:08:02,27.8625,0.00,0.000,0.000,OFF,--,DONE,--
3765,2026-06-03 10:08:03,27.8625,0.00,0.000,0.000,OFF,--,DONE,--
3766,2026-06-03 10:08:04,27.7875,0.00,0.000,0.000,OFF,--,DONE,--
3767,2026-06-03 10:08:05,27.7875,0.00,0.000,0.000,OFF,--,DONE,--
3768,2026-06-03 10:08:06,27.7125,0.00,0.000,0.000,OFF,--,DONE,--
3769,2026-06-03 10:08:07,27.7125,0.00,0.000,0.000,OFF,--,DONE,--
3770,2026-06-03 10:08:08,27.6125,0.00,0.000,0.000,OFF,--,DONE,--
3771,2026-06-03 10:08:09,27.6125,0.00,0.000,0.000,OFF,--,DONE,--
3772,2026-06-03 10:08:10,27.5500,0.00,0.000,0.000,OFF,--,DONE,--
3773,2026-06-03 10:08:11,27.4500,0.00,0.000,0.000,OFF,--,DONE,--
3774,2026-06-03 10:08:12,27.4500,0.00,0.000,0.000,OFF,--,DONE,--
3775,2026-06-03 10:08:13,27.4000,0.00,0.000,0.000,OFF,--,DONE,--
3776,2026-06-03 10:08:14,27.4000,0.00,0.000,0.000,OFF,--,DONE,--
3777,2026-06-03 10:08:15,27.3250,0.00,0.000,0.000,OFF,--,DONE,--
3778,2026-06-03 10:08:16,27.3250,0.00,0.000,0.000,OFF,--,DONE,--
3779,2026-06-03 10:08:17,27.2375,0.00,0.000,0.000,OFF,--,DONE,--
3780,2026-06-03 10:08:18,27.2375,0.00,0.000,0.000,OFF,--,DONE,--
3781,2026-06-03 10:08:19,27.1375,0.00,0.000,0.000,OFF,--,DONE,--
3782,2026-06-03 10:08:20,27.1375,0.00,0.000,0.000,OFF,--,DONE,--
3783,2026-06-03 10:08:21,27.0875,0.00,0.000,0.000,OFF,--,DONE,--
3784,2026-06-03 10:08:22,27.0125,0.00,0.000,0.000,OFF,--,DONE,--
3785,2026-06-03 10:08:23,27.0125,0.00,0.000,0.000,OFF,--,DONE,--
3786,2026-06-03 10:08:24,26.9625,0.00,0.000,0.000,OFF,--,DONE,--
3787,2026-06-03 10:08:25,26.9625,0.00,0.000,0.000,OFF,--,DONE,--
3788,2026-06-03 10:08:27,26.8875,0.00,0.000,0.000,OFF,--,DONE,--
3789,2026-06-03 10:08:28,26.8875,0.00,0.000,0.000,OFF,--,DONE,--
3790,2026-06-03 10:08:29,26.8125,0.00,0.000,0.000,OFF,--,DONE,--
3791,2026-06-03 10:08:30,26.8125,0.00,0.000,0.000,OFF,--,DONE,--
3792,2026-06-03 10:08:31,26.7375,0.00,0.000,0.000,OFF,--,DONE,--
3793,2026-06-03 10:08:32,26.7375,0.00,0.000,0.000,OFF,--,DONE,--
3794,2026-06-03 10:08:33,26.6500,0.00,0.000,0.000,OFF,--,DONE,--
3795,2026-06-03 10:08:34,26.6500,0.00,0.000,0.000,OFF,--,DONE,--
3796,2026-06-03 10:08:35,26.5750,0.00,0.000,0.000,OFF,--,DONE,--
3797,2026-06-03 10:08:36,26.5750,0.00,0.000,0.000,OFF,--,DONE,--
3798,2026-06-03 10:08:37,26.5250,0.00,0.000,0.000,OFF,--,DONE,--
3799,2026-06-03 10:08:38,26.4500,0.00,0.000,0.000,OFF,--,DONE,--
3800,2026-06-03 10:08:39,26.4500,0.00,0.000,0.000,OFF,--,DONE,--
3801,2026-06-03 10:08:40,26.3625,0.00,0.000,0.000,OFF,--,DONE,--
3802,2026-06-03 10:08:41,26.3625,0.00,0.000,0.000,OFF,--,DONE,--
3803,2026-06-03 10:08:42,26.2625,0.00,0.000,0.000,OFF,--,DONE,--
3804,2026-06-03 10:08:43,26.2625,0.00,0.000,0.000,OFF,--,DONE,--
3805,2026-06-03 10:08:44,26.2125,0.00,0.000,0.000,OFF,--,DONE,--
3806,2026-06-03 10:08:45,26.2125,0.00,0.000,0.000,OFF,--,DONE,--
3807,2026-06-03 10:08:46,26.1375,0.00,0.000,0.000,OFF,--,DONE,--
3808,2026-06-03 10:08:47,26.1375,0.00,0.000,0.000,OFF,--,DONE,--
3809,2026-06-03 10:08:48,26.0500,0.00,0.000,0.000,OFF,--,DONE,--
3810,2026-06-03 10:08:49,26.0500,0.00,0.000,0.000,OFF,--,DONE,--
3811,2026-06-03 10:08:50,25.9750,0.00,0.000,0.000,OFF,--,DONE,--
3812,2026-06-03 10:08:51,25.9750,0.00,0.000,0.000,OFF,--,DONE,--
3813,2026-06-03 10:08:52,25.9000,0.00,0.000,0.000,A,#1,APPROACH,3.000A/A
3814,2026-06-03 10:08:54,25.8250,0.00,0.000,0.000,A,#1,APPROACH,1.883A/A
3815,2026-06-03 10:08:56,25.7500,0.00,0.000,0.000,A,#1,APPROACH,1.500A/A
3816,2026-06-03 10:08:58,25.7000,0.00,0.000,0.000,A,#1,APPROACH,1.000A/A
3817,2026-06-03 10:09:00,25.6125,10.21,1.000,0.000,A,#1,APPROACH,1.500A/A
3818,2026-06-03 10:09:01,25.4875,10.21,1.000,17.670,A,#1,APPROACH,1.601A/A
3819,2026-06-03 10:09:03,25.4000,10.21,1.000,17.670,A,#1,APPROACH,1.500A/A
3820,2026-06-03 10:09:04,25.4000,10.21,1.000,17.670,A,#1,APPROACH,1.000A/A
3821,2026-06-03 10:09:06,25.2500,8.48,1.000,17.670,A,#1,APPROACH,1.000A/A
3822,2026-06-03 10:09:08,25.0875,8.48,1.000,8.650,A,#1,APPROACH,1.500A/A
3823,2026-06-03 10:09:11,24.9625,8.48,1.000,8.650,A,#1,APPROACH,1.585A/A
3824,2026-06-03 10:09:12,24.7875,8.48,1.000,8.650,A,#1,APPROACH,1.731A/A
3825,2026-06-03 10:09:14,24.6125,12.00,1.000,8.650,A,#1,APPROACH,1.905A/A
3826,2026-06-03 10:09:16,24.4750,12.00,1.493,17.724,A,#1,APPROACH,1.000A/A
3827,2026-06-03 10:09:18,24.3000,12.00,1.493,17.724,A,#1,APPROACH,1.500A/A
3828,2026-06-03 10:09:20,24.1375,12.00,1.493,17.724,A,#1,APPROACH,1.500A/A
3829,2026-06-03 10:09:22,23.9375,12.00,1.493,17.724,A,#1,APPROACH,1.645A/A
3830,2026-06-03 10:09:23,23.7625,12.00,1.457,17.304,A,#1,APPROACH,1.861A/A
3831,2026-06-03 10:09:26,23.5625,12.00,1.457,17.304,A,#1,APPROACH,1.500A/A
3832,2026-06-03 10:09:27,23.3875,12.00,1.457,17.304,A,#1,APPROACH,2.061A/A
3833,2026-06-03 10:09:29,23.1875,12.00,1.457,17.304,A,#1,APPROACH,2.348A/A
3834,2026-06-03 10:09:31,22.9750,12.00,1.437,17.124,A,#1,APPROACH,1.000A/A
3835,2026-06-03 10:09:34,22.7500,12.00,1.437,17.124,A,#1,APPROACH,2.500A/A
3836,2026-06-03 10:09:35,22.5750,12.00,1.437,17.124,A,#1,APPROACH,2.000A/A
3837,2026-06-03 10:09:37,22.3750,12.00,1.437,17.124,A,#1,APPROACH,1.000A/A
3838,2026-06-03 10:09:39,22.1875,12.00,1.214,9.220,A,#1,APPROACH,2.440A/A
3839,2026-06-03 10:09:41,21.9875,12.00,1.214,9.220,A,#1,APPROACH,1.500A/A
3840,2026-06-03 10:09:43,21.8125,12.00,1.214,9.220,A,#1,APPROACH,2.500A/A
3841,2026-06-03 10:09:45,21.6125,12.00,1.214,9.220,A,#1,APPROACH,2.500A/A
3842,2026-06-03 10:09:46,21.4500,12.00,1.419,16.884,A,#1,APPROACH,2.728A/A
3843,2026-06-03 10:09:49,21.2500,12.00,1.419,16.884,A,#1,APPROACH,1.000A/A
3844,2026-06-03 10:09:50,21.0500,12.00,1.419,16.884,A,#1,APPROACH,3.000A/A
3845,2026-06-03 10:09:52,20.8750,12.00,1.419,16.884,A,#1,APPROACH,1.000A/A
3846,2026-06-03 10:09:54,20.7000,12.00,1.049,9.260,A,#1,APPROACH,2.000A/A
3847,2026-06-03 10:09:56,20.5000,12.00,1.049,9.260,A,#1,APPROACH,1.000A/A
3848,2026-06-03 10:09:58,20.3500,12.00,1.049,9.260,A,#1,APPROACH,2.500A/A
3849,2026-06-03 10:10:00,20.1750,12.00,1.049,9.260,A,#1,APPROACH,1.500A/A
3850,2026-06-03 10:10:02,20.0125,12.00,1.407,16.740,A,#1,HOLDING,2.000A/A
3851,2026-06-03 10:10:04,19.8375,12.00,1.407,16.740,A,#1,HOLDING,0.573A/A
3852,2026-06-03 10:10:06,19.7000,12.00,1.407,16.740,A,#1,HOLDING,0.598A/A
3853,2026-06-03 10:10:08,19.5500,6.29,1.407,16.740,A,#1,HOLDING,0.682A/A
3854,2026-06-03 10:10:09,19.3875,6.29,0.643,4.760,A,#1,HOLDING,0.347A/A
3855,2026-06-03 10:10:12,19.2375,6.29,0.643,4.760,A,#1,HOLDING,0.231A/A
3856,2026-06-03 10:10:13,19.0750,6.29,0.643,4.760,OFF,#1,HOLDING,0.000A/OFF
3857,2026-06-03 10:10:14,18.9250,6.29,0.643,4.760,OFF,#1,HOLDING,0.407A/B
3858,2026-06-03 10:10:16,18.9250,12.00,0.000,4.760,B,#1,HOLDING,0.183A/B
3859,2026-06-03 10:10:18,18.8250,12.00,0.000,0.113,B,#1,HOLDING,0.313A/B
3860,2026-06-03 10:10:19,18.7000,12.00,0.000,0.113,B,#1,HOLDING,0.731A/B
3861,2026-06-03 10:10:21,18.6125,12.00,0.000,0.113,B,#1,HOLDING,0.695A/B
3862,2026-06-03 10:10:23,18.5125,4.81,0.000,0.113,B,#1,HOLDING,0.655A/B
3863,2026-06-03 10:10:25,18.4875,4.81,0.673,3.170,B,#1,HOLDING,0.360A/B
3864,2026-06-03 10:10:27,18.4375,4.81,0.673,3.170,B,#1,HOLDING,0.505A/B
3865,2026-06-03 10:10:29,18.4250,4.81,0.673,3.170,B,#1,HOLDING,0.527A/B
3866,2026-06-03 10:10:30,18.4250,4.01,0.673,3.170,B,#1,HOLDING,0.550A/B
3867,2026-06-03 10:10:32,18.4375,4.01,0.539,2.398,B,#1,HOLDING,0.447A/B
3868,2026-06-03 10:10:35,18.4875,4.01,0.539,2.398,B,#1,HOLDING,0.366A/B
3869,2026-06-03 10:10:36,18.5375,4.01,0.539,2.398,B,#1,HOLDING,0.251A/B
3870,2026-06-03 10:10:38,18.6125,2.05,0.539,2.398,B,#1,HOLDING,0.202A/B
3871,2026-06-03 10:10:40,18.7000,2.05,0.202,0.351,B,#1,HOLDING,0.223A/B
3872,2026-06-03 10:10:42,18.7750,2.05,0.202,0.351,B,#1,HOLDING,0.239A/B
3873,2026-06-03 10:10:44,18.8500,2.05,0.202,0.351,B,#1,HOLDING,0.243A/B
3874,2026-06-03 10:10:46,18.9500,2.11,0.202,0.351,B,#1,HOLDING,0.218A/B
3875,2026-06-03 10:10:48,19.0125,2.11,0.218,0.431,B,#1,HOLDING,0.207A/B
3876,2026-06-03 10:10:50,19.1375,2.11,0.218,0.431,B,#1,HOLDING,0.187A/B
3877,2026-06-03 10:10:52,19.2250,2.11,0.218,0.431,B,#1,HOLDING,0.155A/B
3878,2026-06-03 10:10:53,19.3250,1.52,0.218,0.431,B,#1,HOLDING,0.100A/B
3879,2026-06-03 10:10:55,19.4250,1.52,0.100,0.431,OFF,#1,HOLDING,0.000A/OFF
3880,2026-06-03 10:10:56,19.4250,1.52,0.100,0.107,OFF,#1,HOLDING,0.000A/OFF
3881,2026-06-03 10:10:57,19.5250,1.52,0.100,0.107,A,#1,HOLDING,0.267A/A
3882,2026-06-03 10:10:59,19.6375,1.52,0.100,0.107,A,#1,HOLDING,0.671A/A
3883,2026-06-03 10:11:01,19.7375,5.50,0.100,0.107,A,#1,HOLDING,0.381A/A
3884,2026-06-03 10:11:03,19.8250,5.50,0.424,1.329,A,#2,APPROACH,0.606A/A
3885,2026-06-03 10:11:05,19.9000,5.50,0.424,1.329,B,#2,HOLDING,0.490A/B
3886,2026-06-03 10:11:07,20.0000,5.50,0.424,1.329,B,#2,HOLDING,1.255A/B
3887,2026-06-03 10:11:09,20.0500,5.50,0.424,1.329,B,#2,HOLDING,1.190A/B
3888,2026-06-03 10:11:11,20.1000,10.65,1.190,1.329,B,#2,HOLDING,0.856A/B
3889,2026-06-03 10:11:13,20.1500,10.65,1.190,6.069,B,#2,HOLDING,0.811A/B
3890,2026-06-03 10:11:15,20.2000,10.65,1.190,6.069,B,#2,HOLDING,0.594A/B
3891,2026-06-03 10:11:16,20.3000,10.65,1.190,6.069,B,#2,HOLDING,0.693A/B
3892,2026-06-03 10:11:18,20.4250,6.01,1.190,6.069,B,#2,HOLDING,0.610A/B
3893,2026-06-03 10:11:20,20.5250,6.01,0.628,3.336,B,#2,HOLDING,0.273A/B
3894,2026-06-03 10:11:22,20.6750,6.01,0.628,3.336,B,#2,HOLDING,0.145A/B
3895,2026-06-03 10:11:24,20.8250,6.01,0.628,3.336,OFF,#2,HOLDING,0.000A/OFF
3896,2026-06-03 10:11:25,20.8250,6.01,0.628,3.336,OFF,#2,HOLDING,0.000A/OFF
3897,2026-06-03 10:11:26,20.9500,12.00,1.540,3.336,A,#2,HOLDING,0.164A/A
3898,2026-06-03 10:11:28,21.0750,12.00,1.540,0.000,A,#2,HOLDING,0.210A/A
3899,2026-06-03 10:11:29,21.2375,12.00,1.540,0.000,A,#2,HOLDING,0.163A/A
3900,2026-06-03 10:11:31,21.2375,12.00,1.540,0.000,A,#2,HOLDING,0.158A/A
3901,2026-06-03 10:11:33,21.3875,1.01,1.540,0.000,A,#2,HOLDING,0.321A/A
3902,2026-06-03 10:11:35,21.5375,1.01,0.236,0.805,A,#2,HOLDING,0.647A/A
3903,2026-06-03 10:11:37,21.8000,1.01,0.236,0.805,A,#2,HOLDING,1.431A/A
3904,2026-06-03 10:11:39,21.8000,1.01,0.236,0.805,A,#2,HOLDING,1.778A/A
3905,2026-06-03 10:11:40,21.9000,12.00,0.236,0.805,A,#2,HOLDING,1.984A/A
3906,2026-06-03 10:11:42,21.9750,12.00,1.600,18.924,A,#2,HOLDING,1.000A/A
3907,2026-06-03 10:11:45,22.0750,12.00,1.600,18.924,A,#2,HOLDING,1.281A/A
3908,2026-06-03 10:11:46,22.1375,12.00,1.600,18.924,A,#2,HOLDING,1.926A/A
3909,2026-06-03 10:11:48,22.1875,12.00,1.600,18.924,A,#2,HOLDING,2.044A/A
3910,2026-06-03 10:11:50,22.1875,12.00,1.543,18.432,A,#2,HOLDING,2.091A/A
3911,2026-06-03 10:11:52,22.1625,12.00,1.543,18.432,A,#2,HOLDING,1.000A/A
3912,2026-06-03 10:11:54,22.1750,12.00,1.543,18.432,A,#2,HOLDING,2.500A/A
3913,2026-06-03 10:11:56,22.1000,12.00,1.543,18.432,A,#2,HOLDING,1.427A/A
3914,2026-06-03 10:11:58,22.0250,12.00,1.467,16.524,A,#2,HOLDING,1.642A/A
3915,2026-06-03 10:12:00,21.9500,12.00,1.467,16.524,A,#2,HOLDING,1.500A/A
3916,2026-06-03 10:12:01,21.8625,12.00,1.467,16.524,A,#2,HOLDING,1.274A/A
3917,2026-06-03 10:12:03,21.7625,10.52,1.467,16.524,A,#2,HOLDING,1.000A/A
3918,2026-06-03 10:12:05,21.6500,10.52,1.012,8.880,A,#2,HOLDING,0.792A/A
3919,2026-06-03 10:12:07,21.5500,10.52,1.012,8.880,A,#2,HOLDING,0.936A/A
3920,2026-06-03 10:12:09,21.4250,10.52,1.012,8.880,A,#2,HOLDING,0.805A/A
3921,2026-06-03 10:12:11,21.3000,7.53,1.012,8.880,A,#2,HOLDING,0.674A/A
3922,2026-06-03 10:12:13,21.1750,7.53,0.738,4.468,A,#2,HOLDING,0.665A/A
3923,2026-06-03 10:12:15,21.0500,7.53,0.738,4.468,A,#2,HOLDING,0.694A/A
3924,2026-06-03 10:12:17,20.9500,7.53,0.738,4.468,A,#2,HOLDING,0.676A/A
3925,2026-06-03 10:12:19,20.8250,6.56,0.738,4.468,A,#2,HOLDING,0.657A/A
3926,2026-06-03 10:12:20,20.7125,6.56,0.657,4.283,A,#2,HOLDING,0.619A/A
3927,2026-06-03 10:12:23,20.6125,6.56,0.657,4.283,A,#2,HOLDING,0.584A/A
3928,2026-06-03 10:12:24,20.5250,6.56,0.657,4.283,A,#2,HOLDING,0.580A/A
3929,2026-06-03 10:12:26,20.4250,5.76,0.657,4.283,A,#2,HOLDING,0.527A/A
3930,2026-06-03 10:12:28,20.3375,5.76,0.527,2.877,A,#2,HOLDING,0.489A/A
3931,2026-06-03 10:12:30,20.2375,5.76,0.527,2.877,A,#2,HOLDING,0.440A/A
3932,2026-06-03 10:12:32,20.1500,5.76,0.527,2.877,A,#2,HOLDING,0.397A/A
3933,2026-06-03 10:12:34,20.0750,4.34,0.527,2.877,A,#3,APPROACH,0.266A/A
3934,2026-06-03 10:12:36,19.9875,4.34,0.329,0.000,B,#3,APPROACH,0.462A/B
3935,2026-06-03 10:12:38,19.9125,4.34,0.329,0.000,B,#3,APPROACH,0.574A/B
3936,2026-06-03 10:12:40,19.8375,4.34,0.329,0.000,B,#3,APPROACH,1.050A/B
3937,2026-06-03 10:12:42,19.7875,4.34,0.329,0.000,B,#3,APPROACH,1.000A/B
3938,2026-06-03 10:12:44,19.7375,7.64,0.329,0.000,B,#3,APPROACH,0.926A/B
3939,2026-06-03 10:12:45,19.6875,7.64,0.926,6.750,B,#3,APPROACH,1.129A/B
3940,2026-06-03 10:12:48,19.7000,7.64,0.926,6.750,B,#3,APPROACH,1.384A/B
3941,2026-06-03 10:12:49,19.7250,7.64,0.926,6.750,B,#3,APPROACH,1.351A/B
3942,2026-06-03 10:12:51,19.7625,10.36,0.926,6.750,B,#3,APPROACH,1.777A/B
3943,2026-06-03 10:12:53,19.8625,10.36,1.463,18.696,B,#3,APPROACH,1.000A/B
3944,2026-06-03 10:12:55,19.9750,10.36,1.463,18.696,B,#3,APPROACH,2.886A/B
3945,2026-06-03 10:12:57,20.1000,10.36,1.463,18.696,B,#3,APPROACH,1.000A/B
3946,2026-06-03 10:12:59,20.2375,8.37,1.463,18.696,B,#3,APPROACH,2.097A/B
3947,2026-06-03 10:13:01,20.3875,8.37,1.530,18.144,B,#3,APPROACH,1.500A/B
3948,2026-06-03 10:13:03,20.5500,8.37,1.530,18.144,B,#3,APPROACH,1.500A/B
3949,2026-06-03 10:13:05,20.7500,8.37,1.530,18.144,B,#3,APPROACH,1.000A/B
3950,2026-06-03 10:13:06,20.9375,8.64,1.530,18.144,B,#3,APPROACH,1.000A/B
3951,2026-06-03 10:13:08,21.1875,8.64,1.000,8.790,B,#3,APPROACH,1.469A/B
3952,2026-06-03 10:13:11,21.3750,8.64,1.000,8.790,B,#3,APPROACH,1.500A/B
3953,2026-06-03 10:13:12,21.6000,8.64,1.000,8.790,B,#3,APPROACH,1.000A/B
3954,2026-06-03 10:13:14,21.8125,8.83,1.000,8.790,B,#3,APPROACH,1.500A/B
3955,2026-06-03 10:13:16,22.0625,8.83,1.229,17.304,B,#3,APPROACH,1.508A/B
3956,2026-06-03 10:13:18,22.3000,8.83,1.229,17.304,B,#3,HOLDING,1.239A/B
3957,2026-06-03 10:13:20,22.5500,8.83,1.229,17.304,B,#3,HOLDING,0.101A/B
3958,2026-06-03 10:13:22,22.7750,8.83,1.229,17.304,OFF,#3,HOLDING,0.000A/OFF
3959,2026-06-03 10:13:23,22.7750,1.93,1.229,17.304,OFF,#3,HOLDING,0.000A/OFF
3960,2026-06-03 10:13:24,23.0500,1.93,0.101,17.304,OFF,#3,HOLDING,0.000A/OFF
3961,2026-06-03 10:13:25,23.0500,1.93,0.101,0.194,OFF,#3,HOLDING,0.000A/OFF
3962,2026-06-03 10:13:26,23.3000,1.93,0.101,0.194,OFF,#3,HOLDING,0.000A/OFF
3963,2026-06-03 10:13:27,23.5000,1.93,0.101,0.194,OFF,#3,HOLDING,0.000A/OFF
3964,2026-06-03 10:13:28,23.5000,1.93,0.101,0.194,OFF,#3,HOLDING,0.000A/OFF
3965,2026-06-03 10:13:29,23.5000,12.00,0.101,0.194,OFF,#3,HOLDING,0.000A/OFF
3966,2026-06-03 10:13:30,23.7375,12.00,0.000,0.000,A,#3,HOLDING,0.247A/A
3967,2026-06-03 10:13:32,23.9625,12.00,0.000,0.000,A,#3,HOLDING,0.319A/A
3968,2026-06-03 10:13:34,24.1500,12.00,0.000,0.000,A,#3,HOLDING,0.513A/A
3969,2026-06-03 10:13:36,24.3250,3.80,0.000,0.000,A,#3,HOLDING,0.432A/A
3970,2026-06-03 10:13:37,24.4750,3.80,0.471,1.438,A,#3,HOLDING,0.452A/A
3971,2026-06-03 10:13:40,24.5750,3.80,0.471,1.438,A,#3,HOLDING,0.417A/A
3972,2026-06-03 10:13:41,24.7250,3.80,0.471,1.438,A,#3,HOLDING,0.457A/A
3973,2026-06-03 10:13:43,24.8250,3.63,0.471,1.438,A,#3,HOLDING,0.548A/A
3974,2026-06-03 10:13:45,24.9125,3.63,0.529,2.449,A,#3,HOLDING,0.559A/A
3975,2026-06-03 10:13:47,24.9625,3.63,0.529,2.449,A,#3,HOLDING,0.650A/A
3976,2026-06-03 10:13:49,25.0000,3.63,0.529,2.449,A,#3,HOLDING,0.662A/A
3977,2026-06-03 10:13:51,25.0500,5.42,0.529,2.449,A,#3,HOLDING,0.731A/A
3978,2026-06-03 10:13:53,25.0625,5.42,0.731,4.473,A,#3,HOLDING,0.809A/A
3979,2026-06-03 10:13:55,25.0625,5.42,0.731,4.473,A,#3,HOLDING,0.864A/A
3980,2026-06-03 10:13:57,25.0625,5.42,0.731,4.473,A,#3,HOLDING,0.925A/A
3981,2026-06-03 10:13:58,25.0625,7.61,0.731,4.473,A,#3,HOLDING,0.993A/A
3982,2026-06-03 10:14:00,25.0250,7.61,0.957,8.241,A,#3,HOLDING,1.045A/A
3983,2026-06-03 10:14:03,25.0000,7.61,0.957,8.241,A,#3,HOLDING,1.126A/A
3984,2026-06-03 10:14:04,24.9250,7.61,0.957,8.241,A,#3,HOLDING,1.000A/A
3985,2026-06-03 10:14:06,24.8500,8.38,0.957,8.241,A,#3,HOLDING,1.000A/A
3986,2026-06-03 10:14:08,24.7625,8.38,1.000,8.530,A,#3,HOLDING,1.140A/A
3987,2026-06-03 10:14:10,24.6625,8.38,1.000,8.530,A,#3,HOLDING,1.208A/A
3988,2026-06-03 10:14:12,24.5750,8.38,1.000,8.530,A,#3,HOLDING,1.239A/A
3989,2026-06-03 10:14:14,24.4250,10.11,1.000,8.530,A,#3,HOLDING,1.272A/A
3990,2026-06-03 10:14:16,24.3250,10.11,1.272,13.419,A,#3,HOLDING,1.302A/A
3991,2026-06-03 10:14:18,24.1750,10.11,1.272,13.419,A,#3,HOLDING,1.287A/A
3992,2026-06-03 10:14:20,24.0500,10.11,1.272,13.419,A,#3,HOLDING,1.000A/A
3993,2026-06-03 10:14:21,23.9250,8.64,1.272,13.419,A,#3,HOLDING,1.312A/A
3994,2026-06-03 10:14:23,23.7625,8.64,1.153,14.313,A,#3,HOLDING,1.000A/A
3995,2026-06-03 10:14:26,23.6125,8.64,1.153,14.313,A,#3,HOLDING,1.331A/A
3996,2026-06-03 10:14:27,23.4500,8.64,1.153,14.313,A,#3,HOLDING,1.331A/A
3997,2026-06-03 10:14:29,23.3000,10.99,1.153,14.313,A,#3,HOLDING,1.335A/A
3998,2026-06-03 10:14:31,23.1375,10.99,1.335,14.978,A,#3,HOLDING,1.328A/A
3999,2026-06-03 10:14:33,22.9375,10.99,1.335,14.978,A,#3,HOLDING,1.316A/A
4000,2026-06-03 10:14:35,22.8250,10.99,1.335,14.978,A,#3,HOLDING,1.000A/A
4001,2026-06-03 10:14:37,22.6250,8.77,1.335,14.978,A,#3,HOLDING,1.299A/A
4002,2026-06-03 10:14:38,22.4500,8.77,1.266,14.366,A,#3,HOLDING,1.268A/A
4003,2026-06-03 10:14:41,22.3000,8.77,1.266,14.366,A,#3,HOLDING,1.222A/A
4004,2026-06-03 10:14:42,22.1125,8.77,1.266,14.366,A,#3,HOLDING,1.131A/A
4005,2026-06-03 10:14:44,21.9375,9.79,1.266,14.366,A,#3,HOLDING,1.000A/A
4006,2026-06-03 10:14:46,21.7625,9.79,1.000,9.030,A,#3,HOLDING,1.056A/A
4007,2026-06-03 10:14:49,21.5875,9.79,1.000,9.030,A,#3,HOLDING,0.984A/A
4008,2026-06-03 10:14:50,21.4500,9.79,1.000,9.030,A,#3,HOLDING,0.925A/A
4009,2026-06-03 10:14:52,21.2750,8.39,1.000,9.030,A,#3,HOLDING,0.845A/A
4010,2026-06-03 10:14:54,21.0875,8.39,0.845,6.700,A,#3,HOLDING,0.753A/A
4011,2026-06-03 10:14:56,20.9375,8.39,0.845,6.700,A,#3,HOLDING,0.644A/A
4012,2026-06-03 10:14:58,20.7625,8.39,0.845,6.700,A,#3,HOLDING,0.554A/A
4013,2026-06-03 10:15:00,20.6125,5.61,0.845,6.700,A,#3,HOLDING,0.454A/A
4014,2026-06-03 10:15:01,20.5125,5.61,0.502,2.210,A,#3,HOLDING,0.352A/A
4015,2026-06-03 10:15:04,20.3625,5.61,0.502,2.210,A,#3,HOLDING,0.221A/A
4016,2026-06-03 10:15:05,20.2375,5.61,0.502,2.210,A,#3,HOLDING,0.120A/A
4017,2026-06-03 10:15:07,20.1375,5.61,0.502,2.210,OFF,#3,HOLDING,0.000A/OFF
4018,2026-06-03 10:15:08,20.1375,2.11,0.502,2.210,OFF,#3,HOLDING,0.000A/OFF
4019,2026-06-03 10:15:09,20.0250,2.11,0.120,2.210,OFF,#3,HOLDING,0.000A/OFF
4020,2026-06-03 10:15:10,20.0250,2.11,0.120,0.248,B,#3,HOLDING,0.159A/B
4021,2026-06-03 10:15:12,19.9000,2.11,0.120,0.248,B,#3,HOLDING,0.282A/B
4022,2026-06-03 10:15:13,19.8375,2.11,0.120,0.248,B,#3,HOLDING,0.384A/B
4023,2026-06-03 10:15:15,19.7625,2.66,0.120,0.248,B,#3,HOLDING,0.500A/B
4024,2026-06-03 10:15:17,19.7125,2.66,0.482,1.870,B,#3,HOLDING,0.627A/B
4025,2026-06-03 10:15:19,19.6375,2.66,0.482,1.870,B,#3,HOLDING,0.797A/B
4026,2026-06-03 10:15:21,19.6250,2.66,0.482,1.870,B,#3,HOLDING,0.909A/B
4027,2026-06-03 10:15:23,19.6250,6.93,0.482,1.870,B,#3,HOLDING,1.039A/B
4028,2026-06-03 10:15:25,19.6250,6.93,0.970,8.447,B,#3,HOLDING,1.000A/B
4029,2026-06-03 10:15:27,19.6500,6.93,0.970,8.447,B,#3,HOLDING,1.000A/B
4030,2026-06-03 10:15:28,19.7000,6.93,0.970,8.447,B,#3,HOLDING,1.163A/B
4031,2026-06-03 10:15:30,19.7750,9.10,0.970,8.447,B,#3,HOLDING,1.283A/B
4032,2026-06-03 10:15:32,19.8500,9.10,1.221,13.035,B,#3,HOLDING,1.399A/B
4033,2026-06-03 10:15:35,19.9250,9.10,1.221,13.035,B,#3,HOLDING,1.549A/B
4034,2026-06-03 10:15:36,20.0750,9.10,1.221,13.035,B,#3,HOLDING,1.638A/B
4035,2026-06-03 10:15:38,20.2000,12.00,1.221,13.035,B,#3,HOLDING,1.713A/B
4036,2026-06-03 10:15:40,20.3875,12.00,1.532,18.144,B,#3,HOLDING,1.000A/B
4037,2026-06-03 10:15:42,20.5625,12.00,1.532,18.144,B,#3,HOLDING,1.500A/B
4038,2026-06-03 10:15:44,20.7375,12.00,1.532,18.144,B,#3,HOLDING,1.500A/B
4039,2026-06-03 10:15:46,20.9375,11.96,1.532,18.144,B,#3,HOLDING,1.500A/B
4040,2026-06-03 10:15:47,21.1750,11.96,1.482,17.580,B,#3,HOLDING,1.500A/B
4041,2026-06-03 10:15:50,21.4000,11.96,1.482,17.580,B,#3,HOLDING,1.500A/B
4042,2026-06-03 10:15:51,21.6250,11.96,1.482,17.580,B,#3,HOLDING,1.717A/B
4043,2026-06-03 10:15:53,21.9000,12.00,1.482,17.580,B,#3,HOLDING,1.749A/B
4044,2026-06-03 10:15:55,22.1125,12.00,1.441,17.100,B,#3,HOLDING,1.776A/B
4045,2026-06-03 10:15:57,22.3625,12.00,1.441,17.100,B,#3,HOLDING,1.500A/B
4046,2026-06-03 10:15:59,22.6250,12.00,1.441,17.100,B,#3,HOLDING,1.500A/B
4047,2026-06-03 10:16:01,22.9250,12.00,1.441,17.100,B,#3,HOLDING,1.760A/B
4048,2026-06-03 10:16:03,23.1875,12.00,1.407,16.716,B,#3,HOLDING,1.756A/B
4049,2026-06-03 10:16:05,23.4625,12.00,1.407,16.716,B,#3,HOLDING,1.750A/B
4050,2026-06-03 10:16:07,23.7500,12.00,1.407,16.716,B,#3,HOLDING,1.500A/B
4051,2026-06-03 10:16:09,24.0250,12.00,1.407,16.716,B,#3,HOLDING,1.725A/B
4052,2026-06-03 10:16:10,24.0250,12.00,1.380,16.392,B,#3,HOLDING,1.716A/B
4053,2026-06-03 10:16:13,24.6375,12.00,1.380,16.392,B,#3,HOLDING,1.500A/B
4054,2026-06-03 10:16:14,24.8750,12.00,1.380,16.392,B,#3,HOLDING,1.545A/B
4055,2026-06-03 10:16:16,25.2000,12.00,1.380,16.392,B,#3,HOLDING,1.419A/B
4056,2026-06-03 10:16:18,25.2000,12.00,1.362,16.176,B,#3,HOLDING,1.396A/B
4057,2026-06-03 10:16:20,25.7375,12.00,1.362,16.176,B,#3,HOLDING,1.232A/B
4058,2026-06-03 10:16:22,25.7375,12.00,1.362,16.176,B,#3,HOLDING,1.186A/B
4059,2026-06-03 10:16:24,26.2750,10.81,1.362,16.176,B,#3,HOLDING,1.057A/B
4060,2026-06-03 10:16:26,26.2750,10.81,1.103,10.580,B,#3,HOLDING,0.959A/B
4061,2026-06-03 10:16:28,26.8625,10.81,1.103,10.580,B,#3,HOLDING,0.740A/B
4062,2026-06-03 10:16:30,26.8625,10.81,1.103,10.580,B,#3,HOLDING,0.641A/B
4063,2026-06-03 10:16:31,27.1000,6.81,1.103,10.580,B,#3,HOLDING,0.476A/B
4064,2026-06-03 10:16:33,27.4000,6.81,0.489,2.703,B,#3,HOLDING,0.312A/B
4065,2026-06-03 10:16:36,27.9375,6.81,0.489,2.703,OFF,#3,HOLDING,0.000A/OFF
4066,2026-06-03 10:16:37,27.9375,6.81,0.489,2.703,OFF,#3,HOLDING,0.000A/OFF
4067,2026-06-03 10:16:38,28.1500,6.81,0.489,2.703,A,#3,HOLDING,0.154A/A
4068,2026-06-03 10:16:40,28.4000,4.31,0.154,2.703,A,#3,HOLDING,0.365A/A
4069,2026-06-03 10:16:41,28.6000,4.31,0.154,0.773,A,#3,HOLDING,0.580A/A
4070,2026-06-03 10:16:43,28.7500,4.31,0.154,0.773,A,#3,HOLDING,0.757A/A
4071,2026-06-03 10:16:45,28.7500,4.31,0.154,0.773,A,#3,HOLDING,0.923A/A
4072,2026-06-03 10:16:46,28.9250,6.71,0.154,0.773,A,#3,HOLDING,1.145A/A
4073,2026-06-03 10:16:48,29.0250,6.71,1.096,9.812,A,#3,HOLDING,1.360A/A
4074,2026-06-03 10:16:51,29.2375,6.71,1.096,9.812,A,#3,HOLDING,1.662A/A
4075,2026-06-03 10:16:52,29.2375,6.71,1.096,9.812,A,#3,HOLDING,1.500A/A
4076,2026-06-03 10:16:54,29.2875,11.05,1.096,9.812,A,#3,HOLDING,1.848A/A
4077,2026-06-03 10:16:56,29.3125,11.05,1.606,19.056,A,#3,HOLDING,1.500A/A
4078,2026-06-03 10:16:58,29.3125,11.05,1.606,19.056,A,#3,HOLDING,2.072A/A
4079,2026-06-03 10:17:00,29.2875,11.05,1.606,19.056,A,#3,HOLDING,2.000A/A
4080,2026-06-03 10:17:02,29.2375,12.00,1.606,19.056,A,#3,HOLDING,1.000A/A
4081,2026-06-03 10:17:04,29.1375,12.00,1.284,8.250,A,#3,HOLDING,2.244A/A
4082,2026-06-03 10:17:06,29.0500,12.00,1.284,8.250,A,#3,HOLDING,2.000A/A
4083,2026-06-03 10:17:08,28.9250,12.00,1.284,8.250,A,#3,HOLDING,1.500A/A
4084,2026-06-03 10:17:09,28.8250,11.67,1.284,8.250,A,#3,HOLDING,2.494A/A
4085,2026-06-03 10:17:11,28.6750,11.67,1.511,17.952,A,#3,HOLDING,2.000A/A
4086,2026-06-03 10:17:14,28.5500,11.67,1.511,17.952,A,#3,HOLDING,2.500A/A
4087,2026-06-03 10:17:15,28.3750,11.67,1.511,17.952,A,#3,HOLDING,1.500A/A
4088,2026-06-03 10:17:17,28.1875,11.90,1.511,17.952,A,#3,HOLDING,2.500A/A
4089,2026-06-03 10:17:19,27.9375,11.90,1.497,17.748,A,#3,HOLDING,2.639A/A
4090,2026-06-03 10:17:21,27.8000,11.90,1.497,17.748,A,#3,HOLDING,1.000A/A
4091,2026-06-03 10:17:23,27.5750,11.90,1.497,17.748,A,#3,HOLDING,1.500A/A
4092,2026-06-03 10:17:25,27.3500,12.00,1.497,17.748,A,#3,HOLDING,1.000A/A
4093,2026-06-03 10:17:26,27.1250,12.00,1.235,8.820,A,#3,HOLDING,1.500A/A
4094,2026-06-03 10:17:29,26.9375,12.00,1.235,8.820,A,#3,HOLDING,2.000A/A
4095,2026-06-03 10:17:30,26.6875,12.00,1.235,8.820,A,#3,HOLDING,1.000A/A
4096,2026-06-03 10:17:32,26.4500,8.81,1.235,8.820,A,#3,HOLDING,2.500A/A
4097,2026-06-03 10:17:34,26.2250,8.81,1.461,17.352,A,#3,HOLDING,2.770A/A
4098,2026-06-03 10:17:36,25.9750,8.81,1.461,17.352,A,#3,HOLDING,1.500A/A
4099,2026-06-03 10:17:38,25.7500,8.81,1.461,17.352,A,#3,HOLDING,1.500A/A
4100,2026-06-03 10:17:40,25.5375,12.00,1.461,17.352,A,#3,HOLDING,2.500A/A
4101,2026-06-03 10:17:42,25.2875,12.00,1.434,16.944,A,#3,HOLDING,2.500A/A
4102,2026-06-03 10:17:44,25.1000,12.00,1.434,16.944,A,#3,HOLDING,1.000A/A
4103,2026-06-03 10:17:46,24.8750,12.00,1.434,16.944,A,#3,HOLDING,1.000A/A
4104,2026-06-03 10:17:48,24.6250,8.97,1.434,16.944,A,#3,HOLDING,2.000A/A
4105,2026-06-03 10:17:49,24.3750,8.97,1.217,17.040,A,#3,HOLDING,2.000A/A
4106,2026-06-03 10:17:52,24.1875,8.97,1.217,17.040,A,#3,HOLDING,1.500A/A
4107,2026-06-03 10:17:53,23.9375,8.97,1.217,17.040,A,#4,APPROACH,2.709A/A
4108,2026-06-03 10:17:55,23.7500,7.30,1.217,17.040,B,#4,APPROACH,0.119A/B
4109,2026-06-03 10:17:57,23.5000,7.30,0.043,17.040,B,#4,APPROACH,0.218A/B
4110,2026-06-03 10:17:59,23.2875,7.30,0.043,0.000,B,#4,APPROACH,0.317A/B
4111,2026-06-03 10:18:02,23.1125,7.30,0.043,0.000,B,#4,APPROACH,0.446A/B
4112,2026-06-03 10:18:03,22.9125,7.30,0.043,0.000,B,#4,APPROACH,0.547A/B
4113,2026-06-03 10:18:05,22.7375,3.88,0.043,0.000,B,#4,APPROACH,0.664A/B
4114,2026-06-03 10:18:07,22.5875,3.88,0.664,3.399,B,#4,APPROACH,0.742A/B
4115,2026-06-03 10:18:09,22.4875,3.88,0.664,3.399,B,#4,APPROACH,0.894A/B
4116,2026-06-03 10:18:11,22.4000,3.88,0.664,3.399,B,#4,APPROACH,1.001A/B
4117,2026-06-03 10:18:13,22.3250,7.65,0.664,3.399,B,#4,APPROACH,1.127A/B
4118,2026-06-03 10:18:14,22.3000,7.65,1.061,9.906,B,#4,APPROACH,1.252A/B
4119,2026-06-03 10:18:17,22.2500,7.65,1.061,9.906,B,#4,APPROACH,1.415A/B
4120,2026-06-03 10:18:18,22.2500,7.65,1.061,9.906,B,#4,APPROACH,1.500A/B
4121,2026-06-03 10:18:20,22.2500,11.38,1.061,9.906,B,#4,APPROACH,1.519A/B
4122,2026-06-03 10:18:22,22.3125,11.38,1.519,17.863,B,#4,APPROACH,1.636A/B
4123,2026-06-03 10:18:24,22.3625,11.38,1.519,17.863,B,#4,APPROACH,1.790A/B
4124,2026-06-03 10:18:26,22.4250,11.38,1.519,17.863,B,#4,APPROACH,1.889A/B
4125,2026-06-03 10:18:28,22.5750,12.00,1.519,17.863,B,#4,APPROACH,1.000A/B
4126,2026-06-03 10:18:30,22.6750,12.00,1.034,8.590,B,#4,APPROACH,1.987A/B
4127,2026-06-03 10:18:32,22.8750,12.00,1.034,8.590,B,#4,APPROACH,2.076A/B
4128,2026-06-03 10:18:34,23.0250,12.00,1.034,8.590,B,#4,APPROACH,2.000A/B
4129,2026-06-03 10:18:36,23.2000,12.00,1.034,8.590,B,#4,APPROACH,1.500A/B
4130,2026-06-03 10:18:37,23.4250,12.00,1.465,17.340,B,#4,APPROACH,1.500A/B
4131,2026-06-03 10:18:40,23.5750,12.00,1.465,17.340,B,#4,APPROACH,1.000A/B
4132,2026-06-03 10:18:41,23.7750,12.00,1.465,17.340,B,#4,APPROACH,2.101A/B
4133,2026-06-03 10:18:43,24.0250,12.00,1.465,17.340,B,#4,APPROACH,2.000A/B
4134,2026-06-03 10:18:45,24.2375,12.00,1.423,16.884,B,#4,APPROACH,2.129A/B
4135,2026-06-03 10:18:47,24.4875,12.00,1.423,16.884,B,#4,APPROACH,2.179A/B
4136,2026-06-03 10:18:49,24.7125,12.00,1.423,16.884,B,#4,HOLDING,1.000A/B
4137,2026-06-03 10:18:51,24.9375,12.00,1.423,16.884,OFF,#4,HOLDING,0.000A/OFF
4138,2026-06-03 10:18:52,24.9375,9.11,1.423,16.884,OFF,#4,HOLDING,0.000A/OFF
4139,2026-06-03 10:18:53,25.1875,9.11,1.000,16.884,OFF,#4,HOLDING,0.000A/OFF
4140,2026-06-03 10:18:54,25.4625,9.11,1.000,1.343,OFF,#4,HOLDING,0.000A/OFF
4141,2026-06-03 10:18:55,25.4625,9.11,1.000,1.343,OFF,#4,HOLDING,0.000A/OFF
4142,2026-06-03 10:18:56,25.6875,9.11,1.000,1.343,OFF,#4,HOLDING,0.000A/OFF
4143,2026-06-03 10:18:57,25.6875,9.11,1.000,1.343,OFF,#4,HOLDING,0.000A/OFF
4144,2026-06-03 10:18:58,25.9375,12.00,1.000,1.343,OFF,#4,HOLDING,0.000A/OFF
4145,2026-06-03 10:18:59,25.9375,12.00,0.000,1.343,OFF,#4,HOLDING,0.000A/OFF
4146,2026-06-03 10:19:00,26.1875,12.00,0.000,0.000,OFF,#4,HOLDING,0.000A/OFF
4147,2026-06-03 10:19:01,26.1875,12.00,0.000,0.000,OFF,#4,HOLDING,0.000A/OFF
4148,2026-06-03 10:19:02,26.3875,12.00,0.000,0.000,OFF,#4,HOLDING,0.000A/OFF
4149,2026-06-03 10:19:03,26.3875,12.00,0.000,0.000,OFF,#4,HOLDING,0.000A/OFF
4150,2026-06-03 10:19:04,26.5625,12.00,0.000,0.000,OFF,#4,HOLDING,0.000A/OFF
4151,2026-06-03 10:19:05,26.5625,12.00,0.000,0.000,OFF,#4,HOLDING,0.000A/OFF
4152,2026-06-03 10:19:06,26.7625,12.00,0.000,0.000,A,#4,HOLDING,0.170A/A
4153,2026-06-03 10:19:08,26.9000,12.00,0.000,0.000,A,#4,HOLDING,0.205A/A
4154,2026-06-03 10:19:09,27.0250,12.00,0.000,0.000,A,#4,HOLDING,0.268A/A
4155,2026-06-03 10:19:11,27.1375,1.77,0.000,0.000,A,#4,HOLDING,0.302A/A
4156,2026-06-03 10:19:13,27.2625,1.77,0.283,0.667,A,#4,HOLDING,0.366A/A
4157,2026-06-03 10:19:15,27.3250,1.77,0.283,0.667,A,#4,HOLDING,0.436A/A
4158,2026-06-03 10:19:17,27.3750,1.77,0.283,0.667,A,#4,HOLDING,0.487A/A
4159,2026-06-03 10:19:19,27.4375,3.76,0.283,0.667,A,#4,HOLDING,0.547A/A
4160,2026-06-03 10:19:21,27.4375,3.76,0.516,2.406,A,#4,HOLDING,0.607A/A
4161,2026-06-03 10:19:23,27.5000,3.76,0.516,2.406,A,#4,HOLDING,0.694A/A
4162,2026-06-03 10:19:25,27.4750,3.76,0.516,2.406,A,#4,HOLDING,0.740A/A
4163,2026-06-03 10:19:27,27.5000,6.00,0.516,2.406,A,#4,HOLDING,0.810A/A
4164,2026-06-03 10:19:28,27.4500,6.00,0.797,5.402,A,#4,HOLDING,0.861A/A
4165,2026-06-03 10:19:31,27.4375,6.00,0.797,5.402,A,#4,HOLDING,0.945A/A
4166,2026-06-03 10:19:32,27.3875,6.00,0.797,5.402,A,#4,HOLDING,0.987A/A
4167,2026-06-03 10:19:34,27.3250,8.00,0.797,5.402,A,#4,HOLDING,1.043A/A
4168,2026-06-03 10:19:36,27.2250,8.00,1.043,8.969,A,#4,HOLDING,1.085A/A
4169,2026-06-03 10:19:38,27.1250,8.00,1.043,8.969,A,#4,HOLDING,1.144A/A
4170,2026-06-03 10:19:40,27.0250,8.00,1.043,8.969,A,#4,HOLDING,1.177A/A
4171,2026-06-03 10:19:42,26.9000,9.54,1.043,8.969,A,#4,HOLDING,1.213A/A
4172,2026-06-03 10:19:44,26.7750,9.54,1.193,12.142,A,#4,HOLDING,1.241A/A
4173,2026-06-03 10:19:46,26.6250,9.54,1.193,12.142,A,#4,HOLDING,1.232A/A
4174,2026-06-03 10:19:48,26.5000,9.54,1.193,12.142,A,#4,HOLDING,1.256A/A
4175,2026-06-03 10:19:49,26.5000,10.19,1.193,12.142,A,#4,HOLDING,1.297A/A
4176,2026-06-03 10:19:51,26.1750,10.19,1.297,13.994,A,#4,HOLDING,1.296A/A
4177,2026-06-03 10:19:54,26.0125,10.19,1.297,13.994,A,#4,HOLDING,1.313A/A
4178,2026-06-03 10:19:55,25.8125,10.19,1.297,13.994,A,#4,HOLDING,1.296A/A
4179,2026-06-03 10:19:57,25.8125,10.71,1.297,13.994,A,#4,HOLDING,1.330A/A
4180,2026-06-03 10:19:59,25.4375,10.71,1.330,14.829,A,#4,HOLDING,1.000A/A
4181,2026-06-03 10:20:01,25.2625,10.71,1.330,14.829,A,#4,HOLDING,1.305A/A
4182,2026-06-03 10:20:03,25.0625,10.71,1.330,14.829,A,#4,HOLDING,1.262A/A
4183,2026-06-03 10:20:05,25.0625,10.57,1.330,14.829,A,#4,HOLDING,1.274A/A
4184,2026-06-03 10:20:07,24.8750,10.57,1.274,13.873,A,#4,HOLDING,1.000A/A
4185,2026-06-03 10:20:09,24.4750,10.57,1.274,13.873,A,#4,HOLDING,1.167A/A
4186,2026-06-03 10:20:11,24.2500,10.57,1.274,13.873,A,#4,HOLDING,1.082A/A
4187,2026-06-03 10:20:12,24.2500,9.42,1.274,13.873,A,#4,HOLDING,1.048A/A
4188,2026-06-03 10:20:14,24.0750,9.42,1.048,9.819,A,#4,HOLDING,0.993A/A
4189,2026-06-03 10:20:17,23.6625,9.42,1.048,9.819,A,#4,HOLDING,0.868A/A
4190,2026-06-03 10:20:18,23.6625,9.42,1.048,9.819,A,#4,HOLDING,0.803A/A
4191,2026-06-03 10:20:20,23.4625,7.41,1.048,9.819,A,#4,HOLDING,0.706A/A
4192,2026-06-03 10:20:22,23.2625,7.41,0.706,4.807,A,#4,HOLDING,0.619A/A
4193,2026-06-03 10:20:24,22.8875,7.41,0.706,4.807,A,#4,HOLDING,0.433A/A
4194,2026-06-03 10:20:26,22.8875,7.41,0.706,4.807,A,#4,HOLDING,0.366A/A
4195,2026-06-03 10:20:28,22.7125,4.11,0.706,4.807,A,#4,HOLDING,0.247A/A
4196,2026-06-03 10:20:30,22.5500,4.11,0.247,0.760,A,#4,HOLDING,0.164A/A
4197,2026-06-03 10:20:32,22.2625,4.11,0.247,0.760,OFF,#4,HOLDING,0.000A/OFF
4198,2026-06-03 10:20:33,22.2625,4.11,0.247,0.760,OFF,#4,HOLDING,0.000A/OFF
4199,2026-06-03 10:20:34,22.1125,4.11,0.247,0.760,B,#4,HOLDING,0.168A/B
4200,2026-06-03 10:20:36,21.9625,2.80,0.168,0.760,B,#4,HOLDING,0.320A/B
4201,2026-06-03 10:20:38,21.8375,2.80,0.168,0.720,B,#4,HOLDING,0.474A/B
4202,2026-06-03 10:20:39,21.8375,2.80,0.168,0.720,B,#4,HOLDING,0.583A/B
4203,2026-06-03 10:20:41,21.7500,2.80,0.168,0.720,B,#4,HOLDING,0.713A/B
4204,2026-06-03 10:20:43,21.7000,5.38,0.168,0.720,B,#4,HOLDING,0.865A/B
4205,2026-06-03 10:20:45,21.6250,5.38,0.850,5.916,B,#4,HOLDING,1.024A/B
4206,2026-06-03 10:20:47,21.5750,5.38,0.850,5.916,B,#4,HOLDING,1.221A/B
4207,2026-06-03 10:20:49,21.5625,5.38,0.850,5.916,B,#4,HOLDING,1.350A/B
4208,2026-06-03 10:20:50,21.5375,10.23,0.850,5.916,B,#4,HOLDING,1.506A/B
4209,2026-06-03 10:20:52,21.5625,10.23,1.506,17.364,B,#4,HOLDING,1.649A/B
4210,2026-06-03 10:20:55,21.6125,10.23,1.506,17.364,B,#4,HOLDING,1.500A/B
4211,2026-06-03 10:20:56,21.6375,10.23,1.506,17.364,B,#4,HOLDING,1.000A/B
4212,2026-06-03 10:20:58,21.7125,8.40,1.506,17.364,B,#4,HOLDING,1.835A/B
4213,2026-06-03 10:21:00,21.8500,8.40,1.334,18.108,B,#4,HOLDING,1.500A/B
4214,2026-06-03 10:21:02,21.9500,8.40,1.334,18.108,B,#4,HOLDING,1.961A/B
4215,2026-06-03 10:21:04,22.1375,8.40,1.334,18.108,B,#4,HOLDING,2.000A/B
4216,2026-06-03 10:21:06,22.2625,12.00,1.334,18.108,B,#4,HOLDING,1.000A/B
4217,2026-06-03 10:21:07,22.4750,12.00,1.078,8.790,B,#4,HOLDING,2.000A/B
4218,2026-06-03 10:21:10,22.6250,12.00,1.078,8.790,B,#4,HOLDING,1.500A/B
4219,2026-06-03 10:21:11,22.8125,12.00,1.078,8.790,B,#4,HOLDING,1.500A/B
4220,2026-06-03 10:21:13,23.0625,12.00,1.078,8.790,B,#4,HOLDING,1.000A/B
4221,2026-06-03 10:21:15,23.2500,12.00,1.011,8.990,B,#4,HOLDING,1.955A/B
4222,2026-06-03 10:21:18,23.5000,12.00,1.011,8.990,B,#4,HOLDING,2.000A/B
4223,2026-06-03 10:21:19,23.6750,12.00,1.011,8.990,B,#4,HOLDING,2.042A/B
4224,2026-06-03 10:21:21,23.9250,12.00,1.011,8.990,B,#4,HOLDING,1.000A/B
4225,2026-06-03 10:21:23,24.1500,12.00,1.216,9.130,B,#4,HOLDING,1.500A/B
4226,2026-06-03 10:21:25,24.4000,12.00,1.216,9.130,B,#4,HOLDING,1.500A/B
4227,2026-06-03 10:21:27,24.6250,12.00,1.216,9.130,B,#4,HOLDING,1.500A/B
4228,2026-06-03 10:21:29,24.8750,12.00,1.216,9.130,B,#4,HOLDING,1.994A/B
4229,2026-06-03 10:21:30,25.1125,12.00,1.394,16.548,B,#4,HOLDING,2.008A/B
4230,2026-06-03 10:21:33,25.3625,12.00,1.394,16.548,B,#4,HOLDING,1.000A/B
4231,2026-06-03 10:21:34,25.5875,12.00,1.394,16.548,B,#4,HOLDING,2.026A/B
4232,2026-06-03 10:21:36,25.8125,12.00,1.394,16.548,B,#4,HOLDING,2.000A/B
4233,2026-06-03 10:21:38,26.0625,12.00,1.369,16.260,B,#4,HOLDING,1.000A/B
4234,2026-06-03 10:21:40,26.3125,12.00,1.369,16.260,B,#4,HOLDING,2.000A/B
4235,2026-06-03 10:21:42,26.5500,12.00,1.369,16.260,B,#4,HOLDING,2.000A/B
4236,2026-06-03 10:21:44,26.8000,12.00,1.369,16.260,B,#4,HOLDING,1.958A/B
4237,2026-06-03 10:21:46,27.0250,12.00,1.352,16.056,B,#4,HOLDING,1.000A/B
4238,2026-06-03 10:21:48,27.2750,12.00,1.352,16.056,B,#4,HOLDING,1.887A/B
4239,2026-06-03 10:21:50,27.5000,12.00,1.352,16.056,B,#4,HOLDING,1.815A/B
4240,2026-06-03 10:21:52,27.7750,12.00,1.352,16.056,B,#4,HOLDING,1.717A/B
4241,2026-06-03 10:21:53,28.0250,12.00,1.338,15.900,B,#4,HOLDING,1.000A/B
4242,2026-06-03 10:21:56,28.2750,12.00,1.338,15.900,B,#4,HOLDING,1.604A/B
4243,2026-06-03 10:21:57,28.5250,12.00,1.338,15.900,B,#4,HOLDING,1.000A/B
4244,2026-06-03 10:21:59,28.7500,9.55,1.338,15.900,B,#4,HOLDING,1.539A/B
4245,2026-06-03 10:22:01,28.9875,9.55,1.330,15.816,B,#4,HOLDING,1.403A/B
4246,2026-06-03 10:22:03,29.2375,9.55,1.330,15.816,B,#4,HOLDING,1.221A/B
4247,2026-06-03 10:22:05,29.4625,9.55,1.330,15.816,B,#4,HOLDING,1.080A/B
4248,2026-06-03 10:22:07,29.6625,10.21,1.330,15.816,B,#4,HOLDING,0.917A/B
4249,2026-06-03 10:22:09,29.9000,10.21,0.997,8.372,B,#4,HOLDING,0.746A/B
4250,2026-06-03 10:22:11,30.1250,10.21,0.997,8.372,B,#4,HOLDING,0.526A/B
4251,2026-06-03 10:22:13,30.3625,10.21,0.997,8.372,B,#4,HOLDING,0.339A/B
4252,2026-06-03 10:22:15,30.5625,4.62,0.997,8.372,B,#4,HOLDING,0.146A/B
4253,2026-06-03 10:22:16,30.7375,4.62,0.242,8.372,OFF,#4,HOLDING,0.000A/OFF
4254,2026-06-03 10:22:17,30.9375,4.62,0.242,0.424,OFF,#4,HOLDING,0.133A/A
4255,2026-06-03 10:22:19,30.9375,4.62,0.242,0.424,A,#4,HOLDING,0.298A/A
4256,2026-06-03 10:22:21,31.1125,4.62,0.242,0.424,A,#4,HOLDING,0.500A/A
4257,2026-06-03 10:22:22,31.2625,3.13,0.242,0.424,A,#4,HOLDING,0.693A/A
4258,2026-06-03 10:22:24,31.4250,3.13,0.593,3.437,A,#4,HOLDING,0.943A/A
4259,2026-06-03 10:22:27,31.6000,3.13,0.593,3.437,A,#4,HOLDING,1.000A/A
4260,2026-06-03 10:22:28,31.6625,3.13,0.593,3.437,A,#4,HOLDING,1.214A/A
4261,2026-06-03 10:22:30,31.7375,8.98,0.593,3.437,A,#4,HOLDING,1.453A/A
4262,2026-06-03 10:22:32,31.7875,8.98,1.333,15.823,A,#4,HOLDING,1.659A/A
4263,2026-06-03 10:22:34,31.8125,8.98,1.333,15.823,A,#4,HOLDING,1.500A/A
4264,2026-06-03 10:22:36,31.8125,8.98,1.333,15.823,A,#4,HOLDING,1.974A/A
4265,2026-06-03 10:22:38,31.7875,12.00,1.333,15.823,A,#4,HOLDING,2.235A/A
4266,2026-06-03 10:22:40,31.6875,12.00,1.584,18.708,A,#4,HOLDING,2.000A/A
4267,2026-06-03 10:22:42,31.5625,12.00,1.584,18.708,A,#4,HOLDING,1.000A/A
4268,2026-06-03 10:22:44,31.4500,12.00,1.584,18.708,A,#4,HOLDING,2.433A/A
4269,2026-06-03 10:22:45,31.3000,12.00,1.584,18.708,A,#4,HOLDING,1.000A/A
4270,2026-06-03 10:22:47,31.1375,12.00,1.051,8.430,A,#4,HOLDING,2.000A/A
4271,2026-06-03 10:22:50,30.9375,12.00,1.051,8.430,A,#4,HOLDING,2.000A/A
4272,2026-06-03 10:22:51,30.7625,12.00,1.051,8.430,A,#4,HOLDING,2.500A/A
4273,2026-06-03 10:22:53,30.5625,12.00,1.051,8.430,A,#4,HOLDING,2.505A/A
4274,2026-06-03 10:22:55,30.3500,12.00,1.502,17.820,A,#4,HOLDING,1.000A/A
4275,2026-06-03 10:22:57,30.1000,12.00,1.502,17.820,A,#4,HOLDING,2.000A/A
4276,2026-06-03 10:22:59,29.8750,12.00,1.502,17.820,A,#4,HOLDING,2.614A/A
4277,2026-06-03 10:23:01,29.6250,12.00,1.502,17.820,A,#4,HOLDING,2.500A/A
4278,2026-06-03 10:23:03,29.4125,12.00,1.473,17.448,A,#4,HOLDING,2.500A/A
4279,2026-06-03 10:23:05,29.1625,12.00,1.473,17.448,A,#4,HOLDING,2.741A/A
4280,2026-06-03 10:23:07,28.9375,12.00,1.473,17.448,A,#4,HOLDING,2.500A/A
4281,2026-06-03 10:23:08,28.6625,12.00,1.473,17.448,A,#4,HOLDING,2.000A/A
4282,2026-06-03 10:23:10,28.4125,12.00,1.440,17.064,A,#4,HOLDING,2.713A/A
4283,2026-06-03 10:23:13,28.1625,12.00,1.440,17.064,A,#4,HOLDING,2.827A/A
4284,2026-06-03 10:23:14,27.8750,12.00,1.440,17.064,A,#4,HOLDING,2.000A/A
4285,2026-06-03 10:23:16,27.6250,12.00,1.440,17.064,A,#4,HOLDING,2.500A/A
4286,2026-06-03 10:23:18,27.3500,12.00,1.438,17.076,A,#4,HOLDING,2.846A/A
4287,2026-06-03 10:23:20,27.0750,12.00,1.438,17.076,A,#4,HOLDING,2.908A/A
4288,2026-06-03 10:23:22,26.8375,12.00,1.438,17.076,A,#4,HOLDING,2.500A/A
4289,2026-06-03 10:23:24,26.5375,12.00,1.438,17.076,A,#4,HOLDING,2.000A/A
4290,2026-06-03 10:23:26,26.2625,12.00,1.415,16.872,A,#4,HOLDING,2.866A/A
4291,2026-06-03 10:23:28,26.0125,12.00,1.415,16.872,A,#5,APPROACH,1.500A/A
4292,2026-06-03 10:23:29,25.7625,12.00,1.415,16.872,OFF,#5,HOLDING,0.000A/OFF
4293,2026-06-03 10:23:30,25.4875,12.00,1.415,16.872,OFF,#5,HOLDING,0.000A/OFF
4294,2026-06-03 10:23:31,25.4875,12.00,1.415,16.872,OFF,#5,HOLDING,0.000A/OFF
4295,2026-06-03 10:23:32,25.2250,12.00,0.000,16.872,B,#5,HOLDING,0.193A/B
4296,2026-06-03 10:23:35,25.0000,12.00,0.000,0.179,B,#5,HOLDING,0.220A/B
4297,2026-06-03 10:23:36,24.7625,12.00,0.000,0.179,B,#5,HOLDING,0.301A/B
4298,2026-06-03 10:23:38,24.7625,12.00,0.000,0.179,B,#5,HOLDING,0.291A/B
4299,2026-06-03 10:23:40,24.5625,1.89,0.000,0.179,B,#5,HOLDING,0.358A/B
4300,2026-06-03 10:23:42,24.3875,1.89,0.328,0.927,B,#5,HOLDING,0.417A/B
4301,2026-06-03 10:23:44,24.1375,1.89,0.328,0.927,B,#5,HOLDING,0.539A/B
4302,2026-06-03 10:23:46,24.1375,1.89,0.328,0.927,B,#5,HOLDING,0.578A/B
4303,2026-06-03 10:23:47,24.0375,4.46,0.328,0.927,B,#5,HOLDING,0.648A/B
4304,2026-06-03 10:23:49,23.9250,4.46,0.633,3.369,B,#5,HOLDING,0.722A/B
4305,2026-06-03 10:23:52,23.8000,4.46,0.633,3.369,B,#5,HOLDING,0.845A/B
4306,2026-06-03 10:23:53,23.8000,4.46,0.633,3.369,B,#5,HOLDING,0.905A/B
4307,2026-06-03 10:23:55,23.7250,7.18,0.633,3.369,B,#5,HOLDING,0.990A/B
4308,2026-06-03 10:23:57,23.6875,7.18,0.979,7.999,B,#5,HOLDING,1.070A/B
4309,2026-06-03 10:23:59,23.6875,7.18,0.979,7.999,B,#5,HOLDING,1.182A/B
4310,2026-06-03 10:24:01,23.6875,7.18,0.979,7.999,B,#5,HOLDING,1.248A/B
4311,2026-06-03 10:24:03,23.7375,9.92,0.979,7.999,B,#5,HOLDING,1.321A/B
4312,2026-06-03 10:24:05,23.7875,9.92,1.321,14.095,B,#5,HOLDING,1.395A/B
4313,2026-06-03 10:24:07,23.9125,9.92,1.321,14.095,B,#5,HOLDING,1.478A/B
4314,2026-06-03 10:24:09,23.9125,9.92,1.321,14.095,B,#5,HOLDING,1.550A/B
4315,2026-06-03 10:24:10,24.0125,12.00,1.321,14.095,B,#5,HOLDING,1.614A/B
4316,2026-06-03 10:24:12,24.1375,12.00,1.487,17.604,B,#5,HOLDING,1.673A/B
4317,2026-06-03 10:24:15,24.4125,12.00,1.487,17.604,B,#5,HOLDING,1.500A/B
4318,2026-06-03 10:24:16,24.4125,12.00,1.487,17.604,B,#5,HOLDING,1.723A/B
4319,2026-06-03 10:24:18,24.5625,12.00,1.487,17.604,B,#5,HOLDING,1.767A/B
4320,2026-06-03 10:24:20,24.7375,12.00,1.443,17.088,B,#5,HOLDING,1.809A/B
4321,2026-06-03 10:24:22,24.9125,12.00,1.443,17.088,B,#5,HOLDING,1.839A/B
4322,2026-06-03 10:24:24,25.0875,12.00,1.443,17.088,B,#5,HOLDING,1.855A/B
4323,2026-06-03 10:24:26,25.3125,12.00,1.443,17.088,B,#5,HOLDING,1.866A/B
4324,2026-06-03 10:24:28,25.5000,12.00,1.400,16.608,B,#5,HOLDING,1.500A/B
4325,2026-06-03 10:24:30,25.7500,12.00,1.400,16.608,B,#5,HOLDING,1.828A/B
4326,2026-06-03 10:24:32,25.9250,12.00,1.400,16.608,B,#5,HOLDING,1.833A/B
4327,2026-06-03 10:24:33,26.1750,12.00,1.400,16.608,OFF,#5,HOLDING,0.000A/OFF
4328,2026-06-03 10:24:34,26.4000,12.00,1.400,16.608,OFF,#5,HOLDING,0.000A/OFF
4329,2026-06-03 10:24:35,26.4000,12.00,1.374,16.608,OFF,#5,HOLDING,0.000A/OFF
4330,2026-06-03 10:24:36,26.6500,12.00,1.374,0.000,A,#5,HOLDING,0.109A/A
4331,2026-06-03 10:24:38,26.8750,12.00,1.374,0.000,A,#5,HOLDING,0.124A/A
4332,2026-06-03 10:24:40,27.1562,12.00,1.374,0.000,A,#5,HOLDING,0.193A/A
4333,2026-06-03 10:24:41,27.1562,0.63,1.374,0.000,A,#5,HOLDING,0.185A/A
4334,2026-06-03 10:24:43,27.3250,0.63,0.185,0.135,A,#5,HOLDING,0.226A/A
4335,2026-06-03 10:24:45,27.6750,0.63,0.185,0.135,A,#5,HOLDING,0.363A/A
4336,2026-06-03 10:24:47,27.6750,0.63,0.185,0.135,A,#5,HOLDING,0.416A/A
4337,2026-06-03 10:24:49,27.8750,2.84,0.185,0.135,A,#5,HOLDING,0.498A/A
4338,2026-06-03 10:24:51,27.9875,2.84,0.455,1.847,A,#5,HOLDING,0.560A/A
4339,2026-06-03 10:24:53,28.1125,2.84,0.455,1.847,A,#5,HOLDING,0.676A/A
4340,2026-06-03 10:24:55,28.2250,2.84,0.455,1.847,A,#5,HOLDING,0.745A/A
4341,2026-06-03 10:24:57,28.3000,5.84,0.455,1.847,A,#5,HOLDING,0.831A/A
4342,2026-06-03 10:24:58,28.3500,5.84,0.790,5.559,A,#5,HOLDING,0.915A/A
4343,2026-06-03 10:25:01,28.3750,5.84,0.790,5.559,A,#5,HOLDING,1.016A/A
4344,2026-06-03 10:25:02,28.4125,5.84,0.790,5.559,A,#5,HOLDING,1.091A/A
4345,2026-06-03 10:25:04,28.4375,8.50,0.790,5.559,A,#5,HOLDING,1.000A/A
4346,2026-06-03 10:25:06,28.4000,8.50,1.000,8.160,A,#5,HOLDING,1.172A/A
4347,2026-06-03 10:25:08,28.3750,8.50,1.000,8.160,A,#5,HOLDING,1.276A/A
4348,2026-06-03 10:25:10,28.3000,8.50,1.000,8.160,A,#5,HOLDING,1.333A/A
4349,2026-06-03 10:25:12,28.2250,10.45,1.000,8.160,A,#5,HOLDING,1.000A/A
4350,2026-06-03 10:25:14,28.1125,10.45,1.000,8.330,A,#5,HOLDING,1.392A/A
4351,2026-06-03 10:25:16,27.9875,10.45,1.000,8.330,A,#5,HOLDING,1.000A/A
4352,2026-06-03 10:25:18,27.8875,10.45,1.000,8.330,A,#5,HOLDING,1.469A/A
4353,2026-06-03 10:25:19,27.7375,11.51,1.000,8.330,A,#5,HOLDING,1.522A/A
4354,2026-06-03 10:25:21,27.5750,11.51,1.493,18.060,A,#5,HOLDING,1.566A/A
4355,2026-06-03 10:25:24,27.4250,11.51,1.493,18.060,A,#5,HOLDING,1.625A/A
4356,2026-06-03 10:25:25,27.2625,11.51,1.493,18.060,A,#5,HOLDING,1.610A/A
4357,2026-06-03 10:25:27,27.0875,12.00,1.493,18.060,A,#5,HOLDING,1.650A/A
4358,2026-06-03 10:25:29,26.8875,12.00,1.488,17.688,A,#5,HOLDING,1.675A/A
4359,2026-06-03 10:25:31,26.6875,12.00,1.488,17.688,A,#5,HOLDING,1.710A/A
4360,2026-06-03 10:25:33,26.4875,12.00,1.488,17.688,A,#5,HOLDING,1.721A/A
4361,2026-06-03 10:25:35,26.2625,12.00,1.488,17.688,OFF,#5,HOLDING,0.000A/OFF
4362,2026-06-03 10:25:36,26.0375,12.00,1.488,17.688,OFF,#5,HOLDING,0.000A/OFF
4363,2026-06-03 10:25:37,26.0375,12.00,1.465,17.688,OFF,#5,HOLDING,0.000A/OFF
4364,2026-06-03 10:25:38,25.8125,12.00,1.465,0.000,OFF,#5,HOLDING,0.000A/OFF
4365,2026-06-03 10:25:39,25.8125,12.00,1.465,0.000,OFF,#5,HOLDING,0.000A/OFF
4366,2026-06-03 10:25:40,25.6000,12.00,1.465,0.000,OFF,#5,HOLDING,0.000A/OFF
4367,2026-06-03 10:25:41,25.6000,12.00,1.465,0.000,OFF,#5,HOLDING,0.000A/OFF
4368,2026-06-03 10:25:42,25.3750,12.00,1.465,0.000,B,#5,HOLDING,0.168A/B
4369,2026-06-03 10:25:43,25.2000,12.00,0.000,0.000,B,#5,HOLDING,0.184A/B
4370,2026-06-03 10:25:46,25.0000,12.00,0.000,0.000,B,#5,HOLDING,0.259A/B
4371,2026-06-03 10:25:47,24.8375,12.00,0.000,0.000,B,#5,HOLDING,0.283A/B
4372,2026-06-03 10:25:49,24.6875,1.97,0.000,0.000,B,#5,HOLDING,0.334A/B
4373,2026-06-03 10:25:51,24.5750,1.97,0.334,0.848,B,#5,HOLDING,0.389A/B
4374,2026-06-03 10:25:53,24.4250,1.97,0.334,0.848,B,#5,HOLDING,0.464A/B
4375,2026-06-03 10:25:55,24.3625,1.97,0.334,0.848,B,#5,HOLDING,0.512A/B
4376,2026-06-03 10:25:57,24.2625,4.03,0.334,0.848,B,#5,HOLDING,0.581A/B
4377,2026-06-03 10:25:59,24.2125,4.03,0.544,2.753,B,#5,HOLDING,0.642A/B
4378,2026-06-03 10:26:01,24.1375,4.03,0.544,2.753,B,#5,HOLDING,0.733A/B
4379,2026-06-03 10:26:03,24.0625,4.03,0.544,2.753,B,#5,HOLDING,0.797A/B
4380,2026-06-03 10:26:04,24.0625,6.51,0.544,2.753,B,#5,HOLDING,0.864A/B
4381,2026-06-03 10:26:06,24.0000,6.51,0.830,6.229,B,#5,HOLDING,0.942A/B
4382,2026-06-03 10:26:09,24.0000,6.51,0.830,6.229,B,#5,HOLDING,1.027A/B
4383,2026-06-03 10:26:10,24.0375,6.51,0.830,6.229,B,#5,HOLDING,1.084A/B
4384,2026-06-03 10:26:12,24.0625,8.88,0.830,6.229,B,#5,HOLDING,1.145A/B
4385,2026-06-03 10:26:14,24.1000,8.88,1.130,10.888,B,#5,HOLDING,1.000A/B
4386,2026-06-03 10:26:16,24.1500,8.88,1.130,10.888,B,#5,HOLDING,1.208A/B
4387,2026-06-03 10:26:18,24.2250,8.88,1.130,10.888,B,#5,HOLDING,1.254A/B
4388,2026-06-03 10:26:20,24.3000,10.26,1.130,10.888,B,#5,HOLDING,1.310A/B
4389,2026-06-03 10:26:22,24.3875,10.26,1.310,14.252,B,#5,HOLDING,1.360A/B
4390,2026-06-03 10:26:24,24.5125,10.26,1.310,14.252,B,#5,HOLDING,1.424A/B
4391,2026-06-03 10:26:25,24.6000,10.26,1.310,14.252,B,#5,HOLDING,1.462A/B
4392,2026-06-03 10:26:27,24.7250,11.92,1.310,14.252,B,#5,HOLDING,1.500A/B
4393,2026-06-03 10:26:29,24.7250,11.92,1.453,17.172,B,#5,HOLDING,1.510A/B
4394,2026-06-03 10:26:32,25.0375,11.92,1.453,17.172,B,#5,HOLDING,1.500A/B
4395,2026-06-03 10:26:33,25.1750,11.92,1.453,17.172,B,#5,HOLDING,1.517A/B
4396,2026-06-03 10:26:35,25.3750,12.00,1.453,17.172,B,#5,HOLDING,1.511A/B
4397,2026-06-03 10:26:37,25.3750,12.00,1.411,16.728,B,#5,HOLDING,1.558A/B
4398,2026-06-03 10:26:39,25.7500,12.00,1.411,16.728,B,#5,HOLDING,1.508A/B
4399,2026-06-03 10:26:41,25.9250,12.00,1.411,16.728,B,#5,HOLDING,1.000A/B
4400,2026-06-03 10:26:43,26.1250,12.00,1.411,16.728,OFF,#5,HOLDING,0.000A/OFF
4401,2026-06-03 10:26:44,26.1250,9.22,1.411,16.728,OFF,#5,HOLDING,0.000A/OFF
4402,2026-06-03 10:26:45,26.3375,9.22,0.998,16.728,OFF,#5,HOLDING,0.000A/OFF
4403,2026-06-03 10:26:46,26.3375,9.22,0.998,0.000,OFF,#5,HOLDING,0.000A/OFF
4404,2026-06-03 10:26:47,26.5625,9.22,0.998,0.000,OFF,#5,HOLDING,0.000A/OFF
4405,2026-06-03 10:26:48,26.5625,9.22,0.998,0.000,OFF,#5,HOLDING,0.000A/OFF
4406,2026-06-03 10:26:49,26.7500,9.22,0.998,0.000,A,#5,HOLDING,0.120A/A
4407,2026-06-03 10:26:50,26.7500,6.65,0.120,0.000,A,#5,HOLDING,0.105A/A
4408,2026-06-03 10:26:52,26.9500,6.65,0.120,0.003,A,#5,HOLDING,0.159A/A
4409,2026-06-03 10:26:54,27.1125,6.65,0.120,0.003,A,#5,HOLDING,0.180A/A
4410,2026-06-03 10:26:55,27.2625,6.65,0.120,0.003,A,#5,HOLDING,0.237A/A
4411,2026-06-03 10:26:57,27.3875,1.34,0.120,0.003,A,#5,HOLDING,0.281A/A
4412,2026-06-03 10:26:59,27.4875,1.34,0.281,0.528,A,#5,HOLDING,0.381A/A
4413,2026-06-03 10:27:01,27.6000,1.34,0.281,0.528,A,#5,HOLDING,0.454A/A
4414,2026-06-03 10:27:03,27.6750,1.34,0.281,0.528,A,#5,HOLDING,0.506A/A
4415,2026-06-03 10:27:05,27.7250,3.78,0.281,0.528,A,#5,HOLDING,0.568A/A
4416,2026-06-03 10:27:07,27.8000,3.78,0.568,2.544,A,#5,HOLDING,0.637A/A
4417,2026-06-03 10:27:09,27.8500,3.78,0.568,2.544,A,#5,HOLDING,0.721A/A
4418,2026-06-03 10:27:11,27.8750,3.78,0.568,2.544,A,#5,HOLDING,0.780A/A
4419,2026-06-03 10:27:12,27.8750,6.21,0.568,2.544,A,#5,HOLDING,0.842A/A
4420,2026-06-03 10:27:14,27.8500,6.21,0.842,5.792,A,#5,HOLDING,0.902A/A
4421,2026-06-03 10:27:17,27.8125,6.21,0.842,5.792,A,#5,HOLDING,0.979A/A
4422,2026-06-03 10:27:18,27.7625,6.21,0.842,5.792,A,#5,HOLDING,1.026A/A
4423,2026-06-03 10:27:20,27.6875,8.25,0.842,5.792,A,#5,HOLDING,1.080A/A
4424,2026-06-03 10:27:22,27.6125,8.25,1.050,9.547,A,#5,HOLDING,1.131A/A
4425,2026-06-03 10:27:24,27.5250,8.25,1.050,9.547,A,#1,APPROACH,0.806A/A
4426,2026-06-03 10:27:26,27.4500,8.25,1.050,9.547,A,#1,APPROACH,1.145A/A
4427,2026-06-03 10:27:29,27.3250,8.25,1.050,9.547,A,#1,APPROACH,1.480A/A
4428,2026-06-03 10:27:31,27.0375,11.81,1.480,9.547,A,#1,APPROACH,1.500A/A
4429,2026-06-03 10:27:33,26.8875,11.81,1.480,17.880,A,#1,APPROACH,1.780A/A
4430,2026-06-03 10:27:34,26.8875,11.81,1.480,17.880,A,#1,APPROACH,1.000A/A
4431,2026-06-03 10:27:36,26.7625,11.81,1.480,17.880,A,#1,APPROACH,2.023A/A
4432,2026-06-03 10:27:38,26.5875,12.00,1.480,17.880,A,#1,APPROACH,1.500A/A
4433,2026-06-03 10:27:39,26.3875,12.00,1.492,17.700,A,#1,APPROACH,1.500A/A
4434,2026-06-03 10:27:42,26.1875,12.00,1.492,17.700,A,#1,APPROACH,2.000A/A
4435,2026-06-03 10:27:43,26.0125,12.00,1.492,17.700,A,#1,APPROACH,2.248A/A
4436,2026-06-03 10:27:45,25.7875,12.00,1.492,17.700,A,#1,APPROACH,2.477A/A
4437,2026-06-03 10:27:47,25.5750,12.00,1.454,17.316,A,#1,APPROACH,2.000A/A
4438,2026-06-03 10:27:49,25.3500,12.00,1.454,17.316,A,#1,APPROACH,1.500A/A
4439,2026-06-03 10:27:51,25.1625,12.00,1.454,17.316,A,#1,APPROACH,2.000A/A
4440,2026-06-03 10:27:53,24.9125,12.00,1.454,17.316,A,#1,APPROACH,2.000A/A
4441,2026-06-03 10:27:55,24.6875,12.00,1.440,17.136,A,#1,APPROACH,1.000A/A
4442,2026-06-03 10:27:57,24.4375,12.00,1.440,17.136,A,#1,APPROACH,2.000A/A
4443,2026-06-03 10:27:59,24.2625,12.00,1.440,17.136,A,#1,APPROACH,2.627A/A
4444,2026-06-03 10:28:01,24.0625,12.00,1.440,17.136,A,#1,APPROACH,1.000A/A
4445,2026-06-03 10:28:02,23.8125,12.00,1.149,9.010,A,#1,APPROACH,2.000A/A
4446,2026-06-03 10:28:05,23.5625,12.00,1.149,9.010,A,#1,APPROACH,1.000A/A
4447,2026-06-03 10:28:06,23.3875,12.00,1.149,9.010,A,#1,APPROACH,2.500A/A
4448,2026-06-03 10:28:08,23.1375,12.00,1.149,9.010,A,#1,APPROACH,2.746A/A
4449,2026-06-03 10:28:10,22.9500,12.00,1.420,16.920,A,#1,APPROACH,2.872A/A
4450,2026-06-03 10:28:12,22.7500,12.00,1.420,16.920,A,#1,APPROACH,3.000A/A
4451,2026-06-03 10:28:14,22.5500,12.00,1.420,16.920,A,#1,APPROACH,2.000A/A
4452,2026-06-03 10:28:16,22.3250,12.00,1.420,16.920,A,#1,APPROACH,2.000A/A
4453,2026-06-03 10:28:18,22.1375,12.00,1.412,16.812,A,#1,APPROACH,2.000A/A
4454,2026-06-03 10:28:20,21.9375,12.00,1.412,16.812,A,#1,APPROACH,2.945A/A
4455,2026-06-03 10:28:22,21.7625,12.00,1.412,16.812,A,#1,APPROACH,2.000A/A
4456,2026-06-03 10:28:24,21.5375,12.00,1.412,16.812,A,#1,APPROACH,1.000A/A
4457,2026-06-03 10:28:25,21.3250,12.00,1.049,9.350,A,#1,APPROACH,2.000A/A
4458,2026-06-03 10:28:28,21.1750,12.00,1.049,9.350,A,#1,APPROACH,1.000A/A
4459,2026-06-03 10:28:29,20.9750,12.00,1.049,9.350,A,#1,APPROACH,1.500A/A
4460,2026-06-03 10:28:31,20.8000,12.00,1.049,9.350,A,#1,APPROACH,1.500A/A
4461,2026-06-03 10:28:33,20.5750,12.00,1.404,16.716,A,#1,APPROACH,2.500A/A
4462,2026-06-03 10:28:35,20.4250,12.00,1.404,16.716,A,#1,APPROACH,1.500A/A
4463,2026-06-03 10:28:37,20.2625,12.00,1.404,16.716,A,#1,HOLDING,2.500A/A
4464,2026-06-03 10:28:39,20.1125,12.00,1.404,16.716,OFF,#1,HOLDING,0.000A/OFF
4465,2026-06-03 10:28:40,19.9500,12.00,1.404,16.716,OFF,#1,HOLDING,0.000A/OFF
4466,2026-06-03 10:28:41,19.9500,12.00,1.402,16.716,OFF,#1,HOLDING,0.000A/OFF
4467,2026-06-03 10:28:42,19.7750,12.00,1.402,8.340,OFF,#1,HOLDING,0.000A/OFF
4468,2026-06-03 10:28:43,19.7750,12.00,1.402,8.340,OFF,#1,HOLDING,0.000A/OFF
4469,2026-06-03 10:28:44,19.6375,12.00,1.402,8.340,OFF,#1,HOLDING,0.000A/OFF
4470,2026-06-03 10:28:45,19.6375,12.00,1.402,8.340,OFF,#1,HOLDING,0.000A/OFF
4471,2026-06-03 10:28:46,19.4625,12.00,1.402,8.340,OFF,#1,HOLDING,0.000A/OFF
4472,2026-06-03 10:28:47,19.4625,12.00,0.000,8.340,OFF,#1,HOLDING,0.000A/OFF
4473,2026-06-03 10:28:48,19.3625,12.00,0.000,0.000,OFF,#1,HOLDING,0.000A/OFF
4474,2026-06-03 10:28:49,19.3625,12.00,0.000,0.000,OFF,#1,HOLDING,0.000A/OFF
4475,2026-06-03 10:28:50,19.2625,12.00,0.000,0.000,OFF,#1,HOLDING,0.000A/OFF
4476,2026-06-03 10:28:51,19.2625,12.00,0.000,0.000,OFF,#1,HOLDING,0.000A/OFF
4477,2026-06-03 10:28:52,19.1500,12.00,0.000,0.000,OFF,#1,HOLDING,0.000A/OFF
4478,2026-06-03 10:28:53,19.1500,12.00,0.000,0.000,OFF,#1,HOLDING,0.000A/OFF
4479,2026-06-03 10:28:54,19.1000,12.00,0.000,0.000,OFF,#1,HOLDING,0.000A/OFF
4480,2026-06-03 10:28:55,19.1000,12.00,0.000,0.000,OFF,#1,HOLDING,0.000A/OFF
4481,2026-06-03 10:28:56,19.0625,12.00,0.000,0.000,OFF,#1,HOLDING,0.000A/OFF
4482,2026-06-03 10:28:57,19.0625,12.00,0.000,0.000,OFF,#1,HOLDING,0.000A/OFF
4483,2026-06-03 10:28:58,19.0125,12.00,0.000,0.000,OFF,#1,HOLDING,0.000A/OFF
4484,2026-06-03 10:28:59,19.0125,12.00,0.000,0.000,OFF,#1,HOLDING,0.000A/OFF
4485,2026-06-03 10:29:00,18.9875,12.00,0.000,0.000,OFF,#1,HOLDING,0.000A/OFF
4486,2026-06-03 10:29:01,18.9875,12.00,0.000,0.000,OFF,#1,HOLDING,0.000A/OFF
4487,2026-06-03 10:29:02,18.9875,12.00,0.000,0.000,OFF,#1,HOLDING,0.000A/OFF
4488,2026-06-03 10:29:03,19.0000,12.00,0.000,0.000,OFF,#1,HOLDING,0.000A/OFF
4489,2026-06-03 10:29:04,19.0000,12.00,0.000,0.000,OFF,#1,HOLDING,0.000A/OFF
4490,2026-06-03 10:29:05,19.0000,12.00,0.000,0.000,OFF,#1,HOLDING,0.000A/OFF
4491,2026-06-03 10:29:06,19.0000,12.00,0.000,0.000,OFF,#1,HOLDING,0.000A/OFF
4492,2026-06-03 10:29:07,19.0000,12.00,0.000,0.000,OFF,#1,HOLDING,0.000A/OFF
4493,2026-06-03 10:29:08,19.0000,12.00,0.000,0.000,OFF,#1,HOLDING,0.000A/OFF
4494,2026-06-03 10:29:09,19.0000,12.00,0.000,0.000,OFF,#1,HOLDING,0.000A/OFF
4495,2026-06-03 10:29:10,19.0000,12.00,0.000,0.000,OFF,#1,HOLDING,0.000A/OFF
4496,2026-06-03 10:29:11,19.0375,12.00,0.000,0.000,OFF,#1,HOLDING,0.000A/OFF
4497,2026-06-03 10:29:12,19.0375,12.00,0.000,0.000,OFF,#1,HOLDING,0.000A/OFF
4498,2026-06-03 10:29:13,19.1125,12.00,0.000,0.000,OFF,#1,HOLDING,0.000A/OFF
4499,2026-06-03 10:29:14,19.1125,12.00,0.000,0.000,OFF,#1,HOLDING,0.000A/OFF
4500,2026-06-03 10:29:15,19.1250,12.00,0.000,0.000,OFF,#1,HOLDING,0.000A/OFF
4501,2026-06-03 10:29:16,19.1250,12.00,0.000,0.000,OFF,#1,HOLDING,0.000A/OFF
4502,2026-06-03 10:29:17,19.1750,12.00,0.000,0.000,OFF,#1,HOLDING,0.000A/OFF
4503,2026-06-03 10:29:18,19.1750,12.00,0.000,0.000,OFF,#1,HOLDING,0.000A/OFF
4504,2026-06-03 10:29:19,19.2000,12.00,0.000,0.000,OFF,#1,HOLDING,0.000A/OFF
4505,2026-06-03 10:29:20,19.2500,12.00,0.000,0.000,OFF,#1,HOLDING,0.000A/OFF
4506,2026-06-03 10:29:21,19.2500,12.00,0.000,0.000,OFF,#1,HOLDING,0.000A/OFF
4507,2026-06-03 10:29:22,19.3125,12.00,0.000,0.000,OFF,#1,HOLDING,0.000A/OFF
4508,2026-06-03 10:29:23,19.3125,12.00,0.000,0.000,OFF,#1,HOLDING,0.000A/OFF
4509,2026-06-03 10:29:24,19.3625,12.00,0.000,0.000,OFF,#1,HOLDING,0.000A/OFF
4510,2026-06-03 10:29:25,19.3625,12.00,0.000,0.000,OFF,#1,HOLDING,0.000A/OFF
4511,2026-06-03 10:29:26,19.4250,12.00,0.000,0.000,OFF,#1,HOLDING,0.000A/OFF
4512,2026-06-03 10:29:27,19.4250,12.00,0.000,0.000,OFF,#1,HOLDING,0.000A/OFF
4513,2026-06-03 10:29:28,19.5000,12.00,0.000,0.000,OFF,#1,HOLDING,0.000A/OFF
4514,2026-06-03 10:29:29,19.5000,12.00,0.000,0.000,OFF,#1,HOLDING,0.000A/OFF
4515,2026-06-03 10:29:30,19.5375,12.00,0.000,0.000,OFF,#1,HOLDING,0.000A/OFF
4516,2026-06-03 10:29:31,19.5375,12.00,0.000,0.000,OFF,#1,HOLDING,0.000A/OFF
4517,2026-06-03 10:29:32,19.5875,12.00,0.000,0.000,OFF,#1,HOLDING,0.000A/OFF
4518,2026-06-03 10:29:33,19.5875,12.00,0.000,0.000,OFF,#1,HOLDING,0.000A/OFF
4519,2026-06-03 10:29:34,19.6625,12.00,0.000,0.000,OFF,#1,HOLDING,0.000A/OFF
4520,2026-06-03 10:29:35,19.6625,12.00,0.000,0.000,OFF,#1,HOLDING,0.000A/OFF
4521,2026-06-03 10:29:36,19.7375,12.00,0.000,0.000,OFF,#1,HOLDING,0.000A/OFF
4522,2026-06-03 10:29:38,19.7375,12.00,0.000,0.000,OFF,#2,APPROACH,0.000A/OFF
4523,2026-06-03 10:29:39,19.7875,11.49,0.000,0.000,B,#2,APPROACH,0.104A/B
4524,2026-06-03 10:29:40,19.8125,11.49,0.000,0.000,B,#2,APPROACH,0.114A/B
4525,2026-06-03 10:29:42,19.8875,11.49,0.000,0.000,B,#2,APPROACH,0.140A/B
4526,2026-06-03 10:29:44,19.9875,11.49,0.000,0.000,B,#2,APPROACH,0.174A/B
4527,2026-06-03 10:29:46,20.0375,11.49,0.000,0.000,B,#2,APPROACH,0.214A/B
4528,2026-06-03 10:29:48,20.0875,1.91,0.000,0.000,B,#2,APPROACH,0.276A/B
4529,2026-06-03 10:29:50,20.1375,1.91,0.276,0.687,B,#2,APPROACH,0.339A/B
4530,2026-06-03 10:29:52,20.1875,1.91,0.276,0.687,B,#2,APPROACH,0.415A/B
4531,2026-06-03 10:29:54,20.2250,1.91,0.276,0.687,B,#2,APPROACH,0.464A/B
4532,2026-06-03 10:29:56,20.3000,3.98,0.276,0.687,B,#2,APPROACH,0.513A/B
4533,2026-06-03 10:29:57,20.3500,3.98,0.486,2.298,B,#2,APPROACH,0.563A/B
4534,2026-06-03 10:30:00,20.4250,3.98,0.486,2.298,B,#2,APPROACH,0.623A/B
4535,2026-06-03 10:30:01,20.4875,3.98,0.486,2.298,B,#2,APPROACH,0.662A/B
4536,2026-06-03 10:30:03,20.5875,5.66,0.486,2.298,B,#2,APPROACH,0.698A/B
4537,2026-06-03 10:30:05,20.6375,5.66,0.678,4.243,B,#2,APPROACH,0.739A/B
4538,2026-06-03 10:30:07,20.7625,5.66,0.678,4.243,B,#2,APPROACH,0.780A/B
4539,2026-06-03 10:30:09,20.8250,5.66,0.678,4.243,B,#2,HOLDING,0.762A/B
4540,2026-06-03 10:30:11,20.9500,5.66,0.678,4.243,OFF,#2,HOLDING,0.000A/OFF
4541,2026-06-03 10:30:12,20.9500,6.59,0.678,4.243,OFF,#2,HOLDING,0.000A/OFF
4542,2026-06-03 10:30:13,21.0500,6.59,0.762,4.243,OFF,#2,HOLDING,0.000A/OFF
4543,2026-06-03 10:30:14,21.0500,6.59,0.762,5.113,OFF,#2,HOLDING,0.000A/OFF
4544,2026-06-03 10:30:15,21.1500,6.59,0.762,5.113,OFF,#2,HOLDING,0.000A/OFF
4545,2026-06-03 10:30:16,21.1500,6.59,0.762,5.113,OFF,#2,HOLDING,0.000A/OFF
4546,2026-06-03 10:30:17,21.3000,6.59,0.762,5.113,OFF,#2,HOLDING,0.000A/OFF
4547,2026-06-03 10:30:18,21.3000,12.00,0.762,5.113,B,#2,HOLDING,0.100A/B
4548,2026-06-03 10:30:20,21.4000,12.00,0.000,0.121,B,#2,HOLDING,0.102A/B
4549,2026-06-03 10:30:22,21.5500,12.00,0.000,0.121,B,#2,HOLDING,0.128A/B
4550,2026-06-03 10:30:24,21.6500,12.00,0.000,0.121,B,#2,HOLDING,0.123A/B
4551,2026-06-03 10:30:25,21.7250,1.34,0.000,0.121,B,#2,HOLDING,0.130A/B
4552,2026-06-03 10:30:27,21.8500,1.34,0.130,0.185,B,#2,HOLDING,0.127A/B
4553,2026-06-03 10:30:30,21.9125,1.34,0.130,0.185,B,#2,HOLDING,0.128A/B
4554,2026-06-03 10:30:31,22.0125,1.34,0.130,0.185,B,#2,HOLDING,0.117A/B
4555,2026-06-03 10:30:33,22.0750,1.28,0.130,0.185,B,#2,HOLDING,0.113A/B
4556,2026-06-03 10:30:35,22.1750,1.28,0.113,0.185,OFF,#2,HOLDING,0.000A/OFF
4557,2026-06-03 10:30:36,22.2375,1.28,0.113,0.142,OFF,#2,HOLDING,0.000A/OFF
4558,2026-06-03 10:30:37,22.2375,1.28,0.113,0.142,OFF,#2,HOLDING,0.000A/OFF
4559,2026-06-03 10:30:38,22.3125,1.28,0.113,0.142,OFF,#2,HOLDING,0.000A/OFF
4560,2026-06-03 10:30:39,22.3125,1.28,0.113,0.142,OFF,#2,HOLDING,0.000A/OFF
4561,2026-06-03 10:30:40,22.3750,1.28,0.113,0.142,OFF,#2,HOLDING,0.000A/OFF
4562,2026-06-03 10:30:41,22.3750,12.00,0.113,0.142,OFF,#2,HOLDING,0.000A/OFF
4563,2026-06-03 10:30:42,22.4500,12.00,0.000,0.142,OFF,#2,HOLDING,0.000A/OFF
4564,2026-06-03 10:30:43,22.4500,12.00,0.000,0.000,OFF,#2,HOLDING,0.000A/OFF
4565,2026-06-03 10:30:44,22.4750,12.00,0.000,0.000,OFF,#2,HOLDING,0.000A/OFF
4566,2026-06-03 10:30:45,22.4750,12.00,0.000,0.000,OFF,#2,HOLDING,0.000A/OFF
4567,2026-06-03 10:30:46,22.5500,12.00,0.000,0.000,OFF,#2,HOLDING,0.000A/OFF
4568,2026-06-03 10:30:47,22.5500,12.00,0.000,0.000,OFF,#2,HOLDING,0.000A/OFF
4569,2026-06-03 10:30:48,22.5625,12.00,0.000,0.000,OFF,#2,HOLDING,0.000A/OFF
4570,2026-06-03 10:30:49,22.6125,12.00,0.000,0.000,OFF,#2,HOLDING,0.000A/OFF
4571,2026-06-03 10:30:50,22.6125,12.00,0.000,0.000,OFF,#2,HOLDING,0.000A/OFF
4572,2026-06-03 10:30:51,22.6625,12.00,0.000,0.000,A,#2,HOLDING,0.109A/A
4573,2026-06-03 10:30:53,22.6875,12.00,0.000,0.000,A,#2,HOLDING,0.139A/A
4574,2026-06-03 10:30:55,22.6875,6.55,0.139,0.000,A,#2,HOLDING,0.167A/A
4575,2026-06-03 10:30:57,22.7000,6.55,0.139,0.265,A,#2,HOLDING,0.193A/A
4576,2026-06-03 10:30:58,22.7250,6.55,0.139,0.265,A,#2,HOLDING,0.223A/A
4577,2026-06-03 10:31:00,22.7500,6.55,0.139,0.265,A,#2,HOLDING,0.257A/A
4578,2026-06-03 10:31:02,22.7500,2.28,0.139,0.265,A,#2,HOLDING,0.290A/A
4579,2026-06-03 10:31:03,22.7500,2.28,0.271,0.756,A,#2,HOLDING,0.323A/A
4580,2026-06-03 10:31:06,22.7250,2.28,0.271,0.756,A,#2,HOLDING,0.362A/A
4581,2026-06-03 10:31:07,22.7125,2.28,0.271,0.756,A,#2,HOLDING,0.390A/A
4582,2026-06-03 10:31:09,22.6875,3.43,0.271,0.756,A,#3,APPROACH,0.420A/A
4583,2026-06-03 10:31:11,22.6875,3.43,0.402,0.000,B,#3,APPROACH,0.124A/B
4584,2026-06-03 10:31:14,22.6375,3.43,0.402,0.000,B,#3,APPROACH,0.184A/B
4585,2026-06-03 10:31:16,22.5750,3.43,0.402,0.000,B,#3,APPROACH,0.252A/B
4586,2026-06-03 10:31:18,22.5750,3.43,0.402,0.000,B,#3,APPROACH,0.310A/B
4587,2026-06-03 10:31:19,22.5500,2.80,0.402,0.000,B,#3,APPROACH,0.378A/B
4588,2026-06-03 10:31:21,22.5000,2.80,0.378,1.270,B,#3,APPROACH,0.469A/B
4589,2026-06-03 10:31:23,22.4875,2.80,0.378,1.270,B,#3,APPROACH,0.586A/B
4590,2026-06-03 10:31:25,22.4625,2.80,0.378,1.270,B,#3,APPROACH,0.665A/B
4591,2026-06-03 10:31:27,22.5125,5.60,0.378,1.270,B,#3,APPROACH,0.740A/B
4592,2026-06-03 10:31:29,22.5375,5.60,0.740,4.736,B,#3,APPROACH,0.823A/B
4593,2026-06-03 10:31:31,22.5625,5.60,0.740,4.736,B,#3,APPROACH,0.927A/B
4594,2026-06-03 10:31:33,22.5625,5.60,0.740,4.736,B,#3,APPROACH,1.007A/B
4595,2026-06-03 10:31:35,22.6250,8.32,0.740,4.736,B,#3,APPROACH,1.085A/B
4596,2026-06-03 10:31:36,22.6750,8.32,1.085,9.830,B,#3,APPROACH,1.162A/B
4597,2026-06-03 10:31:39,22.7500,8.32,1.085,9.830,B,#3,APPROACH,1.253A/B
4598,2026-06-03 10:31:40,22.8000,8.32,1.085,9.830,B,#3,APPROACH,1.318A/B
4599,2026-06-03 10:31:42,22.8875,10.69,1.085,9.830,B,#3,APPROACH,1.385A/B
4600,2026-06-03 10:31:44,22.9875,10.69,1.385,15.705,B,#3,APPROACH,1.447A/B
4601,2026-06-03 10:31:46,23.0750,10.69,1.385,15.705,B,#3,APPROACH,1.000A/B
4602,2026-06-03 10:31:48,23.2000,10.69,1.385,15.705,B,#3,APPROACH,1.517A/B
4603,2026-06-03 10:31:50,23.3625,12.00,1.385,15.705,B,#3,APPROACH,1.561A/B
4604,2026-06-03 10:31:52,23.5125,12.00,1.458,17.280,B,#3,APPROACH,1.500A/B
4605,2026-06-03 10:31:54,23.6625,12.00,1.458,17.280,B,#3,APPROACH,1.500A/B
4606,2026-06-03 10:31:56,23.8125,12.00,1.458,17.280,B,#3,APPROACH,1.583A/B
4607,2026-06-03 10:31:58,23.9875,12.00,1.458,17.280,B,#3,HOLDING,1.500A/B
4608,2026-06-03 10:31:59,24.2125,12.00,1.419,17.280,OFF,#3,HOLDING,0.000A/OFF
4609,2026-06-03 10:32:00,24.4250,12.00,1.419,16.836,OFF,#3,HOLDING,0.000A/OFF
4610,2026-06-03 10:32:01,24.4250,12.00,1.419,16.836,OFF,#3,HOLDING,0.000A/OFF
4611,2026-06-03 10:32:02,24.6250,12.00,1.419,16.836,OFF,#3,HOLDING,0.000A/OFF
4612,2026-06-03 10:32:03,24.6250,12.00,1.419,16.836,OFF,#3,HOLDING,0.000A/OFF
4613,2026-06-03 10:32:05,24.8000,12.00,1.419,16.836,OFF,#3,HOLDING,0.000A/OFF
4614,2026-06-03 10:32:06,24.8000,12.00,1.419,16.836,OFF,#3,HOLDING,0.000A/OFF
4615,2026-06-03 10:32:07,25.0500,12.00,0.000,16.836,OFF,#3,HOLDING,0.000A/OFF
4616,2026-06-03 10:32:08,25.0500,12.00,0.000,0.000,OFF,#3,HOLDING,0.000A/OFF
4617,2026-06-03 10:32:09,25.2500,12.00,0.000,0.000,OFF,#3,HOLDING,0.000A/OFF
4618,2026-06-03 10:32:10,25.2500,12.00,0.000,0.000,OFF,#3,HOLDING,0.000A/OFF
4619,2026-06-03 10:32:11,25.4750,12.00,0.000,0.000,OFF,#3,HOLDING,0.000A/OFF
4620,2026-06-03 10:32:12,25.4750,12.00,0.000,0.000,OFF,#3,HOLDING,0.000A/OFF
4621,2026-06-03 10:32:13,25.6125,12.00,0.000,0.000,OFF,#3,HOLDING,0.000A/OFF
4622,2026-06-03 10:32:14,25.8125,12.00,0.000,0.000,OFF,#3,HOLDING,0.000A/OFF
4623,2026-06-03 10:32:15,25.8125,12.00,0.000,0.000,OFF,#3,HOLDING,0.000A/OFF
4624,2026-06-03 10:32:16,25.9250,12.00,0.000,0.000,A,#3,HOLDING,0.163A/A
4625,2026-06-03 10:32:18,26.0750,12.00,0.000,0.000,A,#3,HOLDING,0.195A/A
4626,2026-06-03 10:32:19,26.0750,2.95,0.195,0.000,A,#3,HOLDING,0.233A/A
4627,2026-06-03 10:32:21,26.2000,2.95,0.195,0.405,A,#3,HOLDING,0.280A/A
4628,2026-06-03 10:32:23,26.3000,2.95,0.195,0.405,A,#3,HOLDING,0.327A/A
4629,2026-06-03 10:32:24,26.3500,2.95,0.195,0.405,A,#3,HOLDING,0.382A/A
4630,2026-06-03 10:32:26,26.4250,2.97,0.195,0.405,A,#3,HOLDING,0.438A/A
4631,2026-06-03 10:32:28,26.4750,2.97,0.419,1.550,A,#3,HOLDING,0.491A/A
4632,2026-06-03 10:32:30,26.5000,2.97,0.419,1.550,A,#3,HOLDING,0.564A/A
4633,2026-06-03 10:32:32,26.5000,2.97,0.419,1.550,A,#3,HOLDING,0.608A/A
4634,2026-06-03 10:32:34,26.5000,4.97,0.419,1.550,A,#3,HOLDING,0.663A/A
4635,2026-06-03 10:32:36,26.5000,4.97,0.648,3.673,A,#3,HOLDING,0.719A/A
4636,2026-06-03 10:32:38,26.5000,4.97,0.648,3.673,A,#3,HOLDING,0.796A/A
4637,2026-06-03 10:32:40,26.4875,4.97,0.648,3.673,A,#3,HOLDING,0.844A/A
4638,2026-06-03 10:32:41,26.4125,6.93,0.648,3.673,A,#3,HOLDING,0.889A/A
4639,2026-06-03 10:32:43,26.3625,6.93,0.889,6.614,A,#3,HOLDING,0.935A/A
4640,2026-06-03 10:32:46,26.2875,6.93,0.889,6.614,A,#3,HOLDING,0.993A/A
4641,2026-06-03 10:32:47,26.2125,6.93,0.889,6.614,A,#3,HOLDING,1.000A/A
4642,2026-06-03 10:32:49,26.1125,8.19,0.889,6.614,A,#3,HOLDING,1.021A/A
4643,2026-06-03 10:32:51,25.9875,8.19,1.020,8.761,A,#3,HOLDING,1.049A/A
4644,2026-06-03 10:32:53,25.8625,8.19,1.020,8.761,A,#3,HOLDING,1.000A/A
4645,2026-06-03 10:32:55,25.7750,8.19,1.020,8.761,A,#3,HOLDING,1.039A/A
4646,2026-06-03 10:32:57,25.6500,8.64,1.020,8.761,A,#3,HOLDING,1.067A/A
4647,2026-06-03 10:32:59,25.5125,8.64,1.067,9.635,A,#3,HOLDING,1.086A/A
4648,2026-06-03 10:33:01,25.3375,8.64,1.067,9.635,A,#3,HOLDING,1.105A/A
4649,2026-06-03 10:33:03,25.2125,8.64,1.067,9.635,A,#3,HOLDING,1.000A/A
4650,2026-06-03 10:33:05,25.0375,8.49,1.067,9.635,A,#3,HOLDING,1.110A/A
4651,2026-06-03 10:33:06,24.8875,8.49,1.095,10.489,A,#3,HOLDING,1.109A/A
4652,2026-06-03 10:33:09,24.6875,8.49,1.095,10.489,A,#3,HOLDING,1.097A/A
4653,2026-06-03 10:33:10,24.5500,8.49,1.095,10.489,A,#3,HOLDING,1.086A/A
4654,2026-06-03 10:33:12,24.3500,9.15,1.095,10.489,A,#3,HOLDING,1.000A/A
4655,2026-06-03 10:33:14,24.2000,9.15,1.012,8.770,A,#3,HOLDING,1.061A/A
4656,2026-06-03 10:33:16,24.0000,9.15,1.012,8.770,A,#3,HOLDING,1.017A/A
4657,2026-06-03 10:33:18,23.8250,9.15,1.012,8.770,A,#3,HOLDING,0.928A/A
4658,2026-06-03 10:33:20,23.6250,8.25,1.012,8.770,A,#3,HOLDING,0.865A/A
4659,2026-06-03 10:33:22,23.4500,8.25,0.888,6.824,A,#3,HOLDING,0.800A/A
4660,2026-06-03 10:33:24,23.2500,8.25,0.888,6.824,A,#3,HOLDING,0.715A/A
4661,2026-06-03 10:33:26,23.1250,8.25,0.888,6.824,A,#3,HOLDING,0.657A/A
4662,2026-06-03 10:33:28,22.9250,6.28,0.888,6.824,A,#3,HOLDING,0.571A/A
4663,2026-06-03 10:33:30,22.7625,6.28,0.606,3.226,A,#3,HOLDING,0.482A/A
4664,2026-06-03 10:33:32,22.6125,6.28,0.606,3.226,A,#3,HOLDING,0.367A/A
4665,2026-06-03 10:33:33,22.4500,6.28,0.606,3.226,A,#3,HOLDING,0.282A/A
4666,2026-06-03 10:33:35,22.3000,3.46,0.606,3.226,A,#3,HOLDING,0.178A/A
4667,2026-06-03 10:33:37,22.1375,3.46,0.228,3.226,OFF,#3,HOLDING,0.000A/OFF
4668,2026-06-03 10:33:38,22.0125,3.46,0.228,0.475,OFF,#3,HOLDING,0.000A/OFF
4669,2026-06-03 10:33:39,22.0125,3.46,0.228,0.475,OFF,#3,HOLDING,0.000A/OFF
4670,2026-06-03 10:33:40,21.8875,3.46,0.228,0.475,OFF,#3,HOLDING,0.000A/OFF
4671,2026-06-03 10:33:41,21.8875,3.46,0.228,0.475,B,#3,HOLDING,0.142A/B
4672,2026-06-03 10:33:43,21.7625,12.00,0.142,0.475,B,#3,HOLDING,0.278A/B
4673,2026-06-03 10:33:45,21.6750,12.00,0.142,0.511,B,#3,HOLDING,0.396A/B
4674,2026-06-03 10:33:47,21.5500,12.00,0.142,0.511,B,#3,HOLDING,0.516A/B
4675,2026-06-03 10:33:48,21.4625,12.00,0.142,0.511,B,#3,HOLDING,0.630A/B
4676,2026-06-03 10:33:50,21.3875,4.77,0.142,0.511,B,#3,HOLDING,0.765A/B
4677,2026-06-03 10:33:52,21.3750,4.77,0.695,4.635,B,#3,HOLDING,0.892A/B
4678,2026-06-03 10:33:54,21.3250,4.77,0.695,4.635,B,#3,HOLDING,1.062A/B
4679,2026-06-03 10:33:56,21.2750,4.77,0.695,4.635,B,#3,HOLDING,1.000A/B
4680,2026-06-03 10:33:58,21.3000,7.92,0.695,4.635,B,#3,HOLDING,1.177A/B
4681,2026-06-03 10:34:00,21.3375,7.92,1.084,10.969,B,#3,HOLDING,1.304A/B
4682,2026-06-03 10:34:02,21.3375,7.92,1.084,10.969,B,#3,HOLDING,1.471A/B
4683,2026-06-03 10:34:04,21.3875,7.92,1.084,10.969,B,#3,HOLDING,1.579A/B
4684,2026-06-03 10:34:06,21.4875,12.00,1.084,10.969,B,#3,HOLDING,1.500A/B
4685,2026-06-03 10:34:07,21.5750,12.00,1.500,17.745,B,#3,HOLDING,1.500A/B
4686,2026-06-03 10:34:10,21.7000,12.00,1.500,17.745,B,#3,HOLDING,1.000A/B
4687,2026-06-03 10:34:11,21.8125,12.00,1.500,17.745,B,#3,HOLDING,1.679A/B
4688,2026-06-03 10:34:13,21.9875,12.00,1.500,17.745,B,#3,HOLDING,1.000A/B
4689,2026-06-03 10:34:15,22.1500,12.00,1.249,8.720,B,#3,HOLDING,1.731A/B
4690,2026-06-03 10:34:17,22.3250,12.00,1.249,8.720,B,#3,HOLDING,1.500A/B
4691,2026-06-03 10:34:19,22.5250,12.00,1.249,8.720,B,#3,HOLDING,1.828A/B
4692,2026-06-03 10:34:21,22.7250,12.00,1.249,8.720,B,#3,HOLDING,1.896A/B
4693,2026-06-03 10:34:23,22.9250,12.00,1.454,17.196,B,#3,HOLDING,1.500A/B
4694,2026-06-03 10:34:25,23.1500,12.00,1.454,17.196,B,#3,HOLDING,1.948A/B
4695,2026-06-03 10:34:27,23.3625,12.00,1.454,17.196,B,#3,HOLDING,1.984A/B
4696,2026-06-03 10:34:29,23.5625,12.00,1.454,17.196,B,#3,HOLDING,2.000A/B
4697,2026-06-03 10:34:30,23.8125,12.00,1.413,16.764,B,#3,HOLDING,2.000A/B
4698,2026-06-03 10:34:33,24.0875,12.00,1.413,16.764,B,#3,HOLDING,1.956A/B
4699,2026-06-03 10:34:34,24.3375,12.00,1.413,16.764,B,#3,HOLDING,1.966A/B
4700,2026-06-03 10:34:36,24.5875,12.00,1.413,16.764,B,#3,HOLDING,1.980A/B
4701,2026-06-03 10:34:38,24.8375,12.00,1.387,16.452,B,#3,HOLDING,1.000A/B
4702,2026-06-03 10:34:41,25.0875,12.00,1.387,16.452,B,#3,HOLDING,1.988A/B
4703,2026-06-03 10:34:42,25.3500,12.00,1.387,16.452,B,#3,HOLDING,1.967A/B
4704,2026-06-03 10:34:44,25.6250,12.00,1.387,16.452,B,#3,HOLDING,1.936A/B
4705,2026-06-03 10:34:46,25.8750,12.00,1.366,16.224,B,#3,HOLDING,1.000A/B
4706,2026-06-03 10:34:48,26.1250,12.00,1.366,16.224,B,#3,HOLDING,1.842A/B
4707,2026-06-03 10:34:50,26.3750,12.00,1.366,16.224,B,#3,HOLDING,1.778A/B
4708,2026-06-03 10:34:52,26.6250,12.00,1.366,16.224,B,#3,HOLDING,1.700A/B
4709,2026-06-03 10:34:54,26.8750,12.00,1.350,16.032,B,#3,HOLDING,1.500A/B
4710,2026-06-03 10:34:56,27.1000,12.00,1.350,16.032,B,#3,HOLDING,1.607A/B
4711,2026-06-03 10:34:58,27.3750,12.00,1.350,16.032,B,#3,HOLDING,1.500A/B
4712,2026-06-03 10:34:59,27.6500,12.00,1.350,16.032,B,#3,HOLDING,1.486A/B
4713,2026-06-03 10:35:01,27.8625,12.00,1.333,15.852,B,#3,HOLDING,1.359A/B
4714,2026-06-03 10:35:04,28.0875,12.00,1.333,15.852,B,#3,HOLDING,1.264A/B
4715,2026-06-03 10:35:05,28.3375,12.00,1.333,15.852,B,#3,HOLDING,1.141A/B
4716,2026-06-03 10:35:07,28.5875,10.59,1.333,15.852,B,#3,HOLDING,0.988A/B
4717,2026-06-03 10:35:09,28.8125,10.59,1.003,9.534,B,#3,HOLDING,0.829A/B
4718,2026-06-03 10:35:11,29.0625,10.59,1.003,9.534,B,#3,HOLDING,0.622A/B
4719,2026-06-03 10:35:13,29.3125,10.59,1.003,9.534,B,#3,HOLDING,0.466A/B
4720,2026-06-03 10:35:15,29.5875,5.68,1.003,9.534,B,#3,HOLDING,0.275A/B
4721,2026-06-03 10:35:17,29.7750,5.68,0.319,9.534,OFF,#3,HOLDING,0.000A/OFF
4722,2026-06-03 10:35:18,29.7750,5.68,0.319,1.122,OFF,#3,HOLDING,0.000A/OFF
4723,2026-06-03 10:35:19,30.0000,5.68,0.319,1.122,A,#3,HOLDING,0.121A/A
4724,2026-06-03 10:35:20,30.2125,5.68,0.319,1.122,A,#3,HOLDING,0.311A/A
4725,2026-06-03 10:35:22,30.3875,1.58,0.319,1.122,A,#3,HOLDING,0.531A/A
4726,2026-06-03 10:35:24,30.5500,1.58,0.520,1.943,A,#3,HOLDING,0.740A/A
4727,2026-06-03 10:35:26,30.7000,1.58,0.520,1.943,A,#3,HOLDING,1.000A/A
4728,2026-06-03 10:35:28,30.7875,1.58,0.520,1.943,A,#3,HOLDING,1.000A/A
4729,2026-06-03 10:35:30,30.8875,7.39,0.520,1.943,A,#3,HOLDING,1.024A/A
4730,2026-06-03 10:35:32,30.9375,7.39,1.024,8.038,A,#3,HOLDING,1.246A/A
4731,2026-06-03 10:35:34,30.9625,7.39,1.024,8.038,A,#3,HOLDING,1.535A/A
4732,2026-06-03 10:35:36,31.0000,7.39,1.024,8.038,A,#3,HOLDING,1.731A/A
4733,2026-06-03 10:35:38,30.9500,12.00,1.024,8.038,A,#3,HOLDING,1.000A/A
4734,2026-06-03 10:35:39,30.9625,12.00,1.036,8.000,A,#3,HOLDING,1.951A/A
4735,2026-06-03 10:35:42,30.8875,12.00,1.036,8.000,A,#3,HOLDING,2.227A/A
4736,2026-06-03 10:35:43,30.8250,12.00,1.036,8.000,A,#3,HOLDING,1.000A/A
4737,2026-06-03 10:35:45,30.7000,8.06,1.036,8.000,A,#3,HOLDING,2.402A/A
4738,2026-06-03 10:35:47,30.5750,8.06,1.568,18.588,A,#3,HOLDING,2.605A/A
4739,2026-06-03 10:35:50,30.4250,8.06,1.568,18.588,A,#3,HOLDING,2.500A/A
4740,2026-06-03 10:35:51,30.3250,8.06,1.568,18.588,A,#3,HOLDING,2.500A/A
4741,2026-06-03 10:35:53,30.1250,12.00,1.568,18.588,A,#3,HOLDING,2.845A/A
4742,2026-06-03 10:35:55,29.9375,12.00,1.521,18.060,A,#3,HOLDING,1.000A/A
4743,2026-06-03 10:35:57,29.7125,12.00,1.521,18.060,A,#3,HOLDING,1.000A/A
4744,2026-06-03 10:35:59,29.5125,12.00,1.521,18.060,A,#3,HOLDING,2.500A/A
4745,2026-06-03 10:36:01,29.2875,12.00,1.521,18.060,A,#3,HOLDING,1.500A/A
4746,2026-06-03 10:36:03,29.0750,12.00,1.493,17.760,A,#3,HOLDING,2.000A/A
4747,2026-06-03 10:36:05,28.8250,12.00,1.493,17.760,A,#3,HOLDING,2.000A/A
4748,2026-06-03 10:36:07,28.5750,12.00,1.493,17.760,A,#3,HOLDING,2.000A/A
4749,2026-06-03 10:36:08,28.3500,12.00,1.493,17.760,A,#3,HOLDING,1.000A/A
4750,2026-06-03 10:36:10,28.0750,12.00,1.243,8.890,A,#3,HOLDING,2.500A/A
4751,2026-06-03 10:36:13,27.8250,12.00,1.243,8.890,A,#3,HOLDING,2.850A/A
4752,2026-06-03 10:36:14,27.5625,12.00,1.243,8.890,A,#3,HOLDING,1.000A/A
4753,2026-06-03 10:36:16,27.2875,8.81,1.243,8.890,A,#3,HOLDING,2.903A/A
4754,2026-06-03 10:36:18,27.0625,8.81,1.459,17.280,A,#3,HOLDING,1.000A/A
4755,2026-06-03 10:36:20,26.8125,8.81,1.459,17.280,A,#3,HOLDING,1.000A/A
4756,2026-06-03 10:36:22,26.6000,8.81,1.459,17.280,A,#3,HOLDING,2.963A/A
4757,2026-06-03 10:36:24,26.3000,12.00,1.459,17.280,A,#3,HOLDING,2.000A/A
4758,2026-06-03 10:36:26,26.1000,12.00,1.439,17.148,A,#3,HOLDING,1.000A/A
4759,2026-06-03 10:36:28,25.8250,12.00,1.439,17.148,A,#4,APPROACH,1.500A/A
4760,2026-06-03 10:36:30,25.5750,12.00,1.439,17.148,B,#4,APPROACH,0.135A/B
4761,2026-06-03 10:36:31,25.3500,12.00,1.439,17.148,B,#4,APPROACH,0.224A/B
4762,2026-06-03 10:36:33,25.1250,6.66,1.439,17.148,B,#4,APPROACH,0.319A/B
4763,2026-06-03 10:36:35,24.8750,6.66,0.388,0.775,B,#4,APPROACH,0.408A/B
4764,2026-06-03 10:36:38,24.7000,6.66,0.388,0.775,B,#4,APPROACH,0.559A/B
4765,2026-06-03 10:36:39,24.5500,6.66,0.388,0.775,B,#4,APPROACH,0.673A/B
4766,2026-06-03 10:36:41,24.4250,5.31,0.388,0.775,B,#4,APPROACH,0.806A/B
4767,2026-06-03 10:36:43,24.3500,5.31,0.806,5.327,B,#4,APPROACH,0.939A/B
4768,2026-06-03 10:36:46,24.3000,5.31,0.806,5.327,B,#4,APPROACH,1.109A/B
4769,2026-06-03 10:36:47,24.2500,5.31,0.806,5.327,B,#4,APPROACH,1.225A/B
4770,2026-06-03 10:36:49,24.2500,9.57,0.806,5.327,B,#4,APPROACH,1.360A/B
4771,2026-06-03 10:36:51,24.2500,9.57,1.360,14.620,B,#4,APPROACH,1.493A/B
4772,2026-06-03 10:36:53,24.2250,9.57,1.360,14.620,B,#4,APPROACH,1.668A/B
4773,2026-06-03 10:36:55,24.2500,9.57,1.360,14.620,B,#4,APPROACH,1.782A/B
4774,2026-06-03 10:36:57,24.3250,12.00,1.360,14.620,B,#4,APPROACH,1.909A/B
4775,2026-06-03 10:36:59,24.4000,12.00,1.507,17.760,B,#4,APPROACH,2.031A/B
4776,2026-06-03 10:37:01,24.5125,12.00,1.507,17.760,B,#4,APPROACH,2.186A/B
4777,2026-06-03 10:37:03,24.6125,12.00,1.507,17.760,B,#4,APPROACH,2.285A/B
4778,2026-06-03 10:37:04,24.7375,12.00,1.507,17.760,B,#4,APPROACH,1.500A/B
4779,2026-06-03 10:37:06,24.9375,12.00,1.445,17.136,B,#4,APPROACH,2.347A/B
4780,2026-06-03 10:37:09,25.0875,12.00,1.445,17.136,B,#4,APPROACH,1.000A/B
4781,2026-06-03 10:37:10,25.2625,12.00,1.445,17.136,B,#4,APPROACH,2.456A/B
4782,2026-06-03 10:37:12,25.4875,12.00,1.445,17.136,B,#4,APPROACH,1.500A/B
4783,2026-06-03 10:37:14,25.6875,12.00,1.407,16.656,B,#4,APPROACH,2.000A/B
4784,2026-06-03 10:37:16,25.8375,12.00,1.407,16.656,B,#4,APPROACH,2.500A/B
4785,2026-06-03 10:37:18,26.0875,12.00,1.407,16.656,B,#4,APPROACH,1.500A/B
4786,2026-06-03 10:37:20,26.2750,12.00,1.407,16.656,B,#4,APPROACH,2.000A/B
4787,2026-06-03 10:37:22,26.5000,12.00,1.376,16.296,B,#4,APPROACH,2.471A/B
4788,2026-06-03 10:37:24,26.7375,12.00,1.376,16.296,B,#4,APPROACH,1.500A/B
4789,2026-06-03 10:37:26,26.9625,12.00,1.376,16.296,B,#4,HOLDING,1.000A/B
4790,2026-06-03 10:37:27,27.1875,12.00,1.376,16.296,OFF,#4,HOLDING,0.000A/OFF
4791,2026-06-03 10:37:28,27.1875,9.41,1.376,16.296,OFF,#4,HOLDING,0.000A/OFF
4792,2026-06-03 10:37:29,27.4375,9.41,1.000,16.296,OFF,#4,HOLDING,0.000A/OFF
4793,2026-06-03 10:37:30,27.4375,9.41,1.000,9.550,OFF,#4,HOLDING,0.000A/OFF
4794,2026-06-03 10:37:31,27.6250,9.41,1.000,9.550,OFF,#4,HOLDING,0.000A/OFF
4795,2026-06-03 10:37:32,27.6250,9.41,1.000,9.550,OFF,#4,HOLDING,0.000A/OFF
4796,2026-06-03 10:37:34,27.8750,9.41,1.000,9.550,OFF,#4,HOLDING,0.000A/OFF
4797,2026-06-03 10:37:35,27.8750,12.00,1.000,9.550,OFF,#4,HOLDING,0.000A/OFF
4798,2026-06-03 10:37:36,28.1125,12.00,0.000,9.550,OFF,#4,HOLDING,0.000A/OFF
4799,2026-06-03 10:37:37,28.3125,12.00,0.000,0.000,OFF,#4,HOLDING,0.000A/OFF
4800,2026-06-03 10:37:38,28.3125,12.00,0.000,0.000,OFF,#4,HOLDING,0.000A/OFF
4801,2026-06-03 10:37:39,28.5000,12.00,0.000,0.000,OFF,#4,HOLDING,0.000A/OFF
4802,2026-06-03 10:37:40,28.5000,12.00,0.000,0.000,OFF,#4,HOLDING,0.000A/OFF
4803,2026-06-03 10:37:41,28.7000,12.00,0.000,0.000,OFF,#4,HOLDING,0.000A/OFF
4804,2026-06-03 10:37:42,28.7000,12.00,0.000,0.000,OFF,#4,HOLDING,0.000A/OFF
4805,2026-06-03 10:37:43,28.8500,12.00,0.000,0.000,OFF,#4,HOLDING,0.000A/OFF
4806,2026-06-03 10:37:44,28.8500,12.00,0.000,0.000,OFF,#4,HOLDING,0.000A/OFF
4807,2026-06-03 10:37:45,29.0000,12.00,0.000,0.000,A,#4,HOLDING,0.176A/A
4808,2026-06-03 10:37:46,29.1000,12.00,0.000,0.000,A,#4,HOLDING,0.203A/A
4809,2026-06-03 10:37:48,29.1000,1.12,0.000,0.000,A,#4,HOLDING,0.241A/A
4810,2026-06-03 10:37:50,29.1750,1.12,0.220,0.385,A,#4,HOLDING,0.273A/A
4811,2026-06-03 10:37:52,29.3125,1.12,0.220,0.385,A,#4,HOLDING,0.345A/A
4812,2026-06-03 10:37:54,29.3125,1.12,0.220,0.385,A,#4,HOLDING,0.390A/A
4813,2026-06-03 10:37:55,29.3750,2.93,0.220,0.385,A,#4,HOLDING,0.447A/A
4814,2026-06-03 10:37:57,29.3750,2.93,0.417,1.573,A,#4,HOLDING,0.491A/A
4815,2026-06-03 10:38:00,29.4375,2.93,0.417,1.573,A,#4,HOLDING,0.572A/A
4816,2026-06-03 10:38:01,29.4375,2.93,0.417,1.573,A,#4,HOLDING,0.616A/A
4817,2026-06-03 10:38:03,29.4375,4.93,0.417,1.573,A,#4,HOLDING,0.673A/A
4818,2026-06-03 10:38:05,29.3875,4.93,0.642,3.735,A,#4,HOLDING,0.715A/A
4819,2026-06-03 10:38:07,29.2625,4.93,0.642,3.735,A,#4,HOLDING,0.764A/A
4820,2026-06-03 10:38:09,29.2625,4.93,0.642,3.735,A,#4,HOLDING,0.808A/A
4821,2026-06-03 10:38:11,29.2125,6.64,0.642,3.735,A,#4,HOLDING,0.854A/A
4822,2026-06-03 10:38:13,29.1125,6.64,0.830,6.089,A,#4,HOLDING,0.894A/A
4823,2026-06-03 10:38:15,28.8875,6.64,0.830,6.089,A,#4,HOLDING,0.863A/A
4824,2026-06-03 10:38:17,28.8875,6.64,0.830,6.089,A,#4,HOLDING,0.899A/A
4825,2026-06-03 10:38:19,28.7625,7.52,0.830,6.089,A,#4,HOLDING,0.930A/A
4826,2026-06-03 10:38:20,28.6125,7.52,0.912,7.337,A,#4,HOLDING,0.959A/A
4827,2026-06-03 10:38:23,28.3750,7.52,0.912,7.337,A,#4,HOLDING,0.964A/A
4828,2026-06-03 10:38:24,28.3750,7.52,0.912,7.337,A,#4,HOLDING,0.991A/A
4829,2026-06-03 10:38:26,28.2125,8.34,0.912,7.337,A,#4,HOLDING,1.002A/A
4830,2026-06-03 10:38:28,28.0625,8.34,1.002,8.597,A,#4,HOLDING,1.012A/A
4831,2026-06-03 10:38:30,27.7375,8.34,1.002,8.597,A,#4,HOLDING,0.981A/A
4832,2026-06-03 10:38:32,27.7375,8.34,1.002,8.597,A,#4,HOLDING,0.990A/A
4833,2026-06-03 10:38:34,27.5375,8.46,1.002,8.597,A,#4,HOLDING,0.972A/A
4834,2026-06-03 10:38:36,27.3625,8.46,0.972,8.232,A,#4,HOLDING,0.958A/A
4835,2026-06-03 10:38:38,27.0000,8.46,0.972,8.232,A,#4,HOLDING,0.887A/A
4836,2026-06-03 10:38:40,27.0000,8.46,0.972,8.232,A,#4,HOLDING,0.878A/A
4837,2026-06-03 10:38:42,26.7875,7.76,0.972,8.232,A,#4,HOLDING,0.776A/A
4838,2026-06-03 10:38:43,26.5625,7.76,0.825,5.509,A,#4,HOLDING,0.720A/A
4839,2026-06-03 10:38:46,26.1875,7.76,0.825,5.509,A,#4,HOLDING,0.589A/A
4840,2026-06-03 10:38:47,26.1875,7.76,0.825,5.509,A,#4,HOLDING,0.555A/A
4841,2026-06-03 10:38:49,26.0125,5.31,0.825,5.509,A,#4,HOLDING,0.481A/A
4842,2026-06-03 10:38:51,25.7625,5.31,0.517,2.303,A,#4,HOLDING,0.393A/A
4843,2026-06-03 10:38:54,25.4000,5.31,0.517,2.303,A,#4,HOLDING,0.223A/A
4844,2026-06-03 10:38:55,25.4000,5.31,0.517,2.303,A,#4,HOLDING,0.163A/A
4845,2026-06-03 10:38:57,25.2625,5.31,0.517,2.303,OFF,#4,HOLDING,0.000A/OFF
4846,2026-06-03 10:38:58,25.0625,2.15,0.517,2.303,OFF,#4,HOLDING,0.000A/OFF
4847,2026-06-03 10:38:59,25.0625,2.15,0.163,2.303,OFF,#4,HOLDING,0.000A/OFF
4848,2026-06-03 10:39:00,24.8875,2.15,0.163,0.000,B,#4,HOLDING,0.100A/B
4849,2026-06-03 10:39:02,24.7375,2.15,0.163,0.000,B,#4,HOLDING,0.210A/B
4850,2026-06-03 10:39:03,24.5750,2.15,0.163,0.000,B,#4,HOLDING,0.327A/B
4851,2026-06-03 10:39:05,24.4250,2.45,0.163,0.000,B,#4,HOLDING,0.441A/B
4852,2026-06-03 10:39:07,24.4250,2.45,0.441,1.565,B,#4,HOLDING,0.563A/B
4853,2026-06-03 10:39:09,24.2000,2.45,0.441,1.565,B,#4,HOLDING,0.750A/B
4854,2026-06-03 10:39:11,24.1125,2.45,0.441,1.565,B,#4,HOLDING,0.874A/B
4855,2026-06-03 10:39:13,24.0125,7.04,0.441,1.565,B,#4,HOLDING,1.027A/B
4856,2026-06-03 10:39:14,24.0125,7.04,1.027,8.647,B,#4,HOLDING,1.165A/B
4857,2026-06-03 10:39:17,23.8875,7.04,1.027,8.647,B,#4,HOLDING,1.000A/B
4858,2026-06-03 10:39:18,23.8875,7.04,1.027,8.647,B,#4,HOLDING,1.357A/B
4859,2026-06-03 10:39:20,23.8500,10.67,1.027,8.647,B,#4,HOLDING,1.511A/B
4860,2026-06-03 10:39:22,23.8500,10.67,1.511,18.056,B,#4,HOLDING,1.500A/B
4861,2026-06-03 10:39:24,23.9375,10.67,1.511,18.056,B,#4,HOLDING,1.500A/B
4862,2026-06-03 10:39:26,23.9375,10.67,1.511,18.056,B,#4,HOLDING,1.000A/B
4863,2026-06-03 10:39:28,24.0750,8.61,1.511,18.056,B,#4,HOLDING,1.637A/B
4864,2026-06-03 10:39:30,24.0750,8.61,1.242,17.592,B,#4,HOLDING,1.500A/B
4865,2026-06-03 10:39:32,24.3250,8.61,1.242,17.592,B,#4,HOLDING,1.500A/B
4866,2026-06-03 10:39:34,24.3250,8.61,1.242,17.592,B,#4,HOLDING,1.765A/B
4867,2026-06-03 10:39:36,24.5750,12.00,1.242,17.592,B,#4,HOLDING,1.500A/B
4868,2026-06-03 10:39:37,24.5750,12.00,1.439,17.040,B,#4,HOLDING,1.877A/B
4869,2026-06-03 10:39:40,24.9125,12.00,1.439,17.040,B,#4,HOLDING,1.953A/B
4870,2026-06-03 10:39:41,24.9125,12.00,1.439,17.040,B,#4,HOLDING,2.076A/B
4871,2026-06-03 10:39:43,25.2750,12.00,1.439,17.040,B,#4,HOLDING,1.500A/B
4872,2026-06-03 10:39:45,25.2750,12.00,1.402,16.632,B,#4,HOLDING,2.000A/B
4873,2026-06-03 10:39:48,25.6375,12.00,1.402,16.632,B,#4,HOLDING,1.000A/B
4874,2026-06-03 10:39:49,25.6375,12.00,1.402,16.632,B,#4,HOLDING,2.137A/B
4875,2026-06-03 10:39:51,26.0875,12.00,1.402,16.632,B,#4,HOLDING,2.136A/B
4876,2026-06-03 10:39:53,26.0875,12.00,1.378,16.308,B,#4,HOLDING,1.500A/B
4877,2026-06-03 10:39:55,26.5000,12.00,1.378,16.308,B,#4,HOLDING,2.000A/B
4878,2026-06-03 10:39:57,26.5000,12.00,1.378,16.308,B,#4,HOLDING,2.225A/B
4879,2026-06-03 10:39:59,26.9625,12.00,1.378,16.308,B,#4,HOLDING,2.147A/B
4880,2026-06-03 10:40:00,26.9625,12.00,1.350,16.044,B,#4,HOLDING,2.213A/B
4881,2026-06-03 10:40:03,27.3875,12.00,1.350,16.044,B,#4,HOLDING,2.000A/B
4882,2026-06-03 10:40:04,27.6250,12.00,1.350,16.044,B,#4,HOLDING,2.225A/B
4883,2026-06-03 10:40:06,27.8750,12.00,1.350,16.044,B,#4,HOLDING,2.000A/B
4884,2026-06-03 10:40:08,27.8750,12.00,1.332,15.828,B,#4,HOLDING,2.000A/B
4885,2026-06-03 10:40:11,28.3375,12.00,1.332,15.828,B,#4,HOLDING,2.225A/B
4886,2026-06-03 10:40:12,28.5625,12.00,1.332,15.828,B,#5,APPROACH,2.202A/B
4887,2026-06-03 10:40:14,28.8375,3.73,1.332,15.828,A,#5,APPROACH,0.201A/A
4888,2026-06-03 10:40:16,29.0625,3.73,0.084,15.828,A,#5,APPROACH,0.278A/A
4889,2026-06-03 10:40:18,29.3125,3.73,0.084,0.000,A,#5,APPROACH,0.380A/A
4890,2026-06-03 10:40:20,29.5000,3.73,0.084,0.000,A,#5,APPROACH,0.505A/A
4891,2026-06-03 10:40:22,29.7000,3.73,0.084,0.000,A,#5,APPROACH,0.617A/A
4892,2026-06-03 10:40:24,29.8625,4.19,0.084,0.000,A,#5,APPROACH,0.761A/A
4893,2026-06-03 10:40:26,30.0125,4.19,0.761,4.314,A,#5,APPROACH,0.921A/A
4894,2026-06-03 10:40:28,30.1375,4.19,0.761,4.314,A,#5,APPROACH,1.148A/A
4895,2026-06-03 10:40:30,30.2375,4.19,0.761,4.314,A,#5,APPROACH,1.310A/A
4896,2026-06-03 10:40:32,30.3125,9.66,0.761,4.314,A,#5,APPROACH,1.499A/A
4897,2026-06-03 10:40:33,30.3375,9.66,1.486,16.788,A,#5,APPROACH,1.500A/A
4898,2026-06-03 10:40:36,30.3750,9.66,1.486,16.788,A,#5,APPROACH,1.681A/A
4899,2026-06-03 10:40:37,30.3750,9.66,1.486,16.788,A,#5,APPROACH,1.841A/A
4900,2026-06-03 10:40:39,30.3375,12.00,1.486,16.788,A,#5,APPROACH,1.000A/A
4901,2026-06-03 10:40:41,30.2625,12.00,1.016,8.150,A,#5,APPROACH,2.019A/A
4902,2026-06-03 10:40:43,30.1500,12.00,1.016,8.150,A,#5,APPROACH,1.000A/A
4903,2026-06-03 10:40:45,30.0750,12.00,1.016,8.150,A,#5,APPROACH,2.234A/A
4904,2026-06-03 10:40:47,29.9250,12.00,1.016,8.150,A,#5,APPROACH,2.396A/A
4905,2026-06-03 10:40:49,29.8000,12.00,1.541,18.252,A,#5,APPROACH,1.000A/A
4906,2026-06-03 10:40:51,29.6375,12.00,1.541,18.252,A,#5,APPROACH,2.544A/A
4907,2026-06-03 10:40:53,29.4875,12.00,1.541,18.252,A,#5,APPROACH,1.000A/A
4908,2026-06-03 10:40:55,29.2625,8.48,1.541,18.252,A,#5,APPROACH,2.500A/A
4909,2026-06-03 10:40:56,29.0625,8.48,1.507,17.916,A,#5,APPROACH,2.500A/A
4910,2026-06-03 10:40:59,28.8875,8.48,1.507,17.916,A,#5,APPROACH,2.000A/A
4911,2026-06-03 10:41:00,28.6625,8.48,1.507,17.916,A,#5,APPROACH,1.500A/A
4912,2026-06-03 10:41:02,28.4500,12.00,1.507,17.916,A,#5,APPROACH,2.613A/A
4913,2026-06-03 10:41:04,28.2500,12.00,1.478,17.592,A,#5,APPROACH,1.500A/A
4914,2026-06-03 10:41:07,28.0000,12.00,1.478,17.592,A,#5,APPROACH,2.000A/A
4915,2026-06-03 10:41:08,27.7500,12.00,1.478,17.592,A,#5,APPROACH,2.634A/A
4916,2026-06-03 10:41:10,27.5125,12.00,1.478,17.592,A,#5,APPROACH,2.500A/A
4917,2026-06-03 10:41:12,27.2875,12.00,1.457,17.220,A,#5,APPROACH,2.500A/A
4918,2026-06-03 10:41:14,27.0625,12.00,1.457,17.220,A,#5,APPROACH,1.000A/A
4919,2026-06-03 10:41:16,26.8125,12.00,1.457,17.220,A,#5,APPROACH,1.500A/A
4920,2026-06-03 10:41:18,26.5625,12.00,1.457,17.220,A,#5,APPROACH,1.500A/A
4921,2026-06-03 10:41:20,26.2875,12.00,1.440,17.052,A,#5,HOLDING,2.589A/A
4922,2026-06-03 10:41:22,26.0375,12.00,1.440,17.052,OFF,#5,HOLDING,0.000A/OFF
4923,2026-06-03 10:41:23,26.0375,12.00,1.440,17.052,OFF,#5,HOLDING,0.000A/OFF
4924,2026-06-03 10:41:24,25.8125,12.00,1.440,17.052,OFF,#5,HOLDING,0.000A/OFF
4925,2026-06-03 10:41:25,25.8125,12.00,1.440,17.052,OFF,#5,HOLDING,0.000A/OFF
4926,2026-06-03 10:41:26,25.5625,12.00,0.000,17.052,OFF,#5,HOLDING,0.000A/OFF
4927,2026-06-03 10:41:27,25.2875,12.00,0.000,17.052,OFF,#5,HOLDING,0.000A/OFF
4928,2026-06-03 10:41:28,25.2875,12.00,0.000,0.000,OFF,#5,HOLDING,0.000A/OFF
4929,2026-06-03 10:41:29,25.0625,12.00,0.000,0.000,OFF,#5,HOLDING,0.000A/OFF
4930,2026-06-03 10:41:30,25.0625,12.00,0.000,0.000,OFF,#5,HOLDING,0.000A/OFF
4931,2026-06-03 10:41:31,24.8375,12.00,0.000,0.000,OFF,#5,HOLDING,0.000A/OFF
4932,2026-06-03 10:41:32,24.8375,12.00,0.000,0.000,OFF,#5,HOLDING,0.000A/OFF
4933,2026-06-03 10:41:33,24.6500,12.00,0.000,0.000,OFF,#5,HOLDING,0.000A/OFF
4934,2026-06-03 10:41:34,24.6500,12.00,0.000,0.000,OFF,#5,HOLDING,0.000A/OFF
4935,2026-06-03 10:41:35,24.5000,12.00,0.000,0.000,OFF,#5,HOLDING,0.000A/OFF
4936,2026-06-03 10:41:36,24.5000,12.00,0.000,0.000,OFF,#5,HOLDING,0.000A/OFF
4937,2026-06-03 10:41:37,24.3250,12.00,0.000,0.000,OFF,#5,HOLDING,0.000A/OFF
4938,2026-06-03 10:41:38,24.3250,12.00,0.000,0.000,OFF,#5,HOLDING,0.000A/OFF
4939,2026-06-03 10:41:39,24.1750,12.00,0.000,0.000,B,#5,HOLDING,0.188A/B
4940,2026-06-03 10:41:41,24.1000,12.00,0.000,0.000,B,#5,HOLDING,0.207A/B
4941,2026-06-03 10:41:42,24.1000,12.00,0.000,0.000,B,#5,HOLDING,0.245A/B
4942,2026-06-03 10:41:44,23.9750,12.00,0.000,0.000,B,#5,HOLDING,0.281A/B
4943,2026-06-03 10:41:46,23.8625,2.09,0.000,0.000,B,#5,HOLDING,0.343A/B
4944,2026-06-03 10:41:48,23.7625,2.09,0.310,0.936,B,#5,HOLDING,0.415A/B
4945,2026-06-03 10:41:50,23.6875,2.09,0.310,0.936,B,#5,HOLDING,0.486A/B
4946,2026-06-03 10:41:52,23.6375,2.09,0.310,0.936,B,#5,HOLDING,0.537A/B
4947,2026-06-03 10:41:53,23.5625,4.33,0.310,0.936,B,#5,HOLDING,0.603A/B
4948,2026-06-03 10:41:55,23.5125,4.33,0.569,3.027,B,#5,HOLDING,0.670A/B
4949,2026-06-03 10:41:58,23.4875,4.33,0.569,3.027,B,#5,HOLDING,0.754A/B
4950,2026-06-03 10:41:59,23.4375,4.33,0.569,3.027,B,#5,HOLDING,0.815A/B
4951,2026-06-03 10:42:01,23.4375,6.73,0.569,3.027,B,#5,HOLDING,0.879A/B
4952,2026-06-03 10:42:03,23.4375,6.73,0.845,6.504,B,#5,HOLDING,0.945A/B
4953,2026-06-03 10:42:05,23.5000,6.73,0.845,6.504,B,#5,HOLDING,1.017A/B
4954,2026-06-03 10:42:07,23.5000,6.73,0.845,6.504,B,#5,HOLDING,1.075A/B
4955,2026-06-03 10:42:09,23.5500,8.87,0.845,6.504,B,#5,HOLDING,1.000A/B
4956,2026-06-03 10:42:11,23.6250,8.87,1.035,8.510,B,#5,HOLDING,1.125A/B
4957,2026-06-03 10:42:13,23.6875,8.87,1.035,8.510,B,#5,HOLDING,1.194A/B
4958,2026-06-03 10:42:15,23.7625,8.87,1.035,8.510,B,#5,HOLDING,1.236A/B
4959,2026-06-03 10:42:16,23.8500,10.20,1.035,8.510,B,#5,HOLDING,1.284A/B
4960,2026-06-03 10:42:18,23.9500,10.20,1.258,13.777,B,#5,HOLDING,1.324A/B
4961,2026-06-03 10:42:21,24.0750,10.20,1.258,13.777,B,#5,HOLDING,1.375A/B
4962,2026-06-03 10:42:22,24.2000,10.20,1.258,13.777,B,#5,HOLDING,1.398A/B
4963,2026-06-03 10:42:24,24.3250,11.54,1.258,13.777,B,#5,HOLDING,1.378A/B
4964,2026-06-03 10:42:26,24.5000,11.54,1.378,16.039,B,#5,HOLDING,1.400A/B
4965,2026-06-03 10:42:28,24.6500,11.54,1.378,16.039,B,#5,HOLDING,1.434A/B
4966,2026-06-03 10:42:30,24.8250,11.54,1.378,16.039,B,#5,HOLDING,1.443A/B
4967,2026-06-03 10:42:32,24.9875,12.00,1.378,16.039,B,#5,HOLDING,1.000A/B
4968,2026-06-03 10:42:34,25.1875,12.00,1.193,9.160,B,#5,HOLDING,1.449A/B
4969,2026-06-03 10:42:36,25.3625,12.00,1.193,9.160,B,#5,HOLDING,1.452A/B
4970,2026-06-03 10:42:38,25.5625,12.00,1.193,9.160,B,#5,HOLDING,1.437A/B
4971,2026-06-03 10:42:40,25.7375,12.00,1.193,9.160,B,#5,HOLDING,1.000A/B
4972,2026-06-03 10:42:41,25.9375,12.00,1.196,9.280,B,#5,HOLDING,1.000A/B
4973,2026-06-03 10:42:44,26.1250,12.00,1.196,9.280,B,#5,HOLDING,1.423A/B
4974,2026-06-03 10:42:45,26.3750,12.00,1.196,9.280,B,#5,HOLDING,1.322A/B
4975,2026-06-03 10:42:47,26.5875,11.52,1.196,9.280,B,#5,HOLDING,1.262A/B
4976,2026-06-03 10:42:49,26.7875,11.52,1.289,14.260,B,#5,HOLDING,1.190A/B
4977,2026-06-03 10:42:51,26.9875,11.52,1.289,14.260,B,#5,HOLDING,1.113A/B
4978,2026-06-03 10:42:53,27.1875,11.52,1.289,14.260,B,#5,HOLDING,1.040A/B
4979,2026-06-03 10:42:55,27.4000,9.66,1.289,14.260,B,#5,HOLDING,0.949A/B
4980,2026-06-03 10:42:57,27.6250,9.66,0.989,8.635,B,#5,HOLDING,0.843A/B
4981,2026-06-03 10:42:59,27.8000,9.66,0.989,8.635,B,#5,HOLDING,0.725A/B
4982,2026-06-03 10:43:01,28.0250,9.66,0.989,8.635,B,#5,HOLDING,0.620A/B
4983,2026-06-03 10:43:03,28.2125,6.55,0.989,8.635,B,#5,HOLDING,0.505A/B
4984,2026-06-03 10:43:04,28.4375,6.55,0.560,2.878,B,#5,HOLDING,0.419A/B
4985,2026-06-03 10:43:07,28.6125,6.55,0.560,2.878,B,#5,HOLDING,0.256A/B
4986,2026-06-03 10:43:08,28.8125,6.55,0.560,2.878,B,#5,HOLDING,0.131A/B
4987,2026-06-03 10:43:10,28.9375,6.55,0.560,2.878,OFF,#5,HOLDING,0.000A/OFF
4988,2026-06-03 10:43:11,29.1375,2.47,0.131,2.878,OFF,#5,HOLDING,0.102A/A
4989,2026-06-03 10:43:13,29.2875,2.47,0.131,0.000,A,#5,HOLDING,0.236A/A
4990,2026-06-03 10:43:15,29.2875,2.47,0.131,0.000,A,#5,HOLDING,0.360A/A
4991,2026-06-03 10:43:16,29.3875,2.47,0.131,0.000,A,#5,HOLDING,0.489A/A
4992,2026-06-03 10:43:18,29.5375,3.24,0.131,0.000,A,#5,HOLDING,0.655A/A
4993,2026-06-03 10:43:20,29.6375,3.24,0.655,3.163,A,#5,HOLDING,0.822A/A
4994,2026-06-03 10:43:22,29.8125,3.24,0.655,3.163,A,#5,HOLDING,1.047A/A
4995,2026-06-03 10:43:24,29.8125,3.24,0.655,3.163,A,#5,HOLDING,1.187A/A
4996,2026-06-03 10:43:26,29.8750,8.80,0.655,3.163,A,#5,HOLDING,1.358A/A
4997,2026-06-03 10:43:28,29.8750,8.80,1.358,13.960,A,#5,HOLDING,1.521A/A
4998,2026-06-03 10:43:30,29.8750,8.80,1.358,13.960,A,#5,HOLDING,1.740A/A
4999,2026-06-03 10:43:32,29.8750,8.80,1.358,13.960,A,#5,HOLDING,1.883A/A
5000,2026-06-03 10:43:33,29.8000,12.00,1.358,13.960,A,#5,HOLDING,2.000A/A
5001,2026-06-03 10:43:35,29.7250,12.00,1.585,18.792,A,#5,HOLDING,2.037A/A
5002,2026-06-03 10:43:38,29.5125,12.00,1.585,18.792,A,#5,HOLDING,2.000A/A
5003,2026-06-03 10:43:39,29.5125,12.00,1.585,18.792,A,#5,HOLDING,1.000A/A
5004,2026-06-03 10:43:41,29.3875,8.34,1.585,18.792,A,#5,HOLDING,1.500A/A
5005,2026-06-03 10:43:43,29.2125,8.34,1.245,17.775,A,#5,HOLDING,1.500A/A
5006,2026-06-03 10:43:45,28.8375,8.34,1.245,17.775,A,#5,HOLDING,1.500A/A
5007,2026-06-03 10:43:47,28.8375,8.34,1.245,17.775,A,#5,HOLDING,1.500A/A
5008,2026-06-03 10:43:49,28.6375,11.85,1.245,17.775,A,#5,HOLDING,1.500A/A
5009,2026-06-03 10:43:51,28.4125,11.85,1.500,17.844,A,#5,HOLDING,2.000A/A
5010,2026-06-03 10:43:53,27.9375,11.85,1.500,17.844,A,#5,HOLDING,1.000A/A
5011,2026-06-03 10:43:55,27.9375,11.85,1.500,17.844,A,#5,HOLDING,1.500A/A
5012,2026-06-03 10:43:56,27.7500,12.00,1.500,17.844,A,#5,HOLDING,1.500A/A
5013,2026-06-03 10:43:58,27.4750,12.00,1.479,17.532,A,#5,HOLDING,1.500A/A
5014,2026-06-03 10:44:01,27.0000,12.00,1.479,17.532,A,#5,HOLDING,2.021A/A
5015,2026-06-03 10:44:02,27.0000,12.00,1.479,17.532,A,#5,HOLDING,2.000A/A
5016,2026-06-03 10:44:04,26.8125,12.00,1.479,17.532,A,#5,HOLDING,1.500A/A
5017,2026-06-03 10:44:06,26.5375,12.00,1.451,17.220,A,#5,HOLDING,1.500A/A
5018,2026-06-03 10:44:08,26.0125,12.00,1.451,17.220,A,#5,HOLDING,1.993A/A
5019,2026-06-03 10:44:10,26.0125,12.00,1.451,17.220,A,#5,HOLDING,2.000A/A
5020,2026-06-03 10:44:12,25.7875,12.00,1.451,17.220,A,#5,HOLDING,1.000A/A
5021,2026-06-03 10:44:14,25.5375,12.00,1.220,9.180,A,#5,HOLDING,1.500A/A
5022,2026-06-03 10:44:16,25.0125,12.00,1.220,9.180,A,#5,HOLDING,2.018A/A
5023,2026-06-03 10:44:18,25.0125,12.00,1.220,9.180,A,#5,HOLDING,2.000A/A
5024,2026-06-03 10:44:20,24.8125,12.00,1.220,9.180,A,#5,HOLDING,1.500A/A
5025,2026-06-03 10:44:21,24.5375,12.00,1.433,17.040,A,#5,HOLDING,2.044A/A
5026,2026-06-03 10:44:24,24.1000,12.00,1.433,17.040,A,#5,HOLDING,1.500A/A
5027,2026-06-03 10:44:25,24.1000,12.00,1.433,17.040,A,#5,HOLDING,1.912A/A
5028,2026-06-03 10:44:27,23.8750,12.00,1.433,17.040,A,#5,HOLDING,1.000A/A
5029,2026-06-03 10:44:29,23.6250,12.00,1.220,9.280,A,#5,HOLDING,1.846A/A
5030,2026-06-03 10:44:31,23.1875,12.00,1.220,9.280,A,#5,HOLDING,1.000A/A
5031,2026-06-03 10:44:33,23.1875,12.00,1.220,9.280,A,#5,HOLDING,1.708A/A
5032,2026-06-03 10:44:35,22.9500,12.00,1.220,9.280,A,#5,HOLDING,1.609A/A
5033,2026-06-03 10:44:37,22.7500,12.00,1.420,16.860,A,#5,HOLDING,1.500A/A
5034,2026-06-03 10:44:39,22.3750,12.00,1.420,16.860,A,#5,HOLDING,1.000A/A
5035,2026-06-03 10:44:41,22.3750,12.00,1.420,16.860,A,#5,HOLDING,1.493A/A
5036,2026-06-03 10:44:43,22.1625,12.00,1.420,16.860,A,#5,HOLDING,1.000A/A
5037,2026-06-03 10:44:44,21.9375,12.00,1.000,9.220,A,#5,HOLDING,1.387A/A
5038,2026-06-03 10:44:47,21.5625,12.00,1.000,9.220,A,#5,HOLDING,1.176A/A
5039,2026-06-03 10:44:48,21.5625,12.00,1.000,9.220,A,#5,HOLDING,1.057A/A
5040,2026-06-03 10:44:50,21.3875,9.52,1.000,9.220,A,#5,HOLDING,0.897A/A
5041,2026-06-03 10:44:52,21.1875,9.52,0.897,7.705,A,#5,HOLDING,0.751A/A
5042,2026-06-03 10:44:55,20.8125,9.52,0.897,7.705,A,#5,HOLDING,0.502A/A
5043,2026-06-03 10:44:56,20.8125,9.52,0.897,7.705,A,#5,HOLDING,0.353A/A
5044,2026-06-03 10:44:58,20.7000,4.17,0.897,7.705,A,#5,HOLDING,0.179A/A
5045,2026-06-03 10:45:00,20.5000,4.17,0.179,7.705,OFF,#5,HOLDING,0.000A/OFF
5046,2026-06-03 10:45:01,20.3875,4.17,0.179,0.537,OFF,#5,HOLDING,0.138A/B
5047,2026-06-03 10:45:02,20.2375,4.17,0.179,0.537,B,#5,HOLDING,0.319A/B
5048,2026-06-03 10:45:04,20.2375,4.17,0.179,0.537,B,#5,HOLDING,0.473A/B
5049,2026-06-03 10:45:06,20.1125,3.10,0.179,0.537,B,#5,HOLDING,0.707A/B
5050,2026-06-03 10:45:08,20.0125,3.10,0.692,3.718,B,#5,HOLDING,0.854A/B
5051,2026-06-03 10:45:10,19.8625,3.10,0.692,3.718,B,#5,HOLDING,1.000A/B
5052,2026-06-03 10:45:12,19.8625,3.10,0.692,3.718,B,#5,HOLDING,1.135A/B
5053,2026-06-03 10:45:14,19.8125,8.49,0.692,3.718,B,#5,HOLDING,1.359A/B
5054,2026-06-03 10:45:15,19.8125,8.49,1.346,13.970,B,#5,HOLDING,1.577A/B
5055,2026-06-03 10:45:18,19.8375,8.49,1.346,13.970,B,#5,HOLDING,1.000A/B
5056,2026-06-03 10:45:19,19.8375,8.49,1.346,13.970,B,#5,HOLDING,1.500A/B
5057,2026-06-03 10:45:21,19.8625,11.31,1.346,13.970,B,#5,HOLDING,1.500A/B
5058,2026-06-03 10:45:23,19.9875,11.31,1.500,17.460,B,#5,HOLDING,1.772A/B
5059,2026-06-03 10:45:25,20.2250,11.31,1.500,17.460,B,#5,HOLDING,2.000A/B
5060,2026-06-03 10:45:27,20.2250,11.31,1.500,17.460,B,#5,HOLDING,1.979A/B
5061,2026-06-03 10:45:29,20.3875,12.00,1.500,17.460,B,#5,HOLDING,2.150A/B
5062,2026-06-03 10:45:31,20.5625,12.00,1.511,17.880,B,#5,HOLDING,1.500A/B
5063,2026-06-03 10:45:33,21.0000,12.00,1.511,17.880,B,#5,HOLDING,1.000A/B
5064,2026-06-03 10:45:35,21.0000,12.00,1.511,17.880,B,#5,HOLDING,2.271A/B
5065,2026-06-03 10:45:37,21.2125,12.00,1.511,17.880,B,#5,HOLDING,2.420A/B
5066,2026-06-03 10:45:38,21.4625,12.00,1.457,17.244,B,#5,HOLDING,2.000A/B
5067,2026-06-03 10:45:41,21.9625,12.00,1.457,17.244,B,#5,HOLDING,1.000A/B
5068,2026-06-03 10:45:42,21.9625,12.00,1.457,17.244,B,#5,HOLDING,2.500A/B
5069,2026-06-03 10:45:44,22.2125,12.00,1.457,17.244,B,#5,HOLDING,2.500A/B
5070,2026-06-03 10:45:46,22.5125,12.00,1.417,16.788,B,#5,HOLDING,2.468A/B
5071,2026-06-03 10:45:48,23.0500,12.00,1.417,16.788,B,#5,HOLDING,1.000A/B
5072,2026-06-03 10:45:50,23.0500,12.00,1.417,16.788,B,#5,HOLDING,1.500A/B
5073,2026-06-03 10:45:52,23.3500,12.00,1.417,16.788,B,#5,HOLDING,2.493A/B
5074,2026-06-03 10:45:54,23.6500,12.00,1.387,16.440,B,#5,HOLDING,1.500A/B
5075,2026-06-03 10:45:56,24.2125,12.00,1.387,16.440,B,#5,HOLDING,2.467A/B
5076,2026-06-03 10:45:58,24.2125,12.00,1.387,16.440,B,#5,HOLDING,1.500A/B
5077,2026-06-03 10:46:00,24.4750,12.00,1.387,16.440,B,#5,HOLDING,2.482A/B
5078,2026-06-03 10:46:01,24.7750,12.00,1.363,16.164,B,#5,HOLDING,1.000A/B
5079,2026-06-03 10:46:04,25.3875,12.00,1.363,16.164,OFF,--,DONE,2.000A/B
5080,2026-06-03 10:46:06,25.3875,12.00,1.363,16.164,OFF,--,DONE,--
5081,2026-06-03 10:46:07,25.6625,12.00,1.363,16.164,OFF,--,DONE,--
5082,2026-06-03 10:46:08,25.6625,12.00,1.363,16.164,OFF,--,DONE,--
5083,2026-06-03 10:46:09,25.9625,12.00,0.000,16.164,A,#1,APPROACH,2.874A/A
5084,2026-06-03 10:46:10,26.2500,12.00,0.000,0.000,A,#1,APPROACH,2.500A/A
5085,2026-06-03 10:46:13,26.5250,12.00,0.000,0.000,A,#1,APPROACH,2.000A/A
5086,2026-06-03 10:46:15,26.7750,12.00,0.000,0.000,A,#1,APPROACH,1.000A/A
5087,2026-06-03 10:46:17,27.0000,7.10,0.000,0.000,A,#1,APPROACH,2.500A/A
5088,2026-06-03 10:46:19,27.2375,7.10,1.693,19.992,A,#1,APPROACH,2.456A/A
5089,2026-06-03 10:46:21,27.3875,7.10,1.693,19.992,A,#1,APPROACH,2.000A/A
5090,2026-06-03 10:46:23,27.5375,7.10,1.693,19.992,A,#1,APPROACH,1.000A/A
5091,2026-06-03 10:46:24,27.6375,7.74,1.693,19.992,A,#1,APPROACH,1.500A/A
5092,2026-06-03 10:46:26,27.7000,7.74,1.500,17.085,A,#1,APPROACH,1.582A/A
5093,2026-06-03 10:46:29,27.7500,7.74,1.500,17.085,A,#1,APPROACH,2.077A/A
5094,2026-06-03 10:46:30,27.7500,7.74,1.500,17.085,A,#1,APPROACH,2.485A/A
5095,2026-06-03 10:46:32,27.7500,12.00,1.500,17.085,A,#1,APPROACH,1.500A/A
5096,2026-06-03 10:46:34,27.7500,12.00,1.500,17.640,A,#1,APPROACH,2.000A/A
5097,2026-06-03 10:46:36,27.7000,12.00,1.500,17.640,A,#1,APPROACH,1.000A/A
5098,2026-06-03 10:46:38,27.6125,12.00,1.500,17.640,A,#1,APPROACH,2.956A/A
5099,2026-06-03 10:46:40,27.5125,12.00,1.500,17.640,A,#1,APPROACH,2.000A/A
5100,2026-06-03 10:46:42,27.4500,12.00,1.512,17.940,A,#1,APPROACH,2.000A/A
5101,2026-06-03 10:46:44,27.3000,12.00,1.512,17.940,A,#1,APPROACH,2.000A/A
5102,2026-06-03 10:46:46,27.2000,12.00,1.512,17.940,A,#1,APPROACH,2.500A/A
5103,2026-06-03 10:46:48,27.0000,12.00,1.512,17.940,A,#1,APPROACH,1.500A/A
5104,2026-06-03 10:46:49,26.8500,12.00,1.481,17.616,A,#1,APPROACH,2.500A/A
5105,2026-06-03 10:46:52,26.6750,12.00,1.481,17.616,A,#1,APPROACH,2.000A/A
5106,2026-06-03 10:46:53,26.5125,12.00,1.481,17.616,A,#1,APPROACH,1.000A/A
5107,2026-06-03 10:46:55,26.3125,8.81,1.481,17.616,A,#1,APPROACH,2.000A/A
5108,2026-06-03 10:46:57,26.1250,8.81,1.302,17.448,A,#1,APPROACH,2.000A/A
5109,2026-06-03 10:46:59,25.9250,8.81,1.302,17.448,A,#1,APPROACH,2.304A/A
5110,2026-06-03 10:47:01,25.7500,8.81,1.302,17.448,A,#1,APPROACH,1.000A/A
5111,2026-06-03 10:47:03,25.5250,8.89,1.302,17.448,A,#1,APPROACH,2.371A/A
5112,2026-06-03 10:47:05,25.3250,8.89,1.456,17.304,A,#1,APPROACH,1.500A/A
5113,2026-06-03 10:47:07,25.1250,8.89,1.456,17.304,A,#1,APPROACH,1.000A/A
5114,2026-06-03 10:47:09,24.8875,8.89,1.456,17.304,A,#1,APPROACH,2.629A/A
5115,2026-06-03 10:47:11,24.6875,12.00,1.456,17.304,A,#1,APPROACH,1.500A/A
5116,2026-06-03 10:47:12,24.5000,12.00,1.432,17.208,A,#1,APPROACH,2.500A/A
5117,2026-06-03 10:47:15,24.3000,12.00,1.432,17.208,A,#1,APPROACH,2.500A/A
5118,2026-06-03 10:47:16,24.0750,12.00,1.432,17.208,A,#1,APPROACH,2.000A/A
5119,2026-06-03 10:47:18,23.8750,12.00,1.432,17.208,A,#1,APPROACH,2.500A/A
5120,2026-06-03 10:47:20,23.6375,12.00,1.423,16.968,A,#1,APPROACH,1.500A/A
5121,2026-06-03 10:47:22,23.4375,12.00,1.423,16.968,A,#1,APPROACH,2.500A/A
5122,2026-06-03 10:47:24,23.2625,12.00,1.423,16.968,A,#1,APPROACH,1.000A/A
5123,2026-06-03 10:47:26,23.0375,9.08,1.423,16.968,A,#1,APPROACH,1.500A/A
5124,2026-06-03 10:47:28,22.8250,9.08,1.396,16.920,A,#1,APPROACH,2.762A/A
5125,2026-06-03 10:47:30,22.6250,9.08,1.396,16.920,A,#1,APPROACH,2.000A/A
5126,2026-06-03 10:47:32,22.4250,9.08,1.396,16.920,A,#1,APPROACH,2.848A/A
5127,2026-06-03 10:47:34,22.2500,12.00,1.396,16.920,A,#1,APPROACH,1.000A/A
5128,2026-06-03 10:47:35,22.0750,12.00,1.154,9.340,A,#1,APPROACH,2.500A/A
5129,2026-06-03 10:47:38,21.8500,12.00,1.154,9.340,A,#1,APPROACH,1.000A/A
5130,2026-06-03 10:47:39,21.7000,12.00,1.154,9.340,A,#1,APPROACH,1.000A/A
5131,2026-06-03 10:47:41,21.5000,9.04,1.154,9.340,A,#1,APPROACH,2.500A/A
5132,2026-06-03 10:47:43,21.3250,9.04,1.429,16.944,A,#1,APPROACH,2.500A/A
5133,2026-06-03 10:47:46,21.1250,9.04,1.429,16.944,A,#1,APPROACH,1.000A/A
5134,2026-06-03 10:47:47,20.9875,9.04,1.429,16.944,A,#1,HOLDING,1.500A/A
5135,2026-06-03 10:47:49,20.8125,9.04,1.429,16.944,OFF,#1,HOLDING,0.000A/OFF
5136,2026-06-03 10:47:50,20.6375,12.00,1.429,16.944,OFF,#1,HOLDING,0.000A/OFF
5137,2026-06-03 10:47:51,20.6375,12.00,1.434,16.944,OFF,#1,HOLDING,0.000A/OFF
5138,2026-06-03 10:47:52,20.4875,12.00,1.434,0.000,OFF,#1,HOLDING,0.000A/OFF
5139,2026-06-03 10:47:53,20.4875,12.00,1.434,0.000,OFF,#1,HOLDING,0.000A/OFF
5140,2026-06-03 10:47:54,20.3250,12.00,1.434,0.000,OFF,#1,HOLDING,0.000A/OFF
5141,2026-06-03 10:47:55,20.3250,12.00,1.434,0.000,OFF,#1,HOLDING,0.000A/OFF
5142,2026-06-03 10:47:56,20.1750,12.00,1.434,0.000,OFF,#1,HOLDING,0.000A/OFF
5143,2026-06-03 10:47:57,20.1750,12.00,0.000,0.000,OFF,#1,HOLDING,0.000A/OFF
5144,2026-06-03 10:47:58,20.0500,12.00,0.000,0.000,OFF,#1,HOLDING,0.000A/OFF
5145,2026-06-03 10:47:59,20.0500,12.00,0.000,0.000,OFF,#1,HOLDING,0.000A/OFF
5146,2026-06-03 10:48:00,19.9500,12.00,0.000,0.000,OFF,#1,HOLDING,0.000A/OFF
5147,2026-06-03 10:48:01,19.9500,12.00,0.000,0.000,OFF,#1,HOLDING,0.000A/OFF
5148,2026-06-03 10:48:02,19.8375,12.00,0.000,0.000,OFF,#1,HOLDING,0.000A/OFF
5149,2026-06-03 10:48:03,19.7875,12.00,0.000,0.000,OFF,#1,HOLDING,0.000A/OFF
5150,2026-06-03 10:48:04,19.7875,12.00,0.000,0.000,OFF,#1,HOLDING,0.000A/OFF
5151,2026-06-03 10:48:05,19.7375,12.00,0.000,0.000,OFF,#1,HOLDING,0.000A/OFF
5152,2026-06-03 10:48:06,19.7375,12.00,0.000,0.000,OFF,#1,HOLDING,0.000A/OFF
5153,2026-06-03 10:48:07,19.6875,12.00,0.000,0.000,OFF,#1,HOLDING,0.000A/OFF
5154,2026-06-03 10:48:08,19.6875,12.00,0.000,0.000,OFF,#1,HOLDING,0.000A/OFF
5155,2026-06-03 10:48:09,19.6750,12.00,0.000,0.000,OFF,#1,HOLDING,0.000A/OFF
5156,2026-06-03 10:48:10,19.6750,12.00,0.000,0.000,OFF,#1,HOLDING,0.000A/OFF
5157,2026-06-03 10:48:11,19.6250,12.00,0.000,0.000,OFF,#1,HOLDING,0.000A/OFF
5158,2026-06-03 10:48:12,19.6250,12.00,0.000,0.000,OFF,#1,HOLDING,0.000A/OFF
5159,2026-06-03 10:48:13,19.6750,12.00,0.000,0.000,OFF,#1,HOLDING,0.000A/OFF
5160,2026-06-03 10:48:14,19.6750,12.00,0.000,0.000,OFF,#1,HOLDING,0.000A/OFF
5161,2026-06-03 10:48:15,19.6500,12.00,0.000,0.000,OFF,#1,HOLDING,0.000A/OFF
5162,2026-06-03 10:48:16,19.6500,12.00,0.000,0.000,OFF,#1,HOLDING,0.000A/OFF
5163,2026-06-03 10:48:17,19.6875,12.00,0.000,0.000,OFF,#1,HOLDING,0.000A/OFF
5164,2026-06-03 10:48:18,19.6875,12.00,0.000,0.000,OFF,#1,HOLDING,0.000A/OFF
5165,2026-06-03 10:48:19,19.7125,12.00,0.000,0.000,OFF,#1,HOLDING,0.000A/OFF
5166,2026-06-03 10:48:20,19.7125,12.00,0.000,0.000,OFF,#1,HOLDING,0.000A/OFF
5167,2026-06-03 10:48:21,19.7250,12.00,0.000,0.000,OFF,#1,HOLDING,0.000A/OFF
5168,2026-06-03 10:48:22,19.7500,12.00,0.000,0.000,OFF,#1,HOLDING,0.000A/OFF
5169,2026-06-03 10:48:23,19.7500,12.00,0.000,0.000,B,#1,HOLDING,0.103A/B
5170,2026-06-03 10:48:26,19.8000,12.00,0.000,0.000,B,#1,HOLDING,0.116A/B
5171,2026-06-03 10:48:27,19.8000,12.00,0.000,0.000,B,#1,HOLDING,0.129A/B
5172,2026-06-03 10:48:29,19.8750,0.84,0.000,0.000,B,#1,HOLDING,0.131A/B
5173,2026-06-03 10:48:31,19.9000,0.84,0.131,0.119,B,#1,HOLDING,0.140A/B
5174,2026-06-03 10:48:33,19.9375,0.84,0.131,0.119,B,#1,HOLDING,0.144A/B
5175,2026-06-03 10:48:35,19.9875,0.84,0.131,0.119,B,#1,HOLDING,0.149A/B
5176,2026-06-03 10:48:37,20.0625,1.09,0.131,0.119,B,#1,HOLDING,0.145A/B
5177,2026-06-03 10:48:39,20.0875,1.09,0.145,0.162,B,#1,HOLDING,0.146A/B
5178,2026-06-03 10:48:41,20.1625,1.09,0.145,0.162,B,#1,HOLDING,0.143A/B
5179,2026-06-03 10:48:43,20.2375,1.09,0.145,0.162,B,#1,HOLDING,0.137A/B
5180,2026-06-03 10:48:45,20.2625,1.06,0.145,0.162,B,#1,HOLDING,0.131A/B
5181,2026-06-03 10:48:46,20.3375,1.06,0.131,0.137,B,#1,HOLDING,0.120A/B
5182,2026-06-03 10:48:49,20.3875,1.06,0.131,0.137,B,#2,APPROACH,0.111A/B
5183,2026-06-03 10:48:50,20.4625,1.06,0.131,0.137,B,#2,APPROACH,0.405A/B
5184,2026-06-03 10:48:52,20.5000,1.06,0.131,0.137,B,#2,APPROACH,0.419A/B
5185,2026-06-03 10:48:54,20.5500,8.43,0.131,0.137,B,#2,APPROACH,0.457A/B
5186,2026-06-03 10:48:56,20.6375,8.43,1.039,1.901,B,#2,APPROACH,0.501A/B
5187,2026-06-03 10:48:59,20.7125,8.43,1.039,1.901,B,#2,APPROACH,0.575A/B
5188,2026-06-03 10:49:00,20.8125,8.43,1.039,1.901,B,#2,APPROACH,0.628A/B
5189,2026-06-03 10:49:02,20.9125,5.46,1.039,1.901,B,#2,APPROACH,0.699A/B
5190,2026-06-03 10:49:04,21.0375,5.46,0.661,4.326,B,#2,APPROACH,0.778A/B
5191,2026-06-03 10:49:06,21.1625,5.46,0.661,4.326,B,#2,APPROACH,0.904A/B
5192,2026-06-03 10:49:08,21.2875,5.46,0.661,4.326,B,#2,APPROACH,0.991A/B
5193,2026-06-03 10:49:10,21.4125,8.27,0.661,4.326,B,#2,APPROACH,1.101A/B
5194,2026-06-03 10:49:12,21.5500,8.27,1.043,10.129,B,#2,APPROACH,1.215A/B
5195,2026-06-03 10:49:14,21.7000,8.27,1.043,10.129,B,#2,APPROACH,1.000A/B
5196,2026-06-03 10:49:16,21.8000,8.27,1.043,10.129,B,#2,APPROACH,1.384A/B
5197,2026-06-03 10:49:18,22.0000,11.11,1.043,10.129,B,#2,APPROACH,1.527A/B
5198,2026-06-03 10:49:19,22.1375,11.11,1.439,17.736,B,#2,APPROACH,1.000A/B
5199,2026-06-03 10:49:22,22.3125,11.11,1.439,17.736,B,#2,APPROACH,1.500A/B
5200,2026-06-03 10:49:23,22.4875,11.11,1.439,17.736,B,#2,APPROACH,1.000A/B
5201,2026-06-03 10:49:25,22.6625,8.79,1.439,17.736,B,#2,APPROACH,1.649A/B
5202,2026-06-03 10:49:27,22.8625,8.79,1.230,17.340,B,#2,APPROACH,1.830A/B
5203,2026-06-03 10:49:29,23.0625,8.79,1.230,17.340,B,#2,APPROACH,2.078A/B
5204,2026-06-03 10:49:31,23.3000,8.79,1.230,17.340,B,#2,APPROACH,2.000A/B
5205,2026-06-03 10:49:33,23.5000,12.00,1.230,17.340,B,#2,APPROACH,1.000A/B
5206,2026-06-03 10:49:35,23.7125,12.00,1.218,9.090,B,#2,APPROACH,2.000A/B
5207,2026-06-03 10:49:37,23.9375,12.00,1.218,9.090,B,#2,APPROACH,1.500A/B
5208,2026-06-03 10:49:39,24.1875,12.00,1.218,9.090,B,#2,APPROACH,1.000A/B
5209,2026-06-03 10:49:41,24.4125,9.10,1.218,9.090,B,#2,APPROACH,2.000A/B
5210,2026-06-03 10:49:42,24.6500,9.10,1.204,16.752,B,#2,APPROACH,1.500A/B
5211,2026-06-03 10:49:45,24.8500,9.10,1.204,16.752,B,#2,APPROACH,2.142A/B
5212,2026-06-03 10:49:46,25.1125,9.10,1.204,16.752,B,#2,APPROACH,2.232A/B
5213,2026-06-03 10:49:48,25.3375,12.00,1.204,16.752,B,#2,APPROACH,2.336A/B
5214,2026-06-03 10:49:50,25.5625,12.00,1.388,16.452,B,#2,APPROACH,2.369A/B
5215,2026-06-03 10:49:52,25.8375,12.00,1.388,16.452,B,#2,APPROACH,2.000A/B
5216,2026-06-03 10:49:54,26.0875,12.00,1.388,16.452,B,#2,APPROACH,2.000A/B
5217,2026-06-03 10:49:56,26.3125,12.00,1.388,16.452,B,#2,APPROACH,2.457A/B
5218,2026-06-03 10:49:58,26.5625,12.00,1.366,16.200,B,#2,APPROACH,2.000A/B
5219,2026-06-03 10:50:00,26.8375,12.00,1.366,16.200,B,#2,APPROACH,2.500A/B
5220,2026-06-03 10:50:02,27.0500,12.00,1.366,16.200,B,#2,APPROACH,2.000A/B
5221,2026-06-03 10:50:04,27.3000,12.00,1.366,16.200,B,#2,APPROACH,2.482A/B
5222,2026-06-03 10:50:05,27.5250,12.00,1.349,16.008,B,#2,HOLDING,1.000A/B
5223,2026-06-03 10:50:08,27.8000,12.00,1.349,16.008,OFF,#2,HOLDING,0.000A/OFF
5224,2026-06-03 10:50:09,28.0375,12.00,1.349,16.008,OFF,#2,HOLDING,0.000A/OFF
5225,2026-06-03 10:50:10,28.0375,12.00,1.349,16.008,OFF,#2,HOLDING,0.000A/OFF
5226,2026-06-03 10:50:11,28.3125,12.00,1.349,16.008,OFF,#2,HOLDING,0.000A/OFF
5227,2026-06-03 10:50:12,28.3125,12.00,0.000,16.008,OFF,#2,HOLDING,0.000A/OFF
5228,2026-06-03 10:50:13,28.5500,12.00,0.000,16.008,OFF,#2,HOLDING,0.000A/OFF
5229,2026-06-03 10:50:14,28.8000,12.00,0.000,0.000,OFF,#2,HOLDING,0.000A/OFF
5230,2026-06-03 10:50:15,28.8000,12.00,0.000,0.000,OFF,#2,HOLDING,0.000A/OFF
5231,2026-06-03 10:50:16,29.0250,12.00,0.000,0.000,OFF,#2,HOLDING,0.000A/OFF
5232,2026-06-03 10:50:17,29.0250,12.00,0.000,0.000,OFF,#2,HOLDING,0.000A/OFF
5233,2026-06-03 10:50:18,29.2000,12.00,0.000,0.000,OFF,#2,HOLDING,0.000A/OFF
5234,2026-06-03 10:50:19,29.2000,12.00,0.000,0.000,OFF,#2,HOLDING,0.000A/OFF
5235,2026-06-03 10:50:20,29.3625,12.00,0.000,0.000,A,#2,HOLDING,0.110A/A
5236,2026-06-03 10:50:22,29.3625,12.00,0.000,0.000,A,#2,HOLDING,0.108A/A
5237,2026-06-03 10:50:23,29.5125,12.00,0.000,0.000,A,#2,HOLDING,0.217A/A
5238,2026-06-03 10:50:25,29.6375,1.04,0.000,0.000,A,#2,HOLDING,0.253A/A
5239,2026-06-03 10:50:27,29.7375,1.04,0.253,0.366,A,#2,HOLDING,0.317A/A
5240,2026-06-03 10:50:29,29.8000,1.04,0.253,0.366,A,#2,HOLDING,0.374A/A
5241,2026-06-03 10:50:31,29.8750,1.04,0.253,0.366,A,#2,HOLDING,0.422A/A
5242,2026-06-03 10:50:33,29.9375,2.92,0.253,0.366,A,#2,HOLDING,0.478A/A
5243,2026-06-03 10:50:35,29.9375,2.92,0.478,1.692,A,#2,HOLDING,0.530A/A
5244,2026-06-03 10:50:37,29.9625,2.92,0.478,1.692,A,#2,HOLDING,0.599A/A
5245,2026-06-03 10:50:38,29.9875,2.92,0.478,1.692,A,#2,HOLDING,0.647A/A
5246,2026-06-03 10:50:40,29.9625,4.98,0.478,1.692,A,#2,HOLDING,0.701A/A
5247,2026-06-03 10:50:42,29.9375,4.98,0.672,3.925,A,#2,HOLDING,0.752A/A
5248,2026-06-03 10:50:45,29.8875,4.98,0.672,3.925,A,#2,HOLDING,0.813A/A
5249,2026-06-03 10:50:46,29.8125,4.98,0.672,3.925,A,#2,HOLDING,0.848A/A
5250,2026-06-03 10:50:48,29.7375,6.77,0.672,3.925,A,#2,HOLDING,0.890A/A
5251,2026-06-03 10:50:50,29.6375,6.77,0.867,6.488,A,#2,HOLDING,0.924A/A
5252,2026-06-03 10:50:52,29.5500,6.77,0.867,6.488,A,#2,HOLDING,0.976A/A
5253,2026-06-03 10:50:54,29.4250,6.77,0.867,6.488,A,#2,HOLDING,0.996A/A
5254,2026-06-03 10:50:56,29.2750,8.10,0.867,6.488,A,#2,HOLDING,0.973A/A
5255,2026-06-03 10:50:58,29.1500,8.10,0.973,7.891,A,#2,HOLDING,0.996A/A
5256,2026-06-03 10:51:00,29.0125,8.10,0.973,7.891,A,#2,HOLDING,1.029A/A
5257,2026-06-03 10:51:02,28.8625,8.10,0.973,7.891,A,#2,HOLDING,1.042A/A
5258,2026-06-03 10:51:03,28.7000,8.64,0.973,7.891,A,#2,HOLDING,1.050A/A
5259,2026-06-03 10:51:05,28.5250,8.64,1.050,9.313,A,#2,HOLDING,1.049A/A
5260,2026-06-03 10:51:08,28.3250,8.64,1.050,9.313,A,#2,HOLDING,1.000A/A
5261,2026-06-03 10:51:09,28.1750,8.64,1.050,9.313,A,#2,HOLDING,1.045A/A
5262,2026-06-03 10:51:11,27.9500,8.81,1.050,9.313,A,#2,HOLDING,1.000A/A
5263,2026-06-03 10:51:13,27.7500,8.81,1.014,8.650,A,#2,HOLDING,1.018A/A
5264,2026-06-03 10:51:15,27.5750,8.81,1.014,8.650,A,#2,HOLDING,0.982A/A
5265,2026-06-03 10:51:17,27.3500,8.81,1.014,8.650,A,#2,HOLDING,0.891A/A
5266,2026-06-03 10:51:19,27.1375,7.82,1.014,8.650,A,#2,HOLDING,0.831A/A
5267,2026-06-03 10:51:21,26.9375,7.82,0.843,6.224,A,#2,HOLDING,0.760A/A
5268,2026-06-03 10:51:23,26.7500,7.82,0.843,6.224,A,#2,HOLDING,0.683A/A
5269,2026-06-03 10:51:25,26.5000,7.82,0.843,6.224,A,#2,HOLDING,0.601A/A
5270,2026-06-03 10:51:26,26.3000,5.60,0.843,6.224,A,#2,HOLDING,0.512A/A
5271,2026-06-03 10:51:28,26.0750,5.60,0.512,2.600,A,#2,HOLDING,0.406A/A
5272,2026-06-03 10:51:31,25.8875,5.60,0.512,2.600,A,#2,HOLDING,0.291A/A
5273,2026-06-03 10:51:32,25.6875,5.60,0.512,2.600,A,#2,HOLDING,0.190A/A
5274,2026-06-03 10:51:34,25.5000,5.60,0.512,2.600,OFF,#2,HOLDING,0.000A/OFF
5275,2026-06-03 10:51:35,25.2750,2.47,0.512,2.600,OFF,#2,HOLDING,0.000A/OFF
5276,2026-06-03 10:51:36,25.2750,2.47,0.190,2.600,OFF,#2,HOLDING,0.000A/OFF
5277,2026-06-03 10:51:37,25.1375,2.47,0.190,0.000,OFF,#2,HOLDING,0.000A/OFF
5278,2026-06-03 10:51:38,25.1375,2.47,0.190,0.000,B,#2,HOLDING,0.146A/B
5279,2026-06-03 10:51:40,24.9375,2.47,0.190,0.000,B,#2,HOLDING,0.269A/B
5280,2026-06-03 10:51:41,24.7750,2.01,0.190,0.000,B,#2,HOLDING,0.391A/B
5281,2026-06-03 10:51:43,24.6500,2.01,0.347,1.204,B,#2,HOLDING,0.541A/B
5282,2026-06-03 10:51:45,24.5125,2.01,0.347,1.204,B,#2,HOLDING,0.728A/B
5283,2026-06-03 10:51:47,24.3875,2.01,0.347,1.204,B,#2,HOLDING,0.861A/B
5284,2026-06-03 10:51:49,24.3125,6.88,0.347,1.204,B,#2,HOLDING,1.015A/B
5285,2026-06-03 10:51:51,24.2125,6.88,0.962,8.324,B,#2,HOLDING,1.175A/B
5286,2026-06-03 10:51:53,24.1500,6.88,0.962,8.324,B,#2,HOLDING,1.376A/B
5287,2026-06-03 10:51:55,24.1000,6.88,0.962,8.324,B,#2,HOLDING,1.517A/B
5288,2026-06-03 10:51:57,24.0625,11.62,0.962,8.324,B,#2,HOLDING,1.000A/B
5289,2026-06-03 10:51:58,24.0625,11.62,1.131,8.370,B,#2,HOLDING,1.675A/B
5290,2026-06-03 10:52:01,24.1000,11.62,1.131,8.370,B,#2,HOLDING,1.874A/B
5291,2026-06-03 10:52:02,24.1250,11.62,1.131,8.370,B,#2,HOLDING,1.500A/B
5292,2026-06-03 10:52:04,24.1625,11.72,1.131,8.370,B,#2,HOLDING,2.005A/B
5293,2026-06-03 10:52:06,24.2375,11.72,1.504,17.856,B,#2,HOLDING,2.152A/B
5294,2026-06-03 10:52:08,24.3500,11.72,1.504,17.856,B,#2,HOLDING,2.000A/B
5295,2026-06-03 10:52:10,24.4500,11.72,1.504,17.856,B,#2,HOLDING,1.500A/B
5296,2026-06-03 10:52:12,24.6000,12.00,1.504,17.856,B,#2,HOLDING,2.000A/B
5297,2026-06-03 10:52:14,24.7000,12.00,1.457,17.280,B,#2,HOLDING,2.313A/B
5298,2026-06-03 10:52:16,24.8625,12.00,1.457,17.280,B,#2,HOLDING,2.472A/B
5299,2026-06-03 10:52:18,25.0125,12.00,1.457,17.280,B,#2,HOLDING,2.500A/B
5300,2026-06-03 10:52:20,25.2375,12.00,1.457,17.280,B,#2,HOLDING,1.500A/B
5301,2026-06-03 10:52:21,25.3875,12.00,1.418,16.824,B,#2,HOLDING,2.000A/B
5302,2026-06-03 10:52:24,25.6125,12.00,1.418,16.824,B,#2,HOLDING,2.496A/B
5303,2026-06-03 10:52:25,25.8125,12.00,1.418,16.824,B,#2,HOLDING,1.500A/B
5304,2026-06-03 10:52:27,26.0250,12.00,1.418,16.824,B,#2,HOLDING,2.000A/B
5305,2026-06-03 10:52:29,26.2500,12.00,1.387,16.464,B,#2,HOLDING,2.537A/B
5306,2026-06-03 10:52:32,26.4625,12.00,1.387,16.464,B,#2,HOLDING,2.500A/B
5307,2026-06-03 10:52:33,26.6875,12.00,1.387,16.464,B,#2,HOLDING,2.500A/B
5308,2026-06-03 10:52:35,26.9000,12.00,1.387,16.464,B,#2,HOLDING,2.000A/B
5309,2026-06-03 10:52:37,27.1250,12.00,1.364,16.188,B,#2,HOLDING,2.587A/B
5310,2026-06-03 10:52:39,27.3625,12.00,1.364,16.188,B,#2,HOLDING,2.000A/B
5311,2026-06-03 10:52:41,27.5625,12.00,1.364,16.188,B,#2,HOLDING,1.000A/B
5312,2026-06-03 10:52:43,27.8375,9.47,1.364,16.188,B,#2,HOLDING,2.000A/B
5313,2026-06-03 10:52:45,28.0875,9.47,1.349,16.044,B,#2,HOLDING,2.500A/B
5314,2026-06-03 10:52:47,28.3000,9.47,1.349,16.044,B,#2,HOLDING,2.578A/B
5315,2026-06-03 10:52:49,28.5250,9.47,1.349,16.044,B,#2,HOLDING,2.000A/B
5316,2026-06-03 10:52:50,28.7750,12.00,1.349,16.044,B,#2,HOLDING,2.574A/B
5317,2026-06-03 10:52:52,29.0000,12.00,1.334,15.852,B,#2,HOLDING,2.500A/B
5318,2026-06-03 10:52:55,29.2125,12.00,1.334,15.852,B,#2,HOLDING,2.500A/B
5319,2026-06-03 10:52:56,29.4625,12.00,1.334,15.852,B,#2,HOLDING,2.494A/B
5320,2026-06-03 10:52:58,29.6875,12.00,1.334,15.852,B,#2,HOLDING,2.434A/B
5321,2026-06-03 10:53:00,29.9375,12.00,1.320,15.696,B,#2,HOLDING,1.500A/B
5322,2026-06-03 10:53:02,30.1250,12.00,1.320,15.696,B,#2,HOLDING,1.000A/B
5323,2026-06-03 10:53:04,30.3750,12.00,1.320,15.696,B,#2,HOLDING,1.000A/B
5324,2026-06-03 10:53:06,30.5625,9.71,1.320,15.696,B,#2,HOLDING,2.335A/B
5325,2026-06-03 10:53:08,30.8125,9.71,1.313,15.624,B,#2,HOLDING,1.000A/B
5326,2026-06-03 10:53:10,30.9875,9.71,1.313,15.624,B,#2,HOLDING,2.228A/B
5327,2026-06-03 10:53:12,31.1875,9.71,1.313,15.624,B,#2,HOLDING,1.500A/B
5328,2026-06-03 10:53:13,31.4000,12.00,1.313,15.624,B,#2,HOLDING,2.115A/B
5329,2026-06-03 10:53:15,31.6250,12.00,1.306,15.528,B,#2,HOLDING,2.000A/B
5330,2026-06-03 10:53:18,31.8000,12.00,1.306,15.528,B,#2,HOLDING,2.000A/B
5331,2026-06-03 10:53:19,32.0000,12.00,1.306,15.528,B,#2,HOLDING,2.000A/B
5332,2026-06-03 10:53:21,32.1750,12.00,1.306,15.528,B,#2,HOLDING,2.000A/B
5333,2026-06-03 10:53:23,32.3750,12.00,1.297,15.396,B,#2,HOLDING,1.988A/B
5334,2026-06-03 10:53:25,32.5500,12.00,1.297,15.396,B,#2,HOLDING,1.783A/B
5335,2026-06-03 10:53:27,32.7500,12.00,1.297,15.396,B,#2,HOLDING,1.000A/B
5336,2026-06-03 10:53:29,32.9250,9.82,1.297,15.396,B,#2,HOLDING,1.622A/B
5337,2026-06-03 10:53:31,33.1250,9.82,1.145,15.360,B,#2,HOLDING,1.431A/B
5338,2026-06-03 10:53:33,33.3000,9.82,1.145,15.360,B,#2,HOLDING,1.193A/B
5339,2026-06-03 10:53:35,33.5000,9.82,1.145,15.360,B,#2,HOLDING,1.017A/B
5340,2026-06-03 10:53:37,33.6750,9.98,1.145,15.360,B,#2,HOLDING,0.813A/B
5341,2026-06-03 10:53:38,33.8750,9.98,0.912,6.951,B,#2,HOLDING,0.598A/B
5342,2026-06-03 10:53:41,34.0250,9.98,0.912,6.951,B,#2,HOLDING,0.323A/B
5343,2026-06-03 10:53:42,34.2000,9.98,0.912,6.951,B,#2,HOLDING,0.120A/B
5344,2026-06-03 10:53:44,34.3625,9.98,0.912,6.951,OFF,#2,HOLDING,0.000A/OFF
5345,2026-06-03 10:53:45,34.4875,2.94,0.120,6.951,OFF,#2,HOLDING,0.226A/A
5346,2026-06-03 10:53:47,34.4875,2.94,0.120,0.000,A,#2,HOLDING,0.414A/A
5347,2026-06-03 10:53:48,34.6375,2.94,0.120,0.000,A,#2,HOLDING,0.619A/A
5348,2026-06-03 10:53:50,34.7625,2.94,0.120,0.000,A,#2,HOLDING,0.826A/A
5349,2026-06-03 10:53:52,34.8875,5.49,0.120,0.000,A,#2,HOLDING,1.081A/A
5350,2026-06-03 10:53:54,34.9625,5.49,1.081,8.399,A,#2,HOLDING,1.325A/A
5351,2026-06-03 10:53:56,35.0125,5.49,1.081,8.399,A,#2,HOLDING,1.500A/A
5352,2026-06-03 10:53:58,35.0375,5.49,1.081,8.399,A,#2,HOLDING,1.635A/A
5353,2026-06-03 10:54:00,35.0375,11.71,1.081,8.399,A,#2,HOLDING,1.878A/A
5354,2026-06-03 10:54:01,35.0125,11.71,1.640,19.440,A,#2,HOLDING,2.119A/A
5355,2026-06-03 10:54:04,34.9125,11.71,1.640,19.440,A,#2,HOLDING,2.421A/A
5356,2026-06-03 10:54:05,34.8125,11.71,1.640,19.440,A,#2,HOLDING,1.500A/A
5357,2026-06-03 10:54:07,34.6625,11.34,1.640,19.440,A,#2,HOLDING,1.500A/A
5358,2026-06-03 10:54:09,34.4875,11.34,1.500,17.460,A,#2,HOLDING,2.592A/A
5359,2026-06-03 10:54:12,34.3250,11.34,1.500,17.460,A,#2,HOLDING,2.000A/A
5360,2026-06-03 10:54:13,34.1750,11.34,1.500,17.460,A,#2,HOLDING,2.000A/A
5361,2026-06-03 10:54:15,33.9750,12.00,1.500,17.460,A,#2,HOLDING,1.500A/A
5362,2026-06-03 10:54:17,33.7000,12.00,1.512,17.955,A,#2,HOLDING,2.000A/A
5363,2026-06-03 10:54:19,33.4750,12.00,1.512,17.955,A,#2,HOLDING,2.812A/A
5364,2026-06-03 10:54:21,33.2250,12.00,1.512,17.955,A,#2,HOLDING,2.500A/A
5365,2026-06-03 10:54:23,32.9750,12.00,1.512,17.955,A,#2,HOLDING,2.000A/A
5366,2026-06-03 10:54:25,32.6750,12.00,1.490,17.688,A,#2,HOLDING,1.000A/A
5367,2026-06-03 10:54:27,32.4000,12.00,1.490,17.688,A,#2,HOLDING,1.000A/A
5368,2026-06-03 10:54:29,32.1250,12.00,1.490,17.688,A,#2,HOLDING,2.895A/A
5369,2026-06-03 10:54:30,31.8500,12.00,1.490,17.688,A,#2,HOLDING,2.500A/A
5370,2026-06-03 10:54:32,31.5500,12.00,1.468,17.448,A,#2,HOLDING,1.000A/A
5371,2026-06-03 10:54:35,31.2500,12.00,1.468,17.448,A,#2,HOLDING,2.000A/A
5372,2026-06-03 10:54:36,30.9250,12.00,1.468,17.448,A,#2,HOLDING,2.500A/A
5373,2026-06-03 10:54:38,30.6625,12.00,1.468,17.448,A,#2,HOLDING,1.500A/A
5374,2026-06-03 10:54:40,30.3375,12.00,1.453,17.292,A,#2,HOLDING,2.500A/A
5375,2026-06-03 10:54:42,30.0375,12.00,1.453,17.292,A,#2,HOLDING,2.500A/A
5376,2026-06-03 10:54:44,29.7375,12.00,1.453,17.292,A,#2,HOLDING,1.500A/A
5377,2026-06-03 10:54:46,29.4375,12.00,1.453,17.292,A,#2,HOLDING,1.500A/A
5378,2026-06-03 10:54:48,29.1125,12.00,1.440,17.136,A,#2,HOLDING,1.500A/A
5379,2026-06-03 10:54:50,28.8125,12.00,1.440,17.136,A,#2,HOLDING,1.500A/A
5380,2026-06-03 10:54:52,28.5125,12.00,1.440,17.136,A,#2,HOLDING,2.500A/A
5381,2026-06-03 10:54:53,28.2125,12.00,1.440,17.136,A,#3,APPROACH,1.000A/A
5382,2026-06-03 10:54:55,27.9125,12.00,1.215,0.000,A,#3,APPROACH,0.548A/A
5383,2026-06-03 10:54:58,27.3250,12.00,1.215,0.000,A,#3,APPROACH,0.497A/A
5384,2026-06-03 10:55:00,27.0375,12.00,1.215,0.000,A,#3,APPROACH,0.487A/A
5385,2026-06-03 10:55:02,27.0375,12.00,1.215,0.000,A,#3,APPROACH,0.503A/A
5386,2026-06-03 10:55:03,26.7875,5.18,1.215,0.000,A,#3,APPROACH,0.513A/A
5387,2026-06-03 10:55:05,26.5375,5.18,0.513,2.698,A,#3,APPROACH,0.525A/A
5388,2026-06-03 10:55:08,26.3125,5.18,0.513,2.698,A,#3,APPROACH,0.551A/A
5389,2026-06-03 10:55:09,26.0750,5.18,0.513,2.698,A,#3,APPROACH,0.571A/A
5390,2026-06-03 10:55:11,25.8750,5.51,0.513,2.698,A,#3,APPROACH,0.608A/A
5391,2026-06-03 10:55:13,25.6625,5.51,0.587,3.581,A,#3,APPROACH,0.645A/A
5392,2026-06-03 10:55:15,25.4375,5.51,0.587,3.581,A,#3,APPROACH,0.713A/A
5393,2026-06-03 10:55:17,25.2625,5.51,0.587,3.581,A,#3,APPROACH,0.760A/A
5394,2026-06-03 10:55:19,25.0625,6.94,0.587,3.581,A,#3,APPROACH,0.821A/A
5395,2026-06-03 10:55:21,24.8875,6.94,0.788,6.198,A,#3,APPROACH,0.890A/A
5396,2026-06-03 10:55:23,24.6875,6.94,0.788,6.198,A,#3,APPROACH,0.994A/A
5397,2026-06-03 10:55:25,24.5375,6.94,0.788,6.198,A,#3,APPROACH,1.000A/A
5398,2026-06-03 10:55:26,24.3375,8.71,0.788,6.198,A,#3,APPROACH,1.058A/A
5399,2026-06-03 10:55:28,24.2000,8.71,1.026,9.871,A,#3,APPROACH,1.161A/A
5400,2026-06-03 10:55:31,24.0000,8.71,1.026,9.871,A,#3,APPROACH,1.305A/A
5401,2026-06-03 10:55:32,23.8375,8.71,1.026,9.871,A,#3,APPROACH,1.000A/A
5402,2026-06-03 10:55:34,23.6875,8.81,1.026,9.871,A,#3,APPROACH,1.398A/A
5403,2026-06-03 10:55:36,23.5125,8.81,1.193,16.286,A,#3,APPROACH,1.000A/A
5404,2026-06-03 10:55:38,23.3375,8.81,1.193,16.286,A,#3,APPROACH,1.522A/A
5405,2026-06-03 10:55:40,23.1750,8.81,1.193,16.286,A,#3,APPROACH,1.650A/A
5406,2026-06-03 10:55:42,23.0000,12.00,1.193,16.286,A,#3,APPROACH,1.000A/A
5407,2026-06-03 10:55:44,22.8250,12.00,1.228,8.970,A,#3,APPROACH,1.500A/A
5408,2026-06-03 10:55:46,22.6500,12.00,1.228,8.970,A,#3,APPROACH,1.790A/A
5409,2026-06-03 10:55:48,22.4875,12.00,1.228,8.970,A,#3,APPROACH,1.945A/A
5410,2026-06-03 10:55:49,22.3125,12.00,1.228,8.970,A,#3,APPROACH,1.500A/A
5411,2026-06-03 10:55:51,22.1375,12.00,1.441,17.124,A,#3,APPROACH,2.125A/A
5412,2026-06-03 10:55:54,21.9875,12.00,1.441,17.124,A,#3,APPROACH,1.000A/A
5413,2026-06-03 10:55:55,21.8250,12.00,1.441,17.124,A,#3,APPROACH,1.500A/A
5414,2026-06-03 10:55:57,21.6250,12.00,1.441,17.124,A,#3,APPROACH,1.000A/A
5415,2026-06-03 10:55:59,21.4500,12.00,1.201,9.090,A,#3,APPROACH,2.323A/A
5416,2026-06-03 10:56:01,21.2750,12.00,1.201,9.090,A,#3,APPROACH,1.500A/A
5417,2026-06-03 10:56:03,21.1375,12.00,1.201,9.090,A,#3,APPROACH,2.500A/A
5418,2026-06-03 10:56:05,20.9625,12.00,1.201,9.090,A,#3,APPROACH,2.500A/A
5419,2026-06-03 10:56:07,20.7625,12.00,1.425,16.980,A,#3,APPROACH,2.494A/A
5420,2026-06-03 10:56:09,20.6125,12.00,1.425,16.980,A,#3,APPROACH,2.000A/A
5421,2026-06-03 10:56:11,20.4500,12.00,1.425,16.980,A,#3,APPROACH,1.000A/A
5422,2026-06-03 10:56:12,20.3000,9.12,1.425,16.980,A,#3,APPROACH,1.000A/A
5423,2026-06-03 10:56:14,20.1375,9.12,1.000,9.170,A,#3,APPROACH,1.500A/A
5424,2026-06-03 10:56:17,19.9875,9.12,1.000,9.170,A,#3,APPROACH,2.000A/A
5425,2026-06-03 10:56:18,19.8250,9.12,1.000,9.170,A,#3,APPROACH,2.500A/A
5426,2026-06-03 10:56:20,19.6750,12.00,1.000,9.170,A,#3,APPROACH,2.579A/A
5427,2026-06-03 10:56:22,19.5750,12.00,1.421,16.944,A,#3,APPROACH,1.000A/A
5428,2026-06-03 10:56:24,19.4250,12.00,1.421,16.944,A,#3,APPROACH,2.673A/A
5429,2026-06-03 10:56:26,19.2750,12.00,1.421,16.944,A,#3,APPROACH,2.000A/A
5430,2026-06-03 10:56:28,19.1250,12.00,1.421,16.944,A,#3,APPROACH,1.500A/A
5431,2026-06-03 10:56:30,19.0125,12.00,1.406,16.716,A,#3,APPROACH,1.500A/A
5432,2026-06-03 10:56:32,18.8875,12.00,1.406,16.716,A,#3,APPROACH,2.500A/A
5433,2026-06-03 10:56:34,18.7625,12.00,1.406,16.716,A,#3,APPROACH,2.714A/A
5434,2026-06-03 10:56:36,18.6125,12.00,1.406,16.716,A,#3,APPROACH,1.500A/A
5435,2026-06-03 10:56:37,18.5125,12.00,1.405,16.608,A,#3,APPROACH,2.758A/A
5436,2026-06-03 10:56:40,18.3625,12.00,1.405,16.608,A,#3,APPROACH,1.000A/A
5437,2026-06-03 10:56:41,18.2375,12.00,1.405,16.608,A,#3,APPROACH,2.500A/A
5438,2026-06-03 10:56:43,18.1125,12.00,1.405,16.608,A,#3,APPROACH,1.500A/A
5439,2026-06-03 10:56:45,17.9875,12.00,1.396,16.572,A,#3,HOLDING,1.500A/A
5440,2026-06-03 10:56:47,17.8625,12.00,1.396,16.572,OFF,#3,HOLDING,0.000A/OFF
5441,2026-06-03 10:56:48,17.7125,12.00,1.396,16.572,OFF,#3,HOLDING,0.000A/OFF
5442,2026-06-03 10:56:49,17.7125,12.00,1.396,16.572,OFF,#3,HOLDING,0.000A/OFF
5443,2026-06-03 10:56:51,17.6125,12.00,1.396,16.572,OFF,#3,HOLDING,0.000A/OFF
5444,2026-06-03 10:56:52,17.6125,12.00,0.000,16.572,OFF,#3,HOLDING,0.000A/OFF
5445,2026-06-03 10:56:53,17.4875,12.00,0.000,16.572,OFF,#3,HOLDING,0.000A/OFF
5446,2026-06-03 10:56:54,17.3625,12.00,0.000,0.000,OFF,#3,HOLDING,0.000A/OFF
5447,2026-06-03 10:56:55,17.3625,12.00,0.000,0.000,OFF,#3,HOLDING,0.000A/OFF
5448,2026-06-03 10:56:56,17.3000,12.00,0.000,0.000,OFF,#3,HOLDING,0.000A/OFF
5449,2026-06-03 10:56:57,17.3000,12.00,0.000,0.000,A,#3,HOLDING,0.121A/A
5450,2026-06-03 10:56:58,17.2000,12.00,0.000,0.000,A,#3,HOLDING,0.116A/A
5451,2026-06-03 10:57:00,17.1750,12.00,0.000,0.211,A,#3,HOLDING,0.131A/A
5452,2026-06-03 10:57:02,17.1250,12.00,0.000,0.211,A,#3,HOLDING,0.129A/A
5453,2026-06-03 10:57:03,17.1250,12.00,0.000,0.211,A,#3,HOLDING,0.144A/A
5454,2026-06-03 10:57:05,17.1375,1.90,0.000,0.211,A,#3,HOLDING,0.153A/A
5455,2026-06-03 10:57:07,17.1375,1.90,0.153,0.301,A,#3,HOLDING,0.163A/A
5456,2026-06-03 10:57:09,17.1500,1.90,0.153,0.301,A,#3,HOLDING,0.171A/A
5457,2026-06-03 10:57:11,17.1500,1.90,0.153,0.301,A,#3,HOLDING,0.175A/A
5458,2026-06-03 10:57:13,17.1875,2.02,0.153,0.301,A,#3,HOLDING,0.185A/A
5459,2026-06-03 10:57:15,17.2125,2.02,0.185,0.392,A,#3,HOLDING,0.195A/A
5460,2026-06-03 10:57:17,17.3000,2.02,0.185,0.392,A,#3,HOLDING,0.215A/A
5461,2026-06-03 10:57:19,17.3000,2.02,0.185,0.392,A,#3,HOLDING,0.221A/A
5462,2026-06-03 10:57:20,17.3250,2.30,0.185,0.392,A,#3,HOLDING,0.234A/A
5463,2026-06-03 10:57:22,17.3750,2.30,0.234,0.577,A,#3,HOLDING,0.246A/A
5464,2026-06-03 10:57:25,17.4625,2.30,0.234,0.577,A,#3,HOLDING,0.274A/A
5465,2026-06-03 10:57:26,17.4625,2.30,0.234,0.577,A,#3,HOLDING,0.287A/A
5466,2026-06-03 10:57:28,17.5250,2.80,0.234,0.577,A,#3,HOLDING,0.307A/A
5467,2026-06-03 10:57:30,17.5500,2.80,0.307,0.936,A,#3,HOLDING,0.324A/A
5468,2026-06-03 10:57:32,17.6750,2.80,0.307,0.936,A,#3,HOLDING,0.365A/A
5469,2026-06-03 10:57:34,17.6750,2.80,0.307,0.936,A,#3,HOLDING,0.381A/A
5470,2026-06-03 10:57:36,17.7000,3.56,0.307,0.936,A,#3,HOLDING,0.407A/A
5471,2026-06-03 10:57:38,17.7500,3.56,0.407,1.583,A,#3,HOLDING,0.430A/A
5472,2026-06-03 10:57:40,17.8000,3.56,0.407,1.583,A,#3,HOLDING,0.472A/A
5473,2026-06-03 10:57:42,17.8000,3.56,0.407,1.583,A,#3,HOLDING,0.495A/A
5474,2026-06-03 10:57:43,17.8750,4.51,0.407,1.583,A,#3,HOLDING,0.530A/A
5475,2026-06-03 10:57:45,17.9000,4.51,0.530,2.628,A,#4,APPROACH,0.562A/A
5476,2026-06-03 10:57:48,17.9625,4.51,0.530,2.628,B,#4,APPROACH,0.341A/B
5477,2026-06-03 10:57:50,18.0000,4.51,0.530,2.628,B,#4,APPROACH,0.372A/B
5478,2026-06-03 10:57:52,18.0500,4.51,0.530,2.628,B,#4,APPROACH,0.419A/B
5479,2026-06-03 10:57:54,18.0625,8.11,0.419,2.628,B,#4,APPROACH,0.487A/B
5480,2026-06-03 10:57:56,18.0625,8.11,0.419,1.870,B,#4,APPROACH,0.561A/B
5481,2026-06-03 10:57:58,18.1375,8.11,0.419,1.870,B,#4,APPROACH,0.626A/B
5482,2026-06-03 10:57:59,18.2125,8.11,0.419,1.870,B,#4,APPROACH,0.698A/B
5483,2026-06-03 10:58:01,18.2125,5.48,0.419,1.870,B,#4,APPROACH,0.804A/B
5484,2026-06-03 10:58:03,18.2625,5.48,0.787,5.290,B,#4,APPROACH,0.919A/B
5485,2026-06-03 10:58:05,18.4500,5.48,0.787,5.290,B,#4,APPROACH,1.000A/B
5486,2026-06-03 10:58:07,18.5750,5.48,0.787,5.290,B,#4,APPROACH,1.000A/B
5487,2026-06-03 10:58:09,18.5750,7.97,0.787,5.290,B,#4,APPROACH,1.063A/B
5488,2026-06-03 10:58:11,18.7000,7.97,1.050,9.248,B,#4,APPROACH,1.213A/B
5489,2026-06-03 10:58:13,18.9750,7.97,1.050,9.248,B,#4,APPROACH,1.409A/B
5490,2026-06-03 10:58:15,19.1250,7.97,1.050,9.248,B,#4,APPROACH,1.543A/B
5491,2026-06-03 10:58:16,19.1250,11.89,1.050,9.248,B,#4,APPROACH,1.734A/B
5492,2026-06-03 10:58:18,19.3000,11.89,1.538,18.168,B,#4,APPROACH,1.500A/B
5493,2026-06-03 10:58:21,19.6750,11.89,1.538,18.168,B,#4,APPROACH,1.893A/B
5494,2026-06-03 10:58:22,19.8500,11.89,1.538,18.168,B,#4,APPROACH,1.500A/B
5495,2026-06-03 10:58:24,19.8500,11.87,1.538,18.168,B,#4,APPROACH,2.028A/B
5496,2026-06-03 10:58:26,20.0875,11.87,1.481,17.544,B,#4,APPROACH,2.176A/B
5497,2026-06-03 10:58:28,20.5625,11.87,1.481,17.544,B,#4,APPROACH,1.500A/B
5498,2026-06-03 10:58:30,20.8375,11.87,1.481,17.544,B,#4,APPROACH,2.306A/B
5499,2026-06-03 10:58:32,20.8375,12.00,1.481,17.544,B,#4,APPROACH,1.500A/B
5500,2026-06-03 10:58:34,21.0875,12.00,1.441,17.076,B,#4,APPROACH,2.437A/B
5501,2026-06-03 10:58:36,21.6500,12.00,1.441,17.076,B,#4,APPROACH,1.500A/B
5502,2026-06-03 10:58:38,21.6500,12.00,1.441,17.076,B,#4,APPROACH,1.000A/B
5503,2026-06-03 10:58:39,21.9000,9.08,1.441,17.076,B,#4,APPROACH,1.000A/B
5504,2026-06-03 10:58:41,22.2125,9.08,1.000,9.260,B,#4,APPROACH,2.472A/B
5505,2026-06-03 10:58:44,22.7750,9.08,1.000,9.260,B,#4,APPROACH,1.500A/B
5506,2026-06-03 10:58:45,22.7750,9.08,1.000,9.260,B,#4,APPROACH,2.500A/B
5507,2026-06-03 10:58:47,23.0250,12.00,1.000,9.260,B,#4,APPROACH,1.500A/B
5508,2026-06-03 10:58:49,23.3375,12.00,1.391,16.500,B,#4,APPROACH,2.496A/B
5509,2026-06-03 10:58:51,23.8750,12.00,1.391,16.500,B,#4,HOLDING,2.000A/B
5510,2026-06-03 10:58:53,23.8750,12.00,1.391,16.500,OFF,#4,HOLDING,0.000A/OFF
5511,2026-06-03 10:58:54,24.1500,12.00,1.391,16.500,OFF,#4,HOLDING,0.000A/OFF
5512,2026-06-03 10:58:55,24.1500,12.00,1.391,16.500,OFF,#4,HOLDING,0.000A/OFF
5513,2026-06-03 10:58:56,24.4375,12.00,0.000,16.500,OFF,#4,HOLDING,0.000A/OFF
5514,2026-06-03 10:58:57,24.7375,12.00,0.000,0.000,OFF,#4,HOLDING,0.000A/OFF
5515,2026-06-03 10:58:58,24.7375,12.00,0.000,0.000,OFF,#4,HOLDING,0.000A/OFF
5516,2026-06-03 10:58:59,25.0000,12.00,0.000,0.000,OFF,#4,HOLDING,0.000A/OFF
5517,2026-06-03 10:59:00,25.0000,12.00,0.000,0.000,OFF,#4,HOLDING,0.000A/OFF
5518,2026-06-03 10:59:01,25.2500,12.00,0.000,0.000,A,#4,HOLDING,0.119A/A
5519,2026-06-03 10:59:03,25.2500,12.00,0.119,0.007,A,#4,HOLDING,0.101A/A
5520,2026-06-03 10:59:05,25.6875,12.00,0.119,0.007,A,#4,HOLDING,0.262A/A
5521,2026-06-03 10:59:07,25.8625,12.00,0.119,0.007,A,#4,HOLDING,0.293A/A
5522,2026-06-03 10:59:09,26.0125,1.65,0.119,0.007,A,#4,HOLDING,0.377A/A
5523,2026-06-03 10:59:10,26.0125,1.65,0.366,0.957,A,#4,HOLDING,0.401A/A
5524,2026-06-03 10:59:13,26.3000,1.65,0.366,0.957,A,#4,HOLDING,0.509A/A
5525,2026-06-03 10:59:14,26.4125,1.65,0.366,0.957,A,#4,HOLDING,0.577A/A
5526,2026-06-03 10:59:16,26.5125,4.20,0.366,0.957,A,#4,HOLDING,0.672A/A
5527,2026-06-03 10:59:18,26.5125,4.20,0.661,3.507,A,#4,HOLDING,0.726A/A
5528,2026-06-03 10:59:20,26.6750,4.20,0.661,3.507,A,#4,HOLDING,0.841A/A
5529,2026-06-03 10:59:22,26.6875,4.20,0.661,3.507,A,#4,HOLDING,0.907A/A
5530,2026-06-03 10:59:24,26.6875,7.12,0.661,3.507,A,#4,HOLDING,0.992A/A
5531,2026-06-03 10:59:26,26.6875,7.12,0.992,7.955,A,#4,HOLDING,1.000A/A
5532,2026-06-03 10:59:28,26.6875,7.12,0.992,7.955,A,#4,HOLDING,1.061A/A
5533,2026-06-03 10:59:30,26.6250,7.12,0.992,7.955,A,#4,HOLDING,1.121A/A
5534,2026-06-03 10:59:32,26.5750,8.95,0.992,7.955,A,#4,HOLDING,1.195A/A
5535,2026-06-03 10:59:33,26.5750,8.95,1.195,11.734,A,#4,HOLDING,1.000A/A
5536,2026-06-03 10:59:36,26.4500,8.95,1.195,11.734,A,#4,HOLDING,1.267A/A
5537,2026-06-03 10:59:37,26.3625,8.95,1.195,11.734,A,#4,HOLDING,1.320A/A
5538,2026-06-03 10:59:39,26.2625,10.59,1.195,11.734,A,#4,HOLDING,1.375A/A
5539,2026-06-03 10:59:41,26.2625,10.59,1.375,15.551,A,#4,HOLDING,1.454A/A
5540,2026-06-03 10:59:44,26.0250,10.59,1.375,15.551,A,#4,HOLDING,1.500A/A
5541,2026-06-03 10:59:45,25.8875,10.59,1.375,15.551,A,#4,HOLDING,1.499A/A
5542,2026-06-03 10:59:47,25.7125,12.00,1.375,15.551,A,#4,HOLDING,1.522A/A
5543,2026-06-03 10:59:49,25.7125,12.00,1.462,17.328,A,#4,HOLDING,1.588A/A
5544,2026-06-03 10:59:51,25.3750,12.00,1.462,17.328,A,#4,HOLDING,1.560A/A
5545,2026-06-03 10:59:53,25.2000,12.00,1.462,17.328,A,#4,HOLDING,1.000A/A
5546,2026-06-03 10:59:55,25.0250,8.78,1.462,17.328,A,#4,HOLDING,1.000A/A
5547,2026-06-03 10:59:57,25.0250,8.78,1.000,9.060,A,#4,HOLDING,1.592A/A
5548,2026-06-03 10:59:59,24.6250,8.78,1.000,9.060,A,#4,HOLDING,1.594A/A
5549,2026-06-03 11:00:00,24.4500,8.78,1.000,9.060,A,#4,HOLDING,1.594A/A
5550,2026-06-03 11:00:02,24.2750,12.00,1.000,9.060,A,#4,HOLDING,1.573A/A
5551,2026-06-03 11:00:04,24.2750,12.00,1.431,17.016,A,#4,HOLDING,1.000A/A
5552,2026-06-03 11:00:07,23.8750,12.00,1.431,17.016,A,#4,HOLDING,1.500A/A
5553,2026-06-03 11:00:08,23.7000,12.00,1.431,17.016,A,#4,HOLDING,1.582A/A
5554,2026-06-03 11:00:10,23.5000,12.00,1.431,17.016,A,#4,HOLDING,1.528A/A
5555,2026-06-03 11:00:12,23.5000,12.00,1.422,16.908,A,#4,HOLDING,1.500A/A
5556,2026-06-03 11:00:14,23.1125,12.00,1.422,16.908,A,#4,HOLDING,1.450A/A
5557,2026-06-03 11:00:16,22.8875,12.00,1.422,16.908,A,#4,HOLDING,1.383A/A
5558,2026-06-03 11:00:18,22.6875,11.72,1.422,16.908,A,#4,HOLDING,1.288A/A
5559,2026-06-03 11:00:20,22.5125,11.72,1.309,14.464,A,#4,HOLDING,1.000A/A
5560,2026-06-03 11:00:22,22.3125,11.72,1.309,14.464,A,#4,HOLDING,1.221A/A
5561,2026-06-03 11:00:24,22.0750,11.72,1.309,14.464,A,#4,HOLDING,1.125A/A
5562,2026-06-03 11:00:25,21.9250,10.01,1.309,14.464,A,#4,HOLDING,1.000A/A
5563,2026-06-03 11:00:27,21.9250,10.01,1.026,9.280,A,#4,HOLDING,1.045A/A
5564,2026-06-03 11:00:30,21.5625,10.01,1.026,9.280,A,#4,HOLDING,0.889A/A
5565,2026-06-03 11:00:31,21.3875,10.01,1.026,9.280,A,#4,HOLDING,0.816A/A
5566,2026-06-03 11:00:33,21.1875,7.80,1.026,9.280,A,#4,HOLDING,0.680A/A
5567,2026-06-03 11:00:35,21.1875,7.80,0.718,4.685,A,#4,HOLDING,0.570A/A
5568,2026-06-03 11:00:37,20.8750,7.80,0.718,4.685,A,#4,HOLDING,0.384A/A
5569,2026-06-03 11:00:39,20.7000,7.80,0.718,4.685,A,#4,HOLDING,0.257A/A
5570,2026-06-03 11:00:41,20.5500,3.36,0.718,4.685,A,#4,HOLDING,0.100A/A
5571,2026-06-03 11:00:43,20.4500,3.36,0.177,4.685,OFF,#4,HOLDING,0.000A/OFF
5572,2026-06-03 11:00:44,20.4500,3.36,0.177,0.208,OFF,#4,HOLDING,0.121A/B
5573,2026-06-03 11:00:45,20.3250,3.36,0.177,0.208,B,#4,HOLDING,0.253A/B
5574,2026-06-03 11:00:47,20.2125,3.36,0.177,0.208,B,#4,HOLDING,0.393A/B
5575,2026-06-03 11:00:49,20.1125,2.64,0.177,0.208,B,#4,HOLDING,0.561A/B
5576,2026-06-03 11:00:51,20.0500,2.64,0.474,2.350,B,#4,HOLDING,0.721A/B
5577,2026-06-03 11:00:53,19.9750,2.64,0.474,2.350,B,#4,HOLDING,0.933A/B
5578,2026-06-03 11:00:55,19.9375,2.64,0.474,2.350,B,#4,HOLDING,1.073A/B
5579,2026-06-03 11:00:56,19.9125,8.12,0.474,2.350,B,#4,HOLDING,1.000A/B
5580,2026-06-03 11:00:58,19.9000,8.12,1.034,7.830,B,#4,HOLDING,1.240A/B
5581,2026-06-03 11:01:01,19.9250,8.12,1.034,7.830,B,#4,HOLDING,1.000A/B
5582,2026-06-03 11:01:02,19.9750,8.12,1.034,7.830,B,#4,HOLDING,1.000A/B
5583,2026-06-03 11:01:04,20.0500,8.01,1.034,7.830,B,#4,HOLDING,1.000A/B
5584,2026-06-03 11:01:06,20.1125,8.01,1.000,8.180,B,#4,HOLDING,1.434A/B
5585,2026-06-03 11:01:08,20.2375,8.01,1.000,8.180,B,#4,HOLDING,1.625A/B
5586,2026-06-03 11:01:10,20.3250,8.01,1.000,8.180,B,#4,HOLDING,1.750A/B
5587,2026-06-03 11:01:12,20.4750,12.00,1.000,8.180,B,#4,HOLDING,1.886A/B
5588,2026-06-03 11:01:14,20.6125,12.00,1.543,18.240,B,#4,HOLDING,1.000A/B
5589,2026-06-03 11:01:16,20.7625,12.00,1.543,18.240,B,#4,HOLDING,1.000A/B
5590,2026-06-03 11:01:18,20.9250,12.00,1.543,18.240,B,#4,HOLDING,2.000A/B
5591,2026-06-03 11:01:19,21.1500,12.00,1.543,18.240,B,#4,HOLDING,2.107A/B
5592,2026-06-03 11:01:21,21.3625,12.00,1.492,17.652,B,#4,HOLDING,2.206A/B
5593,2026-06-03 11:01:24,21.5625,12.00,1.492,17.652,B,#4,HOLDING,2.000A/B
5594,2026-06-03 11:01:25,21.7750,12.00,1.492,17.652,B,#4,HOLDING,2.275A/B
5595,2026-06-03 11:01:27,22.0250,12.00,1.492,17.652,B,#4,HOLDING,1.500A/B
5596,2026-06-03 11:01:29,22.2750,12.00,1.447,17.124,B,#4,HOLDING,2.326A/B
5597,2026-06-03 11:01:31,22.5500,12.00,1.447,17.124,B,#4,HOLDING,2.405A/B
5598,2026-06-03 11:01:33,22.7875,12.00,1.447,17.124,B,#4,HOLDING,2.443A/B
5599,2026-06-03 11:01:35,23.0875,12.00,1.447,17.124,B,#4,HOLDING,2.475A/B
5600,2026-06-03 11:01:37,23.3500,12.00,1.409,16.716,B,#4,HOLDING,2.000A/B
5601,2026-06-03 11:01:39,23.6250,12.00,1.409,16.716,B,#4,HOLDING,2.000A/B
5602,2026-06-03 11:01:41,23.9000,12.00,1.409,16.716,B,#4,HOLDING,2.452A/B
5603,2026-06-03 11:01:43,24.2000,12.00,1.409,16.716,B,#4,HOLDING,1.000A/B
5604,2026-06-03 11:01:44,24.4625,12.00,1.046,9.340,B,#4,HOLDING,1.000A/B
5605,2026-06-03 11:01:47,24.7375,12.00,1.046,9.340,B,#4,HOLDING,1.000A/B
5606,2026-06-03 11:01:48,25.0000,12.00,1.046,9.340,B,#4,HOLDING,1.500A/B
5607,2026-06-03 11:01:50,25.2750,12.00,1.046,9.340,B,#4,HOLDING,2.457A/B
5608,2026-06-03 11:01:52,25.5875,12.00,1.373,16.308,B,#4,HOLDING,1.000A/B
5609,2026-06-03 11:01:55,25.8375,12.00,1.373,16.308,B,#4,HOLDING,2.339A/B
5610,2026-06-03 11:01:56,26.0875,12.00,1.373,16.308,B,#4,HOLDING,2.000A/B
5611,2026-06-03 11:01:58,26.3625,12.00,1.373,16.308,B,#4,HOLDING,1.500A/B
5612,2026-06-03 11:02:00,26.6250,12.00,1.356,16.116,B,#4,HOLDING,2.000A/B
5613,2026-06-03 11:02:02,26.9250,12.00,1.356,16.116,B,#4,HOLDING,1.500A/B
5614,2026-06-03 11:02:04,27.1500,12.00,1.356,16.116,B,#4,HOLDING,1.500A/B
5615,2026-06-03 11:02:06,27.4250,12.00,1.356,16.116,B,#4,HOLDING,2.258A/B
5616,2026-06-03 11:02:08,27.7125,12.00,1.340,15.912,B,#4,HOLDING,2.000A/B
5617,2026-06-03 11:02:10,27.9875,12.00,1.340,15.912,B,#4,HOLDING,2.105A/B
5618,2026-06-03 11:02:12,28.2250,12.00,1.340,15.912,B,#4,HOLDING,1.969A/B
5619,2026-06-03 11:02:13,28.5250,12.00,1.340,15.912,B,#4,HOLDING,1.500A/B
5620,2026-06-03 11:02:15,28.7750,12.00,1.325,15.756,B,#4,HOLDING,1.000A/B
5621,2026-06-03 11:02:18,29.0250,12.00,1.325,15.756,B,#4,HOLDING,1.777A/B
5622,2026-06-03 11:02:19,29.2875,12.00,1.325,15.756,B,#4,HOLDING,1.607A/B
5623,2026-06-03 11:02:21,29.5875,12.00,1.325,15.756,B,#4,HOLDING,1.397A/B
5624,2026-06-03 11:02:23,29.8125,12.00,1.317,15.648,B,#4,HOLDING,1.184A/B
5625,2026-06-03 11:02:25,30.0625,12.00,1.317,15.648,B,#4,HOLDING,0.907A/B
5626,2026-06-03 11:02:27,30.2750,12.00,1.317,15.648,B,#4,HOLDING,0.710A/B
5627,2026-06-03 11:02:29,30.5250,7.50,1.317,15.648,B,#4,HOLDING,0.466A/B
5628,2026-06-03 11:02:31,30.7125,7.50,0.495,2.651,B,#4,HOLDING,0.222A/B
5629,2026-06-03 11:02:33,30.9375,7.50,0.495,2.651,OFF,#4,HOLDING,0.000A/OFF
5630,2026-06-03 11:02:34,30.9375,7.50,0.495,2.651,OFF,#4,HOLDING,0.220A/A
5631,2026-06-03 11:02:36,31.0875,7.50,0.495,2.651,A,#4,HOLDING,0.483A/A
5632,2026-06-03 11:02:38,31.2625,12.00,0.483,2.651,A,#4,HOLDING,0.715A/A
5633,2026-06-03 11:02:39,31.4375,12.00,0.483,3.381,A,#4,HOLDING,0.989A/A
5634,2026-06-03 11:02:41,31.6125,12.00,0.483,3.381,A,#4,HOLDING,1.000A/A
5635,2026-06-03 11:02:43,31.7250,12.00,0.483,3.381,A,#4,HOLDING,1.235A/A
5636,2026-06-03 11:02:44,31.8250,8.82,0.483,3.381,A,#4,HOLDING,1.515A/A
5637,2026-06-03 11:02:46,31.8875,8.82,1.515,16.801,A,#4,HOLDING,1.789A/A
5638,2026-06-03 11:02:49,31.9625,8.82,1.515,16.801,A,#4,HOLDING,2.000A/A
5639,2026-06-03 11:02:50,32.0000,8.82,1.515,16.801,A,#4,HOLDING,1.500A/A
5640,2026-06-03 11:02:52,31.9750,11.12,1.515,16.801,A,#4,HOLDING,1.000A/A
5641,2026-06-03 11:02:54,31.9375,11.12,1.015,7.960,A,#4,HOLDING,2.139A/A
5642,2026-06-03 11:02:56,31.8875,11.12,1.015,7.960,A,#4,HOLDING,2.489A/A
5643,2026-06-03 11:02:58,31.7750,11.12,1.015,7.960,A,#4,HOLDING,1.000A/A
5644,2026-06-03 11:03:00,31.6750,8.06,1.015,7.960,A,#4,HOLDING,2.709A/A
5645,2026-06-03 11:03:02,31.5500,8.06,1.556,18.456,A,#4,HOLDING,2.000A/A
5646,2026-06-03 11:03:04,31.4000,8.06,1.556,18.456,A,#4,HOLDING,2.000A/A
5647,2026-06-03 11:03:06,31.2500,8.06,1.556,18.456,A,#4,HOLDING,2.500A/A
5648,2026-06-03 11:03:08,31.0500,12.00,1.556,18.456,A,#4,HOLDING,2.000A/A
5649,2026-06-03 11:03:09,30.8500,12.00,1.508,17.904,A,#4,HOLDING,2.000A/A
5650,2026-06-03 11:03:12,30.6250,12.00,1.508,17.904,A,#4,HOLDING,2.500A/A
5651,2026-06-03 11:03:13,30.4375,12.00,1.508,17.904,A,#4,HOLDING,1.500A/A
5652,2026-06-03 11:03:15,30.1875,12.00,1.508,17.904,A,#4,HOLDING,1.500A/A
5653,2026-06-03 11:03:17,29.9125,12.00,1.474,17.520,A,#4,HOLDING,2.869A/A
5654,2026-06-03 11:03:19,29.6875,12.00,1.474,17.520,A,#4,HOLDING,1.000A/A
5655,2026-06-03 11:03:21,29.4375,12.00,1.474,17.520,A,#4,HOLDING,2.500A/A
5656,2026-06-03 11:03:23,29.1875,12.00,1.474,17.520,A,#4,HOLDING,1.000A/A
5657,2026-06-03 11:03:25,28.9125,12.00,1.032,8.890,A,#4,HOLDING,1.000A/A
5658,2026-06-03 11:03:27,28.6625,12.00,1.032,8.890,A,#4,HOLDING,2.000A/A
5659,2026-06-03 11:03:29,28.4375,12.00,1.032,8.890,A,#4,HOLDING,2.000A/A
5660,2026-06-03 11:03:31,28.1375,12.00,1.032,8.890,A,#4,HOLDING,3.000A/A
5661,2026-06-03 11:03:32,27.8875,12.00,1.449,17.220,A,#4,HOLDING,2.500A/A
5662,2026-06-03 11:03:35,27.6375,12.00,1.449,17.220,A,#4,HOLDING,2.500A/A
5663,2026-06-03 11:03:36,27.3750,12.00,1.449,17.220,A,#4,HOLDING,2.000A/A
5664,2026-06-03 11:03:38,27.1000,12.00,1.449,17.220,A,#4,HOLDING,2.000A/A
5665,2026-06-03 11:03:40,26.8750,12.00,1.431,17.052,A,#4,HOLDING,1.500A/A
5666,2026-06-03 11:03:43,26.6000,12.00,1.431,17.052,A,#4,HOLDING,2.500A/A
5667,2026-06-03 11:03:44,26.3500,12.00,1.431,17.052,A,#4,HOLDING,2.889A/A
5668,2026-06-03 11:03:46,26.0750,12.00,1.431,17.052,A,#4,HOLDING,2.000A/A
5669,2026-06-03 11:03:48,25.8250,12.00,1.417,16.824,A,#4,HOLDING,2.000A/A
5670,2026-06-03 11:03:50,25.5750,12.00,1.417,16.824,A,#4,HOLDING,2.917A/A
5671,2026-06-03 11:03:52,25.2875,12.00,1.417,16.824,A,#4,HOLDING,1.500A/A
5672,2026-06-03 11:03:54,25.0375,12.00,1.417,16.824,A,#4,HOLDING,2.884A/A
5673,2026-06-03 11:03:56,24.7875,12.00,1.402,16.704,A,#4,HOLDING,1.000A/A
5674,2026-06-03 11:03:58,24.5625,12.00,1.402,16.704,A,#4,HOLDING,1.500A/A
5675,2026-06-03 11:03:59,24.3250,12.00,1.402,16.704,A,#4,HOLDING,1.500A/A
5676,2026-06-03 11:04:01,24.0750,12.00,1.402,16.704,A,#4,HOLDING,2.500A/A
5677,2026-06-03 11:04:03,23.8500,12.00,1.389,16.500,A,#5,APPROACH,2.500A/A
5678,2026-06-03 11:04:06,23.6000,12.00,1.389,16.500,B,#5,APPROACH,0.295A/B
5679,2026-06-03 11:04:08,23.4125,12.00,1.389,16.500,B,#5,APPROACH,0.371A/B
5680,2026-06-03 11:04:10,23.1625,12.00,1.389,16.500,B,#5,APPROACH,0.476A/B
5681,2026-06-03 11:04:12,22.9500,7.83,0.476,16.500,B,#5,APPROACH,0.607A/B
5682,2026-06-03 11:04:14,22.7500,7.83,0.476,2.616,B,#5,APPROACH,0.738A/B
5683,2026-06-03 11:04:15,22.5750,7.83,0.476,2.616,B,#5,APPROACH,0.865A/B
5684,2026-06-03 11:04:17,22.4250,7.83,0.476,2.616,B,#5,APPROACH,1.008A/B
5685,2026-06-03 11:04:19,22.3625,7.45,0.476,2.616,B,#5,APPROACH,1.180A/B
5686,2026-06-03 11:04:21,22.2625,7.45,1.180,10.572,B,#5,APPROACH,1.368A/B
5687,2026-06-03 11:04:23,22.2125,7.45,1.180,10.572,B,#5,APPROACH,1.000A/B
5688,2026-06-03 11:04:25,22.1875,7.45,1.180,10.572,B,#5,APPROACH,1.500A/B
5689,2026-06-03 11:04:27,22.1875,11.27,1.180,10.572,B,#5,APPROACH,1.629A/B
5690,2026-06-03 11:04:28,22.2375,11.27,1.575,18.684,B,#5,APPROACH,1.500A/B
5691,2026-06-03 11:04:31,22.2625,11.27,1.575,18.684,B,#5,APPROACH,1.500A/B
5692,2026-06-03 11:04:32,22.3875,11.27,1.575,18.684,B,#5,APPROACH,1.500A/B
5693,2026-06-03 11:04:34,22.4875,11.73,1.575,18.684,B,#5,APPROACH,1.846A/B
5694,2026-06-03 11:04:36,22.6375,11.73,1.506,17.868,B,#5,APPROACH,2.059A/B
5695,2026-06-03 11:04:39,22.8000,11.73,1.506,17.868,B,#5,APPROACH,1.000A/B
5696,2026-06-03 11:04:40,22.9500,11.73,1.506,17.868,B,#5,APPROACH,2.325A/B
5697,2026-06-03 11:04:42,23.1250,12.00,1.506,17.868,B,#5,APPROACH,2.500A/B
5698,2026-06-03 11:04:44,23.3500,12.00,1.454,17.256,B,#5,APPROACH,2.000A/B
5699,2026-06-03 11:04:46,23.5500,12.00,1.454,17.256,B,#5,APPROACH,2.503A/B
5700,2026-06-03 11:04:48,23.7500,12.00,1.454,17.256,B,#5,APPROACH,1.000A/B
5701,2026-06-03 11:04:50,24.0250,8.95,1.454,17.256,B,#5,APPROACH,2.638A/B
5702,2026-06-03 11:04:52,24.2500,8.95,1.416,16.824,B,#5,APPROACH,1.500A/B
5703,2026-06-03 11:04:54,24.4875,8.95,1.416,16.824,B,#5,APPROACH,2.500A/B
5704,2026-06-03 11:04:56,24.7375,8.95,1.416,16.824,B,#5,APPROACH,1.000A/B
5705,2026-06-03 11:04:57,24.9875,4.14,1.416,16.824,A,#1,APPROACH,0.730A/A
5706,2026-06-03 11:05:00,25.2375,4.14,0.031,16.824,A,#1,APPROACH,1.124A/A
5707,2026-06-03 11:05:02,25.5000,4.14,0.031,0.000,A,#1,APPROACH,1.520A/A
5708,2026-06-03 11:05:04,25.7500,4.14,0.031,0.000,A,#1,APPROACH,1.000A/A
5709,2026-06-03 11:05:05,25.9875,4.14,0.031,0.000,A,#1,APPROACH,1.000A/A
5710,2026-06-03 11:05:07,26.1875,7.28,0.031,0.000,A,#1,APPROACH,1.947A/A
5711,2026-06-03 11:05:09,26.3625,7.28,1.667,19.644,A,#1,APPROACH,2.305A/A
5712,2026-06-03 11:05:11,26.5375,7.28,1.667,19.644,A,#1,APPROACH,2.500A/A
5713,2026-06-03 11:05:13,26.6625,7.28,1.667,19.644,A,#1,APPROACH,1.500A/A
5714,2026-06-03 11:05:15,26.7625,11.21,1.667,19.644,A,#1,APPROACH,2.500A/A
5715,2026-06-03 11:05:17,26.8125,11.21,1.581,18.768,A,#1,APPROACH,1.000A/A
5716,2026-06-03 11:05:19,26.8375,11.21,1.581,18.768,A,#1,APPROACH,1.000A/A
5717,2026-06-03 11:05:21,26.8625,11.21,1.581,18.768,A,#1,APPROACH,1.000A/A
5718,2026-06-03 11:05:23,26.8125,8.20,1.581,18.768,A,#1,APPROACH,2.500A/A
5719,2026-06-03 11:05:24,26.7500,8.20,1.537,18.252,A,#1,APPROACH,1.000A/A
5720,2026-06-03 11:05:27,26.7250,8.20,1.537,18.252,A,#1,APPROACH,2.765A/A
5721,2026-06-03 11:05:28,26.6500,8.20,1.537,18.252,A,#1,APPROACH,3.000A/A
5722,2026-06-03 11:05:30,26.5500,12.00,1.537,18.252,A,#1,APPROACH,2.500A/A
5723,2026-06-03 11:05:32,26.4500,12.00,1.497,17.784,A,#1,APPROACH,1.000A/A
5724,2026-06-03 11:05:35,26.3250,12.00,1.497,17.784,A,#1,APPROACH,1.500A/A
5725,2026-06-03 11:05:36,26.2000,12.00,1.497,17.784,A,#1,APPROACH,1.000A/A
5726,2026-06-03 11:05:38,26.0500,8.65,1.497,17.784,A,#1,APPROACH,3.000A/A
5727,2026-06-03 11:05:40,25.9000,8.65,1.236,17.508,A,#1,APPROACH,1.500A/A
5728,2026-06-03 11:05:42,25.7750,8.65,1.236,17.508,A,#1,APPROACH,3.000A/A
5729,2026-06-03 11:05:44,25.5875,8.65,1.236,17.508,A,#1,APPROACH,1.500A/A
5730,2026-06-03 11:05:46,25.4375,12.00,1.236,17.508,A,#1,APPROACH,3.000A/A
5731,2026-06-03 11:05:47,25.2625,12.00,1.452,17.232,A,#1,APPROACH,1.000A/A
5732,2026-06-03 11:05:50,25.0625,12.00,1.452,17.232,A,#1,APPROACH,1.000A/A
5733,2026-06-03 11:05:51,24.9125,12.00,1.452,17.232,A,#1,APPROACH,2.000A/A
5734,2026-06-03 11:05:53,24.7375,12.00,1.452,17.232,A,#1,APPROACH,1.000A/A
5735,2026-06-03 11:05:55,24.5375,12.00,1.216,9.180,A,#1,APPROACH,1.000A/A
5736,2026-06-03 11:05:58,24.3375,12.00,1.216,9.180,A,#1,APPROACH,2.500A/A
5737,2026-06-03 11:05:59,24.1750,12.00,1.216,9.180,A,#1,APPROACH,2.941A/A
5738,2026-06-03 11:06:01,24.0000,12.00,1.216,9.180,A,#1,APPROACH,2.000A/A
5739,2026-06-03 11:06:03,23.7875,12.00,1.420,16.908,A,#1,APPROACH,2.500A/A
5740,2026-06-03 11:06:05,23.5875,12.00,1.420,16.908,A,#1,APPROACH,2.000A/A
5741,2026-06-03 11:06:07,23.4125,12.00,1.420,16.908,A,#1,APPROACH,3.000A/A
5742,2026-06-03 11:06:09,23.2375,12.00,1.420,16.908,A,#1,APPROACH,2.000A/A
5743,2026-06-03 11:06:11,23.0500,12.00,1.410,16.800,A,#1,APPROACH,2.500A/A
5744,2026-06-03 11:06:13,22.8750,12.00,1.410,16.800,A,#1,APPROACH,2.000A/A
5745,2026-06-03 11:06:14,22.6750,12.00,1.410,16.800,A,#1,APPROACH,3.000A/A
5746,2026-06-03 11:06:16,22.5000,12.00,1.410,16.800,A,#1,APPROACH,3.000A/A
5747,2026-06-03 11:06:18,22.2625,12.00,1.401,16.704,A,#1,APPROACH,1.000A/A
5748,2026-06-03 11:06:21,22.1125,12.00,1.401,16.704,A,#1,APPROACH,1.000A/A
5749,2026-06-03 11:06:22,21.9375,12.00,1.401,16.704,A,#1,APPROACH,2.500A/A
5750,2026-06-03 11:06:24,21.7375,12.00,1.401,16.704,A,#1,APPROACH,3.000A/A
5751,2026-06-03 11:06:26,21.5750,12.00,1.396,16.644,A,#1,APPROACH,2.000A/A
5752,2026-06-03 11:06:28,21.3750,12.00,1.396,16.644,A,#1,APPROACH,2.500A/A
5753,2026-06-03 11:06:30,21.2375,12.00,1.396,16.644,A,#1,APPROACH,1.000A/A
5754,2026-06-03 11:06:32,21.0375,9.12,1.396,16.644,A,#1,APPROACH,1.500A/A
5755,2026-06-03 11:06:34,20.8875,9.12,1.378,16.632,A,#1,APPROACH,1.000A/A
5756,2026-06-03 11:06:36,20.6875,9.12,1.378,16.632,A,#1,APPROACH,2.500A/A
5757,2026-06-03 11:06:38,20.5125,9.12,1.378,16.632,A,#1,APPROACH,2.500A/A
5758,2026-06-03 11:06:39,20.3625,12.00,1.378,16.632,A,#1,APPROACH,2.000A/A
5759,2026-06-03 11:06:41,20.2125,12.00,1.391,16.560,A,#1,APPROACH,1.000A/A
5760,2026-06-03 11:06:44,20.0625,12.00,1.391,16.560,A,#1,APPROACH,2.000A/A
5761,2026-06-03 11:06:45,19.9000,12.00,1.391,16.560,A,#1,APPROACH,2.500A/A
5762,2026-06-03 11:06:47,19.7750,12.00,1.391,16.560,A,#1,APPROACH,1.500A/A
5763,2026-06-03 11:06:49,19.6375,12.00,1.388,16.548,A,#1,APPROACH,2.500A/A
5764,2026-06-03 11:06:51,19.4875,12.00,1.388,16.548,A,#1,APPROACH,1.500A/A
5765,2026-06-03 11:06:53,19.3375,12.00,1.388,16.548,A,#1,APPROACH,1.000A/A
5766,2026-06-03 11:06:55,19.1875,9.21,1.388,16.548,A,#1,APPROACH,1.000A/A
5767,2026-06-03 11:06:57,19.0500,9.21,1.000,9.400,A,#1,APPROACH,1.500A/A
5768,2026-06-03 11:06:59,18.9250,9.21,1.000,9.400,A,#1,APPROACH,2.000A/A
5769,2026-06-03 11:07:01,18.7750,9.21,1.000,9.400,A,#1,APPROACH,2.000A/A
5770,2026-06-03 11:07:02,18.6750,12.00,1.000,9.400,A,#1,APPROACH,1.500A/A
5771,2026-06-03 11:07:04,18.5500,12.00,1.390,16.512,A,#1,APPROACH,2.000A/A
5772,2026-06-03 11:07:07,18.4250,12.00,1.390,16.512,A,#1,APPROACH,1.000A/A
5773,2026-06-03 11:07:08,18.3250,12.00,1.390,16.512,A,#1,APPROACH,1.500A/A
5774,2026-06-03 11:07:10,18.2000,12.00,1.390,16.512,A,#1,APPROACH,2.896A/A
5775,2026-06-03 11:07:12,18.0750,12.00,1.380,16.428,A,#1,APPROACH,2.000A/A
5776,2026-06-03 11:07:14,17.9750,12.00,1.380,16.428,A,#1,APPROACH,2.000A/A
5777,2026-06-03 11:07:16,17.8875,12.00,1.380,16.428,A,#1,APPROACH,1.500A/A
5778,2026-06-03 11:07:18,17.7375,12.00,1.380,16.428,A,#1,APPROACH,1.500A/A
5779,2026-06-03 11:07:20,17.6500,12.00,1.402,16.716,A,#1,HOLDING,1.500A/A
5780,2026-06-03 11:07:22,17.5500,12.00,1.402,16.716,OFF,#1,HOLDING,0.000A/OFF
5781,2026-06-03 11:07:23,17.4500,12.00,1.402,16.716,OFF,#1,HOLDING,0.000A/OFF
5782,2026-06-03 11:07:24,17.4500,12.00,1.402,16.716,OFF,#1,HOLDING,0.000A/OFF
5783,2026-06-03 11:07:25,17.3250,12.00,1.402,16.716,OFF,#1,HOLDING,0.000A/OFF
5784,2026-06-03 11:07:26,17.3250,12.00,0.000,16.716,OFF,#1,HOLDING,0.000A/OFF
5785,2026-06-03 11:07:27,17.2375,12.00,0.000,16.716,OFF,#1,HOLDING,0.000A/OFF
5786,2026-06-03 11:07:28,17.2375,12.00,0.000,0.000,A,#1,HOLDING,0.103A/A
5787,2026-06-03 11:07:30,17.1375,12.00,0.000,0.000,A,#1,HOLDING,0.106A/A
5788,2026-06-03 11:07:31,17.0500,12.00,0.000,0.000,A,#1,HOLDING,0.121A/A
5789,2026-06-03 11:07:33,17.0000,2.00,0.000,0.000,A,#1,HOLDING,0.126A/A
5790,2026-06-03 11:07:35,16.9375,2.00,0.126,0.254,A,#1,HOLDING,0.140A/A
5791,2026-06-03 11:07:37,16.9375,2.00,0.126,0.254,A,#1,HOLDING,0.161A/A
5792,2026-06-03 11:07:39,16.9375,2.00,0.126,0.254,A,#1,HOLDING,0.174A/A
5793,2026-06-03 11:07:40,16.9375,2.28,0.126,0.254,A,#1,HOLDING,0.188A/A
5794,2026-06-03 11:07:42,16.9375,2.28,0.188,0.451,A,#1,HOLDING,0.197A/A
5795,2026-06-03 11:07:45,16.9875,2.28,0.188,0.451,A,#1,HOLDING,0.214A/A
5796,2026-06-03 11:07:46,17.0000,2.28,0.188,0.451,A,#1,HOLDING,0.225A/A
5797,2026-06-03 11:07:48,17.0500,2.58,0.188,0.451,A,#1,HOLDING,0.243A/A
5798,2026-06-03 11:07:50,17.1000,2.58,0.243,0.677,A,#1,HOLDING,0.259A/A
5799,2026-06-03 11:07:52,17.1250,2.58,0.243,0.677,A,#1,HOLDING,0.280A/A
5800,2026-06-03 11:07:54,17.1875,2.58,0.243,0.677,A,#1,HOLDING,0.297A/A
5801,2026-06-03 11:07:56,17.2375,3.13,0.243,0.677,A,#1,HOLDING,0.317A/A
5802,2026-06-03 11:07:58,17.2875,3.13,0.317,1.065,A,#1,HOLDING,0.342A/A
5803,2026-06-03 11:08:00,17.3375,3.13,0.317,1.065,A,#1,HOLDING,0.369A/A
5804,2026-06-03 11:08:02,17.3875,3.13,0.317,1.065,A,#1,HOLDING,0.392A/A
5805,2026-06-03 11:08:03,17.4375,3.87,0.317,1.065,A,#1,HOLDING,0.419A/A
5806,2026-06-03 11:08:05,17.4750,3.87,0.419,1.763,A,#1,HOLDING,0.448A/A
5807,2026-06-03 11:08:08,17.5250,3.87,0.419,1.763,A,#1,HOLDING,0.485A/A
5808,2026-06-03 11:08:09,17.5625,3.87,0.419,1.763,A,#1,HOLDING,0.512A/A
5809,2026-06-03 11:08:11,17.5875,4.93,0.419,1.763,A,#1,HOLDING,0.543A/A
5810,2026-06-03 11:08:13,17.6250,4.93,0.525,2.867,A,#1,HOLDING,0.578A/A
5811,2026-06-03 11:08:15,17.6250,4.93,0.525,2.867,A,#1,HOLDING,0.617A/A
5812,2026-06-03 11:08:17,17.6625,4.93,0.525,2.867,A,#1,HOLDING,0.650A/A
5813,2026-06-03 11:08:19,17.6875,6.10,0.525,2.867,A,#1,HOLDING,0.685A/A
5814,2026-06-03 11:08:21,17.7250,6.10,0.665,4.445,A,#1,HOLDING,0.778A/A
5815,2026-06-03 11:08:23,17.7250,6.10,0.665,4.445,A,#1,HOLDING,0.823A/A
5816,2026-06-03 11:08:25,17.7500,6.10,0.665,4.445,A,#1,HOLDING,0.858A/A
5817,2026-06-03 11:08:26,17.7500,7.69,0.665,4.445,A,#1,HOLDING,0.894A/A
5818,2026-06-03 11:08:28,17.7500,7.69,0.874,7.312,A,#1,HOLDING,0.933A/A
5819,2026-06-03 11:08:31,17.7500,7.69,0.874,7.312,A,#1,HOLDING,0.979A/A
5820,2026-06-03 11:08:32,17.7500,7.69,0.874,7.312,A,#1,HOLDING,1.013A/A
5821,2026-06-03 11:08:34,17.7500,8.92,0.874,7.312,A,#1,HOLDING,1.052A/A
5822,2026-06-03 11:08:36,17.7500,8.92,1.029,9.909,A,#1,HOLDING,1.091A/A
5823,2026-06-03 11:08:38,17.6875,8.92,1.029,9.909,A,#2,APPROACH,1.080A/A
5824,2026-06-03 11:08:40,17.6750,8.92,1.029,9.909,OFF,#2,HOLDING,0.000A/OFF
5825,2026-06-03 11:08:41,17.6750,8.92,1.029,9.909,OFF,#2,HOLDING,0.000A/OFF
5826,2026-06-03 11:08:42,17.6250,8.92,1.029,9.909,OFF,#2,HOLDING,0.000A/OFF
5827,2026-06-03 11:08:43,17.6250,12.00,1.029,9.909,OFF,#2,HOLDING,0.000A/OFF
5828,2026-06-03 11:08:44,17.6125,12.00,0.000,9.909,OFF,#2,HOLDING,0.000A/OFF
5829,2026-06-03 11:08:45,17.6125,12.00,0.000,0.000,OFF,#2,HOLDING,0.000A/OFF
5830,2026-06-03 11:08:46,17.5625,12.00,0.000,0.000,B,#2,HOLDING,0.111A/B
5831,2026-06-03 11:08:48,17.5500,12.00,0.000,0.000,B,#2,HOLDING,0.144A/B
5832,2026-06-03 11:08:50,17.5250,0.70,0.000,0.000,B,#2,HOLDING,0.183A/B
5833,2026-06-03 11:08:52,17.5625,0.70,0.164,0.204,B,#2,HOLDING,0.205A/B
5834,2026-06-03 11:08:54,17.5625,0.70,0.164,0.204,B,#2,HOLDING,0.249A/B
5835,2026-06-03 11:08:56,17.5625,0.70,0.164,0.204,B,#2,HOLDING,0.277A/B
5836,2026-06-03 11:08:57,17.6125,2.01,0.164,0.204,B,#2,HOLDING,0.309A/B
5837,2026-06-03 11:08:59,17.6625,2.01,0.292,0.726,B,#2,HOLDING,0.334A/B
5838,2026-06-03 11:09:02,17.6875,2.01,0.292,0.726,B,#2,HOLDING,0.371A/B
5839,2026-06-03 11:09:03,17.7625,2.01,0.292,0.726,B,#2,HOLDING,0.391A/B
5840,2026-06-03 11:09:05,17.8375,3.09,0.292,0.726,B,#2,HOLDING,0.414A/B
5841,2026-06-03 11:09:07,17.9125,3.09,0.402,1.395,B,#2,HOLDING,0.430A/B
5842,2026-06-03 11:09:09,17.9625,3.09,0.402,1.395,B,#2,HOLDING,0.460A/B
5843,2026-06-03 11:09:11,18.0750,3.09,0.402,1.395,B,#2,HOLDING,0.469A/B
5844,2026-06-03 11:09:13,18.1750,3.90,0.402,1.395,B,#2,HOLDING,0.479A/B
5845,2026-06-03 11:09:15,18.2875,3.90,0.479,1.963,B,#2,HOLDING,0.480A/B
5846,2026-06-03 11:09:17,18.3625,3.90,0.479,1.963,B,#2,HOLDING,0.493A/B
5847,2026-06-03 11:09:19,18.4875,3.90,0.479,1.963,B,#2,HOLDING,0.490A/B
5848,2026-06-03 11:09:20,18.6375,4.19,0.479,1.963,B,#2,HOLDING,0.481A/B
5849,2026-06-03 11:09:22,18.7375,4.19,0.481,2.053,B,#2,HOLDING,0.468A/B
5850,2026-06-03 11:09:25,18.8375,4.19,0.481,2.053,B,#2,HOLDING,0.458A/B
5851,2026-06-03 11:09:26,18.9750,4.19,0.481,2.053,B,#2,HOLDING,0.442A/B
5852,2026-06-03 11:09:28,19.1000,3.96,0.481,2.053,B,#2,HOLDING,0.417A/B
5853,2026-06-03 11:09:30,19.1000,3.96,0.417,1.605,B,#2,HOLDING,0.402A/B
5854,2026-06-03 11:09:32,19.3625,3.96,0.417,1.605,B,#2,HOLDING,0.356A/B
5855,2026-06-03 11:09:34,19.4750,3.96,0.417,1.605,B,#2,HOLDING,0.324A/B
5856,2026-06-03 11:09:36,19.6250,3.14,0.417,1.605,B,#2,HOLDING,0.211A/B
5857,2026-06-03 11:09:38,19.6250,3.14,0.247,0.474,B,#2,HOLDING,0.189A/B
5858,2026-06-03 11:09:40,19.8875,3.14,0.247,0.474,B,#2,HOLDING,0.102A/B
5859,2026-06-03 11:09:42,19.9875,3.14,0.247,0.474,OFF,#2,HOLDING,0.000A/OFF
5860,2026-06-03 11:09:43,19.9875,3.14,0.247,0.474,OFF,#2,HOLDING,0.000A/OFF
5861,2026-06-03 11:09:44,20.1125,12.00,0.247,0.474,OFF,#2,HOLDING,0.000A/OFF
5862,2026-06-03 11:09:45,20.1125,12.00,0.000,0.474,OFF,#2,HOLDING,0.000A/OFF
5863,2026-06-03 11:09:46,20.2375,12.00,0.000,0.000,A,#2,HOLDING,0.105A/A
5864,2026-06-03 11:09:48,20.3625,12.00,0.000,0.000,A,#2,HOLDING,0.173A/A
5865,2026-06-03 11:09:49,20.3625,12.00,0.000,0.000,A,#2,HOLDING,0.231A/A
5866,2026-06-03 11:09:51,20.4750,2.01,0.000,0.000,A,#2,HOLDING,0.289A/A
5867,2026-06-03 11:09:53,20.5500,2.01,0.264,0.742,A,#2,HOLDING,0.365A/A
5868,2026-06-03 11:09:55,20.7375,2.01,0.264,0.742,A,#2,HOLDING,0.496A/A
5869,2026-06-03 11:09:57,20.7375,2.01,0.264,0.742,A,#2,HOLDING,0.554A/A
5870,2026-06-03 11:09:58,20.7875,4.63,0.264,0.742,A,#2,HOLDING,0.639A/A
5871,2026-06-03 11:10:00,20.8625,4.63,0.614,3.488,A,#2,HOLDING,0.722A/A
5872,2026-06-03 11:10:03,20.9625,4.63,0.614,3.488,A,#2,HOLDING,0.852A/A
5873,2026-06-03 11:10:04,20.9625,4.63,0.614,3.488,A,#2,HOLDING,0.926A/A
5874,2026-06-03 11:10:06,20.9500,7.52,0.614,3.488,A,#2,HOLDING,1.006A/A
5875,2026-06-03 11:10:08,21.0000,7.52,0.992,8.390,A,#2,HOLDING,1.098A/A
5876,2026-06-03 11:10:10,21.0000,7.52,0.992,8.390,A,#2,HOLDING,1.217A/A
5877,2026-06-03 11:10:12,21.0000,7.52,0.992,8.390,A,#2,HOLDING,1.000A/A
5878,2026-06-03 11:10:14,20.9875,8.33,0.992,8.390,A,#2,HOLDING,1.291A/A
5879,2026-06-03 11:10:16,20.9375,8.33,1.266,13.478,A,#2,HOLDING,1.000A/A
5880,2026-06-03 11:10:18,20.8875,8.33,1.266,13.478,A,#2,HOLDING,1.367A/A
5881,2026-06-03 11:10:20,20.8375,8.33,1.266,13.478,A,#2,HOLDING,1.434A/A
5882,2026-06-03 11:10:22,20.7750,11.29,1.266,13.478,A,#2,HOLDING,1.515A/A
5883,2026-06-03 11:10:23,20.7000,11.29,1.503,17.940,A,#2,HOLDING,1.500A/A
5884,2026-06-03 11:10:26,20.6125,11.29,1.503,17.940,A,#2,HOLDING,1.000A/A
5885,2026-06-03 11:10:27,20.5375,11.29,1.503,17.940,A,#2,HOLDING,1.577A/A
5886,2026-06-03 11:10:29,20.4500,12.00,1.503,17.940,A,#2,HOLDING,1.000A/A
5887,2026-06-03 11:10:31,20.3000,12.00,1.027,8.870,A,#2,HOLDING,1.629A/A
5888,2026-06-03 11:10:33,20.2125,12.00,1.027,8.870,A,#2,HOLDING,1.708A/A
5889,2026-06-03 11:10:35,20.0875,12.00,1.027,8.870,A,#2,HOLDING,1.747A/A
5890,2026-06-03 11:10:37,19.9625,12.00,1.027,8.870,A,#2,HOLDING,1.798A/A
5891,2026-06-03 11:10:39,19.8625,12.00,1.468,17.472,A,#2,HOLDING,1.000A/A
5892,2026-06-03 11:10:41,19.7375,12.00,1.468,17.472,A,#2,HOLDING,1.500A/A
5893,2026-06-03 11:10:43,19.5875,12.00,1.468,17.472,A,#2,HOLDING,1.500A/A
5894,2026-06-03 11:10:45,19.4625,12.00,1.468,17.472,A,#2,HOLDING,1.770A/A
5895,2026-06-03 11:10:46,19.3125,12.00,1.450,17.220,A,#2,HOLDING,1.796A/A
5896,2026-06-03 11:10:49,19.2000,12.00,1.450,17.220,A,#3,APPROACH,1.837A/A
5897,2026-06-03 11:10:50,19.0500,12.00,1.450,17.220,OFF,#3,APPROACH,0.000A/OFF
5898,2026-06-03 11:10:51,18.9250,12.00,1.450,17.220,OFF,#3,APPROACH,0.135A/B
5899,2026-06-03 11:10:54,18.8000,12.00,1.450,17.220,B,#3,APPROACH,0.199A/B
5900,2026-06-03 11:10:56,18.6500,12.00,0.000,0.149,B,#3,APPROACH,0.291A/B
5901,2026-06-03 11:10:58,18.5500,12.00,0.000,0.149,B,#3,APPROACH,0.364A/B
5902,2026-06-03 11:11:00,18.4375,12.00,0.000,0.149,B,#3,APPROACH,0.431A/B
5903,2026-06-03 11:11:02,18.3875,2.78,0.000,0.149,B,#3,APPROACH,0.498A/B
5904,2026-06-03 11:11:03,18.3125,2.78,0.498,1.777,B,#3,APPROACH,0.575A/B
5905,2026-06-03 11:11:06,18.2625,2.78,0.498,1.777,B,#3,APPROACH,0.666A/B
5906,2026-06-03 11:11:07,18.2500,2.78,0.498,1.777,B,#3,APPROACH,0.729A/B
5907,2026-06-03 11:11:09,18.2500,5.47,0.498,1.777,B,#3,APPROACH,0.797A/B
5908,2026-06-03 11:11:11,18.2750,5.47,0.786,5.037,B,#3,APPROACH,0.865A/B
5909,2026-06-03 11:11:13,18.3000,5.47,0.786,5.037,B,#3,APPROACH,0.956A/B
5910,2026-06-03 11:11:15,18.3500,5.47,0.786,5.037,B,#3,APPROACH,1.009A/B
5911,2026-06-03 11:11:17,18.4500,7.86,0.786,5.037,B,#3,APPROACH,1.065A/B
5912,2026-06-03 11:11:19,18.5125,7.86,1.053,9.073,B,#3,APPROACH,1.000A/B
5913,2026-06-03 11:11:21,18.6125,7.86,1.053,9.073,B,#3,APPROACH,1.000A/B
5914,2026-06-03 11:11:23,18.7375,7.86,1.053,9.073,B,#3,APPROACH,1.106A/B
5915,2026-06-03 11:11:25,18.8875,8.83,1.053,9.073,B,#3,APPROACH,1.142A/B
5916,2026-06-03 11:11:26,19.0375,8.83,1.142,10.677,B,#3,APPROACH,1.174A/B
5917,2026-06-03 11:11:29,19.1875,8.83,1.142,10.677,B,#3,APPROACH,1.223A/B
5918,2026-06-03 11:11:30,19.3625,8.83,1.142,10.677,B,#3,HOLDING,1.193A/B
5919,2026-06-03 11:11:32,19.5375,8.83,1.142,10.677,OFF,#3,HOLDING,0.000A/OFF
5920,2026-06-03 11:11:33,19.5375,9.70,1.142,10.677,OFF,#3,HOLDING,0.000A/OFF
5921,2026-06-03 11:11:34,19.7125,9.70,1.193,10.677,OFF,#3,HOLDING,0.000A/OFF
5922,2026-06-03 11:11:35,19.9375,9.70,1.193,4.809,OFF,#3,HOLDING,0.000A/OFF
5923,2026-06-03 11:11:36,19.9375,9.70,1.193,4.809,OFF,#3,HOLDING,0.000A/OFF
5924,2026-06-03 11:11:37,20.1250,9.70,1.193,4.809,OFF,#3,HOLDING,0.000A/OFF
5925,2026-06-03 11:11:38,20.1250,9.70,1.193,4.809,OFF,#3,HOLDING,0.000A/OFF
5926,2026-06-03 11:11:39,20.3500,12.00,1.193,4.809,OFF,#3,HOLDING,0.000A/OFF
5927,2026-06-03 11:11:40,20.3500,12.00,0.000,4.809,OFF,#3,HOLDING,0.000A/OFF
5928,2026-06-03 11:11:41,20.5125,12.00,0.000,0.000,OFF,#3,HOLDING,0.000A/OFF
5929,2026-06-03 11:11:42,20.5125,12.00,0.000,0.000,OFF,#3,HOLDING,0.000A/OFF
5930,2026-06-03 11:11:43,20.7125,12.00,0.000,0.000,OFF,#3,HOLDING,0.000A/OFF
5931,2026-06-03 11:11:44,20.7125,12.00,0.000,0.000,OFF,#3,HOLDING,0.000A/OFF
5932,2026-06-03 11:11:45,20.8625,12.00,0.000,0.000,OFF,#3,HOLDING,0.000A/OFF
5933,2026-06-03 11:11:46,20.8625,12.00,0.000,0.000,OFF,#3,HOLDING,0.000A/OFF
5934,2026-06-03 11:11:48,21.0625,12.00,0.000,0.000,OFF,#3,HOLDING,0.000A/OFF
5935,2026-06-03 11:11:49,21.0625,12.00,0.000,0.000,OFF,#3,HOLDING,0.000A/OFF
5936,2026-06-03 11:11:50,21.2375,12.00,0.000,0.000,OFF,#3,HOLDING,0.000A/OFF
5937,2026-06-03 11:11:51,21.2375,12.00,0.000,0.000,OFF,#3,HOLDING,0.000A/OFF
5938,2026-06-03 11:11:52,21.3625,12.00,0.000,0.000,A,#3,HOLDING,0.170A/A
5939,2026-06-03 11:11:53,21.4875,12.00,0.000,0.000,A,#3,HOLDING,0.197A/A
5940,2026-06-03 11:11:55,21.6375,12.00,0.000,0.291,A,#3,HOLDING,0.270A/A
5941,2026-06-03 11:11:57,21.7375,12.00,0.000,0.291,A,#3,HOLDING,0.310A/A
5942,2026-06-03 11:11:58,21.7375,12.00,0.000,0.291,A,#3,HOLDING,0.341A/A
5943,2026-06-03 11:12:00,21.8625,2.75,0.000,0.291,A,#3,HOLDING,0.403A/A
5944,2026-06-03 11:12:02,21.9125,2.75,0.369,1.358,A,#3,HOLDING,0.459A/A
5945,2026-06-03 11:12:04,22.1000,2.75,0.369,1.358,A,#3,HOLDING,0.569A/A
5946,2026-06-03 11:12:06,22.1000,2.75,0.369,1.358,A,#3,HOLDING,0.614A/A
5947,2026-06-03 11:12:08,22.1500,5.05,0.369,1.358,A,#3,HOLDING,0.686A/A
5948,2026-06-03 11:12:10,22.1875,5.05,0.647,3.965,A,#3,HOLDING,0.746A/A
5949,2026-06-03 11:12:12,22.2625,5.05,0.647,3.965,A,#3,HOLDING,0.850A/A
5950,2026-06-03 11:12:14,22.2625,5.05,0.647,3.965,A,#3,HOLDING,0.907A/A
5951,2026-06-03 11:12:15,22.2875,7.42,0.647,3.965,A,#3,HOLDING,0.981A/A
5952,2026-06-03 11:12:17,22.2500,7.42,0.941,7.975,A,#3,HOLDING,1.041A/A
5953,2026-06-03 11:12:20,22.2500,7.42,0.941,7.975,A,#3,HOLDING,1.134A/A
5954,2026-06-03 11:12:21,22.2500,7.42,0.941,7.975,A,#3,HOLDING,1.194A/A
5955,2026-06-03 11:12:23,22.2000,9.61,0.941,7.975,A,#3,HOLDING,1.261A/A
5956,2026-06-03 11:12:25,22.1750,9.61,1.225,12.963,A,#3,HOLDING,1.326A/A
5957,2026-06-03 11:12:27,22.0500,9.61,1.225,12.963,A,#3,HOLDING,1.393A/A
5958,2026-06-03 11:12:29,22.0500,9.61,1.225,12.963,A,#3,HOLDING,1.454A/A
5959,2026-06-03 11:12:31,21.9500,11.50,1.225,12.963,A,#3,HOLDING,1.000A/A
5960,2026-06-03 11:12:33,21.8625,11.50,1.226,8.700,A,#3,HOLDING,1.501A/A
5961,2026-06-03 11:12:35,21.6750,11.50,1.226,8.700,A,#3,HOLDING,1.500A/A
5962,2026-06-03 11:12:37,21.6750,11.50,1.226,8.700,A,#3,HOLDING,1.552A/A
5963,2026-06-03 11:12:38,21.5500,12.00,1.226,8.700,A,#3,HOLDING,1.588A/A
5964,2026-06-03 11:12:40,21.4250,12.00,1.490,17.664,A,#3,HOLDING,1.626A/A
5965,2026-06-03 11:12:43,21.1750,12.00,1.490,17.664,A,#3,HOLDING,1.593A/A
5966,2026-06-03 11:12:44,21.1750,12.00,1.490,17.664,A,#3,HOLDING,1.000A/A
5967,2026-06-03 11:12:46,21.0500,8.84,1.490,17.664,A,#3,HOLDING,1.500A/A
5968,2026-06-03 11:12:48,20.8875,8.84,1.238,17.484,A,#3,HOLDING,1.000A/A
5969,2026-06-03 11:12:50,20.7375,8.84,1.238,17.484,A,#3,HOLDING,1.626A/A
5970,2026-06-03 11:12:52,20.6375,8.84,1.238,17.484,A,#3,HOLDING,1.000A/A
5971,2026-06-03 11:12:54,20.4625,8.91,1.238,17.484,A,#3,HOLDING,1.638A/A
5972,2026-06-03 11:12:56,20.3000,8.91,1.232,17.316,A,#3,HOLDING,1.634A/A
5973,2026-06-03 11:12:58,20.1500,8.91,1.232,17.316,A,#3,HOLDING,1.000A/A
5974,2026-06-03 11:13:00,20.0500,8.91,1.232,17.316,A,#3,HOLDING,1.631A/A
5975,2026-06-03 11:13:02,19.9000,12.00,1.232,17.316,A,#3,HOLDING,1.000A/A
5976,2026-06-03 11:13:03,19.7375,12.00,1.216,9.090,A,#3,HOLDING,1.000A/A
5977,2026-06-03 11:13:06,19.6125,12.00,1.216,9.090,A,#3,HOLDING,1.614A/A
5978,2026-06-03 11:13:07,19.4500,12.00,1.216,9.090,A,#3,HOLDING,1.500A/A
5979,2026-06-03 11:13:09,19.3000,12.00,1.216,9.090,A,#3,HOLDING,1.533A/A
5980,2026-06-03 11:13:11,19.2000,12.00,1.438,17.088,A,#3,HOLDING,1.487A/A
5981,2026-06-03 11:13:13,19.0500,12.00,1.438,17.088,A,#3,HOLDING,1.426A/A
5982,2026-06-03 11:13:15,18.9250,12.00,1.438,17.088,A,#3,HOLDING,1.376A/A
5983,2026-06-03 11:13:17,18.7750,11.53,1.438,17.088,A,#3,HOLDING,1.000A/A
5984,2026-06-03 11:13:19,18.6375,11.53,1.187,9.190,A,#3,HOLDING,1.296A/A
5985,2026-06-03 11:13:21,18.4875,11.53,1.187,9.190,A,#3,HOLDING,1.205A/A
5986,2026-06-03 11:13:23,18.3875,11.53,1.187,9.190,A,#3,HOLDING,1.141A/A
5987,2026-06-03 11:13:25,18.2375,10.03,1.187,9.190,A,#3,HOLDING,1.000A/A
5988,2026-06-03 11:13:27,18.1375,10.03,1.069,9.150,A,#3,HOLDING,1.052A/A
5989,2026-06-03 11:13:29,17.9875,10.03,1.069,9.150,A,#3,HOLDING,0.934A/A
5990,2026-06-03 11:13:30,17.8875,10.03,1.069,9.150,A,#3,HOLDING,0.855A/A
5991,2026-06-03 11:13:32,17.7625,8.05,1.069,9.150,A,#3,HOLDING,0.751A/A
5992,2026-06-03 11:13:34,17.6750,8.05,0.801,5.512,A,#3,HOLDING,0.653A/A
5993,2026-06-03 11:13:37,17.5500,8.05,0.801,5.512,A,#3,HOLDING,0.518A/A
5994,2026-06-03 11:13:38,17.4875,8.05,0.801,5.512,A,#3,HOLDING,0.431A/A
5995,2026-06-03 11:13:40,17.3625,4.74,0.801,5.512,A,#3,HOLDING,0.311A/A
5996,2026-06-03 11:13:42,17.2750,4.74,0.369,1.188,A,#3,HOLDING,0.219A/A
5997,2026-06-03 11:13:44,17.2000,4.74,0.369,1.188,OFF,#3,HOLDING,0.000A/OFF
5998,2026-06-03 11:13:45,17.1750,4.74,0.369,1.188,OFF,#3,HOLDING,0.000A/OFF
5999,2026-06-03 11:13:46,17.1000,4.74,0.369,1.188,OFF,#3,HOLDING,0.000A/OFF
6000,2026-06-03 11:13:47,17.1000,12.00,0.369,1.188,B,#3,HOLDING,0.127A/B
6001,2026-06-03 11:13:49,17.0625,12.00,0.000,0.199,B,#3,HOLDING,0.242A/B
6002,2026-06-03 11:13:51,17.0125,12.00,0.000,0.199,B,#3,HOLDING,0.398A/B
6003,2026-06-03 11:13:53,17.0000,12.00,0.000,0.199,B,#3,HOLDING,0.504A/B
6004,2026-06-03 11:13:55,17.0000,3.48,0.000,0.199,B,#3,HOLDING,0.626A/B
6005,2026-06-03 11:13:57,17.0000,3.48,0.626,2.929,B,#3,HOLDING,0.746A/B
6006,2026-06-03 11:13:59,17.0000,3.48,0.626,2.929,B,#3,HOLDING,0.902A/B
6007,2026-06-03 11:14:01,17.0625,3.48,0.626,2.929,B,#3,HOLDING,1.001A/B
6008,2026-06-03 11:14:03,17.1125,7.60,0.626,2.929,B,#3,HOLDING,1.115A/B
6009,2026-06-03 11:14:04,17.2000,7.60,1.115,9.689,B,#3,HOLDING,1.000A/B
6010,2026-06-03 11:14:07,17.2750,7.60,1.115,9.689,B,#3,HOLDING,1.219A/B
6011,2026-06-03 11:14:08,17.3625,7.60,1.115,9.689,B,#3,HOLDING,1.000A/B
6012,2026-06-03 11:14:10,17.5125,8.08,1.115,9.689,B,#3,HOLDING,1.274A/B
6013,2026-06-03 11:14:12,17.6750,8.08,1.132,12.867,B,#3,HOLDING,1.351A/B
6014,2026-06-03 11:14:14,17.8250,8.08,1.132,12.867,B,#3,HOLDING,1.000A/B
6015,2026-06-03 11:14:16,17.9875,8.08,1.132,12.867,B,#3,HOLDING,1.450A/B
6016,2026-06-03 11:14:18,18.1875,11.28,1.132,12.867,B,#3,HOLDING,1.515A/B
6017,2026-06-03 11:14:20,18.4000,11.28,1.480,18.156,B,#3,HOLDING,1.564A/B
6018,2026-06-03 11:14:22,18.6250,11.28,1.480,18.156,B,#3,HOLDING,1.635A/B
6019,2026-06-03 11:14:24,18.8375,11.28,1.480,18.156,B,#3,HOLDING,1.667A/B
6020,2026-06-03 11:14:26,19.0625,12.00,1.480,18.156,B,#3,HOLDING,1.000A/B
6021,2026-06-03 11:14:27,19.3375,12.00,1.242,8.780,B,#3,HOLDING,1.500A/B
6022,2026-06-03 11:14:30,19.5875,12.00,1.242,8.780,B,#3,HOLDING,1.637A/B
6023,2026-06-03 11:14:31,19.8750,12.00,1.242,8.780,B,#3,HOLDING,1.643A/B
6024,2026-06-03 11:14:33,20.1500,12.00,1.242,8.780,B,#3,HOLDING,1.650A/B
6025,2026-06-03 11:14:35,20.4000,12.00,1.449,17.160,B,#3,HOLDING,1.641A/B
6026,2026-06-03 11:14:38,20.7000,12.00,1.449,17.160,B,#4,APPROACH,1.629A/B
6027,2026-06-03 11:14:39,20.9750,12.00,1.449,17.160,B,#4,APPROACH,0.158A/B
6028,2026-06-03 11:14:41,21.2750,12.00,1.449,17.160,OFF,#4,APPROACH,0.000A/OFF
6029,2026-06-03 11:14:42,21.2750,12.00,1.449,17.160,OFF,#4,APPROACH,0.113A/B
6030,2026-06-03 11:14:44,21.5625,12.00,1.449,17.160,OFF,#4,APPROACH,0.000A/OFF
6031,2026-06-03 11:14:45,21.8625,12.00,0.004,17.160,OFF,#4,APPROACH,0.000A/OFF
6032,2026-06-03 11:14:46,21.8625,12.00,0.004,0.000,OFF,#4,APPROACH,0.000A/OFF
6033,2026-06-03 11:14:47,22.1500,12.00,0.004,0.000,OFF,#4,APPROACH,0.000A/OFF
6034,2026-06-03 11:14:48,22.1500,12.00,0.004,0.000,B,#4,APPROACH,0.109A/B
6035,2026-06-03 11:14:50,22.7125,12.00,0.004,0.000,OFF,#4,APPROACH,0.000A/OFF
6036,2026-06-03 11:14:51,22.7125,1.87,0.109,0.000,OFF,#4,APPROACH,0.120A/B
6037,2026-06-03 11:14:53,22.9375,1.87,0.109,0.000,B,#4,APPROACH,0.110A/B
6038,2026-06-03 11:14:54,23.1750,1.87,0.109,0.000,B,#4,HOLDING,0.103A/B
6039,2026-06-03 11:14:56,23.3750,1.87,0.109,0.000,OFF,#4,HOLDING,0.000A/OFF
6040,2026-06-03 11:14:57,23.3750,1.87,0.109,0.000,OFF,#4,HOLDING,0.000A/OFF
6041,2026-06-03 11:14:58,23.6125,12.00,0.109,0.000,OFF,#4,HOLDING,0.000A/OFF
6042,2026-06-03 11:14:59,23.6125,12.00,0.000,0.000,OFF,#4,HOLDING,0.000A/OFF
6043,2026-06-03 11:15:00,23.7625,12.00,0.000,0.000,OFF,#4,HOLDING,0.000A/OFF
6044,2026-06-03 11:15:01,23.7625,12.00,0.000,0.000,OFF,#4,HOLDING,0.000A/OFF
6045,2026-06-03 11:15:02,23.9250,12.00,0.000,0.000,OFF,#4,HOLDING,0.000A/OFF
6046,2026-06-03 11:15:03,23.9250,12.00,0.000,0.000,OFF,#4,HOLDING,0.000A/OFF
6047,2026-06-03 11:15:04,24.0750,12.00,0.000,0.000,OFF,#4,HOLDING,0.000A/OFF
6048,2026-06-03 11:15:05,24.0750,12.00,0.000,0.000,OFF,#4,HOLDING,0.000A/OFF
6049,2026-06-03 11:15:06,24.2125,12.00,0.000,0.000,OFF,#4,HOLDING,0.000A/OFF
6050,2026-06-03 11:15:07,24.2125,12.00,0.000,0.000,OFF,#4,HOLDING,0.000A/OFF
6051,2026-06-03 11:15:08,24.3875,12.00,0.000,0.000,OFF,#4,HOLDING,0.000A/OFF
6052,2026-06-03 11:15:09,24.3875,12.00,0.000,0.000,OFF,#4,HOLDING,0.000A/OFF
6053,2026-06-03 11:15:10,24.4750,12.00,0.000,0.000,OFF,#4,HOLDING,0.000A/OFF
6054,2026-06-03 11:15:11,24.4750,12.00,0.000,0.000,OFF,#4,HOLDING,0.000A/OFF
6055,2026-06-03 11:15:12,24.5750,12.00,0.000,0.000,OFF,#4,HOLDING,0.000A/OFF
6056,2026-06-03 11:15:13,24.5750,12.00,0.000,0.000,OFF,#4,HOLDING,0.000A/OFF
6057,2026-06-03 11:15:14,24.6625,12.00,0.000,0.000,OFF,#4,HOLDING,0.000A/OFF
6058,2026-06-03 11:15:15,24.7375,12.00,0.000,0.000,OFF,#4,HOLDING,0.000A/OFF
6059,2026-06-03 11:15:16,24.7375,12.00,0.000,0.000,OFF,#4,HOLDING,0.000A/OFF
6060,2026-06-03 11:15:17,24.8250,12.00,0.000,0.000,OFF,#4,HOLDING,0.000A/OFF
6061,2026-06-03 11:15:18,24.8250,12.00,0.000,0.000,OFF,#4,HOLDING,0.000A/OFF
6062,2026-06-03 11:15:19,24.8750,12.00,0.000,0.000,OFF,#4,HOLDING,0.000A/OFF
6063,2026-06-03 11:15:20,24.8750,12.00,0.000,0.000,OFF,#4,HOLDING,0.000A/OFF
6064,2026-06-03 11:15:21,24.9125,12.00,0.000,0.000,A,#4,HOLDING,0.101A/A
6065,2026-06-03 11:15:23,24.9375,12.00,0.000,0.000,A,#4,HOLDING,0.121A/A
6066,2026-06-03 11:15:24,24.9375,0.76,0.000,0.000,A,#4,HOLDING,0.148A/A
6067,2026-06-03 11:15:26,24.9750,0.76,0.148,0.159,A,#4,HOLDING,0.178A/A
6068,2026-06-03 11:15:28,25.0000,0.76,0.148,0.159,A,#4,HOLDING,0.220A/A
6069,2026-06-03 11:15:30,25.0000,0.76,0.148,0.159,A,#4,HOLDING,0.249A/A
6070,2026-06-03 11:15:32,25.0000,1.98,0.148,0.159,A,#4,HOLDING,0.278A/A
6071,2026-06-03 11:15:34,25.0625,1.98,0.278,0.647,A,#4,HOLDING,0.319A/A
6072,2026-06-03 11:15:36,25.0125,1.98,0.278,0.647,A,#4,HOLDING,0.358A/A
6073,2026-06-03 11:15:38,25.0000,1.98,0.278,0.647,A,#4,HOLDING,0.384A/A
6074,2026-06-03 11:15:40,25.0000,3.20,0.278,0.647,A,#4,HOLDING,0.412A/A
6075,2026-06-03 11:15:41,24.9375,3.20,0.412,1.462,A,#4,HOLDING,0.440A/A
6076,2026-06-03 11:15:44,24.8875,3.20,0.412,1.462,A,#4,HOLDING,0.475A/A
6077,2026-06-03 11:15:45,24.8875,3.20,0.412,1.462,A,#4,HOLDING,0.500A/A
6078,2026-06-03 11:15:47,24.8125,4.24,0.412,1.462,A,#4,HOLDING,0.526A/A
6079,2026-06-03 11:15:49,24.7750,4.24,0.526,2.440,A,#4,HOLDING,0.551A/A
6080,2026-06-03 11:15:52,24.6250,4.24,0.526,2.440,A,#4,HOLDING,0.565A/A
6081,2026-06-03 11:15:53,24.6250,4.24,0.526,2.440,A,#4,HOLDING,0.589A/A
6082,2026-06-03 11:15:55,24.5750,5.05,0.526,2.440,A,#5,APPROACH,0.606A/A
6083,2026-06-03 11:15:57,24.5000,5.05,0.606,0.000,B,#5,APPROACH,0.142A/B
6084,2026-06-03 11:15:59,24.3375,5.05,0.606,0.000,B,#5,APPROACH,0.229A/B
6085,2026-06-03 11:16:02,24.2625,5.05,0.606,0.000,B,#5,APPROACH,0.303A/B
6086,2026-06-03 11:16:03,24.1875,5.05,0.606,0.000,B,#5,APPROACH,0.382A/B
6087,2026-06-03 11:16:05,24.1875,3.34,0.606,0.000,B,#5,APPROACH,0.446A/B
6088,2026-06-03 11:16:07,24.1125,3.34,0.432,1.734,B,#5,APPROACH,0.555A/B
6089,2026-06-03 11:16:09,23.9500,3.34,0.432,1.734,B,#5,APPROACH,0.699A/B
6090,2026-06-03 11:16:11,23.9500,3.34,0.432,1.734,B,#5,APPROACH,0.797A/B
6091,2026-06-03 11:16:13,23.9250,6.67,0.432,1.734,B,#5,APPROACH,0.911A/B
6092,2026-06-03 11:16:14,23.8750,6.67,0.864,6.987,B,#5,APPROACH,1.027A/B
6093,2026-06-03 11:16:17,23.8750,6.67,0.864,6.987,B,#5,APPROACH,1.000A/B
6094,2026-06-03 11:16:18,23.8750,6.67,0.864,6.987,B,#5,APPROACH,1.176A/B
6095,2026-06-03 11:16:20,23.9125,9.55,0.864,6.987,B,#5,APPROACH,1.287A/B
6096,2026-06-03 11:16:22,23.9125,9.55,1.229,13.513,B,#5,APPROACH,1.401A/B
6097,2026-06-03 11:16:25,24.0250,9.55,1.229,13.513,B,#5,APPROACH,1.500A/B
6098,2026-06-03 11:16:26,24.0250,9.55,1.229,13.513,B,#5,APPROACH,1.528A/B
6099,2026-06-03 11:16:28,24.2000,12.00,1.229,13.513,B,#5,APPROACH,1.604A/B
6100,2026-06-03 11:16:30,24.2000,12.00,1.491,17.640,B,#5,APPROACH,1.717A/B
6101,2026-06-03 11:16:32,24.3875,12.00,1.491,17.640,B,#5,APPROACH,1.000A/B
6102,2026-06-03 11:16:34,24.3875,12.00,1.491,17.640,B,#5,APPROACH,1.837A/B
6103,2026-06-03 11:16:36,24.6625,12.00,1.491,17.640,B,#5,APPROACH,1.500A/B
6104,2026-06-03 11:16:38,24.6625,12.00,1.443,17.088,B,#5,APPROACH,1.895A/B
6105,2026-06-03 11:16:40,25.0000,12.00,1.443,17.088,B,#5,APPROACH,1.947A/B
6106,2026-06-03 11:16:42,25.0000,12.00,1.443,17.088,B,#5,APPROACH,1.500A/B
6107,2026-06-03 11:16:43,25.3500,12.00,1.443,17.088,B,#5,APPROACH,1.987A/B
6108,2026-06-03 11:16:45,25.3500,12.00,1.406,16.680,B,#5,APPROACH,2.000A/B
6109,2026-06-03 11:16:48,25.7500,12.00,1.406,16.680,B,#5,APPROACH,1.000A/B
6110,2026-06-03 11:16:49,25.7500,12.00,1.406,16.680,B,#5,APPROACH,2.000A/B
6111,2026-06-03 11:16:51,26.1625,12.00,1.406,16.680,B,#5,HOLDING,1.958A/B
6112,2026-06-03 11:16:53,26.1625,12.00,1.379,16.680,OFF,#5,HOLDING,0.000A/OFF
6113,2026-06-03 11:16:54,26.3625,12.00,1.379,16.344,OFF,#5,HOLDING,0.000A/OFF
6114,2026-06-03 11:16:55,26.5625,12.00,1.379,16.344,OFF,#5,HOLDING,0.000A/OFF
6115,2026-06-03 11:16:56,26.5625,12.00,1.379,16.344,OFF,#5,HOLDING,0.000A/OFF
6116,2026-06-03 11:16:57,26.8000,12.00,1.379,16.344,OFF,#5,HOLDING,0.000A/OFF
6117,2026-06-03 11:16:58,26.8000,12.00,1.379,16.344,OFF,#5,HOLDING,0.000A/OFF
6118,2026-06-03 11:16:59,27.0000,12.00,1.379,16.344,OFF,#5,HOLDING,0.000A/OFF
6119,2026-06-03 11:17:00,27.0000,12.00,0.000,16.344,OFF,#5,HOLDING,0.000A/OFF
6120,2026-06-03 11:17:01,27.2000,12.00,0.000,0.000,OFF,#5,HOLDING,0.000A/OFF
6121,2026-06-03 11:17:02,27.2000,12.00,0.000,0.000,OFF,#5,HOLDING,0.000A/OFF
6122,2026-06-03 11:17:03,27.3750,12.00,0.000,0.000,OFF,#5,HOLDING,0.000A/OFF
6123,2026-06-03 11:17:04,27.3750,12.00,0.000,0.000,OFF,#5,HOLDING,0.000A/OFF
6124,2026-06-03 11:17:05,27.5500,12.00,0.000,0.000,OFF,#5,HOLDING,0.000A/OFF
6125,2026-06-03 11:17:06,27.5500,12.00,0.000,0.000,OFF,#5,HOLDING,0.000A/OFF
6126,2026-06-03 11:17:07,27.7000,12.00,0.000,0.000,OFF,#5,HOLDING,0.000A/OFF
6127,2026-06-03 11:17:08,27.7000,12.00,0.000,0.000,OFF,#5,HOLDING,0.000A/OFF
6128,2026-06-03 11:17:09,27.8500,12.00,0.000,0.000,OFF,#5,HOLDING,0.000A/OFF
6129,2026-06-03 11:17:10,27.8500,12.00,0.000,0.000,OFF,#5,HOLDING,0.000A/OFF
6130,2026-06-03 11:17:11,27.9500,12.00,0.000,0.000,A,#5,HOLDING,0.102A/A
6131,2026-06-03 11:17:13,28.0125,12.00,0.000,0.639,A,#5,HOLDING,0.169A/A
6132,2026-06-03 11:17:15,28.1125,12.00,0.000,0.639,A,#5,HOLDING,0.235A/A
6133,2026-06-03 11:17:17,28.2250,12.00,0.000,0.639,A,#5,HOLDING,0.275A/A
6134,2026-06-03 11:17:19,28.2500,1.83,0.000,0.639,A,#5,HOLDING,0.319A/A
6135,2026-06-03 11:17:21,28.3125,1.83,0.319,0.743,A,#5,HOLDING,0.369A/A
6136,2026-06-03 11:17:23,28.3625,1.83,0.319,0.743,A,#5,HOLDING,0.428A/A
6137,2026-06-03 11:17:25,28.3625,1.83,0.319,0.743,A,#5,HOLDING,0.468A/A
6138,2026-06-03 11:17:26,28.3125,3.60,0.319,0.743,A,#5,HOLDING,0.504A/A
6139,2026-06-03 11:17:28,28.3125,3.60,0.504,2.051,A,#5,HOLDING,0.549A/A
6140,2026-06-03 11:17:31,28.2875,3.60,0.504,2.051,A,#5,HOLDING,0.607A/A
6141,2026-06-03 11:17:32,28.2375,3.60,0.504,2.051,A,#5,HOLDING,0.643A/A
6142,2026-06-03 11:17:34,28.1625,5.15,0.504,2.051,A,#5,HOLDING,0.676A/A
6143,2026-06-03 11:17:36,28.0875,5.15,0.676,3.812,A,#5,HOLDING,0.708A/A
6144,2026-06-03 11:17:38,28.0125,5.15,0.676,3.812,A,#5,HOLDING,0.752A/A
6145,2026-06-03 11:17:40,27.9375,5.15,0.676,3.812,A,#5,HOLDING,0.730A/A
6146,2026-06-03 11:17:42,27.8375,6.05,0.676,3.812,A,#5,HOLDING,0.759A/A
6147,2026-06-03 11:17:44,27.7625,6.05,0.759,4.903,A,#5,HOLDING,0.785A/A
6148,2026-06-03 11:17:46,27.6375,6.05,0.759,4.903,A,#5,HOLDING,0.815A/A
6149,2026-06-03 11:17:48,27.5125,6.05,0.759,4.903,A,#5,HOLDING,0.828A/A
6150,2026-06-03 11:17:50,27.3625,6.94,0.759,4.903,A,#5,HOLDING,0.835A/A
6151,2026-06-03 11:17:51,27.2625,6.94,0.835,5.986,A,#5,HOLDING,0.844A/A
6152,2026-06-03 11:17:54,27.1125,6.94,0.835,5.986,A,#5,HOLDING,0.852A/A
6153,2026-06-03 11:17:55,26.9875,6.94,0.835,5.986,A,#5,HOLDING,0.853A/A
6154,2026-06-03 11:17:57,26.8125,7.25,0.835,5.986,A,#5,HOLDING,0.839A/A
6155,2026-06-03 11:17:59,26.7000,7.25,0.839,6.166,A,#5,HOLDING,0.827A/A
6156,2026-06-03 11:18:01,26.5000,7.25,0.839,6.166,A,#5,HOLDING,0.802A/A
6157,2026-06-03 11:18:03,26.3625,7.25,0.839,6.166,A,#5,HOLDING,0.782A/A
6158,2026-06-03 11:18:05,26.1875,6.80,0.839,6.166,A,#5,HOLDING,0.746A/A
6159,2026-06-03 11:18:07,26.0375,6.80,0.746,5.035,A,#5,HOLDING,0.710A/A
6160,2026-06-03 11:18:09,25.8625,6.80,0.746,5.035,A,#5,HOLDING,0.601A/A
6161,2026-06-03 11:18:11,25.6500,6.80,0.746,5.035,A,#5,HOLDING,0.539A/A
6162,2026-06-03 11:18:13,25.5000,5.07,0.746,5.035,A,#5,HOLDING,0.475A/A
6163,2026-06-03 11:18:15,25.3250,5.07,0.490,2.204,A,#5,HOLDING,0.399A/A
6164,2026-06-03 11:18:17,25.1500,5.07,0.490,2.204,A,#5,HOLDING,0.313A/A
6165,2026-06-03 11:18:18,24.9875,5.07,0.490,2.204,A,#5,HOLDING,0.236A/A
6166,2026-06-03 11:18:20,24.8125,2.60,0.490,2.204,A,#5,HOLDING,0.145A/A
6167,2026-06-03 11:18:22,24.6500,2.60,0.156,2.204,OFF,#5,HOLDING,0.000A/OFF
6168,2026-06-03 11:18:23,24.6500,2.60,0.156,0.278,OFF,#5,HOLDING,0.000A/OFF
6169,2026-06-03 11:18:24,24.5000,2.60,0.156,0.278,OFF,#5,HOLDING,0.000A/OFF
6170,2026-06-03 11:18:25,24.5000,2.60,0.156,0.278,OFF,#5,HOLDING,0.000A/OFF
6171,2026-06-03 11:18:26,24.3875,2.60,0.156,0.278,B,#5,HOLDING,0.164A/B
6172,2026-06-03 11:18:28,24.2125,12.00,0.164,0.278,B,#5,HOLDING,0.275A/B
6173,2026-06-03 11:18:30,24.1125,12.00,0.164,0.569,B,#5,HOLDING,0.398A/B
6174,2026-06-03 11:18:32,23.9875,12.00,0.164,0.569,B,#5,HOLDING,0.462A/B
6175,2026-06-03 11:18:33,23.8625,12.00,0.164,0.569,B,#5,HOLDING,0.568A/B
6176,2026-06-03 11:18:35,23.7625,4.51,0.164,0.569,B,#5,HOLDING,0.694A/B
6177,2026-06-03 11:18:37,23.7125,4.51,0.631,3.948,B,#5,HOLDING,0.816A/B
6178,2026-06-03 11:18:39,23.6125,4.51,0.631,3.948,B,#5,HOLDING,0.980A/B
6179,2026-06-03 11:18:41,23.5625,4.51,0.631,3.948,B,#5,HOLDING,1.090A/B
6180,2026-06-03 11:18:43,23.5625,8.63,0.631,3.948,B,#5,HOLDING,1.219A/B
6181,2026-06-03 11:18:45,23.5250,8.63,1.152,11.860,B,#5,HOLDING,1.348A/B
6182,2026-06-03 11:18:47,23.5000,8.63,1.152,11.860,B,#5,HOLDING,1.000A/B
6183,2026-06-03 11:18:49,23.5375,8.63,1.152,11.860,B,#5,HOLDING,1.512A/B
6184,2026-06-03 11:18:51,23.5875,11.76,1.152,11.860,B,#5,HOLDING,1.634A/B
6185,2026-06-03 11:18:52,23.6375,11.76,1.526,18.144,B,#5,HOLDING,1.754A/B
6186,2026-06-03 11:18:55,23.7125,11.76,1.526,18.144,B,#5,HOLDING,1.000A/B
6187,2026-06-03 11:18:56,23.7875,11.76,1.526,18.144,B,#5,HOLDING,1.899A/B
6188,2026-06-03 11:18:58,23.9125,12.00,1.526,18.144,B,#5,HOLDING,1.000A/B
6189,2026-06-03 11:19:00,24.0500,12.00,1.218,8.850,B,#5,HOLDING,1.000A/B
6190,2026-06-03 11:19:02,24.2000,12.00,1.218,8.850,B,#5,HOLDING,1.961A/B
6191,2026-06-03 11:19:04,24.3250,12.00,1.218,8.850,B,#5,HOLDING,1.500A/B
6192,2026-06-03 11:19:06,24.5000,12.00,1.218,8.850,B,#5,HOLDING,1.500A/B
6193,2026-06-03 11:19:08,24.6750,12.00,1.448,17.160,B,#5,HOLDING,1.500A/B
6194,2026-06-03 11:19:10,24.8250,12.00,1.448,17.160,B,#5,HOLDING,1.000A/B
6195,2026-06-03 11:19:12,24.9875,12.00,1.448,17.160,B,#5,HOLDING,1.000A/B
6196,2026-06-03 11:19:14,25.1625,9.13,1.448,17.160,B,#5,HOLDING,1.000A/B
6197,2026-06-03 11:19:15,25.3625,9.13,1.000,9.260,B,#5,HOLDING,1.971A/B
6198,2026-06-03 11:19:18,25.5875,9.13,1.000,9.260,B,#5,HOLDING,2.029A/B
6199,2026-06-03 11:19:19,25.8000,9.13,1.000,9.260,B,#5,HOLDING,1.000A/B
6200,2026-06-03 11:19:21,26.0000,9.22,1.000,9.260,B,#5,HOLDING,1.000A/B
6201,2026-06-03 11:19:23,26.1875,9.22,1.000,9.350,B,#5,HOLDING,1.989A/B
6202,2026-06-03 11:19:26,26.4125,9.22,1.000,9.350,B,#5,HOLDING,2.024A/B
6203,2026-06-03 11:19:27,26.6125,9.22,1.000,9.350,B,#5,HOLDING,1.000A/B
6204,2026-06-03 11:19:29,26.8125,9.29,1.000,9.350,B,#5,HOLDING,2.033A/B
6205,2026-06-03 11:19:31,27.0000,9.29,1.373,16.416,B,#5,HOLDING,2.032A/B
6206,2026-06-03 11:19:33,27.2000,9.29,1.373,16.416,OFF,--,DONE,1.000A/B
6207,2026-06-03 11:19:35,27.4000,9.29,1.373,16.416,OFF,--,DONE,--
6208,2026-06-03 11:19:36,27.4000,9.29,1.373,16.416,OFF,--,DONE,--
6209,2026-06-03 11:19:37,27.6250,12.00,1.373,16.416,OFF,--,DONE,--
6210,2026-06-03 11:19:38,27.6250,12.00,0.000,16.416,OFF,--,DONE,--
6211,2026-06-03 11:19:39,27.8000,12.00,0.000,0.000,OFF,--,DONE,--
6212,2026-06-03 11:19:40,27.8000,12.00,0.000,0.000,OFF,--,DONE,--
6213,2026-06-03 11:19:41,28.0000,12.00,0.000,0.000,OFF,--,DONE,--
6214,2026-06-03 11:19:42,28.0000,12.00,0.000,0.000,OFF,--,DONE,--
6215,2026-06-03 11:19:43,28.1750,12.00,0.000,0.000,OFF,--,DONE,--
6216,2026-06-03 11:19:44,28.1750,12.00,0.000,0.000,OFF,--,DONE,--
6217,2026-06-03 11:19:45,28.3750,12.00,0.000,0.000,OFF,--,DONE,--
6218,2026-06-03 11:19:46,28.3750,12.00,0.000,0.000,OFF,--,DONE,--
6219,2026-06-03 11:19:47,28.4875,12.00,0.000,0.000,OFF,--,DONE,--
6220,2026-06-03 11:19:48,28.6375,12.00,0.000,0.000,OFF,--,DONE,--
6221,2026-06-03 11:19:49,28.6375,12.00,0.000,0.000,OFF,--,DONE,--
6222,2026-06-03 11:19:50,28.7375,12.00,0.000,0.000,OFF,--,DONE,--
6223,2026-06-03 11:19:51,28.7375,12.00,0.000,0.000,OFF,--,DONE,--
6224,2026-06-03 11:19:52,28.8125,12.00,0.000,0.000,OFF,--,DONE,--
6225,2026-06-03 11:19:53,28.8125,12.00,0.000,0.000,OFF,--,DONE,--
6226,2026-06-03 11:19:54,28.8875,12.00,0.000,0.000,OFF,--,DONE,--
6227,2026-06-03 11:19:55,28.8875,12.00,0.000,0.000,OFF,--,DONE,--
6228,2026-06-03 11:19:56,28.9625,12.00,0.000,0.000,OFF,--,DONE,--
6229,2026-06-03 11:19:57,28.9625,12.00,0.000,0.000,OFF,--,DONE,--
6230,2026-06-03 11:19:58,29.0250,12.00,0.000,0.000,OFF,--,DONE,--
6231,2026-06-03 11:19:59,29.0250,12.00,0.000,0.000,OFF,--,DONE,--
6232,2026-06-03 11:20:00,29.0500,12.00,0.000,0.000,OFF,--,DONE,--
6233,2026-06-03 11:20:01,29.0500,12.00,0.000,0.000,OFF,--,DONE,--
6234,2026-06-03 11:20:02,29.0625,12.00,0.000,0.000,OFF,--,DONE,--
6235,2026-06-03 11:20:03,29.0625,12.00,0.000,0.000,OFF,--,DONE,--
6236,2026-06-03 11:20:04,29.0875,12.00,0.000,0.000,OFF,--,DONE,--
6237,2026-06-03 11:20:05,29.0875,12.00,0.000,0.000,OFF,--,DONE,--
6238,2026-06-03 11:20:06,29.1250,12.00,0.000,0.000,OFF,--,DONE,--
6239,2026-06-03 11:20:07,29.1250,12.00,0.000,0.000,OFF,--,DONE,--
6240,2026-06-03 11:20:08,29.1250,12.00,0.000,0.000,OFF,--,DONE,--
6241,2026-06-03 11:20:09,29.1250,12.00,0.000,0.000,OFF,--,DONE,--
6242,2026-06-03 11:20:10,29.1250,12.00,0.000,0.000,OFF,--,DONE,--
6243,2026-06-03 11:20:11,29.0750,12.00,0.000,0.000,OFF,--,DONE,--
6244,2026-06-03 11:20:12,29.0750,12.00,0.000,0.000,OFF,--,DONE,--
6245,2026-06-03 11:20:13,29.0625,12.00,0.000,0.000,OFF,--,DONE,--
6246,2026-06-03 11:20:14,29.0625,12.00,0.000,0.000,OFF,--,DONE,--
6247,2026-06-03 11:20:15,29.0375,12.00,0.000,0.000,OFF,--,DONE,--
6248,2026-06-03 11:20:16,29.0375,12.00,0.000,0.000,OFF,--,DONE,--
6249,2026-06-03 11:20:17,28.9625,12.00,0.000,0.000,OFF,--,DONE,--
6250,2026-06-03 11:20:18,28.9625,12.00,0.000,0.000,OFF,--,DONE,--
6251,2026-06-03 11:20:19,28.9125,12.00,0.000,0.000,OFF,--,DONE,--
6252,2026-06-03 11:20:20,28.9125,12.00,0.000,0.000,OFF,--,DONE,--
6253,2026-06-03 11:20:21,28.8375,12.00,0.000,0.000,OFF,--,DONE,--
6254,2026-06-03 11:20:23,28.7625,12.00,0.000,0.000,OFF,--,DONE,--
6255,2026-06-03 11:20:24,28.7625,12.00,0.000,0.000,OFF,--,DONE,--
6256,2026-06-03 11:20:25,28.6875,12.00,0.000,0.000,OFF,--,DONE,--
6257,2026-06-03 11:20:26,28.6875,12.00,0.000,0.000,OFF,--,DONE,--
6258,2026-06-03 11:20:27,28.6125,12.00,0.000,0.000,OFF,--,DONE,--
6259,2026-06-03 11:20:28,28.6125,12.00,0.000,0.000,OFF,--,DONE,--
6260,2026-06-03 11:20:29,28.5250,12.00,0.000,0.000,OFF,--,DONE,--
6261,2026-06-03 11:20:30,28.5250,12.00,0.000,0.000,OFF,--,DONE,--
6262,2026-06-03 11:20:31,28.4500,12.00,0.000,0.000,OFF,--,DONE,--
6263,2026-06-03 11:20:32,28.4500,12.00,0.000,0.000,OFF,--,DONE,--
6264,2026-06-03 11:20:33,28.3375,12.00,0.000,0.000,OFF,--,DONE,--
6265,2026-06-03 11:20:34,28.3375,12.00,0.000,0.000,OFF,--,DONE,--
6266,2026-06-03 11:20:35,28.2625,12.00,0.000,0.000,OFF,--,DONE,--
6267,2026-06-03 11:20:36,28.2625,12.00,0.000,0.000,OFF,--,DONE,--
6268,2026-06-03 11:20:37,28.1750,12.00,0.000,0.000,OFF,--,DONE,--
6269,2026-06-03 11:20:38,28.0750,12.00,0.000,0.000,OFF,--,DONE,--
6270,2026-06-03 11:20:39,28.0750,12.00,0.000,0.000,OFF,--,DONE,--
6271,2026-06-03 11:20:40,27.9875,12.00,0.000,0.000,OFF,--,DONE,--
6272,2026-06-03 11:20:41,27.9875,12.00,0.000,0.000,OFF,--,DONE,--
6273,2026-06-03 11:20:42,27.9125,12.00,0.000,0.000,OFF,--,DONE,--
6274,2026-06-03 11:20:43,27.9125,12.00,0.000,0.000,OFF,--,DONE,--
6275,2026-06-03 11:20:44,27.7750,12.00,0.000,0.000,OFF,--,DONE,--
6276,2026-06-03 11:20:45,27.7750,12.00,0.000,0.000,OFF,--,DONE,--
6277,2026-06-03 11:20:46,27.6750,12.00,0.000,0.000,OFF,--,DONE,--
6278,2026-06-03 11:20:47,27.6750,12.00,0.000,0.000,OFF,--,DONE,--
6279,2026-06-03 11:20:48,27.5875,12.00,0.000,0.000,OFF,--,DONE,--
6280,2026-06-03 11:20:49,27.5875,12.00,0.000,0.000,OFF,--,DONE,--
6281,2026-06-03 11:20:50,27.4625,12.00,0.000,0.000,OFF,--,DONE,--
6282,2026-06-03 11:20:51,27.4625,12.00,0.000,0.000,OFF,--,DONE,--
6283,2026-06-03 11:20:52,27.3750,12.00,0.000,0.000,OFF,--,DONE,--
6284,2026-06-03 11:20:53,27.3000,12.00,0.000,0.000,OFF,--,DONE,--
6285,2026-06-03 11:20:54,27.3000,12.00,0.000,0.000,OFF,--,DONE,--
6286,2026-06-03 11:20:55,27.2125,12.00,0.000,0.000,OFF,--,DONE,--
6287,2026-06-03 11:20:56,27.2125,12.00,0.000,0.000,OFF,--,DONE,--
6288,2026-06-03 11:20:57,27.1125,12.00,0.000,0.000,OFF,--,DONE,--
6289,2026-06-03 11:20:58,27.1125,12.00,0.000,0.000,OFF,--,DONE,--
6290,2026-06-03 11:20:59,27.0250,12.00,0.000,0.000,OFF,--,DONE,--
6291,2026-06-03 11:21:00,27.0250,12.00,0.000,0.000,OFF,--,DONE,--
6292,2026-06-03 11:21:01,26.9500,12.00,0.000,0.000,OFF,--,DONE,--
6293,2026-06-03 11:21:02,26.9500,12.00,0.000,0.000,OFF,--,DONE,--
6294,2026-06-03 11:21:03,26.8625,12.00,0.000,0.000,OFF,--,DONE,--
6295,2026-06-03 11:21:04,26.8625,12.00,0.000,0.000,OFF,--,DONE,--
6296,2026-06-03 11:21:05,26.7875,12.00,0.000,0.000,OFF,--,DONE,--
6297,2026-06-03 11:21:06,26.7875,12.00,0.000,0.000,OFF,--,DONE,--
6298,2026-06-03 11:21:07,26.7125,12.00,0.000,0.000,OFF,--,DONE,--
6299,2026-06-03 11:21:09,26.6375,12.00,0.000,0.000,OFF,--,DONE,--
6300,2026-06-03 11:21:10,26.6375,12.00,0.000,0.000,OFF,--,DONE,--
6301,2026-06-03 11:21:11,26.5625,12.00,0.000,0.000,OFF,--,DONE,--
6302,2026-06-03 11:21:12,26.5625,12.00,0.000,0.000,OFF,--,DONE,--
6303,2026-06-03 11:21:13,26.4875,12.00,0.000,0.000,OFF,--,DONE,--
6304,2026-06-03 11:21:14,26.4875,12.00,0.000,0.000,OFF,--,DONE,--
6305,2026-06-03 11:21:15,26.4000,12.00,0.000,0.000,OFF,--,DONE,--
6306,2026-06-03 11:21:16,26.4000,12.00,0.000,0.000,OFF,--,DONE,--
6307,2026-06-03 11:21:17,26.3250,12.00,0.000,0.000,OFF,--,DONE,--
6308,2026-06-03 11:21:18,26.3250,12.00,0.000,0.000,OFF,--,DONE,--
6309,2026-06-03 11:21:19,26.2375,12.00,0.000,0.000,OFF,--,DONE,--
6310,2026-06-03 11:21:20,26.2375,12.00,0.000,0.000,OFF,--,DONE,--
6311,2026-06-03 11:21:21,26.1375,12.00,0.000,0.000,OFF,--,DONE,--
6312,2026-06-03 11:21:22,26.1375,12.00,0.000,0.000,OFF,--,DONE,--
6313,2026-06-03 11:21:23,26.0500,12.00,0.000,0.000,OFF,--,DONE,--
6314,2026-06-03 11:21:24,25.9500,12.00,0.000,0.000,OFF,--,DONE,--
6315,2026-06-03 11:21:25,25.9500,12.00,0.000,0.000,OFF,--,DONE,--
6316,2026-06-03 11:21:26,25.9000,12.00,0.000,0.000,OFF,--,DONE,--
6317,2026-06-03 11:21:27,25.9000,12.00,0.000,0.000,OFF,--,DONE,--
6318,2026-06-03 11:21:28,25.8000,12.00,0.000,0.000,OFF,--,DONE,--
6319,2026-06-03 11:21:29,25.8000,12.00,0.000,0.000,OFF,--,DONE,--
6320,2026-06-03 11:21:30,25.7500,12.00,0.000,0.000,OFF,--,DONE,--
6321,2026-06-03 11:21:31,25.7500,12.00,0.000,0.000,OFF,--,DONE,--
6322,2026-06-03 11:21:32,25.6750,12.00,0.000,0.000,OFF,--,DONE,--
6323,2026-06-03 11:21:33,25.6750,12.00,0.000,0.000,OFF,--,DONE,--
6324,2026-06-03 11:21:34,25.5875,12.00,0.000,0.000,OFF,--,DONE,--
6325,2026-06-03 11:21:35,25.5875,12.00,0.000,0.000,OFF,--,DONE,--
6326,2026-06-03 11:21:36,25.5125,12.00,0.000,0.000,OFF,--,DONE,--
6327,2026-06-03 11:21:37,25.5125,12.00,0.000,0.000,B,#1,APPROACH,0.693A/B
6328,2026-06-03 11:21:39,25.4625,12.00,0.000,0.000,B,#1,APPROACH,1.083A/B
6329,2026-06-03 11:21:42,25.3375,12.00,0.000,0.000,B,#1,APPROACH,1.000A/B
6330,2026-06-03 11:21:44,25.2625,12.00,0.000,0.000,B,#1,APPROACH,1.447A/B
6331,2026-06-03 11:21:45,25.1875,12.00,0.000,0.000,B,#1,APPROACH,0.976A/B
6332,2026-06-03 11:21:47,25.1375,7.92,0.000,0.000,B,#1,APPROACH,1.000A/B
6333,2026-06-03 11:21:49,25.1375,7.92,1.000,8.380,B,#1,APPROACH,1.355A/B
6334,2026-06-03 11:21:51,25.0625,7.92,1.000,8.380,B,#1,APPROACH,1.258A/B
6335,2026-06-03 11:21:53,25.0625,7.92,1.000,8.380,B,#1,APPROACH,1.320A/B
6336,2026-06-03 11:21:55,25.0625,10.60,1.000,8.380,B,#1,APPROACH,1.000A/B
6337,2026-06-03 11:21:57,25.0625,10.60,1.019,8.610,B,#1,APPROACH,1.572A/B
6338,2026-06-03 11:21:59,25.1250,10.60,1.019,8.610,B,#1,APPROACH,1.000A/B
6339,2026-06-03 11:22:01,25.1875,10.60,1.019,8.610,B,#1,APPROACH,2.008A/B
6340,2026-06-03 11:22:02,25.2625,12.00,1.019,8.610,B,#1,APPROACH,2.315A/B
6341,2026-06-03 11:22:04,25.2625,12.00,1.471,17.448,B,#1,APPROACH,2.392A/B
6342,2026-06-03 11:22:07,25.4500,12.00,1.471,17.448,B,#1,APPROACH,2.962A/B
6343,2026-06-03 11:22:08,25.5750,12.00,1.471,17.448,B,#1,APPROACH,3.000A/B
6344,2026-06-03 11:22:10,25.7000,12.00,1.471,17.448,B,#1,APPROACH,3.000A/B
6345,2026-06-03 11:22:12,25.7000,12.00,1.427,16.932,B,#1,APPROACH,3.000A/B
6346,2026-06-03 11:22:14,26.0000,12.00,1.427,16.932,B,#1,APPROACH,2.500A/B
6347,2026-06-03 11:22:16,26.1125,12.00,1.427,16.932,B,#1,APPROACH,1.500A/B
6348,2026-06-03 11:22:18,26.3125,12.00,1.427,16.932,B,#1,HOLDING,2.000A/B
6349,2026-06-03 11:22:20,26.3125,12.00,1.393,16.548,B,#1,HOLDING,2.000A/B
6350,2026-06-03 11:22:22,26.6875,12.00,1.393,16.548,B,#1,HOLDING,2.500A/B
6351,2026-06-03 11:22:24,26.8625,12.00,1.393,16.548,B,#1,HOLDING,2.500A/B
6352,2026-06-03 11:22:25,27.0375,12.00,1.393,16.548,B,#1,HOLDING,1.000A/B
6353,2026-06-03 11:22:27,27.0375,12.00,1.026,9.440,B,#1,HOLDING,1.318A/B
6354,2026-06-03 11:22:30,27.4500,12.00,1.026,9.440,A,#1,HOLDING,2.500A/A
6355,2026-06-03 11:22:31,27.6250,12.00,1.026,9.440,A,#1,HOLDING,3.000A/A
6356,2026-06-03 11:22:33,27.8250,12.00,1.026,9.440,A,#1,HOLDING,1.000A/A
6357,2026-06-03 11:22:35,27.8250,12.00,1.400,7.090,A,#1,HOLDING,1.000A/A
6358,2026-06-03 11:22:37,28.2000,12.00,1.400,7.090,A,#1,HOLDING,1.000A/A
6359,2026-06-03 11:22:39,28.3625,12.00,1.400,7.090,A,#1,HOLDING,2.000A/A
6360,2026-06-03 11:22:41,28.5125,12.00,1.400,7.090,A,#1,HOLDING,3.000A/A
6361,2026-06-03 11:22:43,28.5125,12.00,1.665,19.536,A,#1,HOLDING,1.000A/A
6362,2026-06-03 11:22:45,28.6750,12.00,1.665,19.536,A,#1,HOLDING,3.000A/A
6363,2026-06-03 11:22:47,28.6875,12.00,1.665,19.536,A,#1,HOLDING,3.000A/A
6364,2026-06-03 11:22:48,28.6875,12.00,1.665,19.536,A,#1,HOLDING,2.000A/A
6365,2026-06-03 11:22:50,28.6875,12.00,1.587,18.780,A,#1,HOLDING,2.000A/A
6366,2026-06-03 11:22:53,28.6250,12.00,1.587,18.780,A,#1,HOLDING,2.500A/A
6367,2026-06-03 11:22:54,28.6250,12.00,1.587,18.780,A,#1,HOLDING,2.000A/A
6368,2026-06-03 11:22:56,28.4500,12.00,1.587,18.780,A,#1,HOLDING,2.500A/A
6369,2026-06-03 11:22:58,28.4500,12.00,1.535,18.228,A,#1,HOLDING,1.500A/A
6370,2026-06-03 11:23:00,28.1750,12.00,1.535,18.228,A,#1,HOLDING,2.500A/A
6371,2026-06-03 11:23:02,28.1750,12.00,1.535,18.228,A,#1,HOLDING,2.500A/A
6372,2026-06-03 11:23:04,27.8375,12.00,1.535,18.228,A,#1,HOLDING,2.000A/A
6373,2026-06-03 11:23:06,27.8375,12.00,1.500,17.832,A,#1,HOLDING,2.000A/A
6374,2026-06-03 11:23:08,27.5000,12.00,1.500,17.832,A,#1,HOLDING,1.874A/A
6375,2026-06-03 11:23:10,27.5000,12.00,1.500,17.832,A,#1,HOLDING,1.000A/A
6376,2026-06-03 11:23:11,27.1000,8.68,1.500,17.832,B,#1,HOLDING,0.431A/B
6377,2026-06-03 11:23:13,27.1000,8.68,0.442,1.327,B,#1,HOLDING,0.591A/B
6378,2026-06-03 11:23:16,26.6875,8.68,0.442,1.327,B,#1,HOLDING,1.000A/B
6379,2026-06-03 11:23:17,26.6875,8.68,0.442,1.327,B,#1,HOLDING,2.213A/B
6380,2026-06-03 11:23:19,26.3375,12.00,0.442,1.327,B,#1,HOLDING,2.000A/B
6381,2026-06-03 11:23:21,26.3375,12.00,1.635,19.272,B,#1,HOLDING,3.000A/B
6382,2026-06-03 11:23:23,26.0750,12.00,1.635,19.272,B,#1,HOLDING,2.000A/B
6383,2026-06-03 11:23:25,26.0750,12.00,1.635,19.272,B,#1,HOLDING,2.000A/B
6384,2026-06-03 11:23:27,25.9375,12.00,1.635,19.272,B,#1,HOLDING,2.500A/B
6385,2026-06-03 11:23:29,25.9375,12.00,1.544,18.228,B,#1,HOLDING,1.500A/B
6386,2026-06-03 11:23:31,25.9625,12.00,1.544,18.228,B,#1,HOLDING,3.000A/B
6387,2026-06-03 11:23:33,25.9625,12.00,1.544,18.228,B,#1,HOLDING,1.000A/B
6388,2026-06-03 11:23:34,26.1125,8.69,1.544,18.228,B,#1,HOLDING,2.500A/B
6389,2026-06-03 11:23:36,26.1125,8.69,1.238,17.484,B,#1,HOLDING,1.000A/B
6390,2026-06-03 11:23:39,26.3000,8.69,1.238,17.484,B,#1,HOLDING,0.642A/B
6391,2026-06-03 11:23:40,26.3000,8.69,1.238,17.484,B,#1,HOLDING,0.535A/B
6392,2026-06-03 11:23:42,26.4250,5.44,1.238,17.484,B,#1,HOLDING,0.295A/B
6393,2026-06-03 11:23:44,26.5750,5.44,0.413,1.062,B,#1,HOLDING,0.279A/B
6394,2026-06-03 11:23:46,26.8625,5.44,0.413,1.062,B,#1,HOLDING,0.243A/B
6395,2026-06-03 11:23:48,26.8625,5.44,0.413,1.062,B,#1,HOLDING,0.265A/B
6396,2026-06-03 11:23:50,26.9875,3.28,0.413,1.062,B,#1,HOLDING,0.212A/B
6397,2026-06-03 11:23:52,27.1375,3.28,0.236,0.606,B,#1,HOLDING,0.173A/B
6398,2026-06-03 11:23:54,27.3375,3.28,0.236,0.606,B,#2,APPROACH,0.125A/B
6399,2026-06-03 11:23:56,27.3375,3.28,0.236,0.606,A,#2,APPROACH,0.170A/A
6400,2026-06-03 11:23:57,27.4500,3.28,0.236,0.606,A,#2,APPROACH,0.317A/A
6401,2026-06-03 11:23:59,27.5500,10.95,0.236,0.606,A,#2,APPROACH,0.417A/A
6402,2026-06-03 11:24:02,27.7125,10.95,1.035,1.409,A,#2,APPROACH,0.667A/A
6403,2026-06-03 11:24:04,27.7500,10.95,1.035,1.409,A,#2,APPROACH,1.062A/A
6404,2026-06-03 11:24:06,27.7500,10.95,1.035,1.409,A,#2,APPROACH,0.875A/A
6405,2026-06-03 11:24:07,27.7500,6.94,1.035,1.409,A,#2,APPROACH,0.894A/A
6406,2026-06-03 11:24:09,27.7500,6.94,0.882,6.517,A,#2,APPROACH,0.860A/A
6407,2026-06-03 11:24:12,27.7375,6.94,0.882,6.517,A,#2,APPROACH,1.059A/A
6408,2026-06-03 11:24:13,27.6625,6.94,0.882,6.517,A,#2,APPROACH,1.079A/A
6409,2026-06-03 11:24:15,27.5875,8.65,0.882,6.517,A,#2,APPROACH,1.000A/A
6410,2026-06-03 11:24:17,27.5125,8.65,1.037,8.280,A,#2,APPROACH,1.000A/A
6411,2026-06-03 11:24:19,27.4250,8.65,1.037,8.280,A,#2,APPROACH,1.207A/A
6412,2026-06-03 11:24:21,27.3500,8.65,1.037,8.280,A,#2,APPROACH,1.321A/A
6413,2026-06-03 11:24:23,27.2375,10.51,1.037,8.280,A,#2,APPROACH,1.443A/A
6414,2026-06-03 11:24:25,27.0625,10.51,1.379,16.666,A,#2,APPROACH,1.000A/A
6415,2026-06-03 11:24:27,26.9500,10.51,1.379,16.666,A,#2,APPROACH,1.000A/A
6416,2026-06-03 11:24:29,26.8000,10.51,1.379,16.666,A,#2,APPROACH,1.425A/A
6417,2026-06-03 11:24:30,26.6375,11.43,1.379,16.666,A,#2,APPROACH,1.000A/A
6418,2026-06-03 11:24:32,26.4875,11.43,1.190,8.650,A,#2,APPROACH,1.000A/A
6419,2026-06-03 11:24:35,26.3000,11.43,1.190,8.650,A,#2,APPROACH,1.359A/A
6420,2026-06-03 11:24:36,26.1250,11.43,1.190,8.650,A,#2,APPROACH,1.396A/A
6421,2026-06-03 11:24:38,25.9750,11.34,1.190,8.650,A,#2,APPROACH,1.000A/A
6422,2026-06-03 11:24:40,25.7750,11.34,1.185,8.750,A,#2,HOLDING,1.377A/A
6423,2026-06-03 11:24:42,25.6375,11.34,1.185,8.750,A,#2,HOLDING,0.104A/A
6424,2026-06-03 11:24:44,25.4375,11.34,1.185,8.750,OFF,#2,HOLDING,0.000A/OFF
6425,2026-06-03 11:24:45,25.4375,11.34,1.185,8.750,OFF,#2,HOLDING,0.132A/A
6426,2026-06-03 11:24:46,25.2250,12.00,0.000,8.750,A,#2,HOLDING,0.118A/A
6427,2026-06-03 11:24:48,25.0000,12.00,0.000,8.750,A,#2,HOLDING,0.000A/OFF
6428,2026-06-03 11:24:49,25.0000,12.00,0.000,0.000,OFF,#2,HOLDING,0.000A/OFF
6429,2026-06-03 11:24:50,24.8250,12.00,0.000,0.000,OFF,#2,HOLDING,0.000A/OFF
6430,2026-06-03 11:24:51,24.6750,12.00,0.000,0.000,B,#2,HOLDING,0.121A/B
6431,2026-06-03 11:24:53,24.6750,0.59,0.000,0.000,B,#2,HOLDING,0.163A/B
6432,2026-06-03 11:24:55,24.5125,0.59,0.143,0.172,B,#2,HOLDING,0.218A/B
6433,2026-06-03 11:24:57,24.2625,0.59,0.143,0.172,B,#2,HOLDING,0.395A/B
6434,2026-06-03 11:24:59,24.2625,0.59,0.143,0.172,B,#2,HOLDING,0.511A/B
6435,2026-06-03 11:25:01,24.1375,3.97,0.143,0.172,B,#2,HOLDING,0.347A/B
6436,2026-06-03 11:25:03,24.0500,3.97,0.409,0.999,B,#2,HOLDING,0.484A/B
6437,2026-06-03 11:25:05,23.8750,3.97,0.409,0.999,B,#2,HOLDING,0.688A/B
6438,2026-06-03 11:25:07,23.8750,3.97,0.409,0.999,B,#2,HOLDING,0.585A/B
6439,2026-06-03 11:25:08,23.8250,4.76,0.409,0.999,B,#2,HOLDING,0.449A/B
6440,2026-06-03 11:25:10,23.7500,4.76,0.516,1.719,B,#2,HOLDING,0.557A/B
6441,2026-06-03 11:25:13,23.6875,4.76,0.516,1.719,B,#2,HOLDING,0.569A/B
6442,2026-06-03 11:25:14,23.6875,4.76,0.516,1.719,B,#2,HOLDING,0.499A/B
6443,2026-06-03 11:25:16,23.6875,4.27,0.516,1.719,B,#2,HOLDING,0.484A/B
6444,2026-06-03 11:25:18,23.6875,4.27,0.484,2.061,B,#2,HOLDING,0.524A/B
6445,2026-06-03 11:25:20,23.6875,4.27,0.484,2.061,B,#2,HOLDING,0.556A/B
6446,2026-06-03 11:25:22,23.6875,4.27,0.484,2.061,B,#2,HOLDING,0.594A/B
6447,2026-06-03 11:25:24,23.6875,5.15,0.484,2.061,B,#2,HOLDING,0.646A/B
6448,2026-06-03 11:25:26,23.7250,5.15,0.618,3.662,B,#2,HOLDING,0.675A/B
6449,2026-06-03 11:25:28,23.8125,5.15,0.618,3.662,B,#2,HOLDING,0.708A/B
6450,2026-06-03 11:25:30,23.8125,5.15,0.618,3.662,B,#2,HOLDING,0.735A/B
6451,2026-06-03 11:25:32,23.8625,6.38,0.618,3.662,B,#2,HOLDING,0.772A/B
6452,2026-06-03 11:25:33,23.8875,6.38,0.751,5.257,B,#2,HOLDING,0.812A/B
6453,2026-06-03 11:25:36,24.0125,6.38,0.751,5.257,B,#2,HOLDING,0.789A/B
6454,2026-06-03 11:25:37,24.0125,6.38,0.751,5.257,B,#2,HOLDING,0.822A/B
6455,2026-06-03 11:25:39,24.1125,7.20,0.751,5.257,B,#2,HOLDING,0.843A/B
6456,2026-06-03 11:25:41,24.1625,7.20,0.830,6.305,B,#2,HOLDING,0.874A/B
6457,2026-06-03 11:25:43,24.3250,7.20,0.830,6.305,B,#2,HOLDING,0.889A/B
6458,2026-06-03 11:25:45,24.3250,7.20,0.830,6.305,B,#2,HOLDING,0.916A/B
6459,2026-06-03 11:25:47,24.4250,8.02,0.830,6.305,B,#2,HOLDING,0.929A/B
6460,2026-06-03 11:25:49,24.5125,8.02,0.929,7.645,B,#2,HOLDING,0.947A/B
6461,2026-06-03 11:25:51,24.7250,8.02,0.929,7.645,B,#2,HOLDING,0.940A/B
6462,2026-06-03 11:25:53,24.7250,8.02,0.929,7.645,B,#2,HOLDING,0.955A/B
6463,2026-06-03 11:25:55,24.8250,8.44,0.929,7.645,B,#2,HOLDING,0.957A/B
6464,2026-06-03 11:25:56,24.9250,8.44,0.957,8.201,B,#2,HOLDING,0.962A/B
6465,2026-06-03 11:25:59,25.1750,8.44,0.957,8.201,B,#2,HOLDING,0.930A/B
6466,2026-06-03 11:26:00,25.1750,8.44,0.957,8.201,B,#2,HOLDING,0.931A/B
6467,2026-06-03 11:26:02,25.3250,8.40,0.957,8.201,B,#2,HOLDING,0.910A/B
6468,2026-06-03 11:26:04,25.4250,8.40,0.910,7.616,B,#2,HOLDING,0.899A/B
6469,2026-06-03 11:26:06,25.7250,8.40,0.910,7.616,B,#2,HOLDING,0.837A/B
6470,2026-06-03 11:26:08,25.7250,8.40,0.910,7.616,B,#2,HOLDING,0.825A/B
6471,2026-06-03 11:26:10,25.8500,7.72,0.910,7.616,B,#2,HOLDING,0.787A/B
6472,2026-06-03 11:26:12,26.0125,7.72,0.798,5.926,B,#2,HOLDING,0.697A/B
6473,2026-06-03 11:26:14,26.2875,7.72,0.798,5.926,B,#2,HOLDING,0.596A/B
6474,2026-06-03 11:26:16,26.2875,7.72,0.798,5.926,B,#2,HOLDING,0.564A/B
6475,2026-06-03 11:26:18,26.3875,5.68,0.798,5.926,B,#2,HOLDING,0.510A/B
6476,2026-06-03 11:26:19,26.5500,5.68,0.510,2.759,B,#2,HOLDING,0.446A/B
6477,2026-06-03 11:26:22,26.7000,5.68,0.510,2.759,B,#2,HOLDING,0.341A/B
6478,2026-06-03 11:26:23,26.8000,5.68,0.510,2.759,B,#2,HOLDING,0.273A/B
6479,2026-06-03 11:26:25,26.9500,3.40,0.510,2.759,B,#2,HOLDING,0.191A/B
6480,2026-06-03 11:26:27,27.0625,3.40,0.191,0.527,B,#2,HOLDING,0.106A/B
6481,2026-06-03 11:26:29,27.1625,3.40,0.191,0.527,OFF,#2,HOLDING,0.000A/OFF
6482,2026-06-03 11:26:30,27.2875,3.40,0.191,0.527,OFF,#2,HOLDING,0.000A/OFF
6483,2026-06-03 11:26:31,27.3625,3.40,0.191,0.527,A,#2,HOLDING,0.123A/A
6484,2026-06-03 11:26:33,27.4125,6.29,0.123,0.527,A,#2,HOLDING,0.222A/A
6485,2026-06-03 11:26:35,27.5125,6.29,0.123,0.321,A,#2,HOLDING,0.310A/A
6486,2026-06-03 11:26:37,27.5125,6.29,0.123,0.321,A,#2,HOLDING,0.379A/A
6487,2026-06-03 11:26:39,27.5625,6.29,0.123,0.321,A,#2,HOLDING,0.469A/A
6488,2026-06-03 11:26:40,27.5875,3.47,0.123,0.321,A,#2,HOLDING,0.561A/A
6489,2026-06-03 11:26:42,27.6250,3.47,0.561,2.457,A,#2,HOLDING,0.668A/A
6490,2026-06-03 11:26:45,27.6250,3.47,0.561,2.457,A,#2,HOLDING,0.791A/A
6491,2026-06-03 11:26:46,27.6250,3.47,0.561,2.457,A,#2,HOLDING,0.876A/A
6492,2026-06-03 11:26:48,27.6250,6.82,0.561,2.457,A,#2,HOLDING,0.973A/A
6493,2026-06-03 11:26:50,27.5875,6.82,0.973,7.569,A,#2,HOLDING,1.067A/A
6494,2026-06-03 11:26:52,27.5125,6.82,0.973,7.569,A,#2,HOLDING,1.179A/A
6495,2026-06-03 11:26:54,27.5000,6.82,0.973,7.569,A,#2,HOLDING,1.261A/A
6496,2026-06-03 11:26:56,27.4000,9.80,0.973,7.569,A,#2,HOLDING,1.342A/A
6497,2026-06-03 11:26:58,27.3000,9.80,1.298,14.319,A,#2,HOLDING,1.422A/A
6498,2026-06-03 11:27:00,27.2000,9.80,1.298,14.319,A,#2,HOLDING,1.520A/A
6499,2026-06-03 11:27:02,27.1125,9.80,1.298,14.319,A,#2,HOLDING,1.586A/A
6500,2026-06-03 11:27:03,26.9375,12.00,1.298,14.319,A,#2,HOLDING,1.645A/A
6501,2026-06-03 11:27:05,26.8000,12.00,1.529,18.108,A,#2,HOLDING,1.703A/A
6502,2026-06-03 11:27:08,26.6750,12.00,1.529,18.108,A,#2,HOLDING,1.781A/A
6503,2026-06-03 11:27:09,26.4875,12.00,1.529,18.108,A,#2,HOLDING,1.819A/A
6504,2026-06-03 11:27:11,26.2875,12.00,1.529,18.108,A,#2,HOLDING,1.856A/A
6505,2026-06-03 11:27:13,26.1000,12.00,1.496,17.712,A,#2,HOLDING,1.882A/A
6506,2026-06-03 11:27:15,25.8750,12.00,1.496,17.712,A,#3,APPROACH,1.874A/A
6507,2026-06-03 11:27:17,25.7000,12.00,1.496,17.712,A,#3,APPROACH,0.155A/A
6508,2026-06-03 11:27:19,25.5000,12.00,1.496,17.712,A,#3,APPROACH,0.115A/A
6509,2026-06-03 11:27:21,25.2625,11.54,1.496,17.712,A,#3,APPROACH,0.113A/A
6510,2026-06-03 11:27:23,25.0375,11.54,0.788,0.239,A,#3,APPROACH,0.109A/A
6511,2026-06-03 11:27:25,24.6250,11.54,0.788,0.239,A,#3,APPROACH,0.115A/A
6512,2026-06-03 11:27:27,24.6250,11.54,0.788,0.239,A,#3,APPROACH,0.170A/A
6513,2026-06-03 11:27:29,24.4125,2.32,0.788,0.239,A,#3,APPROACH,0.203A/A
6514,2026-06-03 11:27:30,24.2125,2.32,0.185,0.525,A,#3,APPROACH,0.256A/A
6515,2026-06-03 11:27:33,23.8750,2.32,0.185,0.525,A,#3,APPROACH,0.270A/A
6516,2026-06-03 11:27:34,23.8750,2.32,0.185,0.525,A,#3,APPROACH,0.328A/A
6517,2026-06-03 11:27:36,23.7625,3.48,0.185,0.525,A,#3,APPROACH,0.370A/A
6518,2026-06-03 11:27:38,23.5875,3.48,0.353,1.424,A,#3,HOLDING,0.360A/A
6519,2026-06-03 11:27:41,23.3000,3.48,0.353,1.424,OFF,#3,HOLDING,0.000A/OFF
6520,2026-06-03 11:27:42,23.3000,3.48,0.353,1.424,OFF,#3,HOLDING,0.000A/OFF
6521,2026-06-03 11:27:43,23.2000,3.48,0.353,1.424,OFF,#3,HOLDING,0.000A/OFF
6522,2026-06-03 11:27:44,23.2000,3.48,0.353,1.424,OFF,#3,HOLDING,0.000A/OFF
6523,2026-06-03 11:27:45,23.0500,12.00,0.000,1.424,OFF,#3,HOLDING,0.000A/OFF
6524,2026-06-03 11:27:46,23.0500,12.00,0.000,1.424,OFF,#3,HOLDING,0.000A/OFF
6525,2026-06-03 11:27:47,22.9500,12.00,0.000,0.000,OFF,#3,HOLDING,0.000A/OFF
6526,2026-06-03 11:27:48,22.9500,12.00,0.000,0.000,OFF,#3,HOLDING,0.000A/OFF
6527,2026-06-03 11:27:49,22.8250,12.00,0.000,0.000,OFF,#3,HOLDING,0.000A/OFF
6528,2026-06-03 11:27:50,22.8250,12.00,0.000,0.000,OFF,#3,HOLDING,0.000A/OFF
6529,2026-06-03 11:27:51,22.7750,12.00,0.000,0.000,OFF,#3,HOLDING,0.000A/OFF
6530,2026-06-03 11:27:52,22.7750,12.00,0.000,0.000,OFF,#3,HOLDING,0.000A/OFF
6531,2026-06-03 11:27:53,22.6750,12.00,0.000,0.000,OFF,#3,HOLDING,0.000A/OFF
6532,2026-06-03 11:27:54,22.6750,12.00,0.000,0.000,OFF,#3,HOLDING,0.000A/OFF
6533,2026-06-03 11:27:55,22.6250,12.00,0.000,0.000,OFF,#3,HOLDING,0.000A/OFF
6534,2026-06-03 11:27:56,22.6250,12.00,0.000,0.000,OFF,#3,HOLDING,0.000A/OFF
6535,2026-06-03 11:27:57,22.5750,12.00,0.000,0.000,OFF,#3,HOLDING,0.000A/OFF
6536,2026-06-03 11:27:58,22.5750,12.00,0.000,0.000,OFF,#3,HOLDING,0.000A/OFF
6537,2026-06-03 11:27:59,22.5000,12.00,0.000,0.000,OFF,#3,HOLDING,0.000A/OFF
6538,2026-06-03 11:28:00,22.5000,12.00,0.000,0.000,OFF,#3,HOLDING,0.000A/OFF
6539,2026-06-03 11:28:01,22.4250,12.00,0.000,0.000,OFF,#3,HOLDING,0.000A/OFF
6540,2026-06-03 11:28:02,22.4250,12.00,0.000,0.000,OFF,#3,HOLDING,0.000A/OFF
6541,2026-06-03 11:28:03,22.3750,12.00,0.000,0.000,OFF,#3,HOLDING,0.000A/OFF
6542,2026-06-03 11:28:04,22.3500,12.00,0.000,0.000,OFF,#3,HOLDING,0.000A/OFF
6543,2026-06-03 11:28:05,22.3500,12.00,0.000,0.000,OFF,#3,HOLDING,0.000A/OFF
6544,2026-06-03 11:28:06,22.3125,12.00,0.000,0.000,OFF,#3,HOLDING,0.000A/OFF
6545,2026-06-03 11:28:07,22.3125,12.00,0.000,0.000,OFF,#3,HOLDING,0.000A/OFF
6546,2026-06-03 11:28:08,22.2875,12.00,0.000,0.000,OFF,#3,HOLDING,0.000A/OFF
6547,2026-06-03 11:28:09,22.2875,12.00,0.000,0.000,OFF,#3,HOLDING,0.000A/OFF
6548,2026-06-03 11:28:10,22.2500,12.00,0.000,0.000,OFF,#3,HOLDING,0.000A/OFF
6549,2026-06-03 11:28:11,22.2500,12.00,0.000,0.000,OFF,#3,HOLDING,0.000A/OFF
6550,2026-06-03 11:28:12,22.2250,12.00,0.000,0.000,OFF,#3,HOLDING,0.000A/OFF
6551,2026-06-03 11:28:13,22.2250,12.00,0.000,0.000,OFF,#3,HOLDING,0.000A/OFF
6552,2026-06-03 11:28:14,22.1875,12.00,0.000,0.000,OFF,#3,HOLDING,0.000A/OFF
6553,2026-06-03 11:28:15,22.1875,12.00,0.000,0.000,OFF,#3,HOLDING,0.000A/OFF
6554,2026-06-03 11:28:16,22.1875,12.00,0.000,0.000,OFF,#3,HOLDING,0.000A/OFF
6555,2026-06-03 11:28:17,22.1875,12.00,0.000,0.000,OFF,#3,HOLDING,0.000A/OFF
6556,2026-06-03 11:28:18,22.1750,12.00,0.000,0.000,OFF,#3,HOLDING,0.000A/OFF
6557,2026-06-03 11:28:19,22.1750,12.00,0.000,0.000,OFF,#3,HOLDING,0.000A/OFF
6558,2026-06-03 11:28:20,22.1250,12.00,0.000,0.000,B,#3,HOLDING,0.110A/B
6559,2026-06-03 11:28:22,22.1250,12.00,0.000,0.000,B,#3,HOLDING,0.127A/B
6560,2026-06-03 11:28:23,22.1250,1.12,0.000,0.000,B,#3,HOLDING,0.149A/B
6561,2026-06-03 11:28:25,22.1250,1.12,0.149,0.211,B,#3,HOLDING,0.161A/B
6562,2026-06-03 11:28:28,22.1000,1.12,0.149,0.211,B,#3,HOLDING,0.192A/B
6563,2026-06-03 11:28:29,22.1000,1.12,0.149,0.211,B,#3,HOLDING,0.211A/B
6564,2026-06-03 11:28:31,22.1250,1.98,0.149,0.211,B,#3,HOLDING,0.230A/B
6565,2026-06-03 11:28:33,22.1250,1.98,0.230,0.512,B,#3,HOLDING,0.250A/B
6566,2026-06-03 11:28:35,22.1250,1.98,0.230,0.512,B,#3,HOLDING,0.277A/B
6567,2026-06-03 11:28:37,22.1250,1.98,0.230,0.512,B,#3,HOLDING,0.298A/B
6568,2026-06-03 11:28:39,22.1250,2.73,0.230,0.512,B,#4,APPROACH,0.319A/B
6569,2026-06-03 11:28:41,22.1375,2.73,0.319,0.000,A,#4,APPROACH,0.161A/A
6570,2026-06-03 11:28:43,22.1625,2.73,0.319,0.000,A,#4,APPROACH,0.215A/A
6571,2026-06-03 11:28:45,22.1875,2.73,0.319,0.000,A,#4,APPROACH,0.278A/A
6572,2026-06-03 11:28:47,22.2125,2.73,0.319,0.000,A,#4,APPROACH,0.334A/A
6573,2026-06-03 11:28:49,22.2250,3.00,0.319,0.000,A,#4,APPROACH,0.400A/A
6574,2026-06-03 11:28:51,22.2500,3.00,0.400,1.424,A,#4,APPROACH,0.495A/A
6575,2026-06-03 11:28:53,22.2500,3.00,0.400,1.424,A,#4,APPROACH,0.632A/A
6576,2026-06-03 11:28:54,22.2500,3.00,0.400,1.424,A,#4,APPROACH,0.730A/A
6577,2026-06-03 11:28:56,22.2500,6.07,0.400,1.424,A,#4,APPROACH,0.843A/A
6578,2026-06-03 11:28:58,22.2250,6.07,0.843,6.044,A,#4,APPROACH,0.953A/A
6579,2026-06-03 11:29:01,22.1875,6.07,0.843,6.044,A,#4,APPROACH,1.090A/A
6580,2026-06-03 11:29:02,22.1625,6.07,0.843,6.044,A,#4,APPROACH,1.000A/A
6581,2026-06-03 11:29:04,22.1375,8.28,0.843,6.044,A,#4,APPROACH,1.179A/A
6582,2026-06-03 11:29:06,22.0625,8.28,1.165,11.483,A,#4,APPROACH,1.274A/A
6583,2026-06-03 11:29:08,22.0000,8.28,1.165,11.483,A,#4,APPROACH,1.403A/A
6584,2026-06-03 11:29:10,21.9500,8.28,1.165,11.483,A,#4,APPROACH,1.482A/A
6585,2026-06-03 11:29:12,21.8375,11.60,1.165,11.483,A,#4,APPROACH,1.500A/A
6586,2026-06-03 11:29:14,21.7375,11.60,1.500,17.880,A,#4,APPROACH,1.562A/A
6587,2026-06-03 11:29:16,21.6500,11.60,1.500,17.880,A,#4,APPROACH,1.672A/A
6588,2026-06-03 11:29:18,21.5500,11.60,1.500,17.880,A,#4,APPROACH,1.500A/A
6589,2026-06-03 11:29:19,21.4250,12.00,1.500,17.880,A,#4,APPROACH,1.732A/A
6590,2026-06-03 11:29:21,21.3000,12.00,1.475,17.568,A,#4,APPROACH,1.797A/A
6591,2026-06-03 11:29:24,21.1750,12.00,1.475,17.568,A,#4,APPROACH,1.887A/A
6592,2026-06-03 11:29:25,21.0250,12.00,1.475,17.568,A,#4,APPROACH,1.000A/A
6593,2026-06-03 11:29:27,20.8875,8.81,1.475,17.568,A,#4,APPROACH,1.925A/A
6594,2026-06-03 11:29:29,20.7375,8.81,1.456,17.292,A,#4,APPROACH,1.500A/A
6595,2026-06-03 11:29:31,20.5750,8.81,1.456,17.292,A,#4,APPROACH,1.967A/A
6596,2026-06-03 11:29:33,20.4250,8.81,1.456,17.292,A,#4,APPROACH,1.995A/A
6597,2026-06-03 11:29:35,20.2750,12.00,1.456,17.292,A,#4,APPROACH,1.500A/A
6598,2026-06-03 11:29:37,20.1250,12.00,1.436,17.112,A,#4,HOLDING,1.973A/A
6599,2026-06-03 11:29:39,19.9625,12.00,1.436,17.112,OFF,#4,HOLDING,0.000A/OFF
6600,2026-06-03 11:29:40,19.8125,12.00,1.436,17.112,OFF,#4,HOLDING,0.000A/OFF
6601,2026-06-03 11:29:41,19.8125,12.00,1.436,17.112,OFF,#4,HOLDING,0.000A/OFF
6602,2026-06-03 11:29:42,19.6375,12.00,1.436,17.112,OFF,#4,HOLDING,0.000A/OFF
6603,2026-06-03 11:29:43,19.6375,12.00,0.000,17.112,OFF,#4,HOLDING,0.000A/OFF
6604,2026-06-03 11:29:44,19.4875,12.00,0.000,17.112,OFF,#4,HOLDING,0.000A/OFF
6605,2026-06-03 11:29:45,19.4875,12.00,0.000,0.000,OFF,#4,HOLDING,0.000A/OFF
6606,2026-06-03 11:29:46,19.3250,12.00,0.000,0.000,OFF,#4,HOLDING,0.000A/OFF
6607,2026-06-03 11:29:47,19.3250,12.00,0.000,0.000,OFF,#4,HOLDING,0.000A/OFF
6608,2026-06-03 11:29:48,19.2000,12.00,0.000,0.000,OFF,#4,HOLDING,0.000A/OFF
6609,2026-06-03 11:29:49,19.2000,12.00,0.000,0.000,OFF,#4,HOLDING,0.000A/OFF
6610,2026-06-03 11:29:50,19.0875,12.00,0.000,0.000,OFF,#4,HOLDING,0.000A/OFF
6611,2026-06-03 11:29:51,19.0875,12.00,0.000,0.000,OFF,#4,HOLDING,0.000A/OFF
6612,2026-06-03 11:29:52,19.0125,12.00,0.000,0.000,OFF,#4,HOLDING,0.000A/OFF
6613,2026-06-03 11:29:53,19.0125,12.00,0.000,0.000,OFF,#4,HOLDING,0.000A/OFF
6614,2026-06-03 11:29:54,18.9625,12.00,0.000,0.000,OFF,#4,HOLDING,0.000A/OFF
6615,2026-06-03 11:29:55,18.9625,12.00,0.000,0.000,OFF,#4,HOLDING,0.000A/OFF
6616,2026-06-03 11:29:56,18.8875,12.00,0.000,0.000,OFF,#4,HOLDING,0.000A/OFF
6617,2026-06-03 11:29:57,18.8875,12.00,0.000,0.000,OFF,#4,HOLDING,0.000A/OFF
6618,2026-06-03 11:29:58,18.8750,12.00,0.000,0.000,OFF,#4,HOLDING,0.000A/OFF
6619,2026-06-03 11:29:59,18.8500,12.00,0.000,0.000,OFF,#4,HOLDING,0.000A/OFF
6620,2026-06-03 11:30:00,18.8500,12.00,0.000,0.000,OFF,#4,HOLDING,0.000A/OFF
6621,2026-06-03 11:30:01,18.8125,12.00,0.000,0.000,OFF,#4,HOLDING,0.000A/OFF
6622,2026-06-03 11:30:02,18.8125,12.00,0.000,0.000,OFF,#4,HOLDING,0.000A/OFF
6623,2026-06-03 11:30:03,18.8125,12.00,0.000,0.000,OFF,#4,HOLDING,0.000A/OFF
6624,2026-06-03 11:30:04,18.8125,12.00,0.000,0.000,OFF,#4,HOLDING,0.000A/OFF
6625,2026-06-03 11:30:05,18.8125,12.00,0.000,0.000,OFF,#4,HOLDING,0.000A/OFF
6626,2026-06-03 11:30:06,18.8125,12.00,0.000,0.000,OFF,#4,HOLDING,0.000A/OFF
6627,2026-06-03 11:30:07,18.8125,12.00,0.000,0.000,OFF,#4,HOLDING,0.000A/OFF
6628,2026-06-03 11:30:08,18.8125,12.00,0.000,0.000,OFF,#4,HOLDING,0.000A/OFF
6629,2026-06-03 11:30:09,18.8125,12.00,0.000,0.000,OFF,#4,HOLDING,0.000A/OFF
6630,2026-06-03 11:30:10,18.8125,12.00,0.000,0.000,OFF,#4,HOLDING,0.000A/OFF
6631,2026-06-03 11:30:11,18.8625,12.00,0.000,0.000,OFF,#4,HOLDING,0.000A/OFF
6632,2026-06-03 11:30:12,18.8625,12.00,0.000,0.000,OFF,#4,HOLDING,0.000A/OFF
6633,2026-06-03 11:30:13,18.8750,12.00,0.000,0.000,OFF,#4,HOLDING,0.000A/OFF
6634,2026-06-03 11:30:14,18.8750,12.00,0.000,0.000,OFF,#4,HOLDING,0.000A/OFF
6635,2026-06-03 11:30:15,18.9000,12.00,0.000,0.000,OFF,#4,HOLDING,0.000A/OFF
6636,2026-06-03 11:30:16,18.9000,12.00,0.000,0.000,OFF,#4,HOLDING,0.000A/OFF
6637,2026-06-03 11:30:17,18.9500,12.00,0.000,0.000,OFF,#4,HOLDING,0.000A/OFF
6638,2026-06-03 11:30:18,18.9500,12.00,0.000,0.000,OFF,#4,HOLDING,0.000A/OFF
6639,2026-06-03 11:30:19,19.0000,12.00,0.000,0.000,OFF,#4,HOLDING,0.000A/OFF
6640,2026-06-03 11:30:20,19.0000,12.00,0.000,0.000,OFF,#4,HOLDING,0.000A/OFF
6641,2026-06-03 11:30:22,19.0000,12.00,0.000,0.000,OFF,#4,HOLDING,0.000A/OFF
6642,2026-06-03 11:30:23,19.0500,12.00,0.000,0.000,OFF,#4,HOLDING,0.000A/OFF
6643,2026-06-03 11:30:24,19.0500,12.00,0.000,0.000,OFF,#4,HOLDING,0.000A/OFF
6644,2026-06-03 11:30:25,19.1250,12.00,0.000,0.000,OFF,#4,HOLDING,0.000A/OFF
6645,2026-06-03 11:30:26,19.1250,12.00,0.000,0.000,OFF,#4,HOLDING,0.000A/OFF
6646,2026-06-03 11:30:27,19.1500,12.00,0.000,0.000,OFF,#4,HOLDING,0.000A/OFF
6647,2026-06-03 11:30:28,19.1500,12.00,0.000,0.000,B,#4,HOLDING,0.107A/B
6648,2026-06-03 11:30:29,19.1875,12.00,0.051,0.000,B,#4,HOLDING,0.103A/B
6649,2026-06-03 11:30:31,19.2625,12.00,0.051,0.000,OFF,#4,HOLDING,0.000A/OFF
6650,2026-06-03 11:30:32,19.2625,12.00,0.051,0.082,OFF,#4,HOLDING,0.000A/OFF
6651,2026-06-03 11:30:33,19.3250,12.00,0.051,0.082,OFF,#4,HOLDING,0.000A/OFF
6652,2026-06-03 11:30:34,19.3750,12.00,0.051,0.082,OFF,#4,HOLDING,0.000A/OFF
6653,2026-06-03 11:30:35,19.3750,12.00,0.051,0.082,OFF,#4,HOLDING,0.000A/OFF
6654,2026-06-03 11:30:36,19.4125,12.00,0.051,0.082,OFF,#4,HOLDING,0.000A/OFF
6655,2026-06-03 11:30:37,19.4125,12.00,0.000,0.082,OFF,#5,APPROACH,0.000A/OFF
6656,2026-06-03 11:30:38,19.4625,12.00,0.000,0.000,OFF,#5,APPROACH,0.000A/OFF
6657,2026-06-03 11:30:39,19.4625,12.00,0.000,0.000,OFF,#5,APPROACH,0.000A/OFF
6658,2026-06-03 11:30:40,19.5375,12.00,0.000,0.000,A,#5,APPROACH,0.132A/A
6659,2026-06-03 11:30:42,19.6125,12.00,0.000,0.000,A,#5,APPROACH,0.202A/A
6660,2026-06-03 11:30:44,19.6375,2.08,0.000,0.000,A,#5,APPROACH,0.261A/A
6661,2026-06-03 11:30:46,19.6875,2.08,0.230,0.668,A,#5,APPROACH,0.323A/A
6662,2026-06-03 11:30:48,19.7500,2.08,0.230,0.668,A,#5,APPROACH,0.419A/A
6663,2026-06-03 11:30:50,19.8000,2.08,0.230,0.668,A,#5,APPROACH,0.484A/A
6664,2026-06-03 11:30:52,19.8125,4.25,0.230,0.668,A,#5,APPROACH,0.555A/A
6665,2026-06-03 11:30:53,19.8625,4.25,0.517,2.736,A,#5,APPROACH,0.636A/A
6666,2026-06-03 11:30:56,19.8750,4.25,0.517,2.736,A,#5,APPROACH,0.733A/A
6667,2026-06-03 11:30:57,19.8750,4.25,0.517,2.736,A,#5,APPROACH,0.800A/A
6668,2026-06-03 11:30:59,19.8875,6.83,0.517,2.736,A,#5,APPROACH,0.872A/A
6669,2026-06-03 11:31:01,19.8875,6.83,0.834,6.583,A,#5,APPROACH,0.950A/A
6670,2026-06-03 11:31:04,19.8750,6.83,0.834,6.583,A,#5,APPROACH,1.052A/A
6671,2026-06-03 11:31:05,19.8750,6.83,0.834,6.583,A,#5,APPROACH,1.117A/A
6672,2026-06-03 11:31:07,19.8375,9.21,0.834,6.583,A,#5,APPROACH,1.191A/A
6673,2026-06-03 11:31:09,19.8125,9.21,1.151,11.767,A,#5,APPROACH,1.000A/A
6674,2026-06-03 11:31:11,19.8000,9.21,1.151,11.767,A,#5,APPROACH,1.253A/A
6675,2026-06-03 11:31:13,19.7250,9.21,1.151,11.767,A,#5,APPROACH,1.302A/A
6676,2026-06-03 11:31:15,19.6750,10.55,1.151,11.767,A,#5,APPROACH,1.371A/A
6677,2026-06-03 11:31:17,19.6000,10.55,1.334,15.396,A,#5,APPROACH,1.421A/A
6678,2026-06-03 11:31:19,19.5250,10.55,1.334,15.396,A,#5,APPROACH,1.500A/A
6679,2026-06-03 11:31:21,19.4500,10.55,1.334,15.396,A,#5,APPROACH,1.500A/A
6680,2026-06-03 11:31:22,19.3375,12.00,1.334,15.396,A,#5,APPROACH,1.535A/A
6681,2026-06-03 11:31:24,19.2625,12.00,1.475,17.496,A,#5,APPROACH,1.500A/A
6682,2026-06-03 11:31:27,19.1750,12.00,1.475,17.496,A,#5,APPROACH,1.500A/A
6683,2026-06-03 11:31:28,19.0750,12.00,1.475,17.496,A,#5,APPROACH,1.577A/A
6684,2026-06-03 11:31:30,18.9625,12.00,1.475,17.496,A,#5,APPROACH,1.611A/A
6685,2026-06-03 11:31:32,18.8625,12.00,1.445,17.136,A,#5,APPROACH,1.000A/A
6686,2026-06-03 11:31:34,18.7125,12.00,1.445,17.136,A,#5,HOLDING,1.500A/A
6687,2026-06-03 11:31:36,18.6125,12.00,1.445,17.136,OFF,#5,HOLDING,0.000A/OFF
6688,2026-06-03 11:31:37,18.6125,12.00,1.445,17.136,OFF,#5,HOLDING,0.000A/OFF
6689,2026-06-03 11:31:38,18.4625,12.00,1.445,17.136,OFF,#5,HOLDING,0.000A/OFF
6690,2026-06-03 11:31:39,18.4625,12.00,0.000,17.136,OFF,#5,HOLDING,0.000A/OFF
6691,2026-06-03 11:31:40,18.3625,12.00,0.000,0.000,OFF,#5,HOLDING,0.000A/OFF
6692,2026-06-03 11:31:41,18.3625,12.00,0.000,0.000,OFF,#5,HOLDING,0.000A/OFF
6693,2026-06-03 11:31:42,18.2625,12.00,0.000,0.000,OFF,#5,HOLDING,0.000A/OFF
6694,2026-06-03 11:31:43,18.2625,12.00,0.000,0.000,OFF,#5,HOLDING,0.000A/OFF
6695,2026-06-03 11:31:44,18.1375,12.00,0.000,0.000,OFF,#5,HOLDING,0.000A/OFF
6696,2026-06-03 11:31:45,18.1375,12.00,0.000,0.000,A,#5,HOLDING,0.103A/A
6697,2026-06-03 11:31:47,18.0875,12.00,0.000,0.572,A,#5,HOLDING,0.106A/A
6698,2026-06-03 11:31:48,18.0125,12.00,0.000,0.572,A,#5,HOLDING,0.126A/A
6699,2026-06-03 11:31:50,18.0000,12.00,0.000,0.572,A,#5,HOLDING,0.132A/A
6700,2026-06-03 11:31:52,17.9750,1.82,0.000,0.572,A,#5,HOLDING,0.141A/A
6701,2026-06-03 11:31:53,17.9625,1.82,0.141,0.265,A,#5,HOLDING,0.154A/A
6702,2026-06-03 11:31:56,17.9375,1.82,0.141,0.265,A,#5,HOLDING,0.160A/A
6703,2026-06-03 11:31:57,17.9375,1.82,0.141,0.265,A,#5,HOLDING,0.167A/A
6704,2026-06-03 11:31:59,17.9375,2.05,0.141,0.265,A,#5,HOLDING,0.173A/A
6705,2026-06-03 11:32:01,17.9625,2.05,0.173,0.366,A,#5,HOLDING,0.183A/A
6706,2026-06-03 11:32:04,17.9375,2.05,0.173,0.366,A,#5,HOLDING,0.188A/A
6707,2026-06-03 11:32:05,17.9625,2.05,0.173,0.366,A,#5,HOLDING,0.196A/A
6708,2026-06-03 11:32:07,17.9875,2.30,0.173,0.366,A,#5,HOLDING,0.203A/A
6709,2026-06-03 11:32:09,18.0125,2.30,0.203,0.485,A,#5,HOLDING,0.215A/A
6710,2026-06-03 11:32:11,18.0625,2.30,0.203,0.485,A,#5,HOLDING,0.228A/A
6711,2026-06-03 11:32:13,18.0625,2.30,0.203,0.485,A,#5,HOLDING,0.234A/A
6712,2026-06-03 11:32:15,18.0875,2.56,0.203,0.485,A,#5,HOLDING,0.245A/A
6713,2026-06-03 11:32:17,18.1250,2.56,0.245,0.671,A,#5,HOLDING,0.257A/A
6714,2026-06-03 11:32:19,18.1750,2.56,0.245,0.671,A,#5,HOLDING,0.278A/A
6715,2026-06-03 11:32:20,18.2000,2.56,0.245,0.671,A,#5,HOLDING,0.292A/A
6716,2026-06-03 11:32:22,18.2500,3.10,0.245,0.671,A,#5,HOLDING,0.309A/A
6717,2026-06-03 11:32:24,18.2500,3.10,0.298,1.019,A,#5,HOLDING,0.322A/A
6718,2026-06-03 11:32:27,18.2750,3.10,0.298,1.019,A,#5,HOLDING,0.344A/A
6719,2026-06-03 11:32:28,18.3125,3.10,0.298,1.019,A,#5,HOLDING,0.360A/A
6720,2026-06-03 11:32:30,18.3375,3.66,0.298,1.019,A,#5,HOLDING,0.382A/A
6721,2026-06-03 11:32:32,18.3750,3.66,0.382,1.512,A,#5,HOLDING,0.405A/A
6722,2026-06-03 11:32:34,18.4000,3.66,0.382,1.512,A,#5,HOLDING,0.432A/A
6723,2026-06-03 11:32:36,18.3875,3.66,0.382,1.512,OFF,--,DONE,0.447A/A
6724,2026-06-03 11:32:38,18.4375,3.66,0.382,1.512,OFF,--,DONE,--
6725,2026-06-03 11:32:39,18.4375,1.62,0.382,1.512,OFF,--,DONE,--
6726,2026-06-03 11:32:40,18.4375,1.62,0.000,1.512,OFF,--,DONE,--
6727,2026-06-03 11:32:41,18.4375,1.62,0.000,0.000,OFF,--,DONE,--
6728,2026-06-03 11:32:42,18.4875,1.62,0.000,0.000,OFF,--,DONE,--
6729,2026-06-03 11:32:43,18.4875,0.16,0.000,0.000,OFF,--,DONE,--
6730,2026-06-03 11:32:44,18.5000,0.16,0.000,0.000,OFF,--,DONE,--
6731,2026-06-03 11:32:45,18.5000,0.16,0.000,0.000,OFF,--,DONE,--
6732,2026-06-03 11:32:46,18.5000,0.00,0.000,0.000,OFF,--,DONE,--
6733,2026-06-03 11:32:47,18.5000,0.00,0.000,0.000,OFF,--,DONE,--
6734,2026-06-03 11:32:48,18.5375,0.00,0.000,0.000,OFF,--,DONE,--
6735,2026-06-03 11:32:49,18.5625,0.00,0.000,0.000,OFF,--,DONE,--
6736,2026-06-03 11:32:50,18.5625,0.00,0.000,0.000,OFF,--,DONE,--
6737,2026-06-03 11:32:51,18.5750,0.00,0.000,0.000,OFF,--,DONE,--
6738,2026-06-03 11:32:52,18.5750,0.00,0.000,0.000,OFF,--,DONE,--
6739,2026-06-03 11:32:53,18.6250,0.00,0.000,0.000,OFF,--,DONE,--
6740,2026-06-03 11:32:54,18.6250,0.00,0.000,0.000,OFF,--,DONE,--
6741,2026-06-03 11:32:55,18.6625,0.00,0.000,0.000,OFF,--,DONE,--
6742,2026-06-03 11:32:56,18.6625,0.00,0.000,0.000,OFF,--,DONE,--
6743,2026-06-03 11:32:57,18.6875,0.00,0.000,0.000,OFF,--,DONE,--
6744,2026-06-03 11:32:58,18.6875,0.00,0.000,0.000,OFF,--,DONE,--
6745,2026-06-03 11:32:59,18.7625,0.00,0.000,0.000,OFF,--,DONE,--
6746,2026-06-03 11:33:00,18.7625,0.00,0.000,0.000,OFF,--,DONE,--
6747,2026-06-03 11:33:01,18.8125,0.00,0.000,0.000,OFF,--,DONE,--
6748,2026-06-03 11:33:02,18.8125,0.00,0.000,0.000,OFF,--,DONE,--
6749,2026-06-03 11:33:03,18.8250,0.00,0.000,0.000,OFF,--,DONE,--
6750,2026-06-03 11:33:04,18.8250,0.00,0.000,0.000,OFF,--,DONE,--
6751,2026-06-03 11:33:05,18.8750,0.00,0.000,0.000,OFF,--,DONE,--
6752,2026-06-03 11:33:06,18.8750,0.00,0.000,0.000,OFF,--,DONE,--
6753,2026-06-03 11:33:07,18.9500,0.00,0.000,0.000,OFF,--,DONE,--
6754,2026-06-03 11:33:08,19.0000,0.00,0.000,0.000,OFF,--,DONE,--
6755,2026-06-03 11:33:09,19.0000,0.00,0.000,0.000,OFF,--,DONE,--
6756,2026-06-03 11:33:10,19.0375,0.00,0.000,0.000,OFF,--,DONE,--
6757,2026-06-03 11:33:11,19.0375,0.00,0.000,0.000,OFF,--,DONE,--
6758,2026-06-03 11:33:12,19.1125,0.00,0.000,0.000,OFF,--,DONE,--
6759,2026-06-03 11:33:13,19.1125,0.00,0.000,0.000,OFF,--,DONE,--
6760,2026-06-03 11:33:14,19.1625,0.00,0.000,0.000,OFF,--,DONE,--
6761,2026-06-03 11:33:15,19.1625,0.00,0.000,0.000,OFF,--,DONE,--
6762,2026-06-03 11:33:16,19.2125,0.00,0.000,0.000,OFF,--,DONE,--
6763,2026-06-03 11:33:17,19.2125,0.00,0.000,0.000,OFF,--,DONE,--
6764,2026-06-03 11:33:18,19.2500,0.00,0.000,0.000,OFF,--,DONE,--
6765,2026-06-03 11:33:19,19.2500,0.00,0.000,0.000,OFF,--,DONE,--
6766,2026-06-03 11:33:20,19.3000,0.00,0.000,0.000,OFF,--,DONE,--
6767,2026-06-03 11:33:21,19.3000,0.00,0.000,0.000,OFF,--,DONE,--
6768,2026-06-03 11:33:23,19.3500,0.00,0.000,0.000,OFF,--,DONE,--
6769,2026-06-03 11:33:24,19.3500,0.00,0.000,0.000,OFF,--,DONE,--
6770,2026-06-03 11:33:25,19.4000,0.00,0.000,0.000,OFF,--,DONE,--
6771,2026-06-03 11:33:26,19.4000,0.00,0.000,0.000,OFF,--,DONE,--
6772,2026-06-03 11:33:27,19.4500,0.00,0.000,0.000,OFF,--,DONE,--
6773,2026-06-03 11:33:28,19.5000,0.00,0.000,0.000,OFF,--,DONE,--
6774,2026-06-03 11:33:29,19.5000,0.00,0.000,0.000,OFF,--,DONE,--
6775,2026-06-03 11:33:30,19.5125,0.00,0.000,0.000,OFF,--,DONE,--
6776,2026-06-03 11:33:31,19.5125,0.00,0.000,0.000,OFF,--,DONE,--
6777,2026-06-03 11:33:32,19.5875,0.00,0.000,0.000,OFF,--,DONE,--
6778,2026-06-03 11:33:33,19.5875,0.00,0.000,0.000,OFF,--,DONE,--
6779,2026-06-03 11:33:34,19.6250,0.00,0.000,0.000,OFF,--,DONE,--
6780,2026-06-03 11:33:35,19.6250,0.00,0.000,0.000,OFF,--,DONE,--
6781,2026-06-03 11:33:36,19.6500,0.00,0.000,0.000,OFF,--,DONE,--
6782,2026-06-03 11:33:37,19.6500,0.00,0.000,0.000,OFF,--,DONE,--
6783,2026-06-03 11:33:38,19.7000,0.00,0.000,0.000,OFF,--,DONE,--
6784,2026-06-03 11:33:39,19.7000,0.00,0.000,0.000,OFF,--,DONE,--
6785,2026-06-03 11:33:40,19.7750,0.00,0.000,0.000,OFF,--,DONE,--
6786,2026-06-03 11:33:41,19.7750,0.00,0.000,0.000,OFF,--,DONE,--
6787,2026-06-03 11:33:42,19.8125,0.00,0.000,0.000,OFF,--,DONE,--
6788,2026-06-03 11:33:43,19.8375,0.00,0.000,0.000,OFF,--,DONE,--
6789,2026-06-03 11:33:44,19.8375,0.00,0.000,0.000,OFF,--,DONE,--
6790,2026-06-03 11:33:45,19.8875,0.00,0.000,0.000,OFF,--,DONE,--
6791,2026-06-03 11:33:46,19.8875,0.00,0.000,0.000,OFF,--,DONE,--
6792,2026-06-03 11:33:47,19.9375,0.00,0.000,0.000,OFF,--,DONE,--
6793,2026-06-03 11:33:48,19.9375,0.00,0.000,0.000,OFF,--,DONE,--
6794,2026-06-03 11:33:49,19.9750,0.00,0.000,0.000,OFF,--,DONE,--
6795,2026-06-03 11:33:50,19.9750,0.00,0.000,0.000,OFF,--,DONE,--
6796,2026-06-03 11:33:51,20.0250,0.00,0.000,0.000,OFF,--,DONE,--
6797,2026-06-03 11:33:52,20.0250,0.00,0.000,0.000,OFF,--,DONE,--
6798,2026-06-03 11:33:53,20.0375,0.00,0.000,0.000,OFF,--,DONE,--
6799,2026-06-03 11:33:54,20.0375,0.00,0.000,0.000,OFF,--,DONE,--
6800,2026-06-03 11:33:55,20.1125,0.00,0.000,0.000,OFF,--,DONE,--
6801,2026-06-03 11:33:56,20.1125,0.00,0.000,0.000,OFF,--,DONE,--
6802,2026-06-03 11:33:57,20.1250,0.00,0.000,0.000,OFF,--,DONE,--
6803,2026-06-03 11:33:58,20.1750,0.00,0.000,0.000,OFF,--,DONE,--
6804,2026-06-03 11:33:59,20.1750,0.00,0.000,0.000,OFF,--,DONE,--
6805,2026-06-03 11:34:00,20.2000,0.00,0.000,0.000,OFF,--,DONE,--
6806,2026-06-03 11:34:01,20.2000,0.00,0.000,0.000,OFF,--,DONE,--
6807,2026-06-03 11:34:02,20.2500,0.00,0.000,0.000,OFF,--,DONE,--
6808,2026-06-03 11:34:03,20.2500,0.00,0.000,0.000,OFF,--,DONE,--
6809,2026-06-03 11:34:05,20.2625,0.00,0.000,0.000,OFF,--,DONE,--
6810,2026-06-03 11:34:06,20.2625,0.00,0.000,0.000,OFF,--,DONE,--
6811,2026-06-03 11:34:07,20.3125,0.00,0.000,0.000,OFF,--,DONE,--
6812,2026-06-03 11:34:08,20.3125,0.00,0.000,0.000,OFF,--,DONE,--
6813,2026-06-03 11:34:09,20.3250,0.00,0.000,0.000,OFF,--,DONE,--
6814,2026-06-03 11:34:10,20.3250,0.00,0.000,0.000,OFF,--,DONE,--
6815,2026-06-03 11:34:11,20.3750,0.00,0.000,0.000,OFF,--,DONE,--
6816,2026-06-03 11:34:12,20.3750,0.00,0.000,0.000,OFF,--,DONE,--
6817,2026-06-03 11:34:13,20.4125,0.00,0.000,0.000,OFF,--,DONE,--
6818,2026-06-03 11:34:14,20.4375,0.00,0.000,0.000,OFF,--,DONE,--
6819,2026-06-03 11:34:15,20.4375,0.00,0.000,0.000,OFF,--,DONE,--
6820,2026-06-03 11:34:16,20.4500,0.00,0.000,0.000,OFF,--,DONE,--
6821,2026-06-03 11:34:17,20.4500,0.00,0.000,0.000,OFF,--,DONE,--
6822,2026-06-03 11:34:18,20.5000,0.00,0.000,0.000,OFF,--,DONE,--
6823,2026-06-03 11:34:19,20.5000,0.00,0.000,0.000,OFF,--,DONE,--
6824,2026-06-03 11:34:20,20.5125,0.00,0.000,0.000,OFF,--,DONE,--
6825,2026-06-03 11:34:21,20.5125,0.00,0.000,0.000,OFF,--,DONE,--
6826,2026-06-03 11:34:22,20.5625,0.00,0.000,0.000,OFF,--,DONE,--
6827,2026-06-03 11:34:23,20.5625,0.00,0.000,0.000,OFF,--,DONE,--
6828,2026-06-03 11:34:24,20.5750,0.00,0.000,0.000,OFF,--,DONE,--
6829,2026-06-03 11:34:25,20.5750,0.00,0.000,0.000,OFF,--,DONE,--
6830,2026-06-03 11:34:26,20.6000,0.00,0.000,0.000,OFF,--,DONE,--
6831,2026-06-03 11:34:27,20.6000,0.00,0.000,0.000,OFF,--,DONE,--
6832,2026-06-03 11:34:28,20.6375,0.00,0.000,0.000,OFF,--,DONE,--
6833,2026-06-03 11:34:29,20.6375,0.00,0.000,0.000,OFF,--,DONE,--
6834,2026-06-03 11:34:30,20.6625,0.00,0.000,0.000,OFF,--,DONE,--
6835,2026-06-03 11:34:31,20.6875,0.00,0.000,0.000,OFF,--,DONE,--
6836,2026-06-03 11:34:32,20.6875,0.00,0.000,0.000,OFF,--,DONE,--
6837,2026-06-03 11:34:33,20.6875,0.00,0.000,0.000,OFF,--,DONE,--
6838,2026-06-03 11:34:34,20.6875,0.00,0.000,0.000,OFF,--,DONE,--
6839,2026-06-03 11:34:35,20.7000,0.00,0.000,0.000,OFF,--,DONE,--
6840,2026-06-03 11:34:36,20.7000,0.00,0.000,0.000,OFF,--,DONE,--
6841,2026-06-03 11:34:37,20.7500,0.00,0.000,0.000,OFF,--,DONE,--
6842,2026-06-03 11:34:38,20.7500,0.00,0.000,0.000,OFF,--,DONE,--
6843,2026-06-03 11:34:39,20.7500,0.00,0.000,0.000,OFF,--,DONE,--
6844,2026-06-03 11:34:40,20.7500,0.00,0.000,0.000,A,#1,HOLDING,0.326A/A
6845,2026-06-03 11:34:43,20.8125,0.00,0.000,0.000,A,#1,HOLDING,0.269A/A
6846,2026-06-03 11:34:45,20.8375,0.00,0.000,0.000,A,#1,HOLDING,0.403A/A
6847,2026-06-03 11:34:47,20.8250,0.00,0.000,0.000,A,#1,HOLDING,0.504A/A
6848,2026-06-03 11:34:49,20.8750,7.50,0.504,0.000,A,#1,HOLDING,0.722A/A
6849,2026-06-03 11:34:50,20.8750,7.50,0.504,4.707,A,#1,HOLDING,1.006A/A
6850,2026-06-03 11:34:52,20.8750,7.50,0.504,4.707,A,#1,HOLDING,1.042A/A
6851,2026-06-03 11:34:54,20.8500,7.50,0.504,4.707,A,#1,HOLDING,1.047A/A
6852,2026-06-03 11:34:55,20.8625,8.81,0.504,4.707,A,#1,HOLDING,1.097A/A
6853,2026-06-03 11:34:57,20.8125,8.81,1.070,10.278,A,#1,HOLDING,1.263A/A
6854,2026-06-03 11:35:00,20.7500,8.81,1.070,10.278,A,#1,HOLDING,0.997A/A
6855,2026-06-03 11:35:01,20.7000,8.81,1.070,10.278,A,#1,HOLDING,0.841A/A
6856,2026-06-03 11:35:03,20.6500,7.54,1.070,10.278,A,#1,HOLDING,0.949A/A
6857,2026-06-03 11:35:05,20.5750,7.54,0.901,8.075,A,#1,HOLDING,0.928A/A
6858,2026-06-03 11:35:07,20.4875,7.54,0.901,8.075,A,#1,HOLDING,0.704A/A
6859,2026-06-03 11:35:09,20.3875,7.54,0.901,8.075,A,#1,HOLDING,0.600A/A
6860,2026-06-03 11:35:11,20.3250,5.85,0.901,8.075,A,#1,HOLDING,0.650A/A
6861,2026-06-03 11:35:13,20.2250,5.85,0.628,4.140,A,#1,HOLDING,0.617A/A
6862,2026-06-03 11:35:15,20.1250,5.85,0.628,4.140,A,#1,HOLDING,0.607A/A
6863,2026-06-03 11:35:17,20.0500,5.85,0.628,4.140,A,#1,HOLDING,0.596A/A
6864,2026-06-03 11:35:19,19.9875,5.89,0.628,4.140,A,#1,HOLDING,0.609A/A
6865,2026-06-03 11:35:20,19.8625,5.89,0.609,3.727,A,#1,HOLDING,0.591A/A
6866,2026-06-03 11:35:23,19.8000,5.89,0.609,3.727,A,#1,HOLDING,0.586A/A
6867,2026-06-03 11:35:24,19.7000,5.89,0.609,3.727,A,#1,HOLDING,0.565A/A
6868,2026-06-03 11:35:26,19.6125,5.53,0.609,3.727,A,#1,HOLDING,0.550A/A
6869,2026-06-03 11:35:28,19.5375,5.53,0.550,3.091,A,#1,HOLDING,0.520A/A
6870,2026-06-03 11:35:30,19.4875,5.53,0.550,3.091,A,#1,HOLDING,0.517A/A
6871,2026-06-03 11:35:32,19.3875,5.53,0.550,3.091,A,#1,HOLDING,0.476A/A
6872,2026-06-03 11:35:34,19.3250,4.86,0.550,3.091,A,#1,HOLDING,0.486A/A
6873,2026-06-03 11:35:36,19.2500,4.86,0.486,2.478,A,#1,HOLDING,0.477A/A
6874,2026-06-03 11:35:38,19.1875,4.86,0.486,2.478,A,#1,HOLDING,0.463A/A
6875,2026-06-03 11:35:40,19.1375,4.86,0.486,2.478,A,#1,HOLDING,0.438A/A
6876,2026-06-03 11:35:42,19.0625,4.50,0.486,2.478,A,#1,HOLDING,0.409A/A
6877,2026-06-03 11:35:43,19.0125,4.50,0.409,1.799,A,#1,HOLDING,0.374A/A
6878,2026-06-03 11:35:46,18.9625,4.50,0.409,1.799,A,#1,HOLDING,0.347A/A
6879,2026-06-03 11:35:47,18.8875,4.50,0.409,1.799,A,#1,HOLDING,0.315A/A
6880,2026-06-03 11:35:49,18.8375,3.51,0.409,1.799,A,#1,HOLDING,0.282A/A
6881,2026-06-03 11:35:51,18.8125,3.51,0.282,0.939,A,#1,HOLDING,0.247A/A
6882,2026-06-03 11:35:53,18.7750,3.51,0.282,0.939,A,#1,HOLDING,0.157A/A
6883,2026-06-03 11:35:55,18.7250,3.51,0.282,0.939,A,#1,HOLDING,0.121A/A
6884,2026-06-03 11:35:57,18.6875,3.51,0.282,0.939,OFF,#1,HOLDING,0.000A/OFF
6885,2026-06-03 11:35:58,18.6625,1.97,0.282,0.939,OFF,#1,HOLDING,0.000A/OFF
6886,2026-06-03 11:35:59,18.6625,1.97,0.121,0.939,OFF,#1,HOLDING,0.000A/OFF
6887,2026-06-03 11:36:00,18.6250,1.97,0.121,0.726,OFF,#1,HOLDING,0.000A/OFF
6888,2026-06-03 11:36:01,18.6250,1.97,0.121,0.726,OFF,#1,HOLDING,0.000A/OFF
6889,2026-06-03 11:36:02,18.6250,1.97,0.121,0.726,OFF,#1,HOLDING,0.000A/OFF
6890,2026-06-03 11:36:03,18.6250,1.97,0.121,0.726,OFF,#1,HOLDING,0.000A/OFF
6891,2026-06-03 11:36:04,18.6000,12.00,0.121,0.726,OFF,#1,HOLDING,0.000A/OFF
6892,2026-06-03 11:36:05,18.6000,12.00,0.000,0.000,B,#1,HOLDING,0.112A/B
6893,2026-06-03 11:36:07,18.6250,12.00,0.000,0.000,B,#1,HOLDING,0.164A/B
6894,2026-06-03 11:36:09,18.5875,12.00,0.000,0.000,B,#1,HOLDING,0.208A/B
6895,2026-06-03 11:36:11,18.6125,1.45,0.000,0.000,B,#1,HOLDING,0.244A/B
6896,2026-06-03 11:36:13,18.6375,1.45,0.224,0.448,B,#1,HOLDING,0.283A/B
6897,2026-06-03 11:36:15,18.6875,1.45,0.224,0.448,B,#1,HOLDING,0.323A/B
6898,2026-06-03 11:36:17,18.6875,1.45,0.224,0.448,B,#1,HOLDING,0.361A/B
6899,2026-06-03 11:36:18,18.7375,2.87,0.224,0.448,B,#1,HOLDING,0.396A/B
6900,2026-06-03 11:36:20,18.7875,2.87,0.376,1.290,B,#1,HOLDING,0.430A/B
6901,2026-06-03 11:36:23,18.8125,2.87,0.376,1.290,B,#1,HOLDING,0.424A/B
6902,2026-06-03 11:36:24,18.8750,2.87,0.376,1.290,B,#1,HOLDING,0.451A/B
6903,2026-06-03 11:36:26,18.9250,3.77,0.376,1.290,B,#1,HOLDING,0.484A/B
6904,2026-06-03 11:36:28,19.0125,3.77,0.465,2.013,B,#2,APPROACH,0.506A/B
6905,2026-06-03 11:36:30,19.0875,3.77,0.465,2.013,B,#2,APPROACH,0.170A/B
6906,2026-06-03 11:36:33,19.2375,3.77,0.465,2.013,B,#2,APPROACH,0.169A/B
6907,2026-06-03 11:36:35,19.3125,3.77,0.465,2.013,B,#2,APPROACH,0.209A/B
6908,2026-06-03 11:36:37,19.4125,4.77,0.209,2.013,B,#2,APPROACH,0.253A/B
6909,2026-06-03 11:36:39,19.4875,4.77,0.209,0.660,B,#2,APPROACH,0.316A/B
6910,2026-06-03 11:36:40,19.4875,4.77,0.209,0.660,B,#2,APPROACH,0.385A/B
6911,2026-06-03 11:36:42,19.5875,4.77,0.209,0.660,B,#2,APPROACH,0.447A/B
6912,2026-06-03 11:36:44,19.7000,4.05,0.209,0.660,B,#2,APPROACH,0.527A/B
6913,2026-06-03 11:36:46,19.8500,4.05,0.494,2.524,B,#2,APPROACH,0.587A/B
6914,2026-06-03 11:36:48,19.9500,4.05,0.494,2.524,B,#2,APPROACH,0.687A/B
6915,2026-06-03 11:36:49,20.0750,4.05,0.494,2.524,B,#2,APPROACH,0.742A/B
6916,2026-06-03 11:36:51,20.1625,6.39,0.494,2.524,B,#2,APPROACH,0.817A/B
6917,2026-06-03 11:36:53,20.2625,6.39,0.801,5.817,B,#2,APPROACH,0.878A/B
6918,2026-06-03 11:36:56,20.3875,6.39,0.801,5.817,B,#2,APPROACH,0.958A/B
6919,2026-06-03 11:36:57,20.5125,6.39,0.801,5.817,B,#2,APPROACH,0.997A/B
6920,2026-06-03 11:36:59,20.6750,8.36,0.801,5.817,B,#2,APPROACH,1.036A/B
6921,2026-06-03 11:37:01,20.8000,8.36,1.036,9.168,B,#2,APPROACH,1.075A/B
6922,2026-06-03 11:37:03,20.9250,8.36,1.036,9.168,B,#2,APPROACH,1.000A/B
6923,2026-06-03 11:37:05,21.0750,8.36,1.036,9.168,B,#2,APPROACH,1.121A/B
6924,2026-06-03 11:37:07,21.2250,9.39,1.036,9.168,B,#2,HOLDING,1.101A/B
6925,2026-06-03 11:37:09,21.3750,9.39,1.101,9.168,OFF,#2,HOLDING,0.000A/OFF
6926,2026-06-03 11:37:10,21.5500,9.39,1.101,10.459,OFF,#2,HOLDING,0.000A/OFF
6927,2026-06-03 11:37:11,21.5500,9.39,1.101,10.459,OFF,#2,HOLDING,0.000A/OFF
6928,2026-06-03 11:37:12,21.7250,9.39,1.101,10.459,OFF,#2,HOLDING,0.000A/OFF
6929,2026-06-03 11:37:13,21.7250,9.39,1.101,10.459,OFF,#2,HOLDING,0.000A/OFF
6930,2026-06-03 11:37:14,21.8625,9.39,1.101,10.459,OFF,#2,HOLDING,0.000A/OFF
6931,2026-06-03 11:37:15,21.8625,12.00,1.101,10.459,OFF,#2,HOLDING,0.000A/OFF
6932,2026-06-03 11:37:16,22.0625,12.00,0.000,10.459,OFF,#2,HOLDING,0.000A/OFF
6933,2026-06-03 11:37:17,22.0625,12.00,0.000,0.000,OFF,#2,HOLDING,0.000A/OFF
6934,2026-06-03 11:37:18,22.2375,12.00,0.000,0.000,OFF,#2,HOLDING,0.000A/OFF
6935,2026-06-03 11:37:19,22.2375,12.00,0.000,0.000,OFF,#2,HOLDING,0.000A/OFF
6936,2026-06-03 11:37:20,22.3875,12.00,0.000,0.000,OFF,#2,HOLDING,0.000A/OFF
6937,2026-06-03 11:37:21,22.3875,12.00,0.000,0.000,OFF,#2,HOLDING,0.000A/OFF
6938,2026-06-03 11:37:22,22.5250,12.00,0.000,0.000,OFF,#2,HOLDING,0.000A/OFF
6939,2026-06-03 11:37:23,22.6750,12.00,0.000,0.000,OFF,#2,HOLDING,0.000A/OFF
6940,2026-06-03 11:37:24,22.6750,12.00,0.000,0.000,OFF,#2,HOLDING,0.000A/OFF
6941,2026-06-03 11:37:25,22.7875,12.00,0.000,0.000,OFF,#2,HOLDING,0.000A/OFF
6942,2026-06-03 11:37:26,22.7875,12.00,0.000,0.000,OFF,#2,HOLDING,0.000A/OFF
6943,2026-06-03 11:37:27,22.9125,12.00,0.000,0.000,OFF,#2,HOLDING,0.000A/OFF
6944,2026-06-03 11:37:28,22.9125,12.00,0.000,0.000,OFF,#2,HOLDING,0.000A/OFF
6945,2026-06-03 11:37:29,23.0125,12.00,0.000,0.000,OFF,#2,HOLDING,0.000A/OFF
6946,2026-06-03 11:37:30,23.0125,12.00,0.000,0.000,OFF,#2,HOLDING,0.000A/OFF
6947,2026-06-03 11:37:31,23.1125,12.00,0.000,0.000,A,#2,HOLDING,0.178A/A
6948,2026-06-03 11:37:32,23.1125,12.00,0.000,0.000,A,#2,HOLDING,0.192A/A
6949,2026-06-03 11:37:34,23.2000,1.50,0.000,0.000,A,#2,HOLDING,0.241A/A
6950,2026-06-03 11:37:36,23.2750,1.50,0.241,0.482,A,#2,HOLDING,0.278A/A
6951,2026-06-03 11:37:38,23.4250,1.50,0.241,0.482,A,#2,HOLDING,0.360A/A
6952,2026-06-03 11:37:40,23.4250,1.50,0.241,0.482,A,#2,HOLDING,0.392A/A
6953,2026-06-03 11:37:42,23.4625,3.29,0.241,0.482,A,#2,HOLDING,0.441A/A
6954,2026-06-03 11:37:43,23.4875,3.29,0.414,1.680,A,#2,HOLDING,0.484A/A
6955,2026-06-03 11:37:46,23.5375,3.29,0.414,1.680,A,#2,HOLDING,0.558A/A
6956,2026-06-03 11:37:47,23.5375,3.29,0.414,1.680,A,#2,HOLDING,0.601A/A
6957,2026-06-03 11:37:49,23.5625,5.12,0.414,1.680,A,#2,HOLDING,0.656A/A
6958,2026-06-03 11:37:51,23.5375,5.12,0.627,3.732,A,#2,HOLDING,0.701A/A
6959,2026-06-03 11:37:53,23.5000,5.12,0.627,3.732,A,#2,HOLDING,0.763A/A
6960,2026-06-03 11:37:55,23.5000,5.12,0.627,3.732,A,#2,HOLDING,0.805A/A
6961,2026-06-03 11:37:57,23.4375,6.87,0.627,3.732,A,#2,HOLDING,0.848A/A
6962,2026-06-03 11:37:59,23.3875,6.87,0.827,6.181,A,#2,HOLDING,0.891A/A
6963,2026-06-03 11:38:01,23.3250,6.87,0.827,6.181,A,#2,HOLDING,0.941A/A
6964,2026-06-03 11:38:03,23.3250,6.87,0.827,6.181,A,#2,HOLDING,0.987A/A
6965,2026-06-03 11:38:05,23.2375,8.32,0.827,6.181,A,#2,HOLDING,1.021A/A
6966,2026-06-03 11:38:06,23.1625,8.32,1.004,8.863,A,#2,HOLDING,1.055A/A
6967,2026-06-03 11:38:09,22.9875,8.32,1.004,8.863,A,#2,HOLDING,1.000A/A
6968,2026-06-03 11:38:10,22.9875,8.32,1.004,8.863,A,#2,HOLDING,1.039A/A
6969,2026-06-03 11:38:12,22.8625,8.84,1.004,8.863,A,#2,HOLDING,1.000A/A
6970,2026-06-03 11:38:14,22.7375,8.84,1.017,8.710,A,#2,HOLDING,1.064A/A
6971,2026-06-03 11:38:16,22.5125,8.84,1.017,8.710,A,#2,HOLDING,1.068A/A
6972,2026-06-03 11:38:18,22.5125,8.84,1.017,8.710,A,#2,HOLDING,1.093A/A
6973,2026-06-03 11:38:20,22.4000,9.30,1.017,8.710,A,#2,HOLDING,1.000A/A
6974,2026-06-03 11:38:22,22.3000,9.30,1.037,8.770,A,#2,HOLDING,1.112A/A
6975,2026-06-03 11:38:24,22.1500,9.30,1.037,8.770,A,#2,HOLDING,1.104A/A
6976,2026-06-03 11:38:26,22.0250,9.30,1.037,8.770,A,#2,HOLDING,1.099A/A
6977,2026-06-03 11:38:28,21.8875,9.43,1.037,8.770,A,#2,HOLDING,1.087A/A
6978,2026-06-03 11:38:29,21.7375,9.43,1.087,10.283,A,#2,HOLDING,1.000A/A
6979,2026-06-03 11:38:32,21.6375,9.43,1.087,10.283,A,#2,HOLDING,1.076A/A
6980,2026-06-03 11:38:33,21.4375,9.43,1.087,10.283,A,#2,HOLDING,1.000A/A
6981,2026-06-03 11:38:35,21.3250,8.83,1.087,10.283,A,#2,HOLDING,1.049A/A
6982,2026-06-03 11:38:37,21.1750,8.83,1.033,9.766,A,#2,HOLDING,1.007A/A
6983,2026-06-03 11:38:40,21.0125,8.83,1.033,9.766,A,#2,HOLDING,0.911A/A
6984,2026-06-03 11:38:41,20.8625,8.83,1.033,9.766,A,#2,HOLDING,0.858A/A
6985,2026-06-03 11:38:43,20.7375,7.88,1.033,9.766,A,#2,HOLDING,0.803A/A
6986,2026-06-03 11:38:45,20.6125,7.88,0.821,6.038,A,#2,HOLDING,0.741A/A
6987,2026-06-03 11:38:47,20.4500,7.88,0.821,6.038,A,#2,HOLDING,0.658A/A
6988,2026-06-03 11:38:49,20.3000,7.88,0.821,6.038,A,#2,HOLDING,0.588A/A
6989,2026-06-03 11:38:51,20.2000,5.77,0.821,6.038,A,#2,HOLDING,0.514A/A
6990,2026-06-03 11:38:53,20.0500,5.77,0.548,2.688,A,#2,HOLDING,0.428A/A
6991,2026-06-03 11:38:55,19.9500,5.77,0.548,2.688,A,#2,HOLDING,0.330A/A
6992,2026-06-03 11:38:57,19.8250,5.77,0.548,2.688,A,#2,HOLDING,0.246A/A
6993,2026-06-03 11:38:58,19.7125,3.05,0.548,2.688,A,#2,HOLDING,0.157A/A
6994,2026-06-03 11:39:00,19.6125,3.05,0.188,2.688,OFF,#2,HOLDING,0.000A/OFF
6995,2026-06-03 11:39:01,19.5125,3.05,0.188,0.353,OFF,#2,HOLDING,0.000A/OFF
6996,2026-06-03 11:39:02,19.5125,3.05,0.188,0.353,OFF,#2,HOLDING,0.000A/OFF
6997,2026-06-03 11:39:03,19.4125,3.05,0.188,0.353,B,#2,HOLDING,0.112A/B
6998,2026-06-03 11:39:05,19.3625,3.05,0.188,0.353,B,#2,HOLDING,0.209A/B
6999,2026-06-03 11:39:07,19.2875,5.24,0.209,0.353,B,#2,HOLDING,0.314A/B
7000,2026-06-03 11:39:09,19.2500,5.24,0.209,0.697,B,#2,HOLDING,0.406A/B
7001,2026-06-03 11:39:10,19.2500,5.24,0.209,0.697,B,#2,HOLDING,0.491A/B
7002,2026-06-03 11:39:12,19.2000,5.24,0.209,0.697,B,#2,HOLDING,0.583A/B
7003,2026-06-03 11:39:14,19.1875,4.43,0.209,0.697,B,#2,HOLDING,0.691A/B
7004,2026-06-03 11:39:16,19.1875,4.43,0.634,3.807,B,#2,HOLDING,0.798A/B
7005,2026-06-03 11:39:18,19.1875,4.43,0.634,3.807,B,#2,HOLDING,0.930A/B
7006,2026-06-03 11:39:20,19.1875,4.43,0.634,3.807,B,#2,HOLDING,1.022A/B
7007,2026-06-03 11:39:21,19.2375,8.06,0.634,3.807,B,#2,HOLDING,1.121A/B
7008,2026-06-03 11:39:23,19.3125,8.06,1.068,10.044,B,#2,HOLDING,1.000A/B
7009,2026-06-03 11:39:26,19.3500,8.06,1.068,10.044,B,#2,HOLDING,1.207A/B
7010,2026-06-03 11:39:27,19.4250,8.06,1.068,10.044,B,#2,HOLDING,1.285A/B
7011,2026-06-03 11:39:29,19.5375,10.12,1.068,10.044,B,#2,HOLDING,1.370A/B
7012,2026-06-03 11:39:31,19.6625,10.12,1.324,14.919,B,#2,HOLDING,1.444A/B
7013,2026-06-03 11:39:33,19.8000,10.12,1.324,14.919,B,#2,HOLDING,1.544A/B
7014,2026-06-03 11:39:35,19.9500,10.12,1.324,14.919,B,#2,HOLDING,1.598A/B
7015,2026-06-03 11:39:37,20.1125,12.00,1.324,14.919,B,#2,HOLDING,1.000A/B
7016,2026-06-03 11:39:39,20.2875,12.00,1.257,8.660,B,#2,HOLDING,1.646A/B
7017,2026-06-03 11:39:41,20.4875,12.00,1.257,8.660,B,#2,HOLDING,1.500A/B
7018,2026-06-03 11:39:43,20.6875,12.00,1.257,8.660,B,#2,HOLDING,1.699A/B
7019,2026-06-03 11:39:44,20.8750,12.00,1.257,8.660,B,#2,HOLDING,1.500A/B
7020,2026-06-03 11:39:46,21.1000,12.00,1.474,17.460,B,#2,HOLDING,1.000A/B
7021,2026-06-03 11:39:49,21.3375,12.00,1.474,17.460,B,#2,HOLDING,1.674A/B
7022,2026-06-03 11:39:50,21.5625,12.00,1.474,17.460,B,#2,HOLDING,1.685A/B
7023,2026-06-03 11:39:52,21.8000,12.00,1.474,17.460,B,#3,APPROACH,1.696A/B
7024,2026-06-03 11:39:54,22.0500,12.00,1.439,17.460,OFF,#3,APPROACH,0.000A/OFF
7025,2026-06-03 11:39:55,22.3125,12.00,1.439,17.460,OFF,#3,HOLDING,0.000A/OFF
7026,2026-06-03 11:39:56,22.3125,12.00,1.439,0.000,OFF,#3,HOLDING,0.000A/OFF
7027,2026-06-03 11:39:57,22.5625,12.00,1.439,0.000,OFF,#3,HOLDING,0.000A/OFF
7028,2026-06-03 11:39:58,22.5625,12.00,1.439,0.000,OFF,#3,HOLDING,0.000A/OFF
7029,2026-06-03 11:39:59,22.8125,12.00,1.439,0.000,OFF,#3,HOLDING,0.000A/OFF
7030,2026-06-03 11:40:00,22.8125,12.00,1.439,0.000,OFF,#3,HOLDING,0.000A/OFF
7031,2026-06-03 11:40:01,23.0625,12.00,1.439,0.000,OFF,#3,HOLDING,0.000A/OFF
7032,2026-06-03 11:40:02,23.0625,12.00,0.000,0.000,OFF,#3,HOLDING,0.000A/OFF
7033,2026-06-03 11:40:03,23.3000,12.00,0.000,0.000,OFF,#3,HOLDING,0.000A/OFF
7034,2026-06-03 11:40:04,23.3000,12.00,0.000,0.000,OFF,#3,HOLDING,0.000A/OFF
7035,2026-06-03 11:40:05,23.5000,12.00,0.000,0.000,OFF,#3,HOLDING,0.000A/OFF
7036,2026-06-03 11:40:06,23.5000,12.00,0.000,0.000,OFF,#3,HOLDING,0.000A/OFF
7037,2026-06-03 11:40:07,23.6750,12.00,0.000,0.000,OFF,#3,HOLDING,0.000A/OFF
7038,2026-06-03 11:40:08,23.6750,12.00,0.000,0.000,OFF,#3,HOLDING,0.000A/OFF
7039,2026-06-03 11:40:09,23.8750,12.00,0.000,0.000,OFF,#3,HOLDING,0.000A/OFF
7040,2026-06-03 11:40:10,23.8750,12.00,0.000,0.000,OFF,#3,HOLDING,0.000A/OFF
7041,2026-06-03 11:40:11,24.0500,12.00,0.000,0.000,A,#3,HOLDING,0.107A/A
7042,2026-06-03 11:40:13,24.2000,12.00,0.000,0.000,A,#3,HOLDING,0.171A/A
7043,2026-06-03 11:40:14,24.3000,1.08,0.000,0.000,A,#3,HOLDING,0.223A/A
7044,2026-06-03 11:40:16,24.4250,1.08,0.195,0.356,A,#3,HOLDING,0.255A/A
7045,2026-06-03 11:40:19,24.5125,1.08,0.195,0.356,A,#3,HOLDING,0.311A/A
7046,2026-06-03 11:40:20,24.6125,1.08,0.195,0.356,A,#3,HOLDING,0.361A/A
7047,2026-06-03 11:40:22,24.6625,2.82,0.195,0.356,A,#3,HOLDING,0.410A/A
7048,2026-06-03 11:40:24,24.7375,2.82,0.384,1.369,A,#3,HOLDING,0.472A/A
7049,2026-06-03 11:40:26,24.8125,2.82,0.384,1.369,A,#3,HOLDING,0.547A/A
7050,2026-06-03 11:40:28,24.8375,2.82,0.384,1.369,A,#3,HOLDING,0.598A/A
7051,2026-06-03 11:40:30,24.8750,4.90,0.384,1.369,A,#3,HOLDING,0.658A/A
7052,2026-06-03 11:40:32,24.8750,4.90,0.631,3.632,A,#3,HOLDING,0.714A/A
7053,2026-06-03 11:40:34,24.8500,4.90,0.631,3.632,A,#3,HOLDING,0.786A/A
7054,2026-06-03 11:40:36,24.8250,4.90,0.631,3.632,A,#3,HOLDING,0.830A/A
7055,2026-06-03 11:40:37,24.8125,6.89,0.631,3.632,A,#3,HOLDING,0.888A/A
7056,2026-06-03 11:40:39,24.7875,6.89,0.869,6.633,A,#3,HOLDING,0.945A/A
7057,2026-06-03 11:40:42,24.7500,6.89,0.869,6.633,A,#3,HOLDING,1.017A/A
7058,2026-06-03 11:40:43,24.7000,6.89,0.869,6.633,A,#3,HOLDING,1.000A/A
7059,2026-06-03 11:40:45,24.6125,8.32,0.869,6.633,A,#3,HOLDING,1.048A/A
7060,2026-06-03 11:40:47,24.5125,8.32,1.026,9.232,A,#3,HOLDING,1.085A/A
7061,2026-06-03 11:40:49,24.4500,8.32,1.026,9.232,A,#3,HOLDING,1.000A/A
7062,2026-06-03 11:40:51,24.3250,8.32,1.026,9.232,A,#3,HOLDING,1.130A/A
7063,2026-06-03 11:40:53,24.2375,9.40,1.026,9.232,A,#3,HOLDING,1.166A/A
7064,2026-06-03 11:40:55,24.1125,9.40,1.151,11.426,A,#3,HOLDING,1.000A/A
7065,2026-06-03 11:40:57,24.0125,9.40,1.151,11.426,A,#3,HOLDING,1.147A/A
7066,2026-06-03 11:40:59,23.8625,9.40,1.151,11.426,A,#3,HOLDING,1.000A/A
7067,2026-06-03 11:41:00,23.7375,8.62,1.151,11.426,A,#3,HOLDING,1.161A/A
7068,2026-06-03 11:41:02,23.5875,8.62,1.120,11.505,A,#3,HOLDING,1.169A/A
7069,2026-06-03 11:41:05,23.4500,8.62,1.120,11.505,A,#3,HOLDING,1.000A/A
7070,2026-06-03 11:41:06,23.3000,8.62,1.120,11.505,A,#3,HOLDING,1.183A/A
7071,2026-06-03 11:41:08,23.1375,10.00,1.120,11.505,A,#3,HOLDING,1.180A/A
7072,2026-06-03 11:41:10,22.9625,10.00,1.180,11.953,A,#3,HOLDING,1.000A/A
7073,2026-06-03 11:41:12,22.8375,10.00,1.180,11.953,A,#3,HOLDING,1.170A/A
7074,2026-06-03 11:41:14,22.6625,10.00,1.180,11.953,A,#3,HOLDING,1.148A/A
7075,2026-06-03 11:41:16,22.4875,9.84,1.180,11.953,A,#3,HOLDING,1.121A/A
7076,2026-06-03 11:41:18,22.3375,9.84,1.121,10.985,A,#3,HOLDING,1.083A/A
7077,2026-06-03 11:41:20,22.1625,9.84,1.121,10.985,A,#3,HOLDING,0.988A/A
7078,2026-06-03 11:41:22,21.9875,9.84,1.121,10.985,A,#3,HOLDING,0.936A/A
7079,2026-06-03 11:41:24,21.8250,8.42,1.121,10.985,A,#3,HOLDING,0.876A/A
7080,2026-06-03 11:41:25,21.6750,8.42,0.902,7.078,A,#3,HOLDING,0.810A/A
7081,2026-06-03 11:41:28,21.5125,8.42,0.902,7.078,A,#3,HOLDING,0.729A/A
7082,2026-06-03 11:41:29,21.3625,8.42,0.902,7.078,A,#3,HOLDING,0.661A/A
7083,2026-06-03 11:41:31,21.2000,6.39,0.902,7.078,A,#3,HOLDING,0.577A/A
7084,2026-06-03 11:41:33,21.0500,6.39,0.616,3.335,A,#3,HOLDING,0.487A/A
7085,2026-06-03 11:41:35,20.9000,6.39,0.616,3.335,A,#3,HOLDING,0.376A/A
7086,2026-06-03 11:41:37,20.7500,6.39,0.616,3.335,A,#3,HOLDING,0.288A/A
7087,2026-06-03 11:41:39,20.6375,3.40,0.616,3.335,A,#3,HOLDING,0.191A/A
7088,2026-06-03 11:41:41,20.5125,3.40,0.236,3.335,OFF,#3,HOLDING,0.000A/OFF
7089,2026-06-03 11:41:42,20.5125,3.40,0.236,0.515,OFF,#3,HOLDING,0.000A/OFF
7090,2026-06-03 11:41:43,20.4000,3.40,0.236,0.515,OFF,#3,HOLDING,0.000A/OFF
7091,2026-06-03 11:41:44,20.4000,3.40,0.236,0.515,OFF,#3,HOLDING,0.000A/OFF
7092,2026-06-03 11:41:45,20.3250,3.40,0.236,0.515,B,#3,HOLDING,0.143A/B
7093,2026-06-03 11:41:47,20.1875,4.46,0.143,0.515,B,#3,HOLDING,0.243A/B
7094,2026-06-03 11:41:49,20.1375,4.46,0.143,0.410,B,#3,HOLDING,0.360A/B
7095,2026-06-03 11:41:50,20.1375,4.46,0.143,0.410,B,#3,HOLDING,0.453A/B
7096,2026-06-03 11:41:52,20.1125,4.46,0.143,0.410,B,#3,HOLDING,0.550A/B
7097,2026-06-03 11:41:54,20.0625,4.26,0.143,0.410,B,#3,HOLDING,0.670A/B
7098,2026-06-03 11:41:56,20.0375,4.26,0.608,3.644,B,#3,HOLDING,0.790A/B
7099,2026-06-03 11:41:58,20.0375,4.26,0.608,3.644,B,#3,HOLDING,0.939A/B
7100,2026-06-03 11:42:00,20.0625,4.26,0.608,3.644,B,#3,HOLDING,1.034A/B
7101,2026-06-03 11:42:01,20.0625,8.19,0.608,3.644,B,#3,HOLDING,1.000A/B
7102,2026-06-03 11:42:03,20.1000,8.19,1.014,8.160,B,#3,HOLDING,1.148A/B
7103,2026-06-03 11:42:06,20.1750,8.19,1.014,8.160,B,#3,HOLDING,1.285A/B
7104,2026-06-03 11:42:07,20.2250,8.19,1.014,8.160,B,#3,HOLDING,1.364A/B
7105,2026-06-03 11:42:09,20.3000,10.67,1.014,8.160,B,#3,HOLDING,1.464A/B
7106,2026-06-03 11:42:11,20.4125,10.67,1.427,16.909,B,#3,HOLDING,1.500A/B
7107,2026-06-03 11:42:13,20.5125,10.67,1.427,16.909,B,#3,HOLDING,1.549A/B
7108,2026-06-03 11:42:15,20.6625,10.67,1.427,16.909,B,#3,HOLDING,1.613A/B
7109,2026-06-03 11:42:17,20.8125,12.00,1.427,16.909,B,#3,HOLDING,1.000A/B
7110,2026-06-03 11:42:19,20.9500,12.00,1.168,8.690,B,#3,HOLDING,1.000A/B
7111,2026-06-03 11:42:21,21.1500,12.00,1.168,8.690,B,#3,HOLDING,1.669A/B
7112,2026-06-03 11:42:23,21.3625,12.00,1.168,8.690,B,#3,HOLDING,1.708A/B
7113,2026-06-03 11:42:24,21.5625,12.00,1.168,8.690,B,#3,HOLDING,1.500A/B
7114,2026-06-03 11:42:26,21.7500,12.00,1.471,17.448,B,#3,HOLDING,1.500A/B
7115,2026-06-03 11:42:29,21.9750,12.00,1.471,17.448,B,#3,HOLDING,1.738A/B
7116,2026-06-03 11:42:30,22.1875,12.00,1.471,17.448,B,#3,HOLDING,1.500A/B
7117,2026-06-03 11:42:32,22.4375,12.00,1.471,17.448,B,#3,HOLDING,1.700A/B
7118,2026-06-03 11:42:34,22.6500,12.00,1.431,16.992,B,#3,HOLDING,1.718A/B
7119,2026-06-03 11:42:36,22.9000,12.00,1.431,16.992,B,#3,HOLDING,1.739A/B
7120,2026-06-03 11:42:38,23.1250,12.00,1.431,16.992,B,#3,HOLDING,1.500A/B
7121,2026-06-03 11:42:40,23.4000,12.00,1.431,16.992,B,#3,HOLDING,1.735A/B
7122,2026-06-03 11:42:42,23.6500,12.00,1.400,16.620,B,#3,HOLDING,1.500A/B
7123,2026-06-03 11:42:44,23.9250,12.00,1.400,16.620,B,#3,HOLDING,1.714A/B
7124,2026-06-03 11:42:46,24.1875,12.00,1.400,16.620,B,#3,HOLDING,1.678A/B
7125,2026-06-03 11:42:48,24.4625,12.00,1.400,16.620,B,#3,HOLDING,1.564A/B
7126,2026-06-03 11:42:49,24.7500,12.00,1.376,16.344,B,#3,HOLDING,1.483A/B
7127,2026-06-03 11:42:52,25.0250,12.00,1.376,16.344,B,#3,HOLDING,1.000A/B
7128,2026-06-03 11:42:53,25.2750,12.00,1.376,16.344,B,#3,HOLDING,1.374A/B
7129,2026-06-03 11:42:55,25.5500,12.00,1.376,16.344,B,#3,HOLDING,1.273A/B
7130,2026-06-03 11:42:57,25.8125,12.00,1.314,14.626,B,#3,HOLDING,1.156A/B
7131,2026-06-03 11:42:59,26.0875,12.00,1.314,14.626,B,#3,HOLDING,1.012A/B
7132,2026-06-03 11:43:01,26.3750,12.00,1.314,14.626,B,#3,HOLDING,0.952A/B
7133,2026-06-03 11:43:03,26.6500,9.21,1.314,14.626,B,#3,HOLDING,0.809A/B
7134,2026-06-03 11:43:05,26.9000,9.21,0.866,6.658,B,#3,HOLDING,0.658A/B
7135,2026-06-03 11:43:07,27.2000,9.21,0.866,6.658,B,#3,HOLDING,0.456A/B
7136,2026-06-03 11:43:09,27.4625,9.21,0.866,6.658,B,#3,HOLDING,0.304A/B
7137,2026-06-03 11:43:11,27.6875,4.16,0.866,6.658,B,#3,HOLDING,0.124A/B
7138,2026-06-03 11:43:12,27.9375,4.16,0.207,6.658,OFF,#3,HOLDING,0.000A/OFF
7139,2026-06-03 11:43:13,28.1875,4.16,0.207,0.317,OFF,#3,HOLDING,0.184A/A
7140,2026-06-03 11:43:15,28.4000,4.16,0.207,0.317,A,#3,HOLDING,0.358A/A
7141,2026-06-03 11:43:17,28.4000,4.16,0.207,0.317,A,#3,HOLDING,0.513A/A
7142,2026-06-03 11:43:18,28.6250,3.27,0.207,0.317,A,#3,HOLDING,0.718A/A
7143,2026-06-03 11:43:20,28.8000,3.27,0.612,3.755,A,#3,HOLDING,0.932A/A
7144,2026-06-03 11:43:23,29.1000,3.27,0.612,3.755,A,#3,HOLDING,1.000A/A
7145,2026-06-03 11:43:24,29.1000,3.27,0.612,3.755,A,#3,HOLDING,1.227A/A
7146,2026-06-03 11:43:26,29.2000,9.09,0.612,3.755,A,#3,HOLDING,1.000A/A
7147,2026-06-03 11:43:28,29.2875,9.09,1.112,7.740,A,#3,HOLDING,1.451A/A
7148,2026-06-03 11:43:30,29.4000,9.09,1.112,7.740,A,#3,HOLDING,1.500A/A
7149,2026-06-03 11:43:32,29.4000,9.09,1.112,7.740,A,#3,HOLDING,1.500A/A
7150,2026-06-03 11:43:34,29.4000,11.25,1.112,7.740,A,#3,HOLDING,1.000A/A
7151,2026-06-03 11:43:36,29.3750,11.25,1.251,8.160,A,#3,HOLDING,1.743A/A
7152,2026-06-03 11:43:38,29.2750,11.25,1.251,8.160,A,#3,HOLDING,1.000A/A
7153,2026-06-03 11:43:40,29.2750,11.25,1.251,8.160,A,#3,HOLDING,2.000A/A
7154,2026-06-03 11:43:42,29.1750,12.00,1.251,8.160,A,#3,HOLDING,1.500A/A
7155,2026-06-03 11:43:43,29.0750,12.00,1.527,17.685,A,#3,HOLDING,1.500A/A
7156,2026-06-03 11:43:46,28.8250,12.00,1.527,17.685,A,#3,HOLDING,1.990A/A
7157,2026-06-03 11:43:47,28.8250,12.00,1.527,17.685,A,#3,HOLDING,2.176A/A
7158,2026-06-03 11:43:49,28.6250,12.00,1.527,17.685,A,#3,HOLDING,2.360A/A
7159,2026-06-03 11:43:51,28.4500,12.00,1.507,17.892,A,#3,HOLDING,1.000A/A
7160,2026-06-03 11:43:53,28.0750,12.00,1.507,17.892,A,#3,HOLDING,2.515A/A
7161,2026-06-03 11:43:55,28.0750,12.00,1.507,17.892,A,#3,HOLDING,1.000A/A
7162,2026-06-03 11:43:57,27.8750,8.60,1.507,17.892,A,#3,HOLDING,1.000A/A
7163,2026-06-03 11:43:59,27.6375,8.60,1.000,8.860,A,#3,HOLDING,1.500A/A
7164,2026-06-03 11:44:01,27.2250,8.60,1.000,8.860,A,#3,HOLDING,2.000A/A
7165,2026-06-03 11:44:03,27.2250,8.60,1.000,8.860,A,#3,HOLDING,1.500A/A
7166,2026-06-03 11:44:05,27.0000,12.00,1.000,8.860,A,#3,HOLDING,1.000A/A
7167,2026-06-03 11:44:06,26.8250,12.00,1.085,8.910,A,#3,HOLDING,1.000A/A
7168,2026-06-03 11:44:09,26.3875,12.00,1.085,8.910,A,#3,HOLDING,2.500A/A
7169,2026-06-03 11:44:10,26.3875,12.00,1.085,8.910,A,#3,HOLDING,2.000A/A
7170,2026-06-03 11:44:12,26.1625,12.00,1.085,8.910,A,#3,HOLDING,2.500A/A
7171,2026-06-03 11:44:14,25.9500,12.00,1.461,17.376,A,#3,HOLDING,1.000A/A
7172,2026-06-03 11:44:16,25.5125,12.00,1.461,17.376,A,#3,HOLDING,1.000A/A
7173,2026-06-03 11:44:18,25.5125,12.00,1.461,17.376,A,#3,HOLDING,1.000A/A
7174,2026-06-03 11:44:20,25.3125,8.84,1.461,17.376,A,#3,HOLDING,1.500A/A
7175,2026-06-03 11:44:22,25.0750,8.84,1.421,17.292,A,#3,HOLDING,1.500A/A
7176,2026-06-03 11:44:24,24.6375,8.84,1.421,17.292,A,#3,HOLDING,2.445A/A
7177,2026-06-03 11:44:26,24.6375,8.84,1.421,17.292,A,#3,HOLDING,1.500A/A
7178,2026-06-03 11:44:28,24.4125,12.00,1.421,17.292,A,#3,HOLDING,1.000A/A
7179,2026-06-03 11:44:29,24.2000,12.00,1.063,9.070,A,#3,HOLDING,1.500A/A
7180,2026-06-03 11:44:32,23.7625,12.00,1.063,9.070,A,#4,APPROACH,1.000A/A
7181,2026-06-03 11:44:33,23.7625,12.00,1.063,9.070,OFF,#4,HOLDING,0.000A/OFF
7182,2026-06-03 11:44:34,23.5125,12.00,1.063,9.070,OFF,#4,HOLDING,0.000A/OFF
7183,2026-06-03 11:44:35,23.5125,12.00,1.063,9.070,OFF,#4,HOLDING,0.000A/OFF
7184,2026-06-03 11:44:36,23.3375,12.00,0.000,9.070,B,#4,HOLDING,0.194A/B
7185,2026-06-03 11:44:39,23.0875,12.00,0.000,0.432,B,#4,HOLDING,0.247A/B
7186,2026-06-03 11:44:40,22.9500,12.00,0.000,0.432,B,#4,HOLDING,0.320A/B
7187,2026-06-03 11:44:42,22.7750,12.00,0.000,0.432,B,#4,HOLDING,0.373A/B
7188,2026-06-03 11:44:44,22.6375,2.46,0.000,0.432,B,#4,HOLDING,0.443A/B
7189,2026-06-03 11:44:46,22.5125,2.46,0.443,1.457,B,#4,HOLDING,0.520A/B
7190,2026-06-03 11:44:48,22.4000,2.46,0.443,1.457,B,#4,HOLDING,0.614A/B
7191,2026-06-03 11:44:50,22.3000,2.46,0.443,1.457,B,#4,HOLDING,0.687A/B
7192,2026-06-03 11:44:52,22.2375,5.25,0.443,1.457,B,#4,HOLDING,0.768A/B
7193,2026-06-03 11:44:53,22.1875,5.25,0.768,4.761,B,#4,HOLDING,0.852A/B
7194,2026-06-03 11:44:56,22.1500,5.25,0.768,4.761,B,#4,HOLDING,0.955A/B
7195,2026-06-03 11:44:57,22.1250,5.25,0.768,4.761,B,#4,HOLDING,1.029A/B
7196,2026-06-03 11:44:59,22.1250,8.18,0.768,4.761,B,#4,HOLDING,1.112A/B
7197,2026-06-03 11:45:01,22.1500,8.18,1.112,9.974,B,#4,HOLDING,1.000A/B
7198,2026-06-03 11:45:03,22.1875,8.18,1.112,9.974,B,#4,HOLDING,1.182A/B
7199,2026-06-03 11:45:05,22.2375,8.18,1.112,9.974,B,#4,HOLDING,1.247A/B
7200,2026-06-03 11:45:07,22.3250,9.97,1.112,9.974,B,#4,HOLDING,1.316A/B
7201,2026-06-03 11:45:09,22.4250,9.97,1.279,14.028,B,#4,HOLDING,1.380A/B
7202,2026-06-03 11:45:11,22.5375,9.97,1.279,14.028,B,#4,HOLDING,1.465A/B
7203,2026-06-03 11:45:13,22.6375,9.97,1.279,14.028,B,#4,HOLDING,1.000A/B
7204,2026-06-03 11:45:15,22.7875,8.66,1.279,14.028,B,#4,HOLDING,1.000A/B
7205,2026-06-03 11:45:16,22.9375,8.66,1.000,8.790,B,#4,HOLDING,1.000A/B
7206,2026-06-03 11:45:19,23.0500,8.66,1.000,8.790,B,#4,HOLDING,1.489A/B
7207,2026-06-03 11:45:20,23.2500,8.66,1.000,8.790,B,#4,HOLDING,1.511A/B
7208,2026-06-03 11:45:22,23.4000,12.00,1.000,8.790,B,#4,HOLDING,1.545A/B
7209,2026-06-03 11:45:24,23.5750,12.00,1.463,17.340,B,#4,HOLDING,1.517A/B
7210,2026-06-03 11:45:26,23.7375,12.00,1.463,17.340,B,#4,HOLDING,1.564A/B
7211,2026-06-03 11:45:28,23.9375,12.00,1.463,17.340,B,#4,HOLDING,1.000A/B
7212,2026-06-03 11:45:30,24.1500,9.04,1.463,17.340,B,#4,HOLDING,1.500A/B
7213,2026-06-03 11:45:32,24.3750,9.04,1.423,16.920,B,#4,HOLDING,1.000A/B
7214,2026-06-03 11:45:34,24.5500,9.04,1.423,16.920,B,#4,HOLDING,1.573A/B
7215,2026-06-03 11:45:36,24.7500,9.04,1.423,16.920,B,#4,HOLDING,1.562A/B
7216,2026-06-03 11:45:38,24.9875,12.00,1.423,16.920,B,#4,HOLDING,1.000A/B
7217,2026-06-03 11:45:39,25.2375,12.00,1.020,9.280,B,#4,HOLDING,1.530A/B
7218,2026-06-03 11:45:42,25.4375,12.00,1.020,9.280,B,#4,HOLDING,1.491A/B
7219,2026-06-03 11:45:44,25.6625,12.00,1.020,9.280,B,#4,HOLDING,1.000A/B
7220,2026-06-03 11:45:45,25.8750,9.22,1.020,9.280,B,#4,HOLDING,1.384A/B
7221,2026-06-03 11:45:47,26.1000,9.22,1.335,16.428,B,#4,HOLDING,1.306A/B
7222,2026-06-03 11:45:50,26.3125,9.22,1.335,16.428,B,#4,HOLDING,1.217A/B
7223,2026-06-03 11:45:51,26.5375,9.22,1.335,16.428,B,#4,HOLDING,1.135A/B
7224,2026-06-03 11:45:53,26.7500,10.27,1.335,16.428,B,#4,HOLDING,1.041A/B
7225,2026-06-03 11:45:55,27.0000,10.27,1.053,10.212,B,#4,HOLDING,0.926A/B
7226,2026-06-03 11:45:57,27.2375,10.27,1.053,10.212,B,#4,HOLDING,0.791A/B
7227,2026-06-03 11:45:59,27.4375,10.27,1.053,10.212,B,#4,HOLDING,0.683A/B
7228,2026-06-03 11:46:01,27.6875,7.12,1.053,10.212,B,#4,HOLDING,0.603A/B
7229,2026-06-03 11:46:03,27.9125,7.12,0.616,3.949,B,#4,HOLDING,0.465A/B
7230,2026-06-03 11:46:05,28.1250,7.12,0.616,3.949,B,#4,HOLDING,0.283A/B
7231,2026-06-03 11:46:07,28.3250,7.12,0.616,3.949,B,#4,HOLDING,0.151A/B
7232,2026-06-03 11:46:08,28.5500,7.12,0.616,3.949,OFF,#4,HOLDING,0.000A/OFF
7233,2026-06-03 11:46:09,28.5500,2.85,0.616,3.949,OFF,#4,HOLDING,0.000A/OFF
7234,2026-06-03 11:46:10,28.7500,2.85,0.151,0.440,A,#4,HOLDING,0.189A/A
7235,2026-06-03 11:46:12,28.8875,2.85,0.151,0.440,A,#4,HOLDING,0.361A/A
7236,2026-06-03 11:46:14,29.0125,2.85,0.151,0.440,A,#4,HOLDING,0.517A/A
7237,2026-06-03 11:46:16,29.1750,3.35,0.151,0.440,A,#4,HOLDING,0.693A/A
7238,2026-06-03 11:46:18,29.3000,3.35,0.693,3.520,A,#4,HOLDING,0.876A/A
7239,2026-06-03 11:46:20,29.4125,3.35,0.693,3.520,A,#4,HOLDING,1.000A/A
7240,2026-06-03 11:46:22,29.4875,3.35,0.693,3.520,A,#4,HOLDING,1.113A/A
7241,2026-06-03 11:46:24,29.5250,8.37,0.693,3.520,A,#4,HOLDING,1.297A/A
7242,2026-06-03 11:46:25,29.5250,8.37,1.297,12.814,A,#4,HOLDING,1.000A/A
7243,2026-06-03 11:46:28,29.5625,8.37,1.297,12.814,A,#4,HOLDING,1.000A/A
7244,2026-06-03 11:46:29,29.5375,8.37,1.297,12.814,A,#4,HOLDING,1.475A/A
7245,2026-06-03 11:46:31,29.4875,11.08,1.297,12.814,A,#4,HOLDING,1.657A/A
7246,2026-06-03 11:46:33,29.4125,11.08,1.581,18.744,A,#4,HOLDING,1.831A/A
7247,2026-06-03 11:46:35,29.3375,11.08,1.581,18.744,A,#4,HOLDING,1.500A/A
7248,2026-06-03 11:46:37,29.2125,11.08,1.581,18.744,A,#4,HOLDING,1.500A/A
7249,2026-06-03 11:46:39,29.0750,11.62,1.581,18.744,A,#4,HOLDING,1.500A/A
7250,2026-06-03 11:46:41,28.9250,11.62,1.500,17.895,A,#4,HOLDING,2.027A/A
7251,2026-06-03 11:46:43,28.7625,11.62,1.500,17.895,A,#4,HOLDING,2.222A/A
7252,2026-06-03 11:46:45,28.6125,11.62,1.500,17.895,A,#4,HOLDING,1.000A/A
7253,2026-06-03 11:46:47,28.4375,8.58,1.500,17.895,A,#4,HOLDING,2.336A/A
7254,2026-06-03 11:46:48,28.2125,8.58,1.495,17.760,A,#4,HOLDING,2.459A/A
7255,2026-06-03 11:46:51,28.0125,8.58,1.495,17.760,A,#4,HOLDING,2.616A/A
7256,2026-06-03 11:46:52,27.8125,8.58,1.495,17.760,A,#4,HOLDING,1.000A/A
7257,2026-06-03 11:46:54,27.5875,8.75,1.495,17.760,A,#4,HOLDING,1.500A/A
7258,2026-06-03 11:46:56,27.3375,8.75,1.474,17.508,A,#4,HOLDING,1.000A/A
7259,2026-06-03 11:46:59,27.1625,8.75,1.474,17.508,A,#4,HOLDING,2.633A/A
7260,2026-06-03 11:47:00,26.9375,8.75,1.474,17.508,A,#4,HOLDING,1.000A/A
7261,2026-06-03 11:47:02,26.6875,8.87,1.474,17.508,A,#4,HOLDING,1.000A/A
7262,2026-06-03 11:47:04,26.4375,8.87,1.000,9.040,A,#4,HOLDING,2.663A/A
7263,2026-06-03 11:47:06,26.2500,8.87,1.000,9.040,A,#4,HOLDING,1.000A/A
7264,2026-06-03 11:47:08,26.0000,8.87,1.000,9.040,A,#4,HOLDING,2.000A/A
7265,2026-06-03 11:47:10,25.7875,12.00,1.000,9.040,A,#4,HOLDING,2.000A/A
7266,2026-06-03 11:47:12,25.5625,12.00,1.449,17.244,A,#4,HOLDING,2.710A/A
7267,2026-06-03 11:47:14,25.3250,12.00,1.449,17.244,A,#4,HOLDING,2.708A/A
7268,2026-06-03 11:47:16,25.1250,12.00,1.449,17.244,A,#4,HOLDING,2.500A/A
7269,2026-06-03 11:47:17,24.8875,12.00,1.449,17.244,A,#4,HOLDING,1.000A/A
7270,2026-06-03 11:47:19,24.6375,12.00,1.068,9.040,A,#4,HOLDING,2.722A/A
7271,2026-06-03 11:47:22,24.4500,12.00,1.068,9.040,A,#4,HOLDING,1.000A/A
7272,2026-06-03 11:47:23,24.2000,12.00,1.068,9.040,A,#4,HOLDING,2.722A/A
7273,2026-06-03 11:47:25,23.9750,12.00,1.068,9.040,A,#4,HOLDING,2.000A/A
7274,2026-06-03 11:47:27,23.7500,12.00,1.439,17.148,A,#4,HOLDING,1.500A/A
7275,2026-06-03 11:47:29,23.5375,12.00,1.439,17.148,A,#4,HOLDING,2.500A/A
7276,2026-06-03 11:47:31,23.3125,12.00,1.439,17.148,A,#4,HOLDING,2.000A/A
7277,2026-06-03 11:47:33,23.1000,12.00,1.439,17.148,A,#4,HOLDING,1.500A/A
7278,2026-06-03 11:47:35,22.8750,12.00,1.429,17.028,A,#4,HOLDING,2.500A/A
7279,2026-06-03 11:47:37,22.6625,12.00,1.429,17.028,A,#4,HOLDING,2.500A/A
7280,2026-06-03 11:47:39,22.4625,12.00,1.429,17.028,A,#4,HOLDING,2.500A/A
7281,2026-06-03 11:47:40,22.2625,12.00,1.429,17.028,A,#4,HOLDING,1.500A/A
7282,2026-06-03 11:47:42,22.0625,12.00,1.416,16.872,A,#4,HOLDING,2.500A/A
7283,2026-06-03 11:47:45,21.8625,12.00,1.416,16.872,A,#4,HOLDING,2.500A/A
7284,2026-06-03 11:47:46,21.6625,12.00,1.416,16.872,A,#4,HOLDING,2.000A/A
7285,2026-06-03 11:47:48,21.4500,12.00,1.416,16.872,A,#4,HOLDING,1.500A/A
7286,2026-06-03 11:47:50,21.2500,12.00,1.406,16.704,A,#4,HOLDING,2.000A/A
7287,2026-06-03 11:47:52,21.0750,12.00,1.406,16.704,A,#4,HOLDING,1.000A/A
7288,2026-06-03 11:47:54,20.8750,12.00,1.406,16.704,A,#4,HOLDING,2.563A/A
7289,2026-06-03 11:47:56,20.7000,12.00,1.406,16.704,A,#4,HOLDING,2.000A/A
7290,2026-06-03 11:47:58,20.5000,12.00,1.390,16.584,A,#4,HOLDING,2.400A/A
7291,2026-06-03 11:48:00,20.3250,12.00,1.390,16.584,A,#4,HOLDING,1.500A/A
7292,2026-06-03 11:48:02,20.1750,12.00,1.390,16.584,A,#4,HOLDING,2.188A/A
7293,2026-06-03 11:48:04,20.0125,12.00,1.390,16.584,A,#4,HOLDING,1.000A/A
7294,2026-06-03 11:48:05,19.8375,12.00,1.163,9.350,A,#4,HOLDING,2.005A/A
7295,2026-06-03 11:48:08,19.6750,12.00,1.163,9.350,A,#4,HOLDING,1.769A/A
7296,2026-06-03 11:48:09,19.5000,12.00,1.163,9.350,A,#4,HOLDING,1.598A/A
7297,2026-06-03 11:48:11,19.3625,12.00,1.163,9.350,A,#4,HOLDING,1.402A/A
7298,2026-06-03 11:48:13,19.1875,12.00,1.395,16.620,A,#4,HOLDING,1.000A/A
7299,2026-06-03 11:48:16,19.0750,12.00,1.395,16.620,A,#4,HOLDING,1.194A/A
7300,2026-06-03 11:48:17,18.9250,12.00,1.395,16.620,A,#4,HOLDING,1.005A/A
7301,2026-06-03 11:48:19,18.7750,9.34,1.395,16.620,A,#4,HOLDING,0.784A/A
7302,2026-06-03 11:48:21,18.6500,9.34,0.844,6.248,A,#4,HOLDING,0.562A/A
7303,2026-06-03 11:48:23,18.5250,9.34,0.844,6.248,A,#4,HOLDING,0.274A/A
7304,2026-06-03 11:48:25,18.4250,9.34,0.844,6.248,OFF,#4,HOLDING,0.000A/OFF
7305,2026-06-03 11:48:26,18.4250,9.34,0.844,6.248,OFF,#4,HOLDING,0.000A/OFF
7306,2026-06-03 11:48:27,18.3000,12.00,1.415,6.248,B,#4,HOLDING,0.178A/B
7307,2026-06-03 11:48:29,18.1750,12.00,1.415,0.000,B,#4,HOLDING,0.427A/B
7308,2026-06-03 11:48:30,18.0750,12.00,1.415,0.000,B,#4,HOLDING,0.640A/B
7309,2026-06-03 11:48:32,18.0750,12.00,1.415,0.000,B,#4,HOLDING,0.836A/B
7310,2026-06-03 11:48:34,17.9750,5.74,1.415,0.000,B,#4,HOLDING,1.082A/B
7311,2026-06-03 11:48:36,17.9250,5.74,1.059,8.580,B,#4,HOLDING,1.324A/B
7312,2026-06-03 11:48:38,17.8250,5.74,1.059,8.580,B,#4,HOLDING,1.649A/B
7313,2026-06-03 11:48:40,17.8125,5.74,1.059,8.580,B,#4,HOLDING,1.000A/B
7314,2026-06-03 11:48:41,17.8375,7.65,1.059,8.580,B,#4,HOLDING,1.500A/B
7315,2026-06-03 11:48:43,17.8875,7.65,1.466,16.815,B,#4,HOLDING,1.500A/B
7316,2026-06-03 11:48:46,17.9625,7.65,1.466,16.815,B,#4,HOLDING,1.843A/B
7317,2026-06-03 11:48:47,18.0500,7.65,1.466,16.815,B,#4,HOLDING,2.042A/B
7318,2026-06-03 11:48:49,18.1750,12.00,1.466,16.815,B,#4,HOLDING,2.000A/B
7319,2026-06-03 11:48:51,18.3625,12.00,1.575,18.612,B,#4,HOLDING,1.500A/B
7320,2026-06-03 11:48:53,18.5125,12.00,1.575,18.612,B,#4,HOLDING,1.500A/B
7321,2026-06-03 11:48:55,18.6875,12.00,1.575,18.612,B,#4,HOLDING,1.500A/B
7322,2026-06-03 11:48:57,18.9125,11.77,1.575,18.612,B,#4,HOLDING,2.222A/B
7323,2026-06-03 11:48:59,19.1500,11.77,1.503,17.844,B,#4,HOLDING,2.404A/B
7324,2026-06-03 11:49:01,19.4000,11.77,1.503,17.844,B,#4,HOLDING,2.500A/B
7325,2026-06-03 11:49:03,19.6250,11.77,1.503,17.844,B,#4,HOLDING,1.000A/B
7326,2026-06-03 11:49:05,19.9000,8.80,1.503,17.844,B,#4,HOLDING,2.000A/B
7327,2026-06-03 11:49:06,20.2125,8.80,1.462,17.316,B,#4,HOLDING,1.500A/B
7328,2026-06-03 11:49:09,20.4875,8.80,1.462,17.316,B,#4,HOLDING,1.500A/B
7329,2026-06-03 11:49:10,20.7750,8.80,1.462,17.316,B,#4,HOLDING,2.562A/B
7330,2026-06-03 11:49:12,21.0750,12.00,1.462,17.316,B,#4,HOLDING,1.000A/B
7331,2026-06-03 11:49:14,21.3750,12.00,1.206,9.170,B,#4,HOLDING,2.000A/B
7332,2026-06-03 11:49:17,21.7000,12.00,1.206,9.170,B,#4,HOLDING,2.000A/B
7333,2026-06-03 11:49:18,21.9625,12.00,1.206,9.170,B,#4,HOLDING,1.500A/B
7334,2026-06-03 11:49:20,22.2625,12.00,1.206,9.170,B,#4,HOLDING,2.500A/B
7335,2026-06-03 11:49:22,22.5875,12.00,1.400,16.620,B,#4,HOLDING,1.500A/B
7336,2026-06-03 11:49:24,22.8875,12.00,1.400,16.620,B,#4,HOLDING,2.527A/B
7337,2026-06-03 11:49:26,23.1625,12.00,1.400,16.620,B,#4,HOLDING,2.556A/B
7338,2026-06-03 11:49:28,23.4625,12.00,1.400,16.620,B,#4,HOLDING,1.000A/B
7339,2026-06-03 11:49:30,23.7875,12.00,1.187,9.490,B,#4,HOLDING,2.000A/B
7340,2026-06-03 11:49:32,24.1125,12.00,1.187,9.490,B,#4,HOLDING,1.500A/B
7341,2026-06-03 11:49:34,24.4000,12.00,1.187,9.490,B,#4,HOLDING,2.532A/B
7342,2026-06-03 11:49:35,24.7000,12.00,1.187,9.490,B,#4,HOLDING,2.000A/B
7343,2026-06-03 11:49:37,24.9750,12.00,1.359,16.104,B,#4,HOLDING,2.000A/B
7344,2026-06-03 11:49:40,25.3250,12.00,1.359,16.104,B,#4,HOLDING,2.500A/B
7345,2026-06-03 11:49:41,25.5875,12.00,1.359,16.104,B,#4,HOLDING,2.469A/B
7346,2026-06-03 11:49:43,25.8875,12.00,1.359,16.104,B,#4,HOLDING,2.399A/B
7347,2026-06-03 11:49:45,26.1625,12.00,1.341,15.912,B,#4,HOLDING,2.322A/B
7348,2026-06-03 11:49:47,26.4625,12.00,1.341,15.912,B,#4,HOLDING,2.218A/B
7349,2026-06-03 11:49:49,26.7250,12.00,1.341,15.912,B,#4,HOLDING,2.000A/B
7350,2026-06-03 11:49:51,27.0250,12.00,1.341,15.912,B,#4,HOLDING,1.500A/B
7351,2026-06-03 11:49:53,27.3125,12.00,1.317,15.660,B,#4,HOLDING,2.090A/B
7352,2026-06-03 11:49:55,27.8750,12.00,1.317,15.660,B,#4,HOLDING,1.500A/B
7353,2026-06-03 11:49:57,27.8750,12.00,1.317,15.660,B,#4,HOLDING,1.000A/B
7354,2026-06-03 11:49:58,28.1500,9.74,1.317,15.660,B,#4,HOLDING,1.960A/B
7355,2026-06-03 11:50:00,28.4000,9.74,1.155,15.624,B,#4,HOLDING,1.809A/B
7356,2026-06-03 11:50:03,28.9125,9.74,1.155,15.624,B,#4,HOLDING,1.557A/B
7357,2026-06-03 11:50:04,28.9125,9.74,1.155,15.624,B,#4,HOLDING,1.426A/B
7358,2026-06-03 11:50:06,29.1875,12.00,1.155,15.624,B,#4,HOLDING,1.234A/B
7359,2026-06-03 11:50:08,29.4625,12.00,1.234,14.289,B,#4,HOLDING,1.040A/B
7360,2026-06-03 11:50:10,29.9625,12.00,1.234,14.289,B,#4,HOLDING,0.738A/B
7361,2026-06-03 11:50:12,29.9625,12.00,1.234,14.289,B,#4,HOLDING,0.572A/B
7362,2026-06-03 11:50:14,30.2125,6.51,1.234,14.289,B,#4,HOLDING,0.347A/B
7363,2026-06-03 11:50:16,30.4375,6.51,0.358,1.655,B,#4,HOLDING,0.122A/B
7364,2026-06-03 11:50:18,30.9250,6.51,0.358,1.655,A,#4,HOLDING,0.221A/A
7365,2026-06-03 11:50:20,30.9250,6.51,0.358,1.655,A,#4,HOLDING,0.420A/A
7366,2026-06-03 11:50:22,31.1000,2.32,0.358,1.655,A,#4,HOLDING,0.669A/A
7367,2026-06-03 11:50:23,31.3000,2.32,0.655,3.104,A,#4,HOLDING,0.924A/A
7368,2026-06-03 11:50:26,31.6625,2.32,0.655,3.104,A,#4,HOLDING,1.296A/A
7369,2026-06-03 11:50:27,31.6625,2.32,0.655,3.104,A,#4,HOLDING,1.521A/A
7370,2026-06-03 11:50:29,31.7375,10.84,0.655,3.104,A,#4,HOLDING,1.500A/A
7371,2026-06-03 11:50:31,31.8250,10.84,1.500,16.710,A,#4,HOLDING,1.000A/A
7372,2026-06-03 11:50:34,31.9375,10.84,1.500,16.710,A,#4,HOLDING,1.000A/A
7373,2026-06-03 11:50:35,31.9375,10.84,1.500,16.710,A,#4,HOLDING,1.797A/A
7374,2026-06-03 11:50:37,31.8875,12.00,1.500,16.710,A,#4,HOLDING,2.000A/A
7375,2026-06-03 11:50:39,31.8750,12.00,1.596,18.876,A,#4,HOLDING,1.000A/A
7376,2026-06-03 11:50:41,31.7750,12.00,1.596,18.876,A,#4,HOLDING,2.000A/A
7377,2026-06-03 11:50:43,31.7750,12.00,1.596,18.876,A,#4,HOLDING,2.049A/A
7378,2026-06-03 11:50:45,31.6750,12.00,1.596,18.876,A,#4,HOLDING,1.500A/A
7379,2026-06-03 11:50:47,31.5250,12.00,1.500,17.775,A,#4,HOLDING,2.000A/A
7380,2026-06-03 11:50:49,31.2000,12.00,1.500,17.775,A,#4,HOLDING,2.000A/A
7381,2026-06-03 11:50:50,31.2000,12.00,1.500,17.775,A,#4,HOLDING,2.270A/A
7382,2026-06-03 11:50:52,31.0500,12.00,1.500,17.775,A,#4,HOLDING,1.000A/A
7383,2026-06-03 11:50:54,30.8500,12.00,1.012,8.730,A,#4,HOLDING,1.500A/A
7384,2026-06-03 11:50:57,30.4500,12.00,1.012,8.730,A,#4,HOLDING,1.000A/A
7385,2026-06-03 11:50:58,30.2000,12.00,1.012,8.730,A,#4,HOLDING,2.000A/A
7386,2026-06-03 11:51:00,30.2000,12.00,1.012,8.730,A,#4,HOLDING,2.449A/A
7387,2026-06-03 11:51:02,29.9750,12.00,1.455,17.544,A,#4,HOLDING,2.000A/A
7388,2026-06-03 11:51:04,29.5250,12.00,1.455,17.544,A,#4,HOLDING,2.500A/A
7389,2026-06-03 11:51:06,29.5250,12.00,1.455,17.544,A,#4,HOLDING,2.500A/A
7390,2026-06-03 11:51:08,29.2500,12.00,1.455,17.544,A,#4,HOLDING,2.000A/A
7391,2026-06-03 11:51:10,29.0375,12.00,1.458,17.340,A,#4,HOLDING,2.500A/A
7392,2026-06-03 11:51:12,28.5125,12.00,1.458,17.340,A,#4,HOLDING,2.000A/A
7393,2026-06-03 11:51:14,28.2625,12.00,1.458,17.340,A,#4,HOLDING,2.544A/A
7394,2026-06-03 11:51:15,28.2625,12.00,1.458,17.340,A,#4,HOLDING,2.000A/A
7395,2026-06-03 11:51:17,27.9750,12.00,1.438,17.112,A,#4,HOLDING,2.682A/A
7396,2026-06-03 11:51:20,27.4375,12.00,1.438,17.112,A,#4,HOLDING,2.736A/A
7397,2026-06-03 11:51:21,27.1625,12.00,1.438,17.112,A,#4,HOLDING,1.500A/A
7398,2026-06-03 11:51:23,27.1625,12.00,1.438,17.112,A,#4,HOLDING,2.000A/A
7399,2026-06-03 11:51:25,26.9125,12.00,1.422,16.920,A,#4,HOLDING,2.500A/A
7400,2026-06-03 11:51:27,26.4125,12.00,1.422,16.920,A,#4,HOLDING,2.779A/A
7401,2026-06-03 11:51:29,26.4125,12.00,1.422,16.920,A,#4,HOLDING,2.500A/A
7402,2026-06-03 11:51:31,26.1375,12.00,1.422,16.920,A,#4,HOLDING,1.500A/A
7403,2026-06-03 11:51:33,25.8875,12.00,1.414,16.884,A,#4,HOLDING,1.000A/A
7404,2026-06-03 11:51:35,25.3500,12.00,1.414,16.884,A,#4,HOLDING,1.500A/A
7405,2026-06-03 11:51:37,25.3500,12.00,1.414,16.884,A,#4,HOLDING,2.000A/A
7406,2026-06-03 11:51:38,25.1250,12.00,1.414,16.884,A,#4,HOLDING,2.750A/A
7407,2026-06-03 11:51:40,24.8750,12.00,1.414,16.824,A,#4,HOLDING,2.500A/A
7408,2026-06-03 11:51:43,24.4000,12.00,1.414,16.824,A,#5,APPROACH,2.500A/A
7409,2026-06-03 11:51:44,24.1500,12.00,1.414,16.824,B,#5,APPROACH,0.301A/B
7410,2026-06-03 11:51:46,24.1500,12.00,1.414,16.824,B,#5,APPROACH,0.330A/B
7411,2026-06-03 11:51:48,23.9125,11.24,1.414,16.824,B,#5,APPROACH,0.417A/B
7412,2026-06-03 11:51:50,23.5000,11.24,1.069,1.288,B,#5,APPROACH,0.554A/B
7413,2026-06-03 11:51:53,23.3000,11.24,1.069,1.288,B,#5,APPROACH,0.715A/B
7414,2026-06-03 11:51:54,23.1750,11.24,1.069,1.288,B,#5,APPROACH,0.830A/B
7415,2026-06-03 11:51:56,23.1250,6.36,1.069,1.288,B,#5,APPROACH,0.970A/B
7416,2026-06-03 11:51:58,23.1250,6.36,0.898,7.459,B,#5,APPROACH,1.122A/B
7417,2026-06-03 11:52:00,23.0000,6.36,0.898,7.459,B,#5,APPROACH,1.360A/B
7418,2026-06-03 11:52:02,23.0000,6.36,0.898,7.459,B,#5,APPROACH,1.527A/B
7419,2026-06-03 11:52:04,23.0000,11.54,0.898,7.459,B,#5,APPROACH,1.734A/B
7420,2026-06-03 11:52:06,23.0000,11.54,1.557,18.600,B,#5,APPROACH,1.951A/B
7421,2026-06-03 11:52:08,23.1125,11.54,1.557,18.600,B,#5,APPROACH,2.242A/B
7422,2026-06-03 11:52:09,23.2000,11.54,1.557,18.600,B,#5,APPROACH,2.445A/B
7423,2026-06-03 11:52:11,23.3250,12.00,1.557,18.600,B,#5,APPROACH,1.000A/B
7424,2026-06-03 11:52:13,23.3250,12.00,1.254,8.670,B,#5,APPROACH,2.000A/B
7425,2026-06-03 11:52:16,23.5750,12.00,1.254,8.670,B,#5,APPROACH,2.500A/B
7426,2026-06-03 11:52:17,23.7375,12.00,1.254,8.670,B,#5,APPROACH,2.000A/B
7427,2026-06-03 11:52:19,23.9375,12.00,1.254,8.670,B,#5,APPROACH,2.000A/B
7428,2026-06-03 11:52:21,23.9375,12.00,1.462,17.280,B,#5,APPROACH,2.642A/B
7429,2026-06-03 11:52:23,24.2875,12.00,1.462,17.280,B,#5,APPROACH,2.500A/B
7430,2026-06-03 11:52:25,24.4875,12.00,1.462,17.280,B,#5,APPROACH,2.874A/B
7431,2026-06-03 11:52:27,24.6625,12.00,1.462,17.280,B,#5,APPROACH,1.000A/B
7432,2026-06-03 11:52:29,24.6625,12.00,1.212,9.190,B,#5,APPROACH,2.500A/B
7433,2026-06-03 11:52:31,25.0875,12.00,1.212,9.190,B,#5,APPROACH,2.000A/B
7434,2026-06-03 11:52:33,25.3125,12.00,1.212,9.190,B,#5,APPROACH,2.000A/B
7435,2026-06-03 11:52:34,25.5625,12.00,1.212,9.190,B,#5,APPROACH,2.000A/B
7436,2026-06-03 11:52:36,25.5625,12.00,1.404,16.632,B,#5,APPROACH,2.500A/B
7437,2026-06-03 11:52:39,26.0000,12.00,1.404,16.632,B,#5,APPROACH,1.500A/B
7438,2026-06-03 11:52:40,26.2375,12.00,1.404,16.632,B,#5,APPROACH,2.974A/B
7439,2026-06-03 11:52:42,26.4875,12.00,1.404,16.632,B,#5,APPROACH,1.500A/B
7440,2026-06-03 11:52:44,26.4875,12.00,1.374,16.308,B,#5,APPROACH,2.000A/B
7441,2026-06-03 11:52:46,27.0000,12.00,1.374,16.308,B,#5,APPROACH,2.500A/B
7442,2026-06-03 11:52:48,27.2375,12.00,1.374,16.308,B,#5,APPROACH,1.500A/B
7443,2026-06-03 11:52:50,27.5125,12.00,1.374,16.308,B,#5,APPROACH,1.000A/B
7444,2026-06-03 11:52:52,27.5125,12.00,1.175,9.620,B,#5,APPROACH,2.500A/B
7445,2026-06-03 11:52:54,27.9875,12.00,1.175,9.620,B,#5,APPROACH,2.000A/B
7446,2026-06-03 11:52:56,28.2500,12.00,1.175,9.620,B,#5,APPROACH,2.000A/B
7447,2026-06-03 11:52:58,28.5000,12.00,1.175,9.620,B,#5,APPROACH,2.500A/B
7448,2026-06-03 11:52:59,28.7375,12.00,1.336,15.840,B,#5,APPROACH,1.000A/B
7449,2026-06-03 11:53:02,28.9375,12.00,1.336,15.840,B,#5,HOLDING,2.000A/B
7450,2026-06-03 11:53:03,29.2125,12.00,1.336,15.840,OFF,#5,HOLDING,0.000A/OFF
7451,2026-06-03 11:53:04,29.2125,12.00,1.336,15.840,OFF,#5,HOLDING,0.000A/OFF
7452,2026-06-03 11:53:05,29.4375,12.00,1.336,15.840,OFF,#5,HOLDING,0.000A/OFF
7453,2026-06-03 11:53:06,29.4375,12.00,0.000,15.840,OFF,#5,HOLDING,0.000A/OFF
7454,2026-06-03 11:53:07,29.6750,12.00,0.000,0.000,OFF,#5,HOLDING,0.000A/OFF
7455,2026-06-03 11:53:08,29.6750,12.00,0.000,0.000,OFF,#5,HOLDING,0.000A/OFF
7456,2026-06-03 11:53:09,29.8750,12.00,0.000,0.000,OFF,#5,HOLDING,0.000A/OFF
7457,2026-06-03 11:53:10,29.8750,12.00,0.000,0.000,OFF,#5,HOLDING,0.000A/OFF
7458,2026-06-03 11:53:11,30.1125,12.00,0.000,0.000,OFF,#5,HOLDING,0.000A/OFF
7459,2026-06-03 11:53:12,30.1125,12.00,0.000,0.000,OFF,#5,HOLDING,0.000A/OFF
7460,2026-06-03 11:53:13,30.3125,12.00,0.000,0.000,OFF,#5,HOLDING,0.000A/OFF
7461,2026-06-03 11:53:14,30.3125,12.00,0.000,0.000,OFF,#5,HOLDING,0.000A/OFF
7462,2026-06-03 11:53:15,30.4250,12.00,0.000,0.000,OFF,#5,HOLDING,0.000A/OFF
7463,2026-06-03 11:53:16,30.4250,12.00,0.000,0.000,OFF,#5,HOLDING,0.000A/OFF
7464,2026-06-03 11:53:17,30.5500,12.00,0.000,0.000,OFF,#5,HOLDING,0.000A/OFF
7465,2026-06-03 11:53:18,30.5500,11.37,0.000,0.000,A,#1,APPROACH,0.130A/A
7466,2026-06-03 11:53:20,30.6625,11.37,0.041,0.000,A,#1,APPROACH,0.219A/A
7467,2026-06-03 11:53:22,30.7625,11.37,0.041,0.000,A,#1,APPROACH,0.315A/A
7468,2026-06-03 11:53:24,30.8750,11.37,0.041,0.000,A,#1,APPROACH,0.423A/A
7469,2026-06-03 11:53:26,30.8750,11.37,0.041,0.000,A,#1,APPROACH,0.479A/A
7470,2026-06-03 11:53:28,30.9375,3.43,0.041,0.000,A,#1,APPROACH,0.564A/A
7471,2026-06-03 11:53:30,30.9375,3.43,0.564,2.492,A,#1,APPROACH,0.636A/A
7472,2026-06-03 11:53:32,30.9375,3.43,0.564,2.492,A,#1,APPROACH,0.742A/A
7473,2026-06-03 11:53:34,30.9375,3.43,0.564,2.492,A,#1,APPROACH,0.807A/A
7474,2026-06-03 11:53:35,30.9250,6.41,0.564,2.492,A,#1,APPROACH,0.886A/A
7475,2026-06-03 11:53:37,30.8750,6.41,0.844,6.396,A,#1,APPROACH,0.959A/A
7476,2026-06-03 11:53:40,30.7250,6.41,0.844,6.396,A,#1,APPROACH,1.036A/A
7477,2026-06-03 11:53:41,30.7250,6.41,0.844,6.396,A,#1,APPROACH,1.000A/A
7478,2026-06-03 11:53:43,30.6750,8.13,0.844,6.396,A,#1,APPROACH,1.099A/A
7479,2026-06-03 11:53:45,30.5500,8.13,1.047,9.912,A,#1,APPROACH,1.000A/A
7480,2026-06-03 11:53:47,30.3000,8.13,1.047,9.912,A,#1,APPROACH,1.128A/A
7481,2026-06-03 11:53:49,30.3000,8.13,1.047,9.912,A,#1,APPROACH,1.185A/A
7482,2026-06-03 11:53:51,30.1375,9.60,1.047,9.912,A,#1,APPROACH,1.227A/A
7483,2026-06-03 11:53:53,29.9875,9.60,1.204,12.380,A,#1,APPROACH,1.272A/A
7484,2026-06-03 11:53:55,29.6250,9.60,1.204,12.380,A,#1,HOLDING,1.000A/A
7485,2026-06-03 11:53:57,29.6250,9.60,1.204,12.380,OFF,#1,HOLDING,0.000A/OFF
7486,2026-06-03 11:53:58,29.4500,9.60,1.204,12.380,OFF,#1,HOLDING,0.000A/OFF
7487,2026-06-03 11:53:59,29.4500,12.00,1.204,12.380,OFF,#1,HOLDING,0.000A/OFF
7488,2026-06-03 11:54:00,29.2500,12.00,0.000,12.380,OFF,#1,HOLDING,0.000A/OFF
7489,2026-06-03 11:54:01,29.2500,12.00,0.000,0.000,OFF,#1,HOLDING,0.000A/OFF
7490,2026-06-03 11:54:02,29.0125,12.00,0.000,0.000,OFF,#1,HOLDING,0.000A/OFF
7491,2026-06-03 11:54:03,28.8375,12.00,0.000,0.000,OFF,#1,HOLDING,0.000A/OFF
7492,2026-06-03 11:54:04,28.8375,12.00,0.000,0.000,OFF,#1,HOLDING,0.000A/OFF
7493,2026-06-03 11:54:05,28.6500,12.00,0.000,0.000,OFF,#1,HOLDING,0.000A/OFF
7494,2026-06-03 11:54:06,28.6500,12.00,0.000,0.000,OFF,#1,HOLDING,0.000A/OFF
7495,2026-06-03 11:54:07,28.4750,12.00,0.000,0.000,OFF,#1,HOLDING,0.000A/OFF
7496,2026-06-03 11:54:08,28.4750,12.00,0.000,0.000,OFF,#1,HOLDING,0.000A/OFF
7497,2026-06-03 11:54:09,28.3250,12.00,0.000,0.000,OFF,#1,HOLDING,0.000A/OFF
7498,2026-06-03 11:54:10,28.3250,12.00,0.000,0.000,OFF,#1,HOLDING,0.000A/OFF
7499,2026-06-03 11:54:11,28.1250,12.00,0.000,0.000,OFF,#1,HOLDING,0.000A/OFF
7500,2026-06-03 11:54:12,28.1250,12.00,0.000,0.000,OFF,#1,HOLDING,0.000A/OFF
7501,2026-06-03 11:54:13,27.9875,12.00,0.000,0.000,OFF,#1,HOLDING,0.000A/OFF
7502,2026-06-03 11:54:14,27.9875,12.00,0.000,0.000,OFF,#1,HOLDING,0.000A/OFF
7503,2026-06-03 11:54:15,27.8375,12.00,0.000,0.000,OFF,#1,HOLDING,0.000A/OFF
7504,2026-06-03 11:54:16,27.8375,12.00,0.000,0.000,OFF,#1,HOLDING,0.000A/OFF
7505,2026-06-03 11:54:17,27.7000,12.00,0.000,0.000,B,#1,HOLDING,0.141A/B
7506,2026-06-03 11:54:19,27.5500,12.00,0.000,0.000,B,#1,HOLDING,0.180A/B
7507,2026-06-03 11:54:21,27.4250,12.00,0.000,0.284,B,#1,HOLDING,0.246A/B
7508,2026-06-03 11:54:22,27.3000,12.00,0.000,0.284,B,#1,HOLDING,0.287A/B
7509,2026-06-03 11:54:24,27.2000,12.00,0.000,0.284,B,#1,HOLDING,0.336A/B
7510,2026-06-03 11:54:26,27.0750,2.92,0.000,0.284,B,#1,HOLDING,0.404A/B
7511,2026-06-03 11:54:28,27.0750,2.92,0.404,1.454,B,#1,HOLDING,0.449A/B
7512,2026-06-03 11:54:30,26.8875,2.92,0.404,1.454,B,#1,HOLDING,0.548A/B
7513,2026-06-03 11:54:31,26.8125,2.92,0.404,1.454,B,#1,HOLDING,0.609A/B
7514,2026-06-03 11:54:33,26.7375,5.25,0.404,1.454,B,#1,HOLDING,0.694A/B
7515,2026-06-03 11:54:35,26.7375,5.25,0.694,4.226,B,#1,HOLDING,0.751A/B
7516,2026-06-03 11:54:38,26.6000,5.25,0.694,4.226,B,#1,HOLDING,0.860A/B
7517,2026-06-03 11:54:39,26.5625,5.25,0.694,4.226,B,#1,HOLDING,0.927A/B
7518,2026-06-03 11:54:41,26.5125,7.81,0.694,4.226,B,#1,HOLDING,1.016A/B
7519,2026-06-03 11:54:43,26.5125,7.81,1.016,8.757,B,#1,HOLDING,1.085A/B
7520,2026-06-03 11:54:45,26.5000,7.81,1.016,8.757,B,#1,HOLDING,1.187A/B
7521,2026-06-03 11:54:47,26.5000,7.81,1.016,8.757,B,#1,HOLDING,1.000A/B
7522,2026-06-03 11:54:49,26.5500,8.60,1.016,8.757,B,#1,HOLDING,1.244A/B
7523,2026-06-03 11:54:51,26.5500,8.60,1.233,12.999,B,#1,HOLDING,1.323A/B
7524,2026-06-03 11:54:53,26.5875,8.60,1.233,12.999,B,#1,HOLDING,1.000A/B
7525,2026-06-03 11:54:54,26.5875,8.60,1.233,12.999,B,#1,HOLDING,1.423A/B
7526,2026-06-03 11:54:56,26.7375,11.70,1.233,12.999,B,#1,HOLDING,1.000A/B
7527,2026-06-03 11:54:58,26.7375,11.70,1.212,8.970,B,#1,HOLDING,1.000A/B
7528,2026-06-03 11:55:01,26.8875,11.70,1.212,8.970,B,#1,HOLDING,1.457A/B
7529,2026-06-03 11:55:02,26.9875,11.70,1.212,8.970,B,#1,HOLDING,1.511A/B
7530,2026-06-03 11:55:04,27.1125,12.00,1.212,8.970,B,#1,HOLDING,1.500A/B
7531,2026-06-03 11:55:06,27.1125,12.00,1.424,16.896,B,#1,HOLDING,1.500A/B
7532,2026-06-03 11:55:08,27.3250,12.00,1.424,16.896,B,#1,HOLDING,1.548A/B
7533,2026-06-03 11:55:10,27.4250,12.00,1.424,16.896,B,#1,HOLDING,1.000A/B
7534,2026-06-03 11:55:12,27.5750,9.20,1.424,16.896,B,#1,HOLDING,1.562A/B
7535,2026-06-03 11:55:14,27.5750,9.20,1.392,16.560,B,#1,HOLDING,1.620A/B
7536,2026-06-03 11:55:16,27.8875,9.20,1.392,16.560,B,#1,HOLDING,1.000A/B
7537,2026-06-03 11:55:18,28.0500,9.20,1.392,16.560,B,#1,HOLDING,1.000A/B
7538,2026-06-03 11:55:19,28.2250,9.34,1.392,16.560,B,#1,HOLDING,1.572A/B
7539,2026-06-03 11:55:21,28.2250,9.34,1.185,16.308,B,#1,HOLDING,1.000A/B
7540,2026-06-03 11:55:24,28.5750,9.34,1.185,16.308,B,#1,HOLDING,1.605A/B
7541,2026-06-03 11:55:25,28.7375,9.34,1.185,16.308,B,#1,HOLDING,1.000A/B
7542,2026-06-03 11:55:27,28.9375,9.44,1.185,16.308,B,#1,HOLDING,1.584A/B
7543,2026-06-03 11:55:29,28.9375,9.44,1.178,16.140,B,#1,HOLDING,1.600A/B
7544,2026-06-03 11:55:31,29.3125,9.44,1.178,16.140,B,#1,HOLDING,1.000A/B
7545,2026-06-03 11:55:33,29.4250,9.44,1.178,16.140,B,#1,HOLDING,1.000A/B
7546,2026-06-03 11:55:35,29.6250,9.53,1.178,16.140,B,#1,HOLDING,1.000A/B
7547,2026-06-03 11:55:37,29.6250,9.53,1.000,9.670,B,#1,HOLDING,1.575A/B
7548,2026-06-03 11:55:39,30.0000,9.53,1.000,9.670,B,#1,HOLDING,1.431A/B
7549,2026-06-03 11:55:41,30.1750,9.53,1.000,9.670,B,#1,HOLDING,1.375A/B
7550,2026-06-03 11:55:42,30.3500,12.00,1.000,9.670,B,#1,HOLDING,1.286A/B
7551,2026-06-03 11:55:44,30.3500,12.00,1.310,15.110,B,#1,HOLDING,1.000A/B
7552,2026-06-03 11:55:47,30.6875,12.00,1.310,15.110,B,#1,HOLDING,1.231A/B
7553,2026-06-03 11:55:48,30.8625,12.00,1.310,15.110,B,#1,HOLDING,1.000A/B
7554,2026-06-03 11:55:50,31.0125,9.62,1.310,15.110,B,#1,HOLDING,1.000A/B
7555,2026-06-03 11:55:52,31.0125,9.62,1.000,9.750,B,#1,HOLDING,1.154A/B
7556,2026-06-03 11:55:54,31.3250,9.62,1.000,9.750,B,#1,HOLDING,1.008A/B
7557,2026-06-03 11:55:56,31.4875,9.62,1.000,9.750,B,#1,HOLDING,0.906A/B
7558,2026-06-03 11:55:58,31.6375,8.97,1.000,9.750,B,#1,HOLDING,0.772A/B
7559,2026-06-03 11:56:00,31.6375,8.97,0.837,6.230,B,#1,HOLDING,0.692A/B
7560,2026-06-03 11:56:02,31.9500,8.97,0.837,6.230,B,#1,HOLDING,0.546A/B
7561,2026-06-03 11:56:04,32.1125,8.97,0.837,6.230,B,#1,HOLDING,0.427A/B
7562,2026-06-03 11:56:05,32.2875,5.23,0.837,6.230,B,#1,HOLDING,0.277A/B
7563,2026-06-03 11:56:07,32.2875,5.23,0.351,1.110,B,#1,HOLDING,0.154A/B
7564,2026-06-03 11:56:10,32.5250,5.23,0.351,1.110,OFF,#1,HOLDING,0.000A/OFF
7565,2026-06-03 11:56:11,32.5250,5.23,0.351,1.110,OFF,#1,HOLDING,0.112A/A
7566,2026-06-03 11:56:13,32.6375,5.23,0.351,1.110,A,#1,HOLDING,0.274A/A
7567,2026-06-03 11:56:14,32.7875,12.00,0.274,1.110,A,#1,HOLDING,0.412A/A
7568,2026-06-03 11:56:16,32.8625,12.00,0.274,1.058,A,#1,HOLDING,0.571A/A
7569,2026-06-03 11:56:18,32.9375,12.00,0.274,1.058,A,#1,HOLDING,0.708A/A
7570,2026-06-03 11:56:19,33.0000,12.00,0.274,1.058,A,#1,HOLDING,0.845A/A
7571,2026-06-03 11:56:21,33.0250,6.25,0.274,1.058,A,#1,HOLDING,1.000A/A
7572,2026-06-03 11:56:23,33.0000,6.25,0.967,7.630,A,#1,HOLDING,1.000A/A
7573,2026-06-03 11:56:25,32.9750,6.25,0.967,7.630,A,#1,HOLDING,1.199A/A
7574,2026-06-03 11:56:27,32.9250,6.25,0.967,7.630,A,#1,HOLDING,1.328A/A
7575,2026-06-03 11:56:29,32.8250,9.94,0.967,7.630,A,#1,HOLDING,1.474A/A
7576,2026-06-03 11:56:31,32.7375,9.94,1.453,16.729,A,#1,HOLDING,1.500A/A
7577,2026-06-03 11:56:33,32.6375,9.94,1.453,16.729,A,#1,HOLDING,1.500A/A
7578,2026-06-03 11:56:35,32.5375,9.94,1.453,16.729,A,#1,HOLDING,1.605A/A
7579,2026-06-03 11:56:37,32.3625,12.00,1.453,16.729,A,#1,HOLDING,1.731A/A
7580,2026-06-03 11:56:38,32.2000,12.00,1.539,18.240,A,#1,HOLDING,1.848A/A
7581,2026-06-03 11:56:41,32.0000,12.00,1.539,18.240,A,#1,HOLDING,1.994A/A
7582,2026-06-03 11:56:42,31.7625,12.00,1.539,18.240,A,#1,HOLDING,2.076A/A
7583,2026-06-03 11:56:44,31.5125,12.00,1.539,18.240,A,#1,HOLDING,2.114A/A
7584,2026-06-03 11:56:46,31.2875,12.00,1.496,17.772,A,#1,HOLDING,1.500A/A
7585,2026-06-03 11:56:48,31.0375,12.00,1.496,17.772,A,#1,HOLDING,2.000A/A
7586,2026-06-03 11:56:50,30.7875,12.00,1.496,17.772,A,#1,HOLDING,2.172A/A
7587,2026-06-03 11:56:52,30.5125,12.00,1.496,17.772,A,#1,HOLDING,2.223A/A
7588,2026-06-03 11:56:54,30.2500,12.00,1.470,17.460,A,#1,HOLDING,1.000A/A
7589,2026-06-03 11:56:56,29.9750,12.00,1.470,17.460,A,#1,HOLDING,1.500A/A
7590,2026-06-03 11:56:58,29.7500,12.00,1.470,17.460,A,#1,HOLDING,1.500A/A
7591,2026-06-03 11:57:00,29.4250,12.00,1.470,17.460,A,#1,HOLDING,1.500A/A
7592,2026-06-03 11:57:01,29.1500,12.00,1.445,17.148,A,#1,HOLDING,2.187A/A
7593,2026-06-03 11:57:04,28.8500,12.00,1.445,17.148,A,#1,HOLDING,1.500A/A
7594,2026-06-03 11:57:05,28.6000,12.00,1.445,17.148,A,#1,HOLDING,2.201A/A
7595,2026-06-03 11:57:07,28.3000,12.00,1.445,17.148,A,#1,HOLDING,2.182A/A
7596,2026-06-03 11:57:09,28.0000,12.00,1.439,17.088,A,#1,HOLDING,2.148A/A
7597,2026-06-03 11:57:11,27.7250,12.00,1.439,17.088,A,#1,HOLDING,2.106A/A
7598,2026-06-03 11:57:13,27.4750,12.00,1.439,17.088,A,#1,HOLDING,2.003A/A
7599,2026-06-03 11:57:15,27.1750,12.00,1.439,17.088,A,#1,HOLDING,1.931A/A
7600,2026-06-03 11:57:17,26.8750,12.00,1.430,17.016,A,#1,HOLDING,1.839A/A
7601,2026-06-03 11:57:19,26.6000,12.00,1.430,17.016,A,#1,HOLDING,1.732A/A
7602,2026-06-03 11:57:21,26.3500,12.00,1.430,17.016,A,#1,HOLDING,1.500A/A
7603,2026-06-03 11:57:23,26.0500,12.00,1.430,17.016,A,#1,HOLDING,1.627A/A
7604,2026-06-03 11:57:24,25.7875,12.00,1.424,16.956,A,#1,HOLDING,1.000A/A
7605,2026-06-03 11:57:27,25.5125,12.00,1.424,16.956,A,#1,HOLDING,1.553A/A
7606,2026-06-03 11:57:28,25.2500,12.00,1.424,16.956,A,#1,HOLDING,1.427A/A
7607,2026-06-03 11:57:30,24.9750,11.92,1.424,16.956,A,#1,HOLDING,1.271A/A
7608,2026-06-03 11:57:32,24.7250,11.92,1.346,13.993,A,#1,HOLDING,1.107A/A
7609,2026-06-03 11:57:34,24.4750,11.92,1.346,13.993,A,#1,HOLDING,0.902A/A
7610,2026-06-03 11:57:36,24.2250,11.92,1.346,13.993,A,#1,HOLDING,0.745A/A
7611,2026-06-03 11:57:38,24.0000,7.27,1.346,13.993,A,#1,HOLDING,0.564A/A
7612,2026-06-03 11:57:40,23.7625,7.27,0.653,3.350,A,#1,HOLDING,0.365A/A
7613,2026-06-03 11:57:42,23.5375,7.27,0.653,3.350,A,#1,HOLDING,0.111A/A
7614,2026-06-03 11:57:44,23.3000,7.27,0.653,3.350,OFF,#1,HOLDING,0.000A/OFF
7615,2026-06-03 11:57:45,23.3000,7.27,0.653,3.350,OFF,#1,HOLDING,0.178A/B
7616,2026-06-03 11:57:46,23.1250,3.68,0.176,3.350,B,#1,HOLDING,0.362A/B
7617,2026-06-03 11:57:48,22.9125,3.68,0.176,0.000,B,#1,HOLDING,0.580A/B
7618,2026-06-03 11:57:50,22.7375,3.68,0.176,0.000,B,#1,HOLDING,0.789A/B
7619,2026-06-03 11:57:51,22.5750,3.68,0.176,0.000,B,#1,HOLDING,0.990A/B
7620,2026-06-03 11:57:53,22.4250,7.21,0.176,0.000,B,#1,HOLDING,1.228A/B
7621,2026-06-03 11:57:55,22.3000,7.21,1.120,11.297,B,#1,HOLDING,1.469A/B
7622,2026-06-03 11:57:57,22.2000,7.21,1.120,11.297,B,#1,HOLDING,1.000A/B
7623,2026-06-03 11:57:59,22.1250,7.21,1.120,11.297,B,#1,HOLDING,1.000A/B
7624,2026-06-03 11:58:01,22.1000,7.95,1.120,11.297,B,#1,HOLDING,1.500A/B
7625,2026-06-03 11:58:03,22.1250,7.95,1.321,17.145,B,#1,HOLDING,1.772A/B
7626,2026-06-03 11:58:05,22.1250,7.95,1.321,17.145,B,#1,HOLDING,2.084A/B
7627,2026-06-03 11:58:07,22.2000,7.95,1.321,17.145,B,#1,HOLDING,1.000A/B
7628,2026-06-03 11:58:09,22.2750,8.39,1.321,17.145,B,#1,HOLDING,1.000A/B
7629,2026-06-03 11:58:11,22.3875,8.39,1.000,8.530,B,#1,HOLDING,2.268A/B
7630,2026-06-03 11:58:13,22.5125,8.39,1.000,8.530,B,#1,HOLDING,1.000A/B
7631,2026-06-03 11:58:14,22.6500,8.39,1.000,8.530,B,#1,HOLDING,2.500A/B
7632,2026-06-03 11:58:16,22.8250,12.00,1.000,8.530,B,#1,HOLDING,2.532A/B
7633,2026-06-03 11:58:18,22.9875,12.00,1.494,17.688,B,#1,HOLDING,1.000A/B
7634,2026-06-03 11:58:21,23.1375,12.00,1.494,17.688,B,#1,HOLDING,2.500A/B
7635,2026-06-03 11:58:22,23.3250,12.00,1.494,17.688,B,#1,HOLDING,1.000A/B
7636,2026-06-03 11:58:24,23.5000,8.85,1.494,17.688,B,#1,HOLDING,2.500A/B
7637,2026-06-03 11:58:26,23.7375,8.85,1.451,17.232,B,#1,HOLDING,1.000A/B
7638,2026-06-03 11:58:28,23.9125,8.85,1.451,17.232,B,#1,HOLDING,2.683A/B
7639,2026-06-03 11:58:30,24.1250,8.85,1.451,17.232,B,#1,HOLDING,2.000A/B
7640,2026-06-03 11:58:32,24.3500,12.00,1.451,17.232,B,#1,HOLDING,1.500A/B
7641,2026-06-03 11:58:34,24.5625,12.00,1.417,16.812,B,#1,HOLDING,2.792A/B
7642,2026-06-03 11:58:36,24.7875,12.00,1.417,16.812,B,#1,HOLDING,2.500A/B
7643,2026-06-03 11:58:37,25.0000,12.00,1.417,16.812,B,#1,HOLDING,1.500A/B
7644,2026-06-03 11:58:39,25.2500,12.00,1.417,16.812,B,#1,HOLDING,2.946A/B
7645,2026-06-03 11:58:41,25.5000,12.00,1.383,16.416,B,#1,HOLDING,1.000A/B
7646,2026-06-03 11:58:44,25.7500,12.00,1.383,16.416,B,#1,HOLDING,2.000A/B
7647,2026-06-03 11:58:45,25.9875,12.00,1.383,16.416,B,#1,HOLDING,2.000A/B
7648,2026-06-03 11:58:47,26.2125,12.00,1.383,16.416,B,#1,HOLDING,2.000A/B
7649,2026-06-03 11:58:49,26.4750,12.00,1.361,16.152,B,#1,HOLDING,1.000A/B
7650,2026-06-03 11:58:51,26.7500,12.00,1.361,16.152,B,#1,HOLDING,2.500A/B
7651,2026-06-03 11:58:53,26.9625,12.00,1.361,16.152,B,#1,HOLDING,2.500A/B
7652,2026-06-03 11:58:55,27.2125,12.00,1.361,16.152,B,#1,HOLDING,2.916A/B
7653,2026-06-03 11:58:57,27.4875,12.00,1.346,15.960,B,#1,HOLDING,1.000A/B
7654,2026-06-03 11:58:59,27.7125,12.00,1.346,15.960,B,#2,APPROACH,1.500A/B
7655,2026-06-03 11:59:00,27.9625,12.00,1.346,15.960,OFF,#2,APPROACH,0.000A/OFF
7656,2026-06-03 11:59:01,27.9625,12.00,1.346,15.960,OFF,#2,APPROACH,0.102A/A
7657,2026-06-03 11:59:04,28.2375,12.00,1.346,15.960,A,#2,APPROACH,0.205A/A
7658,2026-06-03 11:59:06,28.4625,12.00,0.101,0.116,A,#2,APPROACH,0.317A/A
7659,2026-06-03 11:59:08,28.9250,12.00,0.101,0.116,A,#2,APPROACH,0.491A/A
7660,2026-06-03 11:59:10,28.9250,12.00,0.101,0.116,A,#2,APPROACH,0.542A/A
7661,2026-06-03 11:59:12,29.1250,3.56,0.101,0.116,A,#2,APPROACH,0.649A/A
7662,2026-06-03 11:59:13,29.3000,3.56,0.649,3.056,A,#2,APPROACH,0.739A/A
7663,2026-06-03 11:59:16,29.5375,3.56,0.649,3.056,A,#2,APPROACH,0.914A/A
7664,2026-06-03 11:59:17,29.6125,3.56,0.649,3.056,A,#2,APPROACH,0.970A/A
7665,2026-06-03 11:59:19,29.6125,7.32,0.649,3.056,A,#2,APPROACH,1.079A/A
7666,2026-06-03 11:59:21,29.6875,7.32,1.079,9.063,A,#2,APPROACH,1.193A/A
7667,2026-06-03 11:59:24,29.7625,7.32,1.079,9.063,A,#2,APPROACH,1.349A/A
7668,2026-06-03 11:59:25,29.7625,7.32,1.079,9.063,A,#2,APPROACH,1.000A/A
7669,2026-06-03 11:59:27,29.7625,7.96,1.079,9.063,A,#2,APPROACH,1.440A/A
7670,2026-06-03 11:59:29,29.7500,7.96,1.212,16.113,A,#2,APPROACH,1.548A/A
7671,2026-06-03 11:59:31,29.6125,7.96,1.212,16.113,A,#2,APPROACH,1.682A/A
7672,2026-06-03 11:59:33,29.5125,7.96,1.212,16.113,A,#2,APPROACH,1.746A/A
7673,2026-06-03 11:59:35,29.5125,12.00,1.212,16.113,A,#2,APPROACH,1.856A/A
7674,2026-06-03 11:59:37,29.4000,12.00,1.538,18.240,A,#2,APPROACH,1.500A/A
7675,2026-06-03 11:59:39,29.1375,12.00,1.538,18.240,A,#2,APPROACH,1.931A/A
7676,2026-06-03 11:59:41,28.9875,12.00,1.538,18.240,A,#2,APPROACH,1.500A/A
7677,2026-06-03 11:59:42,28.9875,11.81,1.538,18.240,A,#2,APPROACH,1.994A/A
7678,2026-06-03 11:59:44,28.8000,11.81,1.498,17.832,A,#2,APPROACH,1.500A/A
7679,2026-06-03 11:59:47,28.4500,11.81,1.498,17.832,A,#2,APPROACH,1.000A/A
7680,2026-06-03 11:59:48,28.2250,11.81,1.498,17.832,A,#2,APPROACH,1.500A/A
7681,2026-06-03 11:59:50,28.2250,12.00,1.498,17.832,A,#2,APPROACH,2.022A/A
7682,2026-06-03 11:59:52,28.0125,12.00,1.472,17.532,A,#2,APPROACH,2.000A/A
7683,2026-06-03 11:59:54,27.5625,12.00,1.472,17.532,A,#2,HOLDING,1.500A/A
7684,2026-06-03 11:59:56,27.3125,12.00,1.472,17.532,OFF,#2,HOLDING,0.000A/OFF
7685,2026-06-03 11:59:57,27.3125,12.00,1.472,17.532,OFF,#2,HOLDING,0.000A/OFF
7686,2026-06-03 11:59:58,27.1250,12.00,1.472,17.532,OFF,#2,HOLDING,0.000A/OFF
7687,2026-06-03 11:59:59,27.1250,12.00,0.000,17.532,OFF,#2,HOLDING,0.000A/OFF
7688,2026-06-03 12:00:00,26.8750,12.00,0.000,0.000,OFF,#2,HOLDING,0.000A/OFF
7689,2026-06-03 12:00:01,26.8750,12.00,0.000,0.000,OFF,#2,HOLDING,0.000A/OFF
7690,2026-06-03 12:00:02,26.6375,12.00,0.000,0.000,OFF,#2,HOLDING,0.000A/OFF
7691,2026-06-03 12:00:03,26.6375,12.00,0.000,0.000,OFF,#2,HOLDING,0.000A/OFF
7692,2026-06-03 12:00:04,26.4375,12.00,0.000,0.000,OFF,#2,HOLDING,0.000A/OFF
7693,2026-06-03 12:00:05,26.4375,12.00,0.000,0.000,OFF,#2,HOLDING,0.000A/OFF
7694,2026-06-03 12:00:06,26.2625,12.00,0.000,0.000,OFF,#2,HOLDING,0.000A/OFF
7695,2026-06-03 12:00:07,26.2625,12.00,0.000,0.000,OFF,#2,HOLDING,0.000A/OFF
7696,2026-06-03 12:00:08,26.0875,12.00,0.000,0.000,OFF,#2,HOLDING,0.000A/OFF
7697,2026-06-03 12:00:09,26.0875,12.00,0.000,0.000,OFF,#2,HOLDING,0.000A/OFF
7698,2026-06-03 12:00:10,25.9500,12.00,0.000,0.000,OFF,#2,HOLDING,0.000A/OFF
7699,2026-06-03 12:00:11,25.9500,12.00,0.000,0.000,OFF,#2,HOLDING,0.000A/OFF
7700,2026-06-03 12:00:12,25.7750,12.00,0.000,0.000,OFF,#2,HOLDING,0.000A/OFF
7701,2026-06-03 12:00:13,25.7750,12.00,0.000,0.000,OFF,#2,HOLDING,0.000A/OFF
7702,2026-06-03 12:00:14,25.6500,12.00,0.000,0.000,B,#2,HOLDING,0.103A/B
7703,2026-06-03 12:00:16,25.5250,12.00,0.000,0.000,B,#2,HOLDING,0.174A/B
7704,2026-06-03 12:00:18,25.4250,1.36,0.000,0.000,B,#2,HOLDING,0.233A/B
7705,2026-06-03 12:00:19,25.3250,1.36,0.202,0.466,B,#2,HOLDING,0.273A/B
7706,2026-06-03 12:00:22,25.2125,1.36,0.202,0.466,B,#2,HOLDING,0.340A/B
7707,2026-06-03 12:00:23,25.1125,1.36,0.202,0.466,B,#2,HOLDING,0.394A/B
7708,2026-06-03 12:00:25,25.0625,3.26,0.202,0.466,B,#2,HOLDING,0.448A/B
7709,2026-06-03 12:00:27,24.9875,3.26,0.418,1.697,B,#2,HOLDING,0.510A/B
7710,2026-06-03 12:00:29,24.9250,3.26,0.418,1.697,B,#2,HOLDING,0.586A/B
7711,2026-06-03 12:00:31,24.8500,3.26,0.418,1.697,B,#2,HOLDING,0.649A/B
7712,2026-06-03 12:00:33,24.8125,5.43,0.418,1.697,B,#2,HOLDING,0.714A/B
7713,2026-06-03 12:00:35,24.7625,5.43,0.679,4.355,B,#2,HOLDING,0.784A/B
7714,2026-06-03 12:00:37,24.7500,5.43,0.679,4.355,B,#2,HOLDING,0.865A/B
7715,2026-06-03 12:00:39,24.7500,5.43,0.679,4.355,B,#2,HOLDING,0.920A/B
7716,2026-06-03 12:00:41,24.7500,7.67,0.679,4.355,B,#2,HOLDING,0.984A/B
7717,2026-06-03 12:00:42,24.7500,7.67,0.949,8.157,B,#2,HOLDING,1.052A/B
7718,2026-06-03 12:00:45,24.8125,7.67,0.949,8.157,B,#2,HOLDING,1.128A/B
7719,2026-06-03 12:00:46,24.8375,7.67,0.949,8.157,B,#2,HOLDING,1.181A/B
7720,2026-06-03 12:00:48,24.8875,9.72,0.949,8.157,B,#2,HOLDING,1.237A/B
7721,2026-06-03 12:00:50,24.9875,9.72,1.237,12.765,B,#2,HOLDING,1.000A/B
7722,2026-06-03 12:00:53,25.0750,9.72,1.237,12.765,B,#2,HOLDING,1.278A/B
7723,2026-06-03 12:00:54,25.1250,9.72,1.237,12.765,B,#2,HOLDING,1.000A/B
7724,2026-06-03 12:00:56,25.2250,8.76,1.237,12.765,B,#2,HOLDING,1.317A/B
7725,2026-06-03 12:00:58,25.3750,8.76,1.154,14.618,B,#2,HOLDING,1.347A/B
7726,2026-06-03 12:01:00,25.4750,8.76,1.154,14.618,B,#2,HOLDING,1.394A/B
7727,2026-06-03 12:01:02,25.5750,8.76,1.154,14.618,B,#2,HOLDING,1.421A/B
7728,2026-06-03 12:01:04,25.7000,11.82,1.154,14.618,B,#2,HOLDING,1.000A/B
7729,2026-06-03 12:01:06,25.8250,11.82,1.211,9.120,B,#2,HOLDING,1.402A/B
7730,2026-06-03 12:01:08,25.9750,11.82,1.211,9.120,B,#2,HOLDING,1.431A/B
7731,2026-06-03 12:01:10,26.1250,11.82,1.211,9.120,B,#2,HOLDING,1.442A/B
7732,2026-06-03 12:01:11,26.3000,12.00,1.211,9.120,B,#2,HOLDING,1.449A/B
7733,2026-06-03 12:01:13,26.4750,12.00,1.403,16.608,B,#2,HOLDING,1.450A/B
7734,2026-06-03 12:01:16,26.6750,12.00,1.403,16.608,B,#2,HOLDING,1.448A/B
7735,2026-06-03 12:01:17,26.8250,12.00,1.403,16.608,B,#2,HOLDING,1.440A/B
7736,2026-06-03 12:01:19,27.0000,12.00,1.403,16.608,B,#2,HOLDING,1.000A/B
7737,2026-06-03 12:01:21,27.2250,12.00,1.188,9.470,B,#2,HOLDING,1.416A/B
7738,2026-06-03 12:01:23,27.4000,12.00,1.188,9.470,B,#2,HOLDING,1.381A/B
7739,2026-06-03 12:01:25,27.5750,12.00,1.188,9.470,B,#2,HOLDING,1.347A/B
7740,2026-06-03 12:01:27,27.8125,11.79,1.188,9.470,B,#2,HOLDING,1.239A/B
7741,2026-06-03 12:01:29,28.0125,11.79,1.291,13.951,B,#2,HOLDING,1.169A/B
7742,2026-06-03 12:01:31,28.1875,11.79,1.291,13.951,B,#2,HOLDING,1.092A/B
7743,2026-06-03 12:01:33,28.4125,11.79,1.291,13.951,B,#2,HOLDING,1.000A/B
7744,2026-06-03 12:01:34,28.5875,9.53,1.291,13.951,B,#2,HOLDING,1.012A/B
7745,2026-06-03 12:01:36,28.7875,9.53,1.012,9.887,B,#2,HOLDING,0.913A/B
7746,2026-06-03 12:01:39,28.9625,9.53,1.012,9.887,B,#2,HOLDING,0.804A/B
7747,2026-06-03 12:01:40,29.1875,9.53,1.012,9.887,B,#2,HOLDING,0.699A/B
7748,2026-06-03 12:01:42,29.3625,7.33,1.012,9.887,B,#2,HOLDING,0.589A/B
7749,2026-06-03 12:01:44,29.5625,7.33,0.589,3.846,B,#2,HOLDING,0.461A/B
7750,2026-06-03 12:01:46,29.7375,7.33,0.589,3.846,B,#2,HOLDING,0.358A/B
7751,2026-06-03 12:01:48,29.9375,7.33,0.589,3.846,B,#2,HOLDING,0.238A/B
7752,2026-06-03 12:01:50,30.0750,3.57,0.589,3.846,B,#2,HOLDING,0.104A/B
7753,2026-06-03 12:01:52,30.2500,3.57,0.104,3.846,OFF,#2,HOLDING,0.000A/OFF
7754,2026-06-03 12:01:53,30.2500,3.57,0.104,0.246,OFF,#2,HOLDING,0.106A/A
7755,2026-06-03 12:01:54,30.3875,3.57,0.104,0.246,A,#2,HOLDING,0.230A/A
7756,2026-06-03 12:01:56,30.5125,3.57,0.104,0.246,A,#2,HOLDING,0.361A/A
7757,2026-06-03 12:01:58,30.6125,2.34,0.104,0.246,A,#2,HOLDING,0.519A/A
7758,2026-06-03 12:02:00,30.7125,2.34,0.519,2.034,A,#2,HOLDING,0.675A/A
7759,2026-06-03 12:02:02,30.7875,2.34,0.519,2.034,A,#2,HOLDING,0.876A/A
7760,2026-06-03 12:02:04,30.8625,2.34,0.519,2.034,A,#2,HOLDING,1.000A/A
7761,2026-06-03 12:02:05,30.8750,7.62,0.519,2.034,A,#2,HOLDING,1.013A/A
7762,2026-06-03 12:02:07,30.8750,7.62,1.012,8.055,A,#2,HOLDING,1.000A/A
7763,2026-06-03 12:02:10,30.8750,7.62,1.012,8.055,A,#2,HOLDING,1.167A/A
7764,2026-06-03 12:02:11,30.8250,7.62,1.012,8.055,A,#2,HOLDING,1.298A/A
7765,2026-06-03 12:02:13,30.7625,9.96,1.012,8.055,A,#2,HOLDING,1.000A/A
7766,2026-06-03 12:02:15,30.6875,9.96,1.000,8.140,A,#2,HOLDING,1.000A/A
7767,2026-06-03 12:02:17,30.5875,9.96,1.000,8.140,A,#2,HOLDING,1.434A/A
7768,2026-06-03 12:02:19,30.4875,9.96,1.000,8.140,A,#2,HOLDING,1.500A/A
7769,2026-06-03 12:02:21,30.3625,11.54,1.000,8.140,A,#2,HOLDING,1.000A/A
7770,2026-06-03 12:02:23,30.2375,11.54,1.000,8.400,A,#2,HOLDING,1.536A/A
7771,2026-06-03 12:02:25,30.0750,11.54,1.000,8.400,A,#2,HOLDING,1.000A/A
7772,2026-06-03 12:02:27,29.9250,11.54,1.000,8.400,A,#2,HOLDING,1.500A/A
7773,2026-06-03 12:02:28,29.7375,11.82,1.000,8.400,A,#2,HOLDING,1.673A/A
7774,2026-06-03 12:02:30,29.5625,11.82,1.495,17.712,A,#2,HOLDING,1.731A/A
7775,2026-06-03 12:02:33,29.3750,11.82,1.495,17.712,A,#2,HOLDING,1.500A/A
7776,2026-06-03 12:02:34,29.1250,11.82,1.495,17.712,A,#2,HOLDING,1.500A/A
7777,2026-06-03 12:02:36,28.9125,12.00,1.495,17.712,A,#2,HOLDING,1.500A/A
7778,2026-06-03 12:02:38,28.6875,12.00,1.480,17.556,A,#2,HOLDING,1.802A/A
7779,2026-06-03 12:02:40,28.4500,12.00,1.480,17.556,A,#2,HOLDING,1.000A/A
7780,2026-06-03 12:02:42,28.2000,12.00,1.480,17.556,A,#2,HOLDING,1.870A/A
7781,2026-06-03 12:02:44,27.9500,12.00,1.480,17.556,A,#2,HOLDING,1.907A/A
7782,2026-06-03 12:02:46,27.7000,12.00,1.459,17.316,A,#2,HOLDING,1.000A/A
7783,2026-06-03 12:02:48,27.4375,12.00,1.459,17.316,A,#2,HOLDING,1.500A/A
7784,2026-06-03 12:02:50,27.1875,12.00,1.459,17.316,A,#2,HOLDING,1.882A/A
7785,2026-06-03 12:02:51,26.9750,12.00,1.459,17.316,A,#2,HOLDING,1.901A/A
7786,2026-06-03 12:02:53,26.7000,12.00,1.449,17.220,A,#2,HOLDING,1.000A/A
7787,2026-06-03 12:02:56,26.4375,12.00,1.449,17.220,A,#2,HOLDING,1.907A/A
7788,2026-06-03 12:02:57,26.1875,12.00,1.449,17.220,A,#2,HOLDING,1.885A/A
7789,2026-06-03 12:02:59,25.9375,12.00,1.449,17.220,A,#2,HOLDING,1.861A/A
7790,2026-06-03 12:03:01,25.6625,12.00,1.439,17.112,A,#2,HOLDING,1.819A/A
7791,2026-06-03 12:03:03,25.4125,12.00,1.439,17.112,A,#2,HOLDING,1.500A/A
7792,2026-06-03 12:03:05,25.1625,12.00,1.439,17.112,A,#2,HOLDING,1.692A/A
7793,2026-06-03 12:03:07,24.9375,12.00,1.439,17.112,A,#2,HOLDING,1.000A/A
7794,2026-06-03 12:03:09,24.6375,12.00,1.218,9.140,A,#2,HOLDING,1.596A/A
7795,2026-06-03 12:03:11,24.4125,12.00,1.218,9.140,A,#2,HOLDING,1.000A/A
7796,2026-06-03 12:03:13,24.1875,12.00,1.218,9.140,A,#2,HOLDING,1.473A/A
7797,2026-06-03 12:03:15,23.9500,12.00,1.218,9.140,A,#2,HOLDING,1.000A/A
7798,2026-06-03 12:03:16,23.7250,12.00,1.218,9.140,A,#2,HOLDING,1.348A/A
7799,2026-06-03 12:03:19,23.5000,12.00,1.218,9.140,A,#2,HOLDING,1.244A/A
7800,2026-06-03 12:03:20,23.2500,12.00,1.218,9.140,A,#2,HOLDING,1.125A/A
7801,2026-06-03 12:03:22,23.0625,9.89,1.218,9.140,A,#2,HOLDING,0.987A/A
7802,2026-06-03 12:03:24,22.8375,9.89,1.054,8.932,A,#2,HOLDING,0.835A/A
7803,2026-06-03 12:03:26,22.6375,9.89,1.054,8.932,A,#2,HOLDING,0.641A/A
7804,2026-06-03 12:03:28,22.4375,9.89,1.054,8.932,A,#2,HOLDING,0.494A/A
7805,2026-06-03 12:03:30,22.2250,5.17,1.054,8.932,A,#2,HOLDING,0.325A/A
7806,2026-06-03 12:03:32,22.0500,5.17,0.408,1.241,A,#2,HOLDING,0.147A/A
7807,2026-06-03 12:03:34,21.8625,5.17,0.408,1.241,OFF,#2,HOLDING,0.000A/OFF
7808,2026-06-03 12:03:35,21.7125,5.17,0.408,1.241,OFF,#2,HOLDING,0.193A/B
7809,2026-06-03 12:03:37,21.5750,5.17,0.408,1.241,B,#2,HOLDING,0.391A/B
7810,2026-06-03 12:03:39,21.5750,6.99,0.391,1.241,B,#2,HOLDING,0.547A/B
7811,2026-06-03 12:03:41,21.4250,6.99,0.391,2.100,B,#2,HOLDING,0.742A/B
7812,2026-06-03 12:03:42,21.2750,6.99,0.391,2.100,B,#2,HOLDING,0.921A/B
7813,2026-06-03 12:03:44,21.1750,6.99,0.391,2.100,B,#2,HOLDING,1.000A/B
7814,2026-06-03 12:03:46,21.1125,7.46,0.391,2.100,B,#2,HOLDING,1.105A/B
7815,2026-06-03 12:03:47,21.0375,7.46,1.054,9.403,B,#2,HOLDING,1.312A/B
7816,2026-06-03 12:03:50,21.0000,7.46,1.054,9.403,B,#2,HOLDING,1.576A/B
7817,2026-06-03 12:03:51,21.0000,7.46,1.054,9.403,B,#2,HOLDING,1.000A/B
7818,2026-06-03 12:03:53,21.0125,8.01,1.054,9.403,B,#2,HOLDING,1.751A/B
7819,2026-06-03 12:03:55,21.0875,8.01,1.417,18.996,B,#2,HOLDING,1.947A/B
7820,2026-06-03 12:03:58,21.1375,8.01,1.417,18.996,B,#2,HOLDING,2.204A/B
7821,2026-06-03 12:03:59,21.2125,8.01,1.417,18.996,B,#2,HOLDING,2.369A/B
7822,2026-06-03 12:04:01,21.3500,12.00,1.417,18.996,B,#2,HOLDING,1.000A/B
7823,2026-06-03 12:04:03,21.4750,12.00,1.266,8.560,B,#2,HOLDING,2.000A/B
7824,2026-06-03 12:04:05,21.6250,12.00,1.266,8.560,B,#2,HOLDING,1.000A/B
7825,2026-06-03 12:04:07,21.8000,12.00,1.266,8.560,B,#2,HOLDING,2.526A/B
7826,2026-06-03 12:04:09,21.9625,12.00,1.266,8.560,B,#2,HOLDING,1.000A/B
7827,2026-06-03 12:04:11,22.1875,12.00,1.204,8.850,B,#2,HOLDING,2.500A/B
7828,2026-06-03 12:04:13,22.3625,12.00,1.204,8.850,B,#2,HOLDING,1.000A/B
7829,2026-06-03 12:04:15,22.5625,12.00,1.204,8.850,B,#2,HOLDING,2.500A/B
7830,2026-06-03 12:04:16,22.8000,12.00,1.204,8.850,B,#2,HOLDING,2.000A/B
7831,2026-06-03 12:04:18,23.0000,12.00,1.441,17.112,B,#2,HOLDING,2.631A/B
7832,2026-06-03 12:04:21,23.2375,12.00,1.441,17.112,B,#2,HOLDING,2.500A/B
7833,2026-06-03 12:04:22,23.4625,12.00,1.441,17.112,B,#2,HOLDING,1.000A/B
7834,2026-06-03 12:04:24,23.7125,9.06,1.441,17.112,B,#2,HOLDING,2.702A/B
7835,2026-06-03 12:04:26,23.9625,9.06,1.410,16.740,B,#2,HOLDING,2.782A/B
7836,2026-06-03 12:04:28,24.2125,9.06,1.410,16.740,B,#2,HOLDING,1.500A/B
7837,2026-06-03 12:04:30,24.4625,9.06,1.410,16.740,B,#2,HOLDING,1.000A/B
7838,2026-06-03 12:04:32,24.6875,9.31,1.410,16.740,B,#2,HOLDING,2.868A/B
7839,2026-06-03 12:04:34,24.9625,9.31,1.385,16.452,B,#2,HOLDING,1.500A/B
7840,2026-06-03 12:04:36,25.2125,9.31,1.385,16.452,B,#2,HOLDING,2.500A/B
7841,2026-06-03 12:04:38,25.4625,9.31,1.385,16.452,B,#2,HOLDING,2.000A/B
7842,2026-06-03 12:04:39,25.7250,12.00,1.385,16.452,B,#3,APPROACH,2.000A/B
7843,2026-06-03 12:04:41,26.0000,12.00,1.361,0.000,A,#3,APPROACH,0.184A/A
7844,2026-06-03 12:04:44,26.2125,12.00,1.361,0.000,A,#3,APPROACH,0.276A/A
7845,2026-06-03 12:04:46,26.4875,12.00,1.361,0.000,A,#3,APPROACH,0.385A/A
7846,2026-06-03 12:04:48,26.7250,12.00,1.361,0.000,A,#3,APPROACH,0.492A/A
7847,2026-06-03 12:04:49,26.9750,3.24,1.361,0.000,A,#3,APPROACH,0.614A/A
7848,2026-06-03 12:04:51,27.1875,3.24,0.576,2.707,A,#3,APPROACH,0.765A/A
7849,2026-06-03 12:04:54,27.3875,3.24,0.576,2.707,A,#3,APPROACH,0.984A/A
7850,2026-06-03 12:04:55,27.5500,3.24,0.576,2.707,A,#3,APPROACH,1.000A/A
7851,2026-06-03 12:04:57,27.7000,7.54,0.576,2.707,A,#3,APPROACH,1.148A/A
7852,2026-06-03 12:04:59,27.8000,7.54,1.115,10.159,A,#3,APPROACH,1.338A/A
7853,2026-06-03 12:05:01,27.9000,7.54,1.115,10.159,A,#3,APPROACH,1.000A/A
7854,2026-06-03 12:05:03,27.9750,7.54,1.115,10.159,A,#3,APPROACH,1.500A/A
7855,2026-06-03 12:05:05,28.0000,11.18,1.115,10.159,A,#3,APPROACH,1.579A/A
7856,2026-06-03 12:05:06,28.0375,11.18,1.579,18.744,A,#3,APPROACH,1.771A/A
7857,2026-06-03 12:05:09,28.0125,11.18,1.579,18.744,A,#3,APPROACH,1.500A/A
7858,2026-06-03 12:05:10,27.9875,11.18,1.579,18.744,A,#3,APPROACH,2.010A/A
7859,2026-06-03 12:05:12,27.9125,12.00,1.579,18.744,A,#3,APPROACH,2.192A/A
7860,2026-06-03 12:05:14,27.8125,12.00,1.531,18.132,A,#3,APPROACH,1.000A/A
7861,2026-06-03 12:05:17,27.7375,12.00,1.531,18.132,A,#3,APPROACH,1.500A/A
7862,2026-06-03 12:05:18,27.6375,12.00,1.531,18.132,A,#3,APPROACH,2.000A/A
7863,2026-06-03 12:05:20,27.4875,12.00,1.531,18.132,A,#3,APPROACH,1.000A/A
7864,2026-06-03 12:05:22,27.3250,12.00,1.045,8.710,A,#3,APPROACH,1.000A/A
7865,2026-06-03 12:05:24,27.1750,12.00,1.045,8.710,A,#3,APPROACH,2.000A/A
7866,2026-06-03 12:05:26,27.0125,12.00,1.045,8.710,A,#3,APPROACH,2.318A/A
7867,2026-06-03 12:05:28,26.8125,12.00,1.045,8.710,A,#3,APPROACH,2.457A/A
7868,2026-06-03 12:05:30,26.6625,12.00,1.480,17.616,A,#3,APPROACH,1.500A/A
7869,2026-06-03 12:05:32,26.4875,12.00,1.480,17.616,A,#3,APPROACH,1.000A/A
7870,2026-06-03 12:05:34,26.2875,12.00,1.480,17.616,A,#3,APPROACH,2.500A/A
7871,2026-06-03 12:05:35,26.0625,12.00,1.480,17.616,A,#3,APPROACH,2.500A/A
7872,2026-06-03 12:05:37,25.8875,12.00,1.455,17.292,A,#3,APPROACH,1.500A/A
7873,2026-06-03 12:05:40,25.6875,12.00,1.455,17.292,A,#3,APPROACH,1.500A/A
7874,2026-06-03 12:05:41,25.4500,12.00,1.455,17.292,A,#3,APPROACH,1.500A/A
7875,2026-06-03 12:05:43,25.2250,12.00,1.455,17.292,A,#3,APPROACH,2.000A/A
7876,2026-06-03 12:05:45,25.0375,12.00,1.437,17.100,A,#3,APPROACH,2.457A/A
7877,2026-06-03 12:05:47,24.8125,12.00,1.437,17.100,A,#3,APPROACH,1.000A/A
7878,2026-06-03 12:05:49,24.6375,12.00,1.437,17.100,A,#3,APPROACH,2.000A/A
7879,2026-06-03 12:05:51,24.3875,12.00,1.437,17.100,A,#3,APPROACH,2.528A/A
7880,2026-06-03 12:05:53,24.1875,12.00,1.430,17.016,A,#3,APPROACH,2.500A/A
7881,2026-06-03 12:05:55,23.9375,12.00,1.430,17.016,A,#3,APPROACH,2.500A/A
7882,2026-06-03 12:05:57,23.7625,12.00,1.430,17.016,A,#3,HOLDING,2.505A/A
7883,2026-06-03 12:05:58,23.5125,12.00,1.430,17.016,OFF,#3,HOLDING,0.000A/OFF
7884,2026-06-03 12:05:59,23.3250,12.00,1.430,17.016,OFF,#3,HOLDING,0.000A/OFF
7885,2026-06-03 12:06:00,23.3250,12.00,1.425,17.016,OFF,#3,HOLDING,0.000A/OFF
7886,2026-06-03 12:06:02,23.1000,12.00,1.425,0.000,OFF,#3,HOLDING,0.000A/OFF
7887,2026-06-03 12:06:03,23.1000,12.00,1.425,0.000,OFF,#3,HOLDING,0.000A/OFF
7888,2026-06-03 12:06:04,22.9000,12.00,1.425,0.000,OFF,#3,HOLDING,0.000A/OFF
7889,2026-06-03 12:06:05,22.9000,12.00,1.425,0.000,OFF,#3,HOLDING,0.000A/OFF
7890,2026-06-03 12:06:06,22.7000,12.00,1.425,0.000,OFF,#3,HOLDING,0.000A/OFF
7891,2026-06-03 12:06:07,22.7000,12.00,0.000,0.000,OFF,#3,HOLDING,0.000A/OFF
7892,2026-06-03 12:06:08,22.5125,12.00,0.000,0.000,OFF,#3,HOLDING,0.000A/OFF
7893,2026-06-03 12:06:09,22.5125,12.00,0.000,0.000,OFF,#3,HOLDING,0.000A/OFF
7894,2026-06-03 12:06:10,22.3625,12.00,0.000,0.000,OFF,#3,HOLDING,0.000A/OFF
7895,2026-06-03 12:06:11,22.3625,12.00,0.000,0.000,OFF,#3,HOLDING,0.000A/OFF
7896,2026-06-03 12:06:12,22.2375,12.00,0.000,0.000,OFF,#3,HOLDING,0.000A/OFF
7897,2026-06-03 12:06:13,22.1125,12.00,0.000,0.000,OFF,#3,HOLDING,0.000A/OFF
7898,2026-06-03 12:06:14,22.1125,12.00,0.000,0.000,OFF,#3,HOLDING,0.000A/OFF
7899,2026-06-03 12:06:15,21.9875,12.00,0.000,0.000,OFF,#3,HOLDING,0.000A/OFF
7900,2026-06-03 12:06:16,21.9875,12.00,0.000,0.000,OFF,#3,HOLDING,0.000A/OFF
7901,2026-06-03 12:06:17,21.9125,12.00,0.000,0.000,OFF,#3,HOLDING,0.000A/OFF
7902,2026-06-03 12:06:18,21.9125,12.00,0.000,0.000,OFF,#3,HOLDING,0.000A/OFF
7903,2026-06-03 12:06:19,21.8625,12.00,0.000,0.000,B,#3,HOLDING,0.119A/B
7904,2026-06-03 12:06:20,21.8625,12.00,0.059,0.070,B,#3,HOLDING,0.134A/B
7905,2026-06-03 12:06:23,21.7500,12.00,0.059,0.070,B,#3,HOLDING,0.245A/B
7906,2026-06-03 12:06:24,21.7000,12.00,0.059,0.070,B,#3,HOLDING,0.280A/B
7907,2026-06-03 12:06:26,21.7000,2.01,0.059,0.070,B,#3,HOLDING,0.321A/B
7908,2026-06-03 12:06:28,21.6875,2.01,0.299,0.789,B,#3,HOLDING,0.355A/B
7909,2026-06-03 12:06:30,21.6250,2.01,0.299,0.789,B,#3,HOLDING,0.413A/B
7910,2026-06-03 12:06:32,21.6250,2.01,0.299,0.789,B,#3,HOLDING,0.451A/B
7911,2026-06-03 12:06:34,21.6250,3.60,0.299,0.789,B,#3,HOLDING,0.493A/B
7912,2026-06-03 12:06:36,21.6500,3.60,0.470,2.001,B,#3,HOLDING,0.527A/B
7913,2026-06-03 12:06:38,21.6875,3.60,0.470,2.001,B,#3,HOLDING,0.576A/B
7914,2026-06-03 12:06:40,21.6875,3.60,0.470,2.001,B,#3,HOLDING,0.611A/B
7915,2026-06-03 12:06:41,21.6875,5.08,0.470,2.001,B,#3,HOLDING,0.655A/B
7916,2026-06-03 12:06:43,21.7250,5.08,0.631,3.641,B,#3,HOLDING,0.692A/B
7917,2026-06-03 12:06:46,21.8500,5.08,0.631,3.641,B,#3,HOLDING,0.674A/B
7918,2026-06-03 12:06:47,21.9000,5.08,0.631,3.641,B,#3,HOLDING,0.698A/B
7919,2026-06-03 12:06:49,21.9000,5.96,0.631,3.641,B,#3,HOLDING,0.735A/B
7920,2026-06-03 12:06:51,21.9750,5.96,0.714,4.711,B,#3,HOLDING,0.768A/B
7921,2026-06-03 12:06:53,22.1625,5.96,0.714,4.711,B,#3,HOLDING,0.790A/B
7922,2026-06-03 12:06:55,22.2625,5.96,0.714,4.711,B,#3,HOLDING,0.796A/B
7923,2026-06-03 12:06:57,22.2625,6.87,0.714,4.711,B,#3,HOLDING,0.823A/B
7924,2026-06-03 12:06:59,22.3500,6.87,0.823,5.958,B,#3,HOLDING,0.845A/B
7925,2026-06-03 12:07:01,22.5750,6.87,0.823,5.958,B,#3,HOLDING,0.851A/B
7926,2026-06-03 12:07:03,22.7000,6.87,0.823,5.958,B,#3,HOLDING,0.841A/B
7927,2026-06-03 12:07:05,22.7000,7.37,0.823,5.958,B,#3,HOLDING,0.853A/B
7928,2026-06-03 12:07:06,22.8000,7.37,0.853,6.499,B,#3,HOLDING,0.860A/B
7929,2026-06-03 12:07:09,23.0375,7.37,0.853,6.499,B,#3,HOLDING,0.844A/B
7930,2026-06-03 12:07:10,23.1875,7.37,0.853,6.499,B,#3,HOLDING,0.816A/B
7931,2026-06-03 12:07:12,23.1875,7.33,0.853,6.499,B,#3,HOLDING,0.811A/B
7932,2026-06-03 12:07:14,23.3250,7.33,0.811,6.033,B,#3,HOLDING,0.795A/B
7933,2026-06-03 12:07:16,23.6125,7.33,0.811,6.033,B,#3,HOLDING,0.751A/B
7934,2026-06-03 12:07:18,23.7625,7.33,0.811,6.033,B,#3,HOLDING,0.703A/B
7935,2026-06-03 12:07:20,23.7625,6.58,0.811,6.033,B,#4,APPROACH,0.680A/B
7936,2026-06-03 12:07:22,23.9250,6.58,0.680,0.000,B,#4,APPROACH,0.207A/B
7937,2026-06-03 12:07:24,24.2000,6.58,0.680,0.000,B,#4,APPROACH,0.208A/B
7938,2026-06-03 12:07:27,24.3250,6.58,0.680,0.000,B,#4,APPROACH,0.234A/B
7939,2026-06-03 12:07:28,24.4875,6.58,0.680,0.000,B,#4,APPROACH,0.249A/B
7940,2026-06-03 12:07:30,24.6125,3.04,0.680,0.000,B,#4,APPROACH,0.280A/B
7941,2026-06-03 12:07:32,24.7250,3.04,0.280,0.924,B,#4,APPROACH,0.326A/B
7942,2026-06-03 12:07:34,24.8250,3.04,0.280,0.924,B,#4,APPROACH,0.407A/B
7943,2026-06-03 12:07:36,24.9500,3.04,0.280,0.924,B,#4,APPROACH,0.439A/B
7944,2026-06-03 12:07:37,25.0250,4.44,0.280,0.924,B,#4,APPROACH,0.521A/B
7945,2026-06-03 12:07:39,25.1125,4.44,0.521,2.709,B,#4,APPROACH,0.610A/B
7946,2026-06-03 12:07:42,25.2125,4.44,0.521,2.709,B,#4,APPROACH,0.739A/B
7947,2026-06-03 12:07:43,25.2875,4.44,0.521,2.709,B,#4,APPROACH,0.818A/B
7948,2026-06-03 12:07:45,25.3875,7.32,0.521,2.709,B,#4,APPROACH,0.906A/B
7949,2026-06-03 12:07:47,25.4750,7.32,0.906,7.429,B,#4,APPROACH,0.990A/B
7950,2026-06-03 12:07:49,25.6000,7.32,0.906,7.429,B,#4,APPROACH,1.092A/B
7951,2026-06-03 12:07:51,25.6750,7.32,0.906,7.429,B,#4,APPROACH,1.000A/B
7952,2026-06-03 12:07:53,25.7750,8.78,0.906,7.429,B,#4,APPROACH,1.156A/B
7953,2026-06-03 12:07:55,25.8875,8.78,1.139,11.640,B,#4,APPROACH,1.224A/B
7954,2026-06-03 12:07:57,25.9625,8.78,1.139,11.640,B,#4,APPROACH,1.000A/B
7955,2026-06-03 12:07:59,26.1000,8.78,1.139,11.640,B,#4,APPROACH,1.302A/B
7956,2026-06-03 12:08:01,26.2000,10.99,1.139,11.640,B,#4,APPROACH,1.000A/B
7957,2026-06-03 12:08:02,26.3500,10.99,1.018,9.120,B,#4,APPROACH,1.346A/B
7958,2026-06-03 12:08:05,26.4500,10.99,1.018,9.120,B,#4,APPROACH,1.419A/B
7959,2026-06-03 12:08:06,26.6000,10.99,1.018,9.120,B,#4,APPROACH,1.445A/B
7960,2026-06-03 12:08:08,26.7500,12.00,1.018,9.120,B,#4,APPROACH,1.480A/B
7961,2026-06-03 12:08:10,26.9000,12.00,1.408,16.692,B,#4,HOLDING,1.000A/B
7962,2026-06-03 12:08:12,27.0500,12.00,1.408,16.692,OFF,#4,HOLDING,0.000A/OFF
7963,2026-06-03 12:08:13,27.0500,12.00,1.408,16.692,OFF,#4,HOLDING,0.000A/OFF
7964,2026-06-03 12:08:14,27.1750,12.00,1.408,16.692,OFF,#4,HOLDING,0.000A/OFF
7965,2026-06-03 12:08:15,27.1750,12.00,1.408,16.692,OFF,#4,HOLDING,0.000A/OFF
7966,2026-06-03 12:08:16,27.3500,12.00,0.000,16.692,OFF,#4,HOLDING,0.000A/OFF
7967,2026-06-03 12:08:17,27.3500,12.00,0.000,16.692,OFF,#4,HOLDING,0.000A/OFF
7968,2026-06-03 12:08:18,27.5250,12.00,0.000,0.000,OFF,#4,HOLDING,0.000A/OFF
7969,2026-06-03 12:08:19,27.7000,12.00,0.000,0.000,OFF,#4,HOLDING,0.000A/OFF
7970,2026-06-03 12:08:20,27.7000,12.00,0.000,0.000,OFF,#4,HOLDING,0.000A/OFF
7971,2026-06-03 12:08:22,27.8250,12.00,0.000,0.000,OFF,#4,HOLDING,0.000A/OFF
7972,2026-06-03 12:08:23,27.8250,12.00,0.000,0.000,B,#4,HOLDING,0.107A/B
7973,2026-06-03 12:08:25,27.9500,12.00,0.000,0.000,B,#4,HOLDING,0.000A/OFF
7974,2026-06-03 12:08:26,28.0625,12.00,0.000,0.522,OFF,#4,HOLDING,0.000A/OFF
7975,2026-06-03 12:08:27,28.0625,12.00,0.000,0.522,OFF,#4,HOLDING,0.000A/OFF
7976,2026-06-03 12:08:28,28.1875,12.00,0.000,0.522,OFF,#4,HOLDING,0.000A/OFF
7977,2026-06-03 12:08:29,28.1875,12.00,0.000,0.522,OFF,#4,HOLDING,0.000A/OFF
7978,2026-06-03 12:08:30,28.2625,12.00,0.000,0.522,OFF,#4,HOLDING,0.000A/OFF
7979,2026-06-03 12:08:31,28.2625,12.00,0.000,0.522,OFF,#4,HOLDING,0.000A/OFF
7980,2026-06-03 12:08:32,28.3625,12.00,0.000,0.000,OFF,#4,HOLDING,0.000A/OFF
7981,2026-06-03 12:08:33,28.3625,12.00,0.000,0.000,OFF,#4,HOLDING,0.000A/OFF
7982,2026-06-03 12:08:34,28.4375,12.00,0.000,0.000,OFF,#4,HOLDING,0.000A/OFF
7983,2026-06-03 12:08:35,28.4375,12.00,0.000,0.000,OFF,#4,HOLDING,0.000A/OFF
7984,2026-06-03 12:08:36,28.4625,12.00,0.000,0.000,OFF,#4,HOLDING,0.000A/OFF
7985,2026-06-03 12:08:37,28.4625,12.00,0.000,0.000,OFF,#4,HOLDING,0.000A/OFF
7986,2026-06-03 12:08:38,28.5125,12.00,0.000,0.000,OFF,#4,HOLDING,0.000A/OFF
7987,2026-06-03 12:08:39,28.5125,12.00,0.000,0.000,OFF,#4,HOLDING,0.000A/OFF
7988,2026-06-03 12:08:40,28.5125,12.00,0.000,0.000,OFF,#4,HOLDING,0.000A/OFF
7989,2026-06-03 12:08:41,28.5125,12.00,0.000,0.000,OFF,#4,HOLDING,0.000A/OFF
7990,2026-06-03 12:08:42,28.5250,12.00,0.000,0.000,OFF,#4,HOLDING,0.000A/OFF
7991,2026-06-03 12:08:43,28.5250,12.00,0.000,0.000,OFF,#4,HOLDING,0.000A/OFF
7992,2026-06-03 12:08:44,28.5250,12.00,0.000,0.000,OFF,#4,HOLDING,0.000A/OFF
7993,2026-06-03 12:08:45,28.5250,12.00,0.000,0.000,OFF,#4,HOLDING,0.000A/OFF
7994,2026-06-03 12:08:46,28.5250,12.00,0.000,0.000,OFF,#4,HOLDING,0.000A/OFF
7995,2026-06-03 12:08:47,28.5000,12.00,0.000,0.000,OFF,#4,HOLDING,0.000A/OFF
7996,2026-06-03 12:08:48,28.5000,12.00,0.000,0.000,A,#4,HOLDING,0.103A/A
7997,2026-06-03 12:08:50,28.4625,12.00,0.091,0.000,A,#4,HOLDING,0.119A/A
7998,2026-06-03 12:08:51,28.4375,12.00,0.091,0.096,A,#4,HOLDING,0.141A/A
7999,2026-06-03 12:08:53,28.4250,12.00,0.091,0.096,A,#4,HOLDING,0.156A/A
8000,2026-06-03 12:08:55,28.3750,12.00,0.091,0.096,A,#4,HOLDING,0.170A/A
8001,2026-06-03 12:08:56,28.3000,1.31,0.091,0.096,A,#4,HOLDING,0.180A/A
8002,2026-06-03 12:08:58,28.2250,1.31,0.180,0.275,A,#4,HOLDING,0.186A/A
8003,2026-06-03 12:09:01,28.1500,1.31,0.180,0.275,A,#4,HOLDING,0.198A/A
8004,2026-06-03 12:09:02,28.0750,1.31,0.180,0.275,A,#4,HOLDING,0.203A/A
8005,2026-06-03 12:09:04,27.9875,1.75,0.180,0.275,A,#4,HOLDING,0.205A/A
8006,2026-06-03 12:09:06,27.9125,1.75,0.205,0.393,A,#4,HOLDING,0.204A/A
8007,2026-06-03 12:09:08,27.8625,1.75,0.205,0.393,A,#4,HOLDING,0.207A/A
8008,2026-06-03 12:09:10,27.7375,1.75,0.205,0.393,A,#4,HOLDING,0.196A/A
8009,2026-06-03 12:09:12,27.6750,1.85,0.205,0.393,A,#5,APPROACH,0.189A/A
8010,2026-06-03 12:09:14,27.5750,1.85,0.189,0.000,A,#5,APPROACH,0.484A/A
8011,2026-06-03 12:09:16,27.4875,1.85,0.189,0.000,A,#5,APPROACH,0.513A/A
8012,2026-06-03 12:09:18,27.3625,1.85,0.189,0.000,A,#5,APPROACH,0.547A/A
8013,2026-06-03 12:09:20,27.2625,1.85,0.189,0.000,A,#5,APPROACH,0.577A/A
8014,2026-06-03 12:09:22,27.1125,5.06,0.189,0.000,A,#5,APPROACH,0.611A/A
8015,2026-06-03 12:09:23,27.0250,5.06,0.611,3.317,A,#5,APPROACH,0.669A/A
8016,2026-06-03 12:09:26,26.9250,5.06,0.611,3.317,A,#5,APPROACH,0.763A/A
8017,2026-06-03 12:09:27,26.7875,5.06,0.611,3.317,A,#5,APPROACH,0.829A/A
8018,2026-06-03 12:09:29,26.6125,7.03,0.611,3.317,A,#5,APPROACH,0.908A/A
8019,2026-06-03 12:09:31,26.5125,7.03,0.908,7.127,A,#5,APPROACH,1.003A/A
8020,2026-06-03 12:09:34,26.3625,7.03,0.908,7.127,A,#5,APPROACH,1.142A/A
8021,2026-06-03 12:09:35,26.2375,7.03,0.908,7.127,A,#5,APPROACH,1.241A/A
8022,2026-06-03 12:09:37,26.0625,10.09,0.908,7.127,A,#5,APPROACH,1.359A/A
8023,2026-06-03 12:09:39,25.9500,10.09,1.316,15.125,A,#5,APPROACH,1.490A/A
8024,2026-06-03 12:09:41,25.7500,10.09,1.316,15.125,A,#5,APPROACH,1.670A/A
8025,2026-06-03 12:09:43,25.6250,10.09,1.316,15.125,A,#5,APPROACH,1.799A/A
8026,2026-06-03 12:09:45,25.4000,12.00,1.316,15.125,A,#5,APPROACH,1.500A/A
8027,2026-06-03 12:09:47,25.2250,12.00,1.479,17.556,A,#5,APPROACH,1.931A/A
8028,2026-06-03 12:09:49,25.0250,12.00,1.479,17.556,A,#5,APPROACH,2.148A/A
8029,2026-06-03 12:09:51,24.8250,12.00,1.479,17.556,A,#5,APPROACH,2.295A/A
8030,2026-06-03 12:09:52,24.6250,12.00,1.479,17.556,A,#5,APPROACH,2.000A/A
8031,2026-06-03 12:09:54,24.4125,12.00,1.449,17.208,A,#5,APPROACH,2.000A/A
8032,2026-06-03 12:09:57,24.2125,12.00,1.449,17.208,A,#5,APPROACH,2.454A/A
8033,2026-06-03 12:09:58,24.0000,12.00,1.449,17.208,A,#5,APPROACH,2.500A/A
8034,2026-06-03 12:10:00,23.7500,12.00,1.449,17.208,A,#5,APPROACH,2.605A/A
8035,2026-06-03 12:10:02,23.5625,12.00,1.433,17.040,A,#5,APPROACH,1.000A/A
8036,2026-06-03 12:10:04,23.3125,12.00,1.433,17.040,A,#5,APPROACH,1.000A/A
8037,2026-06-03 12:10:06,23.1000,12.00,1.433,17.040,A,#5,APPROACH,1.000A/A
8038,2026-06-03 12:10:08,22.8750,9.05,1.433,17.040,A,#5,APPROACH,2.000A/A
8039,2026-06-03 12:10:10,22.7000,9.05,1.425,17.016,A,#5,APPROACH,1.000A/A
8040,2026-06-03 12:10:12,22.4500,9.05,1.425,17.016,A,#5,APPROACH,1.000A/A
8041,2026-06-03 12:10:14,22.2625,9.05,1.425,17.016,A,#5,APPROACH,2.000A/A
8042,2026-06-03 12:10:16,22.0625,12.00,1.425,17.016,A,#5,APPROACH,2.500A/A
8043,2026-06-03 12:10:17,21.8625,12.00,1.423,16.860,A,#5,APPROACH,1.500A/A
8044,2026-06-03 12:10:20,21.6625,12.00,1.423,16.860,A,#5,APPROACH,2.709A/A
8045,2026-06-03 12:10:21,21.4500,12.00,1.423,16.860,A,#5,APPROACH,1.500A/A
8046,2026-06-03 12:10:23,21.2500,12.00,1.423,16.860,A,#5,APPROACH,2.797A/A
8047,2026-06-03 12:10:25,21.0750,12.00,1.409,16.776,A,#5,APPROACH,2.500A/A
8048,2026-06-03 12:10:27,20.8750,12.00,1.409,16.776,A,#5,APPROACH,1.000A/A
8049,2026-06-03 12:10:29,20.6875,12.00,1.409,16.776,A,#5,APPROACH,2.000A/A
8050,2026-06-03 12:10:31,20.4875,12.00,1.409,16.776,A,#5,APPROACH,1.500A/A
8051,2026-06-03 12:10:33,20.3500,12.00,1.409,16.776,A,#5,APPROACH,2.000A/A
8052,2026-06-03 12:10:35,20.1750,12.00,1.409,16.776,A,#5,APPROACH,1.500A/A
8053,2026-06-03 12:10:37,19.9500,12.00,1.409,16.776,A,#5,APPROACH,1.500A/A
8054,2026-06-03 12:10:39,19.7750,12.00,1.409,16.776,A,#5,APPROACH,2.500A/A
8055,2026-06-03 12:10:40,19.5875,12.00,1.399,16.584,A,#5,APPROACH,1.500A/A
8056,2026-06-03 12:10:43,19.4375,12.00,1.399,16.584,A,#5,APPROACH,2.000A/A
8057,2026-06-03 12:10:44,19.2875,12.00,1.399,16.584,A,#5,APPROACH,1.000A/A
8058,2026-06-03 12:10:46,19.1125,9.32,1.399,16.584,A,#5,APPROACH,1.000A/A
8059,2026-06-03 12:10:48,18.9500,9.32,1.000,9.460,A,#5,HOLDING,2.715A/A
8060,2026-06-03 12:10:51,18.8000,9.32,1.000,9.460,OFF,#5,HOLDING,0.000A/OFF
8061,2026-06-03 12:10:52,18.6500,9.32,1.000,9.460,OFF,#5,HOLDING,0.000A/OFF
8062,2026-06-03 12:10:53,18.6500,9.32,1.000,9.460,OFF,#5,HOLDING,0.000A/OFF
8063,2026-06-03 12:10:54,18.5250,9.32,1.000,9.460,OFF,#5,HOLDING,0.000A/OFF
8064,2026-06-03 12:10:55,18.5250,12.00,0.000,9.460,OFF,#5,HOLDING,0.000A/OFF
8065,2026-06-03 12:10:56,18.4000,12.00,0.000,9.460,OFF,#5,HOLDING,0.000A/OFF
8066,2026-06-03 12:10:57,18.4000,12.00,0.000,0.000,OFF,#5,HOLDING,0.000A/OFF
8067,2026-06-03 12:10:58,18.2750,12.00,0.000,0.000,OFF,#5,HOLDING,0.000A/OFF
8068,2026-06-03 12:10:59,18.2750,12.00,0.000,0.000,OFF,#5,HOLDING,0.000A/OFF
8069,2026-06-03 12:11:00,18.1750,12.00,0.000,0.000,OFF,#5,HOLDING,0.000A/OFF
8070,2026-06-03 12:11:01,18.1750,12.00,0.000,0.000,OFF,#5,HOLDING,0.000A/OFF
8071,2026-06-03 12:11:02,18.1000,12.00,0.000,0.000,OFF,#5,HOLDING,0.000A/OFF
8072,2026-06-03 12:11:03,18.1000,12.00,0.000,0.000,OFF,#5,HOLDING,0.000A/OFF
8073,2026-06-03 12:11:04,18.0250,12.00,0.000,0.000,OFF,#5,HOLDING,0.000A/OFF
8074,2026-06-03 12:11:05,18.0250,12.00,0.000,0.000,OFF,#5,HOLDING,0.000A/OFF
8075,2026-06-03 12:11:06,17.9750,12.00,0.000,0.000,OFF,#5,HOLDING,0.000A/OFF
8076,2026-06-03 12:11:07,17.9750,12.00,0.000,0.000,OFF,#5,HOLDING,0.000A/OFF
8077,2026-06-03 12:11:08,17.9375,12.00,0.000,0.000,OFF,#5,HOLDING,0.000A/OFF
8078,2026-06-03 12:11:09,17.9375,12.00,0.000,0.000,OFF,#5,HOLDING,0.000A/OFF
8079,2026-06-03 12:11:10,17.9375,12.00,0.000,0.000,OFF,#5,HOLDING,0.000A/OFF
8080,2026-06-03 12:11:11,17.9375,12.00,0.000,0.000,OFF,#5,HOLDING,0.000A/OFF
8081,2026-06-03 12:11:12,17.9375,12.00,0.000,0.000,OFF,#5,HOLDING,0.000A/OFF
8082,2026-06-03 12:11:13,17.9375,12.00,0.000,0.000,OFF,#5,HOLDING,0.000A/OFF
8083,2026-06-03 12:11:14,17.9375,12.00,0.000,0.000,OFF,#5,HOLDING,0.000A/OFF
8084,2026-06-03 12:11:15,17.9375,12.00,0.000,0.000,OFF,#5,HOLDING,0.000A/OFF
8085,2026-06-03 12:11:16,17.9375,12.00,0.000,0.000,OFF,#5,HOLDING,0.000A/OFF
8086,2026-06-03 12:11:17,17.9875,12.00,0.000,0.000,OFF,#5,HOLDING,0.000A/OFF
8087,2026-06-03 12:11:18,17.9875,12.00,0.000,0.000,OFF,#5,HOLDING,0.000A/OFF
8088,2026-06-03 12:11:19,18.0375,12.00,0.000,0.000,B,#1,APPROACH,0.117A/B
8089,2026-06-03 12:11:21,18.0625,0.79,0.000,0.000,B,#1,APPROACH,0.177A/B
8090,2026-06-03 12:11:23,18.1250,0.79,0.925,0.000,B,#1,APPROACH,0.237A/B
8091,2026-06-03 12:11:25,18.1500,0.79,0.925,0.523,B,#1,APPROACH,0.299A/B
8092,2026-06-03 12:11:27,18.2250,0.79,0.925,0.523,B,#1,APPROACH,0.336A/B
8093,2026-06-03 12:11:28,18.3250,0.79,0.925,0.523,B,#1,APPROACH,0.369A/B
8094,2026-06-03 12:11:30,18.3250,3.17,0.925,0.523,B,#1,APPROACH,0.422A/B
8095,2026-06-03 12:11:32,18.5250,3.17,0.422,1.578,B,#1,APPROACH,0.445A/B
8096,2026-06-03 12:11:34,18.6500,3.17,0.422,1.578,B,#1,APPROACH,0.490A/B
8097,2026-06-03 12:11:36,18.7750,3.17,0.422,1.578,B,#1,HOLDING,0.453A/B
8098,2026-06-03 12:11:38,18.7750,3.17,0.422,1.578,OFF,#1,HOLDING,0.000A/OFF
8099,2026-06-03 12:11:39,18.9125,3.97,0.422,1.578,OFF,#1,HOLDING,0.000A/OFF
8100,2026-06-03 12:11:40,19.0125,3.97,0.453,1.578,OFF,#1,HOLDING,0.000A/OFF
8101,2026-06-03 12:11:41,19.0125,3.97,0.453,0.000,OFF,#1,HOLDING,0.000A/OFF
8102,2026-06-03 12:11:42,19.1375,3.97,0.453,0.000,OFF,#1,HOLDING,0.000A/OFF
8103,2026-06-03 12:11:43,19.1375,3.97,0.453,0.000,OFF,#1,HOLDING,0.000A/OFF
8104,2026-06-03 12:11:44,19.2625,3.97,0.453,0.000,OFF,#1,HOLDING,0.000A/OFF
8105,2026-06-03 12:11:45,19.2625,12.00,0.453,0.000,OFF,#1,HOLDING,0.000A/OFF
8106,2026-06-03 12:11:46,19.4000,12.00,0.000,0.000,OFF,#1,HOLDING,0.000A/OFF
8107,2026-06-03 12:11:47,19.4000,12.00,0.000,0.000,B,#1,HOLDING,0.108A/B
8108,2026-06-03 12:11:48,19.5250,12.00,0.000,0.000,B,#1,HOLDING,0.000A/OFF
8109,2026-06-03 12:11:49,19.6125,12.00,0.000,0.000,B,#1,HOLDING,0.110A/B
8110,2026-06-03 12:11:51,19.7375,12.00,0.000,0.000,OFF,#1,HOLDING,0.000A/OFF
8111,2026-06-03 12:11:52,19.7375,12.00,0.000,0.000,OFF,#1,HOLDING,0.110A/B
8112,2026-06-03 12:11:54,19.8250,12.00,0.000,0.000,B,#1,HOLDING,0.111A/B
8113,2026-06-03 12:11:56,19.9500,12.00,0.000,0.000,B,#1,HOLDING,0.101A/B
8114,2026-06-03 12:11:58,20.0500,12.00,0.000,0.000,OFF,#1,HOLDING,0.000A/OFF
8115,2026-06-03 12:11:59,20.0500,12.00,0.000,0.000,OFF,#1,HOLDING,0.000A/OFF
8116,2026-06-03 12:12:00,20.1750,12.00,0.000,0.000,OFF,#1,HOLDING,0.000A/OFF
8117,2026-06-03 12:12:01,20.1750,12.00,0.793,0.000,OFF,#1,HOLDING,0.000A/OFF
8118,2026-06-03 12:12:02,20.2625,12.00,0.793,0.000,OFF,#1,HOLDING,0.000A/OFF
8119,2026-06-03 12:12:03,20.3625,12.00,0.793,0.000,OFF,#1,HOLDING,0.000A/OFF
8120,2026-06-03 12:12:04,20.3625,12.00,0.793,0.000,OFF,#1,HOLDING,0.000A/OFF
8121,2026-06-03 12:12:05,20.4750,12.00,0.793,0.000,OFF,#1,HOLDING,0.000A/OFF
8122,2026-06-03 12:12:06,20.4750,12.00,0.793,0.000,OFF,#1,HOLDING,0.000A/OFF
8123,2026-06-03 12:12:07,20.5750,12.00,0.000,0.000,OFF,#1,HOLDING,0.000A/OFF
8124,2026-06-03 12:12:08,20.5750,12.00,0.000,0.000,OFF,#1,HOLDING,0.000A/OFF
8125,2026-06-03 12:12:09,20.6875,12.00,0.000,0.000,OFF,#1,HOLDING,0.000A/OFF
8126,2026-06-03 12:12:10,20.6875,12.00,0.000,0.000,OFF,#1,HOLDING,0.000A/OFF
8127,2026-06-03 12:12:11,20.7875,12.00,0.000,0.000,A,#1,HOLDING,0.177A/A
8128,2026-06-03 12:12:13,20.8875,12.00,0.000,0.000,A,#1,HOLDING,0.216A/A
8129,2026-06-03 12:12:15,20.9875,12.00,0.203,0.416,A,#1,HOLDING,0.279A/A
8130,2026-06-03 12:12:17,21.0500,12.00,0.203,0.416,A,#1,HOLDING,0.333A/A
8131,2026-06-03 12:12:19,21.1250,12.00,0.203,0.416,A,#1,HOLDING,0.382A/A
8132,2026-06-03 12:12:21,21.1625,3.28,0.203,0.416,A,#1,HOLDING,0.432A/A
8133,2026-06-03 12:12:22,21.2375,3.28,0.412,1.637,A,#1,HOLDING,0.495A/A
8134,2026-06-03 12:12:25,21.2875,3.28,0.412,1.637,A,#1,HOLDING,0.569A/A
8135,2026-06-03 12:12:26,21.3375,3.28,0.412,1.637,A,#1,HOLDING,0.627A/A
8136,2026-06-03 12:12:28,21.3750,5.31,0.412,1.637,A,#1,HOLDING,0.687A/A
8137,2026-06-03 12:12:30,21.4000,5.31,0.658,4.080,A,#1,HOLDING,0.750A/A
8138,2026-06-03 12:12:32,21.4375,5.31,0.658,4.080,A,#1,HOLDING,0.832A/A
8139,2026-06-03 12:12:34,21.4125,5.31,0.658,4.080,A,#1,HOLDING,0.878A/A
8140,2026-06-03 12:12:36,21.4250,7.40,0.658,4.080,A,#1,HOLDING,0.942A/A
8141,2026-06-03 12:12:38,21.3750,7.40,0.913,7.573,A,#1,HOLDING,0.992A/A
8142,2026-06-03 12:12:40,21.3750,7.40,0.913,7.573,A,#1,HOLDING,1.075A/A
8143,2026-06-03 12:12:42,21.3250,7.40,0.913,7.573,A,#1,HOLDING,1.118A/A
8144,2026-06-03 12:12:44,21.2750,9.17,0.913,7.573,A,#1,HOLDING,1.174A/A
8145,2026-06-03 12:12:45,21.2000,9.17,1.174,11.563,A,#1,HOLDING,1.217A/A
8146,2026-06-03 12:12:48,21.1500,9.17,1.174,11.563,A,#1,HOLDING,1.285A/A
8147,2026-06-03 12:12:49,21.0750,9.17,1.174,11.563,A,#1,HOLDING,1.322A/A
8148,2026-06-03 12:12:51,21.0250,10.72,1.174,11.563,A,#1,HOLDING,1.371A/A
8149,2026-06-03 12:12:53,20.9250,10.72,1.371,15.684,A,#1,HOLDING,1.000A/A
8150,2026-06-03 12:12:55,20.8375,10.72,1.371,15.684,A,#1,HOLDING,1.000A/A
8151,2026-06-03 12:12:57,20.7375,10.72,1.371,15.684,A,#1,HOLDING,1.000A/A
8152,2026-06-03 12:12:59,20.6375,8.81,1.371,15.684,A,#1,HOLDING,1.339A/A
8153,2026-06-03 12:13:01,20.5125,8.81,1.311,15.157,A,#1,HOLDING,1.364A/A
8154,2026-06-03 12:13:03,20.3875,8.81,1.311,15.157,A,#1,HOLDING,1.399A/A
8155,2026-06-03 12:13:05,20.2625,8.81,1.311,15.157,A,#1,HOLDING,1.413A/A
8156,2026-06-03 12:13:07,20.1500,11.57,1.311,15.157,A,#1,HOLDING,1.431A/A
8157,2026-06-03 12:13:08,20.0250,11.57,1.431,17.148,A,#1,HOLDING,1.441A/A
8158,2026-06-03 12:13:11,19.9000,11.57,1.431,17.148,A,#1,HOLDING,1.000A/A
8159,2026-06-03 12:13:12,19.7500,11.57,1.431,17.148,A,#1,HOLDING,1.450A/A
8160,2026-06-03 12:13:14,19.6375,11.94,1.431,17.148,A,#1,HOLDING,1.448A/A
8161,2026-06-03 12:13:16,19.4875,11.94,1.428,16.908,A,#1,HOLDING,1.000A/A
8162,2026-06-03 12:13:19,19.3375,11.94,1.428,16.908,A,#1,HOLDING,1.440A/A
8163,2026-06-03 12:13:20,19.2125,11.94,1.428,16.908,A,#1,HOLDING,1.421A/A
8164,2026-06-03 12:13:22,19.0750,11.83,1.428,16.908,A,#1,HOLDING,1.000A/A
8165,2026-06-03 12:13:24,18.9250,11.83,1.012,9.350,A,#2,APPROACH,1.395A/A
8166,2026-06-03 12:13:26,18.8000,11.83,1.012,9.350,OFF,#2,HOLDING,0.000A/OFF
8167,2026-06-03 12:13:27,18.8000,11.83,1.012,9.350,OFF,#2,HOLDING,0.000A/OFF
8168,2026-06-03 12:13:28,18.6750,11.83,1.012,9.350,OFF,#2,HOLDING,0.000A/OFF
8169,2026-06-03 12:13:29,18.6750,11.83,1.012,9.350,OFF,#2,HOLDING,0.000A/OFF
8170,2026-06-03 12:13:30,18.5125,11.83,1.012,9.350,OFF,#2,HOLDING,0.000A/OFF
8171,2026-06-03 12:13:31,18.5125,12.00,1.012,9.350,OFF,#2,HOLDING,0.000A/OFF
8172,2026-06-03 12:13:32,18.3875,12.00,0.000,9.350,OFF,#2,HOLDING,0.000A/OFF
8173,2026-06-03 12:13:33,18.3875,12.00,0.000,0.000,OFF,#2,HOLDING,0.000A/OFF
8174,2026-06-03 12:13:34,18.2750,12.00,0.000,0.000,OFF,#2,HOLDING,0.000A/OFF
8175,2026-06-03 12:13:35,18.1750,12.00,0.000,0.000,OFF,#2,HOLDING,0.000A/OFF
8176,2026-06-03 12:13:36,18.1750,12.00,0.000,0.000,OFF,#2,HOLDING,0.000A/OFF
8177,2026-06-03 12:13:37,18.1500,12.00,0.000,0.000,A,#2,HOLDING,0.104A/A
8178,2026-06-03 12:13:39,18.1500,12.00,0.050,0.169,A,#2,HOLDING,0.132A/A
8179,2026-06-03 12:13:41,18.0625,12.00,0.050,0.169,A,#2,HOLDING,0.138A/A
8180,2026-06-03 12:13:43,18.0625,12.00,0.050,0.169,A,#2,HOLDING,0.151A/A
8181,2026-06-03 12:13:45,18.0125,1.93,0.050,0.169,A,#2,HOLDING,0.154A/A
8182,2026-06-03 12:13:47,18.0000,1.93,0.154,0.301,A,#2,HOLDING,0.167A/A
8183,2026-06-03 12:13:49,18.0000,1.93,0.154,0.301,A,#2,HOLDING,0.176A/A
8184,2026-06-03 12:13:51,18.0000,1.93,0.154,0.301,A,#2,HOLDING,0.187A/A
8185,2026-06-03 12:13:53,18.0000,2.15,0.154,0.301,A,#2,HOLDING,0.196A/A
8186,2026-06-03 12:13:54,18.0000,2.15,0.196,0.442,A,#2,HOLDING,0.203A/A
8187,2026-06-03 12:13:57,18.0000,2.15,0.196,0.442,A,#2,HOLDING,0.213A/A
8188,2026-06-03 12:13:58,18.0000,2.15,0.196,0.442,A,#2,HOLDING,0.219A/A
8189,2026-06-03 12:14:00,18.0250,2.39,0.196,0.442,A,#2,HOLDING,0.230A/A
8190,2026-06-03 12:14:02,18.0625,2.39,0.230,0.581,A,#2,HOLDING,0.243A/A
8191,2026-06-03 12:14:04,18.1250,2.39,0.230,0.581,A,#2,HOLDING,0.263A/A
8192,2026-06-03 12:14:06,18.1250,2.39,0.230,0.581,A,#2,HOLDING,0.271A/A
8193,2026-06-03 12:14:08,18.1250,2.80,0.230,0.581,A,#2,HOLDING,0.280A/A
8194,2026-06-03 12:14:10,18.1625,2.80,0.280,0.817,A,#2,HOLDING,0.292A/A
8195,2026-06-03 12:14:12,18.2500,2.80,0.280,0.817,A,#2,HOLDING,0.320A/A
8196,2026-06-03 12:14:14,18.2500,2.80,0.280,0.817,A,#2,HOLDING,0.334A/A
8197,2026-06-03 12:14:16,18.2500,3.28,0.280,0.817,A,#2,HOLDING,0.348A/A
8198,2026-06-03 12:14:17,18.2500,3.28,0.348,1.214,A,#2,HOLDING,0.358A/A
8199,2026-06-03 12:14:20,18.3125,3.28,0.348,1.214,A,#2,HOLDING,0.387A/A
8200,2026-06-03 12:14:21,18.3125,3.28,0.348,1.214,A,#2,HOLDING,0.403A/A
8201,2026-06-03 12:14:23,18.3125,3.91,0.348,1.214,A,#2,HOLDING,0.422A/A
8202,2026-06-03 12:14:25,18.3500,3.91,0.411,1.751,A,#2,HOLDING,0.442A/A
8203,2026-06-03 12:14:27,18.4125,3.91,0.411,1.751,A,#3,APPROACH,0.475A/A
8204,2026-06-03 12:14:29,18.4125,3.91,0.411,1.751,B,#3,APPROACH,0.380A/B
8205,2026-06-03 12:14:31,18.4125,3.91,0.411,1.751,B,#3,APPROACH,0.400A/B
8206,2026-06-03 12:14:33,18.4375,11.64,0.411,1.751,B,#3,APPROACH,0.443A/B
8207,2026-06-03 12:14:35,18.4375,11.64,1.052,1.656,B,#3,APPROACH,0.505A/B
8208,2026-06-03 12:14:37,18.5125,11.64,1.052,1.656,B,#3,APPROACH,0.589A/B
8209,2026-06-03 12:14:39,18.5125,11.64,1.052,1.656,B,#3,APPROACH,0.659A/B
8210,2026-06-03 12:14:41,18.5500,5.46,1.052,1.656,B,#3,APPROACH,0.750A/B
8211,2026-06-03 12:14:43,18.6750,5.46,0.705,4.762,B,#3,APPROACH,0.844A/B
8212,2026-06-03 12:14:45,18.8875,5.46,0.705,4.762,B,#3,APPROACH,0.970A/B
8213,2026-06-03 12:14:47,18.8875,5.46,0.705,4.762,B,#3,APPROACH,1.079A/B
8214,2026-06-03 12:14:48,18.9875,8.60,0.705,4.762,B,#3,APPROACH,1.000A/B
8215,2026-06-03 12:14:50,19.1375,8.60,1.012,8.340,B,#3,APPROACH,1.202A/B
8216,2026-06-03 12:14:53,19.3875,8.60,1.012,8.340,B,#3,APPROACH,1.376A/B
8217,2026-06-03 12:14:54,19.3875,8.60,1.012,8.340,B,#3,APPROACH,1.518A/B
8218,2026-06-03 12:14:56,19.5500,11.67,1.012,8.340,B,#3,APPROACH,1.500A/B
8219,2026-06-03 12:14:58,19.7500,11.67,1.500,17.865,B,#3,APPROACH,1.672A/B
8220,2026-06-03 12:15:00,20.1250,11.67,1.500,17.865,B,#3,APPROACH,1.000A/B
8221,2026-06-03 12:15:02,20.1250,11.67,1.500,17.865,B,#3,APPROACH,1.500A/B
8222,2026-06-03 12:15:04,20.3000,11.95,1.500,17.865,B,#3,APPROACH,1.500A/B
8223,2026-06-03 12:15:06,20.5000,11.95,1.479,17.520,B,#3,APPROACH,1.871A/B
8224,2026-06-03 12:15:08,20.9625,11.95,1.479,17.520,B,#3,APPROACH,1.500A/B
8225,2026-06-03 12:15:10,20.9625,11.95,1.479,17.520,B,#3,APPROACH,1.000A/B
8226,2026-06-03 12:15:11,21.2125,8.92,1.479,17.520,B,#3,APPROACH,2.000A/B
8227,2026-06-03 12:15:13,21.4625,8.92,1.441,17.100,B,#3,APPROACH,2.044A/B
8228,2026-06-03 12:15:16,21.9625,8.92,1.441,17.100,B,#3,APPROACH,1.000A/B
8229,2026-06-03 12:15:17,21.9625,8.92,1.441,17.100,B,#3,APPROACH,2.196A/B
8230,2026-06-03 12:15:19,22.2250,12.00,1.441,17.100,B,#3,APPROACH,1.500A/B
8231,2026-06-03 12:15:21,22.5250,12.00,1.410,16.740,B,#3,APPROACH,2.000A/B
8232,2026-06-03 12:15:23,23.0500,12.00,1.410,16.740,B,#3,APPROACH,2.000A/B
8233,2026-06-03 12:15:25,23.0500,12.00,1.410,16.740,B,#3,APPROACH,2.217A/B
8234,2026-06-03 12:15:27,23.3375,12.00,1.410,16.740,B,#3,APPROACH,2.298A/B
8235,2026-06-03 12:15:29,23.6375,12.00,1.380,16.380,B,#3,APPROACH,1.000A/B
8236,2026-06-03 12:15:31,24.2000,12.00,1.380,16.380,B,#3,APPROACH,1.500A/B
8237,2026-06-03 12:15:33,24.2000,12.00,1.380,16.380,B,#3,APPROACH,1.000A/B
8238,2026-06-03 12:15:35,24.4625,9.34,1.380,16.380,B,#3,APPROACH,2.000A/B
8239,2026-06-03 12:15:36,24.7125,9.34,1.368,16.260,B,#3,APPROACH,1.000A/B
8240,2026-06-03 12:15:39,25.3000,9.34,1.368,16.260,B,#3,HOLDING,2.000A/B
8241,2026-06-03 12:15:40,25.3000,9.34,1.368,16.260,OFF,#3,HOLDING,0.000A/OFF
8242,2026-06-03 12:15:41,25.5375,9.34,1.368,16.260,OFF,#3,HOLDING,0.000A/OFF
8243,2026-06-03 12:15:42,25.5375,12.00,1.368,16.260,OFF,#3,HOLDING,0.000A/OFF
8244,2026-06-03 12:15:43,25.8375,12.00,0.000,16.260,OFF,#3,HOLDING,0.000A/OFF
8245,2026-06-03 12:15:44,25.8375,12.00,0.000,0.000,OFF,#3,HOLDING,0.000A/OFF
8246,2026-06-03 12:15:45,26.1000,12.00,0.000,0.000,OFF,#3,HOLDING,0.000A/OFF
8247,2026-06-03 12:15:46,26.3750,12.00,0.000,0.000,OFF,#3,HOLDING,0.000A/OFF
8248,2026-06-03 12:15:47,26.3750,12.00,0.000,0.000,OFF,#3,HOLDING,0.000A/OFF
8249,2026-06-03 12:15:48,26.6125,12.00,0.000,0.000,A,#3,HOLDING,0.111A/A
8250,2026-06-03 12:15:50,26.6125,12.00,0.055,0.000,A,#3,HOLDING,0.000A/OFF
8251,2026-06-03 12:15:51,26.8125,12.00,0.055,0.000,A,#3,HOLDING,0.198A/A
8252,2026-06-03 12:15:53,27.0250,12.00,0.055,0.000,A,#3,HOLDING,0.229A/A
8253,2026-06-03 12:15:54,27.2000,12.00,0.055,0.000,A,#3,HOLDING,0.304A/A
8254,2026-06-03 12:15:56,27.3500,1.84,0.055,0.000,A,#3,HOLDING,0.348A/A
8255,2026-06-03 12:15:58,27.4750,1.84,0.336,0.828,A,#3,HOLDING,0.404A/A
8256,2026-06-03 12:16:00,27.6000,1.84,0.336,0.828,A,#3,HOLDING,0.485A/A
8257,2026-06-03 12:16:02,27.7000,1.84,0.336,0.828,A,#3,HOLDING,0.547A/A
8258,2026-06-03 12:16:04,27.7625,4.06,0.336,0.828,A,#3,HOLDING,0.616A/A
8259,2026-06-03 12:16:06,27.8125,4.06,0.616,3.006,A,#3,HOLDING,0.688A/A
8260,2026-06-03 12:16:08,27.8750,4.06,0.616,3.006,A,#3,HOLDING,0.783A/A
8261,2026-06-03 12:16:10,27.8750,4.06,0.616,3.006,A,#3,HOLDING,0.843A/A
8262,2026-06-03 12:16:11,27.8750,6.66,0.616,3.006,A,#3,HOLDING,0.914A/A
8263,2026-06-03 12:16:13,27.8750,6.66,0.914,6.781,A,#3,HOLDING,0.986A/A
8264,2026-06-03 12:16:16,27.8750,6.66,0.914,6.781,A,#3,HOLDING,1.084A/A
8265,2026-06-03 12:16:17,27.8000,6.66,0.914,6.781,A,#3,HOLDING,1.135A/A
8266,2026-06-03 12:16:19,27.7500,9.01,0.914,6.781,A,#3,HOLDING,1.000A/A
8267,2026-06-03 12:16:21,27.6500,9.01,1.000,8.290,A,#3,HOLDING,1.185A/A
8268,2026-06-03 12:16:23,27.5875,9.01,1.000,8.290,A,#3,HOLDING,1.271A/A
8269,2026-06-03 12:16:25,27.4625,9.01,1.000,8.290,A,#3,HOLDING,1.308A/A
8270,2026-06-03 12:16:27,27.3500,10.38,1.000,8.290,A,#3,HOLDING,1.359A/A
8271,2026-06-03 12:16:29,27.2250,10.38,1.331,14.935,A,#3,HOLDING,1.398A/A
8272,2026-06-03 12:16:31,27.0750,10.38,1.331,14.935,A,#3,HOLDING,1.454A/A
8273,2026-06-03 12:16:33,26.9250,10.38,1.331,14.935,A,#3,HOLDING,1.477A/A
8274,2026-06-03 12:16:34,26.7625,11.70,1.331,14.935,A,#3,HOLDING,1.454A/A
8275,2026-06-03 12:16:36,26.5625,11.70,1.454,17.200,A,#3,HOLDING,1.474A/A
8276,2026-06-03 12:16:39,26.4125,11.70,1.454,17.200,A,#3,HOLDING,1.510A/A
8277,2026-06-03 12:16:40,26.1875,11.70,1.454,17.200,A,#3,HOLDING,1.514A/A
8278,2026-06-03 12:16:42,26.0125,12.00,1.454,17.200,A,#3,HOLDING,1.525A/A
8279,2026-06-03 12:16:44,25.8125,12.00,1.471,17.460,A,#3,HOLDING,1.518A/A
8280,2026-06-03 12:16:46,25.6250,12.00,1.471,17.460,A,#3,HOLDING,1.520A/A
8281,2026-06-03 12:16:48,25.3750,12.00,1.471,17.460,A,#3,HOLDING,1.494A/A
8282,2026-06-03 12:16:50,25.1625,12.00,1.471,17.460,A,#3,HOLDING,1.000A/A
8283,2026-06-03 12:16:52,24.9375,12.00,1.229,9.100,A,#3,HOLDING,1.000A/A
8284,2026-06-03 12:16:54,24.7250,12.00,1.229,9.100,A,#3,HOLDING,1.417A/A
8285,2026-06-03 12:16:56,24.5000,12.00,1.229,9.100,A,#3,HOLDING,1.359A/A
8286,2026-06-03 12:16:58,24.2875,11.27,1.229,9.100,A,#3,HOLDING,1.292A/A
8287,2026-06-03 12:16:59,24.0875,11.27,1.324,14.250,A,#3,HOLDING,1.214A/A
8288,2026-06-03 12:17:02,23.8875,11.27,1.324,14.250,A,#3,HOLDING,1.124A/A
8289,2026-06-03 12:17:03,23.6625,11.27,1.324,14.250,A,#3,HOLDING,1.038A/A
8290,2026-06-03 12:17:05,23.4500,9.28,1.324,14.250,A,#3,HOLDING,0.938A/A
8291,2026-06-03 12:17:07,23.2250,9.28,0.986,8.207,A,#3,HOLDING,0.823A/A
8292,2026-06-03 12:17:09,23.0250,9.28,0.986,8.207,A,#3,HOLDING,0.691A/A
8293,2026-06-03 12:17:11,22.8500,9.28,0.986,8.207,A,#3,HOLDING,0.589A/A
8294,2026-06-03 12:17:13,22.6375,6.04,0.986,8.207,A,#3,HOLDING,0.505A/A
8295,2026-06-03 12:17:15,22.4875,6.04,0.545,2.742,A,#3,HOLDING,0.375A/A
8296,2026-06-03 12:17:17,22.2625,6.04,0.545,2.742,A,#3,HOLDING,0.196A/A
8297,2026-06-03 12:17:19,22.0875,6.04,0.545,2.742,OFF,#3,HOLDING,0.000A/OFF
8298,2026-06-03 12:17:20,22.0875,6.04,0.545,2.742,OFF,#3,HOLDING,0.000A/OFF
8299,2026-06-03 12:17:21,21.9500,12.00,0.545,2.742,OFF,#3,HOLDING,0.000A/OFF
8300,2026-06-03 12:17:22,21.9500,12.00,0.000,0.000,B,#3,HOLDING,0.157A/B
8301,2026-06-03 12:17:24,21.8000,12.00,0.000,0.000,B,#3,HOLDING,0.348A/B
8302,2026-06-03 12:17:26,21.6750,12.00,0.000,0.000,B,#3,HOLDING,0.482A/B
8303,2026-06-03 12:17:27,21.5500,3.43,0.000,0.000,B,#3,HOLDING,0.653A/B
8304,2026-06-03 12:17:29,21.4375,3.43,0.613,3.291,B,#3,HOLDING,0.818A/B
8305,2026-06-03 12:17:32,21.3625,3.43,0.613,3.291,B,#3,HOLDING,1.030A/B
8306,2026-06-03 12:17:33,21.3125,3.43,0.613,3.291,B,#3,HOLDING,1.176A/B
8307,2026-06-03 12:17:35,21.2625,8.91,0.613,3.291,B,#3,HOLDING,1.344A/B
8308,2026-06-03 12:17:37,21.2500,8.91,1.317,13.923,B,#3,HOLDING,1.000A/B
8309,2026-06-03 12:17:39,21.2250,8.91,1.317,13.923,B,#3,HOLDING,1.000A/B
8310,2026-06-03 12:17:41,21.2500,8.91,1.317,13.923,B,#3,HOLDING,1.500A/B
8311,2026-06-03 12:17:43,21.3000,11.48,1.317,13.923,B,#3,HOLDING,1.502A/B
8312,2026-06-03 12:17:45,21.3500,11.48,1.502,17.708,B,#3,HOLDING,1.000A/B
8313,2026-06-03 12:17:47,21.4500,11.48,1.502,17.708,B,#3,HOLDING,1.655A/B
8314,2026-06-03 12:17:49,21.5500,11.48,1.502,17.708,B,#3,HOLDING,1.783A/B
8315,2026-06-03 12:17:51,21.7000,12.00,1.502,17.708,B,#3,HOLDING,1.926A/B
8316,2026-06-03 12:17:52,21.8625,12.00,1.504,17.808,B,#3,HOLDING,2.060A/B
8317,2026-06-03 12:17:55,22.0125,12.00,1.504,17.808,B,#3,HOLDING,1.000A/B
8318,2026-06-03 12:17:56,22.1750,12.00,1.504,17.808,B,#3,HOLDING,2.000A/B
8319,2026-06-03 12:17:58,22.3750,12.00,1.504,17.808,B,#3,HOLDING,2.213A/B
8320,2026-06-03 12:18:00,22.5625,12.00,1.452,17.196,B,#3,HOLDING,2.321A/B
8321,2026-06-03 12:18:02,22.7625,12.00,1.452,17.196,B,#3,HOLDING,2.457A/B
8322,2026-06-03 12:18:04,22.9875,12.00,1.452,17.196,B,#3,HOLDING,2.489A/B
8323,2026-06-03 12:18:06,23.2375,12.00,1.452,17.196,B,#3,HOLDING,1.500A/B
8324,2026-06-03 12:18:08,23.4875,12.00,1.411,16.740,B,#3,HOLDING,2.000A/B
8325,2026-06-03 12:18:10,23.6875,12.00,1.411,16.740,B,#3,HOLDING,2.545A/B
8326,2026-06-03 12:18:12,23.9375,12.00,1.411,16.740,B,#3,HOLDING,2.589A/B
8327,2026-06-03 12:18:14,24.2125,12.00,1.411,16.740,B,#3,HOLDING,2.634A/B
8328,2026-06-03 12:18:15,24.4625,12.00,1.381,16.404,B,#3,HOLDING,2.000A/B
8329,2026-06-03 12:18:18,24.7125,12.00,1.381,16.404,B,#3,HOLDING,1.500A/B
8330,2026-06-03 12:18:19,24.9750,12.00,1.381,16.404,B,#3,HOLDING,2.605A/B
8331,2026-06-03 12:18:21,25.2750,12.00,1.381,16.404,B,#3,HOLDING,1.000A/B
8332,2026-06-03 12:18:23,25.5000,12.00,1.180,9.500,B,#3,HOLDING,1.500A/B
8333,2026-06-03 12:18:26,25.7750,12.00,1.180,9.500,B,#3,HOLDING,1.500A/B
8334,2026-06-03 12:18:27,26.0375,12.00,1.180,9.500,B,#3,HOLDING,2.500A/B
8335,2026-06-03 12:18:29,26.3125,12.00,1.180,9.500,B,#3,HOLDING,2.000A/B
8336,2026-06-03 12:18:31,26.5625,12.00,1.346,16.008,B,#3,HOLDING,1.500A/B
8337,2026-06-03 12:18:33,26.8375,12.00,1.346,16.008,B,#3,HOLDING,2.500A/B
8338,2026-06-03 12:18:35,27.1000,12.00,1.346,16.008,B,#3,HOLDING,2.500A/B
8339,2026-06-03 12:18:37,27.3750,12.00,1.346,16.008,B,#3,HOLDING,1.500A/B
8340,2026-06-03 12:18:39,27.6250,12.00,1.332,15.828,B,#3,HOLDING,2.500A/B
8341,2026-06-03 12:18:41,27.8750,12.00,1.332,15.828,B,#3,HOLDING,2.000A/B
8342,2026-06-03 12:18:43,28.1125,12.00,1.332,15.828,B,#3,HOLDING,2.000A/B
8343,2026-06-03 12:18:44,28.3375,12.00,1.332,15.828,B,#3,HOLDING,1.500A/B
8344,2026-06-03 12:18:46,28.5875,12.00,1.320,15.672,B,#3,HOLDING,1.500A/B
8345,2026-06-03 12:18:49,28.8375,12.00,1.320,15.672,B,#3,HOLDING,2.500A/B
8346,2026-06-03 12:18:50,29.1125,12.00,1.320,15.672,B,#3,HOLDING,1.000A/B
8347,2026-06-03 12:18:52,29.3625,9.72,1.320,15.672,B,#3,HOLDING,2.487A/B
8348,2026-06-03 12:18:54,29.5875,9.72,1.155,15.600,B,#3,HOLDING,2.335A/B
8349,2026-06-03 12:18:56,29.8375,9.72,1.155,15.600,B,#3,HOLDING,2.133A/B
8350,2026-06-03 12:18:58,30.0500,9.72,1.155,15.600,B,#3,HOLDING,1.983A/B
8351,2026-06-03 12:19:00,30.2500,12.00,1.155,15.600,B,#3,HOLDING,1.500A/B
8352,2026-06-03 12:19:02,30.4875,12.00,1.304,15.492,B,#3,HOLDING,1.500A/B
8353,2026-06-03 12:19:04,30.7125,12.00,1.304,15.492,B,#3,HOLDING,1.783A/B
8354,2026-06-03 12:19:06,30.9250,12.00,1.304,15.492,B,#3,HOLDING,1.604A/B
8355,2026-06-03 12:19:07,31.1750,12.00,1.304,15.492,B,#3,HOLDING,1.388A/B
8356,2026-06-03 12:19:09,31.4000,12.00,1.295,15.396,B,#3,HOLDING,1.158A/B
8357,2026-06-03 12:19:12,31.6500,12.00,1.295,15.396,B,#3,HOLDING,0.861A/B
8358,2026-06-03 12:19:13,31.8375,12.00,1.295,15.396,B,#3,HOLDING,0.649A/B
8359,2026-06-03 12:19:15,32.0875,7.20,1.295,15.396,B,#3,HOLDING,0.426A/B
8360,2026-06-03 12:19:17,32.3000,7.20,0.534,2.343,B,#3,HOLDING,0.167A/B
8361,2026-06-03 12:19:19,32.5000,7.20,0.534,2.343,A,#3,HOLDING,0.159A/A
8362,2026-06-03 12:19:21,32.7125,7.20,0.534,2.343,A,#3,HOLDING,0.375A/A
8363,2026-06-03 12:19:23,32.8875,1.88,0.534,2.343,A,#3,HOLDING,0.647A/A
8364,2026-06-03 12:19:25,33.0500,1.88,0.527,2.795,A,#3,HOLDING,0.914A/A
8365,2026-06-03 12:19:27,33.2000,1.88,0.527,2.795,A,#3,HOLDING,1.268A/A
8366,2026-06-03 12:19:29,33.3250,1.88,0.527,2.795,A,#3,HOLDING,1.000A/A
8367,2026-06-03 12:19:30,33.4000,7.27,0.527,2.795,A,#3,HOLDING,1.000A/A
8368,2026-06-03 12:19:32,33.4625,7.27,1.000,7.530,A,#3,HOLDING,1.500A/A
8369,2026-06-03 12:19:35,33.4875,7.27,1.000,7.530,A,#3,HOLDING,1.510A/A
8370,2026-06-03 12:19:36,33.5250,7.27,1.000,7.530,A,#3,HOLDING,1.754A/A
8371,2026-06-03 12:19:38,33.5000,12.00,1.000,7.530,A,#3,HOLDING,2.038A/A
8372,2026-06-03 12:19:40,33.4375,12.00,1.613,19.092,A,#3,HOLDING,1.000A/A
8373,2026-06-03 12:19:42,33.3875,12.00,1.613,19.092,A,#3,HOLDING,2.000A/A
8374,2026-06-03 12:19:44,33.2750,12.00,1.613,19.092,A,#3,HOLDING,1.500A/A
8375,2026-06-03 12:19:46,33.1250,11.38,1.613,19.092,A,#3,HOLDING,2.289A/A
8376,2026-06-03 12:19:48,33.0125,11.38,1.552,18.336,A,#3,HOLDING,2.547A/A
8377,2026-06-03 12:19:50,32.8125,11.38,1.552,18.336,A,#3,HOLDING,2.000A/A
8378,2026-06-03 12:19:52,32.6375,11.38,1.552,18.336,A,#3,HOLDING,2.861A/A
8379,2026-06-03 12:19:54,32.4375,12.00,1.552,18.336,A,#3,HOLDING,1.500A/A
8380,2026-06-03 12:19:55,32.2250,12.00,1.499,17.796,A,#3,HOLDING,1.000A/A
8381,2026-06-03 12:19:58,32.0000,12.00,1.499,17.796,A,#3,HOLDING,2.500A/A
8382,2026-06-03 12:19:59,31.7625,12.00,1.499,17.796,A,#3,HOLDING,1.500A/A
8383,2026-06-03 12:20:01,31.5125,12.00,1.499,17.796,A,#3,HOLDING,2.000A/A
8384,2026-06-03 12:20:03,31.2500,12.00,1.470,17.460,A,#3,HOLDING,1.000A/A
8385,2026-06-03 12:20:05,31.0000,12.00,1.470,17.460,A,#3,HOLDING,2.000A/A
8386,2026-06-03 12:20:07,30.7500,12.00,1.470,17.460,A,#3,HOLDING,1.500A/A
8387,2026-06-03 12:20:09,30.4750,12.00,1.470,17.460,A,#3,HOLDING,1.000A/A
8388,2026-06-03 12:20:11,30.2250,12.00,1.023,9.040,A,#3,HOLDING,1.500A/A
8389,2026-06-03 12:20:13,29.9500,12.00,1.023,9.040,A,#3,HOLDING,1.500A/A
8390,2026-06-03 12:20:15,29.6875,12.00,1.023,9.040,A,#3,HOLDING,2.948A/A
8391,2026-06-03 12:20:17,29.3875,12.00,1.023,9.040,A,#3,HOLDING,1.500A/A
8392,2026-06-03 12:20:18,29.1250,12.00,1.445,17.184,A,#3,HOLDING,2.500A/A
8393,2026-06-03 12:20:21,28.8250,12.00,1.445,17.184,A,#3,HOLDING,3.000A/A
8394,2026-06-03 12:20:22,28.5625,12.00,1.445,17.184,A,#3,HOLDING,2.500A/A
8395,2026-06-03 12:20:24,28.2875,12.00,1.445,17.184,A,#3,HOLDING,1.000A/A
8396,2026-06-03 12:20:26,27.9750,12.00,1.036,9.120,A,#3,HOLDING,1.500A/A
8397,2026-06-03 12:20:29,27.7000,12.00,1.036,9.120,A,#3,HOLDING,1.000A/A
8398,2026-06-03 12:20:30,27.4500,12.00,1.036,9.120,A,#3,HOLDING,2.000A/A
8399,2026-06-03 12:20:32,27.2000,12.00,1.036,9.120,A,#3,HOLDING,1.000A/A
8400,2026-06-03 12:20:34,26.9125,12.00,1.023,9.170,A,#3,HOLDING,1.000A/A
8401,2026-06-03 12:20:36,26.6625,12.00,1.023,9.170,A,#3,HOLDING,2.843A/A
8402,2026-06-03 12:20:38,26.3750,12.00,1.023,9.170,A,#3,HOLDING,2.855A/A
8403,2026-06-03 12:20:40,26.1250,12.00,1.023,9.170,A,#3,HOLDING,1.000A/A
8404,2026-06-03 12:20:41,25.8500,12.00,1.025,9.220,A,#3,HOLDING,1.500A/A
8405,2026-06-03 12:20:44,25.6000,12.00,1.025,9.220,A,#3,HOLDING,2.878A/A
8406,2026-06-03 12:20:45,25.3750,12.00,1.025,9.220,A,#3,HOLDING,2.862A/A
8407,2026-06-03 12:20:47,25.1250,12.00,1.025,9.220,A,#3,HOLDING,2.500A/A
8408,2026-06-03 12:20:49,24.9000,12.00,1.423,16.896,A,#3,HOLDING,2.500A/A
8409,2026-06-03 12:20:52,24.6500,12.00,1.423,16.896,A,#3,HOLDING,2.782A/A
8410,2026-06-03 12:20:53,24.4375,12.00,1.423,16.896,A,#3,HOLDING,2.000A/A
8411,2026-06-03 12:20:55,24.1875,12.00,1.423,16.896,A,#3,HOLDING,2.500A/A
8412,2026-06-03 12:20:57,23.9500,12.00,1.408,16.776,A,#3,HOLDING,2.000A/A
8413,2026-06-03 12:20:59,23.7000,12.00,1.408,16.776,A,#3,HOLDING,1.500A/A
8414,2026-06-03 12:21:01,23.4875,12.00,1.408,16.776,A,#3,HOLDING,2.000A/A
8415,2026-06-03 12:21:03,23.2875,12.00,1.408,16.776,A,#3,HOLDING,2.000A/A
8416,2026-06-03 12:21:05,23.0375,12.00,1.401,16.656,A,#3,HOLDING,2.500A/A
8417,2026-06-03 12:21:07,22.8125,12.00,1.401,16.656,A,#3,HOLDING,2.000A/A
8418,2026-06-03 12:21:08,22.6125,12.00,1.401,16.656,A,#3,HOLDING,2.680A/A
8419,2026-06-03 12:21:10,22.4375,12.00,1.401,16.656,A,#3,HOLDING,1.000A/A
8420,2026-06-03 12:21:12,22.2000,12.00,1.202,9.340,A,#3,HOLDING,2.534A/A
8421,2026-06-03 12:21:15,22.0000,12.00,1.202,9.340,A,#3,HOLDING,2.000A/A
8422,2026-06-03 12:21:16,21.8250,12.00,1.202,9.340,A,#3,HOLDING,1.500A/A
8423,2026-06-03 12:21:18,21.6000,12.00,1.202,9.340,A,#3,HOLDING,2.324A/A
8424,2026-06-03 12:21:20,21.4250,12.00,1.409,16.704,A,#3,HOLDING,1.500A/A
8425,2026-06-03 12:21:22,21.2500,12.00,1.409,16.704,A,#3,HOLDING,2.146A/A
8426,2026-06-03 12:21:24,21.0750,12.00,1.409,16.704,A,#3,HOLDING,1.988A/A
8427,2026-06-03 12:21:26,20.8750,12.00,1.409,16.704,A,#3,HOLDING,1.500A/A
8428,2026-06-03 12:21:28,20.7000,12.00,1.396,16.596,A,#3,HOLDING,1.782A/A
8429,2026-06-03 12:21:30,20.5000,12.00,1.396,16.596,A,#3,HOLDING,1.524A/A
8430,2026-06-03 12:21:31,20.3250,12.00,1.396,16.596,A,#3,HOLDING,1.340A/A
8431,2026-06-03 12:21:33,20.1750,11.55,1.396,16.596,A,#3,HOLDING,1.123A/A
8432,2026-06-03 12:21:35,20.0125,11.55,1.218,11.465,A,#3,HOLDING,0.901A/A
8433,2026-06-03 12:21:38,19.8375,11.55,1.218,11.465,A,#3,HOLDING,0.612A/A
8434,2026-06-03 12:21:39,19.7000,11.55,1.218,11.465,A,#3,HOLDING,0.411A/A
8435,2026-06-03 12:21:41,19.5250,4.75,1.218,11.465,A,#3,HOLDING,0.166A/A
8436,2026-06-03 12:21:43,19.4000,4.75,0.250,11.465,OFF,#3,HOLDING,0.000A/OFF
8437,2026-06-03 12:21:44,19.2500,4.75,0.250,0.456,OFF,#3,HOLDING,0.221A/B
8438,2026-06-03 12:21:45,19.2500,4.75,0.250,0.456,B,#3,HOLDING,0.415A/B
8439,2026-06-03 12:21:47,19.1500,4.75,0.250,0.456,B,#3,HOLDING,0.632A/B
8440,2026-06-03 12:21:49,19.0500,4.34,0.250,0.456,B,#3,HOLDING,0.882A/B
8441,2026-06-03 12:21:51,18.9250,4.34,0.769,5.812,B,#3,HOLDING,1.000A/B
8442,2026-06-03 12:21:53,18.8750,4.34,0.769,5.812,B,#3,HOLDING,1.148A/B
8443,2026-06-03 12:21:55,18.8125,4.34,0.769,5.812,B,#3,HOLDING,1.375A/B
8444,2026-06-03 12:21:57,18.8125,10.03,0.769,5.812,B,#3,HOLDING,1.632A/B
8445,2026-06-03 12:21:58,18.8125,10.03,1.500,19.560,B,#3,HOLDING,1.000A/B
8446,2026-06-03 12:22:01,18.8625,10.03,1.500,19.560,B,#3,HOLDING,1.000A/B
8447,2026-06-03 12:22:02,18.9125,10.03,1.500,19.560,B,#3,HOLDING,1.500A/B
8448,2026-06-03 12:22:04,19.0125,11.34,1.500,19.560,B,#3,HOLDING,1.869A/B
8449,2026-06-03 12:22:06,19.1625,11.34,1.575,18.720,B,#3,HOLDING,2.000A/B
8450,2026-06-03 12:22:09,19.2875,11.34,1.575,18.720,B,#3,HOLDING,2.094A/B
8451,2026-06-03 12:22:10,19.4625,11.34,1.575,18.720,B,#3,HOLDING,2.281A/B
8452,2026-06-03 12:22:12,19.6875,12.00,1.575,18.720,B,#3,HOLDING,2.000A/B
8453,2026-06-03 12:22:14,19.9000,12.00,1.516,17.940,B,#3,HOLDING,1.000A/B
8454,2026-06-03 12:22:16,20.1250,12.00,1.516,17.940,B,#3,HOLDING,1.000A/B
8455,2026-06-03 12:22:18,20.3625,12.00,1.516,17.940,B,#3,HOLDING,2.457A/B
8456,2026-06-03 12:22:20,20.6125,12.00,1.516,17.940,B,#3,HOLDING,1.500A/B
8457,2026-06-03 12:22:22,20.8750,12.00,1.466,17.364,B,#3,HOLDING,1.000A/B
8458,2026-06-03 12:22:24,21.1250,12.00,1.466,17.364,B,#3,HOLDING,1.000A/B
8459,2026-06-03 12:22:25,21.4125,12.00,1.466,17.364,B,#3,HOLDING,2.000A/B
8460,2026-06-03 12:22:27,21.7125,12.00,1.466,17.364,B,#3,HOLDING,2.500A/B
8461,2026-06-03 12:22:29,21.9625,12.00,1.429,16.944,B,#3,HOLDING,1.500A/B
8462,2026-06-03 12:22:32,22.2625,12.00,1.429,16.944,B,#3,HOLDING,1.000A/B
8463,2026-06-03 12:22:33,22.5250,12.00,1.429,16.944,B,#3,HOLDING,2.541A/B
8464,2026-06-03 12:22:35,22.8250,12.00,1.429,16.944,B,#3,HOLDING,1.000A/B
8465,2026-06-03 12:22:37,23.1250,12.00,1.040,9.290,B,#3,HOLDING,2.000A/B
8466,2026-06-03 12:22:39,23.4250,12.00,1.040,9.290,B,#3,HOLDING,1.000A/B
8467,2026-06-03 12:22:41,23.7375,12.00,1.040,9.290,B,#3,HOLDING,1.000A/B
8468,2026-06-03 12:22:43,24.0125,9.27,1.040,9.290,B,#3,HOLDING,2.500A/B
8469,2026-06-03 12:22:45,24.3125,9.27,1.379,16.368,B,#3,HOLDING,1.000A/B
8470,2026-06-03 12:22:47,24.6125,9.27,1.379,16.368,B,#3,HOLDING,2.494A/B
8471,2026-06-03 12:22:49,24.9125,9.27,1.379,16.368,B,#4,APPROACH,2.458A/B
8472,2026-06-03 12:22:50,25.2375,4.23,1.379,16.368,B,#4,APPROACH,0.205A/B
8473,2026-06-03 12:22:52,25.5000,4.23,0.000,16.368,B,#4,APPROACH,0.188A/B
8474,2026-06-03 12:22:55,25.8000,4.23,0.000,0.000,B,#4,APPROACH,0.183A/B
8475,2026-06-03 12:22:57,26.0375,4.23,0.000,0.000,B,#4,APPROACH,0.186A/B
8476,2026-06-03 12:22:58,26.3125,4.23,0.000,0.000,B,#4,APPROACH,0.127A/B
8477,2026-06-03 12:23:00,26.5250,2.29,0.000,0.000,B,#4,APPROACH,0.150A/B
8478,2026-06-03 12:23:02,26.7500,2.29,0.150,0.378,B,#4,APPROACH,0.170A/B
8479,2026-06-03 12:23:04,26.9250,2.29,0.150,0.378,B,#4,APPROACH,0.238A/B
8480,2026-06-03 12:23:06,27.1250,2.29,0.150,0.378,B,#4,APPROACH,0.268A/B
8481,2026-06-03 12:23:08,27.3000,3.39,0.150,0.378,B,#4,APPROACH,0.321A/B
8482,2026-06-03 12:23:10,27.4500,3.39,0.305,1.226,B,#4,APPROACH,0.376A/B
8483,2026-06-03 12:23:12,27.5750,3.39,0.305,1.226,B,#4,APPROACH,0.466A/B
8484,2026-06-03 12:23:14,27.7000,3.39,0.305,1.226,B,#4,APPROACH,0.514A/B
8485,2026-06-03 12:23:16,27.8000,5.23,0.305,1.226,B,#4,APPROACH,0.571A/B
8486,2026-06-03 12:23:17,27.9250,5.23,0.544,3.288,B,#4,APPROACH,0.613A/B
8487,2026-06-03 12:23:20,28.0375,5.23,0.544,3.288,B,#4,APPROACH,0.674A/B
8488,2026-06-03 12:23:21,28.1375,5.23,0.544,3.288,B,#4,APPROACH,0.705A/B
8489,2026-06-03 12:23:23,28.2250,6.76,0.544,3.288,B,#4,APPROACH,0.745A/B
8490,2026-06-03 12:23:25,28.2750,6.76,0.723,5.349,B,#4,APPROACH,0.784A/B
8491,2026-06-03 12:23:28,28.3875,6.76,0.723,5.349,B,#4,HOLDING,0.779A/B
8492,2026-06-03 12:23:29,28.4375,6.76,0.723,5.349,OFF,#4,HOLDING,0.000A/OFF
8493,2026-06-03 12:23:30,28.5375,6.76,0.723,5.349,OFF,#4,HOLDING,0.000A/OFF
8494,2026-06-03 12:23:31,28.5375,12.00,0.723,5.349,OFF,#4,HOLDING,0.000A/OFF
8495,2026-06-03 12:23:32,28.6125,12.00,0.000,5.349,OFF,#4,HOLDING,0.000A/OFF
8496,2026-06-03 12:23:33,28.6125,12.00,0.000,0.000,OFF,#4,HOLDING,0.000A/OFF
8497,2026-06-03 12:23:34,28.7000,12.00,0.000,0.000,OFF,#4,HOLDING,0.000A/OFF
8498,2026-06-03 12:23:35,28.7000,12.00,0.000,0.000,OFF,#4,HOLDING,0.000A/OFF
8499,2026-06-03 12:23:36,28.7750,12.00,0.000,0.000,OFF,#4,HOLDING,0.000A/OFF
8500,2026-06-03 12:23:37,28.7750,12.00,0.000,0.000,B,#4,HOLDING,0.119A/B
8501,2026-06-03 12:23:39,28.8500,12.00,0.002,0.216,B,#4,HOLDING,0.126A/B
8502,2026-06-03 12:23:41,28.9125,12.00,0.002,0.216,B,#4,HOLDING,0.153A/B
8503,2026-06-03 12:23:43,28.9125,12.00,0.002,0.216,B,#4,HOLDING,0.165A/B
8504,2026-06-03 12:23:45,28.9375,2.15,0.002,0.216,B,#4,HOLDING,0.184A/B
8505,2026-06-03 12:23:47,28.9500,2.15,0.184,0.434,B,#4,HOLDING,0.200A/B
8506,2026-06-03 12:23:49,29.0000,2.15,0.184,0.434,B,#4,HOLDING,0.211A/B
8507,2026-06-03 12:23:51,29.0000,2.15,0.184,0.434,B,#4,HOLDING,0.223A/B
8508,2026-06-03 12:23:52,29.0000,2.62,0.184,0.434,B,#4,HOLDING,0.235A/B
8509,2026-06-03 12:23:54,29.0000,2.62,0.235,0.650,B,#4,HOLDING,0.250A/B
8510,2026-06-03 12:23:57,28.9375,2.62,0.235,0.650,B,#4,HOLDING,0.272A/B
8511,2026-06-03 12:23:58,28.9375,2.62,0.235,0.650,B,#4,HOLDING,0.283A/B
8512,2026-06-03 12:24:00,28.9375,3.08,0.235,0.650,B,#4,HOLDING,0.297A/B
8513,2026-06-03 12:24:02,28.9125,3.08,0.297,0.971,B,#4,HOLDING,0.309A/B
8514,2026-06-03 12:24:04,28.8375,3.08,0.297,0.971,B,#4,HOLDING,0.337A/B
8515,2026-06-03 12:24:06,28.8125,3.08,0.297,0.971,B,#4,HOLDING,0.355A/B
8516,2026-06-03 12:24:08,28.8125,3.63,0.297,0.971,B,#4,HOLDING,0.371A/B
8517,2026-06-03 12:24:10,28.8125,3.63,0.371,1.439,B,#4,HOLDING,0.384A/B
8518,2026-06-03 12:24:12,28.7500,3.63,0.371,1.439,B,#4,HOLDING,0.412A/B
8519,2026-06-03 12:24:14,28.7500,3.63,0.371,1.439,B,#4,HOLDING,0.429A/B
8520,2026-06-03 12:24:16,28.7500,4.29,0.371,1.439,B,#4,HOLDING,0.450A/B
8521,2026-06-03 12:24:17,28.7125,4.29,0.450,2.038,B,#4,HOLDING,0.470A/B
8522,2026-06-03 12:24:20,28.6750,4.29,0.450,2.038,B,#4,HOLDING,0.503A/B
8523,2026-06-03 12:24:21,28.6250,4.29,0.450,2.038,B,#4,HOLDING,0.530A/B
8524,2026-06-03 12:24:23,28.6250,5.12,0.450,2.038,B,#4,HOLDING,0.552A/B
8525,2026-06-03 12:24:25,28.6250,5.12,0.552,2.964,B,#4,HOLDING,0.574A/B
8526,2026-06-03 12:24:27,28.5625,5.12,0.552,2.964,B,#4,HOLDING,0.608A/B
8527,2026-06-03 12:24:29,28.5625,5.12,0.552,2.964,B,#5,APPROACH,0.632A/B
8528,2026-06-03 12:24:31,28.5625,3.64,0.552,2.964,A,#5,APPROACH,0.627A/A
8529,2026-06-03 12:24:33,28.5375,3.64,0.010,2.964,A,#5,APPROACH,0.657A/A
8530,2026-06-03 12:24:35,28.5250,3.64,0.010,0.000,A,#5,APPROACH,0.708A/A
8531,2026-06-03 12:24:37,28.5000,3.64,0.010,0.000,A,#5,APPROACH,0.773A/A
8532,2026-06-03 12:24:39,28.5000,3.64,0.010,0.000,A,#5,APPROACH,0.836A/A
8533,2026-06-03 12:24:41,28.5000,6.61,0.010,0.000,A,#5,APPROACH,0.921A/A
8534,2026-06-03 12:24:43,28.4375,6.61,0.876,6.889,A,#5,APPROACH,1.012A/A
8535,2026-06-03 12:24:45,28.4125,6.61,0.876,6.889,A,#5,APPROACH,1.156A/A
8536,2026-06-03 12:24:47,28.3625,6.61,0.876,6.889,A,#5,APPROACH,1.257A/A
8537,2026-06-03 12:24:48,28.2375,9.81,0.876,6.889,A,#5,APPROACH,1.382A/A
8538,2026-06-03 12:24:50,28.1375,9.81,1.316,15.105,A,#5,APPROACH,1.515A/A
8539,2026-06-03 12:24:53,28.0125,9.81,1.316,15.105,A,#5,APPROACH,1.707A/A
8540,2026-06-03 12:24:54,27.8875,9.81,1.316,15.105,A,#5,APPROACH,1.841A/A
8541,2026-06-03 12:24:56,27.7375,12.00,1.316,15.105,A,#5,APPROACH,1.000A/A
8542,2026-06-03 12:24:58,27.5750,12.00,1.271,8.510,A,#5,APPROACH,1.000A/A
8543,2026-06-03 12:25:00,27.3750,12.00,1.271,8.510,A,#5,APPROACH,1.982A/A
8544,2026-06-03 12:25:02,27.2000,12.00,1.271,8.510,A,#5,APPROACH,1.500A/A
8545,2026-06-03 12:25:04,27.0000,11.79,1.271,8.510,A,#5,APPROACH,2.128A/A
8546,2026-06-03 12:25:06,26.8250,11.79,1.501,17.880,A,#5,APPROACH,2.327A/A
8547,2026-06-03 12:25:08,26.6250,11.79,1.501,17.880,A,#5,APPROACH,1.000A/A
8548,2026-06-03 12:25:10,26.4375,11.79,1.501,17.880,A,#5,APPROACH,1.500A/A
8549,2026-06-03 12:25:12,26.1875,12.00,1.501,17.880,A,#5,APPROACH,1.000A/A
8550,2026-06-03 12:25:13,25.9750,12.00,1.000,9.010,A,#5,APPROACH,1.500A/A
8551,2026-06-03 12:25:16,25.7500,12.00,1.000,9.010,A,#5,APPROACH,1.000A/A
8552,2026-06-03 12:25:17,25.5125,12.00,1.000,9.010,A,#5,APPROACH,2.539A/A
8553,2026-06-03 12:25:19,25.2875,12.00,1.000,9.010,A,#5,APPROACH,1.500A/A
8554,2026-06-03 12:25:21,25.0750,12.00,1.445,17.136,A,#5,APPROACH,1.500A/A
8555,2026-06-03 12:25:24,24.8500,12.00,1.445,17.136,A,#5,APPROACH,2.500A/A
8556,2026-06-03 12:25:25,24.6250,12.00,1.445,17.136,A,#5,APPROACH,1.000A/A
8557,2026-06-03 12:25:27,24.3750,8.94,1.445,17.136,A,#5,APPROACH,2.500A/A
8558,2026-06-03 12:25:29,24.1625,8.94,1.442,17.124,A,#5,APPROACH,2.720A/A
8559,2026-06-03 12:25:31,23.9375,8.94,1.442,17.124,A,#5,APPROACH,2.000A/A
8560,2026-06-03 12:25:33,23.7250,8.94,1.442,17.124,A,#5,APPROACH,2.500A/A
8561,2026-06-03 12:25:35,23.5000,12.00,1.442,17.124,A,#5,APPROACH,1.000A/A
8562,2026-06-03 12:25:37,23.2625,12.00,1.048,9.210,A,#5,APPROACH,2.000A/A
8563,2026-06-03 12:25:39,23.0625,12.00,1.048,9.210,A,#5,APPROACH,2.500A/A
8564,2026-06-03 12:25:41,22.8125,12.00,1.048,9.210,A,#5,APPROACH,2.000A/A
8565,2026-06-03 12:25:42,22.6125,12.00,1.048,9.210,A,#5,APPROACH,1.000A/A
8566,2026-06-03 12:25:44,22.3875,12.00,1.034,9.200,A,#5,APPROACH,1.500A/A
8567,2026-06-03 12:25:47,22.2125,12.00,1.034,9.200,A,#5,APPROACH,1.500A/A
8568,2026-06-03 12:25:48,22.0125,12.00,1.034,9.200,A,#5,APPROACH,1.500A/A
8569,2026-06-03 12:25:50,21.8125,12.00,1.034,9.200,A,#5,APPROACH,2.000A/A
8570,2026-06-03 12:25:52,21.6250,12.00,1.419,16.872,A,#5,APPROACH,2.500A/A
8571,2026-06-03 12:25:54,21.4250,12.00,1.419,16.872,A,#5,APPROACH,1.500A/A
8572,2026-06-03 12:25:56,21.2500,12.00,1.419,16.872,A,#5,APPROACH,2.500A/A
8573,2026-06-03 12:25:58,21.0250,12.00,1.419,16.872,A,#5,APPROACH,1.000A/A
8574,2026-06-03 12:26:00,20.8625,12.00,1.041,9.270,A,#5,APPROACH,2.926A/A
8575,2026-06-03 12:26:02,20.6875,12.00,1.041,9.270,A,#5,APPROACH,1.500A/A
8576,2026-06-03 12:26:04,20.5125,12.00,1.041,9.270,A,#5,APPROACH,2.500A/A
8577,2026-06-03 12:26:05,20.3125,12.00,1.041,9.270,A,#5,APPROACH,1.500A/A
8578,2026-06-03 12:26:07,20.1375,12.00,1.402,16.716,A,#5,APPROACH,2.500A/A
8579,2026-06-03 12:26:10,19.9875,12.00,1.402,16.716,A,#5,APPROACH,2.000A/A
8580,2026-06-03 12:26:11,19.8500,12.00,1.402,16.716,A,#5,APPROACH,3.000A/A
8581,2026-06-03 12:26:13,19.6750,12.00,1.402,16.716,A,#5,APPROACH,1.500A/A
8582,2026-06-03 12:26:15,19.5125,12.00,1.398,16.656,A,#5,APPROACH,2.500A/A
8583,2026-06-03 12:26:17,19.3375,12.00,1.398,16.656,A,#5,APPROACH,2.500A/A
8584,2026-06-03 12:26:19,19.1750,12.00,1.398,16.656,A,#5,APPROACH,2.500A/A
8585,2026-06-03 12:26:21,19.0250,12.00,1.398,16.656,A,#5,APPROACH,1.000A/A
8586,2026-06-03 12:26:23,18.9000,12.00,1.090,9.320,A,#5,APPROACH,3.000A/A
8587,2026-06-03 12:26:25,18.7750,12.00,1.090,9.320,A,#5,APPROACH,1.500A/A
8588,2026-06-03 12:26:27,18.6125,12.00,1.090,9.320,A,#5,APPROACH,1.500A/A
8589,2026-06-03 12:26:29,18.4375,12.00,1.090,9.320,A,#5,APPROACH,2.500A/A
8590,2026-06-03 12:26:30,18.3250,12.00,1.402,16.668,A,#5,APPROACH,2.000A/A
8591,2026-06-03 12:26:33,18.1750,12.00,1.402,16.668,A,#5,APPROACH,2.500A/A
8592,2026-06-03 12:26:34,18.0750,12.00,1.402,16.668,A,#5,APPROACH,2.000A/A
8593,2026-06-03 12:26:36,17.9250,12.00,1.402,16.668,A,#5,APPROACH,1.500A/A
8594,2026-06-03 12:26:38,17.7750,12.00,1.394,16.620,A,#5,APPROACH,2.958A/A
8595,2026-06-03 12:26:40,17.6750,12.00,1.394,16.620,A,#5,APPROACH,3.000A/A
8596,2026-06-03 12:26:42,17.5500,12.00,1.394,16.620,A,#5,APPROACH,3.000A/A
8597,2026-06-03 12:26:44,17.4250,12.00,1.394,16.620,A,#5,APPROACH,3.000A/A
8598,2026-06-03 12:26:46,17.3375,12.00,1.392,16.572,A,#5,APPROACH,2.500A/A
8599,2026-06-03 12:26:48,17.2125,12.00,1.392,16.572,A,#5,HOLDING,1.500A/A
8600,2026-06-03 12:26:50,17.1125,12.00,1.392,16.572,OFF,#5,HOLDING,0.000A/OFF
8601,2026-06-03 12:26:51,17.1125,12.00,1.392,16.572,OFF,#5,HOLDING,0.000A/OFF
8602,2026-06-03 12:26:52,16.9875,12.00,1.392,16.572,OFF,#5,HOLDING,0.000A/OFF
8603,2026-06-03 12:26:53,16.9875,12.00,0.000,16.572,OFF,#5,HOLDING,0.000A/OFF
8604,2026-06-03 12:26:54,16.8750,12.00,0.000,0.000,OFF,#5,HOLDING,0.000A/OFF
8605,2026-06-03 12:26:55,16.8750,12.00,0.000,0.000,OFF,#5,HOLDING,0.000A/OFF
8606,2026-06-03 12:26:56,16.8250,12.00,0.000,0.000,OFF,#5,HOLDING,0.000A/OFF
8607,2026-06-03 12:26:57,16.8250,12.00,0.000,0.000,A,#5,HOLDING,0.106A/A
8608,2026-06-03 12:26:59,16.7125,12.00,0.106,0.000,A,#5,HOLDING,0.112A/A
8609,2026-06-03 12:27:01,16.6875,12.00,0.106,0.209,A,#5,HOLDING,0.133A/A
8610,2026-06-03 12:27:02,16.6375,12.00,0.106,0.209,A,#5,HOLDING,0.138A/A
8611,2026-06-03 12:27:04,16.6375,12.00,0.106,0.209,A,#5,HOLDING,0.159A/A
8612,2026-06-03 12:27:06,16.6250,2.09,0.106,0.209,A,#5,HOLDING,0.173A/A
8613,2026-06-03 12:27:07,16.6250,2.09,0.173,0.387,A,#5,HOLDING,0.190A/A
8614,2026-06-03 12:27:10,16.6375,2.09,0.173,0.387,A,#5,HOLDING,0.207A/A
8615,2026-06-03 12:27:11,16.6625,2.09,0.173,0.387,A,#5,HOLDING,0.223A/A
8616,2026-06-03 12:27:13,16.7250,2.56,0.173,0.387,A,#5,HOLDING,0.244A/A
8617,2026-06-03 12:27:15,16.7500,2.56,0.244,0.673,A,#5,HOLDING,0.263A/A
8618,2026-06-03 12:27:18,16.8125,2.56,0.244,0.673,A,#5,HOLDING,0.288A/A
8619,2026-06-03 12:27:19,16.8375,2.56,0.244,0.673,A,#5,HOLDING,0.303A/A
8620,2026-06-03 12:27:21,16.8750,3.17,0.244,0.673,A,#5,HOLDING,0.326A/A
8621,2026-06-03 12:27:23,16.9000,3.17,0.326,1.114,A,#5,HOLDING,0.345A/A
8622,2026-06-03 12:27:25,17.0000,3.17,0.326,1.114,A,#5,HOLDING,0.383A/A
8623,2026-06-03 12:27:27,17.0500,3.17,0.326,1.114,A,#5,HOLDING,0.409A/A
8624,2026-06-03 12:27:29,17.0750,3.99,0.326,1.114,A,#5,HOLDING,0.439A/A
8625,2026-06-03 12:27:31,17.1250,3.99,0.427,1.909,A,#5,HOLDING,0.466A/A
8626,2026-06-03 12:27:33,17.1875,3.99,0.427,1.909,A,#5,HOLDING,0.507A/A
8627,2026-06-03 12:27:35,17.1875,3.99,0.427,1.909,A,#5,HOLDING,0.533A/A
8628,2026-06-03 12:27:36,17.2500,4.99,0.427,1.909,A,#5,HOLDING,0.570A/A
8629,2026-06-03 12:27:38,17.2750,4.99,0.557,3.072,A,#5,HOLDING,0.603A/A
8630,2026-06-03 12:27:41,17.3125,4.99,0.557,3.072,A,#5,HOLDING,0.705A/A
8631,2026-06-03 12:27:42,17.3625,4.99,0.557,3.072,A,#5,HOLDING,0.741A/A
8632,2026-06-03 12:27:44,17.3750,6.69,0.557,3.072,A,#5,HOLDING,0.781A/A
8633,2026-06-03 12:27:46,17.4000,6.69,0.760,5.615,A,#5,HOLDING,0.822A/A
8634,2026-06-03 12:27:48,17.4375,6.69,0.760,5.615,A,#5,HOLDING,0.876A/A
8635,2026-06-03 12:27:50,17.4375,6.69,0.760,5.615,A,#5,HOLDING,0.911A/A
8636,2026-06-03 12:27:52,17.4375,8.18,0.760,5.615,A,#5,HOLDING,0.951A/A
8637,2026-06-03 12:27:54,17.4375,8.18,0.931,8.112,A,#5,HOLDING,0.991A/A
8638,2026-06-03 12:27:56,17.4625,8.18,0.931,8.112,A,#5,HOLDING,1.049A/A
8639,2026-06-03 12:27:58,17.4375,8.18,0.931,8.112,A,#5,HOLDING,1.081A/A
8640,2026-06-03 12:27:59,17.4375,9.36,0.931,8.112,A,#5,HOLDING,1.123A/A
8641,2026-06-03 12:28:01,17.4375,9.36,1.106,11.016,A,#5,HOLDING,1.163A/A
8642,2026-06-03 12:28:04,17.4000,9.36,1.106,11.016,A,#5,HOLDING,1.214A/A
8643,2026-06-03 12:28:05,17.3500,9.36,1.106,11.016,A,#5,HOLDING,1.239A/A
8644,2026-06-03 12:28:07,17.3375,10.53,1.106,11.016,A,#5,HOLDING,1.275A/A
8645,2026-06-03 12:28:09,17.2625,10.53,1.260,13.961,A,#5,HOLDING,1.254A/A
8646,2026-06-03 12:28:11,17.2500,10.53,1.260,13.961,A,#5,HOLDING,1.304A/A
8647,2026-06-03 12:28:13,17.2000,10.53,1.260,13.961,A,#5,HOLDING,1.329A/A
8648,2026-06-03 12:28:15,17.1250,11.19,1.260,13.961,A,#5,HOLDING,1.360A/A
8649,2026-06-03 12:28:17,17.0750,11.19,1.345,15.748,A,#5,HOLDING,1.385A/A
8650,2026-06-03 12:28:19,17.0000,11.19,1.345,15.748,OFF,--,DONE,1.418A/A
8651,2026-06-03 12:28:21,16.9500,11.19,1.345,15.748,OFF,--,DONE,--
8652,2026-06-03 12:28:22,16.9500,11.19,1.345,15.748,OFF,--,DONE,--
8653,2026-06-03 12:28:23,16.8750,12.00,1.345,15.748,OFF,--,DONE,--
8654,2026-06-03 12:28:24,16.8750,12.00,0.000,15.748,OFF,--,DONE,--
8655,2026-06-03 12:28:25,16.8000,12.00,0.000,0.000,OFF,--,DONE,--
8656,2026-06-03 12:28:26,16.8000,12.00,0.000,0.000,OFF,--,DONE,--
8657,2026-06-03 12:28:27,16.7500,12.00,0.000,0.000,OFF,--,DONE,--
8658,2026-06-03 12:28:28,16.7500,12.00,0.000,0.000,OFF,--,DONE,--
8659,2026-06-03 12:28:29,16.6750,12.00,0.000,0.000,OFF,--,DONE,--
8660,2026-06-03 12:28:30,16.6750,12.00,0.000,0.000,OFF,--,DONE,--
8661,2026-06-03 12:28:31,16.6875,12.00,0.000,0.000,OFF,--,DONE,--
8662,2026-06-03 12:28:32,16.6375,12.00,0.000,0.000,OFF,--,DONE,--
8663,2026-06-03 12:28:33,16.6375,12.00,0.000,0.000,OFF,--,DONE,--
8664,2026-06-03 12:28:34,16.6750,12.00,0.000,0.000,OFF,--,DONE,--
8665,2026-06-03 12:28:35,16.6750,12.00,0.000,0.000,OFF,--,DONE,--
8666,2026-06-03 12:28:36,16.6750,12.00,0.000,0.000,OFF,--,DONE,--
8667,2026-06-03 12:28:37,16.6750,12.00,0.000,0.000,OFF,--,DONE,--
8668,2026-06-03 12:28:38,16.7250,12.00,0.000,0.000,OFF,--,DONE,--
8669,2026-06-03 12:28:39,16.7250,12.00,0.000,0.000,OFF,--,DONE,--
8670,2026-06-03 12:28:40,16.7500,12.00,0.000,0.000,OFF,--,DONE,--
8671,2026-06-03 12:28:41,16.7500,12.00,0.000,0.000,OFF,--,DONE,--
8672,2026-06-03 12:28:42,16.7875,12.00,0.000,0.000,OFF,--,DONE,--
8673,2026-06-03 12:28:43,16.7875,12.00,0.000,0.000,OFF,--,DONE,--
8674,2026-06-03 12:28:44,16.8625,12.00,0.000,0.000,OFF,--,DONE,--
8675,2026-06-03 12:28:45,16.8625,12.00,0.000,0.000,OFF,--,DONE,--
8676,2026-06-03 12:28:46,16.9125,12.00,0.000,0.000,OFF,--,DONE,--
8677,2026-06-03 12:28:47,16.9125,12.00,0.000,0.000,OFF,--,DONE,--
8678,2026-06-03 12:28:48,16.9625,12.00,0.000,0.000,OFF,--,DONE,--
8679,2026-06-03 12:28:49,16.9625,12.00,0.000,0.000,OFF,--,DONE,--
8680,2026-06-03 12:28:50,17.0375,12.00,0.000,0.000,OFF,--,DONE,--
8681,2026-06-03 12:28:51,17.0875,12.00,0.000,0.000,OFF,--,DONE,--
8682,2026-06-03 12:28:52,17.0875,12.00,0.000,0.000,OFF,--,DONE,--
8683,2026-06-03 12:28:53,17.1625,12.00,0.000,0.000,OFF,--,DONE,--
8684,2026-06-03 12:28:54,17.1625,12.00,0.000,0.000,OFF,--,DONE,--
8685,2026-06-03 12:28:55,17.2375,12.00,0.000,0.000,OFF,--,DONE,--
8686,2026-06-03 12:28:56,17.2375,12.00,0.000,0.000,OFF,--,DONE,--
8687,2026-06-03 12:28:57,17.3125,12.00,0.000,0.000,OFF,--,DONE,--
8688,2026-06-03 12:28:58,17.3125,12.00,0.000,0.000,OFF,--,DONE,--
8689,2026-06-03 12:28:59,17.3625,12.00,0.000,0.000,OFF,--,DONE,--
8690,2026-06-03 12:29:00,17.3625,12.00,0.000,0.000,OFF,--,DONE,--
8691,2026-06-03 12:29:01,17.4750,12.00,0.000,0.000,OFF,--,DONE,--
8692,2026-06-03 12:29:02,17.4750,12.00,0.000,0.000,OFF,--,DONE,--
8693,2026-06-03 12:29:03,17.5500,12.00,0.000,0.000,OFF,--,DONE,--
8694,2026-06-03 12:29:04,17.5500,12.00,0.000,0.000,OFF,--,DONE,--
8695,2026-06-03 12:29:06,17.6375,12.00,0.000,0.000,OFF,--,DONE,--
8696,2026-06-03 12:29:07,17.7125,12.00,0.000,0.000,OFF,--,DONE,--
8697,2026-06-03 12:29:08,17.7125,12.00,0.000,0.000,OFF,--,DONE,--
8698,2026-06-03 12:29:09,17.7875,12.00,0.000,0.000,OFF,--,DONE,--
8699,2026-06-03 12:29:10,17.7875,12.00,0.000,0.000,OFF,--,DONE,--
8700,2026-06-03 12:29:11,17.8875,12.00,0.000,0.000,OFF,--,DONE,--
8701,2026-06-03 12:29:12,17.8875,12.00,0.000,0.000,OFF,--,DONE,--
8702,2026-06-03 12:29:13,17.9500,12.00,0.000,0.000,OFF,--,DONE,--
8703,2026-06-03 12:29:14,17.9500,12.00,0.000,0.000,OFF,--,DONE,--
8704,2026-06-03 12:29:15,18.0250,12.00,0.000,0.000,B,#1,APPROACH,3.000A/B
8705,2026-06-03 12:29:16,18.1000,12.00,0.000,0.000,B,#1,APPROACH,3.000A/B
8706,2026-06-03 12:29:19,18.2000,12.00,0.000,0.000,B,#1,APPROACH,1.000A/B
8707,2026-06-03 12:29:21,18.2875,12.00,0.000,0.000,B,#1,APPROACH,1.500A/B
8708,2026-06-03 12:29:23,18.3875,11.08,0.000,0.000,B,#1,APPROACH,1.000A/B
8709,2026-06-03 12:29:25,18.4750,11.08,1.254,8.120,B,#1,APPROACH,3.000A/B
8710,2026-06-03 12:29:27,18.5500,11.08,1.254,8.120,B,#1,APPROACH,2.500A/B
8711,2026-06-03 12:29:29,18.6750,11.08,1.254,8.120,B,#1,APPROACH,1.500A/B
8712,2026-06-03 12:29:31,18.8250,11.51,1.254,8.120,B,#1,APPROACH,2.000A/B
8713,2026-06-03 12:29:32,18.9625,11.51,1.523,18.324,B,#1,APPROACH,2.500A/B
8714,2026-06-03 12:29:35,19.1375,11.51,1.523,18.324,B,#1,APPROACH,2.000A/B
8715,2026-06-03 12:29:36,19.3000,11.51,1.523,18.324,B,#1,APPROACH,1.500A/B
8716,2026-06-03 12:29:38,19.5000,11.89,1.523,18.324,B,#1,APPROACH,1.500A/B
8717,2026-06-03 12:29:40,19.7125,11.89,1.495,17.664,B,#1,APPROACH,2.000A/B
8718,2026-06-03 12:29:43,19.9375,11.89,1.495,17.664,B,#1,APPROACH,2.500A/B
8719,2026-06-03 12:29:44,20.1750,11.89,1.495,17.664,B,#1,APPROACH,2.000A/B
8720,2026-06-03 12:29:46,20.4000,12.00,1.495,17.664,B,#1,APPROACH,3.000A/B
8721,2026-06-03 12:29:48,20.6750,12.00,1.448,17.160,B,#1,APPROACH,1.000A/B
8722,2026-06-03 12:29:50,20.9250,12.00,1.448,17.160,B,#1,APPROACH,2.000A/B
8723,2026-06-03 12:29:52,21.1875,12.00,1.448,17.160,B,#1,APPROACH,1.500A/B
8724,2026-06-03 12:29:54,21.4625,12.00,1.448,17.160,B,#1,APPROACH,1.000A/B
8725,2026-06-03 12:29:55,21.7500,12.00,1.119,9.180,B,#1,APPROACH,2.500A/B
8726,2026-06-03 12:29:58,22.0250,12.00,1.119,9.180,B,#1,APPROACH,2.000A/B
8727,2026-06-03 12:29:59,22.2750,12.00,1.119,9.180,B,#1,APPROACH,2.000A/B
8728,2026-06-03 12:30:01,22.5750,12.00,1.119,9.180,B,#1,APPROACH,1.500A/B
8729,2026-06-03 12:30:03,22.8750,12.00,1.396,16.560,B,#1,APPROACH,1.500A/B
8730,2026-06-03 12:30:06,23.1250,12.00,1.396,16.560,B,#1,APPROACH,1.000A/B
8731,2026-06-03 12:30:07,23.4000,12.00,1.396,16.560,B,#1,APPROACH,3.000A/B
8732,2026-06-03 12:30:09,23.7000,12.00,1.396,16.560,B,#1,APPROACH,1.500A/B
8733,2026-06-03 12:30:11,23.9750,12.00,1.372,16.296,B,#1,APPROACH,3.000A/B
8734,2026-06-03 12:30:13,24.2750,12.00,1.372,16.296,B,#1,APPROACH,2.500A/B
8735,2026-06-03 12:30:15,24.5375,12.00,1.372,16.296,B,#1,APPROACH,2.000A/B
8736,2026-06-03 12:30:17,24.8375,12.00,1.372,16.296,B,#1,APPROACH,2.000A/B
8737,2026-06-03 12:30:19,25.1000,12.00,1.353,16.080,B,#1,APPROACH,2.000A/B
8738,2026-06-03 12:30:21,25.4000,12.00,1.353,16.080,B,#1,APPROACH,2.500A/B
8739,2026-06-03 12:30:23,25.6875,12.00,1.353,16.080,B,#1,APPROACH,2.500A/B
8740,2026-06-03 12:30:24,25.9375,12.00,1.353,16.080,B,#1,APPROACH,2.500A/B
8741,2026-06-03 12:30:26,26.2375,12.00,1.337,15.888,B,#1,HOLDING,2.000A/B
8742,2026-06-03 12:30:29,26.5125,12.00,1.337,15.888,B,#1,HOLDING,1.500A/B
8743,2026-06-03 12:30:30,26.7875,12.00,1.337,15.888,B,#1,HOLDING,0.731A/B
8744,2026-06-03 12:30:32,27.0875,7.63,1.337,15.888,A,#1,HOLDING,0.455A/A
8745,2026-06-03 12:30:34,27.3500,7.63,0.541,1.105,A,#1,HOLDING,1.500A/A
8746,2026-06-03 12:30:36,27.6250,7.63,0.541,1.105,A,#1,HOLDING,1.554A/A
8747,2026-06-03 12:30:38,27.8750,7.63,0.541,1.105,A,#1,HOLDING,1.000A/A
8748,2026-06-03 12:30:40,28.1250,6.93,0.541,1.105,A,#1,HOLDING,1.000A/A
8749,2026-06-03 12:30:42,28.3375,6.93,1.000,7.390,A,#1,HOLDING,1.500A/A
8750,2026-06-03 12:30:44,28.5375,6.93,1.000,7.390,A,#1,HOLDING,1.000A/A
8751,2026-06-03 12:30:46,28.6625,6.93,1.000,7.390,A,#1,HOLDING,3.000A/A
8752,2026-06-03 12:30:47,28.7875,12.00,1.000,7.390,A,#1,HOLDING,1.500A/A
8753,2026-06-03 12:30:49,28.9125,12.00,1.550,16.890,A,#1,HOLDING,1.037A/A
8754,2026-06-03 12:30:52,28.9875,12.00,1.550,16.890,A,#1,HOLDING,0.935A/A
8755,2026-06-03 12:30:53,29.0000,12.00,1.550,16.890,A,#1,HOLDING,0.647A/A
8756,2026-06-03 12:30:55,29.0000,5.34,1.550,16.890,A,#1,HOLDING,0.795A/A
8757,2026-06-03 12:30:57,28.9875,5.34,0.795,5.366,A,#1,HOLDING,0.750A/A
8758,2026-06-03 12:30:59,28.9375,5.34,0.795,5.366,A,#1,HOLDING,0.667A/A
8759,2026-06-03 12:31:01,28.8625,5.34,0.795,5.366,A,#1,HOLDING,0.707A/A
8760,2026-06-03 12:31:03,28.7875,6.02,0.795,5.366,A,#1,HOLDING,0.829A/A
8761,2026-06-03 12:31:05,28.7375,6.02,0.829,5.943,A,#1,HOLDING,0.934A/A
8762,2026-06-03 12:31:07,28.6375,6.02,0.829,5.943,A,#1,HOLDING,0.870A/A
8763,2026-06-03 12:31:09,28.5250,6.02,0.829,5.943,A,#1,HOLDING,0.927A/A
8764,2026-06-03 12:31:10,28.4250,7.88,0.829,5.943,A,#1,HOLDING,0.993A/A
8765,2026-06-03 12:31:12,28.2875,7.88,0.993,8.440,A,#1,HOLDING,0.938A/A
8766,2026-06-03 12:31:15,28.1125,7.88,0.993,8.440,A,#1,HOLDING,0.940A/A
8767,2026-06-03 12:31:16,28.0125,7.88,0.993,8.440,A,#1,HOLDING,0.970A/A
8768,2026-06-03 12:31:18,27.8125,8.33,0.993,8.440,A,#1,HOLDING,0.936A/A
8769,2026-06-03 12:31:20,27.7000,8.33,0.951,7.712,A,#1,HOLDING,0.961A/A
8770,2026-06-03 12:31:22,27.5000,8.33,0.951,7.712,A,#1,HOLDING,0.982A/A
8771,2026-06-03 12:31:24,27.3250,8.33,0.951,7.712,A,#1,HOLDING,0.984A/A
8772,2026-06-03 12:31:26,27.1500,8.54,0.951,7.712,A,#1,HOLDING,0.978A/A
8773,2026-06-03 12:31:28,26.9875,8.54,0.978,8.489,A,#1,HOLDING,0.967A/A
8774,2026-06-03 12:31:30,26.8125,8.54,0.978,8.489,A,#1,HOLDING,0.952A/A
8775,2026-06-03 12:31:32,26.6000,8.54,0.978,8.489,A,#1,HOLDING,0.917A/A
8776,2026-06-03 12:31:34,26.4250,8.15,0.978,8.489,A,#1,HOLDING,0.881A/A
8777,2026-06-03 12:31:35,26.2000,8.15,0.897,7.083,A,#1,HOLDING,0.811A/A
8778,2026-06-03 12:31:38,26.0000,8.15,0.897,7.083,A,#1,HOLDING,0.747A/A
8779,2026-06-03 12:31:39,25.8500,8.15,0.897,7.083,A,#1,HOLDING,0.669A/A
8780,2026-06-03 12:31:41,25.6250,6.30,0.897,7.083,A,#1,HOLDING,0.564A/A
8781,2026-06-03 12:31:43,25.4500,6.30,0.564,3.141,A,#1,HOLDING,0.547A/A
8782,2026-06-03 12:31:45,25.2500,6.30,0.564,3.141,A,#1,HOLDING,0.445A/A
8783,2026-06-03 12:31:47,25.1000,6.30,0.564,3.141,A,#1,HOLDING,0.352A/A
8784,2026-06-03 12:31:49,24.9250,3.73,0.564,3.141,A,#1,HOLDING,0.193A/A
8785,2026-06-03 12:31:51,24.7625,3.73,0.193,3.141,OFF,#1,HOLDING,0.000A/OFF
8786,2026-06-03 12:31:52,24.7625,3.73,0.193,0.490,OFF,#1,HOLDING,0.000A/OFF
8787,2026-06-03 12:31:53,24.5625,3.73,0.193,0.490,OFF,#1,HOLDING,0.000A/OFF
8788,2026-06-03 12:31:54,24.5625,3.73,0.193,0.490,OFF,#1,HOLDING,0.000A/OFF
8789,2026-06-03 12:31:55,24.4250,3.73,0.193,0.490,OFF,#1,HOLDING,0.000A/OFF
8790,2026-06-03 12:31:56,24.2750,12.00,0.193,0.490,B,#1,HOLDING,0.154A/B
8791,2026-06-03 12:31:58,24.2750,12.00,0.076,0.155,B,#1,HOLDING,0.174A/B
8792,2026-06-03 12:32:00,24.0125,12.00,0.076,0.155,B,#1,HOLDING,0.355A/B
8793,2026-06-03 12:32:02,24.0125,12.00,0.076,0.155,B,#1,HOLDING,0.447A/B
8794,2026-06-03 12:32:03,23.9250,3.50,0.076,0.155,B,#1,HOLDING,0.522A/B
8795,2026-06-03 12:32:05,23.8000,3.50,0.501,2.218,B,#1,HOLDING,0.593A/B
8796,2026-06-03 12:32:08,23.6375,3.50,0.501,2.218,B,#1,HOLDING,0.800A/B
8797,2026-06-03 12:32:09,23.6375,3.50,0.501,2.218,B,#1,HOLDING,0.949A/B
8798,2026-06-03 12:32:11,23.5625,7.63,0.501,2.218,B,#1,HOLDING,1.150A/B
8799,2026-06-03 12:32:13,23.5125,7.63,1.107,10.591,B,#1,HOLDING,1.000A/B
8800,2026-06-03 12:32:15,23.4750,7.63,1.107,10.591,B,#1,HOLDING,1.000A/B
8801,2026-06-03 12:32:17,23.4750,7.63,1.107,10.591,B,#1,HOLDING,1.431A/B
8802,2026-06-03 12:32:19,23.5125,11.11,1.107,10.591,B,#1,HOLDING,1.377A/B
8803,2026-06-03 12:32:21,23.5125,11.11,1.393,15.215,B,#1,HOLDING,1.416A/B
8804,2026-06-03 12:32:23,23.6125,11.11,1.393,15.215,B,#1,HOLDING,1.567A/B
8805,2026-06-03 12:32:25,23.6125,11.11,1.393,15.215,B,#1,HOLDING,1.000A/B
8806,2026-06-03 12:32:27,23.6750,8.62,1.393,15.215,B,#1,HOLDING,1.627A/B
8807,2026-06-03 12:32:28,23.7750,8.62,1.423,17.664,B,#1,HOLDING,1.759A/B
8808,2026-06-03 12:32:31,24.0125,8.62,1.423,17.664,B,#1,HOLDING,1.823A/B
8809,2026-06-03 12:32:32,24.0125,8.62,1.423,17.664,B,#1,HOLDING,1.000A/B
8810,2026-06-03 12:32:34,24.1750,8.88,1.423,17.664,B,#1,HOLDING,1.898A/B
8811,2026-06-03 12:32:36,24.3250,8.88,1.444,17.148,B,#1,HOLDING,1.000A/B
8812,2026-06-03 12:32:38,24.6375,8.88,1.444,17.148,B,#1,HOLDING,1.948A/B
8813,2026-06-03 12:32:40,24.6375,8.88,1.444,17.148,B,#1,HOLDING,1.000A/B
8814,2026-06-03 12:32:42,24.8625,9.06,1.444,17.148,B,#1,HOLDING,1.000A/B
8815,2026-06-03 12:32:44,25.0125,9.06,1.000,9.230,B,#1,HOLDING,2.019A/B
8816,2026-06-03 12:32:46,25.4375,9.06,1.000,9.230,B,#1,HOLDING,1.500A/B
8817,2026-06-03 12:32:48,25.4375,9.06,1.000,9.230,B,#1,HOLDING,1.000A/B
8818,2026-06-03 12:32:50,25.6125,9.17,1.000,9.230,B,#1,HOLDING,2.051A/B
8819,2026-06-03 12:32:51,25.8125,9.17,1.398,16.608,B,#1,HOLDING,1.000A/B
8820,2026-06-03 12:32:54,26.1875,9.17,1.398,16.608,B,#1,HOLDING,2.014A/B
8821,2026-06-03 12:32:55,26.1875,9.17,1.398,16.608,B,#1,HOLDING,2.055A/B
8822,2026-06-03 12:32:57,26.3875,12.00,1.398,16.608,B,#1,HOLDING,2.075A/B
8823,2026-06-03 12:32:59,26.5875,12.00,1.375,16.320,B,#1,HOLDING,1.000A/B
8824,2026-06-03 12:33:01,27.0000,12.00,1.375,16.320,B,#1,HOLDING,1.000A/B
8825,2026-06-03 12:33:03,27.0000,12.00,1.375,16.320,B,#1,HOLDING,1.500A/B
8826,2026-06-03 12:33:05,27.1875,12.00,1.375,16.320,B,#1,HOLDING,1.000A/B
8827,2026-06-03 12:33:07,27.4375,12.00,1.017,9.520,B,#1,HOLDING,2.094A/B
8828,2026-06-03 12:33:09,27.8125,12.00,1.017,9.520,B,#1,HOLDING,2.027A/B
8829,2026-06-03 12:33:11,27.8125,12.00,1.017,9.520,B,#1,HOLDING,2.018A/B
8830,2026-06-03 12:33:13,28.0500,12.00,1.017,9.520,B,#1,HOLDING,1.000A/B
8831,2026-06-03 12:33:14,28.2500,12.00,1.020,9.580,B,#1,HOLDING,1.925A/B
8832,2026-06-03 12:33:17,28.6625,12.00,1.020,9.580,B,#1,HOLDING,1.791A/B
8833,2026-06-03 12:33:18,28.6625,12.00,1.020,9.580,B,#1,HOLDING,1.500A/B
8834,2026-06-03 12:33:20,28.9000,12.00,1.020,9.580,B,#1,HOLDING,1.744A/B
8835,2026-06-03 12:33:22,29.1250,12.00,1.334,15.864,B,#1,HOLDING,1.662A/B
8836,2026-06-03 12:33:24,29.5000,12.00,1.334,15.864,B,#1,HOLDING,1.491A/B
8837,2026-06-03 12:33:26,29.5000,12.00,1.334,15.864,B,#1,HOLDING,1.433A/B
8838,2026-06-03 12:33:28,29.6875,12.00,1.334,15.864,B,#1,HOLDING,1.331A/B
8839,2026-06-03 12:33:30,29.8875,12.00,1.320,15.672,B,#1,HOLDING,1.226A/B
8840,2026-06-03 12:33:32,30.2875,12.00,1.320,15.672,B,#1,HOLDING,1.071A/B
8841,2026-06-03 12:33:34,30.2875,12.00,1.320,15.672,B,#1,HOLDING,0.972A/B
8842,2026-06-03 12:33:36,30.4875,9.48,1.320,15.672,B,#1,HOLDING,0.832A/B
8843,2026-06-03 12:33:37,30.6875,9.48,0.832,7.121,B,#1,HOLDING,0.688A/B
8844,2026-06-03 12:33:40,31.0375,9.48,0.832,7.121,B,#1,HOLDING,0.470A/B
8845,2026-06-03 12:33:41,31.0375,9.48,0.832,7.121,B,#1,HOLDING,0.348A/B
8846,2026-06-03 12:33:43,31.2125,4.67,0.832,7.121,B,#1,HOLDING,0.181A/B
8847,2026-06-03 12:33:45,31.4125,4.67,0.181,7.121,OFF,#1,HOLDING,0.000A/OFF
8848,2026-06-03 12:33:46,31.6125,4.67,0.181,0.595,OFF,#1,HOLDING,0.110A/A
8849,2026-06-03 12:33:48,31.7625,4.67,0.181,0.595,A,#1,HOLDING,0.264A/A
8850,2026-06-03 12:33:49,31.9250,4.67,0.181,0.595,A,#1,HOLDING,0.433A/A
8851,2026-06-03 12:33:51,32.0750,2.59,0.181,0.595,A,#1,HOLDING,0.626A/A
8852,2026-06-03 12:33:53,32.0750,2.59,0.574,2.810,A,#1,HOLDING,0.808A/A
8853,2026-06-03 12:33:55,32.3000,2.59,0.574,2.810,A,#1,HOLDING,1.075A/A
8854,2026-06-03 12:33:57,32.3500,2.59,0.574,2.810,A,#1,HOLDING,1.236A/A
8855,2026-06-03 12:33:59,32.4000,9.05,0.574,2.810,A,#1,HOLDING,1.446A/A
8856,2026-06-03 12:34:01,32.4375,9.05,1.415,15.718,A,#1,HOLDING,1.000A/A
8857,2026-06-03 12:34:03,32.4125,9.05,1.415,15.718,A,#1,HOLDING,1.629A/A
8858,2026-06-03 12:34:05,32.3625,9.05,1.415,15.718,A,#1,HOLDING,1.796A/A
8859,2026-06-03 12:34:07,32.2625,12.00,1.415,15.718,A,#1,HOLDING,1.500A/A
8860,2026-06-03 12:34:08,32.1750,12.00,1.525,17.385,A,#1,HOLDING,1.972A/A
8861,2026-06-03 12:34:11,32.0750,12.00,1.525,17.385,A,#1,HOLDING,1.500A/A
8862,2026-06-03 12:34:12,31.9500,12.00,1.525,17.385,A,#1,HOLDING,2.198A/A
8863,2026-06-03 12:34:14,31.7500,12.00,1.525,17.385,A,#1,HOLDING,1.000A/A
8864,2026-06-03 12:34:16,31.5750,12.00,1.031,8.520,A,#1,HOLDING,1.000A/A
8865,2026-06-03 12:34:18,31.3750,12.00,1.031,8.520,A,#1,HOLDING,1.500A/A
8866,2026-06-03 12:34:20,31.1625,12.00,1.031,8.520,A,#1,HOLDING,1.500A/A
8867,2026-06-03 12:34:22,30.9375,11.79,1.031,8.520,A,#1,HOLDING,2.313A/A
8868,2026-06-03 12:34:24,30.7250,11.79,1.497,17.832,A,#1,HOLDING,2.439A/A
8869,2026-06-03 12:34:26,30.5000,11.79,1.497,17.832,A,#1,HOLDING,2.000A/A
8870,2026-06-03 12:34:28,30.2875,11.79,1.497,17.832,A,#1,HOLDING,1.000A/A
8871,2026-06-03 12:34:30,30.0125,8.69,1.497,17.832,A,#1,HOLDING,2.500A/A
8872,2026-06-03 12:34:31,29.7875,8.69,1.236,17.376,A,#1,HOLDING,1.500A/A
8873,2026-06-03 12:34:34,29.5125,8.69,1.236,17.376,A,#1,HOLDING,2.491A/A
8874,2026-06-03 12:34:35,29.2750,8.69,1.236,17.376,A,#1,HOLDING,1.500A/A
8875,2026-06-03 12:34:37,28.9750,12.00,1.236,17.376,A,#1,HOLDING,2.000A/A
8876,2026-06-03 12:34:39,28.7250,12.00,1.451,17.184,A,#1,HOLDING,1.500A/A
8877,2026-06-03 12:34:41,28.4500,12.00,1.451,17.184,A,#1,HOLDING,1.500A/A
8878,2026-06-03 12:34:43,28.1875,12.00,1.451,17.184,A,#1,HOLDING,1.000A/A
8879,2026-06-03 12:34:45,27.9125,8.94,1.451,17.184,A,#1,HOLDING,2.440A/A
8880,2026-06-03 12:34:47,27.6625,8.94,1.440,17.004,A,#1,HOLDING,2.000A/A
8881,2026-06-03 12:34:49,27.3875,8.94,1.440,17.004,A,#1,HOLDING,1.000A/A
8882,2026-06-03 12:34:51,27.1375,8.94,1.440,17.004,A,#2,APPROACH,2.472A/A
8883,2026-06-03 12:34:53,26.8375,8.94,1.440,17.004,OFF,#2,APPROACH,0.000A/OFF
8884,2026-06-03 12:34:54,26.8375,2.71,1.440,17.004,OFF,#2,APPROACH,0.000A/OFF
8885,2026-06-03 12:34:55,26.6000,2.71,0.000,17.004,OFF,#2,APPROACH,0.000A/OFF
8886,2026-06-03 12:34:56,26.6000,2.71,0.000,17.004,OFF,#2,APPROACH,0.000A/OFF
8887,2026-06-03 12:34:57,26.3250,2.71,0.000,0.000,OFF,#2,APPROACH,0.000A/OFF
8888,2026-06-03 12:34:58,26.3250,2.71,0.000,0.000,OFF,#2,APPROACH,0.000A/OFF
8889,2026-06-03 12:34:59,26.1000,2.71,0.000,0.000,OFF,#2,HOLDING,0.000A/OFF
8890,2026-06-03 12:35:00,26.1000,2.71,0.000,0.000,OFF,#2,HOLDING,0.000A/OFF
8891,2026-06-03 12:35:01,25.8750,12.00,0.000,0.000,OFF,#2,HOLDING,0.000A/OFF
8892,2026-06-03 12:35:02,25.8750,12.00,0.000,0.000,OFF,#2,HOLDING,0.000A/OFF
8893,2026-06-03 12:35:03,25.6750,12.00,0.000,0.000,OFF,#2,HOLDING,0.000A/OFF
8894,2026-06-03 12:35:04,25.6750,12.00,0.000,0.000,OFF,#2,HOLDING,0.000A/OFF
8895,2026-06-03 12:35:05,25.5000,12.00,0.000,0.000,OFF,#2,HOLDING,0.000A/OFF
8896,2026-06-03 12:35:06,25.5000,12.00,0.000,0.000,OFF,#2,HOLDING,0.000A/OFF
8897,2026-06-03 12:35:07,25.3250,12.00,0.000,0.000,OFF,#2,HOLDING,0.000A/OFF
8898,2026-06-03 12:35:08,25.1750,12.00,0.000,0.000,OFF,#2,HOLDING,0.000A/OFF
8899,2026-06-03 12:35:09,25.1750,12.00,0.000,0.000,OFF,#2,HOLDING,0.000A/OFF
8900,2026-06-03 12:35:10,25.0750,12.00,0.000,0.000,OFF,#2,HOLDING,0.000A/OFF
8901,2026-06-03 12:35:11,25.0750,12.00,0.000,0.000,OFF,#2,HOLDING,0.000A/OFF
8902,2026-06-03 12:35:12,24.9250,12.00,0.000,0.000,OFF,#2,HOLDING,0.000A/OFF
8903,2026-06-03 12:35:13,24.9250,12.00,0.000,0.000,OFF,#2,HOLDING,0.000A/OFF
8904,2026-06-03 12:35:14,24.8375,12.00,0.000,0.000,OFF,#2,HOLDING,0.000A/OFF
8905,2026-06-03 12:35:15,24.8375,12.00,0.000,0.000,OFF,#2,HOLDING,0.000A/OFF
8906,2026-06-03 12:35:16,24.7125,12.00,0.000,0.000,OFF,#2,HOLDING,0.000A/OFF
8907,2026-06-03 12:35:17,24.7125,12.00,0.000,0.000,OFF,#2,HOLDING,0.000A/OFF
8908,2026-06-03 12:35:18,24.5875,12.00,0.000,0.000,OFF,#2,HOLDING,0.000A/OFF
8909,2026-06-03 12:35:19,24.5875,12.00,0.000,0.000,OFF,#2,HOLDING,0.000A/OFF
8910,2026-06-03 12:35:20,24.5125,12.00,0.000,0.000,OFF,#2,HOLDING,0.000A/OFF
8911,2026-06-03 12:35:21,24.5125,12.00,0.000,0.000,OFF,#2,HOLDING,0.000A/OFF
8912,2026-06-03 12:35:22,24.4250,12.00,0.000,0.000,OFF,#2,HOLDING,0.000A/OFF
8913,2026-06-03 12:35:23,24.4250,12.00,0.000,0.000,OFF,#2,HOLDING,0.000A/OFF
8914,2026-06-03 12:35:24,24.3500,12.00,0.000,0.000,OFF,#2,HOLDING,0.000A/OFF
8915,2026-06-03 12:35:25,24.3500,12.00,0.000,0.000,OFF,#2,HOLDING,0.000A/OFF
8916,2026-06-03 12:35:26,24.3000,12.00,0.000,0.000,OFF,#2,HOLDING,0.000A/OFF
8917,2026-06-03 12:35:27,24.2250,12.00,0.000,0.000,B,#2,HOLDING,0.100A/B
8918,2026-06-03 12:35:29,24.2250,12.00,0.000,0.081,B,#2,HOLDING,0.127A/B
8919,2026-06-03 12:35:31,24.1375,12.00,0.000,0.081,B,#2,HOLDING,0.171A/B
8920,2026-06-03 12:35:33,24.1375,12.00,0.000,0.081,B,#2,HOLDING,0.188A/B
8921,2026-06-03 12:35:34,24.0625,1.61,0.000,0.081,B,#2,HOLDING,0.286A/B
8922,2026-06-03 12:35:36,24.0125,1.61,0.235,0.717,B,#2,HOLDING,0.327A/B
8923,2026-06-03 12:35:39,23.9625,1.61,0.235,0.717,B,#2,HOLDING,0.388A/B
8924,2026-06-03 12:35:40,23.9625,1.61,0.235,0.717,B,#2,HOLDING,0.417A/B
8925,2026-06-03 12:35:42,23.9375,3.58,0.235,0.717,B,#2,HOLDING,0.459A/B
8926,2026-06-03 12:35:44,23.9125,3.58,0.436,1.845,B,#2,HOLDING,0.502A/B
8927,2026-06-03 12:35:46,23.8750,3.58,0.436,1.845,B,#2,HOLDING,0.566A/B
8928,2026-06-03 12:35:48,23.8750,3.58,0.436,1.845,B,#2,HOLDING,0.603A/B
8929,2026-06-03 12:35:50,23.8750,5.17,0.436,1.845,B,#2,HOLDING,0.646A/B
8930,2026-06-03 12:35:52,23.8750,5.17,0.622,3.636,B,#2,HOLDING,0.688A/B
8931,2026-06-03 12:35:54,23.9250,5.17,0.622,3.636,B,#2,HOLDING,0.737A/B
8932,2026-06-03 12:35:56,23.9250,5.17,0.622,3.636,B,#2,HOLDING,0.775A/B
8933,2026-06-03 12:35:57,23.9125,6.65,0.622,3.636,B,#2,HOLDING,0.821A/B
8934,2026-06-03 12:35:59,23.9625,6.65,0.796,5.870,B,#2,HOLDING,0.859A/B
8935,2026-06-03 12:36:02,24.0875,6.65,0.796,5.870,B,#2,HOLDING,0.892A/B
8936,2026-06-03 12:36:03,24.0875,6.65,0.796,5.870,B,#2,HOLDING,0.923A/B
8937,2026-06-03 12:36:05,24.1625,7.92,0.796,5.870,B,#2,HOLDING,0.905A/B
8938,2026-06-03 12:36:07,24.2125,7.92,0.905,7.185,B,#2,HOLDING,0.942A/B
8939,2026-06-03 12:36:09,24.3625,7.92,0.905,7.185,B,#2,HOLDING,0.966A/B
8940,2026-06-03 12:36:11,24.3625,7.92,0.905,7.185,B,#2,HOLDING,0.997A/B
8941,2026-06-03 12:36:13,24.4375,8.62,0.905,7.185,B,#2,HOLDING,1.020A/B
8942,2026-06-03 12:36:15,24.5125,8.62,1.006,9.108,B,#2,HOLDING,1.045A/B
8943,2026-06-03 12:36:17,24.7625,8.62,1.006,9.108,B,#2,HOLDING,1.043A/B
8944,2026-06-03 12:36:19,24.7625,8.62,1.006,9.108,B,#2,HOLDING,1.061A/B
8945,2026-06-03 12:36:20,24.8625,9.23,1.006,9.108,B,#2,HOLDING,1.068A/B
8946,2026-06-03 12:36:22,24.9625,9.23,1.068,10.092,B,#2,HOLDING,1.082A/B
8947,2026-06-03 12:36:25,25.2375,9.23,1.068,10.092,B,#2,HOLDING,1.056A/B
8948,2026-06-03 12:36:26,25.2375,9.23,1.068,10.092,B,#2,HOLDING,1.000A/B
8949,2026-06-03 12:36:28,25.3625,8.96,1.068,10.092,B,#2,HOLDING,1.058A/B
8950,2026-06-03 12:36:30,25.5125,8.96,1.032,10.061,B,#3,APPROACH,1.048A/B
8951,2026-06-03 12:36:32,25.7875,8.96,1.032,10.061,A,#3,APPROACH,0.266A/A
8952,2026-06-03 12:36:35,25.9000,8.96,1.032,10.061,A,#3,APPROACH,0.332A/A
8953,2026-06-03 12:36:37,26.0750,8.96,1.032,10.061,A,#3,APPROACH,0.425A/A
8954,2026-06-03 12:36:39,26.2250,4.87,0.425,10.061,A,#3,APPROACH,0.544A/A
8955,2026-06-03 12:36:41,26.3750,4.87,0.425,2.192,A,#3,APPROACH,0.664A/A
8956,2026-06-03 12:36:42,26.4750,4.87,0.425,2.192,A,#3,APPROACH,0.777A/A
8957,2026-06-03 12:36:44,26.4750,4.87,0.425,2.192,A,#3,APPROACH,0.894A/A
8958,2026-06-03 12:36:46,26.5500,6.90,0.425,2.192,A,#3,APPROACH,1.050A/A
8959,2026-06-03 12:36:48,26.6625,6.90,0.969,8.725,A,#3,APPROACH,1.228A/A
8960,2026-06-03 12:36:50,26.7500,6.90,0.969,8.725,A,#3,APPROACH,1.000A/A
8961,2026-06-03 12:36:52,26.7500,6.90,0.969,8.725,A,#3,APPROACH,1.481A/A
8962,2026-06-03 12:36:53,26.7500,11.22,0.969,8.725,A,#3,APPROACH,1.000A/A
8963,2026-06-03 12:36:55,26.7500,11.22,1.207,8.290,A,#3,APPROACH,1.680A/A
8964,2026-06-03 12:36:58,26.6750,11.22,1.207,8.290,A,#3,APPROACH,1.933A/A
8965,2026-06-03 12:36:59,26.6750,11.22,1.207,8.290,A,#3,APPROACH,2.110A/A
8966,2026-06-03 12:37:01,26.5750,12.00,1.207,8.290,A,#3,APPROACH,1.500A/A
8967,2026-06-03 12:37:03,26.4875,12.00,1.514,17.940,A,#3,APPROACH,2.296A/A
8968,2026-06-03 12:37:05,26.2625,12.00,1.514,17.940,A,#3,APPROACH,2.500A/A
8969,2026-06-03 12:37:07,26.2625,12.00,1.514,17.940,A,#3,APPROACH,2.500A/A
8970,2026-06-03 12:37:09,26.1125,12.00,1.514,17.940,A,#3,APPROACH,1.000A/A
8971,2026-06-03 12:37:11,26.0125,12.00,1.116,8.800,A,#3,APPROACH,1.000A/A
8972,2026-06-03 12:37:13,25.6625,12.00,1.116,8.800,A,#3,APPROACH,1.000A/A
8973,2026-06-03 12:37:15,25.6625,12.00,1.116,8.800,A,#3,APPROACH,2.489A/A
8974,2026-06-03 12:37:16,25.4875,12.00,1.116,8.800,A,#3,APPROACH,2.500A/A
8975,2026-06-03 12:37:18,25.3250,12.00,1.463,17.376,A,#3,APPROACH,2.500A/A
8976,2026-06-03 12:37:21,25.0000,12.00,1.463,17.376,A,#3,APPROACH,2.613A/A
8977,2026-06-03 12:37:22,25.0000,12.00,1.463,17.376,A,#3,APPROACH,2.744A/A
8978,2026-06-03 12:37:24,24.7750,12.00,1.463,17.376,A,#3,APPROACH,2.866A/A
8979,2026-06-03 12:37:26,24.5750,12.00,1.440,17.148,A,#3,APPROACH,2.980A/A
8980,2026-06-03 12:37:28,24.2000,12.00,1.440,17.148,A,#3,APPROACH,2.500A/A
8981,2026-06-03 12:37:30,24.2000,12.00,1.440,17.148,A,#3,APPROACH,1.000A/A
8982,2026-06-03 12:37:32,24.0000,9.03,1.440,17.148,A,#3,APPROACH,1.500A/A
8983,2026-06-03 12:37:34,23.8250,9.03,1.376,17.052,A,#3,APPROACH,3.000A/A
8984,2026-06-03 12:37:36,23.3875,9.03,1.376,17.052,A,#3,APPROACH,2.500A/A
8985,2026-06-03 12:37:38,23.3875,9.03,1.376,17.052,A,#3,APPROACH,3.000A/A
8986,2026-06-03 12:37:40,23.1875,12.00,1.376,17.052,A,#3,APPROACH,1.500A/A
8987,2026-06-03 12:37:41,23.0000,12.00,1.422,16.932,A,#3,APPROACH,1.500A/A
8988,2026-06-03 12:37:44,22.5750,12.00,1.422,16.932,A,#3,APPROACH,2.000A/A
8989,2026-06-03 12:37:45,22.5750,12.00,1.422,16.932,A,#3,APPROACH,2.980A/A
8990,2026-06-03 12:37:47,22.3750,12.00,1.422,16.932,A,#3,APPROACH,3.000A/A
8991,2026-06-03 12:37:49,22.2000,12.00,1.409,16.788,A,#3,HOLDING,2.500A/A
8992,2026-06-03 12:37:51,21.8250,12.00,1.409,16.788,OFF,#3,HOLDING,0.000A/OFF
8993,2026-06-03 12:37:53,21.8250,12.00,1.409,16.788,OFF,#3,HOLDING,0.000A/OFF
8994,2026-06-03 12:37:54,21.5750,12.00,1.409,16.788,OFF,#3,HOLDING,0.000A/OFF
8995,2026-06-03 12:37:55,21.5750,12.00,1.409,16.788,OFF,#3,HOLDING,0.000A/OFF
8996,2026-06-03 12:37:56,21.3875,12.00,0.000,16.788,OFF,#3,HOLDING,0.000A/OFF
8997,2026-06-03 12:37:57,21.3875,12.00,0.000,16.788,OFF,#3,HOLDING,0.000A/OFF
8998,2026-06-03 12:37:58,21.2375,12.00,0.000,0.000,OFF,#3,HOLDING,0.000A/OFF
8999,2026-06-03 12:37:59,21.2375,12.00,0.000,0.000,OFF,#3,HOLDING,0.000A/OFF
9000,2026-06-03 12:38:00,21.0750,12.00,0.000,0.000,OFF,#3,HOLDING,0.000A/OFF
9001,2026-06-03 12:38:01,21.0750,12.00,0.000,0.000,OFF,#3,HOLDING,0.000A/OFF
9002,2026-06-03 12:38:02,20.9000,12.00,0.000,0.000,OFF,#3,HOLDING,0.000A/OFF
9003,2026-06-03 12:38:03,20.9000,12.00,0.000,0.000,OFF,#3,HOLDING,0.000A/OFF
9004,2026-06-03 12:38:04,20.7750,12.00,0.000,0.000,OFF,#3,HOLDING,0.000A/OFF
9005,2026-06-03 12:38:05,20.7750,12.00,0.000,0.000,OFF,#3,HOLDING,0.000A/OFF
9006,2026-06-03 12:38:06,20.6750,12.00,0.000,0.000,OFF,#3,HOLDING,0.000A/OFF
9007,2026-06-03 12:38:07,20.6750,12.00,0.000,0.000,OFF,#3,HOLDING,0.000A/OFF
9008,2026-06-03 12:38:08,20.5875,12.00,0.000,0.000,OFF,#3,HOLDING,0.000A/OFF
9009,2026-06-03 12:38:09,20.5125,12.00,0.000,0.000,OFF,#3,HOLDING,0.000A/OFF
9010,2026-06-03 12:38:10,20.5125,12.00,0.000,0.000,OFF,#3,HOLDING,0.000A/OFF
9011,2026-06-03 12:38:11,20.4375,12.00,0.000,0.000,OFF,#3,HOLDING,0.000A/OFF
9012,2026-06-03 12:38:12,20.4375,12.00,0.000,0.000,OFF,#3,HOLDING,0.000A/OFF
9013,2026-06-03 12:38:13,20.3875,12.00,0.000,0.000,OFF,#3,HOLDING,0.000A/OFF
9014,2026-06-03 12:38:14,20.3875,12.00,0.000,0.000,B,#3,HOLDING,0.102A/B
9015,2026-06-03 12:38:15,20.3625,12.00,0.000,0.000,B,#3,HOLDING,0.130A/B
9016,2026-06-03 12:38:17,20.3125,12.00,0.000,0.092,B,#3,HOLDING,0.159A/B
9017,2026-06-03 12:38:19,20.3125,12.00,0.000,0.092,B,#3,HOLDING,0.188A/B
9018,2026-06-03 12:38:20,20.3125,12.00,0.000,0.092,B,#3,HOLDING,0.213A/B
9019,2026-06-03 12:38:22,20.3125,1.50,0.000,0.092,B,#3,HOLDING,0.242A/B
9020,2026-06-03 12:38:24,20.3125,1.50,0.242,0.442,B,#3,HOLDING,0.275A/B
9021,2026-06-03 12:38:26,20.3125,1.50,0.242,0.442,B,#3,HOLDING,0.317A/B
9022,2026-06-03 12:38:28,20.3125,1.50,0.242,0.442,B,#3,HOLDING,0.345A/B
9023,2026-06-03 12:38:30,20.3750,2.77,0.242,0.442,B,#3,HOLDING,0.370A/B
9024,2026-06-03 12:38:32,20.4000,2.77,0.370,1.135,B,#3,HOLDING,0.397A/B
9025,2026-06-03 12:38:34,20.4375,2.77,0.370,1.135,B,#3,HOLDING,0.431A/B
9026,2026-06-03 12:38:36,20.4875,2.77,0.370,1.135,B,#3,HOLDING,0.455A/B
9027,2026-06-03 12:38:38,20.5625,3.81,0.370,1.135,B,#3,HOLDING,0.474A/B
9028,2026-06-03 12:38:39,20.6125,3.81,0.463,1.929,B,#3,HOLDING,0.494A/B
9029,2026-06-03 12:38:42,20.6625,3.81,0.463,1.929,B,#3,HOLDING,0.521A/B
9030,2026-06-03 12:38:43,20.7375,3.81,0.463,1.929,B,#3,HOLDING,0.534A/B
9031,2026-06-03 12:38:45,20.8250,4.59,0.463,1.929,B,#3,HOLDING,0.545A/B
9032,2026-06-03 12:38:47,20.9000,4.59,0.545,2.610,B,#3,HOLDING,0.553A/B
9033,2026-06-03 12:38:50,20.9500,4.59,0.545,2.610,B,#4,APPROACH,0.569A/B
9034,2026-06-03 12:38:51,21.0750,4.59,0.545,2.610,OFF,#4,HOLDING,0.000A/OFF
9035,2026-06-03 12:38:52,21.0750,4.59,0.545,2.610,OFF,#4,HOLDING,0.000A/OFF
9036,2026-06-03 12:38:53,21.1625,4.59,0.545,2.610,OFF,#4,HOLDING,0.000A/OFF
9037,2026-06-03 12:38:54,21.1625,12.00,0.545,2.610,OFF,#4,HOLDING,0.000A/OFF
9038,2026-06-03 12:38:55,21.2625,12.00,0.000,2.610,OFF,#4,HOLDING,0.000A/OFF
9039,2026-06-03 12:38:56,21.2625,12.00,0.000,0.000,OFF,#4,HOLDING,0.000A/OFF
9040,2026-06-03 12:38:57,21.3750,12.00,0.000,0.000,OFF,#4,HOLDING,0.000A/OFF
9041,2026-06-03 12:38:58,21.3750,12.00,0.000,0.000,OFF,#4,HOLDING,0.000A/OFF
9042,2026-06-03 12:38:59,21.4500,12.00,0.000,0.000,OFF,#4,HOLDING,0.000A/OFF
9043,2026-06-03 12:39:00,21.4500,12.00,0.000,0.000,OFF,#4,HOLDING,0.000A/OFF
9044,2026-06-03 12:39:01,21.5125,12.00,0.000,0.000,OFF,#4,HOLDING,0.000A/OFF
9045,2026-06-03 12:39:02,21.5125,12.00,0.000,0.000,OFF,#4,HOLDING,0.000A/OFF
9046,2026-06-03 12:39:03,21.6125,12.00,0.000,0.000,A,#4,HOLDING,0.126A/A
9047,2026-06-03 12:39:05,21.6875,12.00,0.000,0.000,A,#4,HOLDING,0.149A/A
9048,2026-06-03 12:39:07,21.7375,12.00,0.000,0.000,A,#4,HOLDING,0.179A/A
9049,2026-06-03 12:39:08,21.7375,1.53,0.000,0.000,A,#4,HOLDING,0.187A/A
9050,2026-06-03 12:39:10,21.8125,1.53,0.187,0.310,A,#4,HOLDING,0.269A/A
9051,2026-06-03 12:39:12,21.9375,1.53,0.187,0.310,A,#4,HOLDING,0.326A/A
9052,2026-06-03 12:39:14,21.9375,1.53,0.187,0.310,A,#4,HOLDING,0.358A/A
9053,2026-06-03 12:39:16,21.9375,3.15,0.187,0.310,A,#4,HOLDING,0.387A/A
9054,2026-06-03 12:39:18,22.0000,3.15,0.371,1.362,A,#4,HOLDING,0.426A/A
9055,2026-06-03 12:39:20,22.0625,3.15,0.371,1.362,A,#4,HOLDING,0.487A/A
9056,2026-06-03 12:39:22,22.0625,3.15,0.371,1.362,A,#4,HOLDING,0.523A/A
9057,2026-06-03 12:39:24,22.0625,4.62,0.371,1.362,A,#4,HOLDING,0.559A/A
9058,2026-06-03 12:39:25,22.0625,4.62,0.559,2.789,A,#4,HOLDING,0.596A/A
9059,2026-06-03 12:39:28,22.0625,4.62,0.559,2.789,A,#4,HOLDING,0.648A/A
9060,2026-06-03 12:39:29,22.0375,4.62,0.559,2.789,A,#4,HOLDING,0.679A/A
9061,2026-06-03 12:39:31,22.0375,5.93,0.559,2.789,A,#4,HOLDING,0.719A/A
9062,2026-06-03 12:39:33,22.0000,5.93,0.719,4.572,A,#4,HOLDING,0.753A/A
9063,2026-06-03 12:39:36,21.9375,5.93,0.719,4.572,A,#4,HOLDING,0.794A/A
9064,2026-06-03 12:39:37,21.9125,5.93,0.719,4.572,A,#4,HOLDING,0.821A/A
9065,2026-06-03 12:39:39,21.9125,7.08,0.719,4.572,A,#4,HOLDING,0.861A/A
9066,2026-06-03 12:39:41,21.8625,7.08,0.861,6.440,A,#4,HOLDING,0.892A/A
9067,2026-06-03 12:39:43,21.7500,7.08,0.861,6.440,A,#4,HOLDING,0.871A/A
9068,2026-06-03 12:39:45,21.6500,7.08,0.861,6.440,A,#4,HOLDING,0.882A/A
9069,2026-06-03 12:39:47,21.6500,7.69,0.861,6.440,A,#4,HOLDING,0.913A/A
9070,2026-06-03 12:39:49,21.5875,7.69,0.913,7.358,A,#4,HOLDING,0.939A/A
9071,2026-06-03 12:39:51,21.4250,7.69,0.913,7.358,A,#4,HOLDING,0.961A/A
9072,2026-06-03 12:39:53,21.4250,7.69,0.913,7.358,A,#4,HOLDING,0.976A/A
9073,2026-06-03 12:39:54,21.3250,8.43,0.913,7.358,A,#4,HOLDING,0.987A/A
9074,2026-06-03 12:39:56,21.2625,8.43,0.987,8.498,A,#4,HOLDING,1.005A/A
9075,2026-06-03 12:39:59,21.0750,8.43,0.987,8.498,A,#4,HOLDING,0.997A/A
9076,2026-06-03 12:40:00,21.0750,8.43,0.987,8.498,A,#4,HOLDING,1.010A/A
9077,2026-06-03 12:40:02,20.9250,8.43,0.987,8.498,OFF,#4,HOLDING,0.000A/OFF
9078,2026-06-03 12:40:03,20.8375,8.72,0.987,8.498,OFF,#4,HOLDING,0.000A/OFF
9079,2026-06-03 12:40:04,20.7125,8.72,1.010,8.498,OFF,#4,HOLDING,0.000A/OFF
9080,2026-06-03 12:40:05,20.7125,8.72,1.010,0.000,OFF,#4,HOLDING,0.000A/OFF
9081,2026-06-03 12:40:06,20.7125,8.72,1.010,0.000,OFF,#4,HOLDING,0.000A/OFF
9082,2026-06-03 12:40:07,20.6250,8.72,1.010,0.000,OFF,#4,HOLDING,0.000A/OFF
9083,2026-06-03 12:40:08,20.5250,8.72,1.010,0.000,OFF,#4,HOLDING,0.000A/OFF
9084,2026-06-03 12:40:09,20.5250,12.00,1.010,0.000,OFF,#4,HOLDING,0.000A/OFF
9085,2026-06-03 12:40:10,20.4250,12.00,0.000,0.000,OFF,#4,HOLDING,0.000A/OFF
9086,2026-06-03 12:40:11,20.4250,12.00,0.000,0.000,OFF,#4,HOLDING,0.000A/OFF
9087,2026-06-03 12:40:12,20.3250,12.00,0.000,0.000,B,#4,HOLDING,0.109A/B
9088,2026-06-03 12:40:14,20.2750,12.00,0.000,0.000,B,#4,HOLDING,0.120A/B
9089,2026-06-03 12:40:16,20.2500,0.66,0.000,0.000,B,#4,HOLDING,0.148A/B
9090,2026-06-03 12:40:18,20.2500,0.66,0.136,0.146,B,#4,HOLDING,0.157A/B
9091,2026-06-03 12:40:20,20.1500,0.66,0.136,0.146,B,#4,HOLDING,0.197A/B
9092,2026-06-03 12:40:22,20.1250,0.66,0.136,0.146,B,#4,HOLDING,0.224A/B
9093,2026-06-03 12:40:23,20.1000,1.77,0.136,0.146,B,#4,HOLDING,0.259A/B
9094,2026-06-03 12:40:25,20.1000,1.77,0.244,0.577,B,#5,APPROACH,0.283A/B
9095,2026-06-03 12:40:28,20.1250,1.77,0.244,0.577,A,#5,APPROACH,0.216A/A
9096,2026-06-03 12:40:30,20.0875,1.77,0.244,0.577,A,#5,APPROACH,0.250A/A
9097,2026-06-03 12:40:32,20.1125,1.77,0.244,0.577,A,#5,APPROACH,0.311A/A
9098,2026-06-03 12:40:34,20.1000,6.18,0.311,0.577,A,#5,APPROACH,0.385A/A
9099,2026-06-03 12:40:36,20.1500,6.18,0.311,1.401,A,#5,APPROACH,0.471A/A
9100,2026-06-03 12:40:38,20.1625,6.18,0.311,1.401,A,#5,APPROACH,0.551A/A
9101,2026-06-03 12:40:39,20.1875,6.18,0.311,1.401,A,#5,APPROACH,0.646A/A
9102,2026-06-03 12:40:41,20.1875,5.66,0.311,1.401,A,#5,APPROACH,0.764A/A
9103,2026-06-03 12:40:43,20.1375,5.66,0.703,5.126,A,#5,APPROACH,0.889A/A
9104,2026-06-03 12:40:45,20.1250,5.66,0.703,5.126,A,#5,APPROACH,1.069A/A
9105,2026-06-03 12:40:47,20.1250,5.66,0.703,5.126,A,#5,APPROACH,1.193A/A
9106,2026-06-03 12:40:49,20.1000,9.72,0.703,5.126,A,#5,APPROACH,1.000A/A
9107,2026-06-03 12:40:51,20.0750,9.72,1.094,8.510,A,#5,APPROACH,1.331A/A
9108,2026-06-03 12:40:53,20.0250,9.72,1.094,8.510,A,#5,APPROACH,1.500A/A
9109,2026-06-03 12:40:55,19.9750,9.72,1.094,8.510,A,#5,APPROACH,1.500A/A
9110,2026-06-03 12:40:56,19.8750,11.93,1.094,8.510,A,#5,APPROACH,1.626A/A
9111,2026-06-03 12:40:58,19.8250,11.93,1.497,17.808,A,#5,APPROACH,1.753A/A
9112,2026-06-03 12:41:01,19.7750,11.93,1.497,17.808,A,#5,APPROACH,1.000A/A
9113,2026-06-03 12:41:02,19.7000,11.93,1.497,17.808,A,#5,APPROACH,1.000A/A
9114,2026-06-03 12:41:04,19.5875,8.81,1.497,17.808,A,#5,APPROACH,1.905A/A
9115,2026-06-03 12:41:06,19.4875,8.81,1.239,17.544,A,#5,APPROACH,2.017A/A
9116,2026-06-03 12:41:08,19.4000,8.81,1.239,17.544,A,#5,APPROACH,2.000A/A
9117,2026-06-03 12:41:10,19.3000,8.81,1.239,17.544,A,#5,APPROACH,1.000A/A
9118,2026-06-03 12:41:12,19.1750,8.93,1.239,17.544,A,#5,APPROACH,1.500A/A
9119,2026-06-03 12:41:14,19.0500,8.93,1.222,17.232,A,#5,APPROACH,2.112A/A
9120,2026-06-03 12:41:16,18.9500,8.93,1.222,17.232,A,#5,APPROACH,1.500A/A
9121,2026-06-03 12:41:18,18.8250,8.93,1.222,17.232,A,#5,APPROACH,2.229A/A
9122,2026-06-03 12:41:20,18.7000,12.00,1.222,17.232,A,#5,APPROACH,2.312A/A
9123,2026-06-03 12:41:21,18.5500,12.00,1.437,17.064,A,#5,APPROACH,1.500A/A
9124,2026-06-03 12:41:24,18.4500,12.00,1.437,17.064,A,#5,APPROACH,2.000A/A
9125,2026-06-03 12:41:25,18.3250,12.00,1.437,17.064,A,#5,APPROACH,1.000A/A
9126,2026-06-03 12:41:27,18.2000,9.05,1.437,17.064,A,#5,APPROACH,1.500A/A
9127,2026-06-03 12:41:29,18.0750,9.05,1.212,16.932,A,#5,APPROACH,2.361A/A
9128,2026-06-03 12:41:31,17.9625,9.05,1.212,16.932,A,#5,APPROACH,1.000A/A
9129,2026-06-03 12:41:33,17.8625,9.05,1.212,16.932,A,#5,APPROACH,1.500A/A
9130,2026-06-03 12:41:35,17.7125,12.00,1.212,16.932,A,#5,APPROACH,1.500A/A
9131,2026-06-03 12:41:37,17.6125,12.00,1.425,16.932,A,#5,APPROACH,2.000A/A
9132,2026-06-03 12:41:39,17.4875,12.00,1.425,16.932,A,#5,APPROACH,2.000A/A
9133,2026-06-03 12:41:41,17.3875,12.00,1.425,16.932,A,#5,APPROACH,2.415A/A
9134,2026-06-03 12:41:43,17.2625,12.00,1.425,16.932,A,#5,HOLDING,1.500A/A
9135,2026-06-03 12:41:44,17.1375,12.00,1.413,16.932,OFF,#5,HOLDING,0.000A/OFF
9136,2026-06-03 12:41:45,17.1375,12.00,1.413,16.848,OFF,#5,HOLDING,0.000A/OFF
9137,2026-06-03 12:41:46,17.0500,12.00,1.413,16.848,OFF,#5,HOLDING,0.000A/OFF
9138,2026-06-03 12:41:47,17.0500,12.00,1.413,16.848,OFF,#5,HOLDING,0.000A/OFF
9139,2026-06-03 12:41:48,16.9250,12.00,1.413,16.848,OFF,#5,HOLDING,0.000A/OFF
9140,2026-06-03 12:41:49,16.9250,12.00,1.413,16.848,OFF,#5,HOLDING,0.000A/OFF
9141,2026-06-03 12:41:50,16.8375,12.00,1.413,16.848,OFF,#5,HOLDING,0.000A/OFF
9142,2026-06-03 12:41:51,16.8375,12.00,0.000,0.000,A,#5,HOLDING,0.110A/A
9143,2026-06-03 12:41:53,16.7375,12.00,0.000,0.000,A,#5,HOLDING,0.118A/A
9144,2026-06-03 12:41:55,16.6875,12.00,0.000,0.000,A,#5,HOLDING,0.140A/A
9145,2026-06-03 12:41:57,16.6250,2.01,0.000,0.000,A,#5,HOLDING,0.146A/A
9146,2026-06-03 12:41:59,16.6250,2.01,0.146,0.300,A,#5,HOLDING,0.167A/A
9147,2026-06-03 12:42:01,16.5750,2.01,0.146,0.300,A,#5,HOLDING,0.182A/A
9148,2026-06-03 12:42:03,16.5750,2.01,0.146,0.300,A,#5,HOLDING,0.197A/A
9149,2026-06-03 12:42:05,16.5625,2.36,0.146,0.300,A,#5,HOLDING,0.205A/A
9150,2026-06-03 12:42:06,16.5875,2.36,0.205,0.502,A,#5,HOLDING,0.222A/A
9151,2026-06-03 12:42:09,16.6000,2.36,0.205,0.502,A,#5,HOLDING,0.237A/A
9152,2026-06-03 12:42:10,16.6250,2.36,0.205,0.502,A,#5,HOLDING,0.251A/A
9153,2026-06-03 12:42:12,16.6625,2.71,0.205,0.502,A,#5,HOLDING,0.266A/A
9154,2026-06-03 12:42:14,16.6875,2.71,0.266,0.768,A,#5,HOLDING,0.281A/A
9155,2026-06-03 12:42:16,16.6875,2.71,0.266,0.768,A,#5,HOLDING,0.297A/A
9156,2026-06-03 12:42:18,16.7375,2.71,0.266,0.768,A,#5,HOLDING,0.313A/A
9157,2026-06-03 12:42:20,16.8125,3.19,0.266,0.768,A,#5,HOLDING,0.337A/A
9158,2026-06-03 12:42:22,16.8125,3.19,0.337,1.166,A,#5,HOLDING,0.356A/A
9159,2026-06-03 12:42:24,16.8750,3.19,0.337,1.166,A,#5,HOLDING,0.382A/A
9160,2026-06-03 12:42:26,16.9000,3.19,0.337,1.166,A,#5,HOLDING,0.397A/A
9161,2026-06-03 12:42:28,16.9375,3.86,0.337,1.166,A,#5,HOLDING,0.424A/A
9162,2026-06-03 12:42:29,16.9875,3.86,0.424,1.776,A,#5,HOLDING,0.450A/A
9163,2026-06-03 12:42:32,17.0375,3.86,0.424,1.776,A,#5,HOLDING,0.486A/A
9164,2026-06-03 12:42:33,17.0625,3.86,0.424,1.776,A,#5,HOLDING,0.509A/A
9165,2026-06-03 12:42:35,17.1250,4.81,0.424,1.776,A,#5,HOLDING,0.541A/A
9166,2026-06-03 12:42:37,17.1750,4.81,0.541,2.813,A,#5,HOLDING,0.575A/A
9167,2026-06-03 12:42:39,17.1875,4.81,0.541,2.813,A,#5,HOLDING,0.615A/A
9168,2026-06-03 12:42:41,17.2375,4.81,0.541,2.813,A,#5,HOLDING,0.645A/A
9169,2026-06-03 12:42:43,17.2500,5.91,0.541,2.813,OFF,--,DONE,0.677A/A
9170,2026-06-03 12:42:45,17.2750,5.91,0.677,2.813,OFF,--,DONE,--
9171,2026-06-03 12:42:46,17.2875,5.91,0.677,0.000,OFF,--,DONE,--
9172,2026-06-03 12:42:47,17.2875,5.91,0.677,0.000,OFF,--,DONE,--
9173,2026-06-03 12:42:48,17.3125,6.88,0.677,0.000,OFF,--,DONE,--
9174,2026-06-03 12:42:49,17.3125,6.88,0.000,0.000,OFF,--,DONE,--
9175,2026-06-03 12:42:50,17.3125,6.88,0.000,0.000,OFF,--,DONE,--
9176,2026-06-03 12:42:51,17.3125,6.88,0.000,0.000,OFF,--,DONE,--
9177,2026-06-03 12:42:52,17.3375,2.69,0.000,0.000,OFF,--,DONE,--
9178,2026-06-03 12:42:53,17.3375,2.69,0.000,0.000,OFF,--,DONE,--
9179,2026-06-03 12:42:54,17.3750,2.69,0.000,0.000,OFF,--,DONE,--
9180,2026-06-03 12:42:55,17.3750,1.07,0.000,0.000,OFF,--,DONE,--
9181,2026-06-03 12:42:56,17.4000,1.07,0.000,0.000,OFF,--,DONE,--
9182,2026-06-03 12:42:57,17.4000,1.07,0.000,0.000,OFF,--,DONE,--
9183,2026-06-03 12:42:58,17.4375,1.07,0.000,0.000,OFF,--,DONE,--
9184,2026-06-03 12:42:59,17.4375,0.38,0.000,0.000,OFF,--,DONE,--
9185,2026-06-03 12:43:00,17.4875,0.38,0.000,0.000,OFF,--,DONE,--
9186,2026-06-03 12:43:01,17.4875,0.38,0.000,0.000,OFF,--,DONE,--
9187,2026-06-03 12:43:02,17.5625,0.00,0.000,0.000,OFF,--,DONE,--
9188,2026-06-03 12:43:03,17.5875,0.00,0.000,0.000,OFF,--,DONE,--
9189,2026-06-03 12:43:04,17.5875,0.00,0.000,0.000,OFF,--,DONE,--
9190,2026-06-03 12:43:05,17.6875,0.00,0.000,0.000,OFF,--,DONE,--
9191,2026-06-03 12:43:06,17.6875,0.00,0.000,0.000,OFF,--,DONE,--
9192,2026-06-03 12:43:07,17.7375,0.00,0.000,0.000,OFF,--,DONE,--
9193,2026-06-03 12:43:08,17.7375,0.00,0.000,0.000,OFF,--,DONE,--
9194,2026-06-03 12:43:09,17.7875,0.00,0.000,0.000,OFF,--,DONE,--
9195,2026-06-03 12:43:10,17.7875,0.00,0.000,0.000,OFF,--,DONE,--
9196,2026-06-03 12:43:11,17.8375,0.00,0.000,0.000,OFF,--,DONE,--
9197,2026-06-03 12:43:12,17.8375,0.00,0.000,0.000,OFF,--,DONE,--
9198,2026-06-03 12:43:13,17.9375,0.00,0.000,0.000,OFF,--,DONE,--
9199,2026-06-03 12:43:14,17.9375,0.00,0.000,0.000,OFF,--,DONE,--
9200,2026-06-03 12:43:15,17.9875,0.00,0.000,0.000,OFF,--,DONE,--
9201,2026-06-03 12:43:16,17.9875,0.00,0.000,0.000,OFF,--,DONE,--
9202,2026-06-03 12:43:17,18.0375,0.00,0.000,0.000,OFF,--,DONE,--
9203,2026-06-03 12:43:18,18.1125,0.00,0.000,0.000,OFF,--,DONE,--
9204,2026-06-03 12:43:20,18.1125,0.00,0.000,0.000,OFF,--,DONE,--
9205,2026-06-03 12:43:21,18.1625,0.00,0.000,0.000,OFF,--,DONE,--
9206,2026-06-03 12:43:22,18.1625,0.00,0.000,0.000,OFF,--,DONE,--
9207,2026-06-03 12:43:23,18.2375,0.00,0.000,0.000,OFF,--,DONE,--
9208,2026-06-03 12:43:24,18.2375,0.00,0.000,0.000,OFF,--,DONE,--
9209,2026-06-03 12:43:25,18.2875,0.00,0.000,0.000,OFF,--,DONE,--
9210,2026-06-03 12:43:26,18.2875,0.00,0.000,0.000,OFF,--,DONE,--
9211,2026-06-03 12:43:27,18.3625,0.00,0.000,0.000,OFF,--,DONE,--
9212,2026-06-03 12:43:28,18.3625,0.00,0.000,0.000,OFF,--,DONE,--
9213,2026-06-03 12:43:29,18.4500,0.00,0.000,0.000,OFF,--,DONE,--
9214,2026-06-03 12:43:30,18.4500,0.00,0.000,0.000,OFF,--,DONE,--
9215,2026-06-03 12:43:31,18.5250,0.00,0.000,0.000,OFF,--,DONE,--
9216,2026-06-03 12:43:32,18.5250,0.00,0.000,0.000,OFF,--,DONE,--
9217,2026-06-03 12:43:33,18.5500,0.00,0.000,0.000,OFF,--,DONE,--
9218,2026-06-03 12:43:34,18.6500,0.00,0.000,0.000,OFF,--,DONE,--
9219,2026-06-03 12:43:35,18.6500,0.00,0.000,0.000,OFF,--,DONE,--
9220,2026-06-03 12:43:36,18.7000,0.00,0.000,0.000,OFF,--,DONE,--
9221,2026-06-03 12:43:37,18.7000,0.00,0.000,0.000,OFF,--,DONE,--
9222,2026-06-03 12:43:38,18.7500,0.00,0.000,0.000,OFF,--,DONE,--
9223,2026-06-03 12:43:39,18.7500,0.00,0.000,0.000,OFF,--,DONE,--
9224,2026-06-03 12:43:40,18.8250,0.00,0.000,0.000,OFF,--,DONE,--
9225,2026-06-03 12:43:41,18.8250,0.00,0.000,0.000,OFF,--,DONE,--
9226,2026-06-03 12:43:42,18.9250,0.00,0.000,0.000,OFF,--,DONE,--
9227,2026-06-03 12:43:43,18.9250,0.00,0.000,0.000,OFF,--,DONE,--
9228,2026-06-03 12:43:44,18.9750,0.00,0.000,0.000,OFF,--,DONE,--
9229,2026-06-03 12:43:45,18.9750,0.00,0.000,0.000,OFF,--,DONE,--
9230,2026-06-03 12:43:46,19.0500,0.00,0.000,0.000,OFF,--,DONE,--
9231,2026-06-03 12:43:47,19.0500,0.00,0.000,0.000,OFF,--,DONE,--
9232,2026-06-03 12:43:48,19.1000,0.00,0.000,0.000,OFF,--,DONE,--
9233,2026-06-03 12:43:49,19.1250,0.00,0.000,0.000,OFF,--,DONE,--
9234,2026-06-03 12:43:50,19.1250,0.00,0.000,0.000,OFF,--,DONE,--
9235,2026-06-03 12:43:51,19.2000,0.00,0.000,0.000,OFF,--,DONE,--
9236,2026-06-03 12:43:52,19.2000,0.00,0.000,0.000,OFF,--,DONE,--
9237,2026-06-03 12:43:54,19.2500,0.00,0.000,0.000,OFF,--,DONE,--
9238,2026-06-03 12:43:55,19.2500,0.00,0.000,0.000,OFF,--,DONE,--
9239,2026-06-03 12:43:56,19.3250,0.00,0.000,0.000,OFF,--,DONE,--
9240,2026-06-03 12:43:57,19.3250,0.00,0.000,0.000,OFF,--,DONE,--
9241,2026-06-03 12:43:58,19.3750,0.00,0.000,0.000,OFF,--,DONE,--
9242,2026-06-03 12:43:59,19.3750,0.00,0.000,0.000,OFF,--,DONE,--
9243,2026-06-03 12:44:00,19.4125,0.00,0.000,0.000,OFF,--,DONE,--
9244,2026-06-03 12:44:01,19.4125,0.00,0.000,0.000,OFF,--,DONE,--
9245,2026-06-03 12:44:02,19.4875,0.00,0.000,0.000,OFF,--,DONE,--
9246,2026-06-03 12:44:03,19.4875,0.00,0.000,0.000,OFF,--,DONE,--
9247,2026-06-03 12:44:04,19.5375,0.00,0.000,0.000,OFF,--,DONE,--
9248,2026-06-03 12:44:05,19.5875,0.00,0.000,0.000,OFF,--,DONE,--
9249,2026-06-03 12:44:06,19.5875,0.00,0.000,0.000,OFF,--,DONE,--
9250,2026-06-03 12:44:07,19.6375,0.00,0.000,0.000,OFF,--,DONE,--
9251,2026-06-03 12:44:08,19.6375,0.00,0.000,0.000,OFF,--,DONE,--
9252,2026-06-03 12:44:09,19.6875,0.00,0.000,0.000,OFF,--,DONE,--
9253,2026-06-03 12:44:10,19.6875,0.00,0.000,0.000,OFF,--,DONE,--
9254,2026-06-03 12:44:11,19.7500,0.00,0.000,0.000,OFF,--,DONE,--
9255,2026-06-03 12:44:12,19.7500,0.00,0.000,0.000,OFF,--,DONE,--
9256,2026-06-03 12:44:13,19.8000,0.00,0.000,0.000,OFF,--,DONE,--
9257,2026-06-03 12:44:14,19.8000,0.00,0.000,0.000,OFF,--,DONE,--
9258,2026-06-03 12:44:15,19.8250,0.00,0.000,0.000,OFF,--,DONE,--
9259,2026-06-03 12:44:16,19.8250,0.00,0.000,0.000,OFF,--,DONE,--
9260,2026-06-03 12:44:17,19.9000,0.00,0.000,0.000,OFF,--,DONE,--
9261,2026-06-03 12:44:18,19.9000,0.00,0.000,0.000,OFF,--,DONE,--
9262,2026-06-03 12:44:19,19.9375,0.00,0.000,0.000,OFF,--,DONE,--
9263,2026-06-03 12:44:20,19.9875,0.00,0.000,0.000,OFF,--,DONE,--
9264,2026-06-03 12:44:21,19.9875,0.00,0.000,0.000,OFF,--,DONE,--
9265,2026-06-03 12:44:22,20.0375,0.00,0.000,0.000,OFF,--,DONE,--
9266,2026-06-03 12:44:23,20.0375,0.00,0.000,0.000,OFF,--,DONE,--
9267,2026-06-03 12:44:24,20.0625,0.00,0.000,0.000,OFF,--,DONE,--
9268,2026-06-03 12:44:25,20.0625,0.00,0.000,0.000,OFF,--,DONE,--
9269,2026-06-03 12:44:26,20.1250,0.00,0.000,0.000,OFF,--,DONE,--
9270,2026-06-03 12:44:28,20.1250,0.00,0.000,0.000,OFF,--,DONE,--
9271,2026-06-03 12:44:29,20.1250,0.00,0.000,0.000,OFF,--,DONE,--
9272,2026-06-03 12:44:30,20.1250,0.00,0.000,0.000,OFF,--,DONE,--
9273,2026-06-03 12:44:31,20.1875,0.00,0.000,0.000,OFF,--,DONE,--
9274,2026-06-03 12:44:32,20.1875,0.00,0.000,0.000,OFF,--,DONE,--
9275,2026-06-03 12:44:33,20.2125,0.00,0.000,0.000,OFF,--,DONE,--
9276,2026-06-03 12:44:34,20.2125,0.00,0.000,0.000,OFF,--,DONE,--
9277,2026-06-03 12:44:35,20.2500,0.00,0.000,0.000,OFF,--,DONE,--
9278,2026-06-03 12:44:36,20.2750,0.00,0.000,0.000,OFF,--,DONE,--
9279,2026-06-03 12:44:37,20.2750,0.00,0.000,0.000,OFF,--,DONE,--
9280,2026-06-03 12:44:38,20.3125,0.00,0.000,0.000,OFF,--,DONE,--
9281,2026-06-03 12:44:39,20.3125,0.00,0.000,0.000,OFF,--,DONE,--
9282,2026-06-03 12:44:40,20.3375,0.00,0.000,0.000,OFF,--,DONE,--
9283,2026-06-03 12:44:41,20.3375,0.00,0.000,0.000,OFF,--,DONE,--
9284,2026-06-03 12:44:42,20.3750,0.00,0.000,0.000,OFF,--,DONE,--
9285,2026-06-03 12:44:43,20.3750,0.00,0.000,0.000,OFF,--,DONE,--
9286,2026-06-03 12:44:44,20.4250,0.00,0.000,0.000,OFF,--,DONE,--
9287,2026-06-03 12:44:45,20.4250,0.00,0.000,0.000,OFF,--,DONE,--
9288,2026-06-03 12:44:46,20.4375,0.00,0.000,0.000,OFF,--,DONE,--
9289,2026-06-03 12:44:47,20.4375,0.00,0.000,0.000,OFF,--,DONE,--
9290,2026-06-03 12:44:48,20.4625,0.00,0.000,0.000,A,#1,HOLDING,0.188A/A
9291,2026-06-03 12:44:50,20.5000,0.00,0.000,0.000,A,#1,HOLDING,0.314A/A
9292,2026-06-03 12:44:53,20.5250,0.00,0.000,0.000,A,#1,HOLDING,0.507A/A
9293,2026-06-03 12:44:55,20.5625,0.00,0.000,0.000,A,#1,HOLDING,0.331A/A
9294,2026-06-03 12:44:57,20.5750,3.09,0.000,0.000,A,#1,HOLDING,0.419A/A
9295,2026-06-03 12:44:59,20.6250,3.09,0.419,1.676,A,#1,HOLDING,0.392A/A
9296,2026-06-03 12:45:01,20.6375,3.09,0.419,1.676,A,#1,HOLDING,0.429A/A
9297,2026-06-03 12:45:03,20.6625,3.09,0.419,1.676,A,#1,HOLDING,0.528A/A
9298,2026-06-03 12:45:05,20.6875,4.70,0.419,1.676,A,#1,HOLDING,0.649A/A
9299,2026-06-03 12:45:06,20.6875,4.70,0.630,3.835,A,#1,HOLDING,0.781A/A
9300,2026-06-03 12:45:09,20.6750,4.70,0.630,3.835,A,#1,HOLDING,0.805A/A
9301,2026-06-03 12:45:10,20.6250,4.70,0.630,3.835,A,#1,HOLDING,0.785A/A
9302,2026-06-03 12:45:12,20.6250,6.86,0.630,3.835,A,#1,HOLDING,0.576A/A
9303,2026-06-03 12:45:14,20.6000,6.86,0.603,3.139,A,#1,HOLDING,0.534A/A
9304,2026-06-03 12:45:17,20.5625,6.86,0.603,3.139,A,#1,HOLDING,0.600A/A
9305,2026-06-03 12:45:18,20.5125,6.86,0.603,3.139,A,#1,HOLDING,0.644A/A
9306,2026-06-03 12:45:20,20.4875,5.90,0.603,3.139,A,#1,HOLDING,0.656A/A
9307,2026-06-03 12:45:22,20.4375,5.90,0.656,4.047,A,#1,HOLDING,0.603A/A
9308,2026-06-03 12:45:24,20.3750,5.90,0.656,4.047,A,#1,HOLDING,0.609A/A
9309,2026-06-03 12:45:26,20.3250,5.90,0.656,4.047,A,#1,HOLDING,0.605A/A
9310,2026-06-03 12:45:28,20.2750,5.58,0.656,4.047,A,#1,HOLDING,0.657A/A
9311,2026-06-03 12:45:30,20.2000,5.58,0.657,4.099,A,#1,HOLDING,0.633A/A
9312,2026-06-03 12:45:32,20.1875,5.58,0.657,4.099,A,#1,HOLDING,0.676A/A
9313,2026-06-03 12:45:34,20.1375,5.58,0.657,4.099,A,#1,HOLDING,0.656A/A
9314,2026-06-03 12:45:35,20.0500,6.11,0.657,4.099,A,#1,HOLDING,0.634A/A
9315,2026-06-03 12:45:37,19.9500,6.11,0.634,3.880,A,#1,HOLDING,0.563A/A
9316,2026-06-03 12:45:40,19.9000,6.11,0.634,3.880,A,#1,HOLDING,0.533A/A
9317,2026-06-03 12:45:41,19.8250,6.11,0.634,3.880,A,#1,HOLDING,0.477A/A
9318,2026-06-03 12:45:43,19.8250,4.74,0.634,3.880,A,#1,HOLDING,0.456A/A
9319,2026-06-03 12:45:45,19.6750,4.74,0.456,2.138,A,#1,HOLDING,0.272A/A
9320,2026-06-03 12:45:47,19.6250,4.74,0.456,2.138,A,#1,HOLDING,0.283A/A
9321,2026-06-03 12:45:49,19.5750,4.74,0.456,2.138,A,#2,APPROACH,0.292A/A
9322,2026-06-03 12:45:51,19.5750,2.16,0.456,2.138,B,#2,APPROACH,0.271A/B
9323,2026-06-03 12:45:53,19.4500,2.16,0.000,2.138,B,#2,APPROACH,0.451A/B
9324,2026-06-03 12:45:55,19.3750,2.16,0.000,0.000,B,#2,APPROACH,0.460A/B
9325,2026-06-03 12:45:57,19.3500,2.16,0.000,0.000,B,#2,APPROACH,0.476A/B
9326,2026-06-03 12:45:59,19.3125,2.16,0.000,0.000,B,#2,APPROACH,0.529A/B
9327,2026-06-03 12:46:01,19.2875,4.20,0.000,0.000,B,#2,APPROACH,0.644A/B
9328,2026-06-03 12:46:02,19.3000,4.20,0.602,3.381,B,#2,APPROACH,0.673A/B
9329,2026-06-03 12:46:05,19.2500,4.20,0.602,3.381,B,#2,APPROACH,0.825A/B
9330,2026-06-03 12:46:06,19.2625,4.20,0.602,3.381,B,#2,APPROACH,0.929A/B
9331,2026-06-03 12:46:08,19.3125,7.44,0.602,3.381,B,#2,APPROACH,1.076A/B
9332,2026-06-03 12:46:10,19.3500,7.44,1.028,9.296,B,#2,APPROACH,1.161A/B
9333,2026-06-03 12:46:13,19.4250,7.44,1.028,9.296,B,#2,APPROACH,1.192A/B
9334,2026-06-03 12:46:14,19.4875,7.44,1.028,9.296,B,#2,APPROACH,1.226A/B
9335,2026-06-03 12:46:16,19.5875,9.74,1.028,9.296,B,#2,APPROACH,1.000A/B
9336,2026-06-03 12:46:18,19.6750,9.74,1.043,8.350,B,#2,APPROACH,1.277A/B
9337,2026-06-03 12:46:20,19.8250,9.74,1.043,8.350,B,#2,APPROACH,1.359A/B
9338,2026-06-03 12:46:22,19.9250,9.74,1.043,8.350,B,#2,APPROACH,1.419A/B
9339,2026-06-03 12:46:24,20.1250,11.16,1.043,8.350,B,#2,APPROACH,1.465A/B
9340,2026-06-03 12:46:26,20.2625,11.16,1.465,17.257,B,#2,APPROACH,1.519A/B
9341,2026-06-03 12:46:28,20.4125,11.16,1.465,17.257,B,#2,APPROACH,1.585A/B
9342,2026-06-03 12:46:29,20.5875,11.16,1.465,17.257,B,#2,APPROACH,1.500A/B
9343,2026-06-03 12:46:31,20.8125,12.00,1.465,17.257,B,#2,APPROACH,1.602A/B
9344,2026-06-03 12:46:33,20.8125,12.00,1.476,17.484,B,#2,APPROACH,1.657A/B
9345,2026-06-03 12:46:36,21.2125,12.00,1.476,17.484,B,#2,HOLDING,1.000A/B
9346,2026-06-03 12:46:37,21.4375,12.00,1.476,17.484,OFF,#2,HOLDING,0.000A/OFF
9347,2026-06-03 12:46:38,21.4375,12.00,1.476,17.484,OFF,#2,HOLDING,0.000A/OFF
9348,2026-06-03 12:46:39,21.6875,12.00,1.476,17.484,OFF,#2,HOLDING,0.000A/OFF
9349,2026-06-03 12:46:40,21.6875,12.00,0.000,17.484,OFF,#2,HOLDING,0.000A/OFF
9350,2026-06-03 12:46:41,21.9000,12.00,0.000,0.000,OFF,#2,HOLDING,0.000A/OFF
9351,2026-06-03 12:46:42,21.9000,12.00,0.000,0.000,OFF,#2,HOLDING,0.000A/OFF
9352,2026-06-03 12:46:43,22.1500,12.00,0.000,0.000,OFF,#2,HOLDING,0.000A/OFF
9353,2026-06-03 12:46:44,22.1500,12.00,0.000,0.000,OFF,#2,HOLDING,0.000A/OFF
9354,2026-06-03 12:46:45,22.3625,12.00,0.000,0.000,OFF,#2,HOLDING,0.000A/OFF
9355,2026-06-03 12:46:46,22.3625,12.00,0.000,0.000,OFF,#2,HOLDING,0.000A/OFF
9356,2026-06-03 12:46:47,22.5875,12.00,0.000,0.000,OFF,#2,HOLDING,0.000A/OFF
9357,2026-06-03 12:46:48,22.5875,12.00,0.000,0.000,OFF,#2,HOLDING,0.000A/OFF
9358,2026-06-03 12:46:49,22.8000,12.00,0.000,0.000,OFF,#2,HOLDING,0.000A/OFF
9359,2026-06-03 12:46:50,22.8000,12.00,0.000,0.000,OFF,#2,HOLDING,0.000A/OFF
9360,2026-06-03 12:46:51,23.0000,12.00,0.000,0.000,A,#2,HOLDING,0.175A/A
9361,2026-06-03 12:46:53,23.1125,12.00,0.000,0.000,A,#2,HOLDING,0.190A/A
9362,2026-06-03 12:46:55,23.3125,12.00,0.000,0.228,A,#2,HOLDING,0.269A/A
9363,2026-06-03 12:46:56,23.3125,12.00,0.000,0.228,A,#2,HOLDING,0.275A/A
9364,2026-06-03 12:46:58,23.4125,12.00,0.000,0.228,A,#2,HOLDING,0.323A/A
9365,2026-06-03 12:47:00,23.5125,2.42,0.000,0.228,A,#2,HOLDING,0.374A/A
9366,2026-06-03 12:47:02,23.6375,2.42,0.374,1.122,A,#2,HOLDING,0.454A/A
9367,2026-06-03 12:47:04,23.7125,2.42,0.374,1.122,A,#2,HOLDING,0.533A/A
9368,2026-06-03 12:47:06,23.8250,2.42,0.374,1.122,A,#2,HOLDING,0.600A/A
9369,2026-06-03 12:47:07,23.8750,4.84,0.374,1.122,A,#2,HOLDING,0.665A/A
9370,2026-06-03 12:47:09,23.9375,4.84,0.630,3.677,A,#2,HOLDING,0.739A/A
9371,2026-06-03 12:47:12,23.9875,4.84,0.630,3.677,A,#2,HOLDING,0.825A/A
9372,2026-06-03 12:47:13,24.0250,4.84,0.630,3.677,A,#2,HOLDING,0.891A/A
9373,2026-06-03 12:47:15,24.0000,7.32,0.630,3.677,A,#2,HOLDING,0.954A/A
9374,2026-06-03 12:47:17,24.0000,7.32,0.938,7.574,A,#2,HOLDING,1.023A/A
9375,2026-06-03 12:47:19,24.0000,7.32,0.938,7.574,A,#2,HOLDING,1.113A/A
9376,2026-06-03 12:47:21,23.9875,7.32,0.938,7.574,A,#2,HOLDING,1.176A/A
9377,2026-06-03 12:47:23,23.9375,9.48,0.938,7.574,A,#2,HOLDING,1.242A/A
9378,2026-06-03 12:47:25,23.8500,9.48,1.242,12.618,A,#2,HOLDING,1.297A/A
9379,2026-06-03 12:47:27,23.8000,9.48,1.242,12.618,A,#2,HOLDING,1.000A/A
9380,2026-06-03 12:47:28,23.7125,9.48,1.242,12.618,A,#2,HOLDING,1.368A/A
9381,2026-06-03 12:47:30,23.6125,10.92,1.242,12.618,A,#2,HOLDING,1.000A/A
9382,2026-06-03 12:47:32,23.5125,10.92,1.035,8.580,A,#2,HOLDING,1.411A/A
9383,2026-06-03 12:47:35,23.3875,10.92,1.035,8.580,A,#2,HOLDING,1.471A/A
9384,2026-06-03 12:47:36,23.3000,10.92,1.035,8.580,A,#2,HOLDING,1.508A/A
9385,2026-06-03 12:47:38,23.1500,12.00,1.035,8.580,A,#2,HOLDING,1.539A/A
9386,2026-06-03 12:47:40,23.0125,12.00,1.484,17.592,A,#2,HOLDING,1.566A/A
9387,2026-06-03 12:47:42,22.8625,12.00,1.484,17.592,A,#2,HOLDING,1.500A/A
9388,2026-06-03 12:47:44,22.7375,12.00,1.484,17.592,A,#2,HOLDING,1.500A/A
9389,2026-06-03 12:47:46,22.5625,12.00,1.484,17.592,A,#2,HOLDING,1.553A/A
9390,2026-06-03 12:47:48,22.3875,12.00,1.467,17.460,A,#2,HOLDING,1.000A/A
9391,2026-06-03 12:47:50,22.2375,12.00,1.467,17.460,A,#2,HOLDING,1.565A/A
9392,2026-06-03 12:47:51,22.0750,12.00,1.467,17.460,A,#2,HOLDING,1.567A/A
9393,2026-06-03 12:47:53,21.9000,12.00,1.467,17.460,A,#2,HOLDING,1.563A/A
9394,2026-06-03 12:47:55,21.7125,12.00,1.443,17.136,A,#2,HOLDING,1.000A/A
9395,2026-06-03 12:47:58,21.5625,12.00,1.443,17.136,A,#2,HOLDING,1.552A/A
9396,2026-06-03 12:47:59,21.3875,12.00,1.443,17.136,A,#2,HOLDING,1.529A/A
9397,2026-06-03 12:48:01,21.2125,12.00,1.443,17.136,A,#2,HOLDING,1.000A/A
9398,2026-06-03 12:48:03,21.0125,12.00,1.216,9.120,A,#2,HOLDING,1.000A/A
9399,2026-06-03 12:48:05,20.8625,12.00,1.216,9.120,A,#2,HOLDING,1.442A/A
9400,2026-06-03 12:48:07,20.7000,12.00,1.216,9.120,A,#2,HOLDING,1.391A/A
9401,2026-06-03 12:48:09,20.5500,11.70,1.216,9.120,A,#2,HOLDING,1.334A/A
9402,2026-06-03 12:48:11,20.3875,11.70,1.358,15.287,A,#2,HOLDING,1.261A/A
9403,2026-06-03 12:48:13,20.2125,11.70,1.358,15.287,A,#2,HOLDING,1.173A/A
9404,2026-06-03 12:48:15,20.0750,11.70,1.358,15.287,A,#2,HOLDING,1.103A/A
9405,2026-06-03 12:48:16,19.9250,9.84,1.358,15.287,A,#2,HOLDING,1.019A/A
9406,2026-06-03 12:48:18,19.7625,9.84,1.050,9.497,A,#2,HOLDING,0.924A/A
9407,2026-06-03 12:48:21,19.6125,9.84,1.050,9.497,A,#2,HOLDING,0.807A/A
9408,2026-06-03 12:48:22,19.4750,9.84,1.050,9.497,A,#2,HOLDING,0.719A/A
9409,2026-06-03 12:48:24,19.3250,7.05,1.050,9.497,A,#2,HOLDING,0.612A/A
9410,2026-06-03 12:48:26,19.2125,7.05,0.644,3.861,A,#2,HOLDING,0.503A/A
9411,2026-06-03 12:48:28,19.0625,7.05,0.644,3.861,A,#2,HOLDING,0.361A/A
9412,2026-06-03 12:48:30,18.9250,7.05,0.644,3.861,A,#2,HOLDING,0.285A/A
9413,2026-06-03 12:48:32,18.8000,3.66,0.644,3.861,A,#2,HOLDING,0.160A/A
9414,2026-06-03 12:48:34,18.7125,3.66,0.203,3.861,OFF,#2,HOLDING,0.000A/OFF
9415,2026-06-03 12:48:35,18.6125,3.66,0.203,0.417,OFF,#2,HOLDING,0.000A/OFF
9416,2026-06-03 12:48:36,18.6125,3.66,0.203,0.417,B,#2,HOLDING,0.105A/B
9417,2026-06-03 12:48:37,18.5250,3.66,0.203,0.417,B,#2,HOLDING,0.225A/B
9418,2026-06-03 12:48:39,18.4500,1.21,0.203,0.417,B,#2,HOLDING,0.357A/B
9419,2026-06-03 12:48:41,18.3750,1.21,0.357,0.878,B,#2,HOLDING,0.497A/B
9420,2026-06-03 12:48:43,18.3500,1.21,0.357,0.878,B,#2,HOLDING,0.668A/B
9421,2026-06-03 12:48:45,18.3125,1.21,0.357,0.878,B,#2,HOLDING,0.787A/B
9422,2026-06-03 12:48:47,18.2875,6.02,0.357,0.878,B,#2,HOLDING,0.925A/B
9423,2026-06-03 12:48:49,18.3125,6.02,0.852,6.724,B,#2,HOLDING,1.057A/B
9424,2026-06-03 12:48:51,18.3125,6.02,0.852,6.724,B,#2,HOLDING,1.232A/B
9425,2026-06-03 12:48:53,18.3875,6.02,0.852,6.724,B,#2,HOLDING,1.340A/B
9426,2026-06-03 12:48:54,18.4625,10.16,0.852,6.724,B,#2,HOLDING,1.466A/B
9427,2026-06-03 12:48:56,18.5125,10.16,1.400,16.492,B,#2,HOLDING,1.000A/B
9428,2026-06-03 12:48:59,18.5875,10.16,1.400,16.492,B,#2,HOLDING,1.588A/B
9429,2026-06-03 12:49:00,18.7375,10.16,1.400,16.492,B,#2,HOLDING,1.682A/B
9430,2026-06-03 12:49:02,18.8875,12.00,1.400,16.492,B,#2,HOLDING,1.787A/B
9431,2026-06-03 12:49:04,19.0500,12.00,1.557,18.348,B,#2,HOLDING,1.500A/B
9432,2026-06-03 12:49:06,19.2500,12.00,1.557,18.348,B,#2,HOLDING,1.838A/B
9433,2026-06-03 12:49:08,19.4250,12.00,1.557,18.348,B,#2,HOLDING,1.907A/B
9434,2026-06-03 12:49:10,19.6750,12.00,1.557,18.348,B,#2,HOLDING,1.973A/B
9435,2026-06-03 12:49:12,19.8750,12.00,1.490,17.604,B,#2,HOLDING,2.000A/B
9436,2026-06-03 12:49:14,20.1250,12.00,1.490,17.604,B,#2,HOLDING,2.000A/B
9437,2026-06-03 12:49:16,20.3750,12.00,1.490,17.604,B,#2,HOLDING,2.011A/B
9438,2026-06-03 12:49:18,20.6250,12.00,1.490,17.604,B,#2,HOLDING,1.000A/B
9439,2026-06-03 12:49:19,20.9000,12.00,1.217,9.020,B,#2,HOLDING,2.025A/B
9440,2026-06-03 12:49:22,21.1500,12.00,1.217,9.020,B,#2,HOLDING,1.500A/B
9441,2026-06-03 12:49:23,21.4375,12.00,1.217,9.020,B,#2,HOLDING,2.015A/B
9442,2026-06-03 12:49:25,21.7125,12.00,1.217,9.020,B,#2,HOLDING,1.500A/B
9443,2026-06-03 12:49:27,21.9750,12.00,1.413,16.776,B,#2,HOLDING,2.022A/B
9444,2026-06-03 12:49:29,22.2750,12.00,1.413,16.776,B,#2,HOLDING,2.016A/B
9445,2026-06-03 12:49:31,22.5375,12.00,1.413,16.776,B,#2,HOLDING,1.000A/B
9446,2026-06-03 12:49:33,22.8375,9.20,1.413,16.776,B,#2,HOLDING,1.990A/B
9447,2026-06-03 12:49:35,23.1250,9.20,1.388,16.488,B,#2,HOLDING,1.000A/B
9448,2026-06-03 12:49:37,23.4000,9.20,1.388,16.488,B,#2,HOLDING,1.500A/B
9449,2026-06-03 12:49:39,23.6875,9.20,1.388,16.488,B,#2,HOLDING,1.000A/B
9450,2026-06-03 12:49:41,23.9625,9.27,1.388,16.488,B,#2,HOLDING,1.844A/B
9451,2026-06-03 12:49:42,24.2750,9.27,1.372,16.308,B,#2,HOLDING,1.732A/B
9452,2026-06-03 12:49:45,24.5250,9.27,1.372,16.308,B,#2,HOLDING,1.612A/B
9453,2026-06-03 12:49:46,24.8375,9.27,1.372,16.308,B,#2,HOLDING,1.494A/B
9454,2026-06-03 12:49:48,25.1125,12.00,1.372,16.308,B,#2,HOLDING,1.433A/B
9455,2026-06-03 12:49:50,25.4125,12.00,1.351,16.044,B,#2,HOLDING,1.000A/B
9456,2026-06-03 12:49:52,25.7125,12.00,1.351,16.044,B,#2,HOLDING,1.276A/B
9457,2026-06-03 12:49:54,25.9750,12.00,1.351,16.044,B,#2,HOLDING,1.136A/B
9458,2026-06-03 12:49:56,26.2250,10.49,1.351,16.044,B,#2,HOLDING,0.966A/B
9459,2026-06-03 12:49:58,26.5250,10.49,1.009,9.070,B,#2,HOLDING,0.779A/B
9460,2026-06-03 12:50:00,26.7750,10.49,1.009,9.070,B,#2,HOLDING,0.544A/B
9461,2026-06-03 12:50:02,27.0250,10.49,1.009,9.070,B,#2,HOLDING,0.368A/B
9462,2026-06-03 12:50:04,27.2750,4.77,1.009,9.070,B,#2,HOLDING,0.162A/B
9463,2026-06-03 12:50:05,27.5250,4.77,0.204,9.070,OFF,#2,HOLDING,0.000A/OFF
9464,2026-06-03 12:50:06,27.5250,4.77,0.204,0.500,OFF,#2,HOLDING,0.157A/A
9465,2026-06-03 12:50:08,27.7750,4.77,0.204,0.500,A,#2,HOLDING,0.350A/A
9466,2026-06-03 12:50:10,27.9875,4.77,0.204,0.500,A,#2,HOLDING,0.552A/A
9467,2026-06-03 12:50:11,28.1875,3.69,0.204,0.500,A,#2,HOLDING,0.800A/A
9468,2026-06-03 12:50:13,28.4250,3.69,0.715,4.712,A,#2,HOLDING,1.000A/A
9469,2026-06-03 12:50:16,28.5750,3.69,0.715,4.712,A,#2,HOLDING,1.047A/A
9470,2026-06-03 12:50:17,28.7000,3.69,0.715,4.712,A,#2,HOLDING,1.268A/A
9471,2026-06-03 12:50:19,28.8250,9.45,0.715,4.712,A,#2,HOLDING,1.526A/A
9472,2026-06-03 12:50:21,28.8875,9.45,1.436,17.381,A,#2,HOLDING,1.500A/A
9473,2026-06-03 12:50:23,28.9625,9.45,1.436,17.381,A,#2,HOLDING,1.500A/A
9474,2026-06-03 12:50:25,29.0000,9.45,1.436,17.381,A,#2,HOLDING,1.500A/A
9475,2026-06-03 12:50:27,28.9750,11.39,1.436,17.381,A,#2,HOLDING,1.778A/A
9476,2026-06-03 12:50:29,28.9875,11.39,1.569,18.600,A,#2,HOLDING,2.035A/A
9477,2026-06-03 12:50:31,28.8875,11.39,1.569,18.600,A,#2,HOLDING,1.000A/A
9478,2026-06-03 12:50:33,28.8250,11.39,1.569,18.600,A,#2,HOLDING,2.346A/A
9479,2026-06-03 12:50:35,28.6750,12.00,1.569,18.600,A,#2,HOLDING,1.000A/A
9480,2026-06-03 12:50:36,28.5875,12.00,1.085,8.480,A,#2,HOLDING,1.000A/A
9481,2026-06-03 12:50:39,28.4375,12.00,1.085,8.480,A,#2,HOLDING,1.500A/A
9482,2026-06-03 12:50:40,28.3000,12.00,1.085,8.480,A,#2,HOLDING,2.558A/A
9483,2026-06-03 12:50:42,28.1250,12.00,1.085,8.480,A,#2,HOLDING,2.000A/A
9484,2026-06-03 12:50:44,28.0000,12.00,1.510,17.868,A,#2,HOLDING,2.500A/A
9485,2026-06-03 12:50:46,27.8000,12.00,1.510,17.868,A,#2,HOLDING,2.761A/A
9486,2026-06-03 12:50:48,27.6375,12.00,1.510,17.868,A,#2,HOLDING,2.000A/A
9487,2026-06-03 12:50:50,27.4375,12.00,1.510,17.868,A,#2,HOLDING,1.000A/A
9488,2026-06-03 12:50:52,27.2625,12.00,1.034,8.900,A,#2,HOLDING,2.000A/A
9489,2026-06-03 12:50:54,27.0625,12.00,1.034,8.900,A,#2,HOLDING,2.000A/A
9490,2026-06-03 12:50:56,26.8500,12.00,1.034,8.900,A,#2,HOLDING,1.500A/A
9491,2026-06-03 12:50:58,26.6250,12.00,1.034,8.900,A,#2,HOLDING,1.000A/A
9492,2026-06-03 12:50:59,26.4125,12.00,1.000,9.020,A,#2,HOLDING,1.500A/A
9493,2026-06-03 12:51:02,26.1875,12.00,1.000,9.020,A,#2,HOLDING,1.000A/A
9494,2026-06-03 12:51:03,26.0000,12.00,1.000,9.020,A,#2,HOLDING,2.000A/A
9495,2026-06-03 12:51:05,25.7500,12.00,1.000,9.020,A,#2,HOLDING,1.000A/A
9496,2026-06-03 12:51:07,25.5375,12.00,1.000,9.070,A,#2,HOLDING,1.500A/A
9497,2026-06-03 12:51:09,25.3375,12.00,1.000,9.070,A,#2,HOLDING,2.500A/A
9498,2026-06-03 12:51:11,25.1250,12.00,1.000,9.070,A,#2,HOLDING,1.500A/A
9499,2026-06-03 12:51:13,24.8750,12.00,1.000,9.070,A,#2,HOLDING,1.000A/A
9500,2026-06-03 12:51:15,24.7000,12.00,1.216,9.020,A,#2,HOLDING,2.500A/A
9501,2026-06-03 12:51:17,24.5000,12.00,1.216,9.020,A,#2,HOLDING,1.000A/A
9502,2026-06-03 12:51:19,24.2875,12.00,1.216,9.020,A,#2,HOLDING,1.000A/A
9503,2026-06-03 12:51:21,24.0625,9.07,1.216,9.020,A,#2,HOLDING,2.000A/A
9504,2026-06-03 12:51:22,23.8500,9.07,1.211,16.968,A,#2,HOLDING,2.000A/A
9505,2026-06-03 12:51:25,23.6250,9.07,1.211,16.968,A,#2,HOLDING,2.684A/A
9506,2026-06-03 12:51:26,23.4750,9.07,1.211,16.968,A,#2,HOLDING,2.000A/A
9507,2026-06-03 12:51:28,23.2500,12.00,1.211,16.968,A,#2,HOLDING,2.500A/A
9508,2026-06-03 12:51:30,23.0500,12.00,1.416,16.848,A,#2,HOLDING,1.000A/A
9509,2026-06-03 12:51:32,22.8500,12.00,1.416,16.848,A,#2,HOLDING,2.000A/A
9510,2026-06-03 12:51:34,22.6375,12.00,1.416,16.848,A,#2,HOLDING,2.000A/A
9511,2026-06-03 12:51:36,22.4375,12.00,1.416,16.848,A,#2,HOLDING,2.000A/A
9512,2026-06-03 12:51:38,22.2500,12.00,1.408,16.800,A,#2,HOLDING,1.500A/A
9513,2026-06-03 12:51:40,22.0500,12.00,1.408,16.800,A,#3,APPROACH,2.662A/A
9514,2026-06-03 12:51:42,21.8875,12.00,1.408,16.800,B,#3,APPROACH,0.121A/B
9515,2026-06-03 12:51:43,21.6875,12.00,1.408,16.800,B,#3,APPROACH,0.200A/B
9516,2026-06-03 12:51:45,21.5125,12.00,1.408,16.800,B,#3,APPROACH,0.281A/B
9517,2026-06-03 12:51:48,21.3125,12.00,0.734,0.533,B,#3,APPROACH,0.406A/B
9518,2026-06-03 12:51:50,21.2000,12.00,0.734,0.533,B,#3,APPROACH,0.529A/B
9519,2026-06-03 12:51:52,21.0750,12.00,0.734,0.533,B,#3,APPROACH,0.629A/B
9520,2026-06-03 12:51:53,21.0000,4.71,0.734,0.533,B,#3,APPROACH,0.733A/B
9521,2026-06-03 12:51:55,21.0000,4.71,0.710,4.339,B,#3,APPROACH,0.834A/B
9522,2026-06-03 12:51:58,20.9875,4.71,0.710,4.339,B,#3,APPROACH,0.957A/B
9523,2026-06-03 12:51:59,20.9625,4.71,0.710,4.339,B,#3,APPROACH,1.053A/B
9524,2026-06-03 12:52:01,21.0000,8.27,0.710,4.339,B,#3,APPROACH,1.000A/B
9525,2026-06-03 12:52:03,21.0000,8.27,1.000,8.160,B,#3,APPROACH,1.000A/B
9526,2026-06-03 12:52:05,21.0750,8.27,1.000,8.160,B,#3,APPROACH,1.147A/B
9527,2026-06-03 12:52:07,21.1500,8.27,1.000,8.160,B,#3,APPROACH,1.000A/B
9528,2026-06-03 12:52:09,21.2250,8.28,1.000,8.160,B,#3,APPROACH,1.216A/B
9529,2026-06-03 12:52:11,21.3250,8.28,1.204,12.087,B,#3,APPROACH,1.305A/B
9530,2026-06-03 12:52:13,21.4500,8.28,1.204,12.087,B,#3,APPROACH,1.420A/B
9531,2026-06-03 12:52:15,21.6000,8.28,1.204,12.087,B,#3,APPROACH,1.479A/B
9532,2026-06-03 12:52:16,21.7375,11.70,1.204,12.087,B,#3,APPROACH,1.552A/B
9533,2026-06-03 12:52:18,21.9125,11.70,1.498,17.760,B,#3,APPROACH,1.612A/B
9534,2026-06-03 12:52:21,22.0500,11.70,1.498,17.760,B,#3,APPROACH,1.706A/B
9535,2026-06-03 12:52:22,22.2500,11.70,1.498,17.760,B,#3,APPROACH,1.744A/B
9536,2026-06-03 12:52:24,22.4375,12.00,1.498,17.760,B,#3,APPROACH,1.793A/B
9537,2026-06-03 12:52:26,22.6625,12.00,1.446,17.136,B,#3,APPROACH,1.500A/B
9538,2026-06-03 12:52:28,22.8750,12.00,1.446,17.136,B,#3,APPROACH,1.817A/B
9539,2026-06-03 12:52:30,23.1000,12.00,1.446,17.136,B,#3,HOLDING,1.783A/B
9540,2026-06-03 12:52:32,23.3375,12.00,1.446,17.136,OFF,#3,HOLDING,0.000A/OFF
9541,2026-06-03 12:52:33,23.3375,12.00,1.446,17.136,OFF,#3,HOLDING,0.000A/OFF
9542,2026-06-03 12:52:34,23.5875,12.00,1.410,17.136,OFF,#3,HOLDING,0.000A/OFF
9543,2026-06-03 12:52:35,23.5875,12.00,1.410,8.328,OFF,#3,HOLDING,0.000A/OFF
9544,2026-06-03 12:52:36,23.8625,12.00,1.410,8.328,OFF,#3,HOLDING,0.000A/OFF
9545,2026-06-03 12:52:37,24.0875,12.00,1.410,8.328,OFF,#3,HOLDING,0.000A/OFF
9546,2026-06-03 12:52:38,24.0875,12.00,1.410,8.328,OFF,#3,HOLDING,0.000A/OFF
9547,2026-06-03 12:52:39,24.3125,12.00,1.410,8.328,OFF,#3,HOLDING,0.000A/OFF
9548,2026-06-03 12:52:40,24.3125,12.00,0.000,8.328,OFF,#3,HOLDING,0.000A/OFF
9549,2026-06-03 12:52:41,24.5375,12.00,0.000,0.000,OFF,#3,HOLDING,0.000A/OFF
9550,2026-06-03 12:52:42,24.5375,12.00,0.000,0.000,OFF,#3,HOLDING,0.000A/OFF
9551,2026-06-03 12:52:43,24.7500,12.00,0.000,0.000,OFF,#3,HOLDING,0.000A/OFF
9552,2026-06-03 12:52:44,24.7500,12.00,0.000,0.000,OFF,#3,HOLDING,0.000A/OFF
9553,2026-06-03 12:52:45,24.9500,12.00,0.000,0.000,A,#3,HOLDING,0.103A/A
9554,2026-06-03 12:52:47,25.1750,12.00,0.000,0.000,A,#3,HOLDING,0.191A/A
9555,2026-06-03 12:52:49,25.3250,12.00,0.000,0.000,A,#3,HOLDING,0.274A/A
9556,2026-06-03 12:52:51,25.4750,12.00,0.000,0.000,A,#3,HOLDING,0.309A/A
9557,2026-06-03 12:52:53,25.6250,2.06,0.000,0.000,A,#3,HOLDING,0.370A/A
9558,2026-06-03 12:52:55,25.7250,2.06,0.340,1.002,A,#3,HOLDING,0.438A/A
9559,2026-06-03 12:52:57,25.8250,2.06,0.340,1.002,A,#3,HOLDING,0.520A/A
9560,2026-06-03 12:52:58,25.9125,2.06,0.340,1.002,A,#3,HOLDING,0.581A/A
9561,2026-06-03 12:53:00,25.9875,4.51,0.340,1.002,A,#3,HOLDING,0.656A/A
9562,2026-06-03 12:53:02,26.0375,4.51,0.636,3.470,A,#3,HOLDING,0.730A/A
9563,2026-06-03 12:53:05,26.0875,4.51,0.636,3.470,A,#3,HOLDING,0.825A/A
9564,2026-06-03 12:53:06,26.1250,4.51,0.636,3.470,A,#3,HOLDING,0.892A/A
9565,2026-06-03 12:53:08,26.1250,7.11,0.636,3.470,A,#3,HOLDING,0.965A/A
9566,2026-06-03 12:53:10,26.1250,7.11,0.965,7.652,A,#3,HOLDING,1.040A/A
9567,2026-06-03 12:53:12,26.1000,7.11,0.965,7.652,A,#3,HOLDING,1.132A/A
9568,2026-06-03 12:53:14,26.0625,7.11,0.965,7.652,A,#3,HOLDING,1.192A/A
9569,2026-06-03 12:53:16,26.0125,9.48,0.965,7.652,A,#3,HOLDING,1.258A/A
9570,2026-06-03 12:53:18,25.9375,9.48,1.258,12.718,A,#3,HOLDING,1.319A/A
9571,2026-06-03 12:53:20,25.8875,9.48,1.258,12.718,A,#3,HOLDING,1.000A/A
9572,2026-06-03 12:53:21,25.7750,9.48,1.258,12.718,A,#3,HOLDING,1.000A/A
9573,2026-06-03 12:53:23,25.6750,8.48,1.258,12.718,A,#3,HOLDING,1.387A/A
9574,2026-06-03 12:53:25,25.5750,8.48,1.359,15.603,A,#3,HOLDING,1.434A/A
9575,2026-06-03 12:53:28,25.4250,8.48,1.359,15.603,A,#3,HOLDING,1.496A/A
9576,2026-06-03 12:53:29,25.3250,8.48,1.359,15.603,A,#3,HOLDING,1.500A/A
9577,2026-06-03 12:53:31,25.1500,11.84,1.359,15.603,A,#3,HOLDING,1.000A/A
9578,2026-06-03 12:53:33,25.0125,11.84,1.036,8.830,A,#3,HOLDING,1.508A/A
9579,2026-06-03 12:53:35,24.8125,11.84,1.036,8.830,A,#3,HOLDING,1.492A/A
9580,2026-06-03 12:53:37,24.6375,11.84,1.036,8.830,A,#3,HOLDING,1.511A/A
9581,2026-06-03 12:53:39,24.4875,12.00,1.036,8.830,A,#3,HOLDING,1.528A/A
9582,2026-06-03 12:53:41,24.3250,12.00,1.466,17.436,A,#3,HOLDING,1.500A/A
9583,2026-06-03 12:53:43,24.1750,12.00,1.466,17.436,A,#3,HOLDING,1.500A/A
9584,2026-06-03 12:53:45,24.0000,12.00,1.466,17.436,A,#3,HOLDING,1.544A/A
9585,2026-06-03 12:53:46,23.8000,12.00,1.466,17.436,A,#3,HOLDING,1.000A/A
9586,2026-06-03 12:53:48,23.5750,12.00,1.011,9.070,A,#3,HOLDING,1.000A/A
9587,2026-06-03 12:53:51,23.4000,12.00,1.011,9.070,A,#3,HOLDING,1.500A/A
9588,2026-06-03 12:53:52,23.2000,12.00,1.011,9.070,A,#3,HOLDING,1.523A/A
9589,2026-06-03 12:53:54,23.0250,12.00,1.011,9.070,A,#3,HOLDING,1.490A/A
9590,2026-06-03 12:53:56,22.8250,12.00,1.448,17.232,A,#3,HOLDING,1.381A/A
9591,2026-06-03 12:53:58,22.6500,12.00,1.448,17.232,A,#3,HOLDING,1.317A/A
9592,2026-06-03 12:54:00,22.4875,12.00,1.448,17.232,A,#3,HOLDING,1.258A/A
9593,2026-06-03 12:54:02,22.2875,10.68,1.448,17.232,A,#3,HOLDING,1.184A/A
9594,2026-06-03 12:54:04,22.1000,10.68,1.184,12.313,A,#3,HOLDING,1.098A/A
9595,2026-06-03 12:54:06,21.9250,10.68,1.184,12.313,A,#3,HOLDING,0.996A/A
9596,2026-06-03 12:54:08,21.7625,10.68,1.184,12.313,A,#3,HOLDING,0.916A/A
9597,2026-06-03 12:54:09,21.5625,8.52,1.184,12.313,A,#3,HOLDING,0.814A/A
9598,2026-06-03 12:54:11,21.3875,8.52,0.814,6.430,A,#3,HOLDING,0.704A/A
9599,2026-06-03 12:54:14,21.2375,8.52,0.814,6.430,A,#3,HOLDING,0.572A/A
9600,2026-06-03 12:54:15,21.0750,8.52,0.814,6.430,A,#3,HOLDING,0.472A/A
9601,2026-06-03 12:54:17,20.9000,5.13,0.814,6.430,A,#3,HOLDING,0.385A/A
9602,2026-06-03 12:54:19,20.7625,5.13,0.385,1.728,A,#3,HOLDING,0.258A/A
9603,2026-06-03 12:54:21,20.6125,5.13,0.385,1.728,OFF,#3,HOLDING,0.000A/OFF
9604,2026-06-03 12:54:22,20.6125,5.13,0.385,1.728,OFF,#3,HOLDING,0.000A/OFF
9605,2026-06-03 12:54:23,20.4625,5.13,0.385,1.728,OFF,#3,HOLDING,0.000A/OFF
9606,2026-06-03 12:54:24,20.4625,12.00,0.385,1.728,B,#3,HOLDING,0.124A/B
9607,2026-06-03 12:54:26,20.3625,12.00,0.000,0.037,B,#3,HOLDING,0.259A/B
9608,2026-06-03 12:54:29,20.1625,12.00,0.000,0.037,B,#3,HOLDING,0.448A/B
9609,2026-06-03 12:54:30,20.1625,12.00,0.000,0.037,B,#3,HOLDING,0.568A/B
9610,2026-06-03 12:54:32,20.0875,4.06,0.000,0.037,B,#3,HOLDING,0.717A/B
9611,2026-06-03 12:54:34,20.0375,4.06,0.717,3.950,B,#3,HOLDING,0.861A/B
9612,2026-06-03 12:54:36,19.9375,4.06,0.717,3.950,B,#3,HOLDING,1.062A/B
9613,2026-06-03 12:54:38,19.9375,4.06,0.717,3.950,B,#3,HOLDING,1.188A/B
9614,2026-06-03 12:54:40,19.9625,9.00,0.717,3.950,B,#3,HOLDING,1.335A/B
9615,2026-06-03 12:54:42,19.9625,9.00,1.335,13.723,B,#3,HOLDING,1.483A/B
9616,2026-06-03 12:54:44,20.0500,9.00,1.335,13.723,B,#3,HOLDING,1.664A/B
9617,2026-06-03 12:54:45,20.0500,9.00,1.335,13.723,B,#3,HOLDING,1.791A/B
9618,2026-06-03 12:54:47,20.1125,12.00,1.335,13.723,B,#3,HOLDING,1.500A/B
9619,2026-06-03 12:54:49,20.2375,12.00,1.539,17.565,B,#3,HOLDING,1.000A/B
9620,2026-06-03 12:54:52,20.5125,12.00,1.539,17.565,B,#3,HOLDING,1.903A/B
9621,2026-06-03 12:54:53,20.5125,12.00,1.539,17.565,B,#3,HOLDING,1.000A/B
9622,2026-06-03 12:54:55,20.6750,8.66,1.539,17.565,B,#3,HOLDING,2.008A/B
9623,2026-06-03 12:54:57,20.8750,8.66,1.259,18.000,B,#3,HOLDING,2.115A/B
9624,2026-06-03 12:54:59,21.2500,8.66,1.259,18.000,B,#3,HOLDING,1.500A/B
9625,2026-06-03 12:55:01,21.2500,8.66,1.259,18.000,B,#3,HOLDING,2.184A/B
9626,2026-06-03 12:55:03,21.4375,12.00,1.259,18.000,B,#3,HOLDING,1.500A/B
9627,2026-06-03 12:55:05,21.6875,12.00,1.469,17.424,B,#3,HOLDING,1.500A/B
9628,2026-06-03 12:55:07,22.1250,12.00,1.469,17.424,B,#3,HOLDING,2.208A/B
9629,2026-06-03 12:55:09,22.1250,12.00,1.469,17.424,B,#3,HOLDING,1.500A/B
9630,2026-06-03 12:55:10,22.3750,12.00,1.469,17.424,B,#3,HOLDING,2.275A/B
9631,2026-06-03 12:55:12,22.6500,12.00,1.427,16.896,B,#3,HOLDING,2.000A/B
9632,2026-06-03 12:55:15,22.9000,12.00,1.427,16.896,B,#3,HOLDING,1.500A/B
9633,2026-06-03 12:55:16,23.1500,12.00,1.427,16.896,B,#3,HOLDING,1.000A/B
9634,2026-06-03 12:55:18,23.4375,9.28,1.427,16.896,B,#3,HOLDING,2.000A/B
9635,2026-06-03 12:55:20,23.7125,9.28,1.198,16.584,B,#3,HOLDING,1.500A/B
9636,2026-06-03 12:55:22,24.2750,9.28,1.198,16.584,B,#3,HOLDING,2.000A/B
9637,2026-06-03 12:55:24,24.2750,9.28,1.198,16.584,B,#3,HOLDING,1.500A/B
9638,2026-06-03 12:55:26,24.5250,12.00,1.198,16.584,B,#3,HOLDING,2.239A/B
9639,2026-06-03 12:55:28,24.8000,12.00,1.378,16.332,B,#3,HOLDING,2.224A/B
9640,2026-06-03 12:55:30,25.0875,12.00,1.378,16.332,B,#3,HOLDING,1.000A/B
9641,2026-06-03 12:55:32,25.3625,12.00,1.378,16.332,B,#3,HOLDING,2.000A/B
9642,2026-06-03 12:55:33,25.6500,12.00,1.378,16.332,B,#3,HOLDING,2.000A/B
9643,2026-06-03 12:55:35,25.9500,12.00,1.349,15.972,B,#3,HOLDING,2.030A/B
9644,2026-06-03 12:55:38,26.2125,12.00,1.349,15.972,B,#3,HOLDING,1.000A/B
9645,2026-06-03 12:55:39,26.4625,12.00,1.349,15.972,B,#3,HOLDING,1.908A/B
9646,2026-06-03 12:55:41,26.7500,12.00,1.349,15.972,B,#3,HOLDING,1.791A/B
9647,2026-06-03 12:55:43,27.0000,12.00,1.327,15.756,B,#3,HOLDING,1.500A/B
9648,2026-06-03 12:55:45,27.5500,12.00,1.327,15.756,B,#3,HOLDING,1.692A/B
9649,2026-06-03 12:55:47,27.5500,12.00,1.327,15.756,B,#3,HOLDING,1.587A/B
9650,2026-06-03 12:55:49,27.8375,12.00,1.327,15.756,B,#3,HOLDING,1.000A/B
9651,2026-06-03 12:55:51,28.0875,12.00,1.000,9.830,B,#3,HOLDING,1.421A/B
9652,2026-06-03 12:55:53,28.6125,12.00,1.000,9.830,B,#3,HOLDING,1.162A/B
9653,2026-06-03 12:55:55,28.6125,12.00,1.000,9.830,B,#3,HOLDING,1.000A/B
9654,2026-06-03 12:55:57,28.8375,9.67,1.000,9.830,B,#3,HOLDING,1.012A/B
9655,2026-06-03 12:55:58,29.0875,9.67,1.012,10.028,B,#3,HOLDING,0.817A/B
9656,2026-06-03 12:56:01,29.5875,9.67,1.012,10.028,B,#3,HOLDING,0.508A/B
9657,2026-06-03 12:56:02,29.5875,9.67,1.012,10.028,B,#3,HOLDING,0.338A/B
9658,2026-06-03 12:56:04,29.8125,4.59,1.012,10.028,B,#3,HOLDING,0.110A/B
9659,2026-06-03 12:56:06,30.0625,4.59,0.110,0.287,A,#3,HOLDING,0.124A/A
9660,2026-06-03 12:56:08,30.4500,4.59,0.110,0.287,A,#3,HOLDING,0.457A/A
9661,2026-06-03 12:56:10,30.4500,4.59,0.110,0.287,A,#3,HOLDING,0.656A/A
9662,2026-06-03 12:56:12,30.6500,4.41,0.110,0.287,A,#3,HOLDING,0.912A/A
9663,2026-06-03 12:56:14,30.8000,4.41,0.891,6.174,A,#3,HOLDING,1.167A/A
9664,2026-06-03 12:56:16,31.0750,4.41,0.891,6.174,A,#3,HOLDING,1.500A/A
9665,2026-06-03 12:56:18,31.0750,4.41,0.891,6.174,A,#3,HOLDING,1.000A/A
9666,2026-06-03 12:56:20,31.1875,7.62,0.891,6.174,A,#3,HOLDING,1.521A/A
9667,2026-06-03 12:56:21,31.2375,7.62,1.477,17.217,A,#3,HOLDING,1.787A/A
9668,2026-06-03 12:56:24,31.3000,7.62,1.477,17.217,A,#3,HOLDING,1.500A/A
9669,2026-06-03 12:56:25,31.3000,7.62,1.477,17.217,A,#3,HOLDING,2.133A/A
9670,2026-06-03 12:56:27,31.2750,12.00,1.477,17.217,A,#3,HOLDING,2.397A/A
9671,2026-06-03 12:56:29,31.2000,12.00,1.586,18.744,A,#3,HOLDING,2.000A/A
9672,2026-06-03 12:56:32,31.0375,12.00,1.586,18.744,A,#3,HOLDING,2.500A/A
9673,2026-06-03 12:56:33,31.0375,12.00,1.586,18.744,A,#3,HOLDING,1.500A/A
9674,2026-06-03 12:56:35,30.9500,11.65,1.586,18.744,A,#3,HOLDING,1.000A/A
9675,2026-06-03 12:56:37,30.7500,11.65,1.250,8.500,A,#3,HOLDING,2.625A/A
9676,2026-06-03 12:56:39,30.4000,11.65,1.250,8.500,A,#3,HOLDING,1.500A/A
9677,2026-06-03 12:56:41,30.4000,11.65,1.250,8.500,A,#3,HOLDING,2.906A/A
9678,2026-06-03 12:56:43,30.2250,12.00,1.250,8.500,A,#3,HOLDING,3.000A/A
9679,2026-06-03 12:56:45,30.0000,12.00,1.502,17.724,A,#3,HOLDING,2.500A/A
9680,2026-06-03 12:56:47,29.6000,12.00,1.502,17.724,A,#3,HOLDING,2.000A/A
9681,2026-06-03 12:56:48,29.6000,12.00,1.502,17.724,A,#3,HOLDING,2.500A/A
9682,2026-06-03 12:56:50,29.3750,12.00,1.502,17.724,A,#3,HOLDING,1.500A/A
9683,2026-06-03 12:56:52,29.1250,12.00,1.464,17.412,A,#3,HOLDING,1.500A/A
9684,2026-06-03 12:56:55,28.6625,12.00,1.464,17.412,A,#3,HOLDING,3.000A/A
9685,2026-06-03 12:56:56,28.6625,12.00,1.464,17.412,A,#3,HOLDING,2.000A/A
9686,2026-06-03 12:56:58,28.4625,12.00,1.464,17.412,A,#3,HOLDING,3.000A/A
9687,2026-06-03 12:57:00,28.1875,12.00,1.442,17.148,A,#3,HOLDING,1.000A/A
9688,2026-06-03 12:57:02,27.6625,12.00,1.442,17.148,A,#3,HOLDING,2.000A/A
9689,2026-06-03 12:57:04,27.6625,12.00,1.442,17.148,A,#3,HOLDING,2.500A/A
9690,2026-06-03 12:57:06,27.4125,12.00,1.442,17.148,A,#3,HOLDING,2.984A/A
9691,2026-06-03 12:57:08,27.1375,12.00,1.429,17.004,A,#3,HOLDING,3.000A/A
9692,2026-06-03 12:57:10,26.6625,12.00,1.429,17.004,A,#3,HOLDING,2.000A/A
9693,2026-06-03 12:57:12,26.6625,12.00,1.429,17.004,A,#3,HOLDING,2.500A/A
9694,2026-06-03 12:57:13,26.3875,12.00,1.429,17.004,A,#3,HOLDING,2.500A/A
9695,2026-06-03 12:57:15,26.1375,12.00,1.415,16.992,A,#3,HOLDING,1.500A/A
9696,2026-06-03 12:57:18,25.6250,12.00,1.415,16.992,A,#3,HOLDING,2.940A/A
9697,2026-06-03 12:57:19,25.6250,12.00,1.415,16.992,A,#3,HOLDING,2.500A/A
9698,2026-06-03 12:57:21,25.3750,12.00,1.415,16.992,A,#3,HOLDING,2.000A/A
9699,2026-06-03 12:57:23,25.1250,12.00,1.422,16.920,A,#3,HOLDING,1.500A/A
9700,2026-06-03 12:57:25,24.6250,12.00,1.422,16.920,A,#3,HOLDING,2.000A/A
9701,2026-06-03 12:57:27,24.6250,12.00,1.422,16.920,A,#3,HOLDING,1.500A/A
9702,2026-06-03 12:57:29,24.4000,12.00,1.422,16.920,A,#3,HOLDING,2.500A/A
9703,2026-06-03 12:57:31,24.1250,12.00,1.417,16.824,A,#3,HOLDING,1.500A/A
9704,2026-06-03 12:57:33,23.7000,12.00,1.417,16.824,A,#3,HOLDING,2.923A/A
9705,2026-06-03 12:57:35,23.7000,12.00,1.417,16.824,A,#4,APPROACH,2.934A/A
9706,2026-06-03 12:57:36,23.4500,7.37,1.417,16.824,B,#4,APPROACH,0.196A/B
9707,2026-06-03 12:57:39,23.2250,7.37,0.057,16.824,B,#4,APPROACH,0.272A/B
9708,2026-06-03 12:57:41,22.8125,7.37,0.057,0.000,B,#4,APPROACH,0.392A/B
9709,2026-06-03 12:57:43,22.6375,7.37,0.057,0.000,B,#4,APPROACH,0.522A/B
9710,2026-06-03 12:57:44,22.4375,7.37,0.057,0.000,B,#4,APPROACH,0.637A/B
9711,2026-06-03 12:57:46,22.4375,4.70,0.057,0.000,B,#4,APPROACH,0.759A/B
9712,2026-06-03 12:57:48,22.3000,4.70,0.697,4.485,B,#4,APPROACH,0.915A/B
9713,2026-06-03 12:57:51,22.0875,4.70,0.697,4.485,B,#4,APPROACH,1.153A/B
9714,2026-06-03 12:57:52,22.0125,4.70,0.697,4.485,B,#4,APPROACH,1.316A/B
9715,2026-06-03 12:57:54,22.0125,9.89,0.697,4.485,B,#4,APPROACH,1.492A/B
9716,2026-06-03 12:57:56,21.9375,9.89,1.425,16.874,B,#4,APPROACH,1.676A/B
9717,2026-06-03 12:57:58,21.9125,9.89,1.425,16.874,B,#4,APPROACH,1.912A/B
9718,2026-06-03 12:58:00,21.9375,9.89,1.425,16.874,B,#4,APPROACH,2.000A/B
9719,2026-06-03 12:58:02,21.9375,12.00,1.425,16.874,B,#4,APPROACH,1.000A/B
9720,2026-06-03 12:58:04,22.0125,12.00,1.170,8.460,B,#4,APPROACH,2.060A/B
9721,2026-06-03 12:58:06,22.2000,12.00,1.170,8.460,B,#4,APPROACH,1.500A/B
9722,2026-06-03 12:58:08,22.2000,12.00,1.170,8.460,B,#4,APPROACH,2.000A/B
9723,2026-06-03 12:58:09,22.3250,12.00,1.170,8.460,B,#4,APPROACH,1.500A/B
9724,2026-06-03 12:58:11,22.4875,12.00,1.498,17.748,B,#4,APPROACH,2.252A/B
9725,2026-06-03 12:58:14,22.8000,12.00,1.498,17.748,B,#4,APPROACH,1.000A/B
9726,2026-06-03 12:58:15,22.8000,12.00,1.498,17.748,B,#4,APPROACH,2.425A/B
9727,2026-06-03 12:58:17,23.0000,12.00,1.498,17.748,B,#4,APPROACH,2.560A/B
9728,2026-06-03 12:58:19,23.1875,12.00,1.441,17.064,B,#4,APPROACH,2.000A/B
9729,2026-06-03 12:58:21,23.6125,12.00,1.441,17.064,B,#4,APPROACH,2.000A/B
9730,2026-06-03 12:58:23,23.6125,12.00,1.441,17.064,B,#4,APPROACH,1.000A/B
9731,2026-06-03 12:58:25,23.8375,9.17,1.441,17.064,B,#4,APPROACH,1.000A/B
9732,2026-06-03 12:58:27,24.0625,9.17,1.000,9.300,B,#4,APPROACH,1.500A/B
9733,2026-06-03 12:58:29,24.5625,9.17,1.000,9.300,B,#4,APPROACH,2.546A/B
9734,2026-06-03 12:58:31,24.8125,9.17,1.000,9.300,B,#4,APPROACH,1.500A/B
9735,2026-06-03 12:58:32,24.8125,12.00,1.000,9.300,B,#4,APPROACH,2.500A/B
9736,2026-06-03 12:58:34,25.0625,12.00,1.387,16.464,B,#4,APPROACH,2.500A/B
9737,2026-06-03 12:58:37,25.5250,12.00,1.387,16.464,B,#4,APPROACH,2.593A/B
9738,2026-06-03 12:58:38,25.5250,12.00,1.387,16.464,B,#4,APPROACH,1.000A/B
9739,2026-06-03 12:58:40,25.7750,9.40,1.387,16.464,B,#4,APPROACH,2.500A/B
9740,2026-06-03 12:58:42,26.0500,9.40,1.366,16.236,B,#4,HOLDING,1.500A/B
9741,2026-06-03 12:58:44,26.5250,9.40,1.366,16.236,OFF,#4,HOLDING,0.000A/OFF
9742,2026-06-03 12:58:45,26.5250,9.40,1.366,16.236,OFF,#4,HOLDING,0.000A/OFF
9743,2026-06-03 12:58:46,26.7750,9.40,1.366,16.236,OFF,#4,HOLDING,0.000A/OFF
9744,2026-06-03 12:58:47,26.7750,9.40,1.366,16.236,OFF,#4,HOLDING,0.000A/OFF
9745,2026-06-03 12:58:48,27.0000,12.00,0.000,16.236,OFF,#4,HOLDING,0.000A/OFF
9746,2026-06-03 12:58:49,27.0000,12.00,0.000,16.236,OFF,#4,HOLDING,0.000A/OFF
9747,2026-06-03 12:58:50,27.2750,12.00,0.000,0.000,OFF,#4,HOLDING,0.000A/OFF
9748,2026-06-03 12:58:51,27.2750,12.00,0.000,0.000,OFF,#4,HOLDING,0.000A/OFF
9749,2026-06-03 12:58:52,27.5000,12.00,0.000,0.000,OFF,#4,HOLDING,0.000A/OFF
9750,2026-06-03 12:58:53,27.5000,12.00,0.000,0.000,OFF,#4,HOLDING,0.000A/OFF
9751,2026-06-03 12:58:54,27.7250,12.00,0.000,0.000,A,#4,HOLDING,0.109A/A
9752,2026-06-03 12:58:56,27.9250,12.00,0.000,0.000,A,#4,HOLDING,0.180A/A
9753,2026-06-03 12:58:58,28.1250,12.00,0.000,0.000,A,#4,HOLDING,0.254A/A
9754,2026-06-03 12:59:00,28.2625,12.00,0.000,0.000,A,#4,HOLDING,0.280A/A
9755,2026-06-03 12:59:02,28.4125,1.55,0.000,0.000,A,#4,HOLDING,0.342A/A
9756,2026-06-03 12:59:03,28.4125,1.55,0.311,0.762,A,#4,HOLDING,0.374A/A
9757,2026-06-03 12:59:06,28.6250,1.55,0.311,0.762,A,#4,HOLDING,0.466A/A
9758,2026-06-03 12:59:07,28.6625,1.55,0.311,0.762,A,#4,HOLDING,0.513A/A
9759,2026-06-03 12:59:09,28.7125,3.70,0.311,0.762,A,#4,HOLDING,0.589A/A
9760,2026-06-03 12:59:11,28.7125,3.70,0.577,2.709,A,#4,HOLDING,0.638A/A
9761,2026-06-03 12:59:13,28.7500,3.70,0.577,2.709,A,#4,HOLDING,0.725A/A
9762,2026-06-03 12:59:15,28.7375,3.70,0.577,2.709,A,#4,HOLDING,0.777A/A
9763,2026-06-03 12:59:17,28.7125,6.16,0.577,2.709,A,#4,HOLDING,0.840A/A
9764,2026-06-03 12:59:19,28.7125,6.16,0.840,5.796,A,#4,HOLDING,0.903A/A
9765,2026-06-03 12:59:21,28.6625,6.16,0.840,5.796,A,#4,HOLDING,0.982A/A
9766,2026-06-03 12:59:23,28.6375,6.16,0.840,5.796,A,#4,HOLDING,1.037A/A
9767,2026-06-03 12:59:25,28.5375,8.28,0.840,5.796,A,#4,HOLDING,1.084A/A
9768,2026-06-03 12:59:26,28.5375,8.28,1.084,9.658,A,#4,HOLDING,1.148A/A
9769,2026-06-03 12:59:29,28.3250,8.28,1.084,9.658,A,#4,HOLDING,1.000A/A
9770,2026-06-03 12:59:30,28.2375,8.28,1.084,9.658,A,#4,HOLDING,1.187A/A
9771,2026-06-03 12:59:32,28.0875,9.54,1.084,9.658,A,#4,HOLDING,1.210A/A
9772,2026-06-03 12:59:34,28.0875,9.54,1.210,12.100,A,#4,HOLDING,1.270A/A
9773,2026-06-03 12:59:36,27.7750,9.54,1.210,12.100,A,#4,HOLDING,1.239A/A
9774,2026-06-03 12:59:38,27.6750,9.54,1.210,12.100,A,#4,HOLDING,1.267A/A
9775,2026-06-03 12:59:40,27.5000,10.34,1.210,12.100,A,#4,HOLDING,1.274A/A
9776,2026-06-03 12:59:42,27.3250,10.34,1.274,13.631,A,#4,HOLDING,1.000A/A
9777,2026-06-03 12:59:44,27.1250,10.34,1.274,13.631,A,#4,HOLDING,1.294A/A
9778,2026-06-03 12:59:46,26.9500,10.34,1.274,13.631,A,#4,HOLDING,1.293A/A
9779,2026-06-03 12:59:48,26.7750,10.74,1.274,13.631,A,#4,HOLDING,1.288A/A
9780,2026-06-03 12:59:49,26.5750,10.74,1.288,14.000,A,#4,HOLDING,1.271A/A
9781,2026-06-03 12:59:52,26.3750,10.74,1.288,14.000,A,#4,HOLDING,1.000A/A
9782,2026-06-03 12:59:53,26.2000,10.74,1.288,14.000,A,#4,HOLDING,1.246A/A
9783,2026-06-03 12:59:55,25.9500,10.54,1.288,14.000,A,#4,HOLDING,1.205A/A
9784,2026-06-03 12:59:57,25.7250,10.54,1.205,12.519,A,#4,HOLDING,1.000A/A
9785,2026-06-03 13:00:00,25.5000,10.54,1.205,12.519,A,#4,HOLDING,1.085A/A
9786,2026-06-03 13:00:01,25.3125,10.54,1.205,12.519,A,#4,HOLDING,1.000A/A
9787,2026-06-03 13:00:03,25.0625,8.83,1.205,12.519,A,#4,HOLDING,1.000A/A
9788,2026-06-03 13:00:05,24.8625,8.83,1.000,9.040,A,#4,HOLDING,0.998A/A
9789,2026-06-03 13:00:07,24.6875,8.83,1.000,9.040,A,#4,HOLDING,0.891A/A
9790,2026-06-03 13:00:09,24.4500,8.83,1.000,9.040,A,#4,HOLDING,0.797A/A
9791,2026-06-03 13:00:11,24.2500,7.51,1.000,9.040,A,#4,HOLDING,0.687A/A
9792,2026-06-03 13:00:13,24.0750,7.51,0.739,4.616,A,#4,HOLDING,0.568A/A
9793,2026-06-03 13:00:15,23.8500,7.51,0.739,4.616,A,#4,HOLDING,0.464A/A
9794,2026-06-03 13:00:17,23.6500,7.51,0.739,4.616,A,#4,HOLDING,0.349A/A
9795,2026-06-03 13:00:18,23.5000,3.91,0.739,4.616,A,#4,HOLDING,0.215A/A
9796,2026-06-03 13:00:20,23.3125,3.91,0.281,4.616,OFF,#4,HOLDING,0.000A/OFF
9797,2026-06-03 13:00:21,23.3125,3.91,0.281,0.629,OFF,#4,HOLDING,0.000A/OFF
9798,2026-06-03 13:00:22,23.1125,3.91,0.281,0.629,OFF,#4,HOLDING,0.000A/OFF
9799,2026-06-03 13:00:23,23.1125,3.91,0.281,0.629,B,#4,HOLDING,0.157A/B
9800,2026-06-03 13:00:25,22.9875,3.91,0.281,0.629,B,#4,HOLDING,0.324A/B
9801,2026-06-03 13:00:27,22.8625,7.36,0.324,0.629,B,#4,HOLDING,0.452A/B
9802,2026-06-03 13:00:29,22.6875,7.36,0.324,1.541,B,#4,HOLDING,0.623A/B
9803,2026-06-03 13:00:30,22.5875,7.36,0.324,1.541,B,#4,HOLDING,0.768A/B
9804,2026-06-03 13:00:32,22.5000,7.36,0.324,1.541,B,#4,HOLDING,0.911A/B
9805,2026-06-03 13:00:34,22.4500,7.12,0.324,1.541,B,#4,HOLDING,1.074A/B
9806,2026-06-03 13:00:36,22.4250,7.12,1.074,9.150,B,#4,HOLDING,1.237A/B
9807,2026-06-03 13:00:38,22.3750,7.12,1.074,9.150,B,#4,HOLDING,1.452A/B
9808,2026-06-03 13:00:40,22.3750,7.12,1.074,9.150,B,#4,HOLDING,1.595A/B
9809,2026-06-03 13:00:42,22.4000,12.00,1.074,9.150,B,#4,HOLDING,1.500A/B
9810,2026-06-03 13:00:43,22.4125,12.00,1.538,17.475,B,#4,HOLDING,1.756A/B
9811,2026-06-03 13:00:46,22.4875,12.00,1.538,17.475,B,#4,HOLDING,1.000A/B
9812,2026-06-03 13:00:47,22.5750,12.00,1.538,17.475,B,#4,HOLDING,1.953A/B
9813,2026-06-03 13:00:49,22.7000,12.00,1.538,17.475,B,#4,HOLDING,1.000A/B
9814,2026-06-03 13:00:51,22.8500,12.00,1.000,8.690,B,#4,HOLDING,2.090A/B
9815,2026-06-03 13:00:53,22.9750,12.00,1.000,8.690,B,#4,HOLDING,2.270A/B
9816,2026-06-03 13:00:55,23.1125,12.00,1.000,8.690,B,#4,HOLDING,2.384A/B
9817,2026-06-03 13:00:57,23.2875,12.00,1.000,8.690,B,#4,HOLDING,2.000A/B
9818,2026-06-03 13:00:59,23.4750,12.00,1.457,17.268,B,#4,HOLDING,1.000A/B
9819,2026-06-03 13:01:01,23.6250,12.00,1.457,17.268,B,#4,HOLDING,2.493A/B
9820,2026-06-03 13:01:03,23.8250,12.00,1.457,17.268,B,#4,HOLDING,2.500A/B
9821,2026-06-03 13:01:05,24.0500,12.00,1.457,17.268,B,#4,HOLDING,1.500A/B
9822,2026-06-03 13:01:06,24.2750,12.00,1.417,16.812,B,#4,HOLDING,1.000A/B
9823,2026-06-03 13:01:09,24.4750,12.00,1.417,16.812,B,#4,HOLDING,2.499A/B
9824,2026-06-03 13:01:10,24.6875,12.00,1.417,16.812,B,#4,HOLDING,2.000A/B
9825,2026-06-03 13:01:12,24.9375,12.00,1.417,16.812,B,#4,HOLDING,2.000A/B
9826,2026-06-03 13:01:14,25.1500,12.00,1.389,16.476,B,#4,HOLDING,2.000A/B
9827,2026-06-03 13:01:17,25.3750,12.00,1.389,16.476,B,#4,HOLDING,2.500A/B
9828,2026-06-03 13:01:18,25.6125,12.00,1.389,16.476,B,#4,HOLDING,2.500A/B
9829,2026-06-03 13:01:20,25.8875,12.00,1.389,16.476,B,#4,HOLDING,2.494A/B
9830,2026-06-03 13:01:22,26.0875,12.00,1.362,16.176,B,#4,HOLDING,1.500A/B
9831,2026-06-03 13:01:24,26.3375,12.00,1.362,16.176,B,#4,HOLDING,2.481A/B
9832,2026-06-03 13:01:26,26.5625,12.00,1.362,16.176,B,#4,HOLDING,2.494A/B
9833,2026-06-03 13:01:28,26.8125,12.00,1.362,16.176,B,#4,HOLDING,2.000A/B
9834,2026-06-03 13:01:30,27.0625,12.00,1.340,15.912,B,#4,HOLDING,1.500A/B
9835,2026-06-03 13:01:32,27.3125,12.00,1.340,15.912,B,#4,HOLDING,1.500A/B
9836,2026-06-03 13:01:34,27.5625,12.00,1.340,15.912,B,#4,HOLDING,2.488A/B
9837,2026-06-03 13:01:35,27.8125,12.00,1.340,15.912,B,#4,HOLDING,2.453A/B
9838,2026-06-03 13:01:37,28.0625,12.00,1.322,15.696,B,#4,HOLDING,1.000A/B
9839,2026-06-03 13:01:40,28.3375,12.00,1.322,15.696,B,#4,HOLDING,1.500A/B
9840,2026-06-03 13:01:41,28.5625,12.00,1.322,15.696,B,#4,HOLDING,2.324A/B
9841,2026-06-03 13:01:43,28.8125,12.00,1.322,15.696,B,#4,HOLDING,2.000A/B
9842,2026-06-03 13:01:45,29.0375,12.00,1.313,15.612,B,#4,HOLDING,1.000A/B
9843,2026-06-03 13:01:47,29.2875,12.00,1.313,15.612,B,#4,HOLDING,2.217A/B
9844,2026-06-03 13:01:49,29.5250,12.00,1.313,15.612,B,#4,HOLDING,2.116A/B
9845,2026-06-03 13:01:51,29.7500,12.00,1.313,15.612,B,#4,HOLDING,1.998A/B
9846,2026-06-03 13:01:53,29.9875,12.00,1.304,15.504,B,#4,HOLDING,1.924A/B
9847,2026-06-03 13:01:55,30.2125,12.00,1.304,15.504,B,#4,HOLDING,1.500A/B
9848,2026-06-03 13:01:57,30.4250,12.00,1.304,15.504,B,#4,HOLDING,1.000A/B
9849,2026-06-03 13:01:58,30.6250,9.82,1.304,15.504,B,#4,HOLDING,1.500A/B
9850,2026-06-03 13:02:00,30.8625,9.82,1.211,15.576,B,#4,HOLDING,1.000A/B
9851,2026-06-03 13:02:03,31.0375,9.82,1.211,15.576,B,#4,HOLDING,1.718A/B
9852,2026-06-03 13:02:04,31.2500,9.82,1.211,15.576,B,#4,HOLDING,1.566A/B
9853,2026-06-03 13:02:06,31.4750,12.00,1.211,15.576,B,#4,HOLDING,1.384A/B
9854,2026-06-03 13:02:08,31.6875,12.00,1.301,15.444,B,#4,HOLDING,1.193A/B
9855,2026-06-03 13:02:10,31.9125,12.00,1.301,15.444,B,#4,HOLDING,0.946A/B
9856,2026-06-03 13:02:12,32.1125,12.00,1.301,15.444,B,#4,HOLDING,0.769A/B
9857,2026-06-03 13:02:14,32.2875,8.11,1.301,15.444,B,#4,HOLDING,0.560A/B
9858,2026-06-03 13:02:16,32.4875,8.11,0.663,3.718,B,#4,HOLDING,0.342A/B
9859,2026-06-03 13:02:18,32.6875,8.11,0.663,3.718,OFF,#4,HOLDING,0.000A/OFF
9860,2026-06-03 13:02:19,32.6875,8.11,0.663,3.718,OFF,#4,HOLDING,0.000A/OFF
9861,2026-06-03 13:02:20,32.8375,8.11,0.663,3.718,A,#4,HOLDING,0.179A/A
9862,2026-06-03 13:02:22,33.0125,12.00,0.000,3.718,A,#4,HOLDING,0.429A/A
9863,2026-06-03 13:02:24,33.1625,12.00,0.000,0.973,A,#4,HOLDING,0.674A/A
9864,2026-06-03 13:02:26,33.2875,12.00,0.000,0.973,A,#4,HOLDING,0.881A/A
9865,2026-06-03 13:02:27,33.4125,12.00,0.000,0.973,A,#4,HOLDING,1.097A/A
9866,2026-06-03 13:02:29,33.4875,7.78,0.000,0.973,A,#4,HOLDING,1.342A/A
9867,2026-06-03 13:02:31,33.5750,7.78,1.265,13.205,A,#4,HOLDING,1.000A/A
9868,2026-06-03 13:02:33,33.6250,7.78,1.265,13.205,A,#4,HOLDING,1.590A/A
9869,2026-06-03 13:02:35,33.6250,7.78,1.265,13.205,A,#4,HOLDING,1.000A/A
9870,2026-06-03 13:02:37,33.5750,7.75,1.265,13.205,A,#4,HOLDING,1.795A/A
9871,2026-06-03 13:02:39,33.5500,7.75,1.501,19.272,A,#4,HOLDING,1.000A/A
9872,2026-06-03 13:02:41,33.4500,7.75,1.501,19.272,A,#4,HOLDING,1.000A/A
9873,2026-06-03 13:02:43,33.3625,7.75,1.501,19.272,A,#4,HOLDING,2.000A/A
9874,2026-06-03 13:02:44,33.2375,12.00,1.501,19.272,A,#4,HOLDING,1.500A/A
9875,2026-06-03 13:02:46,33.1125,12.00,1.527,17.595,A,#4,HOLDING,2.000A/A
9876,2026-06-03 13:02:49,32.9375,12.00,1.527,17.595,A,#4,HOLDING,1.996A/A
9877,2026-06-03 13:02:50,32.7625,12.00,1.527,17.595,A,#4,HOLDING,1.500A/A
9878,2026-06-03 13:02:52,32.5625,11.74,1.527,17.595,A,#4,HOLDING,2.160A/A
9879,2026-06-03 13:02:54,32.3250,11.74,1.506,17.892,A,#4,HOLDING,2.000A/A
9880,2026-06-03 13:02:56,32.0750,11.74,1.506,17.892,A,#4,HOLDING,1.000A/A
9881,2026-06-03 13:02:58,31.8500,11.74,1.506,17.892,A,#4,HOLDING,2.321A/A
9882,2026-06-03 13:03:00,31.5750,12.00,1.506,17.892,A,#4,HOLDING,2.000A/A
9883,2026-06-03 13:03:02,31.3500,12.00,1.471,17.472,A,#4,HOLDING,2.471A/A
9884,2026-06-03 13:03:04,31.0750,12.00,1.471,17.472,A,#4,HOLDING,1.500A/A
9885,2026-06-03 13:03:06,30.7875,12.00,1.471,17.472,A,#4,HOLDING,2.000A/A
9886,2026-06-03 13:03:07,30.5375,12.00,1.471,17.472,A,#4,HOLDING,2.000A/A
9887,2026-06-03 13:03:09,30.2500,12.00,1.447,17.232,A,#4,HOLDING,2.500A/A
9888,2026-06-03 13:03:12,29.9750,12.00,1.447,17.232,A,#4,HOLDING,2.000A/A
9889,2026-06-03 13:03:13,29.6875,12.00,1.447,17.232,A,#4,HOLDING,1.500A/A
9890,2026-06-03 13:03:15,29.3875,12.00,1.447,17.232,A,#4,HOLDING,1.000A/A
9891,2026-06-03 13:03:17,29.0875,12.00,1.021,9.020,A,#4,HOLDING,2.000A/A
9892,2026-06-03 13:03:19,28.7875,12.00,1.021,9.020,A,#4,HOLDING,2.483A/A
9893,2026-06-03 13:03:21,28.5625,12.00,1.021,9.020,A,#4,HOLDING,2.530A/A
9894,2026-06-03 13:03:23,28.2375,12.00,1.021,9.020,A,#4,HOLDING,1.000A/A
9895,2026-06-03 13:03:25,27.9750,12.00,1.072,9.060,A,#4,HOLDING,1.500A/A
9896,2026-06-03 13:03:27,27.7000,12.00,1.072,9.060,A,#4,HOLDING,1.500A/A
9897,2026-06-03 13:03:29,27.4375,12.00,1.072,9.060,A,#4,HOLDING,1.000A/A
9898,2026-06-03 13:03:31,27.1375,8.95,1.072,9.060,A,#4,HOLDING,2.500A/A
9899,2026-06-03 13:03:32,26.8750,8.95,1.429,17.004,A,#4,HOLDING,2.499A/A
9900,2026-06-03 13:03:35,26.6250,8.95,1.429,17.004,B,#1,APPROACH,0.185A/B
9901,2026-06-03 13:03:37,26.3750,8.95,1.429,17.004,B,#1,APPROACH,0.323A/B
9902,2026-06-03 13:03:39,26.1000,8.95,1.429,17.004,B,#1,APPROACH,0.453A/B
9903,2026-06-03 13:03:41,25.8500,4.12,0.453,17.004,B,#1,APPROACH,0.602A/B
9904,2026-06-03 13:03:43,25.6250,4.12,0.453,2.745,B,#1,APPROACH,0.722A/B
9905,2026-06-03 13:03:45,25.3875,4.12,0.453,2.745,B,#1,APPROACH,0.782A/B
9906,2026-06-03 13:03:46,25.2375,4.12,0.453,2.745,B,#1,APPROACH,0.892A/B
9907,2026-06-03 13:03:48,25.0875,6.88,0.453,2.745,B,#1,APPROACH,1.023A/B
9908,2026-06-03 13:03:50,24.9875,6.88,1.009,8.319,B,#1,APPROACH,1.152A/B
9909,2026-06-03 13:03:52,24.8625,6.88,1.009,8.319,B,#1,APPROACH,1.329A/B
9910,2026-06-03 13:03:54,24.7875,6.88,1.009,8.319,B,#1,APPROACH,1.449A/B
9911,2026-06-03 13:03:56,24.7500,11.08,1.009,8.319,B,#1,APPROACH,1.500A/B
9912,2026-06-03 13:03:58,24.7500,11.08,1.500,17.595,B,#1,APPROACH,1.584A/B
9913,2026-06-03 13:04:00,24.7500,11.08,1.500,17.595,B,#1,APPROACH,1.761A/B
9914,2026-06-03 13:04:02,24.7750,11.08,1.500,17.595,B,#1,APPROACH,1.875A/B
9915,2026-06-03 13:04:03,24.8500,12.00,1.500,17.595,B,#1,APPROACH,1.500A/B
9916,2026-06-03 13:04:05,24.9500,12.00,1.497,17.712,B,#1,APPROACH,1.500A/B
9917,2026-06-03 13:04:08,25.0500,12.00,1.497,17.712,B,#1,APPROACH,1.990A/B
9918,2026-06-03 13:04:09,25.2000,12.00,1.497,17.712,B,#1,APPROACH,1.000A/B
9919,2026-06-03 13:04:11,25.3250,8.90,1.497,17.712,B,#1,APPROACH,1.000A/B
9920,2026-06-03 13:04:13,25.4750,8.90,1.000,9.060,B,#1,APPROACH,1.500A/B
9921,2026-06-03 13:04:15,25.6375,8.90,1.000,9.060,B,#1,APPROACH,1.000A/B
9922,2026-06-03 13:04:17,25.7875,8.90,1.000,9.060,B,#1,APPROACH,2.018A/B
9923,2026-06-03 13:04:19,25.9875,12.00,1.000,9.060,B,#1,APPROACH,2.095A/B
9924,2026-06-03 13:04:21,26.1625,12.00,1.412,16.752,B,#1,APPROACH,2.169A/B
9925,2026-06-03 13:04:23,26.3375,12.00,1.412,16.752,B,#1,APPROACH,1.500A/B
9926,2026-06-03 13:04:25,26.5375,12.00,1.412,16.752,B,#1,APPROACH,2.255A/B
9927,2026-06-03 13:04:26,26.7125,12.00,1.412,16.752,B,#1,APPROACH,1.500A/B
9928,2026-06-03 13:04:28,26.9125,12.00,1.377,16.344,B,#1,APPROACH,2.000A/B
9929,2026-06-03 13:04:31,27.1250,12.00,1.377,16.344,B,#1,APPROACH,1.500A/B
9930,2026-06-03 13:04:32,27.3250,12.00,1.377,16.344,B,#1,APPROACH,1.000A/B
9931,2026-06-03 13:04:34,27.5250,9.41,1.377,16.344,B,#1,HOLDING,2.222A/B
9932,2026-06-03 13:04:36,27.7500,9.41,1.355,16.344,OFF,#1,HOLDING,0.000A/OFF
9933,2026-06-03 13:04:37,27.7500,9.41,1.355,16.104,OFF,#1,HOLDING,0.000A/OFF
9934,2026-06-03 13:04:38,27.9375,9.41,1.355,16.104,OFF,#1,HOLDING,0.000A/OFF
9935,2026-06-03 13:04:39,27.9375,9.41,1.355,16.104,OFF,#1,HOLDING,0.000A/OFF
9936,2026-06-03 13:04:40,28.1625,9.41,1.355,16.104,OFF,#1,HOLDING,0.000A/OFF
9937,2026-06-03 13:04:41,28.1625,9.41,1.355,16.104,OFF,#1,HOLDING,0.000A/OFF
9938,2026-06-03 13:04:42,28.3750,12.00,1.355,16.104,OFF,#1,HOLDING,0.000A/OFF
9939,2026-06-03 13:04:43,28.3750,12.00,0.000,16.104,OFF,#1,HOLDING,0.000A/OFF
9940,2026-06-03 13:04:44,28.6250,12.00,0.000,0.000,OFF,#1,HOLDING,0.000A/OFF
9941,2026-06-03 13:04:45,28.6250,12.00,0.000,0.000,OFF,#1,HOLDING,0.000A/OFF
9942,2026-06-03 13:04:46,28.8000,12.00,0.000,0.000,OFF,#1,HOLDING,0.000A/OFF
9943,2026-06-03 13:04:47,29.0000,12.00,0.000,0.000,OFF,#1,HOLDING,0.000A/OFF
9944,2026-06-03 13:04:48,29.0000,12.00,0.000,0.000,OFF,#1,HOLDING,0.000A/OFF
9945,2026-06-03 13:04:49,29.1750,12.00,0.000,0.000,OFF,#1,HOLDING,0.000A/OFF
9946,2026-06-03 13:04:50,29.1750,12.00,0.000,0.000,OFF,#1,HOLDING,0.000A/OFF
9947,2026-06-03 13:04:51,29.3250,12.00,0.000,0.000,OFF,#1,HOLDING,0.000A/OFF
9948,2026-06-03 13:04:52,29.3250,12.00,0.000,0.000,OFF,#1,HOLDING,0.000A/OFF
9949,2026-06-03 13:04:53,29.4125,12.00,0.000,0.000,OFF,#1,HOLDING,0.000A/OFF
9950,2026-06-03 13:04:54,29.4125,12.00,0.000,0.000,OFF,#1,HOLDING,0.000A/OFF
9951,2026-06-03 13:04:55,29.5125,12.00,0.000,0.000,A,#1,HOLDING,0.149A/A
9952,2026-06-03 13:04:57,29.6125,12.00,0.000,0.000,A,#1,HOLDING,0.186A/A
9953,2026-06-03 13:04:58,29.6125,12.00,0.000,0.000,A,#1,HOLDING,0.222A/A
9954,2026-06-03 13:05:00,29.7125,12.00,0.000,0.000,A,#1,HOLDING,0.259A/A
9955,2026-06-03 13:05:02,29.7750,1.69,0.000,0.000,A,#1,HOLDING,0.304A/A
9956,2026-06-03 13:05:04,29.8000,1.69,0.304,0.684,A,#1,HOLDING,0.356A/A
9957,2026-06-03 13:05:06,29.8500,1.69,0.304,0.684,A,#1,HOLDING,0.415A/A
9958,2026-06-03 13:05:08,29.8750,1.69,0.304,0.684,A,#1,HOLDING,0.457A/A
9959,2026-06-03 13:05:10,29.8750,3.53,0.304,0.684,A,#1,HOLDING,0.505A/A
9960,2026-06-03 13:05:11,29.8500,3.53,0.479,2.060,A,#1,HOLDING,0.547A/A
9961,2026-06-03 13:05:14,29.8375,3.53,0.479,2.060,A,#1,HOLDING,0.606A/A
9962,2026-06-03 13:05:15,29.8125,3.53,0.479,2.060,A,#1,HOLDING,0.644A/A
9963,2026-06-03 13:05:17,29.7500,5.20,0.479,2.060,A,#1,HOLDING,0.684A/A
9964,2026-06-03 13:05:19,29.7000,5.20,0.662,3.905,A,#1,HOLDING,0.722A/A
9965,2026-06-03 13:05:21,29.5875,5.20,0.662,3.905,A,#1,HOLDING,0.762A/A
9966,2026-06-03 13:05:23,29.5125,5.20,0.662,3.905,A,#1,HOLDING,0.788A/A
9967,2026-06-03 13:05:25,29.4500,6.54,0.662,3.905,A,#1,HOLDING,0.772A/A
9968,2026-06-03 13:05:27,29.3000,6.54,0.772,5.110,A,#1,HOLDING,0.795A/A
9969,2026-06-03 13:05:29,29.1750,6.54,0.772,5.110,A,#1,HOLDING,0.826A/A
9970,2026-06-03 13:05:31,29.0500,6.54,0.772,5.110,A,#1,HOLDING,0.837A/A
9971,2026-06-03 13:05:33,28.9500,7.16,0.772,5.110,A,#1,HOLDING,0.859A/A
9972,2026-06-03 13:05:34,28.8000,7.16,0.846,6.348,A,#1,HOLDING,0.865A/A
9973,2026-06-03 13:05:37,28.6125,7.16,0.846,6.348,A,#1,HOLDING,0.871A/A
9974,2026-06-03 13:05:38,28.4875,7.16,0.846,6.348,A,#1,HOLDING,0.867A/A
9975,2026-06-03 13:05:40,28.2875,7.47,0.846,6.348,A,#1,HOLDING,0.854A/A
9976,2026-06-03 13:05:42,28.1125,7.47,0.854,6.413,A,#1,HOLDING,0.836A/A
9977,2026-06-03 13:05:44,27.9500,7.47,0.854,6.413,A,#1,HOLDING,0.811A/A
9978,2026-06-03 13:05:46,27.7500,7.47,0.854,6.413,A,#1,HOLDING,0.783A/A
9979,2026-06-03 13:05:48,27.5750,6.97,0.854,6.413,A,#1,HOLDING,0.748A/A
9980,2026-06-03 13:05:50,27.3750,6.97,0.762,5.108,A,#1,HOLDING,0.642A/A
9981,2026-06-03 13:05:52,27.2000,6.97,0.762,5.108,A,#1,HOLDING,0.581A/A
9982,2026-06-03 13:05:54,27.0000,6.97,0.762,5.108,A,#1,HOLDING,0.516A/A
9983,2026-06-03 13:05:56,26.8500,4.97,0.762,5.108,A,#1,HOLDING,0.452A/A
9984,2026-06-03 13:05:57,26.6750,4.97,0.482,2.056,A,#1,HOLDING,0.371A/A
9985,2026-06-03 13:06:00,26.4750,4.97,0.482,2.056,A,#1,HOLDING,0.272A/A
9986,2026-06-03 13:06:01,26.2750,4.97,0.482,2.056,A,#1,HOLDING,0.181A/A
9987,2026-06-03 13:06:03,26.1375,4.97,0.482,2.056,OFF,#1,HOLDING,0.000A/OFF
9988,2026-06-03 13:06:04,25.9375,2.37,0.482,2.056,OFF,#1,HOLDING,0.000A/OFF
9989,2026-06-03 13:06:05,25.9375,2.37,0.181,2.056,OFF,#1,HOLDING,0.000A/OFF
9990,2026-06-03 13:06:06,25.7875,2.37,0.181,0.000,B,#1,HOLDING,0.102A/B
9991,2026-06-03 13:06:08,25.6125,2.37,0.181,0.000,B,#1,HOLDING,0.188A/B
9992,2026-06-03 13:06:10,25.6125,2.37,0.181,0.000,B,#1,HOLDING,0.277A/B
9993,2026-06-03 13:06:11,25.4625,2.23,0.181,0.000,B,#1,HOLDING,0.342A/B
9994,2026-06-03 13:06:13,25.3625,2.23,0.307,0.991,B,#1,HOLDING,0.461A/B
9995,2026-06-03 13:06:15,25.0500,2.23,0.307,0.991,B,#1,HOLDING,0.651A/B
9996,2026-06-03 13:06:17,25.0500,2.23,0.307,0.991,B,#1,HOLDING,0.755A/B
9997,2026-06-03 13:06:19,24.9625,6.23,0.307,0.991,B,#1,HOLDING,0.891A/B
9998,2026-06-03 13:06:21,24.8625,6.23,0.820,6.602,B,#1,HOLDING,1.000A/B
9999,2026-06-03 13:06:23,24.7250,6.23,0.820,6.602,B,#1,HOLDING,1.035A/B
10000,2026-06-03 13:06:25,24.7250,6.23,0.820,6.602,B,#1,HOLDING,1.000A/B
10001,2026-06-03 13:06:26,24.6625,8.35,0.820,6.602,B,#1,HOLDING,1.000A/B
10002,2026-06-03 13:06:28,24.6375,8.35,1.000,8.490,B,#1,HOLDING,1.151A/B
10003,2026-06-03 13:06:31,24.6000,8.35,1.000,8.490,B,#1,HOLDING,1.000A/B
10004,2026-06-03 13:06:32,24.6250,8.35,1.000,8.490,B,#1,HOLDING,1.335A/B
10005,2026-06-03 13:06:34,24.6250,10.81,1.000,8.490,B,#1,HOLDING,1.477A/B
10006,2026-06-03 13:06:36,24.6750,10.81,1.404,17.605,B,#1,HOLDING,1.614A/B
10007,2026-06-03 13:06:38,24.7250,10.81,1.404,17.605,B,#1,HOLDING,1.500A/B
10008,2026-06-03 13:06:40,24.7750,10.81,1.404,17.605,B,#1,HOLDING,1.785A/B
10009,2026-06-03 13:06:42,24.8875,12.00,1.404,17.605,B,#1,HOLDING,1.500A/B
10010,2026-06-03 13:06:44,25.0125,12.00,1.460,17.304,B,#1,HOLDING,1.903A/B
10011,2026-06-03 13:06:46,25.0875,12.00,1.460,17.304,B,#1,HOLDING,2.061A/B
10012,2026-06-03 13:06:48,25.2375,12.00,1.460,17.304,B,#1,HOLDING,1.500A/B
10013,2026-06-03 13:06:50,25.3625,12.00,1.460,17.304,B,#1,HOLDING,2.150A/B
10014,2026-06-03 13:06:51,25.5625,12.00,1.419,16.836,B,#1,HOLDING,2.000A/B
10015,2026-06-03 13:06:54,25.7375,12.00,1.419,16.836,B,#1,HOLDING,2.201A/B
10016,2026-06-03 13:06:55,25.8875,12.00,1.419,16.836,B,#1,HOLDING,1.500A/B
10017,2026-06-03 13:06:57,26.0625,12.00,1.419,16.836,B,#1,HOLDING,2.268A/B
10018,2026-06-03 13:06:59,26.2875,12.00,1.386,16.464,B,#1,HOLDING,1.000A/B
10019,2026-06-03 13:07:01,26.4875,12.00,1.386,16.464,B,#1,HOLDING,1.000A/B
10020,2026-06-03 13:07:03,26.6625,12.00,1.386,16.464,B,#1,HOLDING,2.311A/B
10021,2026-06-03 13:07:05,26.8625,12.00,1.386,16.464,B,#1,HOLDING,1.000A/B
10022,2026-06-03 13:07:07,27.0875,12.00,1.184,9.430,B,#1,HOLDING,1.500A/B
10023,2026-06-03 13:07:09,27.2750,12.00,1.184,9.430,B,#1,HOLDING,1.500A/B
10024,2026-06-03 13:07:11,27.5000,12.00,1.184,9.430,B,#1,HOLDING,2.329A/B
10025,2026-06-03 13:07:13,27.6750,12.00,1.184,9.430,B,#1,HOLDING,2.316A/B
10026,2026-06-03 13:07:14,27.9000,12.00,1.354,16.092,B,#1,HOLDING,1.000A/B
10027,2026-06-03 13:07:17,28.3375,12.00,1.354,16.092,B,#1,HOLDING,1.000A/B
10028,2026-06-03 13:07:18,28.3375,12.00,1.354,16.092,B,#1,HOLDING,2.342A/B
10029,2026-06-03 13:07:20,28.5250,12.00,1.354,16.092,B,#1,HOLDING,2.000A/B
10030,2026-06-03 13:07:22,28.7500,12.00,1.340,15.924,B,#1,HOLDING,1.500A/B
10031,2026-06-03 13:07:25,29.1875,12.00,1.340,15.924,B,#2,APPROACH,1.500A/B
10032,2026-06-03 13:07:26,29.1875,12.00,1.340,15.924,A,#2,APPROACH,0.155A/A
10033,2026-06-03 13:07:28,29.3625,12.00,1.340,15.924,A,#2,APPROACH,0.200A/A
10034,2026-06-03 13:07:30,29.5625,11.56,1.340,15.924,A,#2,APPROACH,0.274A/A
10035,2026-06-03 13:07:32,29.8000,11.56,1.010,0.408,A,#2,APPROACH,0.384A/A
10036,2026-06-03 13:07:34,30.1750,11.56,1.010,0.408,A,#2,APPROACH,0.547A/A
10037,2026-06-03 13:07:36,30.1750,11.56,1.010,0.408,A,#2,APPROACH,0.646A/A
10038,2026-06-03 13:07:38,30.2750,4.66,1.010,0.408,A,#2,APPROACH,0.786A/A
10039,2026-06-03 13:07:40,30.4125,4.66,0.716,4.755,A,#2,APPROACH,0.940A/A
10040,2026-06-03 13:07:42,30.5625,4.66,0.716,4.755,A,#2,APPROACH,1.156A/A
10041,2026-06-03 13:07:44,30.5625,4.66,0.716,4.755,A,#2,APPROACH,1.290A/A
10042,2026-06-03 13:07:46,30.5875,9.69,0.716,4.755,A,#2,APPROACH,1.000A/A
10043,2026-06-03 13:07:47,30.5625,9.69,1.143,7.940,A,#2,APPROACH,1.000A/A
10044,2026-06-03 13:07:50,30.5500,9.69,1.143,7.940,A,#2,APPROACH,1.439A/A
10045,2026-06-03 13:07:51,30.4750,9.69,1.143,7.940,A,#2,APPROACH,1.500A/A
10046,2026-06-03 13:07:53,30.4750,11.40,1.143,7.940,A,#2,APPROACH,1.566A/A
10047,2026-06-03 13:07:55,30.4000,11.40,1.531,18.564,A,#2,APPROACH,1.713A/A
10048,2026-06-03 13:07:57,30.2000,11.40,1.531,18.564,A,#2,APPROACH,1.884A/A
10049,2026-06-03 13:07:59,30.0500,11.40,1.531,18.564,A,#2,APPROACH,1.989A/A
10050,2026-06-03 13:08:01,30.0500,12.00,1.531,18.564,A,#2,APPROACH,2.000A/A
10051,2026-06-03 13:08:03,29.9125,12.00,1.520,18.048,A,#2,APPROACH,2.125A/A
10052,2026-06-03 13:08:05,29.5375,12.00,1.520,18.048,A,#2,APPROACH,1.500A/A
10053,2026-06-03 13:08:07,29.3125,12.00,1.520,18.048,A,#2,APPROACH,1.500A/A
10054,2026-06-03 13:08:09,29.3125,12.00,1.520,18.048,A,#2,APPROACH,2.240A/A
10055,2026-06-03 13:08:10,29.1000,12.00,1.484,17.628,A,#2,APPROACH,2.000A/A
10056,2026-06-03 13:08:13,28.6625,12.00,1.484,17.628,A,#2,APPROACH,1.500A/A
10057,2026-06-03 13:08:14,28.4625,12.00,1.484,17.628,A,#2,APPROACH,2.237A/A
10058,2026-06-03 13:08:16,28.4625,12.00,1.484,17.628,A,#2,APPROACH,2.340A/A
10059,2026-06-03 13:08:18,28.2000,12.00,1.456,17.316,A,#2,APPROACH,1.500A/A
10060,2026-06-03 13:08:21,27.7500,12.00,1.456,17.316,A,#2,APPROACH,1.000A/A
10061,2026-06-03 13:08:22,27.4750,12.00,1.456,17.316,A,#2,APPROACH,1.500A/A
10062,2026-06-03 13:08:24,27.4750,12.00,1.456,17.316,A,#2,APPROACH,1.500A/A
10063,2026-06-03 13:08:26,27.2250,12.00,1.437,17.112,A,#2,HOLDING,2.000A/A
10064,2026-06-03 13:08:28,26.7500,12.00,1.437,17.112,OFF,#2,HOLDING,0.000A/OFF
10065,2026-06-03 13:08:29,26.7500,12.00,1.437,17.112,OFF,#2,HOLDING,0.000A/OFF
10066,2026-06-03 13:08:30,26.5000,12.00,1.437,17.112,OFF,#2,HOLDING,0.000A/OFF
10067,2026-06-03 13:08:31,26.5000,12.00,1.437,17.112,OFF,#2,HOLDING,0.000A/OFF
10068,2026-06-03 13:08:32,26.2500,12.00,0.000,17.112,OFF,#2,HOLDING,0.000A/OFF
10069,2026-06-03 13:08:33,26.2500,12.00,0.000,17.112,OFF,#2,HOLDING,0.000A/OFF
10070,2026-06-03 13:08:34,26.0000,12.00,0.000,0.000,OFF,#2,HOLDING,0.000A/OFF
10071,2026-06-03 13:08:35,26.0000,12.00,0.000,0.000,OFF,#2,HOLDING,0.000A/OFF
10072,2026-06-03 13:08:36,25.7625,12.00,0.000,0.000,OFF,#2,HOLDING,0.000A/OFF
10073,2026-06-03 13:08:37,25.7625,12.00,0.000,0.000,OFF,#2,HOLDING,0.000A/OFF
10074,2026-06-03 13:08:38,25.5375,12.00,0.000,0.000,OFF,#2,HOLDING,0.000A/OFF
10075,2026-06-03 13:08:39,25.5375,12.00,0.000,0.000,OFF,#2,HOLDING,0.000A/OFF
10076,2026-06-03 13:08:40,25.3375,12.00,0.000,0.000,B,#2,HOLDING,0.124A/B
10077,2026-06-03 13:08:42,25.1625,12.00,0.000,0.000,B,#2,HOLDING,0.196A/B
10078,2026-06-03 13:08:43,25.0125,12.00,0.000,0.000,B,#2,HOLDING,0.263A/B
10079,2026-06-03 13:08:45,24.8625,1.83,0.000,0.000,B,#2,HOLDING,0.304A/B
10080,2026-06-03 13:08:47,24.7625,1.83,0.282,0.705,B,#2,HOLDING,0.355A/B
10081,2026-06-03 13:08:50,24.6375,1.83,0.282,0.705,B,#2,HOLDING,0.432A/B
10082,2026-06-03 13:08:51,24.5500,1.83,0.282,0.705,B,#2,HOLDING,0.488A/B
10083,2026-06-03 13:08:53,24.4500,3.90,0.282,0.705,B,#2,HOLDING,0.562A/B
10084,2026-06-03 13:08:55,24.3750,3.90,0.523,2.607,B,#2,HOLDING,0.635A/B
10085,2026-06-03 13:08:57,24.3250,3.90,0.523,2.607,B,#2,HOLDING,0.726A/B
10086,2026-06-03 13:08:59,24.2750,3.90,0.523,2.607,B,#2,HOLDING,0.788A/B
10087,2026-06-03 13:09:01,24.2500,6.45,0.523,2.607,B,#2,HOLDING,0.861A/B
10088,2026-06-03 13:09:03,24.2500,6.45,0.822,6.173,B,#2,HOLDING,0.933A/B
10089,2026-06-03 13:09:05,24.2000,6.45,0.822,6.173,B,#2,HOLDING,1.000A/B
10090,2026-06-03 13:09:07,24.2250,6.45,0.822,6.173,B,#2,HOLDING,1.027A/B
10091,2026-06-03 13:09:08,24.2500,8.44,0.822,6.173,B,#2,HOLDING,1.099A/B
10092,2026-06-03 13:09:10,24.2625,8.44,1.060,10.044,B,#2,HOLDING,1.000A/B
10093,2026-06-03 13:09:13,24.3125,8.44,1.060,10.044,B,#2,HOLDING,1.165A/B
10094,2026-06-03 13:09:14,24.3750,8.44,1.060,10.044,B,#2,HOLDING,1.219A/B
10095,2026-06-03 13:09:16,24.4500,10.01,1.060,10.044,B,#2,HOLDING,1.277A/B
10096,2026-06-03 13:09:18,24.5375,10.01,1.277,13.574,B,#2,HOLDING,1.333A/B
10097,2026-06-03 13:09:20,24.6125,10.01,1.277,13.574,B,#2,HOLDING,1.411A/B
10098,2026-06-03 13:09:22,24.7000,10.01,1.277,13.574,B,#2,HOLDING,1.456A/B
10099,2026-06-03 13:09:24,24.8250,11.86,1.277,13.574,B,#2,HOLDING,1.501A/B
10100,2026-06-03 13:09:26,24.9875,11.86,1.454,17.256,B,#2,HOLDING,1.531A/B
10101,2026-06-03 13:09:28,25.1125,11.86,1.454,17.256,B,#2,HOLDING,1.582A/B
10102,2026-06-03 13:09:30,25.2375,11.86,1.454,17.256,B,#2,HOLDING,1.500A/B
10103,2026-06-03 13:09:32,25.4375,12.00,1.454,17.256,B,#2,HOLDING,1.500A/B
10104,2026-06-03 13:09:33,25.6125,12.00,1.416,16.788,B,#2,HOLDING,1.545A/B
10105,2026-06-03 13:09:36,25.7875,12.00,1.416,16.788,B,#2,HOLDING,1.500A/B
10106,2026-06-03 13:09:37,25.9625,12.00,1.416,16.788,B,#2,HOLDING,1.000A/B
10107,2026-06-03 13:09:39,26.1875,9.26,1.416,16.788,B,#2,HOLDING,1.000A/B
10108,2026-06-03 13:09:41,26.3625,9.26,1.000,9.390,B,#2,HOLDING,1.564A/B
10109,2026-06-03 13:09:43,26.5875,9.26,1.000,9.390,B,#2,HOLDING,1.500A/B
10110,2026-06-03 13:09:45,26.8000,9.26,1.000,9.390,B,#2,HOLDING,1.500A/B
10111,2026-06-03 13:09:47,27.0000,12.00,1.000,9.390,B,#2,HOLDING,1.546A/B
10112,2026-06-03 13:09:49,27.2375,12.00,1.374,16.296,B,#2,HOLDING,1.504A/B
10113,2026-06-03 13:09:51,27.4375,12.00,1.374,16.296,B,#2,HOLDING,1.000A/B
10114,2026-06-03 13:09:53,27.6125,12.00,1.374,16.296,B,#2,HOLDING,1.391A/B
10115,2026-06-03 13:09:55,27.8125,12.00,1.374,16.296,B,#2,HOLDING,1.328A/B
10116,2026-06-03 13:09:56,28.0500,12.00,1.339,15.856,B,#2,HOLDING,1.000A/B
10117,2026-06-03 13:09:59,28.2500,12.00,1.339,15.856,B,#2,HOLDING,1.236A/B
10118,2026-06-03 13:10:00,28.5000,12.00,1.339,15.856,B,#2,HOLDING,1.142A/B
10119,2026-06-03 13:10:02,28.7000,10.54,1.339,15.856,B,#2,HOLDING,1.046A/B
10120,2026-06-03 13:10:04,28.9250,10.54,1.092,10.439,B,#2,HOLDING,0.930A/B
10121,2026-06-03 13:10:06,29.1250,10.54,1.092,10.439,B,#2,HOLDING,0.799A/B
10122,2026-06-03 13:10:08,29.3000,10.54,1.092,10.439,B,#2,HOLDING,0.693A/B
10123,2026-06-03 13:10:10,29.5000,7.26,1.092,10.439,B,#2,HOLDING,0.611A/B
10124,2026-06-03 13:10:12,29.7375,7.26,0.649,4.087,B,#2,HOLDING,0.469A/B
10125,2026-06-03 13:10:14,29.9125,7.26,0.649,4.087,B,#2,HOLDING,0.290A/B
10126,2026-06-03 13:10:16,30.1000,7.26,0.649,4.087,B,#2,HOLDING,0.158A/B
10127,2026-06-03 13:10:18,30.2500,7.26,0.649,4.087,OFF,#2,HOLDING,0.000A/OFF
10128,2026-06-03 13:10:19,30.2500,2.83,0.649,4.087,OFF,#2,HOLDING,0.000A/OFF
10129,2026-06-03 13:10:20,30.4500,2.83,0.155,0.000,A,#2,HOLDING,0.167A/A
10130,2026-06-03 13:10:22,30.6250,2.83,0.155,0.000,A,#2,HOLDING,0.343A/A
10131,2026-06-03 13:10:23,30.6250,2.83,0.155,0.000,A,#2,HOLDING,0.482A/A
10132,2026-06-03 13:10:25,30.7375,3.08,0.155,0.000,A,#2,HOLDING,0.643A/A
10133,2026-06-03 13:10:27,30.8875,3.08,0.632,3.009,A,#2,HOLDING,0.820A/A
10134,2026-06-03 13:10:29,31.0500,3.08,0.632,3.009,A,#2,HOLDING,1.057A/A
10135,2026-06-03 13:10:31,31.0500,3.08,0.632,3.009,A,#2,HOLDING,1.206A/A
10136,2026-06-03 13:10:33,31.1000,8.94,0.632,3.009,A,#2,HOLDING,1.000A/A
10137,2026-06-03 13:10:35,31.1250,8.94,1.013,7.850,A,#2,HOLDING,1.383A/A
10138,2026-06-03 13:10:37,31.1250,8.94,1.013,7.850,A,#2,HOLDING,1.500A/A
10139,2026-06-03 13:10:39,31.1250,8.94,1.013,7.850,A,#2,HOLDING,1.612A/A
10140,2026-06-03 13:10:40,30.9875,12.00,1.013,7.850,A,#2,HOLDING,1.500A/A
10141,2026-06-03 13:10:42,30.9875,12.00,1.500,17.370,A,#2,HOLDING,1.000A/A
10142,2026-06-03 13:10:45,30.7625,12.00,1.500,17.370,A,#2,HOLDING,1.000A/A
10143,2026-06-03 13:10:46,30.7625,12.00,1.500,17.370,A,#2,HOLDING,1.761A/A
10144,2026-06-03 13:10:48,30.4625,12.00,1.500,17.370,A,#2,HOLDING,1.892A/A
10145,2026-06-03 13:10:50,30.4625,12.00,1.533,18.180,A,#2,HOLDING,2.051A/A
10146,2026-06-03 13:10:52,30.1125,12.00,1.533,18.180,A,#2,HOLDING,1.500A/A
10147,2026-06-03 13:10:54,30.1125,12.00,1.533,18.180,A,#2,HOLDING,1.500A/A
10148,2026-06-03 13:10:56,29.6875,11.90,1.533,18.180,A,#2,HOLDING,1.500A/A
10149,2026-06-03 13:10:58,29.6875,11.90,1.490,17.700,A,#2,HOLDING,1.000A/A
10150,2026-06-03 13:11:00,29.2625,11.90,1.490,17.700,A,#2,HOLDING,1.500A/A
10151,2026-06-03 13:11:02,29.0375,11.90,1.490,17.700,A,#2,HOLDING,2.105A/A
10152,2026-06-03 13:11:03,28.7875,12.00,1.490,17.700,A,#2,HOLDING,2.159A/A
10153,2026-06-03 13:11:05,28.7875,12.00,1.467,17.436,A,#2,HOLDING,1.500A/A
10154,2026-06-03 13:11:08,28.2875,12.00,1.467,17.436,A,#2,HOLDING,2.249A/A
10155,2026-06-03 13:11:09,28.0625,12.00,1.467,17.436,A,#2,HOLDING,1.500A/A
10156,2026-06-03 13:11:11,27.7875,12.00,1.467,17.436,A,#2,HOLDING,1.500A/A
10157,2026-06-03 13:11:13,27.7875,12.00,1.444,17.172,A,#2,HOLDING,2.000A/A
10158,2026-06-03 13:11:15,27.2875,12.00,1.444,17.172,A,#2,HOLDING,2.209A/A
10159,2026-06-03 13:11:17,27.0250,12.00,1.444,17.172,A,#2,HOLDING,2.231A/A
10160,2026-06-03 13:11:19,26.7500,12.00,1.444,17.172,A,#2,HOLDING,2.223A/A
10161,2026-06-03 13:11:21,26.7500,12.00,1.427,16.968,A,#2,HOLDING,1.500A/A
10162,2026-06-03 13:11:23,26.2500,12.00,1.427,16.968,A,#2,HOLDING,1.500A/A
10163,2026-06-03 13:11:25,26.0000,12.00,1.427,16.968,A,#2,HOLDING,2.266A/A
10164,2026-06-03 13:11:26,25.7500,12.00,1.427,16.968,A,#2,HOLDING,1.500A/A
10165,2026-06-03 13:11:28,25.7500,12.00,1.417,16.848,A,#2,HOLDING,2.258A/A
10166,2026-06-03 13:11:31,25.2500,12.00,1.417,16.848,A,#2,HOLDING,1.000A/A
10167,2026-06-03 13:11:32,25.0000,12.00,1.417,16.848,A,#2,HOLDING,2.000A/A
10168,2026-06-03 13:11:34,24.7250,12.00,1.417,16.848,A,#2,HOLDING,1.000A/A
10169,2026-06-03 13:11:36,24.7250,12.00,1.016,9.190,A,#2,HOLDING,2.122A/A
10170,2026-06-03 13:11:38,24.2500,12.00,1.016,9.190,A,#2,HOLDING,1.000A/A
10171,2026-06-03 13:11:40,24.0125,12.00,1.016,9.190,A,#2,HOLDING,1.000A/A
10172,2026-06-03 13:11:42,23.7875,9.08,1.016,9.190,A,#2,HOLDING,1.940A/A
10173,2026-06-03 13:11:44,23.7875,9.08,1.416,16.872,A,#2,HOLDING,1.889A/A
10174,2026-06-03 13:11:46,23.3125,9.08,1.416,16.872,A,#2,HOLDING,1.710A/A
10175,2026-06-03 13:11:48,23.1250,9.08,1.416,16.872,A,#2,HOLDING,1.500A/A
10176,2026-06-03 13:11:50,22.9000,12.00,1.416,16.872,A,#2,HOLDING,1.623A/A
10177,2026-06-03 13:11:51,22.9000,12.00,1.412,16.836,A,#2,HOLDING,1.000A/A
10178,2026-06-03 13:11:54,22.4625,12.00,1.412,16.836,A,#2,HOLDING,1.481A/A
10179,2026-06-03 13:11:55,22.2625,12.00,1.412,16.836,A,#2,HOLDING,1.337A/A
10180,2026-06-03 13:11:57,22.0625,11.39,1.412,16.836,A,#2,HOLDING,1.154A/A
10181,2026-06-03 13:11:59,22.0625,11.39,1.154,11.886,A,#2,HOLDING,1.001A/A
10182,2026-06-03 13:12:01,21.6875,11.39,1.154,11.886,A,#2,HOLDING,0.758A/A
10183,2026-06-03 13:12:03,21.6875,11.39,1.154,11.886,A,#2,HOLDING,0.633A/A
10184,2026-06-03 13:12:05,21.3125,6.43,1.154,11.886,A,#2,HOLDING,0.414A/A
10185,2026-06-03 13:12:07,21.3125,6.43,0.414,1.983,A,#2,HOLDING,0.239A/A
10186,2026-06-03 13:12:09,20.9625,6.43,0.414,1.983,OFF,#2,HOLDING,0.000A/OFF
10187,2026-06-03 13:12:10,20.9625,6.43,0.414,1.983,OFF,#2,HOLDING,0.140A/B
10188,2026-06-03 13:12:12,20.7750,6.43,0.414,1.983,B,#2,HOLDING,0.362A/B
10189,2026-06-03 13:12:14,20.6750,12.00,0.362,1.983,B,#2,HOLDING,0.547A/B
10190,2026-06-03 13:12:16,20.5250,12.00,0.362,2.067,B,#2,HOLDING,0.785A/B
10191,2026-06-03 13:12:17,20.4250,12.00,0.362,2.067,B,#2,HOLDING,0.958A/B
10192,2026-06-03 13:12:19,20.3375,12.00,0.362,2.067,B,#2,HOLDING,1.163A/B
10193,2026-06-03 13:12:21,20.2875,8.58,0.362,2.067,B,#2,HOLDING,1.390A/B
10194,2026-06-03 13:12:22,20.2500,8.58,1.312,14.469,B,#2,HOLDING,1.596A/B
10195,2026-06-03 13:12:25,20.2250,8.58,1.312,14.469,B,#2,HOLDING,1.878A/B
10196,2026-06-03 13:12:26,20.2250,8.58,1.312,14.469,B,#2,HOLDING,2.000A/B
10197,2026-06-03 13:12:28,20.2750,12.00,1.312,14.469,B,#2,HOLDING,1.000A/B
10198,2026-06-03 13:12:30,20.3625,12.00,1.132,8.270,B,#2,HOLDING,1.500A/B
10199,2026-06-03 13:12:32,20.4625,12.00,1.132,8.270,B,#2,HOLDING,1.500A/B
10200,2026-06-03 13:12:34,20.6000,12.00,1.132,8.270,B,#2,HOLDING,2.033A/B
10201,2026-06-03 13:12:36,20.7500,12.00,1.132,8.270,B,#2,HOLDING,1.000A/B
10202,2026-06-03 13:12:38,20.7500,12.00,1.054,8.570,B,#2,HOLDING,1.000A/B
10203,2026-06-03 13:12:40,21.0750,12.00,1.054,8.570,B,#2,HOLDING,1.500A/B
10204,2026-06-03 13:12:42,21.2375,12.00,1.054,8.570,B,#2,HOLDING,1.500A/B
10205,2026-06-03 13:12:44,21.4625,11.89,1.054,8.570,B,#2,HOLDING,2.180A/B
10206,2026-06-03 13:12:45,21.4625,11.89,1.493,17.688,B,#2,HOLDING,1.500A/B
10207,2026-06-03 13:12:48,21.8750,11.89,1.493,17.688,B,#2,HOLDING,2.342A/B
10208,2026-06-03 13:12:49,22.0625,11.89,1.493,17.688,B,#2,HOLDING,2.468A/B
10209,2026-06-03 13:12:51,22.3375,12.00,1.493,17.688,B,#2,HOLDING,2.591A/B
10210,2026-06-03 13:12:53,22.3375,12.00,1.445,17.124,B,#2,HOLDING,2.000A/B
10211,2026-06-03 13:12:56,22.8125,12.00,1.445,17.124,B,#2,HOLDING,2.500A/B
10212,2026-06-03 13:12:57,23.0375,12.00,1.445,17.124,B,#2,HOLDING,2.707A/B
10213,2026-06-03 13:12:59,23.3125,12.00,1.445,17.124,B,#2,HOLDING,2.725A/B
10214,2026-06-03 13:13:01,23.3125,12.00,1.406,16.692,B,#2,HOLDING,2.876A/B
10215,2026-06-03 13:13:03,23.8375,12.00,1.406,16.692,B,#2,HOLDING,2.000A/B
10216,2026-06-03 13:13:05,24.1000,12.00,1.406,16.692,B,#2,HOLDING,2.500A/B
10217,2026-06-03 13:13:07,24.4000,12.00,1.406,16.692,B,#2,HOLDING,1.000A/B
10218,2026-06-03 13:13:08,24.4000,12.00,1.030,9.420,B,#2,HOLDING,2.500A/B
10219,2026-06-03 13:13:11,24.9250,12.00,1.030,9.420,B,#2,HOLDING,1.500A/B
10220,2026-06-03 13:13:12,25.1875,12.00,1.030,9.420,B,#2,HOLDING,1.500A/B
10221,2026-06-03 13:13:14,25.4625,12.00,1.030,9.420,B,#2,HOLDING,2.000A/B
10222,2026-06-03 13:13:16,25.4625,12.00,1.366,16.224,B,#2,HOLDING,2.500A/B
10223,2026-06-03 13:13:19,26.0250,12.00,1.366,16.224,B,#2,HOLDING,2.837A/B
10224,2026-06-03 13:13:20,26.2750,12.00,1.366,16.224,B,#2,HOLDING,1.500A/B
10225,2026-06-03 13:13:22,26.5500,12.00,1.366,16.224,B,#2,HOLDING,2.500A/B
10226,2026-06-03 13:13:24,26.5500,12.00,1.347,16.008,B,#3,APPROACH,2.000A/B
10227,2026-06-03 13:13:26,27.1125,12.00,1.347,16.008,A,#3,APPROACH,0.214A/A
10228,2026-06-03 13:13:28,27.4000,12.00,1.347,16.008,A,#3,APPROACH,0.317A/A
10229,2026-06-03 13:13:30,27.6500,12.00,1.347,16.008,A,#3,APPROACH,0.437A/A
10230,2026-06-03 13:13:33,27.9375,7.43,0.437,16.008,A,#3,APPROACH,0.597A/A
10231,2026-06-03 13:13:34,28.1875,7.43,0.437,2.453,A,#3,APPROACH,0.749A/A
10232,2026-06-03 13:13:36,28.4000,7.43,0.437,2.453,A,#3,APPROACH,0.898A/A
10233,2026-06-03 13:13:38,28.6250,7.43,0.437,2.453,A,#3,APPROACH,1.000A/A
10234,2026-06-03 13:13:40,28.7375,7.36,0.437,2.453,A,#3,APPROACH,1.066A/A
10235,2026-06-03 13:13:41,28.8875,7.36,1.066,8.645,A,#3,APPROACH,1.258A/A
10236,2026-06-03 13:13:44,29.0125,7.36,1.066,8.645,A,#3,APPROACH,1.505A/A
10237,2026-06-03 13:13:45,29.0875,7.36,1.066,8.645,A,#3,APPROACH,1.500A/A
10238,2026-06-03 13:13:47,29.1250,11.13,1.066,8.645,A,#3,APPROACH,1.673A/A
10239,2026-06-03 13:13:49,29.1500,11.13,1.600,18.996,A,#3,APPROACH,1.870A/A
10240,2026-06-03 13:13:51,29.1750,11.13,1.600,18.996,A,#3,APPROACH,1.500A/A
10241,2026-06-03 13:13:53,29.1250,11.13,1.600,18.996,A,#3,APPROACH,2.000A/A
10242,2026-06-03 13:13:55,29.0875,12.00,1.600,18.996,A,#3,APPROACH,2.000A/A
10243,2026-06-03 13:13:57,28.9875,12.00,1.548,18.348,A,#3,APPROACH,1.500A/A
10244,2026-06-03 13:13:59,28.9000,12.00,1.548,18.348,A,#3,APPROACH,2.000A/A
10245,2026-06-03 13:14:01,28.8000,12.00,1.548,18.348,A,#3,APPROACH,2.092A/A
10246,2026-06-03 13:14:03,28.6625,12.00,1.548,18.348,A,#3,APPROACH,1.000A/A
10247,2026-06-03 13:14:04,28.5125,12.00,1.262,8.630,A,#3,APPROACH,2.254A/A
10248,2026-06-03 13:14:07,28.3625,12.00,1.262,8.630,A,#3,APPROACH,2.463A/A
10249,2026-06-03 13:14:08,28.1875,12.00,1.262,8.630,A,#3,APPROACH,2.590A/A
10250,2026-06-03 13:14:10,28.0000,12.00,1.262,8.630,A,#3,APPROACH,2.737A/A
10251,2026-06-03 13:14:12,27.8000,12.00,1.483,17.580,A,#3,APPROACH,1.500A/A
10252,2026-06-03 13:14:15,27.6000,12.00,1.483,17.580,A,#3,APPROACH,1.000A/A
10253,2026-06-03 13:14:16,27.4250,12.00,1.483,17.580,A,#3,APPROACH,1.000A/A
10254,2026-06-03 13:14:18,27.2000,8.85,1.483,17.580,A,#3,APPROACH,1.000A/A
10255,2026-06-03 13:14:20,27.0000,8.85,1.000,8.970,A,#3,APPROACH,1.500A/A
10256,2026-06-03 13:14:22,26.7875,8.85,1.000,8.970,A,#3,APPROACH,2.778A/A
10257,2026-06-03 13:14:24,26.5625,8.85,1.000,8.970,A,#3,APPROACH,2.500A/A
10258,2026-06-03 13:14:26,26.3750,12.00,1.000,8.970,A,#3,APPROACH,2.846A/A
10259,2026-06-03 13:14:28,26.1250,12.00,1.453,17.268,A,#3,APPROACH,2.910A/A
10260,2026-06-03 13:14:30,25.9500,12.00,1.453,17.268,A,#3,APPROACH,2.000A/A
10261,2026-06-03 13:14:32,25.7500,12.00,1.453,17.268,A,#3,APPROACH,2.500A/A
10262,2026-06-03 13:14:33,25.5125,12.00,1.453,17.268,A,#3,APPROACH,2.000A/A
10263,2026-06-03 13:14:35,25.3125,12.00,1.432,17.016,A,#3,APPROACH,1.500A/A
10264,2026-06-03 13:14:38,25.0750,12.00,1.432,17.016,A,#3,APPROACH,2.500A/A
10265,2026-06-03 13:14:39,24.8500,12.00,1.432,17.016,A,#3,APPROACH,2.500A/A
10266,2026-06-03 13:14:41,24.6375,12.00,1.432,17.016,A,#3,HOLDING,1.000A/A
10267,2026-06-03 13:14:43,24.3875,12.00,1.222,17.016,OFF,#3,HOLDING,0.000A/OFF
10268,2026-06-03 13:14:44,24.3875,12.00,1.222,9.202,OFF,#3,HOLDING,0.000A/OFF
10269,2026-06-03 13:14:45,24.1875,12.00,1.222,9.202,OFF,#3,HOLDING,0.000A/OFF
10270,2026-06-03 13:14:46,24.1875,12.00,1.222,9.202,OFF,#3,HOLDING,0.000A/OFF
10271,2026-06-03 13:14:47,23.9375,12.00,1.222,9.202,OFF,#3,HOLDING,0.000A/OFF
10272,2026-06-03 13:14:48,23.9375,12.00,1.222,9.202,OFF,#3,HOLDING,0.000A/OFF
10273,2026-06-03 13:14:49,23.7500,12.00,1.222,9.202,OFF,#3,HOLDING,0.000A/OFF
10274,2026-06-03 13:14:50,23.7500,12.00,0.000,9.202,OFF,#3,HOLDING,0.000A/OFF
10275,2026-06-03 13:14:51,23.5500,12.00,0.000,0.000,OFF,#3,HOLDING,0.000A/OFF
10276,2026-06-03 13:14:52,23.5500,12.00,0.000,0.000,OFF,#3,HOLDING,0.000A/OFF
10277,2026-06-03 13:14:53,23.4000,12.00,0.000,0.000,OFF,#3,HOLDING,0.000A/OFF
10278,2026-06-03 13:14:54,23.4000,12.00,0.000,0.000,OFF,#3,HOLDING,0.000A/OFF
10279,2026-06-03 13:14:55,23.2500,12.00,0.000,0.000,OFF,#3,HOLDING,0.000A/OFF
10280,2026-06-03 13:14:56,23.2500,12.00,0.000,0.000,OFF,#3,HOLDING,0.000A/OFF
10281,2026-06-03 13:14:57,23.1125,12.00,0.000,0.000,OFF,#3,HOLDING,0.000A/OFF
10282,2026-06-03 13:14:58,23.0125,12.00,0.000,0.000,OFF,#3,HOLDING,0.000A/OFF
10283,2026-06-03 13:14:59,23.0125,12.00,0.000,0.000,OFF,#3,HOLDING,0.000A/OFF
10284,2026-06-03 13:15:00,22.9000,12.00,0.000,0.000,OFF,#3,HOLDING,0.000A/OFF
10285,2026-06-03 13:15:01,22.9000,12.00,0.000,0.000,OFF,#3,HOLDING,0.000A/OFF
10286,2026-06-03 13:15:02,22.8250,12.00,0.000,0.000,B,#3,HOLDING,0.131A/B
10287,2026-06-03 13:15:04,22.8250,12.00,0.000,0.095,B,#3,HOLDING,0.142A/B
10288,2026-06-03 13:15:05,22.7125,12.00,0.000,0.095,B,#3,HOLDING,0.245A/B
10289,2026-06-03 13:15:07,22.6625,12.00,0.000,0.095,B,#3,HOLDING,0.276A/B
10290,2026-06-03 13:15:09,22.5875,2.01,0.000,0.095,B,#3,HOLDING,0.332A/B
10291,2026-06-03 13:15:11,22.5375,2.01,0.332,0.879,B,#3,HOLDING,0.374A/B
10292,2026-06-03 13:15:13,22.5000,2.01,0.332,0.879,B,#3,HOLDING,0.435A/B
10293,2026-06-03 13:15:15,22.4750,2.01,0.332,0.879,B,#3,HOLDING,0.474A/B
10294,2026-06-03 13:15:16,22.4375,3.83,0.332,0.879,B,#3,HOLDING,0.525A/B
10295,2026-06-03 13:15:18,22.4375,3.83,0.525,2.336,B,#3,HOLDING,0.573A/B
10296,2026-06-03 13:15:21,22.4125,3.83,0.525,2.336,B,#3,HOLDING,0.639A/B
10297,2026-06-03 13:15:22,22.4375,3.83,0.525,2.336,B,#3,HOLDING,0.675A/B
10298,2026-06-03 13:15:24,22.4375,5.58,0.525,2.336,B,#3,HOLDING,0.725A/B
10299,2026-06-03 13:15:26,22.4625,5.58,0.725,4.487,B,#3,HOLDING,0.769A/B
10300,2026-06-03 13:15:28,22.5000,5.58,0.725,4.487,B,#3,HOLDING,0.829A/B
10301,2026-06-03 13:15:30,22.5250,5.58,0.725,4.487,B,#3,HOLDING,0.866A/B
10302,2026-06-03 13:15:32,22.6000,7.20,0.725,4.487,B,#3,HOLDING,0.902A/B
10303,2026-06-03 13:15:34,22.6750,7.20,0.902,6.963,B,#3,HOLDING,0.935A/B
10304,2026-06-03 13:15:36,22.7500,7.20,0.902,6.963,B,#3,HOLDING,0.979A/B
10305,2026-06-03 13:15:38,22.8500,7.20,0.902,6.963,B,#3,HOLDING,0.953A/B
10306,2026-06-03 13:15:40,22.9125,8.08,0.902,6.963,B,#3,HOLDING,0.987A/B
10307,2026-06-03 13:15:41,23.0125,8.08,0.987,8.419,B,#3,HOLDING,1.013A/B
10308,2026-06-03 13:15:44,23.1125,8.08,0.987,8.419,B,#3,HOLDING,1.049A/B
10309,2026-06-03 13:15:45,23.2625,8.08,0.987,8.419,B,#3,HOLDING,1.056A/B
10310,2026-06-03 13:15:47,23.3625,8.98,0.987,8.419,B,#3,HOLDING,1.000A/B
10311,2026-06-03 13:15:49,23.5125,8.98,1.000,8.800,B,#3,HOLDING,1.066A/B
10312,2026-06-03 13:15:51,23.6125,8.98,1.000,8.800,B,#3,HOLDING,1.000A/B
10313,2026-06-03 13:15:53,23.7625,8.98,1.000,8.800,B,#3,HOLDING,1.078A/B
10314,2026-06-03 13:15:55,23.9250,9.37,1.000,8.800,B,#3,HOLDING,1.072A/B
10315,2026-06-03 13:15:57,24.0750,9.37,1.072,10.141,B,#3,HOLDING,1.055A/B
10316,2026-06-03 13:15:59,24.2375,9.37,1.072,10.141,B,#3,HOLDING,1.000A/B
10317,2026-06-03 13:16:01,24.3875,9.37,1.072,10.141,B,#3,HOLDING,1.036A/B
10318,2026-06-03 13:16:03,24.5500,9.22,1.072,10.141,B,#3,HOLDING,1.006A/B
10319,2026-06-03 13:16:04,24.7500,9.22,1.006,9.184,B,#3,HOLDING,0.963A/B
10320,2026-06-03 13:16:07,24.8625,9.22,1.006,9.184,B,#3,HOLDING,0.867A/B
10321,2026-06-03 13:16:08,25.0625,9.22,1.006,9.184,B,#3,HOLDING,0.810A/B
10322,2026-06-03 13:16:10,25.2375,7.59,1.006,9.184,B,#3,HOLDING,0.749A/B
10323,2026-06-03 13:16:12,25.4125,7.59,0.749,5.490,B,#3,HOLDING,0.671A/B
10324,2026-06-03 13:16:15,25.6000,7.59,0.749,5.490,B,#3,HOLDING,0.584A/B
10325,2026-06-03 13:16:16,25.7500,7.59,0.749,5.490,B,#3,HOLDING,0.514A/B
10326,2026-06-03 13:16:18,25.9500,5.38,0.749,5.490,B,#3,HOLDING,0.421A/B
10327,2026-06-03 13:16:20,26.1000,5.38,0.435,2.016,B,#3,HOLDING,0.327A/B
10328,2026-06-03 13:16:22,26.2625,5.38,0.435,2.016,B,#3,HOLDING,0.206A/B
10329,2026-06-03 13:16:24,26.4125,5.38,0.435,2.016,B,#3,HOLDING,0.117A/B
10330,2026-06-03 13:16:26,26.5750,5.38,0.435,2.016,OFF,#3,HOLDING,0.000A/OFF
10331,2026-06-03 13:16:27,26.7000,2.08,0.435,2.016,OFF,#3,HOLDING,0.000A/OFF
10332,2026-06-03 13:16:28,26.7000,2.08,0.117,0.526,A,#3,HOLDING,0.111A/A
10333,2026-06-03 13:16:30,26.8625,2.08,0.117,0.526,A,#3,HOLDING,0.207A/A
10334,2026-06-03 13:16:31,26.9875,2.08,0.117,0.526,A,#3,HOLDING,0.313A/A
10335,2026-06-03 13:16:33,27.0750,2.10,0.117,0.526,A,#3,HOLDING,0.442A/A
10336,2026-06-03 13:16:35,27.1500,2.10,0.442,1.489,A,#3,HOLDING,0.568A/A
10337,2026-06-03 13:16:37,27.2250,2.10,0.442,1.489,A,#3,HOLDING,0.732A/A
10338,2026-06-03 13:16:39,27.2750,2.10,0.442,1.489,A,#3,HOLDING,0.846A/A
10339,2026-06-03 13:16:41,27.3125,6.60,0.442,1.489,A,#3,HOLDING,0.975A/A
10340,2026-06-03 13:16:43,27.3125,6.60,0.975,7.585,A,#3,HOLDING,1.103A/A
10341,2026-06-03 13:16:45,27.3375,6.60,0.975,7.585,A,#3,HOLDING,1.000A/A
10342,2026-06-03 13:16:47,27.3125,6.60,0.975,7.585,A,#3,HOLDING,1.000A/A
10343,2026-06-03 13:16:48,27.3125,8.08,0.975,7.585,A,#3,HOLDING,1.000A/A
10344,2026-06-03 13:16:50,27.2625,8.08,1.000,8.270,A,#3,HOLDING,1.000A/A
10345,2026-06-03 13:16:53,27.1875,8.08,1.000,8.270,A,#3,HOLDING,1.258A/A
10346,2026-06-03 13:16:54,27.0875,8.08,1.000,8.270,A,#3,HOLDING,1.000A/A
10347,2026-06-03 13:16:56,27.0000,8.32,1.000,8.270,A,#3,HOLDING,1.350A/A
10348,2026-06-03 13:16:58,26.9250,8.32,1.337,14.661,A,#3,HOLDING,1.461A/A
10349,2026-06-03 13:17:00,26.7750,8.32,1.337,14.661,A,#3,HOLDING,1.573A/A
10350,2026-06-03 13:17:02,26.6500,8.32,1.337,14.661,A,#3,HOLDING,1.652A/A
10351,2026-06-03 13:17:04,26.5125,12.00,1.337,14.661,A,#3,HOLDING,1.000A/A
10352,2026-06-03 13:17:06,26.3375,12.00,1.000,8.690,A,#3,HOLDING,1.724A/A
10353,2026-06-03 13:17:08,26.2000,12.00,1.000,8.690,A,#3,HOLDING,1.835A/A
10354,2026-06-03 13:17:10,26.0250,12.00,1.000,8.690,A,#3,HOLDING,1.000A/A
10355,2026-06-03 13:17:12,25.8250,8.68,1.000,8.690,A,#3,HOLDING,1.879A/A
10356,2026-06-03 13:17:13,25.6750,8.68,1.482,17.616,A,#3,HOLDING,1.937A/A
10357,2026-06-03 13:17:16,25.4500,8.68,1.482,17.616,A,#3,HOLDING,2.000A/A
10358,2026-06-03 13:17:17,25.2500,8.68,1.482,17.616,A,#3,HOLDING,1.995A/A
10359,2026-06-03 13:17:19,25.1250,12.00,1.482,17.616,A,#3,HOLDING,2.041A/A
10360,2026-06-03 13:17:21,24.8750,12.00,1.464,17.388,A,#3,HOLDING,1.000A/A
10361,2026-06-03 13:17:23,24.6875,12.00,1.464,17.388,A,#3,HOLDING,2.000A/A
10362,2026-06-03 13:17:25,24.4625,12.00,1.464,17.388,A,#3,HOLDING,2.000A/A
10363,2026-06-03 13:17:27,24.2625,12.00,1.464,17.388,A,#3,HOLDING,2.000A/A
10364,2026-06-03 13:17:29,24.0625,12.00,1.448,17.244,A,#3,HOLDING,1.000A/A
10365,2026-06-03 13:17:31,23.8500,12.00,1.448,17.244,A,#4,APPROACH,2.016A/A
10366,2026-06-03 13:17:33,23.6250,12.00,1.448,17.244,OFF,#4,APPROACH,0.000A/OFF
10367,2026-06-03 13:17:34,23.6250,12.00,1.448,17.244,OFF,#4,APPROACH,0.000A/OFF
10368,2026-06-03 13:17:35,23.4125,12.00,1.448,17.244,OFF,#4,APPROACH,0.000A/OFF
10369,2026-06-03 13:17:36,23.1875,12.00,1.448,17.244,OFF,#4,APPROACH,0.000A/OFF
10370,2026-06-03 13:17:37,23.1875,12.00,0.000,17.244,OFF,#4,APPROACH,0.000A/OFF
10371,2026-06-03 13:17:38,23.0125,12.00,0.000,17.244,OFF,#4,APPROACH,0.000A/OFF
10372,2026-06-03 13:17:39,23.0125,12.00,0.000,0.000,OFF,#4,APPROACH,0.000A/OFF
10373,2026-06-03 13:17:40,22.8125,12.00,0.000,0.000,OFF,#4,HOLDING,0.000A/OFF
10374,2026-06-03 13:17:41,22.8125,12.00,0.000,0.000,OFF,#4,HOLDING,0.000A/OFF
10375,2026-06-03 13:17:42,22.6375,12.00,0.000,0.000,OFF,#4,HOLDING,0.000A/OFF
10376,2026-06-03 13:17:43,22.6375,12.00,0.000,0.000,OFF,#4,HOLDING,0.000A/OFF
10377,2026-06-03 13:17:44,22.4875,12.00,0.000,0.000,OFF,#4,HOLDING,0.000A/OFF
10378,2026-06-03 13:17:45,22.4875,12.00,0.000,0.000,OFF,#4,HOLDING,0.000A/OFF
10379,2026-06-03 13:17:46,22.3625,12.00,0.000,0.000,OFF,#4,HOLDING,0.000A/OFF
10380,2026-06-03 13:17:47,22.3625,12.00,0.000,0.000,OFF,#4,HOLDING,0.000A/OFF
10381,2026-06-03 13:17:48,22.2375,12.00,0.000,0.000,OFF,#4,HOLDING,0.000A/OFF
10382,2026-06-03 13:17:49,22.2375,12.00,0.000,0.000,OFF,#4,HOLDING,0.000A/OFF
10383,2026-06-03 13:17:50,22.1500,12.00,0.000,0.000,OFF,#4,HOLDING,0.000A/OFF
10384,2026-06-03 13:17:51,22.1500,12.00,0.000,0.000,OFF,#4,HOLDING,0.000A/OFF
10385,2026-06-03 13:17:52,22.1000,12.00,0.000,0.000,OFF,#4,HOLDING,0.000A/OFF
10386,2026-06-03 13:17:53,22.1000,12.00,0.000,0.000,OFF,#4,HOLDING,0.000A/OFF
10387,2026-06-03 13:17:54,21.9875,12.00,0.000,0.000,OFF,#4,HOLDING,0.000A/OFF
10388,2026-06-03 13:17:55,21.9125,12.00,0.000,0.000,OFF,#4,HOLDING,0.000A/OFF
10389,2026-06-03 13:17:56,21.9125,12.00,0.000,0.000,OFF,#4,HOLDING,0.000A/OFF
10390,2026-06-03 13:17:57,21.8625,12.00,0.000,0.000,OFF,#4,HOLDING,0.000A/OFF
10391,2026-06-03 13:17:58,21.8625,12.00,0.000,0.000,OFF,#4,HOLDING,0.000A/OFF
10392,2026-06-03 13:17:59,21.7875,12.00,0.000,0.000,OFF,#4,HOLDING,0.000A/OFF
10393,2026-06-03 13:18:00,21.7875,12.00,0.000,0.000,OFF,#4,HOLDING,0.000A/OFF
10394,2026-06-03 13:18:01,21.7500,12.00,0.000,0.000,OFF,#4,HOLDING,0.000A/OFF
10395,2026-06-03 13:18:02,21.7500,12.00,0.000,0.000,OFF,#4,HOLDING,0.000A/OFF
10396,2026-06-03 13:18:03,21.7500,12.00,0.000,0.000,OFF,#4,HOLDING,0.000A/OFF
10397,2026-06-03 13:18:04,21.7500,12.00,0.000,0.000,OFF,#4,HOLDING,0.000A/OFF
10398,2026-06-03 13:18:05,21.6875,12.00,0.000,0.000,OFF,#4,HOLDING,0.000A/OFF
10399,2026-06-03 13:18:06,21.6875,12.00,0.000,0.000,OFF,#4,HOLDING,0.000A/OFF
10400,2026-06-03 13:18:07,21.6875,12.00,0.000,0.000,OFF,#4,HOLDING,0.000A/OFF
10401,2026-06-03 13:18:08,21.6875,12.00,0.000,0.000,OFF,#4,HOLDING,0.000A/OFF
10402,2026-06-03 13:18:09,21.6500,12.00,0.000,0.000,OFF,#4,HOLDING,0.000A/OFF
10403,2026-06-03 13:18:10,21.6500,12.00,0.000,0.000,OFF,#4,HOLDING,0.000A/OFF
10404,2026-06-03 13:18:11,21.6250,12.00,0.000,0.000,OFF,#4,HOLDING,0.000A/OFF
10405,2026-06-03 13:18:12,21.6250,12.00,0.000,0.000,OFF,#4,HOLDING,0.000A/OFF
10406,2026-06-03 13:18:13,21.6250,12.00,0.000,0.000,OFF,#4,HOLDING,0.000A/OFF
10407,2026-06-03 13:18:14,21.6250,12.00,0.000,0.000,OFF,#4,HOLDING,0.000A/OFF
10408,2026-06-03 13:18:15,21.6250,12.00,0.000,0.000,OFF,#4,HOLDING,0.000A/OFF
10409,2026-06-03 13:18:16,21.6250,12.00,0.000,0.000,OFF,#4,HOLDING,0.000A/OFF
10410,2026-06-03 13:18:17,21.6250,12.00,0.000,0.000,OFF,#4,HOLDING,0.000A/OFF
10411,2026-06-03 13:18:18,21.6250,12.00,0.000,0.000,OFF,#4,HOLDING,0.000A/OFF
10412,2026-06-03 13:18:19,21.6250,12.00,0.000,0.000,OFF,#4,HOLDING,0.000A/OFF
10413,2026-06-03 13:18:20,21.6250,12.00,0.000,0.000,OFF,#4,HOLDING,0.000A/OFF
10414,2026-06-03 13:18:22,21.6250,12.00,0.000,0.000,OFF,#4,HOLDING,0.000A/OFF
10415,2026-06-03 13:18:23,21.6000,12.00,0.000,0.000,OFF,#4,HOLDING,0.000A/OFF
10416,2026-06-03 13:18:24,21.6000,12.00,0.000,0.000,OFF,#4,HOLDING,0.000A/OFF
10417,2026-06-03 13:18:25,21.6000,12.00,0.000,0.000,OFF,#4,HOLDING,0.000A/OFF
10418,2026-06-03 13:18:26,21.6000,12.00,0.000,0.000,OFF,#4,HOLDING,0.000A/OFF
10419,2026-06-03 13:18:27,21.6250,12.00,0.000,0.000,B,#4,HOLDING,0.103A/B
10420,2026-06-03 13:18:29,21.6250,8.49,0.000,0.000,B,#4,HOLDING,0.118A/B
10421,2026-06-03 13:18:30,21.6250,8.49,0.118,0.113,B,#4,HOLDING,0.131A/B
10422,2026-06-03 13:18:33,21.6250,8.49,0.118,0.113,B,#4,HOLDING,0.154A/B
10423,2026-06-03 13:18:34,21.6500,8.49,0.118,0.113,B,#4,HOLDING,0.162A/B
10424,2026-06-03 13:18:36,21.6375,1.35,0.118,0.113,B,#4,HOLDING,0.177A/B
10425,2026-06-03 13:18:38,21.6875,1.35,0.177,0.270,B,#4,HOLDING,0.184A/B
10426,2026-06-03 13:18:41,21.6875,1.35,0.177,0.270,B,#5,APPROACH,0.201A/B
10427,2026-06-03 13:18:42,21.7125,1.35,0.177,0.270,A,#5,APPROACH,0.252A/A
10428,2026-06-03 13:18:44,21.7500,1.35,0.177,0.270,A,#5,APPROACH,0.279A/A
10429,2026-06-03 13:18:46,21.7500,7.38,0.177,0.270,A,#5,APPROACH,0.327A/A
10430,2026-06-03 13:18:48,21.7875,7.38,0.422,1.079,A,#5,APPROACH,0.399A/A
10431,2026-06-03 13:18:50,21.8125,7.38,0.422,1.079,A,#5,APPROACH,0.498A/A
10432,2026-06-03 13:18:52,21.8125,7.38,0.422,1.079,A,#5,APPROACH,0.575A/A
10433,2026-06-03 13:18:54,21.7625,5.10,0.422,1.079,A,#5,APPROACH,0.672A/A
10434,2026-06-03 13:18:56,21.7500,5.10,0.672,4.079,A,#5,APPROACH,0.785A/A
10435,2026-06-03 13:18:58,21.7000,5.10,0.672,4.079,A,#5,APPROACH,0.950A/A
10436,2026-06-03 13:19:00,21.6875,5.10,0.672,4.079,A,#5,APPROACH,1.073A/A
10437,2026-06-03 13:19:02,21.6625,8.85,0.672,4.079,A,#5,APPROACH,1.000A/A
10438,2026-06-03 13:19:03,21.6125,8.85,1.000,8.590,A,#5,APPROACH,1.000A/A
10439,2026-06-03 13:19:06,21.5625,8.85,1.000,8.590,A,#5,APPROACH,1.223A/A
10440,2026-06-03 13:19:07,21.5000,8.85,1.000,8.590,A,#5,APPROACH,1.364A/A
10441,2026-06-03 13:19:09,21.4500,10.90,1.000,8.590,A,#5,APPROACH,1.531A/A
10442,2026-06-03 13:19:11,21.3125,10.90,1.501,17.880,A,#5,APPROACH,1.684A/A
10443,2026-06-03 13:19:14,21.2375,10.90,1.501,17.880,A,#5,APPROACH,1.000A/A
10444,2026-06-03 13:19:15,21.1750,10.90,1.501,17.880,A,#5,APPROACH,1.882A/A
10445,2026-06-03 13:19:17,21.0750,12.00,1.501,17.880,A,#5,APPROACH,1.000A/A
10446,2026-06-03 13:19:19,20.9500,12.00,1.047,8.890,A,#5,APPROACH,2.025A/A
10447,2026-06-03 13:19:21,20.8250,12.00,1.047,8.890,A,#5,APPROACH,1.000A/A
10448,2026-06-03 13:19:23,20.7000,12.00,1.047,8.890,A,#5,APPROACH,2.000A/A
10449,2026-06-03 13:19:25,20.5500,12.00,1.047,8.890,A,#5,APPROACH,2.188A/A
10450,2026-06-03 13:19:26,20.4500,12.00,1.463,17.412,A,#5,APPROACH,2.314A/A
10451,2026-06-03 13:19:29,20.3000,12.00,1.463,17.412,A,#5,APPROACH,2.000A/A
10452,2026-06-03 13:19:30,20.1750,12.00,1.463,17.412,A,#5,APPROACH,2.465A/A
10453,2026-06-03 13:19:32,20.0500,12.00,1.463,17.412,A,#5,APPROACH,2.576A/A
10454,2026-06-03 13:19:34,19.9000,12.00,1.444,17.184,A,#5,APPROACH,1.500A/A
10455,2026-06-03 13:19:37,19.7500,12.00,1.444,17.184,A,#5,APPROACH,1.000A/A
10456,2026-06-03 13:19:38,19.6125,12.00,1.444,17.184,A,#5,APPROACH,2.500A/A
10457,2026-06-03 13:19:40,19.4625,12.00,1.444,17.184,A,#5,APPROACH,1.000A/A
10458,2026-06-03 13:19:42,19.3250,12.00,1.119,9.170,A,#5,APPROACH,2.614A/A
10459,2026-06-03 13:19:44,19.1750,12.00,1.119,9.170,A,#5,APPROACH,1.500A/A
10460,2026-06-03 13:19:46,19.0250,12.00,1.119,9.170,A,#5,APPROACH,1.500A/A
10461,2026-06-03 13:19:48,18.9250,12.00,1.119,9.170,A,#5,APPROACH,2.000A/A
10462,2026-06-03 13:19:50,18.7625,12.00,1.427,16.992,A,#5,APPROACH,2.000A/A
10463,2026-06-03 13:19:52,18.6125,12.00,1.427,16.992,A,#5,APPROACH,2.500A/A
10464,2026-06-03 13:19:54,18.4875,12.00,1.427,16.992,A,#5,APPROACH,2.500A/A
10465,2026-06-03 13:19:55,18.3625,12.00,1.427,16.992,A,#5,APPROACH,2.000A/A
10466,2026-06-03 13:19:57,18.2000,12.00,1.417,16.896,A,#5,APPROACH,1.500A/A
10467,2026-06-03 13:20:00,18.0500,12.00,1.417,16.896,A,#5,APPROACH,2.667A/A
10468,2026-06-03 13:20:01,17.9500,12.00,1.417,16.896,A,#5,APPROACH,1.000A/A
10469,2026-06-03 13:20:03,17.8000,9.13,1.417,16.896,A,#5,HOLDING,2.646A/A
10470,2026-06-03 13:20:05,17.6750,9.13,1.425,16.896,OFF,#5,HOLDING,0.000A/OFF
10471,2026-06-03 13:20:06,17.5500,9.13,1.425,16.956,OFF,#5,HOLDING,0.000A/OFF
10472,2026-06-03 13:20:07,17.5500,9.13,1.425,16.956,OFF,#5,HOLDING,0.000A/OFF
10473,2026-06-03 13:20:08,17.4250,9.13,1.425,16.956,OFF,#5,HOLDING,0.000A/OFF
10474,2026-06-03 13:20:09,17.4250,9.13,1.425,16.956,OFF,#5,HOLDING,0.000A/OFF
10475,2026-06-03 13:20:10,17.3000,9.13,1.425,16.956,OFF,#5,HOLDING,0.000A/OFF
10476,2026-06-03 13:20:11,17.3000,12.00,1.425,16.956,OFF,#5,HOLDING,0.000A/OFF
10477,2026-06-03 13:20:12,17.2125,12.00,0.000,16.956,OFF,#5,HOLDING,0.000A/OFF
10478,2026-06-03 13:20:13,17.2125,12.00,0.000,0.000,OFF,#5,HOLDING,0.000A/OFF
10479,2026-06-03 13:20:14,17.1375,12.00,0.000,0.000,OFF,#5,HOLDING,0.000A/OFF
10480,2026-06-03 13:20:15,17.1375,12.00,0.000,0.000,A,#5,HOLDING,0.102A/A
10481,2026-06-03 13:20:17,17.0000,12.00,0.000,0.000,OFF,#5,HOLDING,0.000A/OFF
10482,2026-06-03 13:20:18,16.9500,1.90,0.102,0.000,OFF,#5,HOLDING,0.100A/A
10483,2026-06-03 13:20:20,16.9375,1.90,0.102,0.000,A,#5,HOLDING,0.100A/A
10484,2026-06-03 13:20:21,16.9375,1.90,0.102,0.000,A,#5,HOLDING,0.112A/A
10485,2026-06-03 13:20:23,16.9375,1.90,0.102,0.000,A,#5,HOLDING,0.122A/A
10486,2026-06-03 13:20:25,16.9125,1.74,0.102,0.000,A,#5,HOLDING,0.121A/A
10487,2026-06-03 13:20:27,16.9125,1.74,0.121,0.206,A,#5,HOLDING,0.122A/A
10488,2026-06-03 13:20:29,16.9375,1.74,0.121,0.206,A,#5,HOLDING,0.125A/A
10489,2026-06-03 13:20:31,16.9375,1.74,0.121,0.206,A,#5,HOLDING,0.129A/A
10490,2026-06-03 13:20:32,17.0000,1.68,0.121,0.206,A,#5,HOLDING,0.138A/A
10491,2026-06-03 13:20:34,17.0000,1.68,0.138,0.242,A,#5,HOLDING,0.140A/A
10492,2026-06-03 13:20:37,17.0125,1.68,0.138,0.242,A,#5,HOLDING,0.146A/A
10493,2026-06-03 13:20:38,17.0625,1.68,0.138,0.242,A,#5,HOLDING,0.151A/A
10494,2026-06-03 13:20:40,17.1250,1.79,0.138,0.242,A,#5,HOLDING,0.165A/A
10495,2026-06-03 13:20:42,17.1500,1.79,0.165,0.318,A,#5,HOLDING,0.176A/A
10496,2026-06-03 13:20:44,17.2000,1.79,0.165,0.318,A,#5,HOLDING,0.188A/A
10497,2026-06-03 13:20:46,17.2500,1.79,0.165,0.318,A,#5,HOLDING,0.199A/A
10498,2026-06-03 13:20:48,17.3000,2.15,0.165,0.318,A,#5,HOLDING,0.216A/A
10499,2026-06-03 13:20:50,17.3500,2.15,0.216,0.503,A,#5,HOLDING,0.234A/A
10500,2026-06-03 13:20:52,17.4125,2.15,0.216,0.503,A,#5,HOLDING,0.258A/A
10501,2026-06-03 13:20:54,17.4625,2.15,0.216,0.503,A,#5,HOLDING,0.276A/A
10502,2026-06-03 13:20:56,17.5125,2.80,0.216,0.503,A,#5,HOLDING,0.299A/A
10503,2026-06-03 13:20:57,17.5625,2.80,0.287,0.920,A,#5,HOLDING,0.324A/A
10504,2026-06-03 13:21:00,17.6625,2.80,0.287,0.920,A,#5,HOLDING,0.362A/A
10505,2026-06-03 13:21:01,17.6875,2.80,0.287,0.920,A,#5,HOLDING,0.386A/A
10506,2026-06-03 13:21:03,17.7500,3.72,0.287,0.920,OFF,--,DONE,0.419A/A
10507,2026-06-03 13:21:05,17.8000,3.72,0.400,0.920,OFF,--,DONE,--
10508,2026-06-03 13:21:06,17.8125,3.72,0.400,0.000,OFF,--,DONE,--
10509,2026-06-03 13:21:07,17.8125,3.72,0.400,0.000,OFF,--,DONE,--
10510,2026-06-03 13:21:08,17.8625,6.76,0.400,0.000,OFF,--,DONE,--
10511,2026-06-03 13:21:09,17.8625,6.76,0.000,0.000,OFF,--,DONE,--
10512,2026-06-03 13:21:10,17.9125,6.76,0.000,0.000,OFF,--,DONE,--
10513,2026-06-03 13:21:11,17.9125,6.76,0.000,0.000,OFF,--,DONE,--
10514,2026-06-03 13:21:12,17.9375,2.76,0.000,0.000,OFF,--,DONE,--
10515,2026-06-03 13:21:13,17.9375,2.76,0.000,0.000,OFF,--,DONE,--
10516,2026-06-03 13:21:14,18.0000,2.76,0.000,0.000,OFF,--,DONE,--
10517,2026-06-03 13:21:15,18.0000,1.04,0.000,0.000,OFF,--,DONE,--
10518,2026-06-03 13:21:16,18.0250,1.04,0.000,0.000,OFF,--,DONE,--
10519,2026-06-03 13:21:17,18.0250,1.04,0.000,0.000,OFF,--,DONE,--
10520,2026-06-03 13:21:18,18.0750,1.04,0.000,0.000,OFF,--,DONE,--
10521,2026-06-03 13:21:19,18.1500,0.37,0.000,0.000,OFF,--,DONE,--
10522,2026-06-03 13:21:20,18.1500,0.37,0.000,0.000,OFF,--,DONE,--
10523,2026-06-03 13:21:21,18.1875,0.37,0.000,0.000,OFF,--,DONE,--
10524,2026-06-03 13:21:22,18.1875,0.00,0.000,0.000,OFF,--,DONE,--
10525,2026-06-03 13:21:23,18.2375,0.00,0.000,0.000,OFF,--,DONE,--
10526,2026-06-03 13:21:24,18.2375,0.00,0.000,0.000,OFF,--,DONE,--
10527,2026-06-03 13:21:25,18.2875,0.00,0.000,0.000,OFF,--,DONE,--
10528,2026-06-03 13:21:26,18.2875,0.00,0.000,0.000,OFF,--,DONE,--
10529,2026-06-03 13:21:27,18.3375,0.00,0.000,0.000,OFF,--,DONE,--
10530,2026-06-03 13:21:28,18.3375,0.00,0.000,0.000,OFF,--,DONE,--
10531,2026-06-03 13:21:30,18.4375,0.00,0.000,0.000,OFF,--,DONE,--
10532,2026-06-03 13:21:31,18.4375,0.00,0.000,0.000,OFF,--,DONE,--
10533,2026-06-03 13:21:32,18.4625,0.00,0.000,0.000,OFF,--,DONE,--
10534,2026-06-03 13:21:33,18.4625,0.00,0.000,0.000,OFF,--,DONE,--
10535,2026-06-03 13:21:34,18.5375,0.00,0.000,0.000,OFF,--,DONE,--
10536,2026-06-03 13:21:35,18.5375,0.00,0.000,0.000,OFF,--,DONE,--
10537,2026-06-03 13:21:36,18.5875,0.00,0.000,0.000,OFF,--,DONE,--
10538,2026-06-03 13:21:37,18.5875,0.00,0.000,0.000,OFF,--,DONE,--
10539,2026-06-03 13:21:38,18.6625,0.00,0.000,0.000,OFF,--,DONE,--
10540,2026-06-03 13:21:39,18.7125,0.00,0.000,0.000,OFF,--,DONE,--
10541,2026-06-03 13:21:40,18.7125,0.00,0.000,0.000,OFF,--,DONE,--
10542,2026-06-03 13:21:41,18.8125,0.00,0.000,0.000,OFF,--,DONE,--
10543,2026-06-03 13:21:42,18.8125,0.00,0.000,0.000,B,#1,APPROACH,0.972A/B
10544,2026-06-03 13:21:43,18.8625,0.00,0.000,0.000,B,#1,APPROACH,1.011A/B
10545,2026-06-03 13:21:46,18.9125,0.00,0.000,0.000,B,#1,APPROACH,1.105A/B
10546,2026-06-03 13:21:48,18.9875,0.00,0.000,0.000,B,#1,APPROACH,1.154A/B
10547,2026-06-03 13:21:50,19.0375,9.03,0.000,0.000,B,#1,APPROACH,1.209A/B
10548,2026-06-03 13:21:52,19.0875,9.03,1.179,11.630,B,#1,APPROACH,1.435A/B
10549,2026-06-03 13:21:54,19.2375,9.03,1.179,11.630,B,#1,APPROACH,1.236A/B
10550,2026-06-03 13:21:56,19.2375,9.03,1.179,11.630,B,#1,APPROACH,1.000A/B
10551,2026-06-03 13:21:58,19.3500,8.33,1.179,11.630,B,#1,APPROACH,1.108A/B
10552,2026-06-03 13:22:00,19.4750,8.33,1.051,10.237,B,#1,APPROACH,0.934A/B
10553,2026-06-03 13:22:02,19.7250,8.33,1.051,10.237,B,#1,APPROACH,1.015A/B
10554,2026-06-03 13:22:04,19.7250,8.33,1.051,10.237,B,#1,APPROACH,1.191A/B
10555,2026-06-03 13:22:05,19.8750,9.85,1.051,10.237,B,#1,APPROACH,1.104A/B
10556,2026-06-03 13:22:07,20.0750,9.85,1.142,10.377,B,#1,APPROACH,1.040A/B
10557,2026-06-03 13:22:10,20.4125,9.85,1.142,10.377,B,#1,HOLDING,0.995A/B
10558,2026-06-03 13:22:11,20.4125,9.85,1.142,10.377,B,#1,HOLDING,0.123A/B
10559,2026-06-03 13:22:13,20.5750,9.85,1.142,10.377,OFF,#1,HOLDING,0.000A/OFF
10560,2026-06-03 13:22:14,20.7500,1.86,1.142,10.377,OFF,#1,HOLDING,0.000A/OFF
10561,2026-06-03 13:22:15,20.7500,1.86,0.123,10.377,OFF,#1,HOLDING,0.000A/OFF
10562,2026-06-03 13:22:16,20.9875,1.86,0.123,0.000,OFF,#1,HOLDING,0.000A/OFF
10563,2026-06-03 13:22:17,21.1625,1.86,0.123,0.000,OFF,#1,HOLDING,0.000A/OFF
10564,2026-06-03 13:22:18,21.1625,1.86,0.123,0.000,OFF,#1,HOLDING,0.000A/OFF
10565,2026-06-03 13:22:19,21.3375,1.86,0.123,0.000,OFF,#1,HOLDING,0.000A/OFF
10566,2026-06-03 13:22:20,21.3375,12.00,0.123,0.000,OFF,#1,HOLDING,0.000A/OFF
10567,2026-06-03 13:22:21,21.5125,12.00,0.000,0.000,OFF,#1,HOLDING,0.000A/OFF
10568,2026-06-03 13:22:22,21.5125,12.00,0.000,0.000,OFF,#1,HOLDING,0.000A/OFF
10569,2026-06-03 13:22:23,21.6750,12.00,0.000,0.000,OFF,#1,HOLDING,0.000A/OFF
10570,2026-06-03 13:22:24,21.6750,12.00,0.000,0.000,OFF,#1,HOLDING,0.000A/OFF
10571,2026-06-03 13:22:25,21.8000,12.00,0.000,0.000,OFF,#1,HOLDING,0.000A/OFF
10572,2026-06-03 13:22:26,21.8000,12.00,0.000,0.000,OFF,#1,HOLDING,0.000A/OFF
10573,2026-06-03 13:22:27,21.9500,12.00,0.000,0.000,OFF,#1,HOLDING,0.000A/OFF
10574,2026-06-03 13:22:28,21.9500,12.00,0.000,0.000,OFF,#1,HOLDING,0.000A/OFF
10575,2026-06-03 13:22:29,22.0500,12.00,0.000,0.000,A,#1,HOLDING,0.126A/A
10576,2026-06-03 13:22:31,22.1625,12.00,0.000,0.000,A,#1,HOLDING,0.198A/A
10577,2026-06-03 13:22:32,22.1625,12.00,0.000,0.000,A,#1,HOLDING,0.230A/A
10578,2026-06-03 13:22:34,22.2625,1.94,0.000,0.000,A,#1,HOLDING,0.268A/A
10579,2026-06-03 13:22:36,22.3625,1.94,0.268,0.670,A,#1,HOLDING,0.316A/A
10580,2026-06-03 13:22:38,22.4375,1.94,0.268,0.670,A,#1,HOLDING,0.389A/A
10581,2026-06-03 13:22:40,22.5125,1.94,0.268,0.670,A,#1,HOLDING,0.433A/A
10582,2026-06-03 13:22:42,22.5875,3.72,0.268,0.670,A,#1,HOLDING,0.490A/A
10583,2026-06-03 13:22:44,22.6000,3.72,0.490,2.107,A,#1,HOLDING,0.540A/A
10584,2026-06-03 13:22:46,22.6750,3.72,0.490,2.107,A,#1,HOLDING,0.615A/A
10585,2026-06-03 13:22:48,22.6875,3.72,0.490,2.107,A,#1,HOLDING,0.660A/A
10586,2026-06-03 13:22:49,22.7125,5.66,0.490,2.107,A,#1,HOLDING,0.722A/A
10587,2026-06-03 13:22:51,22.7000,5.66,0.688,4.563,A,#1,HOLDING,0.773A/A
10588,2026-06-03 13:22:54,22.7500,5.66,0.688,4.563,A,#1,HOLDING,0.857A/A
10589,2026-06-03 13:22:55,22.7375,5.66,0.688,4.563,A,#1,HOLDING,0.904A/A
10590,2026-06-03 13:22:57,22.6875,7.67,0.688,4.563,A,#1,HOLDING,0.958A/A
10591,2026-06-03 13:22:59,22.6500,7.67,0.958,7.836,A,#1,HOLDING,1.005A/A
10592,2026-06-03 13:23:01,22.6000,7.67,0.958,7.836,A,#1,HOLDING,1.071A/A
10593,2026-06-03 13:23:03,22.5625,7.67,0.958,7.836,A,#1,HOLDING,1.117A/A
10594,2026-06-03 13:23:05,22.5125,9.28,0.958,7.836,A,#1,HOLDING,1.166A/A
10595,2026-06-03 13:23:07,22.4250,9.28,1.138,11.426,A,#1,HOLDING,1.206A/A
10596,2026-06-03 13:23:09,22.3500,9.28,1.138,11.426,A,#1,HOLDING,1.260A/A
10597,2026-06-03 13:23:11,22.2750,9.28,1.138,11.426,A,#1,HOLDING,1.000A/A
10598,2026-06-03 13:23:12,22.1750,8.68,1.138,11.426,A,#1,HOLDING,1.000A/A
10599,2026-06-03 13:23:14,22.0750,8.68,1.000,8.840,A,#1,HOLDING,1.227A/A
10600,2026-06-03 13:23:17,21.9500,8.68,1.000,8.840,A,#1,HOLDING,1.266A/A
10601,2026-06-03 13:23:18,21.8625,8.68,1.000,8.840,A,#1,HOLDING,1.000A/A
10602,2026-06-03 13:23:20,21.7375,8.80,1.000,8.840,A,#1,HOLDING,1.288A/A
10603,2026-06-03 13:23:22,21.5875,8.80,1.140,14.026,A,#1,HOLDING,1.302A/A
10604,2026-06-03 13:23:24,21.4875,8.80,1.140,14.026,A,#1,HOLDING,1.000A/A
10605,2026-06-03 13:23:26,21.3375,8.80,1.140,14.026,A,#1,HOLDING,1.000A/A
10606,2026-06-03 13:23:28,21.2125,8.91,1.140,14.026,A,#1,HOLDING,1.321A/A
10607,2026-06-03 13:23:30,21.0750,8.91,1.161,14.821,A,#1,HOLDING,1.315A/A
10608,2026-06-03 13:23:32,20.9250,8.91,1.161,14.821,A,#1,HOLDING,1.311A/A
10609,2026-06-03 13:23:34,20.8000,8.91,1.161,14.821,A,#1,HOLDING,1.300A/A
10610,2026-06-03 13:23:35,20.6750,10.98,1.161,14.821,A,#1,HOLDING,1.285A/A
10611,2026-06-03 13:23:37,20.5125,10.98,1.285,14.224,A,#1,HOLDING,1.258A/A
10612,2026-06-03 13:23:40,20.3625,10.98,1.285,14.224,A,#1,HOLDING,1.225A/A
10613,2026-06-03 13:23:41,20.2375,10.98,1.285,14.224,A,#1,HOLDING,1.195A/A
10614,2026-06-03 13:23:43,20.0875,10.39,1.285,14.224,A,#1,HOLDING,1.108A/A
10615,2026-06-03 13:23:45,19.9500,10.39,1.127,10.980,A,#1,HOLDING,1.056A/A
10616,2026-06-03 13:23:47,19.8000,10.39,1.127,10.980,A,#1,HOLDING,0.990A/A
10617,2026-06-03 13:23:49,19.6750,10.39,1.127,10.980,A,#1,HOLDING,0.938A/A
10618,2026-06-03 13:23:51,19.5000,8.63,1.127,10.980,A,#1,HOLDING,0.866A/A
10619,2026-06-03 13:23:53,19.3625,8.63,0.866,7.118,A,#1,HOLDING,0.793A/A
10620,2026-06-03 13:23:55,19.2125,8.63,0.866,7.118,A,#1,HOLDING,0.698A/A
10621,2026-06-03 13:23:57,19.1125,8.63,0.866,7.118,A,#1,HOLDING,0.635A/A
10622,2026-06-03 13:23:58,18.9875,6.35,0.866,7.118,A,#1,HOLDING,0.551A/A
10623,2026-06-03 13:24:00,18.8625,6.35,0.551,3.201,A,#1,HOLDING,0.461A/A
10624,2026-06-03 13:24:03,18.7375,6.35,0.551,3.201,A,#1,HOLDING,0.344A/A
10625,2026-06-03 13:24:04,18.6500,6.35,0.551,3.201,A,#1,HOLDING,0.262A/A
10626,2026-06-03 13:24:06,18.5250,3.48,0.551,3.201,A,#1,HOLDING,0.160A/A
10627,2026-06-03 13:24:08,18.4625,3.48,0.160,3.201,OFF,#1,HOLDING,0.000A/OFF
10628,2026-06-03 13:24:09,18.3875,3.48,0.160,0.422,OFF,#1,HOLDING,0.000A/OFF
10629,2026-06-03 13:24:10,18.3875,3.48,0.160,0.422,OFF,#1,HOLDING,0.000A/OFF
10630,2026-06-03 13:24:11,18.3000,3.48,0.160,0.422,B,#1,HOLDING,0.114A/B
10631,2026-06-03 13:24:13,18.2500,3.48,0.160,0.422,B,#1,HOLDING,0.221A/B
10632,2026-06-03 13:24:15,18.2500,7.16,0.221,0.422,B,#1,HOLDING,0.312A/B
10633,2026-06-03 13:24:16,18.1750,7.16,0.221,0.714,B,#1,HOLDING,0.419A/B
10634,2026-06-03 13:24:18,18.1250,7.16,0.221,0.714,B,#1,HOLDING,0.524A/B
10635,2026-06-03 13:24:20,18.1250,7.16,0.221,0.714,B,#1,HOLDING,0.618A/B
10636,2026-06-03 13:24:22,18.1250,4.72,0.221,0.714,B,#1,HOLDING,0.726A/B
10637,2026-06-03 13:24:23,18.1625,4.72,0.714,4.261,B,#1,HOLDING,0.812A/B
10638,2026-06-03 13:24:26,18.1875,4.72,0.714,4.261,B,#1,HOLDING,0.952A/B
10639,2026-06-03 13:24:27,18.2500,4.72,0.714,4.261,B,#1,HOLDING,1.000A/B
10640,2026-06-03 13:24:29,18.3000,7.85,0.714,4.261,B,#1,HOLDING,1.021A/B
10641,2026-06-03 13:24:31,18.3875,7.85,1.020,8.425,B,#1,HOLDING,1.111A/B
10642,2026-06-03 13:24:33,18.4625,7.85,1.020,8.425,B,#1,HOLDING,1.234A/B
10643,2026-06-03 13:24:35,18.6000,7.85,1.020,8.425,B,#1,HOLDING,1.000A/B
10644,2026-06-03 13:24:37,18.7000,8.19,1.020,8.425,B,#1,HOLDING,1.000A/B
10645,2026-06-03 13:24:39,18.8625,8.19,1.000,8.390,B,#1,HOLDING,1.000A/B
10646,2026-06-03 13:24:41,18.9875,8.19,1.000,8.390,B,#1,HOLDING,1.280A/B
10647,2026-06-03 13:24:43,19.1500,8.19,1.000,8.390,B,#1,HOLDING,1.324A/B
10648,2026-06-03 13:24:45,19.3250,10.54,1.000,8.390,B,#1,HOLDING,1.372A/B
10649,2026-06-03 13:24:46,19.4875,10.54,1.372,15.242,B,#1,HOLDING,1.000A/B
10650,2026-06-03 13:24:49,19.6875,10.54,1.372,15.242,B,#1,HOLDING,1.408A/B
10651,2026-06-03 13:24:50,19.8750,10.54,1.372,15.242,B,#1,HOLDING,1.434A/B
10652,2026-06-03 13:24:52,20.0750,11.49,1.372,15.242,B,#1,HOLDING,1.460A/B
10653,2026-06-03 13:24:54,20.3000,11.49,1.460,17.447,B,#1,HOLDING,1.433A/B
10654,2026-06-03 13:24:57,20.5000,11.49,1.460,17.447,B,#1,HOLDING,1.000A/B
10655,2026-06-03 13:24:58,20.7500,11.49,1.460,17.447,B,#1,HOLDING,1.459A/B
10656,2026-06-03 13:25:00,20.9750,11.92,1.460,17.447,B,#1,HOLDING,1.463A/B
10657,2026-06-03 13:25:02,21.2500,11.92,1.445,17.148,B,#1,HOLDING,1.000A/B
10658,2026-06-03 13:25:04,21.5250,11.92,1.445,17.148,B,#2,APPROACH,1.447A/B
10659,2026-06-03 13:25:06,21.7500,11.92,1.445,17.148,OFF,#2,APPROACH,0.000A/OFF
10660,2026-06-03 13:25:07,22.0250,11.92,1.445,17.148,OFF,#2,HOLDING,0.000A/OFF
10661,2026-06-03 13:25:08,22.0250,11.92,1.445,17.148,OFF,#2,HOLDING,0.000A/OFF
10662,2026-06-03 13:25:09,22.3125,12.00,1.445,17.148,OFF,#2,HOLDING,0.000A/OFF
10663,2026-06-03 13:25:10,22.3125,12.00,0.000,17.148,OFF,#2,HOLDING,0.000A/OFF
10664,2026-06-03 13:25:11,22.5625,12.00,0.000,17.148,OFF,#2,HOLDING,0.000A/OFF
10665,2026-06-03 13:25:12,22.5625,12.00,0.000,0.000,OFF,#2,HOLDING,0.000A/OFF
10666,2026-06-03 13:25:13,22.8125,12.00,0.000,0.000,OFF,#2,HOLDING,0.000A/OFF
10667,2026-06-03 13:25:14,22.8125,12.00,0.000,0.000,OFF,#2,HOLDING,0.000A/OFF
10668,2026-06-03 13:25:15,23.0625,12.00,0.000,0.000,OFF,#2,HOLDING,0.000A/OFF
10669,2026-06-03 13:25:16,23.0625,12.00,0.000,0.000,OFF,#2,HOLDING,0.000A/OFF
10670,2026-06-03 13:25:17,23.2500,12.00,0.000,0.000,OFF,#2,HOLDING,0.000A/OFF
10671,2026-06-03 13:25:18,23.2500,12.00,0.000,0.000,OFF,#2,HOLDING,0.000A/OFF
10672,2026-06-03 13:25:19,23.4500,12.00,0.000,0.000,OFF,#2,HOLDING,0.000A/OFF
10673,2026-06-03 13:25:20,23.4500,12.00,0.000,0.000,OFF,#2,HOLDING,0.000A/OFF
10674,2026-06-03 13:25:21,23.6750,12.00,0.000,0.000,A,#2,HOLDING,0.125A/A
10675,2026-06-03 13:25:23,23.8250,12.00,0.000,0.000,A,#2,HOLDING,0.192A/A
10676,2026-06-03 13:25:25,23.9875,12.00,0.000,0.228,A,#2,HOLDING,0.261A/A
10677,2026-06-03 13:25:26,24.1375,12.00,0.000,0.228,A,#2,HOLDING,0.288A/A
10678,2026-06-03 13:25:28,24.1375,12.00,0.000,0.228,A,#2,HOLDING,0.315A/A
10679,2026-06-03 13:25:30,24.2375,2.35,0.000,0.228,A,#2,HOLDING,0.368A/A
10680,2026-06-03 13:25:31,24.3625,2.35,0.368,1.104,A,#2,HOLDING,0.427A/A
10681,2026-06-03 13:25:34,24.5250,2.35,0.368,1.104,A,#2,HOLDING,0.531A/A
10682,2026-06-03 13:25:35,24.5250,2.35,0.368,1.104,A,#2,HOLDING,0.576A/A
10683,2026-06-03 13:25:37,24.6000,4.60,0.368,1.104,A,#2,HOLDING,0.642A/A
10684,2026-06-03 13:25:39,24.6250,4.60,0.642,3.415,A,#2,HOLDING,0.699A/A
10685,2026-06-03 13:25:42,24.7125,4.60,0.642,3.415,A,#2,HOLDING,0.802A/A
10686,2026-06-03 13:25:43,24.7125,4.60,0.642,3.415,A,#2,HOLDING,0.855A/A
10687,2026-06-03 13:25:45,24.7500,6.95,0.642,3.415,A,#2,HOLDING,0.931A/A
10688,2026-06-03 13:25:47,24.7000,6.95,0.931,7.196,A,#2,HOLDING,0.987A/A
10689,2026-06-03 13:25:49,24.6625,6.95,0.931,7.196,A,#2,HOLDING,1.070A/A
10690,2026-06-03 13:25:51,24.6625,6.95,0.931,7.196,A,#2,HOLDING,1.126A/A
10691,2026-06-03 13:25:53,24.6250,9.08,0.931,7.196,A,#2,HOLDING,1.194A/A
10692,2026-06-03 13:25:55,24.5500,9.08,1.194,11.701,A,#2,HOLDING,1.250A/A
10693,2026-06-03 13:25:57,24.3875,9.08,1.194,11.701,A,#2,HOLDING,1.305A/A
10694,2026-06-03 13:25:58,24.3875,9.08,1.194,11.701,A,#2,HOLDING,1.359A/A
10695,2026-06-03 13:26:00,24.3125,10.88,1.194,11.701,A,#2,HOLDING,1.411A/A
10696,2026-06-03 13:26:02,24.2125,10.88,1.411,16.198,A,#2,HOLDING,1.462A/A
10697,2026-06-03 13:26:05,23.9875,10.88,1.411,16.198,A,#2,HOLDING,1.489A/A
10698,2026-06-03 13:26:06,23.9875,10.88,1.411,16.198,A,#2,HOLDING,1.535A/A
10699,2026-06-03 13:26:08,23.8375,12.00,1.411,16.198,A,#2,HOLDING,1.500A/A
10700,2026-06-03 13:26:10,23.7125,12.00,1.477,17.544,A,#2,HOLDING,1.515A/A
10701,2026-06-03 13:26:12,23.4000,12.00,1.477,17.544,A,#2,HOLDING,1.500A/A
10702,2026-06-03 13:26:14,23.4000,12.00,1.477,17.544,A,#2,HOLDING,1.535A/A
10703,2026-06-03 13:26:16,23.2375,12.00,1.477,17.544,A,#2,HOLDING,1.548A/A
10704,2026-06-03 13:26:18,23.0625,12.00,1.450,17.244,A,#2,HOLDING,1.564A/A
10705,2026-06-03 13:26:20,22.7375,12.00,1.450,17.244,A,#2,HOLDING,1.500A/A
10706,2026-06-03 13:26:22,22.7375,12.00,1.450,17.244,A,#2,HOLDING,1.553A/A
10707,2026-06-03 13:26:23,22.5250,12.00,1.450,17.244,A,#2,HOLDING,1.539A/A
10708,2026-06-03 13:26:25,22.3500,12.00,1.432,17.040,A,#2,HOLDING,1.529A/A
10709,2026-06-03 13:26:28,21.9875,12.00,1.432,17.040,A,#2,HOLDING,1.463A/A
10710,2026-06-03 13:26:29,21.9875,12.00,1.432,17.040,A,#2,HOLDING,1.457A/A
10711,2026-06-03 13:26:31,21.8250,12.00,1.432,17.040,A,#2,HOLDING,1.421A/A
10712,2026-06-03 13:26:33,21.6250,12.00,1.421,16.908,A,#2,HOLDING,1.327A/A
10713,2026-06-03 13:26:35,21.2500,12.00,1.421,16.908,A,#2,HOLDING,1.000A/A
10714,2026-06-03 13:26:37,21.2500,12.00,1.421,16.908,A,#2,HOLDING,1.220A/A
10715,2026-06-03 13:26:39,21.0750,10.64,1.421,16.908,A,#2,HOLDING,1.149A/A
10716,2026-06-03 13:26:41,20.9000,10.64,1.182,11.823,A,#2,HOLDING,1.082A/A
10717,2026-06-03 13:26:43,20.5500,10.64,1.182,11.823,A,#2,HOLDING,0.928A/A
10718,2026-06-03 13:26:45,20.5500,10.64,1.182,11.823,A,#2,HOLDING,0.874A/A
10719,2026-06-03 13:26:46,20.3875,8.24,1.182,11.823,A,#2,HOLDING,0.777A/A
10720,2026-06-03 13:26:48,20.1875,8.24,0.821,5.912,A,#2,HOLDING,0.678A/A
10721,2026-06-03 13:26:51,19.9000,8.24,0.821,5.912,A,#2,HOLDING,0.500A/A
10722,2026-06-03 13:26:52,19.9000,8.24,0.821,5.912,A,#2,HOLDING,0.426A/A
10723,2026-06-03 13:26:54,19.7625,4.76,0.821,5.912,A,#2,HOLDING,0.340A/A
10724,2026-06-03 13:26:56,19.6125,4.76,0.381,1.404,A,#2,HOLDING,0.217A/A
10725,2026-06-03 13:26:58,19.3375,4.76,0.381,1.404,OFF,#2,HOLDING,0.000A/OFF
10726,2026-06-03 13:26:59,19.3375,4.76,0.381,1.404,OFF,#2,HOLDING,0.000A/OFF
10727,2026-06-03 13:27:00,19.2625,4.76,0.381,1.404,B,#2,HOLDING,0.109A/B
10728,2026-06-03 13:27:02,19.1375,7.02,0.109,1.404,B,#2,HOLDING,0.255A/B
10729,2026-06-03 13:27:04,19.1375,7.02,0.109,0.359,B,#2,HOLDING,0.391A/B
10730,2026-06-03 13:27:06,19.0875,7.02,0.109,0.359,B,#2,HOLDING,0.509A/B
10731,2026-06-03 13:27:07,19.0125,7.02,0.109,0.359,B,#2,HOLDING,0.634A/B
10732,2026-06-03 13:27:09,18.9625,4.60,0.109,0.359,B,#2,HOLDING,0.779A/B
10733,2026-06-03 13:27:11,18.9375,4.60,0.768,4.681,B,#2,HOLDING,0.922A/B
10734,2026-06-03 13:27:13,18.9375,4.60,0.768,4.681,B,#2,HOLDING,1.102A/B
10735,2026-06-03 13:27:15,18.9375,4.60,0.768,4.681,B,#2,HOLDING,1.224A/B
10736,2026-06-03 13:27:17,18.9500,9.21,0.768,4.681,B,#2,HOLDING,1.365A/B
10737,2026-06-03 13:27:19,19.0000,9.21,1.365,14.250,B,#2,HOLDING,1.500A/B
10738,2026-06-03 13:27:21,19.0750,9.21,1.365,14.250,B,#2,HOLDING,1.500A/B
10739,2026-06-03 13:27:23,19.1500,9.21,1.365,14.250,B,#2,HOLDING,1.665A/B
10740,2026-06-03 13:27:25,19.2875,12.00,1.365,14.250,B,#2,HOLDING,1.000A/B
10741,2026-06-03 13:27:26,19.3875,12.00,1.288,8.340,B,#2,HOLDING,1.780A/B
10742,2026-06-03 13:27:29,19.5500,12.00,1.288,8.340,B,#2,HOLDING,1.925A/B
10743,2026-06-03 13:27:30,19.7500,12.00,1.288,8.340,B,#2,HOLDING,2.010A/B
10744,2026-06-03 13:27:32,19.9250,12.00,1.288,8.340,B,#2,HOLDING,1.500A/B
10745,2026-06-03 13:27:34,20.1000,12.00,1.500,17.928,B,#2,HOLDING,2.051A/B
10746,2026-06-03 13:27:36,20.3000,12.00,1.500,17.928,B,#2,HOLDING,2.170A/B
10747,2026-06-03 13:27:38,20.5250,12.00,1.500,17.928,B,#2,HOLDING,2.222A/B
10748,2026-06-03 13:27:40,20.7750,12.00,1.500,17.928,B,#2,HOLDING,2.000A/B
10749,2026-06-03 13:27:42,21.0000,12.00,1.463,17.316,B,#2,HOLDING,1.500A/B
10750,2026-06-03 13:27:44,21.2375,12.00,1.463,17.316,B,#2,HOLDING,2.000A/B
10751,2026-06-03 13:27:46,21.5125,12.00,1.463,17.316,B,#2,HOLDING,2.238A/B
10752,2026-06-03 13:27:48,21.7250,12.00,1.463,17.316,B,#2,HOLDING,2.269A/B
10753,2026-06-03 13:27:49,22.0250,12.00,1.425,16.872,B,#2,HOLDING,2.000A/B
10754,2026-06-03 13:27:52,22.2750,12.00,1.425,16.872,B,#2,HOLDING,2.247A/B
10755,2026-06-03 13:27:53,22.5750,12.00,1.425,16.872,B,#2,HOLDING,2.244A/B
10756,2026-06-03 13:27:55,22.8500,12.00,1.425,16.872,B,#2,HOLDING,2.245A/B
10757,2026-06-03 13:27:57,23.1750,12.00,1.395,16.524,B,#2,HOLDING,1.500A/B
10758,2026-06-03 13:28:00,23.4375,12.00,1.395,16.524,B,#2,HOLDING,2.000A/B
10759,2026-06-03 13:28:01,23.7125,12.00,1.395,16.524,B,#2,HOLDING,2.000A/B
10760,2026-06-03 13:28:03,24.0375,12.00,1.395,16.524,B,#2,HOLDING,1.500A/B
10761,2026-06-03 13:28:05,24.3375,12.00,1.371,16.272,B,#2,HOLDING,2.000A/B
10762,2026-06-03 13:28:07,24.6250,12.00,1.371,16.272,B,#2,HOLDING,2.000A/B
10763,2026-06-03 13:28:09,24.9000,12.00,1.371,16.272,B,#2,HOLDING,2.111A/B
10764,2026-06-03 13:28:11,25.2250,12.00,1.371,16.272,B,#2,HOLDING,2.000A/B
10765,2026-06-03 13:28:13,25.5250,12.00,1.353,16.056,B,#2,HOLDING,1.500A/B
10766,2026-06-03 13:28:15,25.8375,12.00,1.353,16.056,B,#2,HOLDING,1.000A/B
10767,2026-06-03 13:28:16,26.0875,12.00,1.353,16.056,B,#2,HOLDING,2.022A/B
10768,2026-06-03 13:28:18,26.3750,12.00,1.353,16.056,B,#2,HOLDING,1.874A/B
10769,2026-06-03 13:28:20,26.7000,12.00,1.338,15.876,B,#2,HOLDING,1.500A/B
10770,2026-06-03 13:28:23,26.9750,12.00,1.338,15.876,B,#2,HOLDING,1.500A/B
10771,2026-06-03 13:28:24,27.2750,12.00,1.338,15.876,B,#2,HOLDING,1.000A/B
10772,2026-06-03 13:28:26,27.5625,9.60,1.338,15.876,B,#2,HOLDING,1.000A/B
10773,2026-06-03 13:28:28,27.8375,9.60,1.000,9.730,B,#2,HOLDING,1.650A/B
10774,2026-06-03 13:28:30,28.0875,9.60,1.000,9.730,B,#2,HOLDING,1.392A/B
10775,2026-06-03 13:28:32,28.3625,9.60,1.000,9.730,B,#2,HOLDING,1.200A/B
10776,2026-06-03 13:28:34,28.5875,11.02,1.000,9.730,B,#2,HOLDING,0.975A/B
10777,2026-06-03 13:28:36,28.8625,11.02,1.071,9.311,B,#2,HOLDING,0.734A/B
10778,2026-06-03 13:28:38,29.1000,11.02,1.071,9.311,B,#2,HOLDING,0.427A/B
10779,2026-06-03 13:28:40,29.3750,11.02,1.071,9.311,B,#2,HOLDING,0.200A/B
10780,2026-06-03 13:28:41,29.6125,11.02,1.071,9.311,OFF,#2,HOLDING,0.000A/OFF
10781,2026-06-03 13:28:42,29.8375,3.35,0.200,9.311,OFF,#2,HOLDING,0.224A/A
10782,2026-06-03 13:28:44,29.8375,3.35,0.200,0.000,A,#2,HOLDING,0.441A/A
10783,2026-06-03 13:28:46,30.0500,3.35,0.200,0.000,A,#2,HOLDING,0.686A/A
10784,2026-06-03 13:28:47,30.2500,3.35,0.200,0.000,A,#2,HOLDING,0.929A/A
10785,2026-06-03 13:28:49,30.4250,6.37,0.200,0.000,A,#2,HOLDING,1.226A/A
10786,2026-06-03 13:28:51,30.6250,6.37,1.074,10.911,A,#2,HOLDING,1.000A/A
10787,2026-06-03 13:28:53,30.7375,6.37,1.074,10.911,A,#2,HOLDING,1.500A/A
10788,2026-06-03 13:28:55,30.8375,6.37,1.074,10.911,A,#2,HOLDING,1.528A/A
10789,2026-06-03 13:28:57,30.8750,11.11,1.074,10.911,A,#2,HOLDING,1.500A/A
10790,2026-06-03 13:28:59,30.8750,11.11,1.500,16.860,A,#2,HOLDING,1.500A/A
10791,2026-06-03 13:29:01,30.8750,11.11,1.500,16.860,A,#2,HOLDING,1.000A/A
10792,2026-06-03 13:29:03,30.8750,11.11,1.500,16.860,A,#2,HOLDING,1.812A/A
10793,2026-06-03 13:29:04,30.8625,12.00,1.500,16.860,A,#2,HOLDING,2.113A/A
10794,2026-06-03 13:29:06,30.7875,12.00,1.573,18.636,A,#2,HOLDING,2.402A/A
10795,2026-06-03 13:29:09,30.6750,12.00,1.573,18.636,A,#2,HOLDING,2.500A/A
10796,2026-06-03 13:29:10,30.5750,12.00,1.573,18.636,A,#2,HOLDING,1.000A/A
10797,2026-06-03 13:29:12,30.4500,8.29,1.573,18.636,A,#2,HOLDING,2.000A/A
10798,2026-06-03 13:29:14,30.2750,8.29,1.526,18.108,A,#2,HOLDING,2.735A/A
10799,2026-06-03 13:29:16,30.0875,8.29,1.526,18.108,A,#2,HOLDING,2.500A/A
10800,2026-06-03 13:29:18,29.9375,8.29,1.526,18.108,A,#2,HOLDING,2.000A/A
10801,2026-06-03 13:29:20,29.7250,12.00,1.526,18.108,A,#2,HOLDING,1.500A/A
10802,2026-06-03 13:29:22,29.5000,12.00,1.487,17.664,A,#2,HOLDING,3.000A/A
10803,2026-06-03 13:29:24,29.3250,12.00,1.487,17.664,A,#2,HOLDING,1.500A/A
10804,2026-06-03 13:29:26,29.1000,12.00,1.487,17.664,A,#2,HOLDING,3.000A/A
10805,2026-06-03 13:29:27,28.8750,12.00,1.487,17.664,A,#2,HOLDING,2.500A/A
10806,2026-06-03 13:29:29,28.6250,12.00,1.460,17.364,A,#2,HOLDING,2.986A/A
10807,2026-06-03 13:29:32,28.4375,12.00,1.460,17.364,A,#2,HOLDING,2.500A/A
10808,2026-06-03 13:29:33,28.1625,12.00,1.460,17.364,A,#2,HOLDING,2.000A/A
10809,2026-06-03 13:29:35,27.9125,12.00,1.460,17.364,A,#2,HOLDING,2.500A/A
10810,2026-06-03 13:29:37,27.6875,12.00,1.441,17.160,A,#2,HOLDING,2.000A/A
10811,2026-06-03 13:29:39,27.4375,12.00,1.441,17.160,A,#2,HOLDING,1.000A/A
10812,2026-06-03 13:29:41,27.1875,12.00,1.441,17.160,A,#2,HOLDING,1.500A/A
10813,2026-06-03 13:29:43,26.9375,12.00,1.441,17.160,A,#2,HOLDING,2.000A/A
10814,2026-06-03 13:29:45,26.6875,12.00,1.429,17.028,A,#2,HOLDING,1.500A/A
10815,2026-06-03 13:29:47,26.4375,12.00,1.429,17.028,A,#2,HOLDING,1.500A/A
10816,2026-06-03 13:29:49,26.1375,12.00,1.429,17.028,A,#2,HOLDING,3.000A/A
10817,2026-06-03 13:29:50,25.9125,12.00,1.429,17.028,A,#2,HOLDING,1.000A/A
10818,2026-06-03 13:29:52,25.6375,12.00,1.232,9.140,A,#2,HOLDING,1.000A/A
10819,2026-06-03 13:29:55,25.4125,12.00,1.232,9.140,A,#2,HOLDING,2.000A/A
10820,2026-06-03 13:29:56,25.1875,12.00,1.232,9.140,A,#2,HOLDING,2.000A/A
10821,2026-06-03 13:29:58,24.9500,12.00,1.232,9.140,A,#2,HOLDING,3.000A/A
10822,2026-06-03 13:30:00,24.7000,12.00,1.420,16.896,A,#2,HOLDING,1.000A/A
10823,2026-06-03 13:30:02,24.4750,12.00,1.420,16.896,A,#2,HOLDING,1.500A/A
10824,2026-06-03 13:30:04,24.2500,12.00,1.420,16.896,A,#2,HOLDING,2.994A/A
10825,2026-06-03 13:30:06,24.0250,12.00,1.420,16.896,A,#2,HOLDING,1.000A/A
10826,2026-06-03 13:30:08,23.7500,12.00,1.214,9.180,A,#2,HOLDING,2.500A/A
10827,2026-06-03 13:30:10,23.5750,12.00,1.214,9.180,A,#2,HOLDING,2.939A/A
10828,2026-06-03 13:30:12,23.3750,12.00,1.214,9.180,A,#2,HOLDING,2.000A/A
10829,2026-06-03 13:30:14,23.1375,12.00,1.214,9.180,A,#2,HOLDING,1.000A/A
10830,2026-06-03 13:30:15,22.9375,12.00,1.208,9.180,A,#3,APPROACH,1.500A/A
10831,2026-06-03 13:30:18,22.7500,12.00,1.208,9.180,B,#3,APPROACH,0.134A/B
10832,2026-06-03 13:30:20,22.5500,12.00,1.208,9.180,B,#3,APPROACH,0.227A/B
10833,2026-06-03 13:30:22,22.3500,12.00,1.208,9.180,B,#3,APPROACH,0.329A/B
10834,2026-06-03 13:30:24,21.9625,6.41,0.329,9.180,B,#3,APPROACH,0.505A/B
10835,2026-06-03 13:30:26,21.8375,6.41,0.329,1.807,B,#3,APPROACH,0.615A/B
10836,2026-06-03 13:30:28,21.8375,6.41,0.329,1.807,B,#3,APPROACH,0.691A/B
10837,2026-06-03 13:30:29,21.7125,6.41,0.329,1.807,B,#3,APPROACH,0.754A/B
10838,2026-06-03 13:30:31,21.6125,5.66,0.329,1.807,B,#3,APPROACH,0.877A/B
10839,2026-06-03 13:30:33,21.5625,5.66,0.813,6.016,B,#3,APPROACH,1.001A/B
10840,2026-06-03 13:30:35,21.5125,5.66,0.813,6.016,B,#3,APPROACH,1.155A/B
10841,2026-06-03 13:30:37,21.5000,5.66,0.813,6.016,B,#3,APPROACH,1.259A/B
10842,2026-06-03 13:30:39,21.5000,9.67,0.813,6.016,B,#3,APPROACH,1.380A/B
10843,2026-06-03 13:30:41,21.5125,9.67,1.320,14.835,B,#3,APPROACH,1.500A/B
10844,2026-06-03 13:30:43,21.5625,9.67,1.320,14.835,B,#3,APPROACH,1.649A/B
10845,2026-06-03 13:30:45,21.6000,9.67,1.320,14.835,B,#3,APPROACH,1.748A/B
10846,2026-06-03 13:30:46,21.7250,12.00,1.320,14.835,B,#3,APPROACH,1.852A/B
10847,2026-06-03 13:30:48,21.8625,12.00,1.531,18.108,B,#3,APPROACH,1.500A/B
10848,2026-06-03 13:30:51,21.9875,12.00,1.531,18.108,B,#3,APPROACH,1.915A/B
10849,2026-06-03 13:30:52,22.1250,12.00,1.531,18.108,B,#3,APPROACH,1.989A/B
10850,2026-06-03 13:30:54,22.3000,12.00,1.531,18.108,B,#3,APPROACH,2.071A/B
10851,2026-06-03 13:30:56,22.4875,12.00,1.471,17.400,B,#3,APPROACH,2.138A/B
10852,2026-06-03 13:30:58,22.6875,12.00,1.471,17.400,B,#3,APPROACH,2.230A/B
10853,2026-06-03 13:31:00,22.9250,12.00,1.471,17.400,B,#3,APPROACH,2.269A/B
10854,2026-06-03 13:31:02,23.1250,12.00,1.471,17.400,B,#3,APPROACH,2.322A/B
10855,2026-06-03 13:31:04,23.3625,12.00,1.428,16.908,B,#3,APPROACH,2.000A/B
10856,2026-06-03 13:31:06,23.6125,12.00,1.428,16.908,B,#3,APPROACH,1.500A/B
10857,2026-06-03 13:31:08,23.8375,12.00,1.428,16.908,B,#3,HOLDING,2.000A/B
10858,2026-06-03 13:31:10,24.0875,12.00,1.428,16.908,OFF,#3,HOLDING,0.000A/OFF
10859,2026-06-03 13:31:11,24.3375,12.00,1.428,16.908,OFF,#3,HOLDING,0.000A/OFF
10860,2026-06-03 13:31:12,24.3375,12.00,1.396,16.908,OFF,#3,HOLDING,0.000A/OFF
10861,2026-06-03 13:31:13,24.5875,12.00,1.396,0.000,OFF,#3,HOLDING,0.000A/OFF
10862,2026-06-03 13:31:14,24.5875,12.00,1.396,0.000,OFF,#3,HOLDING,0.000A/OFF
10863,2026-06-03 13:31:15,24.8625,12.00,1.396,0.000,OFF,#3,HOLDING,0.000A/OFF
10864,2026-06-03 13:31:16,24.8625,12.00,1.396,0.000,OFF,#3,HOLDING,0.000A/OFF
10865,2026-06-03 13:31:17,25.0875,12.00,1.396,0.000,OFF,#3,HOLDING,0.000A/OFF
10866,2026-06-03 13:31:18,25.0875,12.00,0.000,0.000,OFF,#3,HOLDING,0.000A/OFF
10867,2026-06-03 13:31:19,25.3125,12.00,0.000,0.000,OFF,#3,HOLDING,0.000A/OFF
10868,2026-06-03 13:31:20,25.3125,12.00,0.000,0.000,OFF,#3,HOLDING,0.000A/OFF
10869,2026-06-03 13:31:21,25.5625,12.00,0.000,0.000,OFF,#3,HOLDING,0.000A/OFF
10870,2026-06-03 13:31:22,25.5625,12.00,0.000,0.000,OFF,#3,HOLDING,0.000A/OFF
10871,2026-06-03 13:31:23,25.7500,12.00,0.000,0.000,A,#3,HOLDING,0.109A/A
10872,2026-06-03 13:31:25,25.9500,12.00,0.000,0.022,A,#3,HOLDING,0.186A/A
10873,2026-06-03 13:31:27,26.1125,12.00,0.000,0.022,A,#3,HOLDING,0.269A/A
10874,2026-06-03 13:31:28,26.2625,12.00,0.000,0.022,A,#3,HOLDING,0.307A/A
10875,2026-06-03 13:31:30,26.4250,2.04,0.000,0.022,A,#3,HOLDING,0.372A/A
10876,2026-06-03 13:31:32,26.5250,2.04,0.372,1.023,A,#3,HOLDING,0.439A/A
10877,2026-06-03 13:31:35,26.6375,2.04,0.372,1.023,A,#3,HOLDING,0.523A/A
10878,2026-06-03 13:31:36,26.6875,2.04,0.372,1.023,A,#3,HOLDING,0.575A/A
10879,2026-06-03 13:31:38,26.7875,4.46,0.372,1.023,A,#3,HOLDING,0.655A/A
10880,2026-06-03 13:31:40,26.8375,4.46,0.655,3.445,A,#3,HOLDING,0.728A/A
10881,2026-06-03 13:31:42,26.8750,4.46,0.655,3.445,A,#3,HOLDING,0.825A/A
10882,2026-06-03 13:31:44,26.8750,4.46,0.655,3.445,A,#3,HOLDING,0.881A/A
10883,2026-06-03 13:31:46,26.8750,6.98,0.655,3.445,A,#3,HOLDING,0.953A/A
10884,2026-06-03 13:31:48,26.8500,6.98,0.953,7.376,A,#3,HOLDING,1.022A/A
10885,2026-06-03 13:31:50,26.8125,6.98,0.953,7.376,A,#3,HOLDING,1.114A/A
10886,2026-06-03 13:31:52,26.8125,6.98,0.953,7.376,A,#3,HOLDING,1.178A/A
10887,2026-06-03 13:31:53,26.7375,9.34,0.953,7.376,A,#3,HOLDING,1.000A/A
10888,2026-06-03 13:31:55,26.6875,9.34,1.000,8.310,A,#3,HOLDING,1.236A/A
10889,2026-06-03 13:31:58,26.6125,9.34,1.000,8.310,A,#3,HOLDING,1.312A/A
10890,2026-06-03 13:31:59,26.4875,9.34,1.000,8.310,A,#3,HOLDING,1.000A/A
10891,2026-06-03 13:32:01,26.3875,8.36,1.000,8.310,A,#3,HOLDING,1.342A/A
10892,2026-06-03 13:32:03,26.2375,8.36,1.342,14.627,A,#3,HOLDING,1.379A/A
10893,2026-06-03 13:32:05,26.1375,8.36,1.342,14.627,A,#3,HOLDING,1.444A/A
10894,2026-06-03 13:32:07,25.9875,8.36,1.342,14.627,A,#3,HOLDING,1.467A/A
10895,2026-06-03 13:32:09,25.8625,11.69,1.342,14.627,A,#3,HOLDING,1.504A/A
10896,2026-06-03 13:32:11,25.6875,11.69,1.477,17.700,A,#3,HOLDING,1.474A/A
10897,2026-06-03 13:32:13,25.5250,11.69,1.477,17.700,A,#3,HOLDING,1.514A/A
10898,2026-06-03 13:32:15,25.3750,11.69,1.477,17.700,A,#3,HOLDING,1.528A/A
10899,2026-06-03 13:32:16,25.1875,12.00,1.477,17.700,A,#3,HOLDING,1.000A/A
10900,2026-06-03 13:32:18,24.9625,12.00,1.236,8.880,A,#3,HOLDING,1.500A/A
10901,2026-06-03 13:32:21,24.8000,12.00,1.236,8.880,A,#3,HOLDING,1.539A/A
10902,2026-06-03 13:32:22,24.5750,12.00,1.236,8.880,A,#3,HOLDING,1.000A/A
10903,2026-06-03 13:32:24,24.3875,8.82,1.236,8.880,A,#3,HOLDING,1.527A/A
10904,2026-06-03 13:32:26,24.1875,8.82,1.457,17.340,A,#3,HOLDING,1.496A/A
10905,2026-06-03 13:32:28,24.0125,8.82,1.457,17.340,A,#3,HOLDING,1.470A/A
10906,2026-06-03 13:32:30,23.8125,8.82,1.457,17.340,A,#3,HOLDING,1.433A/A
10907,2026-06-03 13:32:32,23.6250,11.84,1.457,17.340,A,#3,HOLDING,1.000A/A
10908,2026-06-03 13:32:34,23.3750,11.84,1.217,9.060,A,#3,HOLDING,1.306A/A
10909,2026-06-03 13:32:36,23.2000,11.84,1.217,9.060,A,#3,HOLDING,1.230A/A
10910,2026-06-03 13:32:38,23.0000,11.84,1.217,9.060,A,#3,HOLDING,1.157A/A
10911,2026-06-03 13:32:40,22.8250,10.06,1.217,9.060,A,#3,HOLDING,1.082A/A
10912,2026-06-03 13:32:41,22.6250,10.06,1.117,10.462,A,#3,HOLDING,0.984A/A
10913,2026-06-03 13:32:44,22.4500,10.06,1.117,10.462,A,#3,HOLDING,0.874A/A
10914,2026-06-03 13:32:45,22.2500,10.06,1.117,10.462,A,#3,HOLDING,0.775A/A
10915,2026-06-03 13:32:47,22.1000,7.35,1.117,10.462,A,#3,HOLDING,0.672A/A
10916,2026-06-03 13:32:49,21.9250,7.35,0.721,4.475,A,#3,HOLDING,0.553A/A
10917,2026-06-03 13:32:51,21.7500,7.35,0.721,4.475,A,#3,HOLDING,0.445A/A
10918,2026-06-03 13:32:53,21.5500,7.35,0.721,4.475,A,#3,HOLDING,0.327A/A
10919,2026-06-03 13:32:55,21.4125,3.85,0.721,4.475,A,#3,HOLDING,0.195A/A
10920,2026-06-03 13:32:57,21.2625,3.85,0.195,4.475,OFF,#3,HOLDING,0.000A/OFF
10921,2026-06-03 13:32:58,21.2625,3.85,0.195,0.551,OFF,#3,HOLDING,0.000A/OFF
10922,2026-06-03 13:32:59,21.1375,3.85,0.195,0.551,OFF,#3,HOLDING,0.000A/OFF
10923,2026-06-03 13:33:00,20.9875,3.85,0.195,0.551,B,#3,HOLDING,0.181A/B
10924,2026-06-03 13:33:02,20.9875,3.85,0.195,0.551,B,#3,HOLDING,0.332A/B
10925,2026-06-03 13:33:03,20.9000,7.36,0.332,0.551,B,#3,HOLDING,0.457A/B
10926,2026-06-03 13:33:05,20.7750,7.36,0.332,1.540,B,#3,HOLDING,0.606A/B
10927,2026-06-03 13:33:07,20.6875,7.36,0.332,1.540,B,#3,HOLDING,0.745A/B
10928,2026-06-03 13:33:08,20.6375,7.36,0.332,1.540,B,#3,HOLDING,0.881A/B
10929,2026-06-03 13:33:10,20.6125,6.76,0.332,1.540,B,#3,HOLDING,1.033A/B
10930,2026-06-03 13:33:12,20.5625,6.76,0.953,8.367,B,#3,HOLDING,1.191A/B
10931,2026-06-03 13:33:15,20.5500,6.76,0.953,8.367,B,#3,HOLDING,1.392A/B
10932,2026-06-03 13:33:16,20.5750,6.76,0.953,8.367,B,#3,HOLDING,1.000A/B
10933,2026-06-03 13:33:18,20.6250,8.05,0.953,8.367,B,#3,HOLDING,1.000A/B
10934,2026-06-03 13:33:20,20.6750,8.05,1.000,8.240,B,#3,HOLDING,1.514A/B
10935,2026-06-03 13:33:22,20.7625,8.05,1.000,8.240,B,#3,HOLDING,1.700A/B
10936,2026-06-03 13:33:24,20.8375,8.05,1.000,8.240,B,#3,HOLDING,1.500A/B
10937,2026-06-03 13:33:26,20.9500,11.65,1.000,8.240,B,#3,HOLDING,1.813A/B
10938,2026-06-03 13:33:28,21.1250,11.65,1.513,18.144,B,#3,HOLDING,1.937A/B
10939,2026-06-03 13:33:30,21.2375,11.65,1.513,18.144,B,#3,HOLDING,2.101A/B
10940,2026-06-03 13:33:31,21.3875,11.65,1.513,18.144,B,#3,HOLDING,1.000A/B
10941,2026-06-03 13:33:33,21.5500,8.67,1.513,18.144,B,#3,HOLDING,1.000A/B
10942,2026-06-03 13:33:35,21.7500,8.67,1.000,8.830,B,#3,HOLDING,2.179A/B
10943,2026-06-03 13:33:38,21.9500,8.67,1.000,8.830,B,#3,HOLDING,2.265A/B
10944,2026-06-03 13:33:39,22.1750,8.67,1.000,8.830,B,#3,HOLDING,2.328A/B
10945,2026-06-03 13:33:41,22.4000,12.00,1.000,8.830,B,#3,HOLDING,1.500A/B
10946,2026-06-03 13:33:43,22.5750,12.00,1.450,17.184,B,#3,HOLDING,1.500A/B
10947,2026-06-03 13:33:45,22.8125,12.00,1.450,17.184,B,#3,HOLDING,1.500A/B
10948,2026-06-03 13:33:47,23.0375,12.00,1.450,17.184,B,#3,HOLDING,2.377A/B
10949,2026-06-03 13:33:49,23.2500,12.00,1.450,17.184,B,#3,HOLDING,2.000A/B
10950,2026-06-03 13:33:51,23.5000,12.00,1.412,16.752,B,#3,HOLDING,2.000A/B
10951,2026-06-03 13:33:53,23.7500,12.00,1.412,16.752,B,#3,HOLDING,2.399A/B
10952,2026-06-03 13:33:54,24.0250,12.00,1.412,16.752,B,#3,HOLDING,2.362A/B
10953,2026-06-03 13:33:56,24.2500,12.00,1.412,16.752,B,#3,HOLDING,2.000A/B
10954,2026-06-03 13:33:58,24.5250,12.00,1.382,16.416,B,#3,HOLDING,1.000A/B
10955,2026-06-03 13:34:01,24.7750,12.00,1.382,16.416,B,#3,HOLDING,2.000A/B
10956,2026-06-03 13:34:02,25.0500,12.00,1.382,16.416,B,#3,HOLDING,1.500A/B
10957,2026-06-03 13:34:04,25.2750,12.00,1.382,16.416,B,#3,HOLDING,2.388A/B
10958,2026-06-03 13:34:06,25.5500,12.00,1.364,16.212,B,#3,HOLDING,1.500A/B
10959,2026-06-03 13:34:08,25.8375,12.00,1.364,16.212,B,#3,HOLDING,2.306A/B
10960,2026-06-03 13:34:10,26.0875,12.00,1.364,16.212,B,#3,HOLDING,2.244A/B
10961,2026-06-03 13:34:12,26.3375,12.00,1.364,16.212,B,#3,HOLDING,2.000A/B
10962,2026-06-03 13:34:14,26.6375,12.00,1.346,15.984,B,#3,HOLDING,2.000A/B
10963,2026-06-03 13:34:16,26.9000,12.00,1.346,15.984,B,#3,HOLDING,1.000A/B
10964,2026-06-03 13:34:18,27.1500,12.00,1.346,15.984,B,#3,HOLDING,2.127A/B
10965,2026-06-03 13:34:19,27.4000,12.00,1.346,15.984,B,#3,HOLDING,1.500A/B
10966,2026-06-03 13:34:21,27.6500,12.00,1.330,15.804,B,#3,HOLDING,2.003A/B
10967,2026-06-03 13:34:24,27.9250,12.00,1.330,15.804,B,#3,HOLDING,1.500A/B
10968,2026-06-03 13:34:25,28.1750,12.00,1.330,15.804,B,#3,HOLDING,1.000A/B
10969,2026-06-03 13:34:27,28.4125,9.66,1.330,15.804,B,#3,HOLDING,1.877A/B
10970,2026-06-03 13:34:29,28.6875,9.66,1.209,15.696,B,#3,HOLDING,1.000A/B
10971,2026-06-03 13:34:31,28.9000,9.66,1.209,15.696,B,#3,HOLDING,1.500A/B
10972,2026-06-03 13:34:33,29.1750,9.66,1.209,15.696,B,#3,HOLDING,1.693A/B
10973,2026-06-03 13:34:35,29.4000,12.00,1.209,15.696,B,#3,HOLDING,1.511A/B
10974,2026-06-03 13:34:37,29.6500,12.00,1.313,15.588,B,#3,HOLDING,1.000A/B
10975,2026-06-03 13:34:39,29.8750,12.00,1.313,15.588,B,#3,HOLDING,1.310A/B
10976,2026-06-03 13:34:41,30.1500,12.00,1.313,15.588,B,#3,HOLDING,1.122A/B
10977,2026-06-03 13:34:43,30.3750,10.60,1.313,15.588,B,#3,HOLDING,0.902A/B
10978,2026-06-03 13:34:44,30.6250,10.60,1.010,8.235,B,#3,HOLDING,0.672A/B
10979,2026-06-03 13:34:47,30.8625,10.60,1.010,8.235,B,#3,HOLDING,0.378A/B
10980,2026-06-03 13:34:48,31.0625,10.60,1.010,8.235,B,#3,HOLDING,0.167A/B
10981,2026-06-03 13:34:50,31.2500,10.60,1.010,8.235,OFF,#3,HOLDING,0.000A/OFF
10982,2026-06-03 13:34:51,31.2500,3.15,0.167,8.235,OFF,#3,HOLDING,0.204A/A
10983,2026-06-03 13:34:53,31.4750,3.15,0.167,0.043,A,#3,HOLDING,0.436A/A
10984,2026-06-03 13:34:54,31.6750,3.15,0.167,0.043,A,#3,HOLDING,0.666A/A
10985,2026-06-03 13:34:56,31.8250,3.15,0.167,0.043,A,#3,HOLDING,0.907A/A
10986,2026-06-03 13:34:58,31.9875,6.25,0.167,0.043,A,#3,HOLDING,1.000A/A
10987,2026-06-03 13:35:00,32.1375,6.25,1.000,7.330,A,#3,HOLDING,1.183A/A
10988,2026-06-03 13:35:02,32.2375,6.25,1.000,7.330,A,#3,HOLDING,1.541A/A
10989,2026-06-03 13:35:04,32.3125,6.25,1.000,7.330,A,#3,HOLDING,1.783A/A
10990,2026-06-03 13:35:06,32.3500,12.00,1.000,7.330,A,#3,HOLDING,1.000A/A
10991,2026-06-03 13:35:07,32.3750,12.00,1.011,7.780,A,#3,HOLDING,1.500A/A
10992,2026-06-03 13:35:10,32.3625,12.00,1.011,7.780,A,#3,HOLDING,2.060A/A
10993,2026-06-03 13:35:11,32.3125,12.00,1.011,7.780,A,#3,HOLDING,2.295A/A
10994,2026-06-03 13:35:13,32.2625,12.00,1.011,7.780,A,#3,HOLDING,2.564A/A
10995,2026-06-03 13:35:15,32.1625,12.00,1.573,18.660,A,#3,HOLDING,1.500A/A
10996,2026-06-03 13:35:18,32.0875,12.00,1.573,18.660,A,#3,HOLDING,2.500A/A
10997,2026-06-03 13:35:19,31.9375,12.00,1.573,18.660,A,#3,HOLDING,2.500A/A
10998,2026-06-03 13:35:21,31.7625,12.00,1.573,18.660,A,#3,HOLDING,2.000A/A
10999,2026-06-03 13:35:23,31.5625,12.00,1.521,18.072,A,#3,HOLDING,2.000A/A
11000,2026-06-03 13:35:25,31.3875,12.00,1.521,18.072,A,#3,HOLDING,2.772A/A
11001,2026-06-03 13:35:27,31.1875,12.00,1.521,18.072,A,#3,HOLDING,1.000A/A
11002,2026-06-03 13:35:29,30.9500,8.54,1.521,18.072,A,#3,HOLDING,1.500A/A
11003,2026-06-03 13:35:31,30.7500,8.54,1.475,17.688,A,#3,HOLDING,1.000A/A
11004,2026-06-03 13:35:33,30.5125,8.54,1.475,17.688,A,#3,HOLDING,1.000A/A
11005,2026-06-03 13:35:35,30.2625,8.54,1.475,17.688,A,#3,HOLDING,2.000A/A
11006,2026-06-03 13:35:36,30.0125,12.00,1.475,17.688,A,#3,HOLDING,1.500A/A
11007,2026-06-03 13:35:38,29.7625,12.00,1.465,17.436,A,#3,HOLDING,1.000A/A
11008,2026-06-03 13:35:41,29.5000,12.00,1.465,17.436,A,#3,HOLDING,2.877A/A
11009,2026-06-03 13:35:42,29.2500,12.00,1.465,17.436,A,#3,HOLDING,3.000A/A
11010,2026-06-03 13:35:44,29.0000,12.00,1.465,17.436,A,#3,HOLDING,2.000A/A
11011,2026-06-03 13:35:46,28.7000,12.00,1.450,17.232,A,#3,HOLDING,2.500A/A
11012,2026-06-03 13:35:48,28.4625,12.00,1.450,17.232,A,#3,HOLDING,2.500A/A
11013,2026-06-03 13:35:50,28.2375,12.00,1.450,17.232,A,#3,HOLDING,2.957A/A
11014,2026-06-03 13:35:52,27.9625,12.00,1.450,17.232,A,#3,HOLDING,1.500A/A
11015,2026-06-03 13:35:54,27.6625,12.00,1.432,17.040,A,#3,HOLDING,1.000A/A
11016,2026-06-03 13:35:56,27.4375,12.00,1.432,17.040,A,#3,HOLDING,1.500A/A
11017,2026-06-03 13:35:58,27.1625,12.00,1.432,17.040,A,#3,HOLDING,2.963A/A
11018,2026-06-03 13:35:59,26.8750,12.00,1.432,17.040,A,#3,HOLDING,2.500A/A
11019,2026-06-03 13:36:01,26.6250,12.00,1.422,16.944,A,#3,HOLDING,2.000A/A
11020,2026-06-03 13:36:04,26.3750,12.00,1.422,16.944,A,#3,HOLDING,1.000A/A
11021,2026-06-03 13:36:05,26.1000,12.00,1.422,16.944,A,#3,HOLDING,1.500A/A
11022,2026-06-03 13:36:07,25.8750,12.00,1.422,16.944,A,#3,HOLDING,1.500A/A
11023,2026-06-03 13:36:09,25.6000,12.00,1.412,16.836,A,#3,HOLDING,2.000A/A
11024,2026-06-03 13:36:11,25.3500,12.00,1.412,16.836,A,#3,HOLDING,1.500A/A
11025,2026-06-03 13:36:13,25.0750,12.00,1.412,16.836,A,#3,HOLDING,1.500A/A
11026,2026-06-03 13:36:15,24.8500,12.00,1.412,16.836,A,#3,HOLDING,2.000A/A
11027,2026-06-03 13:36:17,24.5750,12.00,1.412,16.812,A,#3,HOLDING,1.500A/A
11028,2026-06-03 13:36:19,24.3750,12.00,1.412,16.812,A,#4,APPROACH,2.939A/A
11029,2026-06-03 13:36:21,24.1250,12.00,1.412,16.812,B,#4,APPROACH,0.137A/B
11030,2026-06-03 13:36:22,23.9125,12.00,1.412,16.812,B,#4,APPROACH,0.224A/B
11031,2026-06-03 13:36:24,23.6375,6.53,1.412,16.812,B,#4,APPROACH,0.329A/B
11032,2026-06-03 13:36:27,23.4375,6.53,0.507,0.759,B,#4,APPROACH,0.412A/B
11033,2026-06-03 13:36:29,23.2375,6.53,0.507,0.759,B,#4,APPROACH,0.566A/B
11034,2026-06-03 13:36:31,23.0875,6.53,0.507,0.759,B,#4,APPROACH,0.682A/B
11035,2026-06-03 13:36:32,22.9625,5.16,0.507,0.759,B,#4,APPROACH,0.817A/B
11036,2026-06-03 13:36:34,22.9000,5.16,0.817,5.294,B,#4,APPROACH,0.949A/B
11037,2026-06-03 13:36:37,22.8500,5.16,0.817,5.294,B,#4,APPROACH,1.000A/B
11038,2026-06-03 13:36:38,22.8125,5.16,0.817,5.294,B,#4,APPROACH,1.000A/B
11039,2026-06-03 13:36:40,22.7875,7.96,0.817,5.294,B,#4,APPROACH,1.119A/B
11040,2026-06-03 13:36:42,22.8125,7.96,1.056,10.093,B,#4,APPROACH,1.000A/B
11041,2026-06-03 13:36:44,22.8125,7.96,1.056,10.093,B,#4,APPROACH,1.249A/B
11042,2026-06-03 13:36:46,22.8750,7.96,1.056,10.093,B,#4,APPROACH,1.000A/B
11043,2026-06-03 13:36:48,22.9250,8.31,1.056,10.093,B,#4,APPROACH,1.354A/B
11044,2026-06-03 13:36:50,23.0125,8.31,1.171,14.772,B,#4,APPROACH,1.476A/B
11045,2026-06-03 13:36:52,23.0875,8.31,1.171,14.772,B,#4,APPROACH,1.636A/B
11046,2026-06-03 13:36:54,23.2000,8.31,1.171,14.772,B,#4,APPROACH,1.000A/B
11047,2026-06-03 13:36:55,23.3250,8.66,1.171,14.772,B,#4,APPROACH,1.500A/B
11048,2026-06-03 13:36:57,23.4875,8.66,1.241,17.628,B,#4,APPROACH,1.714A/B
11049,2026-06-03 13:37:00,23.6125,8.66,1.241,17.628,B,#4,APPROACH,1.818A/B
11050,2026-06-03 13:37:01,23.7500,8.66,1.241,17.628,B,#4,APPROACH,1.000A/B
11051,2026-06-03 13:37:03,23.9500,8.91,1.241,17.628,B,#4,APPROACH,1.882A/B
11052,2026-06-03 13:37:05,24.1375,8.91,1.220,17.124,B,#4,APPROACH,1.950A/B
11053,2026-06-03 13:37:07,24.3125,8.91,1.220,17.124,B,#4,APPROACH,1.000A/B
11054,2026-06-03 13:37:09,24.5250,8.91,1.220,17.124,B,#4,APPROACH,2.033A/B
11055,2026-06-03 13:37:11,24.7500,12.00,1.220,17.124,B,#4,APPROACH,2.000A/B
11056,2026-06-03 13:37:13,24.9250,12.00,1.407,16.680,B,#4,APPROACH,2.072A/B
11057,2026-06-03 13:37:15,25.1500,12.00,1.407,16.680,B,#4,APPROACH,1.500A/B
11058,2026-06-03 13:37:17,25.3625,12.00,1.407,16.680,B,#4,APPROACH,2.121A/B
11059,2026-06-03 13:37:18,25.5875,12.00,1.407,16.680,B,#4,HOLDING,2.000A/B
11060,2026-06-03 13:37:20,25.8125,12.00,1.377,16.680,OFF,#4,HOLDING,0.000A/OFF
11061,2026-06-03 13:37:21,26.0625,12.00,1.377,16.320,OFF,#4,HOLDING,0.000A/OFF
11062,2026-06-03 13:37:22,26.0625,12.00,1.377,16.320,OFF,#4,HOLDING,0.000A/OFF
11063,2026-06-03 13:37:23,26.2875,12.00,1.377,16.320,OFF,#4,HOLDING,0.000A/OFF
11064,2026-06-03 13:37:24,26.2875,12.00,1.377,16.320,OFF,#4,HOLDING,0.000A/OFF
11065,2026-06-03 13:37:25,26.5125,12.00,1.377,16.320,OFF,#4,HOLDING,0.000A/OFF
11066,2026-06-03 13:37:26,26.5125,12.00,1.377,16.320,OFF,#4,HOLDING,0.000A/OFF
11067,2026-06-03 13:37:27,26.7500,12.00,0.000,16.320,OFF,#4,HOLDING,0.000A/OFF
11068,2026-06-03 13:37:28,26.7500,12.00,0.000,0.000,OFF,#4,HOLDING,0.000A/OFF
11069,2026-06-03 13:37:29,27.0000,12.00,0.000,0.000,OFF,#4,HOLDING,0.000A/OFF
11070,2026-06-03 13:37:30,27.0000,12.00,0.000,0.000,OFF,#4,HOLDING,0.000A/OFF
11071,2026-06-03 13:37:31,27.2375,12.00,0.000,0.000,OFF,#4,HOLDING,0.000A/OFF
11072,2026-06-03 13:37:32,27.2375,12.00,0.000,0.000,OFF,#4,HOLDING,0.000A/OFF
11073,2026-06-03 13:37:33,27.4125,12.00,0.000,0.000,A,#4,HOLDING,0.101A/A
11074,2026-06-03 13:37:36,27.6125,12.00,0.000,0.000,A,#4,HOLDING,0.183A/A
11075,2026-06-03 13:37:37,27.7625,12.00,0.000,0.000,A,#4,HOLDING,0.249A/A
11076,2026-06-03 13:37:39,27.9250,1.44,0.000,0.000,A,#4,HOLDING,0.295A/A
11077,2026-06-03 13:37:41,28.0750,1.44,0.295,0.592,A,#4,HOLDING,0.361A/A
11078,2026-06-03 13:37:44,28.1625,1.44,0.295,0.592,A,#4,HOLDING,0.434A/A
11079,2026-06-03 13:37:45,28.2625,1.44,0.295,0.592,A,#4,HOLDING,0.490A/A
11080,2026-06-03 13:37:47,28.3125,3.70,0.295,0.592,A,#4,HOLDING,0.550A/A
11081,2026-06-03 13:37:49,28.3625,3.70,0.550,2.420,A,#4,HOLDING,0.620A/A
11082,2026-06-03 13:37:51,28.4125,3.70,0.550,2.420,A,#4,HOLDING,0.706A/A
11083,2026-06-03 13:37:53,28.4125,3.70,0.550,2.420,A,#4,HOLDING,0.762A/A
11084,2026-06-03 13:37:55,28.4125,6.03,0.550,2.420,A,#4,HOLDING,0.828A/A
11085,2026-06-03 13:37:57,28.4125,6.03,0.828,5.630,A,#4,HOLDING,0.895A/A
11086,2026-06-03 13:37:59,28.3750,6.03,0.828,5.630,A,#4,HOLDING,0.979A/A
11087,2026-06-03 13:38:01,28.3250,6.03,0.828,5.630,A,#4,HOLDING,1.000A/A
11088,2026-06-03 13:38:02,28.2750,8.06,0.828,5.630,A,#4,HOLDING,1.022A/A
11089,2026-06-03 13:38:04,28.2000,8.06,1.022,8.656,A,#4,HOLDING,1.076A/A
11090,2026-06-03 13:38:07,28.1125,8.06,1.022,8.656,A,#4,HOLDING,1.000A/A
11091,2026-06-03 13:38:08,28.0125,8.06,1.022,8.656,A,#4,HOLDING,1.136A/A
11092,2026-06-03 13:38:10,27.9000,9.22,1.022,8.656,A,#4,HOLDING,1.179A/A
11093,2026-06-03 13:38:12,27.7750,9.22,1.179,11.530,A,#4,HOLDING,1.000A/A
11094,2026-06-03 13:38:14,27.6375,9.22,1.179,11.530,A,#4,HOLDING,1.208A/A
11095,2026-06-03 13:38:16,27.4875,9.22,1.179,11.530,A,#4,HOLDING,1.177A/A
11096,2026-06-03 13:38:18,27.3250,9.71,1.179,11.530,A,#4,HOLDING,1.000A/A
11097,2026-06-03 13:38:20,27.1500,9.71,1.014,8.670,A,#4,HOLDING,1.200A/A
11098,2026-06-03 13:38:22,26.9750,9.71,1.014,8.670,A,#4,HOLDING,1.000A/A
11099,2026-06-03 13:38:24,26.8000,9.71,1.014,8.670,A,#4,HOLDING,1.223A/A
11100,2026-06-03 13:38:25,26.6250,10.13,1.014,8.670,A,#4,HOLDING,1.228A/A
11101,2026-06-03 13:38:27,26.4250,10.13,1.228,12.783,A,#4,HOLDING,1.220A/A
11102,2026-06-03 13:38:30,26.2500,10.13,1.228,12.783,A,#4,HOLDING,1.000A/A
11103,2026-06-03 13:38:31,26.0250,10.13,1.228,12.783,A,#4,HOLDING,1.205A/A
11104,2026-06-03 13:38:33,25.8250,10.10,1.228,12.783,A,#4,HOLDING,1.178A/A
11105,2026-06-03 13:38:35,25.6250,10.10,1.178,11.921,A,#4,HOLDING,1.000A/A
11106,2026-06-03 13:38:37,25.4500,10.10,1.178,11.921,A,#4,HOLDING,1.098A/A
11107,2026-06-03 13:38:39,25.2500,10.10,1.178,11.921,A,#4,HOLDING,1.043A/A
11108,2026-06-03 13:38:41,25.0125,9.19,1.178,11.921,A,#4,HOLDING,0.972A/A
11109,2026-06-03 13:38:43,24.8125,9.19,0.986,8.543,A,#4,HOLDING,0.892A/A
11110,2026-06-03 13:38:45,24.6375,9.19,0.986,8.543,A,#4,HOLDING,0.803A/A
11111,2026-06-03 13:38:47,24.4125,9.19,0.986,8.543,A,#4,HOLDING,0.721A/A
11112,2026-06-03 13:38:49,24.2000,6.90,0.986,8.543,A,#4,HOLDING,0.623A/A
11113,2026-06-03 13:38:50,24.0250,6.90,0.651,3.875,A,#4,HOLDING,0.517A/A
11114,2026-06-03 13:38:53,23.8250,6.90,0.651,3.875,A,#4,HOLDING,0.390A/A
11115,2026-06-03 13:38:54,23.6250,6.90,0.651,3.875,A,#4,HOLDING,0.285A/A
11116,2026-06-03 13:38:56,23.4500,3.51,0.651,3.875,A,#4,HOLDING,0.206A/A
11117,2026-06-03 13:38:58,23.3000,3.51,0.228,3.875,OFF,#4,HOLDING,0.000A/OFF
11118,2026-06-03 13:38:59,23.3000,3.51,0.228,0.591,OFF,#4,HOLDING,0.000A/OFF
11119,2026-06-03 13:39:00,23.1375,3.51,0.228,0.591,OFF,#4,HOLDING,0.000A/OFF
11120,2026-06-03 13:39:01,22.9875,3.51,0.228,0.591,B,#4,HOLDING,0.139A/B
11121,2026-06-03 13:39:03,22.8375,3.51,0.228,0.591,B,#4,HOLDING,0.297A/B
11122,2026-06-03 13:39:05,22.8375,4.26,0.297,0.591,B,#4,HOLDING,0.404A/B
11123,2026-06-03 13:39:07,22.7125,4.26,0.297,1.264,B,#4,HOLDING,0.544A/B
11124,2026-06-03 13:39:08,22.5875,4.26,0.297,1.264,B,#4,HOLDING,0.676A/B
11125,2026-06-03 13:39:10,22.5125,4.26,0.297,1.264,B,#4,HOLDING,0.811A/B
11126,2026-06-03 13:39:12,22.4375,6.41,0.297,1.264,B,#4,HOLDING,0.963A/B
11127,2026-06-03 13:39:13,22.3875,6.41,0.930,7.463,B,#4,HOLDING,1.113A/B
11128,2026-06-03 13:39:16,22.3125,6.41,0.930,7.463,B,#4,HOLDING,1.315A/B
11129,2026-06-03 13:39:17,22.2875,6.41,0.930,7.463,B,#4,HOLDING,1.449A/B
11130,2026-06-03 13:39:19,22.3125,11.02,0.930,7.463,B,#4,HOLDING,1.601A/B
11131,2026-06-03 13:39:21,22.3125,11.02,1.562,18.528,B,#4,HOLDING,1.754A/B
11132,2026-06-03 13:39:24,22.3500,11.02,1.562,18.528,B,#4,HOLDING,1.949A/B
11133,2026-06-03 13:39:25,22.4250,11.02,1.562,18.528,B,#4,HOLDING,2.000A/B
11134,2026-06-03 13:39:27,22.5375,12.00,1.562,18.528,B,#4,HOLDING,2.063A/B
11135,2026-06-03 13:39:29,22.6625,12.00,1.502,17.784,B,#4,HOLDING,2.197A/B
11136,2026-06-03 13:39:31,22.8000,12.00,1.502,17.784,B,#4,HOLDING,2.000A/B
11137,2026-06-03 13:39:33,22.9250,12.00,1.502,17.784,B,#4,HOLDING,1.000A/B
11138,2026-06-03 13:39:35,23.1000,8.87,1.502,17.784,B,#4,HOLDING,2.347A/B
11139,2026-06-03 13:39:37,23.2500,8.87,1.453,17.244,B,#4,HOLDING,2.459A/B
11140,2026-06-03 13:39:39,23.4875,8.87,1.453,17.244,B,#4,HOLDING,2.589A/B
11141,2026-06-03 13:39:41,23.6625,8.87,1.453,17.244,B,#4,HOLDING,1.000A/B
11142,2026-06-03 13:39:42,23.8750,9.08,1.453,17.244,B,#4,HOLDING,1.000A/B
11143,2026-06-03 13:39:44,24.0750,9.08,1.000,9.210,B,#4,HOLDING,2.000A/B
11144,2026-06-03 13:39:47,24.3000,9.08,1.000,9.210,B,#4,HOLDING,2.594A/B
11145,2026-06-03 13:39:48,24.5000,9.08,1.000,9.210,B,#4,HOLDING,2.647A/B
11146,2026-06-03 13:39:50,24.6875,12.00,1.000,9.210,B,#4,HOLDING,1.500A/B
11147,2026-06-03 13:39:52,24.9375,12.00,1.401,16.632,B,#4,HOLDING,1.500A/B
11148,2026-06-03 13:39:54,25.1500,12.00,1.401,16.632,B,#4,HOLDING,2.000A/B
11149,2026-06-03 13:39:56,25.3750,12.00,1.401,16.632,B,#4,HOLDING,2.500A/B
11150,2026-06-03 13:39:58,25.6125,12.00,1.401,16.632,B,#4,HOLDING,2.500A/B
11151,2026-06-03 13:40:00,25.8375,12.00,1.372,16.296,B,#4,HOLDING,2.000A/B
11152,2026-06-03 13:40:02,26.0875,12.00,1.372,16.296,B,#4,HOLDING,1.500A/B
11153,2026-06-03 13:40:04,26.3125,12.00,1.372,16.296,B,#4,HOLDING,2.000A/B
11154,2026-06-03 13:40:05,26.5625,12.00,1.372,16.296,B,#4,HOLDING,2.500A/B
11155,2026-06-03 13:40:07,26.8125,12.00,1.351,16.044,B,#4,HOLDING,2.500A/B
11156,2026-06-03 13:40:10,27.0500,12.00,1.351,16.044,B,#4,HOLDING,2.000A/B
11157,2026-06-03 13:40:11,27.2750,12.00,1.351,16.044,B,#4,HOLDING,2.500A/B
11158,2026-06-03 13:40:13,27.5500,12.00,1.351,16.044,B,#4,HOLDING,2.500A/B
11159,2026-06-03 13:40:15,27.8000,12.00,1.334,15.852,B,#4,HOLDING,1.500A/B
11160,2026-06-03 13:40:17,28.0250,12.00,1.334,15.852,A,#1,APPROACH,1.085A/A
11161,2026-06-03 13:40:19,28.2750,12.00,1.334,15.852,A,#1,APPROACH,1.000A/A
11162,2026-06-03 13:40:22,28.5250,12.00,1.334,15.852,A,#1,APPROACH,1.000A/A
11163,2026-06-03 13:40:24,28.7750,9.54,1.000,15.852,A,#1,APPROACH,1.633A/A
11164,2026-06-03 13:40:26,29.0000,9.54,1.000,18.795,A,#1,APPROACH,2.088A/A
11165,2026-06-03 13:40:27,29.2250,9.54,1.000,18.795,A,#1,APPROACH,1.000A/A
11166,2026-06-03 13:40:29,29.4125,9.54,1.000,18.795,A,#1,APPROACH,1.500A/A
11167,2026-06-03 13:40:31,29.5125,10.91,1.000,18.795,A,#1,APPROACH,2.508A/A
11168,2026-06-03 13:40:32,29.6125,10.91,1.563,19.296,A,#1,APPROACH,2.500A/A
11169,2026-06-03 13:40:35,29.7125,10.91,1.563,19.296,A,#1,APPROACH,1.500A/A
11170,2026-06-03 13:40:36,29.7500,10.91,1.563,19.296,A,#1,APPROACH,1.500A/A
11171,2026-06-03 13:40:38,29.7500,11.42,1.563,19.296,A,#1,APPROACH,2.966A/A
11172,2026-06-03 13:40:40,29.6875,11.42,1.529,18.552,A,#1,APPROACH,1.000A/A
11173,2026-06-03 13:40:42,29.6625,11.42,1.529,18.552,A,#1,APPROACH,2.500A/A
11174,2026-06-03 13:40:44,29.5875,11.42,1.529,18.552,A,#1,APPROACH,3.000A/A
11175,2026-06-03 13:40:46,29.5125,12.00,1.529,18.552,A,#1,APPROACH,2.500A/A
11176,2026-06-03 13:40:48,29.3875,12.00,1.527,18.120,A,#1,APPROACH,2.500A/A
11177,2026-06-03 13:40:50,29.2625,12.00,1.527,18.120,A,#1,APPROACH,1.000A/A
11178,2026-06-03 13:40:52,29.1375,12.00,1.527,18.120,A,#1,APPROACH,1.000A/A
11179,2026-06-03 13:40:54,28.9875,8.56,1.527,18.120,A,#1,APPROACH,3.000A/A
11180,2026-06-03 13:40:55,28.8250,8.56,1.494,17.736,A,#1,APPROACH,3.000A/A
11181,2026-06-03 13:40:58,28.6250,8.56,1.494,17.736,A,#1,APPROACH,3.000A/A
11182,2026-06-03 13:40:59,28.4500,8.56,1.494,17.736,A,#1,APPROACH,2.500A/A
11183,2026-06-03 13:41:01,28.2500,12.00,1.494,17.736,A,#1,APPROACH,2.500A/A
11184,2026-06-03 13:41:03,28.0625,12.00,1.473,17.532,A,#1,APPROACH,1.000A/A
11185,2026-06-03 13:41:05,27.8125,12.00,1.473,17.532,A,#1,APPROACH,3.000A/A
11186,2026-06-03 13:41:07,27.6250,12.00,1.473,17.532,A,#1,APPROACH,1.500A/A
11187,2026-06-03 13:41:09,27.3750,12.00,1.473,17.532,A,#1,APPROACH,1.500A/A
11188,2026-06-03 13:41:11,27.1625,12.00,1.454,17.316,A,#1,APPROACH,3.000A/A
11189,2026-06-03 13:41:13,26.9375,12.00,1.454,17.316,A,#1,APPROACH,1.500A/A
11190,2026-06-03 13:41:15,26.7500,12.00,1.454,17.316,A,#1,APPROACH,1.500A/A
11191,2026-06-03 13:41:17,26.5000,12.00,1.454,17.316,A,#1,APPROACH,3.000A/A
11192,2026-06-03 13:41:18,26.2500,12.00,1.440,17.148,A,#1,APPROACH,3.000A/A
11193,2026-06-03 13:41:21,26.0000,12.00,1.440,17.148,A,#1,APPROACH,3.000A/A
11194,2026-06-03 13:41:22,25.7875,12.00,1.440,17.148,A,#1,APPROACH,1.000A/A
11195,2026-06-03 13:41:24,25.5375,8.99,1.440,17.148,A,#1,APPROACH,3.000A/A
11196,2026-06-03 13:41:26,25.3250,8.99,1.215,17.052,A,#1,APPROACH,2.500A/A
11197,2026-06-03 13:41:29,25.0750,8.99,1.215,17.052,A,#1,APPROACH,1.500A/A
11198,2026-06-03 13:41:30,24.8500,8.99,1.215,17.052,A,#1,APPROACH,3.000A/A
11199,2026-06-03 13:41:32,24.6250,12.00,1.215,17.052,A,#1,APPROACH,1.000A/A
11200,2026-06-03 13:41:34,24.4125,12.00,1.228,9.160,A,#1,APPROACH,3.000A/A
11201,2026-06-03 13:41:36,24.1875,12.00,1.228,9.160,A,#1,APPROACH,2.500A/A
11202,2026-06-03 13:41:38,23.9750,12.00,1.228,9.160,A,#1,APPROACH,2.500A/A
11203,2026-06-03 13:41:40,23.7750,12.00,1.228,9.160,A,#1,APPROACH,3.000A/A
11204,2026-06-03 13:41:41,23.5625,12.00,1.413,16.824,A,#1,APPROACH,2.500A/A
11205,2026-06-03 13:41:44,23.3125,12.00,1.413,16.824,A,#1,APPROACH,1.500A/A
11206,2026-06-03 13:41:45,23.1375,12.00,1.413,16.824,A,#1,APPROACH,2.500A/A
11207,2026-06-03 13:41:47,22.9375,12.00,1.413,16.824,A,#1,APPROACH,2.000A/A
11208,2026-06-03 13:41:49,22.7500,12.00,1.408,16.776,A,#1,APPROACH,1.500A/A
11209,2026-06-03 13:41:52,22.5250,12.00,1.408,16.776,A,#1,APPROACH,1.000A/A
11210,2026-06-03 13:41:53,22.3500,12.00,1.408,16.776,A,#1,APPROACH,2.500A/A
11211,2026-06-03 13:41:55,22.1250,12.00,1.408,16.776,A,#1,APPROACH,3.000A/A
11212,2026-06-03 13:41:57,21.9500,12.00,1.400,16.692,A,#1,APPROACH,2.000A/A
11213,2026-06-03 13:41:59,21.7500,12.00,1.400,16.692,A,#1,APPROACH,2.000A/A
11214,2026-06-03 13:42:01,21.5500,12.00,1.400,16.692,A,#1,APPROACH,1.000A/A
11215,2026-06-03 13:42:03,21.3750,9.16,1.400,16.692,A,#1,APPROACH,2.500A/A
11216,2026-06-03 13:42:04,21.2000,9.16,1.398,16.668,A,#1,APPROACH,2.500A/A
11217,2026-06-03 13:42:07,21.0000,9.16,1.398,16.668,A,#1,APPROACH,1.000A/A
11218,2026-06-03 13:42:08,20.8250,9.16,1.398,16.668,A,#1,APPROACH,2.970A/A
11219,2026-06-03 13:42:10,20.6750,12.00,1.398,16.668,A,#1,APPROACH,2.500A/A
11220,2026-06-03 13:42:12,20.5125,12.00,1.394,16.644,A,#1,APPROACH,2.500A/A
11221,2026-06-03 13:42:15,20.3625,12.00,1.394,16.644,A,#1,APPROACH,2.000A/A
11222,2026-06-03 13:42:16,20.2000,12.00,1.394,16.644,A,#1,APPROACH,2.000A/A
11223,2026-06-03 13:42:18,20.0000,12.00,1.394,16.644,A,#1,APPROACH,2.500A/A
11224,2026-06-03 13:42:20,19.8625,12.00,1.394,16.620,A,#1,APPROACH,2.000A/A
11225,2026-06-03 13:42:22,19.6875,12.00,1.394,16.620,A,#1,APPROACH,1.500A/A
11226,2026-06-03 13:42:24,19.5500,12.00,1.394,16.620,A,#1,APPROACH,1.500A/A
11227,2026-06-03 13:42:26,19.3750,12.00,1.394,16.620,A,#1,APPROACH,3.000A/A
11228,2026-06-03 13:42:28,19.2375,12.00,1.389,16.584,A,#1,APPROACH,1.000A/A
11229,2026-06-03 13:42:30,19.0625,12.00,1.389,16.584,A,#1,APPROACH,2.500A/A
11230,2026-06-03 13:42:31,18.9500,12.00,1.389,16.584,A,#1,APPROACH,1.500A/A
11231,2026-06-03 13:42:33,18.8000,12.00,1.389,16.584,A,#1,APPROACH,2.987A/A
11232,2026-06-03 13:42:35,18.6500,12.00,1.394,16.620,A,#1,APPROACH,2.000A/A
11233,2026-06-03 13:42:38,18.5250,12.00,1.394,16.620,A,#1,APPROACH,1.500A/A
11234,2026-06-03 13:42:39,18.4000,12.00,1.394,16.620,A,#1,APPROACH,2.000A/A
11235,2026-06-03 13:42:41,18.2750,12.00,1.394,16.620,A,#1,APPROACH,1.500A/A
11236,2026-06-03 13:42:43,18.1375,12.00,1.402,16.716,A,#1,APPROACH,2.500A/A
11237,2026-06-03 13:42:45,18.0125,12.00,1.402,16.716,A,#1,APPROACH,2.000A/A
11238,2026-06-03 13:42:47,17.9000,12.00,1.402,16.716,A,#1,HOLDING,2.500A/A
11239,2026-06-03 13:42:49,17.8000,12.00,1.402,16.716,OFF,#1,HOLDING,0.000A/OFF
11240,2026-06-03 13:42:50,17.8000,12.00,1.402,16.716,OFF,#1,HOLDING,0.000A/OFF
11241,2026-06-03 13:42:51,17.6750,12.00,1.397,16.716,OFF,#1,HOLDING,0.000A/OFF
11242,2026-06-03 13:42:52,17.6750,12.00,1.397,16.644,OFF,#1,HOLDING,0.000A/OFF
11243,2026-06-03 13:42:53,17.5500,12.00,1.397,16.644,OFF,#1,HOLDING,0.000A/OFF
11244,2026-06-03 13:42:54,17.5500,12.00,1.397,16.644,OFF,#1,HOLDING,0.000A/OFF
11245,2026-06-03 13:42:55,17.4500,12.00,1.397,16.644,OFF,#1,HOLDING,0.000A/OFF
11246,2026-06-03 13:42:56,17.3500,12.00,1.397,16.644,OFF,#1,HOLDING,0.000A/OFF
11247,2026-06-03 13:42:57,17.3500,12.00,0.000,0.000,A,#1,HOLDING,0.104A/A
11248,2026-06-03 13:42:59,17.2750,12.00,0.000,0.000,A,#1,HOLDING,0.134A/A
11249,2026-06-03 13:43:01,17.2000,12.00,0.000,0.000,A,#1,HOLDING,0.153A/A
11250,2026-06-03 13:43:03,17.1500,2.18,0.000,0.000,A,#1,HOLDING,0.158A/A
11251,2026-06-03 13:43:05,17.1250,2.18,0.158,0.349,A,#1,HOLDING,0.169A/A
11252,2026-06-03 13:43:07,17.1250,2.18,0.158,0.349,A,#1,HOLDING,0.188A/A
11253,2026-06-03 13:43:09,17.1000,2.18,0.158,0.349,A,#1,HOLDING,0.196A/A
11254,2026-06-03 13:43:10,17.1250,2.42,0.158,0.349,A,#1,HOLDING,0.209A/A
11255,2026-06-03 13:43:12,17.1250,2.42,0.209,0.530,A,#1,HOLDING,0.217A/A
11256,2026-06-03 13:43:15,17.1250,2.42,0.209,0.530,A,#1,HOLDING,0.231A/A
11257,2026-06-03 13:43:16,17.1750,2.42,0.209,0.530,A,#1,HOLDING,0.243A/A
11258,2026-06-03 13:43:18,17.1875,2.70,0.209,0.530,A,#1,HOLDING,0.255A/A
11259,2026-06-03 13:43:20,17.2375,2.70,0.255,0.724,A,#1,HOLDING,0.272A/A
11260,2026-06-03 13:43:22,17.2625,2.70,0.255,0.724,A,#1,HOLDING,0.285A/A
11261,2026-06-03 13:43:24,17.3125,2.70,0.255,0.724,A,#1,HOLDING,0.303A/A
11262,2026-06-03 13:43:26,17.3750,3.16,0.255,0.724,A,#1,HOLDING,0.322A/A
11263,2026-06-03 13:43:28,17.4000,3.16,0.322,1.104,A,#1,HOLDING,0.341A/A
11264,2026-06-03 13:43:30,17.4375,3.16,0.322,1.104,A,#1,HOLDING,0.364A/A
11265,2026-06-03 13:43:32,17.4625,3.16,0.322,1.104,A,#1,HOLDING,0.379A/A
11266,2026-06-03 13:43:33,17.5125,3.80,0.322,1.104,A,#1,HOLDING,0.404A/A
11267,2026-06-03 13:43:35,17.5625,3.80,0.404,1.660,A,#1,HOLDING,0.430A/A
11268,2026-06-03 13:43:38,17.6000,3.80,0.404,1.660,A,#1,HOLDING,0.464A/A
11269,2026-06-03 13:43:39,17.6250,3.80,0.404,1.660,A,#1,HOLDING,0.485A/A
11270,2026-06-03 13:43:41,17.6875,4.64,0.404,1.660,A,#1,HOLDING,0.515A/A
11271,2026-06-03 13:43:43,17.7125,4.64,0.515,2.569,A,#1,HOLDING,0.545A/A
11272,2026-06-03 13:43:45,17.7500,4.64,0.515,2.569,A,#1,HOLDING,0.585A/A
11273,2026-06-03 13:43:47,17.7500,4.64,0.515,2.569,A,#2,APPROACH,0.606A/A
11274,2026-06-03 13:43:49,17.8125,1.97,0.515,2.569,B,#2,APPROACH,0.111A/B
11275,2026-06-03 13:43:51,17.8375,1.97,0.000,2.569,B,#2,APPROACH,0.137A/B
11276,2026-06-03 13:43:53,17.8750,1.97,0.000,0.000,B,#2,APPROACH,0.180A/B
11277,2026-06-03 13:43:55,17.8750,1.97,0.000,0.000,B,#2,APPROACH,0.245A/B
11278,2026-06-03 13:43:57,17.9375,1.97,0.000,0.000,B,#2,APPROACH,0.294A/B
11279,2026-06-03 13:43:59,17.9375,2.38,0.000,0.000,B,#2,APPROACH,0.367A/B
11280,2026-06-03 13:44:01,18.0000,2.38,0.367,1.145,B,#2,APPROACH,0.424A/B
11281,2026-06-03 13:44:03,18.0500,2.38,0.367,1.145,B,#2,APPROACH,0.508A/B
11282,2026-06-03 13:44:05,18.1000,2.38,0.367,1.145,B,#2,APPROACH,0.554A/B
11283,2026-06-03 13:44:06,18.1500,4.49,0.367,1.145,B,#2,APPROACH,0.614A/B
11284,2026-06-03 13:44:08,18.2250,4.49,0.614,3.162,B,#2,APPROACH,0.665A/B
11285,2026-06-03 13:44:11,18.3000,4.49,0.614,3.162,B,#2,APPROACH,0.732A/B
11286,2026-06-03 13:44:12,18.3625,4.49,0.614,3.162,B,#2,APPROACH,0.772A/B
11287,2026-06-03 13:44:14,18.4625,6.36,0.614,3.162,B,#2,APPROACH,0.816A/B
11288,2026-06-03 13:44:16,18.5375,6.36,0.816,5.622,B,#2,APPROACH,0.857A/B
11289,2026-06-03 13:44:18,18.6625,6.36,0.816,5.622,B,#2,APPROACH,0.903A/B
11290,2026-06-03 13:44:20,18.8000,6.36,0.816,5.622,B,#2,HOLDING,0.922A/B
11291,2026-06-03 13:44:22,18.9000,6.36,0.816,5.622,OFF,#2,HOLDING,0.000A/OFF
11292,2026-06-03 13:44:23,19.0500,7.68,0.816,5.622,OFF,#2,HOLDING,0.000A/OFF
11293,2026-06-03 13:44:24,19.0500,7.68,0.922,5.622,OFF,#2,HOLDING,0.000A/OFF
11294,2026-06-03 13:44:25,19.2000,7.68,0.922,0.000,OFF,#2,HOLDING,0.000A/OFF
11295,2026-06-03 13:44:26,19.2000,7.68,0.922,0.000,OFF,#2,HOLDING,0.000A/OFF
11296,2026-06-03 13:44:27,19.3625,7.68,0.922,0.000,OFF,#2,HOLDING,0.000A/OFF
11297,2026-06-03 13:44:28,19.3625,7.68,0.922,0.000,OFF,#2,HOLDING,0.000A/OFF
11298,2026-06-03 13:44:29,19.5125,12.00,0.922,0.000,OFF,#2,HOLDING,0.000A/OFF
11299,2026-06-03 13:44:30,19.5125,12.00,0.000,0.000,OFF,#2,HOLDING,0.000A/OFF
11300,2026-06-03 13:44:31,19.6375,12.00,0.000,0.000,OFF,#2,HOLDING,0.000A/OFF
11301,2026-06-03 13:44:32,19.6375,12.00,0.000,0.000,B,#2,HOLDING,0.104A/B
11302,2026-06-03 13:44:34,19.8125,12.00,0.000,0.000,B,#2,HOLDING,0.000A/OFF
11303,2026-06-03 13:44:35,19.9250,12.00,0.000,0.000,OFF,#2,HOLDING,0.000A/OFF
11304,2026-06-03 13:44:36,19.9250,12.00,0.000,0.000,OFF,#2,HOLDING,0.000A/OFF
11305,2026-06-03 13:44:37,20.0750,12.00,0.000,0.000,OFF,#2,HOLDING,0.000A/OFF
11306,2026-06-03 13:44:38,20.0750,12.00,0.000,0.000,OFF,#2,HOLDING,0.000A/OFF
11307,2026-06-03 13:44:39,20.1750,12.00,0.000,0.000,OFF,#2,HOLDING,0.000A/OFF
11308,2026-06-03 13:44:40,20.1750,12.00,0.000,0.000,OFF,#2,HOLDING,0.000A/OFF
11309,2026-06-03 13:44:41,20.3000,12.00,0.000,0.000,OFF,#2,HOLDING,0.000A/OFF
11310,2026-06-03 13:44:42,20.3000,12.00,0.000,0.000,OFF,#2,HOLDING,0.000A/OFF
11311,2026-06-03 13:44:43,20.4125,12.00,0.000,0.000,OFF,#2,HOLDING,0.000A/OFF
11312,2026-06-03 13:44:44,20.4125,12.00,0.000,0.000,OFF,#2,HOLDING,0.000A/OFF
11313,2026-06-03 13:44:45,20.5125,12.00,0.000,0.000,OFF,#2,HOLDING,0.000A/OFF
11314,2026-06-03 13:44:46,20.5125,12.00,0.000,0.000,OFF,#2,HOLDING,0.000A/OFF
11315,2026-06-03 13:44:47,20.6625,12.00,0.000,0.000,OFF,#2,HOLDING,0.000A/OFF
11316,2026-06-03 13:44:48,20.7375,12.00,0.000,0.000,OFF,#2,HOLDING,0.000A/OFF
11317,2026-06-03 13:44:49,20.7375,12.00,0.000,0.000,OFF,#2,HOLDING,0.000A/OFF
11318,2026-06-03 13:44:50,20.8250,12.00,0.000,0.000,A,#2,HOLDING,0.139A/A
11319,2026-06-03 13:44:52,20.9250,12.00,0.000,0.000,A,#2,HOLDING,0.189A/A
11320,2026-06-03 13:44:54,21.0000,12.00,0.000,0.000,A,#2,HOLDING,0.240A/A
11321,2026-06-03 13:44:55,21.0500,2.12,0.000,0.000,A,#2,HOLDING,0.279A/A
11322,2026-06-03 13:44:57,21.0500,2.12,0.279,0.739,A,#2,HOLDING,0.318A/A
11323,2026-06-03 13:45:00,21.1750,2.12,0.279,0.739,A,#2,HOLDING,0.393A/A
11324,2026-06-03 13:45:01,21.2000,2.12,0.279,0.739,A,#2,HOLDING,0.440A/A
11325,2026-06-03 13:45:03,21.2500,3.78,0.279,0.739,A,#2,HOLDING,0.506A/A
11326,2026-06-03 13:45:05,21.2500,3.78,0.506,2.246,A,#2,HOLDING,0.553A/A
11327,2026-06-03 13:45:07,21.3125,3.78,0.506,2.246,A,#2,HOLDING,0.635A/A
11328,2026-06-03 13:45:09,21.3750,3.78,0.506,2.246,A,#2,HOLDING,0.681A/A
11329,2026-06-03 13:45:11,21.3750,5.71,0.506,2.246,A,#2,HOLDING,0.743A/A
11330,2026-06-03 13:45:13,21.3750,5.71,0.743,4.755,A,#2,HOLDING,0.803A/A
11331,2026-06-03 13:45:15,21.3500,5.71,0.743,4.755,A,#2,HOLDING,0.876A/A
11332,2026-06-03 13:45:17,21.3125,5.71,0.743,4.755,A,#2,HOLDING,0.903A/A
11333,2026-06-03 13:45:18,21.2875,7.50,0.743,4.755,A,#2,HOLDING,0.961A/A
11334,2026-06-03 13:45:20,21.2875,7.50,0.961,7.860,A,#2,HOLDING,1.000A/A
11335,2026-06-03 13:45:23,21.2250,7.50,0.961,7.860,A,#2,HOLDING,1.040A/A
11336,2026-06-03 13:45:24,21.1875,7.50,0.961,7.860,A,#2,HOLDING,1.056A/A
11337,2026-06-03 13:45:26,21.1125,8.78,0.961,7.860,A,#2,HOLDING,1.098A/A
11338,2026-06-03 13:45:28,21.1125,8.78,1.098,10.222,A,#2,HOLDING,1.158A/A
11339,2026-06-03 13:45:30,20.9750,8.78,1.098,10.222,A,#2,HOLDING,1.212A/A
11340,2026-06-03 13:45:32,20.9000,8.78,1.098,10.222,A,#2,HOLDING,1.000A/A
11341,2026-06-03 13:45:34,20.8000,8.53,1.098,10.222,A,#2,HOLDING,1.000A/A
11342,2026-06-03 13:45:36,20.8000,8.53,1.000,8.770,A,#2,HOLDING,1.264A/A
11343,2026-06-03 13:45:38,20.6125,8.53,1.000,8.770,A,#2,HOLDING,1.205A/A
11344,2026-06-03 13:45:40,20.5250,8.53,1.000,8.770,A,#2,HOLDING,1.212A/A
11345,2026-06-03 13:45:42,20.4250,10.22,1.000,8.770,A,#2,HOLDING,1.224A/A
11346,2026-06-03 13:45:43,20.4250,10.22,1.224,12.803,A,#2,HOLDING,1.256A/A
11347,2026-06-03 13:45:46,20.2000,10.22,1.224,12.803,A,#2,HOLDING,1.266A/A
11348,2026-06-03 13:45:47,20.2000,10.22,1.224,12.803,A,#2,HOLDING,1.000A/A
11349,2026-06-03 13:45:49,19.9875,8.88,1.224,12.803,A,#2,HOLDING,1.000A/A
11350,2026-06-03 13:45:51,19.9875,8.88,1.000,8.990,A,#2,HOLDING,1.282A/A
11351,2026-06-03 13:45:53,19.7375,8.88,1.000,8.990,A,#2,HOLDING,1.000A/A
11352,2026-06-03 13:45:55,19.7375,8.88,1.000,8.990,A,#2,HOLDING,1.280A/A
11353,2026-06-03 13:45:57,19.4875,10.85,1.000,8.990,A,#2,HOLDING,1.000A/A
11354,2026-06-03 13:45:59,19.4875,10.85,1.053,8.980,A,#2,HOLDING,1.262A/A
11355,2026-06-03 13:46:01,19.2625,10.85,1.053,8.980,A,#2,HOLDING,1.219A/A
11356,2026-06-03 13:46:03,19.2625,10.85,1.053,8.980,A,#2,HOLDING,1.226A/A
11357,2026-06-03 13:46:05,19.1375,10.51,1.053,8.980,A,#3,APPROACH,1.189A/A
11358,2026-06-03 13:46:06,18.9875,10.51,1.189,0.000,B,#3,APPROACH,0.171A/B
11359,2026-06-03 13:46:09,18.7750,10.51,1.189,0.000,B,#3,APPROACH,0.258A/B
11360,2026-06-03 13:46:11,18.6750,10.51,1.189,0.000,B,#3,APPROACH,0.342A/B
11361,2026-06-03 13:46:13,18.5500,10.51,1.189,0.000,B,#3,APPROACH,0.425A/B
11362,2026-06-03 13:46:14,18.4875,2.99,1.189,0.000,B,#3,APPROACH,0.510A/B
11363,2026-06-03 13:46:16,18.3875,2.99,0.495,1.917,B,#3,APPROACH,0.631A/B
11364,2026-06-03 13:46:19,18.3750,2.99,0.495,1.917,B,#3,APPROACH,0.802A/B
11365,2026-06-03 13:46:20,18.3500,2.99,0.495,1.917,B,#3,APPROACH,0.924A/B
11366,2026-06-03 13:46:22,18.3750,6.99,0.495,1.917,B,#3,APPROACH,1.000A/B
11367,2026-06-03 13:46:24,18.4000,6.99,0.967,7.750,B,#3,APPROACH,1.000A/B
11368,2026-06-03 13:46:26,18.4375,6.99,0.967,7.750,B,#3,APPROACH,1.000A/B
11369,2026-06-03 13:46:28,18.4875,6.99,0.967,7.750,B,#3,APPROACH,1.037A/B
11370,2026-06-03 13:46:30,18.6000,8.22,0.967,7.750,B,#3,APPROACH,1.154A/B
11371,2026-06-03 13:46:32,18.7000,8.22,1.121,10.651,B,#3,APPROACH,1.272A/B
11372,2026-06-03 13:46:34,18.8250,8.22,1.121,10.651,B,#3,APPROACH,1.000A/B
11373,2026-06-03 13:46:36,18.9500,8.22,1.121,10.651,B,#3,APPROACH,1.409A/B
11374,2026-06-03 13:46:38,19.1125,10.91,1.121,10.651,B,#3,APPROACH,1.480A/B
11375,2026-06-03 13:46:39,19.2625,10.91,1.480,17.390,B,#3,APPROACH,1.559A/B
11376,2026-06-03 13:46:42,19.4250,10.91,1.480,17.390,B,#3,APPROACH,1.000A/B
11377,2026-06-03 13:46:43,19.6250,10.91,1.480,17.390,B,#3,APPROACH,1.655A/B
11378,2026-06-03 13:46:45,19.6250,12.00,1.480,17.390,B,#3,APPROACH,1.756A/B
11379,2026-06-03 13:46:47,20.1000,12.00,1.488,17.628,B,#3,APPROACH,1.768A/B
11380,2026-06-03 13:46:49,20.3000,12.00,1.488,17.628,B,#3,APPROACH,1.500A/B
11381,2026-06-03 13:46:51,20.5250,12.00,1.488,17.628,B,#3,APPROACH,1.811A/B
11382,2026-06-03 13:46:53,20.5250,12.00,1.488,17.628,B,#3,APPROACH,1.000A/B
11383,2026-06-03 13:46:55,20.8125,12.00,1.025,9.050,B,#3,APPROACH,1.888A/B
11384,2026-06-03 13:46:57,21.3125,12.00,1.025,9.050,B,#3,HOLDING,1.850A/B
11385,2026-06-03 13:46:59,21.5875,12.00,1.025,9.050,OFF,#3,HOLDING,0.000A/OFF
11386,2026-06-03 13:47:00,21.5875,12.00,1.025,9.050,OFF,#3,HOLDING,0.000A/OFF
11387,2026-06-03 13:47:01,21.8500,12.00,1.025,9.050,OFF,#3,HOLDING,0.000A/OFF
11388,2026-06-03 13:47:02,21.8500,12.00,0.000,9.050,OFF,#3,HOLDING,0.000A/OFF
11389,2026-06-03 13:47:03,22.1250,12.00,0.000,0.000,OFF,#3,HOLDING,0.000A/OFF
11390,2026-06-03 13:47:04,22.1250,12.00,0.000,0.000,OFF,#3,HOLDING,0.000A/OFF
11391,2026-06-03 13:47:05,22.3750,12.00,0.000,0.000,OFF,#3,HOLDING,0.000A/OFF
11392,2026-06-03 13:47:06,22.3750,12.00,0.000,0.000,OFF,#3,HOLDING,0.000A/OFF
11393,2026-06-03 13:47:07,22.6250,12.00,0.000,0.000,OFF,#3,HOLDING,0.000A/OFF
11394,2026-06-03 13:47:08,22.6250,12.00,0.000,0.000,OFF,#3,HOLDING,0.000A/OFF
11395,2026-06-03 13:47:09,22.8625,12.00,0.000,0.000,A,#3,HOLDING,0.123A/A
11396,2026-06-03 13:47:11,23.0625,12.00,0.000,0.000,A,#3,HOLDING,0.192A/A
11397,2026-06-03 13:47:12,23.0625,12.00,0.000,0.000,A,#3,HOLDING,0.225A/A
11398,2026-06-03 13:47:14,23.4750,1.43,0.000,0.000,A,#3,HOLDING,0.302A/A
11399,2026-06-03 13:47:16,23.4750,1.43,0.302,0.703,A,#3,HOLDING,0.334A/A
11400,2026-06-03 13:47:18,23.7625,1.43,0.302,0.703,A,#3,HOLDING,0.456A/A
11401,2026-06-03 13:47:20,23.7625,1.43,0.302,0.703,A,#3,HOLDING,0.473A/A
11402,2026-06-03 13:47:22,23.9125,3.76,0.302,0.703,A,#3,HOLDING,0.570A/A
11403,2026-06-03 13:47:24,24.0375,3.76,0.570,2.696,A,#3,HOLDING,0.647A/A
11404,2026-06-03 13:47:26,24.2125,3.76,0.570,2.696,A,#3,HOLDING,0.777A/A
11405,2026-06-03 13:47:28,24.2125,3.76,0.570,2.696,A,#3,HOLDING,0.835A/A
11406,2026-06-03 13:47:29,24.2875,6.81,0.570,2.696,A,#3,HOLDING,0.920A/A
11407,2026-06-03 13:47:31,24.3125,6.81,0.920,7.028,A,#3,HOLDING,0.995A/A
11408,2026-06-03 13:47:34,24.3750,6.81,0.920,7.028,A,#3,HOLDING,1.128A/A
11409,2026-06-03 13:47:35,24.3750,6.81,0.920,7.028,A,#3,HOLDING,1.212A/A
11410,2026-06-03 13:47:37,24.3750,9.66,0.920,7.028,A,#3,HOLDING,1.310A/A
11411,2026-06-03 13:47:39,24.3750,9.66,1.310,13.794,A,#3,HOLDING,1.407A/A
11412,2026-06-03 13:47:41,24.2875,9.66,1.310,13.794,A,#3,HOLDING,1.519A/A
11413,2026-06-03 13:47:43,24.2875,9.66,1.310,13.794,A,#3,HOLDING,1.547A/A
11414,2026-06-03 13:47:45,24.2375,12.00,1.310,13.794,A,#3,HOLDING,1.500A/A
11415,2026-06-03 13:47:47,24.1375,12.00,1.500,17.952,A,#3,HOLDING,1.602A/A
11416,2026-06-03 13:47:49,23.9250,12.00,1.500,17.952,A,#3,HOLDING,1.500A/A
11417,2026-06-03 13:47:51,23.9250,12.00,1.500,17.952,A,#3,HOLDING,1.671A/A
11418,2026-06-03 13:47:52,23.8250,12.00,1.500,17.952,A,#3,HOLDING,1.739A/A
11419,2026-06-03 13:47:54,23.6750,12.00,1.481,17.568,A,#3,HOLDING,1.800A/A
11420,2026-06-03 13:47:57,23.4000,12.00,1.481,17.568,A,#3,HOLDING,1.000A/A
11421,2026-06-03 13:47:58,23.4000,12.00,1.481,17.568,A,#3,HOLDING,1.819A/A
11422,2026-06-03 13:48:00,23.2625,12.00,1.481,17.568,A,#3,HOLDING,1.000A/A
11423,2026-06-03 13:48:02,23.0875,12.00,1.233,8.950,A,#3,HOLDING,1.843A/A
11424,2026-06-03 13:48:04,22.7750,12.00,1.233,8.950,A,#3,HOLDING,1.800A/A
11425,2026-06-03 13:48:06,22.7750,12.00,1.233,8.950,A,#3,HOLDING,1.500A/A
11426,2026-06-03 13:48:08,22.6375,12.00,1.233,8.950,A,#3,HOLDING,1.000A/A
11427,2026-06-03 13:48:10,22.4375,12.00,1.000,9.030,A,#3,HOLDING,1.846A/A
11428,2026-06-03 13:48:12,22.1250,12.00,1.000,9.030,A,#3,HOLDING,1.830A/A
11429,2026-06-03 13:48:14,22.1250,12.00,1.000,9.030,A,#3,HOLDING,1.846A/A
11430,2026-06-03 13:48:16,21.9500,12.00,1.000,9.030,A,#3,HOLDING,1.000A/A
11431,2026-06-03 13:48:17,21.8000,12.00,1.013,9.080,A,#3,HOLDING,1.854A/A
11432,2026-06-03 13:48:20,21.4375,12.00,1.013,9.080,A,#3,HOLDING,1.799A/A
11433,2026-06-03 13:48:21,21.4375,12.00,1.013,9.080,A,#3,HOLDING,1.797A/A
11434,2026-06-03 13:48:23,21.3000,12.00,1.013,9.080,A,#3,HOLDING,1.771A/A
11435,2026-06-03 13:48:25,21.1250,12.00,1.423,16.944,A,#3,HOLDING,1.750A/A
11436,2026-06-03 13:48:27,20.8000,12.00,1.423,16.944,A,#3,HOLDING,1.607A/A
11437,2026-06-03 13:48:29,20.8000,12.00,1.423,16.944,A,#3,HOLDING,1.500A/A
11438,2026-06-03 13:48:31,20.6375,12.00,1.423,16.944,A,#3,HOLDING,1.575A/A
11439,2026-06-03 13:48:33,20.4875,12.00,1.412,16.836,A,#3,HOLDING,1.500A/A
11440,2026-06-03 13:48:35,20.1750,12.00,1.412,16.836,A,#3,HOLDING,1.479A/A
11441,2026-06-03 13:48:37,20.1750,12.00,1.412,16.836,A,#3,HOLDING,1.437A/A
11442,2026-06-03 13:48:39,20.0125,12.00,1.412,16.836,A,#3,HOLDING,1.354A/A
11443,2026-06-03 13:48:40,19.8125,12.00,1.354,15.868,A,#3,HOLDING,1.267A/A
11444,2026-06-03 13:48:43,19.5250,12.00,1.354,15.868,A,#3,HOLDING,1.109A/A
11445,2026-06-03 13:48:44,19.5250,12.00,1.354,15.868,A,#3,HOLDING,1.047A/A
11446,2026-06-03 13:48:46,19.3875,9.50,1.354,15.868,A,#3,HOLDING,0.950A/A
11447,2026-06-03 13:48:48,19.2375,9.50,0.950,8.455,A,#3,HOLDING,0.847A/A
11448,2026-06-03 13:48:51,18.9375,9.50,0.950,8.455,A,#3,HOLDING,0.700A/A
11449,2026-06-03 13:48:52,18.9375,9.50,0.950,8.455,A,#3,HOLDING,0.607A/A
11450,2026-06-03 13:48:54,18.8000,6.15,0.950,8.455,A,#3,HOLDING,0.480A/A
11451,2026-06-03 13:48:56,18.6750,6.15,0.494,2.520,A,#3,HOLDING,0.354A/A
11452,2026-06-03 13:48:58,18.4250,6.15,0.494,2.520,A,#3,HOLDING,0.163A/A
11453,2026-06-03 13:49:00,18.4250,6.15,0.494,2.520,OFF,#3,HOLDING,0.000A/OFF
11454,2026-06-03 13:49:01,18.3625,6.15,0.494,2.520,OFF,#3,HOLDING,0.000A/OFF
11455,2026-06-03 13:49:02,18.2375,12.00,0.000,2.520,B,#3,HOLDING,0.108A/B
11456,2026-06-03 13:49:04,18.2375,12.00,0.000,0.010,B,#3,HOLDING,0.255A/B
11457,2026-06-03 13:49:05,18.1750,12.00,0.000,0.010,B,#3,HOLDING,0.376A/B
11458,2026-06-03 13:49:07,18.0750,12.00,0.000,0.010,B,#3,HOLDING,0.502A/B
11459,2026-06-03 13:49:09,18.0500,3.49,0.000,0.010,B,#3,HOLDING,0.651A/B
11460,2026-06-03 13:49:11,18.0000,3.49,0.585,3.163,B,#3,HOLDING,0.802A/B
11461,2026-06-03 13:49:13,18.0000,3.49,0.585,3.163,B,#3,HOLDING,0.989A/B
11462,2026-06-03 13:49:15,18.0000,3.49,0.585,3.163,B,#3,HOLDING,1.115A/B
11463,2026-06-03 13:49:17,18.0000,8.35,0.585,3.163,B,#3,HOLDING,1.265A/B
11464,2026-06-03 13:49:18,18.0250,8.35,1.187,12.194,B,#3,HOLDING,1.409A/B
11465,2026-06-03 13:49:21,18.1000,8.35,1.187,12.194,B,#3,HOLDING,1.000A/B
11466,2026-06-03 13:49:22,18.1500,8.35,1.187,12.194,B,#3,HOLDING,1.587A/B
11467,2026-06-03 13:49:24,18.3000,11.87,1.187,12.194,B,#3,HOLDING,1.713A/B
11468,2026-06-03 13:49:26,18.4250,11.87,1.581,18.648,B,#3,HOLDING,1.837A/B
11469,2026-06-03 13:49:29,18.5500,11.87,1.581,18.648,B,#3,HOLDING,1.992A/B
11470,2026-06-03 13:49:30,18.7500,11.87,1.581,18.648,B,#3,HOLDING,1.500A/B
11471,2026-06-03 13:49:32,18.9375,11.81,1.581,18.648,B,#3,HOLDING,1.500A/B
11472,2026-06-03 13:49:34,19.1625,11.81,1.500,17.880,B,#3,HOLDING,1.500A/B
11473,2026-06-03 13:49:36,19.3750,11.81,1.500,17.880,B,#3,HOLDING,2.000A/B
11474,2026-06-03 13:49:38,19.6250,11.81,1.500,17.880,B,#3,HOLDING,1.500A/B
11475,2026-06-03 13:49:40,19.8750,12.00,1.500,17.880,B,#3,HOLDING,1.500A/B
11476,2026-06-03 13:49:42,20.1750,12.00,1.459,17.304,B,#3,HOLDING,1.940A/B
11477,2026-06-03 13:49:44,20.4000,12.00,1.459,17.304,B,#3,HOLDING,2.000A/B
11478,2026-06-03 13:49:46,20.6500,12.00,1.459,17.304,B,#3,HOLDING,1.500A/B
11479,2026-06-03 13:49:47,20.9375,12.00,1.459,17.304,B,#3,HOLDING,1.500A/B
11480,2026-06-03 13:49:49,21.2375,12.00,1.421,16.836,B,#3,HOLDING,1.000A/B
11481,2026-06-03 13:49:52,21.5375,12.00,1.421,16.836,B,#3,HOLDING,1.000A/B
11482,2026-06-03 13:49:53,21.8375,12.00,1.421,16.836,B,#3,HOLDING,1.930A/B
11483,2026-06-03 13:49:55,22.1000,12.00,1.421,16.836,B,#3,HOLDING,1.000A/B
11484,2026-06-03 13:49:57,22.4250,12.00,1.199,9.310,B,#3,HOLDING,1.920A/B
11485,2026-06-03 13:49:59,22.7125,12.00,1.199,9.310,B,#3,HOLDING,1.896A/B
11486,2026-06-03 13:50:01,23.0125,12.00,1.199,9.310,B,#3,HOLDING,1.803A/B
11487,2026-06-03 13:50:03,23.3125,12.00,1.199,9.310,B,#3,HOLDING,1.000A/B
11488,2026-06-03 13:50:05,23.6375,12.00,1.191,9.410,B,#3,HOLDING,1.500A/B
11489,2026-06-03 13:50:07,23.9125,12.00,1.191,9.410,B,#3,HOLDING,1.708A/B
11490,2026-06-03 13:50:09,24.2125,12.00,1.191,9.410,B,#3,HOLDING,1.000A/B
11491,2026-06-03 13:50:10,24.5000,9.34,1.191,9.410,B,#3,HOLDING,1.000A/B
11492,2026-06-03 13:50:12,24.7750,9.34,1.000,9.500,B,#3,HOLDING,1.581A/B
11493,2026-06-03 13:50:15,25.0625,9.34,1.000,9.500,B,#3,HOLDING,1.000A/B
11494,2026-06-03 13:50:16,25.3375,9.34,1.000,9.500,B,#3,HOLDING,1.479A/B
11495,2026-06-03 13:50:18,25.6250,12.00,1.000,9.500,B,#3,HOLDING,1.328A/B
11496,2026-06-03 13:50:20,25.9250,12.00,1.328,15.816,B,#3,HOLDING,1.166A/B
11497,2026-06-03 13:50:22,26.1750,12.00,1.328,15.816,B,#3,HOLDING,0.959A/B
11498,2026-06-03 13:50:24,26.4000,12.00,1.328,15.816,B,#3,HOLDING,0.806A/B
11499,2026-06-03 13:50:26,26.6875,8.07,1.328,15.816,B,#3,HOLDING,0.617A/B
11500,2026-06-03 13:50:28,26.9625,8.07,0.617,4.152,B,#3,HOLDING,0.417A/B
11501,2026-06-03 13:50:30,27.1875,8.07,0.617,4.152,B,#3,HOLDING,0.162A/B
11502,2026-06-03 13:50:32,27.4375,8.07,0.617,4.152,OFF,#3,HOLDING,0.000A/OFF
11503,2026-06-03 13:50:33,27.6750,8.07,0.617,4.152,OFF,#3,HOLDING,0.157A/A
11504,2026-06-03 13:50:34,27.6750,11.40,0.000,4.152,A,#3,HOLDING,0.326A/A
11505,2026-06-03 13:50:36,27.9000,11.40,0.000,0.515,A,#3,HOLDING,0.552A/A
11506,2026-06-03 13:50:38,28.1250,11.40,0.000,0.515,A,#3,HOLDING,0.754A/A
11507,2026-06-03 13:50:39,28.3750,11.40,0.000,0.515,A,#3,HOLDING,0.981A/A
11508,2026-06-03 13:50:41,28.5250,7.06,0.000,0.515,A,#3,HOLDING,1.229A/A
11509,2026-06-03 13:50:43,28.7000,7.06,1.102,11.257,A,#3,HOLDING,1.483A/A
11510,2026-06-03 13:50:45,28.8250,7.06,1.102,11.257,A,#3,HOLDING,1.807A/A
11511,2026-06-03 13:50:47,28.9000,7.06,1.102,11.257,A,#3,HOLDING,2.000A/A
11512,2026-06-03 13:50:49,28.9750,12.00,1.102,11.257,A,#3,HOLDING,2.030A/A
11513,2026-06-03 13:50:51,29.0000,12.00,1.620,19.128,A,#3,HOLDING,2.000A/A
11514,2026-06-03 13:50:53,29.0250,12.00,1.620,19.128,A,#3,HOLDING,2.285A/A
11515,2026-06-03 13:50:55,29.0000,12.00,1.620,19.128,A,#3,HOLDING,2.000A/A
11516,2026-06-03 13:50:57,29.0000,12.00,1.620,19.128,A,#3,HOLDING,2.500A/A
11517,2026-06-03 13:50:58,28.9250,12.00,1.556,18.396,A,#3,HOLDING,2.497A/A
11518,2026-06-03 13:51:01,28.8375,12.00,1.556,18.396,A,#3,HOLDING,1.500A/A
11519,2026-06-03 13:51:02,28.7375,12.00,1.556,18.396,A,#3,HOLDING,2.806A/A
11520,2026-06-03 13:51:04,28.6375,12.00,1.556,18.396,A,#3,HOLDING,1.500A/A
11521,2026-06-03 13:51:06,28.4625,12.00,1.503,17.856,A,#3,HOLDING,2.000A/A
11522,2026-06-03 13:51:08,28.3250,12.00,1.503,17.856,A,#3,HOLDING,2.500A/A
11523,2026-06-03 13:51:10,28.1500,12.00,1.503,17.856,A,#3,HOLDING,2.000A/A
11524,2026-06-03 13:51:12,27.9750,12.00,1.503,17.856,A,#3,HOLDING,3.000A/A
11525,2026-06-03 13:51:14,27.7500,12.00,1.472,17.472,A,#3,HOLDING,1.500A/A
11526,2026-06-03 13:51:16,27.5750,12.00,1.472,17.472,A,#3,HOLDING,2.500A/A
11527,2026-06-03 13:51:18,27.3750,12.00,1.472,17.472,A,#3,HOLDING,1.000A/A
11528,2026-06-03 13:51:20,27.1375,8.84,1.472,17.472,A,#3,HOLDING,1.000A/A
11529,2026-06-03 13:51:21,26.9375,8.84,1.000,9.010,A,#3,HOLDING,1.000A/A
11530,2026-06-03 13:51:24,26.7125,8.84,1.000,9.010,A,#3,HOLDING,1.000A/A
11531,2026-06-03 13:51:25,26.5125,8.84,1.000,9.010,A,#3,HOLDING,2.500A/A
11532,2026-06-03 13:51:27,26.3125,12.00,1.000,9.010,A,#3,HOLDING,2.500A/A
11533,2026-06-03 13:51:29,26.0625,12.00,1.448,17.172,A,#3,HOLDING,2.500A/A
11534,2026-06-03 13:51:31,25.8875,12.00,1.448,17.172,A,#3,HOLDING,2.000A/A
11535,2026-06-03 13:51:33,25.6625,12.00,1.448,17.172,A,#3,HOLDING,2.886A/A
11536,2026-06-03 13:51:35,25.4500,12.00,1.448,17.172,A,#3,HOLDING,2.500A/A
11537,2026-06-03 13:51:37,25.2000,12.00,1.431,17.016,A,#3,HOLDING,2.500A/A
11538,2026-06-03 13:51:39,25.0000,12.00,1.431,17.016,A,#3,HOLDING,2.935A/A
11539,2026-06-03 13:51:41,24.7750,12.00,1.431,17.016,A,#3,HOLDING,1.000A/A
11540,2026-06-03 13:51:43,24.5625,8.99,1.431,17.016,A,#3,HOLDING,1.000A/A
11541,2026-06-03 13:51:44,24.3125,8.99,1.000,9.220,A,#3,HOLDING,2.000A/A
11542,2026-06-03 13:51:47,24.1375,8.99,1.000,9.220,A,#3,HOLDING,2.500A/A
11543,2026-06-03 13:51:48,23.8875,8.99,1.000,9.220,A,#3,HOLDING,2.500A/A
11544,2026-06-03 13:51:50,23.7000,12.00,1.000,9.220,A,#3,HOLDING,2.500A/A
11545,2026-06-03 13:51:52,23.5000,12.00,1.429,17.028,A,#3,HOLDING,2.000A/A
11546,2026-06-03 13:51:55,23.2625,12.00,1.429,17.028,A,#3,HOLDING,2.950A/A
11547,2026-06-03 13:51:56,23.0625,12.00,1.429,17.028,A,#3,HOLDING,2.970A/A
11548,2026-06-03 13:51:58,22.8625,12.00,1.429,17.028,A,#3,HOLDING,2.941A/A
11549,2026-06-03 13:52:00,22.6875,12.00,1.414,16.848,A,#3,HOLDING,1.500A/A
11550,2026-06-03 13:52:02,22.4875,12.00,1.414,16.848,A,#3,HOLDING,1.500A/A
11551,2026-06-03 13:52:04,22.2875,12.00,1.414,16.848,A,#3,HOLDING,2.000A/A
11552,2026-06-03 13:52:06,22.1000,12.00,1.414,16.848,A,#3,HOLDING,1.000A/A
11553,2026-06-03 13:52:08,21.8750,12.00,1.096,9.230,A,#3,HOLDING,1.000A/A
11554,2026-06-03 13:52:10,21.7000,12.00,1.096,9.230,A,#4,APPROACH,2.949A/A
11555,2026-06-03 13:52:12,21.5000,12.00,1.096,9.230,B,#4,APPROACH,0.177A/B
11556,2026-06-03 13:52:13,21.3250,12.00,1.096,9.230,B,#4,APPROACH,0.229A/B
11557,2026-06-03 13:52:15,21.1250,12.00,1.096,9.230,B,#4,APPROACH,0.312A/B
11558,2026-06-03 13:52:17,20.9750,12.00,0.853,0.648,B,#4,APPROACH,0.419A/B
11559,2026-06-03 13:52:20,20.8000,12.00,0.853,0.648,B,#4,APPROACH,0.562A/B
11560,2026-06-03 13:52:21,20.7375,12.00,0.853,0.648,B,#4,APPROACH,0.666A/B
11561,2026-06-03 13:52:23,20.6875,4.98,0.853,0.648,B,#4,APPROACH,0.805A/B
11562,2026-06-03 13:52:25,20.6750,4.98,0.760,5.087,B,#4,APPROACH,0.950A/B
11563,2026-06-03 13:52:28,20.6250,4.98,0.760,5.087,B,#4,APPROACH,1.145A/B
11564,2026-06-03 13:52:29,20.6625,4.98,0.760,5.087,B,#4,APPROACH,1.268A/B
11565,2026-06-03 13:52:31,20.6875,9.67,0.760,5.087,B,#4,APPROACH,1.416A/B
11566,2026-06-03 13:52:33,20.7500,9.67,1.367,15.448,B,#4,APPROACH,1.000A/B
11567,2026-06-03 13:52:35,20.8000,9.67,1.367,15.448,B,#4,APPROACH,1.554A/B
11568,2026-06-03 13:52:37,20.8875,9.67,1.367,15.448,B,#4,APPROACH,1.669A/B
11569,2026-06-03 13:52:39,21.0125,12.00,1.367,15.448,B,#4,APPROACH,1.000A/B
11570,2026-06-03 13:52:41,21.1125,12.00,1.263,8.450,B,#4,APPROACH,1.791A/B
11571,2026-06-03 13:52:43,21.2625,12.00,1.263,8.450,B,#4,APPROACH,1.500A/B
11572,2026-06-03 13:52:45,21.4250,12.00,1.263,8.450,B,#4,APPROACH,1.937A/B
11573,2026-06-03 13:52:46,21.6000,12.00,1.263,8.450,B,#4,APPROACH,2.041A/B
11574,2026-06-03 13:52:48,21.7750,12.00,1.496,17.700,B,#4,APPROACH,1.500A/B
11575,2026-06-03 13:52:51,22.0000,12.00,1.496,17.700,B,#4,APPROACH,2.089A/B
11576,2026-06-03 13:52:52,22.1750,12.00,1.496,17.700,B,#4,APPROACH,2.160A/B
11577,2026-06-03 13:52:54,22.3750,12.00,1.496,17.700,B,#4,APPROACH,2.000A/B
11578,2026-06-03 13:52:56,22.6125,12.00,1.446,17.124,B,#4,APPROACH,1.000A/B
11579,2026-06-03 13:52:58,22.8625,12.00,1.446,17.124,B,#4,APPROACH,1.500A/B
11580,2026-06-03 13:53:00,23.0625,12.00,1.446,17.124,B,#4,APPROACH,1.500A/B
11581,2026-06-03 13:53:02,23.3125,12.00,1.446,17.124,B,#4,APPROACH,2.180A/B
11582,2026-06-03 13:53:04,23.5625,12.00,1.412,16.764,B,#4,APPROACH,1.500A/B
11583,2026-06-03 13:53:06,23.8125,12.00,1.412,16.764,B,#4,HOLDING,2.153A/B
11584,2026-06-03 13:53:08,24.0875,12.00,1.412,16.764,OFF,#4,HOLDING,0.000A/OFF
11585,2026-06-03 13:53:09,24.3375,12.00,1.412,16.764,OFF,#4,HOLDING,0.000A/OFF
11586,2026-06-03 13:53:10,24.3375,12.00,1.412,16.764,OFF,#4,HOLDING,0.000A/OFF
11587,2026-06-03 13:53:11,24.6250,12.00,0.000,16.764,OFF,#4,HOLDING,0.000A/OFF
11588,2026-06-03 13:53:12,24.6250,12.00,0.000,0.000,OFF,#4,HOLDING,0.000A/OFF
11589,2026-06-03 13:53:13,24.8750,12.00,0.000,0.000,OFF,#4,HOLDING,0.000A/OFF
11590,2026-06-03 13:53:14,24.8750,12.00,0.000,0.000,OFF,#4,HOLDING,0.000A/OFF
11591,2026-06-03 13:53:15,25.1250,12.00,0.000,0.000,OFF,#4,HOLDING,0.000A/OFF
11592,2026-06-03 13:53:16,25.1250,12.00,0.000,0.000,OFF,#4,HOLDING,0.000A/OFF
11593,2026-06-03 13:53:17,25.3750,12.00,0.000,0.000,OFF,#4,HOLDING,0.000A/OFF
11594,2026-06-03 13:53:18,25.3750,12.00,0.000,0.000,OFF,#4,HOLDING,0.000A/OFF
11595,2026-06-03 13:53:19,25.6125,12.00,0.000,0.000,A,#4,HOLDING,0.119A/A
11596,2026-06-03 13:53:21,25.8125,12.00,0.000,0.000,A,#4,HOLDING,0.194A/A
11597,2026-06-03 13:53:23,25.9875,0.96,0.000,0.000,A,#4,HOLDING,0.269A/A
11598,2026-06-03 13:53:24,26.1375,0.96,0.229,0.470,A,#4,HOLDING,0.302A/A
11599,2026-06-03 13:53:27,26.3000,0.96,0.229,0.470,A,#4,HOLDING,0.381A/A
11600,2026-06-03 13:53:28,26.4250,0.96,0.229,0.470,A,#4,HOLDING,0.440A/A
11601,2026-06-03 13:53:30,26.5500,3.28,0.229,0.470,A,#4,HOLDING,0.512A/A
11602,2026-06-03 13:53:32,26.6500,3.28,0.474,2.094,A,#4,HOLDING,0.587A/A
11603,2026-06-03 13:53:35,26.7000,3.28,0.474,2.094,A,#4,HOLDING,0.674A/A
11604,2026-06-03 13:53:36,26.7500,3.28,0.474,2.094,A,#4,HOLDING,0.735A/A
11605,2026-06-03 13:53:38,26.8375,5.85,0.474,2.094,A,#4,HOLDING,0.818A/A
11606,2026-06-03 13:53:40,26.8625,5.85,0.774,5.488,A,#4,HOLDING,0.897A/A
11607,2026-06-03 13:53:42,26.8750,5.85,0.774,5.488,A,#4,HOLDING,0.997A/A
11608,2026-06-03 13:53:44,26.8500,5.85,0.774,5.488,A,#4,HOLDING,1.000A/A
11609,2026-06-03 13:53:46,26.8125,8.06,0.774,5.488,A,#4,HOLDING,1.044A/A
11610,2026-06-03 13:53:48,26.7875,8.06,1.044,8.978,A,#4,HOLDING,1.117A/A
11611,2026-06-03 13:53:50,26.7500,8.06,1.044,8.978,A,#4,HOLDING,1.213A/A
11612,2026-06-03 13:53:52,26.7000,8.06,1.044,8.978,A,#4,HOLDING,1.272A/A
11613,2026-06-03 13:53:53,26.6125,10.12,1.044,8.978,A,#4,HOLDING,1.332A/A
11614,2026-06-03 13:53:55,26.5125,10.12,1.332,14.319,A,#4,HOLDING,1.387A/A
11615,2026-06-03 13:53:58,26.4250,10.12,1.332,14.319,A,#4,HOLDING,1.000A/A
11616,2026-06-03 13:53:59,26.3000,10.12,1.332,14.319,A,#4,HOLDING,1.000A/A
11617,2026-06-03 13:54:01,26.1750,8.45,1.332,14.319,A,#4,HOLDING,1.444A/A
11618,2026-06-03 13:54:03,26.0250,8.45,1.426,16.923,A,#4,HOLDING,1.478A/A
11619,2026-06-03 13:54:05,25.8625,8.45,1.426,16.923,A,#4,HOLDING,1.527A/A
11620,2026-06-03 13:54:07,25.7125,8.45,1.426,16.923,A,#4,HOLDING,1.547A/A
11621,2026-06-03 13:54:09,25.5125,12.00,1.426,16.923,A,#4,HOLDING,1.500A/A
11622,2026-06-03 13:54:11,25.3625,12.00,1.468,17.448,A,#4,HOLDING,1.521A/A
11623,2026-06-03 13:54:13,25.2000,12.00,1.468,17.448,A,#4,HOLDING,1.550A/A
11624,2026-06-03 13:54:15,25.0000,12.00,1.468,17.448,A,#4,HOLDING,1.557A/A
11625,2026-06-03 13:54:16,24.8000,12.00,1.468,17.448,A,#4,HOLDING,1.557A/A
11626,2026-06-03 13:54:18,24.6000,12.00,1.450,17.208,A,#4,HOLDING,1.500A/A
11627,2026-06-03 13:54:21,24.3875,12.00,1.450,17.208,A,#4,HOLDING,1.000A/A
11628,2026-06-03 13:54:22,24.2125,12.00,1.450,17.208,A,#4,HOLDING,1.551A/A
11629,2026-06-03 13:54:24,24.0000,12.00,1.450,17.208,A,#4,HOLDING,1.523A/A
11630,2026-06-03 13:54:26,23.7750,12.00,1.427,16.992,A,#4,HOLDING,1.482A/A
11631,2026-06-03 13:54:28,23.6000,12.00,1.427,16.992,A,#4,HOLDING,1.380A/A
11632,2026-06-03 13:54:30,23.3750,12.00,1.427,16.992,A,#4,HOLDING,1.000A/A
11633,2026-06-03 13:54:32,23.1875,9.01,1.427,16.992,A,#4,HOLDING,1.000A/A
11634,2026-06-03 13:54:34,22.9625,9.01,1.000,9.130,A,#4,HOLDING,1.293A/A
11635,2026-06-03 13:54:36,22.7625,9.01,1.000,9.130,A,#4,HOLDING,1.201A/A
11636,2026-06-03 13:54:38,22.5625,9.01,1.000,9.130,A,#4,HOLDING,1.116A/A
11637,2026-06-03 13:54:40,22.3875,9.88,1.000,9.130,A,#4,HOLDING,1.026A/A
11638,2026-06-03 13:54:41,22.1875,9.88,1.026,9.613,A,#4,HOLDING,0.917A/A
11639,2026-06-03 13:54:44,22.0125,9.88,1.026,9.613,A,#4,HOLDING,0.790A/A
11640,2026-06-03 13:54:45,21.8125,9.88,1.026,9.613,A,#4,HOLDING,0.680A/A
11641,2026-06-03 13:54:47,21.6375,6.68,1.026,9.613,A,#4,HOLDING,0.601A/A
11642,2026-06-03 13:54:49,21.4625,6.68,0.601,3.708,A,#4,HOLDING,0.469A/A
11643,2026-06-03 13:54:52,21.3250,6.68,0.601,3.708,A,#4,HOLDING,0.304A/A
11644,2026-06-03 13:54:53,21.1500,6.68,0.601,3.708,A,#4,HOLDING,0.181A/A
11645,2026-06-03 13:54:55,21.0125,6.68,0.601,3.708,OFF,#4,HOLDING,0.000A/OFF
11646,2026-06-03 13:54:56,20.8625,2.72,0.601,3.708,OFF,#4,HOLDING,0.000A/OFF
11647,2026-06-03 13:54:57,20.8625,2.72,0.181,1.225,B,#4,HOLDING,0.121A/B
11648,2026-06-03 13:54:59,20.7625,2.72,0.181,1.225,B,#4,HOLDING,0.274A/B
11649,2026-06-03 13:55:00,20.6125,2.72,0.181,1.225,B,#4,HOLDING,0.411A/B
11650,2026-06-03 13:55:02,20.5250,2.70,0.181,1.225,B,#4,HOLDING,0.574A/B
11651,2026-06-03 13:55:04,20.4250,2.70,0.504,2.410,B,#4,HOLDING,0.741A/B
11652,2026-06-03 13:55:07,20.3625,2.70,0.504,2.410,B,#4,HOLDING,0.941A/B
11653,2026-06-03 13:55:08,20.3125,2.70,0.504,2.410,B,#4,HOLDING,1.083A/B
11654,2026-06-03 13:55:10,20.3000,8.19,0.504,2.410,B,#4,HOLDING,1.241A/B
11655,2026-06-03 13:55:12,20.2500,8.19,1.198,11.814,B,#4,HOLDING,1.409A/B
11656,2026-06-03 13:55:14,20.3125,8.19,1.198,11.814,B,#4,HOLDING,1.500A/B
11657,2026-06-03 13:55:16,20.3125,8.19,1.198,11.814,B,#4,HOLDING,1.000A/B
11658,2026-06-03 13:55:18,20.3625,8.10,1.198,11.814,B,#4,HOLDING,1.000A/B
11659,2026-06-03 13:55:20,20.4625,8.10,1.000,8.300,B,#4,HOLDING,1.500A/B
11660,2026-06-03 13:55:22,20.5750,8.10,1.000,8.300,B,#4,HOLDING,1.586A/B
11661,2026-06-03 13:55:24,20.6750,8.10,1.000,8.300,B,#4,HOLDING,1.709A/B
11662,2026-06-03 13:55:25,20.8000,12.00,1.000,8.300,B,#4,HOLDING,1.500A/B
11663,2026-06-03 13:55:27,20.9500,12.00,1.517,17.880,B,#4,HOLDING,1.000A/B
11664,2026-06-03 13:55:30,21.1125,12.00,1.517,17.880,B,#4,HOLDING,1.827A/B
11665,2026-06-03 13:55:31,21.3125,12.00,1.517,17.880,B,#4,HOLDING,1.923A/B
11666,2026-06-03 13:55:33,21.5000,12.00,1.517,17.880,B,#4,HOLDING,2.032A/B
11667,2026-06-03 13:55:35,21.7000,12.00,1.484,17.580,B,#4,HOLDING,1.000A/B
11668,2026-06-03 13:55:37,21.9000,12.00,1.484,17.580,B,#4,HOLDING,1.000A/B
11669,2026-06-03 13:55:39,22.1250,12.00,1.484,17.580,B,#4,HOLDING,1.000A/B
11670,2026-06-03 13:55:41,22.3375,8.91,1.484,17.580,B,#4,HOLDING,2.000A/B
11671,2026-06-03 13:55:43,22.5875,8.91,1.425,17.172,B,#4,HOLDING,2.000A/B
11672,2026-06-03 13:55:45,22.8000,8.91,1.425,17.172,B,#4,HOLDING,2.031A/B
11673,2026-06-03 13:55:47,23.0500,8.91,1.425,17.172,B,#4,HOLDING,1.000A/B
11674,2026-06-03 13:55:48,23.2750,9.11,1.425,17.172,B,#4,HOLDING,1.000A/B
11675,2026-06-03 13:55:50,23.5250,9.11,1.000,9.270,B,#4,HOLDING,2.000A/B
11676,2026-06-03 13:55:53,23.8125,9.11,1.000,9.270,B,#4,HOLDING,1.986A/B
11677,2026-06-03 13:55:54,24.0625,9.11,1.000,9.270,B,#4,HOLDING,1.500A/B
11678,2026-06-03 13:55:56,24.3000,12.00,1.000,9.270,B,#4,HOLDING,2.000A/B
11679,2026-06-03 13:55:58,24.5250,12.00,1.394,16.548,B,#4,HOLDING,2.000A/B
11680,2026-06-03 13:56:00,24.8125,12.00,1.394,16.548,B,#4,HOLDING,2.000A/B
11681,2026-06-03 13:56:02,25.0625,12.00,1.394,16.548,B,#4,HOLDING,2.005A/B
11682,2026-06-03 13:56:04,25.2875,12.00,1.394,16.548,B,#4,HOLDING,1.982A/B
11683,2026-06-03 13:56:06,25.5875,12.00,1.372,16.284,B,#4,HOLDING,1.940A/B
11684,2026-06-03 13:56:08,25.8375,12.00,1.372,16.284,B,#4,HOLDING,1.837A/B
11685,2026-06-03 13:56:10,26.1125,12.00,1.372,16.284,B,#4,HOLDING,1.000A/B
11686,2026-06-03 13:56:12,26.3375,9.47,1.372,16.284,B,#4,HOLDING,1.762A/B
11687,2026-06-03 13:56:13,26.6125,9.47,1.216,16.140,B,#4,HOLDING,1.500A/B
11688,2026-06-03 13:56:16,26.9000,9.47,1.216,16.140,B,#4,HOLDING,1.000A/B
11689,2026-06-03 13:56:17,27.1750,9.47,1.216,16.140,B,#4,HOLDING,1.635A/B
11690,2026-06-03 13:56:19,27.4000,12.00,1.216,16.140,B,#4,HOLDING,1.500A/B
11691,2026-06-03 13:56:21,27.6500,12.00,1.337,15.888,B,#4,HOLDING,1.500A/B
11692,2026-06-03 13:56:23,27.8750,12.00,1.337,15.888,B,#4,HOLDING,1.565A/B
11693,2026-06-03 13:56:25,28.1250,12.00,1.337,15.888,B,#4,HOLDING,1.439A/B
11694,2026-06-03 13:56:27,28.3375,12.00,1.337,15.888,B,#4,HOLDING,1.000A/B
11695,2026-06-03 13:56:29,28.5875,12.00,1.156,9.760,B,#4,HOLDING,1.277A/B
11696,2026-06-03 13:56:31,28.8125,12.00,1.156,9.760,B,#4,HOLDING,1.075A/B
11697,2026-06-03 13:56:33,29.0625,12.00,1.156,9.760,B,#4,HOLDING,0.919A/B
11698,2026-06-03 13:56:35,29.2750,9.06,1.156,9.760,B,#4,HOLDING,0.738A/B
11699,2026-06-03 13:56:36,29.5250,9.06,0.826,5.741,B,#4,HOLDING,0.543A/B
11700,2026-06-03 13:56:39,29.7500,9.06,0.826,5.741,B,#4,HOLDING,0.295A/B
11701,2026-06-03 13:56:40,30.0000,9.06,0.826,5.741,B,#4,HOLDING,0.110A/B
11702,2026-06-03 13:56:42,30.1875,2.59,0.826,5.741,A,#4,HOLDING,0.101A/A
11703,2026-06-03 13:56:44,30.4125,2.59,0.101,0.024,A,#4,HOLDING,0.324A/A
11704,2026-06-03 13:56:47,30.6125,2.59,0.101,0.024,A,#4,HOLDING,0.608A/A
11705,2026-06-03 13:56:48,30.8125,2.59,0.101,0.024,A,#4,HOLDING,0.818A/A
11706,2026-06-03 13:56:50,30.9125,5.78,0.101,0.024,A,#4,HOLDING,1.048A/A
11707,2026-06-03 13:56:52,31.0375,5.78,0.931,8.153,A,#4,HOLDING,1.287A/A
11708,2026-06-03 13:56:54,31.1750,5.78,0.931,8.153,A,#4,HOLDING,1.500A/A
11709,2026-06-03 13:56:56,31.2500,5.78,0.931,8.153,A,#4,HOLDING,1.600A/A
11710,2026-06-03 13:56:58,31.2500,11.61,0.931,8.153,A,#4,HOLDING,1.840A/A
11711,2026-06-03 13:57:00,31.2500,11.61,1.623,19.320,A,#4,HOLDING,2.000A/A
11712,2026-06-03 13:57:02,31.2375,11.61,1.623,19.320,A,#4,HOLDING,2.075A/A
11713,2026-06-03 13:57:03,31.1875,11.61,1.623,19.320,A,#4,HOLDING,1.500A/A
11714,2026-06-03 13:57:05,31.1375,11.45,1.623,19.320,A,#4,HOLDING,1.000A/A
11715,2026-06-03 13:57:07,31.0375,11.45,1.160,8.350,A,#4,HOLDING,1.500A/A
11716,2026-06-03 13:57:10,30.9625,11.45,1.160,8.350,A,#4,HOLDING,2.262A/A
11717,2026-06-03 13:57:11,30.8125,11.45,1.160,8.350,A,#4,HOLDING,1.500A/A
11718,2026-06-03 13:57:13,30.6750,11.70,1.160,8.350,A,#4,HOLDING,2.437A/A
11719,2026-06-03 13:57:15,30.5000,11.70,1.518,18.012,A,#4,HOLDING,2.639A/A
11720,2026-06-03 13:57:17,30.3250,11.70,1.518,18.012,A,#4,HOLDING,2.000A/A
11721,2026-06-03 13:57:19,30.1250,11.70,1.518,18.012,A,#4,HOLDING,2.000A/A
11722,2026-06-03 13:57:21,29.9125,12.00,1.518,18.012,A,#4,HOLDING,1.000A/A
11723,2026-06-03 13:57:23,29.6875,12.00,1.221,8.810,A,#4,HOLDING,2.860A/A
11724,2026-06-03 13:57:25,29.4750,12.00,1.221,8.810,A,#4,HOLDING,1.000A/A
11725,2026-06-03 13:57:27,29.2500,12.00,1.221,8.810,A,#4,HOLDING,2.500A/A
11726,2026-06-03 13:57:28,29.0125,12.00,1.221,8.810,A,#4,HOLDING,2.500A/A
11727,2026-06-03 13:57:30,28.7875,12.00,1.464,17.376,A,#4,HOLDING,3.000A/A
11728,2026-06-03 13:57:33,28.5750,12.00,1.464,17.376,A,#4,HOLDING,1.000A/A
11729,2026-06-03 13:57:34,28.3250,12.00,1.464,17.376,A,#4,HOLDING,3.000A/A
11730,2026-06-03 13:57:36,28.0625,12.00,1.464,17.376,A,#4,HOLDING,3.000A/A
11731,2026-06-03 13:57:38,27.8125,12.00,1.443,17.136,A,#4,HOLDING,1.000A/A
11732,2026-06-03 13:57:40,27.5875,12.00,1.443,17.136,A,#4,HOLDING,2.933A/A
11733,2026-06-03 13:57:42,27.2875,12.00,1.443,17.136,A,#4,HOLDING,1.500A/A
11734,2026-06-03 13:57:44,27.0750,12.00,1.443,17.136,A,#4,HOLDING,1.000A/A
11735,2026-06-03 13:57:46,26.8250,12.00,1.113,9.110,A,#4,HOLDING,1.000A/A
11736,2026-06-03 13:57:48,26.5625,12.00,1.113,9.110,A,#4,HOLDING,2.000A/A
11737,2026-06-03 13:57:50,26.2875,12.00,1.113,9.110,A,#4,HOLDING,2.000A/A
11738,2026-06-03 13:57:51,26.0625,12.00,1.113,9.110,A,#4,HOLDING,2.000A/A
11739,2026-06-03 13:57:53,25.7875,12.00,1.436,17.076,A,#4,HOLDING,1.500A/A
11740,2026-06-03 13:57:56,25.5750,12.00,1.436,17.076,A,#4,HOLDING,2.000A/A
11741,2026-06-03 13:57:57,25.3500,12.00,1.436,17.076,A,#4,HOLDING,2.880A/A
11742,2026-06-03 13:57:59,25.1000,12.00,1.436,17.076,A,#4,HOLDING,2.898A/A
11743,2026-06-03 13:58:01,24.8500,12.00,1.418,16.908,A,#4,HOLDING,1.000A/A
11744,2026-06-03 13:58:03,24.6375,12.00,1.418,16.908,A,#4,HOLDING,1.000A/A
11745,2026-06-03 13:58:05,24.4125,12.00,1.418,16.908,A,#4,HOLDING,2.904A/A
11746,2026-06-03 13:58:07,24.1625,12.00,1.418,16.908,A,#5,APPROACH,2.000A/A
11747,2026-06-03 13:58:09,23.9375,12.00,1.417,16.908,OFF,#5,APPROACH,0.000A/OFF
11748,2026-06-03 13:58:10,23.9375,12.00,1.417,0.000,OFF,#5,APPROACH,0.111A/B
11749,2026-06-03 13:58:12,23.5000,12.00,1.417,0.000,B,#5,APPROACH,0.245A/B
11750,2026-06-03 13:58:14,23.2625,12.00,1.417,0.000,B,#5,APPROACH,0.370A/B
11751,2026-06-03 13:58:16,23.0625,12.00,1.417,0.000,B,#5,APPROACH,0.481A/B
11752,2026-06-03 13:58:17,23.0625,7.94,0.481,0.000,B,#5,APPROACH,0.517A/B
11753,2026-06-03 13:58:19,22.9125,7.94,0.481,1.990,B,#5,APPROACH,0.610A/B
11754,2026-06-03 13:58:21,22.7625,7.94,0.481,1.990,B,#5,APPROACH,0.696A/B
11755,2026-06-03 13:58:22,22.6750,7.94,0.481,1.990,B,#5,APPROACH,0.799A/B
11756,2026-06-03 13:58:24,22.5750,6.14,0.481,1.990,B,#5,APPROACH,0.903A/B
11757,2026-06-03 13:58:26,22.5500,6.14,0.903,6.483,B,#5,APPROACH,0.993A/B
11758,2026-06-03 13:58:28,22.5000,6.14,0.903,6.483,B,#5,APPROACH,1.000A/B
11759,2026-06-03 13:58:30,22.5000,6.14,0.903,6.483,B,#5,APPROACH,1.116A/B
11760,2026-06-03 13:58:32,22.5000,8.81,0.903,6.483,B,#5,APPROACH,1.000A/B
11761,2026-06-03 13:58:34,22.5125,8.81,1.000,8.240,B,#5,APPROACH,1.217A/B
11762,2026-06-03 13:58:36,22.5625,8.81,1.000,8.240,B,#5,APPROACH,1.345A/B
11763,2026-06-03 13:58:38,22.6625,8.81,1.000,8.240,B,#5,APPROACH,1.414A/B
11764,2026-06-03 13:58:40,22.7375,11.11,1.000,8.240,B,#5,APPROACH,1.503A/B
11765,2026-06-03 13:58:41,22.8250,11.11,1.503,18.005,B,#5,APPROACH,1.588A/B
11766,2026-06-03 13:58:44,22.9500,11.11,1.503,18.005,B,#5,APPROACH,1.701A/B
11767,2026-06-03 13:58:45,23.0500,11.11,1.503,18.005,B,#5,APPROACH,1.766A/B
11768,2026-06-03 13:58:47,23.2000,12.00,1.503,18.005,B,#5,APPROACH,1.835A/B
11769,2026-06-03 13:58:49,23.3625,12.00,1.469,17.388,B,#5,APPROACH,1.896A/B
11770,2026-06-03 13:58:51,23.5125,12.00,1.469,17.388,B,#5,APPROACH,1.978A/B
11771,2026-06-03 13:58:53,23.6875,12.00,1.469,17.388,B,#5,APPROACH,1.000A/B
11772,2026-06-03 13:58:55,23.9125,9.02,1.469,17.388,B,#5,APPROACH,2.002A/B
11773,2026-06-03 13:58:57,24.1125,9.02,1.212,16.908,B,#5,APPROACH,2.032A/B
11774,2026-06-03 13:58:59,24.3125,9.02,1.212,16.908,B,#5,APPROACH,2.079A/B
11775,2026-06-03 13:59:01,24.5250,9.02,1.212,16.908,B,#5,HOLDING,1.000A/B
11776,2026-06-03 13:59:03,24.7250,9.02,1.212,16.908,OFF,#5,HOLDING,0.000A/OFF
11777,2026-06-03 13:59:04,24.7250,9.17,1.212,16.908,OFF,#5,HOLDING,0.000A/OFF
11778,2026-06-03 13:59:05,24.9625,9.17,1.000,0.000,B,#1,APPROACH,0.101A/B
11779,2026-06-03 13:59:07,25.1875,9.17,1.000,0.000,B,#1,APPROACH,0.116A/B
11780,2026-06-03 13:59:09,25.4250,9.17,1.000,0.000,OFF,#1,HOLDING,0.000A/OFF
11781,2026-06-03 13:59:10,25.6750,9.17,1.000,0.000,OFF,#1,HOLDING,0.000A/OFF
11782,2026-06-03 13:59:11,25.6750,9.17,1.000,0.000,OFF,#1,HOLDING,0.000A/OFF
11783,2026-06-03 13:59:12,25.8625,12.00,1.000,0.000,OFF,#1,HOLDING,0.000A/OFF
11784,2026-06-03 13:59:13,25.8625,12.00,0.000,0.000,OFF,#1,HOLDING,0.000A/OFF
11785,2026-06-03 13:59:14,26.0625,12.00,0.000,0.000,OFF,#1,HOLDING,0.000A/OFF
11786,2026-06-03 13:59:15,26.0625,12.00,0.000,0.000,OFF,#1,HOLDING,0.000A/OFF
11787,2026-06-03 13:59:16,26.2375,12.00,0.000,0.000,OFF,#1,HOLDING,0.000A/OFF
11788,2026-06-03 13:59:17,26.2375,12.00,0.000,0.000,OFF,#1,HOLDING,0.000A/OFF
11789,2026-06-03 13:59:18,26.3875,12.00,0.000,0.000,OFF,#1,HOLDING,0.000A/OFF
11790,2026-06-03 13:59:19,26.3875,12.00,0.000,0.000,OFF,#1,HOLDING,0.000A/OFF
11791,2026-06-03 13:59:20,26.5500,12.00,0.000,0.000,OFF,#1,HOLDING,0.000A/OFF
11792,2026-06-03 13:59:21,26.6500,12.00,0.000,0.000,OFF,#1,HOLDING,0.000A/OFF
11793,2026-06-03 13:59:22,26.6500,12.00,0.000,0.000,OFF,#1,HOLDING,0.000A/OFF
11794,2026-06-03 13:59:23,26.7875,12.00,0.000,0.000,OFF,#1,HOLDING,0.000A/OFF
11795,2026-06-03 13:59:24,26.7875,12.00,0.000,0.000,OFF,#1,HOLDING,0.000A/OFF
11796,2026-06-03 13:59:25,26.8625,12.00,0.000,0.000,OFF,#1,HOLDING,0.000A/OFF
11797,2026-06-03 13:59:26,26.8625,12.00,0.000,0.000,OFF,#1,HOLDING,0.000A/OFF
11798,2026-06-03 13:59:27,26.9500,12.00,0.000,0.000,OFF,#1,HOLDING,0.000A/OFF
11799,2026-06-03 13:59:28,26.9500,12.00,0.000,0.000,OFF,#1,HOLDING,0.000A/OFF
11800,2026-06-03 13:59:29,27.0250,12.00,0.000,0.000,OFF,#1,HOLDING,0.000A/OFF
11801,2026-06-03 13:59:30,27.0250,12.00,0.000,0.000,OFF,#1,HOLDING,0.000A/OFF
11802,2026-06-03 13:59:31,27.1000,12.00,0.000,0.000,OFF,#1,HOLDING,0.000A/OFF
11803,2026-06-03 13:59:32,27.1000,12.00,0.000,0.000,OFF,#1,HOLDING,0.000A/OFF
11804,2026-06-03 13:59:33,27.1250,12.00,0.000,0.000,OFF,#1,HOLDING,0.000A/OFF
11805,2026-06-03 13:59:34,27.1250,12.00,0.000,0.000,OFF,#1,HOLDING,0.000A/OFF
11806,2026-06-03 13:59:35,27.1625,12.00,0.000,0.000,A,#1,HOLDING,0.107A/A
11807,2026-06-03 13:59:37,27.1875,12.00,0.000,0.000,A,#1,HOLDING,0.130A/A
11808,2026-06-03 13:59:38,27.1875,0.93,0.000,0.000,A,#1,HOLDING,0.155A/A
11809,2026-06-03 13:59:40,27.1875,0.93,0.155,0.193,A,#1,HOLDING,0.178A/A
11810,2026-06-03 13:59:43,27.2125,0.93,0.155,0.193,A,#1,HOLDING,0.215A/A
11811,2026-06-03 13:59:44,27.1875,0.93,0.155,0.193,A,#1,HOLDING,0.238A/A
11812,2026-06-03 13:59:46,27.1875,2.05,0.155,0.193,A,#1,HOLDING,0.267A/A
11813,2026-06-03 13:59:48,27.1875,2.05,0.267,0.640,A,#1,HOLDING,0.295A/A
11814,2026-06-03 13:59:50,27.1250,2.05,0.267,0.640,A,#1,HOLDING,0.327A/A
11815,2026-06-03 13:59:52,27.0750,2.05,0.267,0.640,A,#1,HOLDING,0.343A/A
11816,2026-06-03 13:59:54,27.0750,3.06,0.267,0.640,A,#1,HOLDING,0.368A/A
11817,2026-06-03 13:59:56,26.9500,3.06,0.368,1.251,A,#1,HOLDING,0.382A/A
11818,2026-06-03 13:59:58,26.8750,3.06,0.368,1.251,A,#1,HOLDING,0.404A/A
11819,2026-06-03 14:00:00,26.8250,3.06,0.368,1.251,A,#1,HOLDING,0.412A/A
11820,2026-06-03 14:00:01,26.8250,3.65,0.368,1.251,A,#1,HOLDING,0.440A/A
11821,2026-06-03 14:00:03,26.7375,3.65,0.440,1.760,A,#1,HOLDING,0.450A/A
11822,2026-06-03 14:00:06,26.5875,3.65,0.440,1.760,A,#1,HOLDING,0.453A/A
11823,2026-06-03 14:00:07,26.4875,3.65,0.440,1.760,A,#1,HOLDING,0.446A/A
11824,2026-06-03 14:00:09,26.4875,4.01,0.440,1.760,A,#2,APPROACH,0.457A/A
11825,2026-06-03 14:00:11,26.4000,4.01,0.457,0.000,A,#2,APPROACH,0.130A/A
11826,2026-06-03 14:00:14,26.2375,4.01,0.457,0.000,A,#2,APPROACH,0.140A/A
11827,2026-06-03 14:00:16,26.1125,4.01,0.457,0.000,A,#2,APPROACH,0.168A/A
11828,2026-06-03 14:00:17,26.0250,4.01,0.457,0.000,A,#2,APPROACH,0.192A/A
11829,2026-06-03 14:00:19,25.9500,2.15,0.457,0.000,A,#2,APPROACH,0.238A/A
11830,2026-06-03 14:00:21,25.8250,2.15,0.238,0.609,A,#2,APPROACH,0.292A/A
11831,2026-06-03 14:00:23,25.7250,2.15,0.238,0.609,A,#2,APPROACH,0.371A/A
11832,2026-06-03 14:00:25,25.6125,2.15,0.238,0.609,A,#2,APPROACH,0.413A/A
11833,2026-06-03 14:00:27,25.4875,3.78,0.238,0.609,A,#2,APPROACH,0.462A/A
11834,2026-06-03 14:00:29,25.3625,3.78,0.462,1.981,A,#2,APPROACH,0.502A/A
11835,2026-06-03 14:00:31,25.2875,3.78,0.462,1.981,A,#2,APPROACH,0.566A/A
11836,2026-06-03 14:00:32,25.2125,3.78,0.462,1.981,A,#2,APPROACH,0.605A/A
11837,2026-06-03 14:00:34,25.0875,5.33,0.462,1.981,A,#2,APPROACH,0.640A/A
11838,2026-06-03 14:00:36,24.9875,5.33,0.640,3.692,A,#2,HOLDING,0.618A/A
11839,2026-06-03 14:00:39,24.8625,5.33,0.640,3.692,OFF,#2,HOLDING,0.000A/OFF
11840,2026-06-03 14:00:40,24.8625,5.33,0.640,3.692,OFF,#2,HOLDING,0.000A/OFF
11841,2026-06-03 14:00:41,24.7375,5.33,0.640,3.692,OFF,#2,HOLDING,0.000A/OFF
11842,2026-06-03 14:00:42,24.7375,5.33,0.640,3.692,OFF,#2,HOLDING,0.000A/OFF
11843,2026-06-03 14:00:43,24.6125,12.00,0.000,3.692,OFF,#2,HOLDING,0.000A/OFF
11844,2026-06-03 14:00:44,24.6125,12.00,0.000,3.692,OFF,#2,HOLDING,0.000A/OFF
11845,2026-06-03 14:00:45,24.4875,12.00,0.000,0.000,OFF,#2,HOLDING,0.000A/OFF
11846,2026-06-03 14:00:46,24.3875,12.00,0.000,0.000,OFF,#2,HOLDING,0.000A/OFF
11847,2026-06-03 14:00:47,24.3875,12.00,0.000,0.000,A,#2,HOLDING,0.101A/A
11848,2026-06-03 14:00:49,24.2750,7.38,0.000,0.000,A,#2,HOLDING,0.123A/A
11849,2026-06-03 14:00:50,24.2000,7.38,0.123,0.154,A,#2,HOLDING,0.140A/A
11850,2026-06-03 14:00:53,24.0875,7.38,0.123,0.154,A,#2,HOLDING,0.136A/A
11851,2026-06-03 14:00:54,24.0125,7.38,0.123,0.154,A,#2,HOLDING,0.139A/A
11852,2026-06-03 14:00:56,23.9000,1.35,0.123,0.154,A,#2,HOLDING,0.131A/A
11853,2026-06-03 14:00:58,23.8250,1.35,0.131,0.171,A,#2,HOLDING,0.126A/A
11854,2026-06-03 14:01:00,23.7125,1.35,0.131,0.171,A,#2,HOLDING,0.112A/A
11855,2026-06-03 14:01:02,23.6625,1.35,0.131,0.171,A,#2,HOLDING,0.106A/A
11856,2026-06-03 14:01:04,23.6125,1.35,0.131,0.171,OFF,#2,HOLDING,0.000A/OFF
11857,2026-06-03 14:01:05,23.5125,1.05,0.131,0.171,OFF,#2,HOLDING,0.000A/OFF
11858,2026-06-03 14:01:06,23.5125,1.05,0.106,0.171,OFF,#2,HOLDING,0.000A/OFF
11859,2026-06-03 14:01:07,23.4625,1.05,0.106,0.612,OFF,#2,HOLDING,0.000A/OFF
11860,2026-06-03 14:01:08,23.4625,1.05,0.106,0.612,OFF,#2,HOLDING,0.000A/OFF
11861,2026-06-03 14:01:09,23.3875,1.05,0.106,0.612,OFF,#2,HOLDING,0.000A/OFF
11862,2026-06-03 14:01:10,23.3875,1.05,0.106,0.612,OFF,#2,HOLDING,0.000A/OFF
11863,2026-06-03 14:01:11,23.3375,12.00,0.106,0.612,OFF,#2,HOLDING,0.000A/OFF
11864,2026-06-03 14:01:12,23.3375,12.00,0.000,0.612,OFF,#2,HOLDING,0.000A/OFF
11865,2026-06-03 14:01:13,23.2625,12.00,0.000,0.000,OFF,#2,HOLDING,0.000A/OFF
11866,2026-06-03 14:01:14,23.2625,12.00,0.000,0.000,OFF,#2,HOLDING,0.000A/OFF
11867,2026-06-03 14:01:15,23.2125,12.00,0.000,0.000,OFF,#2,HOLDING,0.000A/OFF
11868,2026-06-03 14:01:16,23.2125,12.00,0.000,0.000,OFF,#2,HOLDING,0.000A/OFF
11869,2026-06-03 14:01:17,23.1375,12.00,0.000,0.000,OFF,#2,HOLDING,0.000A/OFF
11870,2026-06-03 14:01:18,23.1375,12.00,0.000,0.000,OFF,#2,HOLDING,0.000A/OFF
11871,2026-06-03 14:01:19,23.0625,12.00,0.000,0.000,B,#2,HOLDING,0.123A/B
11872,2026-06-03 14:01:21,23.0375,12.00,0.000,0.000,B,#2,HOLDING,0.149A/B
11873,2026-06-03 14:01:23,23.0000,12.00,0.000,0.000,B,#2,HOLDING,0.236A/B
11874,2026-06-03 14:01:24,22.9500,1.96,0.000,0.000,B,#2,HOLDING,0.269A/B
11875,2026-06-03 14:01:26,22.9375,1.96,0.269,0.621,B,#2,HOLDING,0.308A/B
11876,2026-06-03 14:01:29,22.9125,1.96,0.269,0.621,B,#2,HOLDING,0.359A/B
11877,2026-06-03 14:01:30,22.8750,1.96,0.269,0.621,B,#2,HOLDING,0.397A/B
11878,2026-06-03 14:01:32,22.8750,3.39,0.269,0.621,B,#2,HOLDING,0.437A/B
11879,2026-06-03 14:01:34,22.8625,3.39,0.415,1.669,B,#2,HOLDING,0.479A/B
11880,2026-06-03 14:01:36,22.8125,3.39,0.415,1.669,B,#2,HOLDING,0.538A/B
11881,2026-06-03 14:01:38,22.8375,3.39,0.415,1.669,B,#2,HOLDING,0.570A/B
11882,2026-06-03 14:01:40,22.8125,4.88,0.415,1.669,B,#2,HOLDING,0.616A/B
11883,2026-06-03 14:01:42,22.8750,4.88,0.590,3.295,B,#2,HOLDING,0.645A/B
11884,2026-06-03 14:01:44,22.8750,4.88,0.590,3.295,B,#2,HOLDING,0.701A/B
11885,2026-06-03 14:01:46,22.9000,4.88,0.590,3.295,B,#2,HOLDING,0.730A/B
11886,2026-06-03 14:01:47,22.9250,6.24,0.590,3.295,B,#2,HOLDING,0.772A/B
11887,2026-06-03 14:01:49,22.9750,6.24,0.749,5.211,B,#2,HOLDING,0.803A/B
11888,2026-06-03 14:01:52,23.0000,6.24,0.749,5.211,B,#2,HOLDING,0.850A/B
11889,2026-06-03 14:01:53,23.0625,6.24,0.749,5.211,B,#2,HOLDING,0.826A/B
11890,2026-06-03 14:01:55,23.1125,7.17,0.749,5.211,B,#2,HOLDING,0.859A/B
11891,2026-06-03 14:01:57,23.2000,7.17,0.840,6.476,B,#2,HOLDING,0.881A/B
11892,2026-06-03 14:01:59,23.3000,7.17,0.840,6.476,B,#2,HOLDING,0.914A/B
11893,2026-06-03 14:02:01,23.3500,7.17,0.840,6.476,B,#2,HOLDING,0.935A/B
11894,2026-06-03 14:02:03,23.4500,8.11,0.840,6.476,B,#2,HOLDING,0.954A/B
11895,2026-06-03 14:02:05,23.5500,8.11,0.942,8.004,B,#3,APPROACH,0.968A/B
11896,2026-06-03 14:02:07,23.6750,8.11,0.942,8.004,OFF,#3,HOLDING,0.000A/OFF
11897,2026-06-03 14:02:08,23.6750,8.11,0.942,8.004,OFF,#3,HOLDING,0.000A/OFF
11898,2026-06-03 14:02:09,23.7625,8.11,0.942,8.004,OFF,#3,HOLDING,0.000A/OFF
11899,2026-06-03 14:02:10,23.7625,8.11,0.942,8.004,OFF,#3,HOLDING,0.000A/OFF
11900,2026-06-03 14:02:11,23.8625,8.11,0.942,8.004,A,#3,HOLDING,0.164A/A
11901,2026-06-03 14:02:13,23.9875,12.00,0.000,8.004,A,#3,HOLDING,0.206A/A
11902,2026-06-03 14:02:15,24.1375,12.00,0.000,0.243,A,#3,HOLDING,0.279A/A
11903,2026-06-03 14:02:16,24.1375,12.00,0.000,0.243,A,#3,HOLDING,0.304A/A
11904,2026-06-03 14:02:18,24.2250,12.00,0.000,0.243,A,#3,HOLDING,0.350A/A
11905,2026-06-03 14:02:20,24.3250,2.56,0.000,0.243,A,#3,HOLDING,0.408A/A
11906,2026-06-03 14:02:21,24.4000,2.56,0.383,1.309,A,#3,HOLDING,0.477A/A
11907,2026-06-03 14:02:24,24.4500,2.56,0.383,1.309,A,#3,HOLDING,0.554A/A
11908,2026-06-03 14:02:25,24.5625,2.56,0.383,1.309,A,#3,HOLDING,0.617A/A
11909,2026-06-03 14:02:27,24.5625,4.95,0.383,1.309,A,#3,HOLDING,0.674A/A
11910,2026-06-03 14:02:29,24.6125,4.95,0.658,3.760,A,#3,HOLDING,0.744A/A
11911,2026-06-03 14:02:31,24.6125,4.95,0.658,3.760,A,#3,HOLDING,0.817A/A
11912,2026-06-03 14:02:33,24.6250,4.95,0.658,3.760,A,#3,HOLDING,0.878A/A
11913,2026-06-03 14:02:35,24.6250,7.16,0.658,3.760,A,#3,HOLDING,0.942A/A
11914,2026-06-03 14:02:37,24.5625,7.16,0.925,7.385,A,#3,HOLDING,0.998A/A
11915,2026-06-03 14:02:39,24.5125,7.16,0.925,7.385,A,#3,HOLDING,1.069A/A
11916,2026-06-03 14:02:41,24.5000,7.16,0.925,7.385,A,#3,HOLDING,1.123A/A
11917,2026-06-03 14:02:43,24.4250,9.03,0.925,7.385,A,#3,HOLDING,1.177A/A
11918,2026-06-03 14:02:44,24.3375,9.03,1.177,11.393,A,#3,HOLDING,1.224A/A
11919,2026-06-03 14:02:47,24.2625,9.03,1.177,11.393,A,#3,HOLDING,1.285A/A
11920,2026-06-03 14:02:48,24.2000,9.03,1.177,11.393,A,#3,HOLDING,1.327A/A
11921,2026-06-03 14:02:50,24.0750,10.59,1.177,11.393,A,#3,HOLDING,1.365A/A
11922,2026-06-03 14:02:52,23.9875,10.59,1.365,15.178,A,#3,HOLDING,1.401A/A
11923,2026-06-03 14:02:54,23.8375,10.59,1.365,15.178,A,#3,HOLDING,1.439A/A
11924,2026-06-03 14:02:56,23.7000,10.59,1.365,15.178,A,#3,HOLDING,1.413A/A
11925,2026-06-03 14:02:58,23.5500,11.36,1.365,15.178,A,#3,HOLDING,1.435A/A
11926,2026-06-03 14:03:00,23.3875,11.36,1.435,16.918,A,#3,HOLDING,1.453A/A
11927,2026-06-03 14:03:02,23.2375,11.36,1.435,16.918,A,#3,HOLDING,1.000A/A
11928,2026-06-03 14:03:04,23.1000,11.36,1.435,16.918,A,#3,HOLDING,1.477A/A
11929,2026-06-03 14:03:06,22.9250,11.91,1.435,16.918,A,#3,HOLDING,1.000A/A
11930,2026-06-03 14:03:07,22.7125,11.91,1.000,9.010,A,#3,HOLDING,1.473A/A
11931,2026-06-03 14:03:10,22.5625,11.91,1.000,9.010,A,#3,HOLDING,1.000A/A
11932,2026-06-03 14:03:11,22.3875,11.91,1.000,9.010,A,#3,HOLDING,1.461A/A
11933,2026-06-03 14:03:13,22.2125,11.93,1.000,9.010,A,#3,HOLDING,1.442A/A
11934,2026-06-03 14:03:15,22.0750,11.93,1.440,17.184,A,#3,HOLDING,1.413A/A
11935,2026-06-03 14:03:18,21.8750,11.93,1.440,17.184,A,#3,HOLDING,1.373A/A
11936,2026-06-03 14:03:19,21.7000,11.93,1.440,17.184,A,#3,HOLDING,1.279A/A
11937,2026-06-03 14:03:21,21.5000,10.92,1.440,17.184,A,#3,HOLDING,1.000A/A
11938,2026-06-03 14:03:23,21.3250,10.92,1.000,9.170,A,#3,HOLDING,1.000A/A
11939,2026-06-03 14:03:25,21.1500,10.92,1.000,9.170,A,#3,HOLDING,1.200A/A
11940,2026-06-03 14:03:27,20.9750,10.92,1.000,9.170,A,#3,HOLDING,1.132A/A
11941,2026-06-03 14:03:29,20.8000,9.94,1.000,9.170,A,#3,HOLDING,1.048A/A
11942,2026-06-03 14:03:31,20.6375,9.94,1.048,9.976,A,#3,HOLDING,0.956A/A
11943,2026-06-03 14:03:33,20.4875,9.94,1.048,9.976,A,#3,HOLDING,0.847A/A
11944,2026-06-03 14:03:35,20.3250,9.94,1.048,9.976,A,#3,HOLDING,0.757A/A
11945,2026-06-03 14:03:36,20.1750,7.32,1.048,9.976,A,#3,HOLDING,0.654A/A
11946,2026-06-03 14:03:38,20.0250,7.32,0.654,4.336,A,#3,HOLDING,0.539A/A
11947,2026-06-03 14:03:41,19.9000,7.32,0.654,4.336,A,#3,HOLDING,0.404A/A
11948,2026-06-03 14:03:42,19.7375,7.32,0.654,4.336,A,#3,HOLDING,0.326A/A
11949,2026-06-03 14:03:44,19.6125,3.90,0.654,4.336,A,#3,HOLDING,0.203A/A
11950,2026-06-03 14:03:46,19.4875,3.90,0.203,4.336,OFF,#3,HOLDING,0.000A/OFF
11951,2026-06-03 14:03:47,19.3625,3.90,0.203,0.598,OFF,#3,HOLDING,0.000A/OFF
11952,2026-06-03 14:03:48,19.3625,3.90,0.203,0.598,OFF,#3,HOLDING,0.000A/OFF
11953,2026-06-03 14:03:49,19.2625,3.90,0.203,0.598,B,#3,HOLDING,0.149A/B
11954,2026-06-03 14:03:51,19.1625,3.90,0.203,0.598,B,#3,HOLDING,0.292A/B
11955,2026-06-03 14:03:53,19.0625,7.58,0.292,0.598,B,#3,HOLDING,0.420A/B
11956,2026-06-03 14:03:54,19.0125,7.58,0.292,1.276,B,#3,HOLDING,0.558A/B
11957,2026-06-03 14:03:56,19.0125,7.58,0.292,1.276,B,#3,HOLDING,0.676A/B
11958,2026-06-03 14:03:58,18.9625,7.58,0.292,1.276,B,#3,HOLDING,0.799A/B
11959,2026-06-03 14:03:59,18.9375,6.04,0.292,1.276,B,#3,HOLDING,0.944A/B
11960,2026-06-03 14:04:01,18.9375,6.04,0.924,6.995,B,#3,HOLDING,1.000A/B
11961,2026-06-03 14:04:04,18.9375,6.04,0.924,6.995,B,#3,HOLDING,1.086A/B
11962,2026-06-03 14:04:05,18.9750,6.04,0.924,6.995,B,#3,HOLDING,1.205A/B
11963,2026-06-03 14:04:07,19.0250,9.19,0.924,6.995,B,#3,HOLDING,1.342A/B
11964,2026-06-03 14:04:09,19.1000,9.19,1.320,14.077,B,#3,HOLDING,1.471A/B
11965,2026-06-03 14:04:11,19.1750,9.19,1.320,14.077,B,#3,HOLDING,1.000A/B
11966,2026-06-03 14:04:13,19.3000,9.19,1.320,14.077,B,#3,HOLDING,1.500A/B
11967,2026-06-03 14:04:15,19.4250,11.56,1.320,14.077,B,#3,HOLDING,1.000A/B
11968,2026-06-03 14:04:17,19.5625,11.56,1.126,8.460,B,#3,HOLDING,1.500A/B
11969,2026-06-03 14:04:19,19.7625,11.56,1.126,8.460,B,#3,HOLDING,1.603A/B
11970,2026-06-03 14:04:21,19.9250,11.56,1.126,8.460,B,#3,HOLDING,1.647A/B
11971,2026-06-03 14:04:23,20.1250,12.00,1.126,8.460,B,#3,HOLDING,1.730A/B
11972,2026-06-03 14:04:24,20.3125,12.00,1.505,17.808,B,#3,HOLDING,1.809A/B
11973,2026-06-03 14:04:27,20.5125,12.00,1.505,17.808,B,#3,HOLDING,1.911A/B
11974,2026-06-03 14:04:28,20.7500,12.00,1.505,17.808,B,#3,HOLDING,1.959A/B
11975,2026-06-03 14:04:30,20.9750,12.00,1.505,17.808,B,#3,HOLDING,1.500A/B
11976,2026-06-03 14:04:32,21.2125,12.00,1.457,17.256,B,#3,HOLDING,1.500A/B
11977,2026-06-03 14:04:34,21.4625,12.00,1.457,17.256,B,#3,HOLDING,1.990A/B
11978,2026-06-03 14:04:36,21.7125,12.00,1.457,17.256,B,#3,HOLDING,1.000A/B
11979,2026-06-03 14:04:38,21.9875,8.98,1.457,17.256,B,#3,HOLDING,1.000A/B
11980,2026-06-03 14:04:40,22.2750,8.98,1.000,9.240,B,#3,HOLDING,1.944A/B
11981,2026-06-03 14:04:42,22.5000,8.98,1.000,9.240,B,#3,HOLDING,1.970A/B
11982,2026-06-03 14:04:44,22.7750,8.98,1.000,9.240,B,#3,HOLDING,1.968A/B
11983,2026-06-03 14:04:46,23.0500,12.00,1.000,9.240,B,#3,HOLDING,1.959A/B
11984,2026-06-03 14:04:47,23.3125,12.00,1.404,16.632,B,#3,HOLDING,1.930A/B
11985,2026-06-03 14:04:50,23.5875,12.00,1.404,16.632,B,#3,HOLDING,1.000A/B
11986,2026-06-03 14:04:51,23.8375,12.00,1.404,16.632,B,#3,HOLDING,1.845A/B
11987,2026-06-03 14:04:53,24.1375,12.00,1.404,16.632,B,#3,HOLDING,1.775A/B
11988,2026-06-03 14:04:55,24.4000,12.00,1.377,16.356,B,#3,HOLDING,1.696A/B
11989,2026-06-03 14:04:58,24.7000,12.00,1.377,16.356,B,#3,HOLDING,1.595A/B
11990,2026-06-03 14:04:59,24.9625,12.00,1.377,16.356,B,#3,HOLDING,1.511A/B
11991,2026-06-03 14:05:01,25.2625,12.00,1.377,16.356,B,#3,HOLDING,1.399A/B
11992,2026-06-03 14:05:03,25.5250,12.00,1.353,16.068,B,#3,HOLDING,1.000A/B
11993,2026-06-03 14:05:05,25.8250,12.00,1.353,16.068,B,#3,HOLDING,1.334A/B
11994,2026-06-03 14:05:07,26.0875,12.00,1.353,16.068,B,#3,HOLDING,1.000A/B
11995,2026-06-03 14:05:09,26.3625,9.53,1.353,16.068,B,#3,HOLDING,1.000A/B
11996,2026-06-03 14:05:11,26.6500,9.53,1.000,9.650,B,#3,HOLDING,1.184A/B
11997,2026-06-03 14:05:13,26.9250,9.53,1.000,9.650,B,#3,HOLDING,0.975A/B
11998,2026-06-03 14:05:14,27.1875,9.53,1.000,9.650,B,#3,HOLDING,0.823A/B
11999,2026-06-03 14:05:16,27.4375,8.20,1.000,9.650,B,#3,HOLDING,0.639A/B
12000,2026-06-03 14:05:18,27.6750,8.20,0.663,4.498,B,#3,HOLDING,0.446A/B
12001,2026-06-03 14:05:21,27.9250,8.20,0.663,4.498,B,#3,HOLDING,0.193A/B
12002,2026-06-03 14:05:22,28.1750,8.20,0.663,4.498,OFF,#3,HOLDING,0.000A/OFF
12003,2026-06-03 14:05:23,28.4250,8.20,0.663,4.498,OFF,#3,HOLDING,0.126A/A
12004,2026-06-03 14:05:25,28.4250,12.00,0.000,4.498,A,#3,HOLDING,0.294A/A
12005,2026-06-03 14:05:27,28.6125,12.00,0.000,0.352,A,#3,HOLDING,0.514A/A
12006,2026-06-03 14:05:28,28.8125,12.00,0.000,0.352,A,#3,HOLDING,0.707A/A
12007,2026-06-03 14:05:30,29.0250,12.00,0.000,0.352,A,#3,HOLDING,0.926A/A
12008,2026-06-03 14:05:32,29.2000,6.42,0.000,0.352,A,#3,HOLDING,1.173A/A
12009,2026-06-03 14:05:33,29.3500,6.42,1.173,10.040,A,#3,HOLDING,1.420A/A
12010,2026-06-03 14:05:36,29.4500,6.42,1.173,10.040,A,#3,HOLDING,1.737A/A
12011,2026-06-03 14:05:37,29.5750,6.42,1.173,10.040,A,#3,HOLDING,1.957A/A
12012,2026-06-03 14:05:39,29.6250,12.00,1.173,10.040,A,#3,HOLDING,1.000A/A
12013,2026-06-03 14:05:41,29.6625,12.00,1.035,7.820,A,#3,HOLDING,2.215A/A
12014,2026-06-03 14:05:44,29.6375,12.00,1.035,7.820,A,#3,HOLDING,2.000A/A
12015,2026-06-03 14:05:45,29.6250,12.00,1.035,7.820,A,#3,HOLDING,1.000A/A
12016,2026-06-03 14:05:47,29.5750,7.99,1.035,7.820,A,#3,HOLDING,1.500A/A
12017,2026-06-03 14:05:49,29.5625,7.99,1.486,17.490,A,#3,HOLDING,2.500A/A
12018,2026-06-03 14:05:51,29.4625,7.99,1.486,17.490,A,#3,HOLDING,2.000A/A
12019,2026-06-03 14:05:53,29.3625,7.99,1.486,17.490,A,#3,HOLDING,1.000A/A
12020,2026-06-03 14:05:55,29.2125,8.38,1.486,17.490,A,#3,HOLDING,1.500A/A
12021,2026-06-03 14:05:57,29.1125,8.38,1.243,17.955,A,#3,HOLDING,2.488A/A
12022,2026-06-03 14:05:59,28.9625,8.38,1.243,17.955,A,#3,HOLDING,2.000A/A
12023,2026-06-03 14:06:01,28.8000,8.38,1.243,17.955,A,#3,HOLDING,1.000A/A
12024,2026-06-03 14:06:02,28.6250,8.67,1.243,17.955,A,#3,HOLDING,2.751A/A
12025,2026-06-03 14:06:04,28.4500,8.67,1.242,17.652,A,#3,HOLDING,2.951A/A
12026,2026-06-03 14:06:07,28.2500,8.67,1.242,17.652,A,#3,HOLDING,1.000A/A
12027,2026-06-03 14:06:08,28.0750,8.67,1.242,17.652,A,#3,HOLDING,2.000A/A
12028,2026-06-03 14:06:10,27.8750,12.00,1.242,17.652,A,#3,HOLDING,1.000A/A
12029,2026-06-03 14:06:12,27.6375,12.00,1.237,8.910,A,#3,HOLDING,3.000A/A
12030,2026-06-03 14:06:14,27.4375,12.00,1.237,8.910,A,#3,HOLDING,3.000A/A
12031,2026-06-03 14:06:16,27.2000,12.00,1.237,8.910,A,#3,HOLDING,2.000A/A
12032,2026-06-03 14:06:18,26.9750,12.00,1.237,8.910,A,#3,HOLDING,3.000A/A
12033,2026-06-03 14:06:20,26.7625,12.00,1.447,17.184,A,#3,HOLDING,1.500A/A
12034,2026-06-03 14:06:22,26.5125,12.00,1.447,17.184,A,#3,HOLDING,1.000A/A
12035,2026-06-03 14:06:24,26.3125,12.00,1.447,17.184,A,#3,HOLDING,2.500A/A
12036,2026-06-03 14:06:25,26.0625,12.00,1.447,17.184,A,#3,HOLDING,3.000A/A
12037,2026-06-03 14:06:27,25.8250,12.00,1.430,16.992,A,#3,HOLDING,1.500A/A
12038,2026-06-03 14:06:30,25.6000,12.00,1.430,16.992,A,#3,HOLDING,1.500A/A
12039,2026-06-03 14:06:31,25.3750,12.00,1.430,16.992,A,#3,HOLDING,1.500A/A
12040,2026-06-03 14:06:33,25.1250,12.00,1.430,16.992,A,#3,HOLDING,1.500A/A
12041,2026-06-03 14:06:35,24.8875,12.00,1.417,16.848,A,#3,HOLDING,1.000A/A
12042,2026-06-03 14:06:37,24.6375,12.00,1.417,16.848,A,#3,HOLDING,2.500A/A
12043,2026-06-03 14:06:39,24.4375,12.00,1.417,16.848,A,#3,HOLDING,1.000A/A
12044,2026-06-03 14:06:41,24.2125,9.14,1.417,16.848,A,#3,HOLDING,1.000A/A
12045,2026-06-03 14:06:43,23.9750,9.14,1.000,9.260,A,#3,HOLDING,2.000A/A
12046,2026-06-03 14:06:45,23.7500,9.14,1.000,9.260,A,#3,HOLDING,1.500A/A
12047,2026-06-03 14:06:47,23.5375,9.14,1.000,9.260,A,#3,HOLDING,1.000A/A
12048,2026-06-03 14:06:49,23.3125,9.15,1.000,9.260,A,#3,HOLDING,2.886A/A
12049,2026-06-03 14:06:50,23.1250,9.15,1.206,16.824,A,#3,HOLDING,2.898A/A
12050,2026-06-03 14:06:53,22.9250,9.15,1.206,16.824,A,#3,HOLDING,2.500A/A
12051,2026-06-03 14:06:54,22.7250,9.15,1.206,16.824,A,#3,HOLDING,1.000A/A
12052,2026-06-03 14:06:56,22.5500,9.17,1.206,16.824,A,#3,HOLDING,2.000A/A
12053,2026-06-03 14:06:58,22.3250,9.17,1.409,16.776,A,#3,HOLDING,1.000A/A
12054,2026-06-03 14:07:00,22.1250,9.17,1.409,16.776,A,#3,HOLDING,2.911A/A
12055,2026-06-03 14:07:02,21.9500,9.17,1.409,16.776,A,#3,HOLDING,2.500A/A
12056,2026-06-03 14:07:04,21.7500,12.00,1.409,16.776,A,#3,HOLDING,1.000A/A
12057,2026-06-03 14:07:06,21.5750,12.00,1.024,9.230,A,#3,HOLDING,2.500A/A
12058,2026-06-03 14:07:08,21.4250,12.00,1.024,9.230,A,#3,HOLDING,2.000A/A
12059,2026-06-03 14:07:10,21.2625,12.00,1.024,9.230,A,#3,HOLDING,1.500A/A
12060,2026-06-03 14:07:12,21.0625,12.00,1.024,9.230,A,#3,HOLDING,2.000A/A
12061,2026-06-03 14:07:13,20.8875,12.00,1.414,16.824,A,#3,HOLDING,1.500A/A
12062,2026-06-03 14:07:16,20.7375,12.00,1.414,16.824,A,#3,HOLDING,2.000A/A
12063,2026-06-03 14:07:17,20.5875,12.00,1.414,16.824,A,#3,HOLDING,2.000A/A
12064,2026-06-03 14:07:19,20.4125,12.00,1.414,16.824,A,#3,HOLDING,1.500A/A
12065,2026-06-03 14:07:21,20.2625,12.00,1.410,16.800,A,#3,HOLDING,2.756A/A
12066,2026-06-03 14:07:24,20.0875,12.00,1.410,16.800,A,#3,HOLDING,1.500A/A
12067,2026-06-03 14:07:25,19.9500,12.00,1.410,16.800,A,#3,HOLDING,2.500A/A
12068,2026-06-03 14:07:27,19.7750,12.00,1.410,16.800,A,#3,HOLDING,2.640A/A
12069,2026-06-03 14:07:29,19.6375,12.00,1.396,16.728,A,#3,HOLDING,2.500A/A
12070,2026-06-03 14:07:31,19.4875,12.00,1.396,16.728,A,#3,HOLDING,2.510A/A
12071,2026-06-03 14:07:33,19.3250,12.00,1.396,16.728,A,#3,HOLDING,1.000A/A
12072,2026-06-03 14:07:35,19.1750,9.27,1.396,16.728,A,#3,HOLDING,1.000A/A
12073,2026-06-03 14:07:37,19.0250,9.27,1.000,9.400,A,#3,HOLDING,2.372A/A
12074,2026-06-03 14:07:39,18.9250,9.27,1.000,9.400,A,#3,HOLDING,1.500A/A
12075,2026-06-03 14:07:41,18.7875,9.27,1.000,9.400,A,#3,HOLDING,1.000A/A
12076,2026-06-03 14:07:42,18.6375,9.22,1.000,9.400,A,#3,HOLDING,2.000A/A
12077,2026-06-03 14:07:44,18.5125,9.22,1.410,16.860,A,#3,HOLDING,2.161A/A
12078,2026-06-03 14:07:47,18.3875,9.22,1.410,16.860,A,#3,HOLDING,1.000A/A
12079,2026-06-03 14:07:48,18.2750,9.22,1.410,16.860,A,#3,HOLDING,1.000A/A
12080,2026-06-03 14:07:50,18.1750,9.22,1.410,16.860,A,#3,HOLDING,1.500A/A
12081,2026-06-03 14:07:52,18.0500,9.22,1.411,16.788,A,#3,HOLDING,1.000A/A
12082,2026-06-03 14:07:54,17.9500,9.22,1.411,16.788,A,#3,HOLDING,1.930A/A
12083,2026-06-03 14:07:56,17.8375,9.22,1.411,16.788,A,#3,HOLDING,1.764A/A
12084,2026-06-03 14:07:58,17.7375,12.00,1.411,16.788,A,#3,HOLDING,1.573A/A
12085,2026-06-03 14:08:00,17.6125,12.00,1.407,16.752,A,#3,HOLDING,1.372A/A
12086,2026-06-03 14:08:02,17.5125,12.00,1.407,16.752,A,#3,HOLDING,1.119A/A
12087,2026-06-03 14:08:04,17.4500,12.00,1.407,16.752,A,#3,HOLDING,0.943A/A
12088,2026-06-03 14:08:05,17.3250,8.83,1.407,16.752,A,#3,HOLDING,0.733A/A
12089,2026-06-03 14:08:07,17.2375,8.83,0.733,5.409,A,#3,HOLDING,0.525A/A
12090,2026-06-03 14:08:10,17.1375,8.83,0.733,5.409,A,#3,HOLDING,0.249A/A
12091,2026-06-03 14:08:11,17.0500,8.83,0.733,5.409,OFF,#3,HOLDING,0.000A/OFF
12092,2026-06-03 14:08:12,16.9500,8.83,0.733,5.409,OFF,#3,HOLDING,0.000A/OFF
12093,2026-06-03 14:08:13,16.9500,12.00,0.000,5.409,B,#3,HOLDING,0.181A/B
12094,2026-06-03 14:08:15,16.8875,12.00,0.000,0.000,B,#3,HOLDING,0.409A/B
12095,2026-06-03 14:08:17,16.8125,12.00,0.000,0.000,B,#3,HOLDING,0.601A/B
12096,2026-06-03 14:08:18,16.7500,12.00,0.000,0.000,B,#3,HOLDING,0.800A/B
12097,2026-06-03 14:08:20,16.7000,5.42,0.000,0.000,B,#3,HOLDING,1.028A/B
12098,2026-06-03 14:08:22,16.7125,5.42,1.005,7.720,B,#3,HOLDING,1.249A/B
12099,2026-06-03 14:08:25,16.7125,5.42,1.005,7.720,B,#3,HOLDING,1.537A/B
12100,2026-06-03 14:08:26,16.7250,5.42,1.005,7.720,B,#3,HOLDING,1.000A/B
12101,2026-06-03 14:08:28,16.8000,7.58,1.005,7.720,B,#3,HOLDING,1.721A/B
12102,2026-06-03 14:08:30,16.8875,7.58,1.654,19.692,B,#3,HOLDING,1.933A/B
12103,2026-06-03 14:08:32,17.0125,7.58,1.654,19.692,B,#3,HOLDING,2.202A/B
12104,2026-06-03 14:08:34,17.1375,7.58,1.654,19.692,B,#3,HOLDING,1.000A/B
12105,2026-06-03 14:08:36,17.2875,8.02,1.654,19.692,B,#3,HOLDING,2.000A/B
12106,2026-06-03 14:08:38,17.4875,8.02,1.585,18.816,B,#3,HOLDING,1.000A/B
12107,2026-06-03 14:08:40,17.6875,8.02,1.585,18.816,B,#3,HOLDING,2.000A/B
12108,2026-06-03 14:08:42,17.9375,8.02,1.585,18.816,B,#3,HOLDING,2.325A/B
12109,2026-06-03 14:08:43,18.1875,12.00,1.585,18.816,B,#3,HOLDING,2.482A/B
12110,2026-06-03 14:08:45,18.4375,12.00,1.528,18.084,B,#3,HOLDING,1.500A/B
12111,2026-06-03 14:08:48,18.6875,12.00,1.528,18.084,B,#3,HOLDING,2.500A/B
12112,2026-06-03 14:08:49,18.9375,12.00,1.528,18.084,B,#3,HOLDING,2.606A/B
12113,2026-06-03 14:08:51,19.2375,12.00,1.528,18.084,B,#3,HOLDING,1.500A/B
12114,2026-06-03 14:08:53,19.5375,12.00,1.473,17.388,B,#3,HOLDING,2.701A/B
12115,2026-06-03 14:08:55,19.8375,12.00,1.473,17.388,B,#3,HOLDING,1.000A/B
12116,2026-06-03 14:08:57,20.1250,12.00,1.473,17.388,B,#3,HOLDING,2.500A/B
12117,2026-06-03 14:08:59,20.4500,12.00,1.473,17.388,B,#3,HOLDING,1.500A/B
12118,2026-06-03 14:09:01,20.7500,12.00,1.429,16.932,B,#3,HOLDING,2.000A/B
12119,2026-06-03 14:09:03,21.0750,12.00,1.429,16.932,B,#3,HOLDING,2.000A/B
12120,2026-06-03 14:09:05,21.3750,12.00,1.429,16.932,B,#3,HOLDING,1.000A/B
12121,2026-06-03 14:09:06,21.7000,9.26,1.429,16.932,B,#3,HOLDING,2.000A/B
12122,2026-06-03 14:09:08,22.0125,9.26,1.197,16.560,B,#4,APPROACH,1.500A/B
12123,2026-06-03 14:09:11,22.3625,9.26,1.197,16.560,A,#4,APPROACH,0.132A/A
12124,2026-06-03 14:09:13,22.6625,9.26,1.197,16.560,A,#4,APPROACH,0.255A/A
12125,2026-06-03 14:09:15,23.0125,9.26,1.197,16.560,A,#4,APPROACH,0.393A/A
12126,2026-06-03 14:09:17,23.3125,7.17,0.393,16.560,A,#4,APPROACH,0.558A/A
12127,2026-06-03 14:09:19,23.6375,7.17,0.393,2.243,A,#4,APPROACH,0.632A/A
12128,2026-06-03 14:09:20,23.9375,7.17,0.393,2.243,A,#4,APPROACH,0.760A/A
12129,2026-06-03 14:09:22,24.2125,7.17,0.393,2.243,A,#4,APPROACH,0.897A/A
12130,2026-06-03 14:09:24,24.4250,6.80,0.393,2.243,A,#4,APPROACH,1.053A/A
12131,2026-06-03 14:09:26,24.6250,6.80,0.972,8.571,A,#4,APPROACH,1.000A/A
12132,2026-06-03 14:09:28,24.8000,6.80,0.972,8.571,A,#4,APPROACH,1.000A/A
12133,2026-06-03 14:09:30,24.9500,6.80,0.972,8.571,A,#4,APPROACH,1.216A/A
12134,2026-06-03 14:09:32,25.0500,9.36,0.972,8.571,A,#4,APPROACH,1.390A/A
12135,2026-06-03 14:09:33,25.1750,9.36,1.300,15.012,A,#4,APPROACH,1.570A/A
12136,2026-06-03 14:09:36,25.2500,9.36,1.300,15.012,A,#4,APPROACH,1.800A/A
12137,2026-06-03 14:09:37,25.3000,9.36,1.300,15.012,A,#4,APPROACH,1.000A/A
12138,2026-06-03 14:09:39,25.3125,8.31,1.300,15.012,A,#4,APPROACH,1.951A/A
12139,2026-06-03 14:09:41,25.3125,8.31,1.275,18.348,A,#4,APPROACH,1.000A/A
12140,2026-06-03 14:09:44,25.3000,8.31,1.275,18.348,A,#4,APPROACH,1.500A/A
12141,2026-06-03 14:09:45,25.2500,8.31,1.275,18.348,A,#4,APPROACH,2.000A/A
12142,2026-06-03 14:09:47,25.1750,12.00,1.275,18.348,A,#4,APPROACH,1.500A/A
12143,2026-06-03 14:09:49,25.1000,12.00,1.500,17.892,A,#4,APPROACH,1.500A/A
12144,2026-06-03 14:09:51,25.0250,12.00,1.500,17.892,A,#4,APPROACH,1.500A/A
12145,2026-06-03 14:09:53,24.9250,12.00,1.500,17.892,A,#4,APPROACH,2.105A/A
12146,2026-06-03 14:09:55,24.8000,12.00,1.500,17.892,A,#4,APPROACH,1.000A/A
12147,2026-06-03 14:09:57,24.6750,12.00,1.229,8.840,A,#4,APPROACH,2.244A/A
12148,2026-06-03 14:09:59,24.5750,12.00,1.229,8.840,A,#4,APPROACH,1.500A/A
12149,2026-06-03 14:10:00,24.4000,12.00,1.229,8.840,A,#4,APPROACH,2.000A/A
12150,2026-06-03 14:10:02,24.2625,12.00,1.229,8.840,A,#4,APPROACH,2.408A/A
12151,2026-06-03 14:10:04,24.1125,12.00,1.462,17.352,A,#4,APPROACH,2.000A/A
12152,2026-06-03 14:10:07,24.0125,12.00,1.462,17.352,A,#4,APPROACH,2.000A/A
12153,2026-06-03 14:10:08,23.8375,12.00,1.462,17.352,A,#4,APPROACH,2.500A/A
12154,2026-06-03 14:10:10,23.6375,12.00,1.462,17.352,A,#4,APPROACH,1.500A/A
12155,2026-06-03 14:10:12,23.4875,12.00,1.430,17.016,A,#4,APPROACH,2.448A/A
12156,2026-06-03 14:10:14,23.3250,12.00,1.430,17.016,A,#4,APPROACH,1.500A/A
12157,2026-06-03 14:10:16,23.1500,12.00,1.430,17.016,A,#4,APPROACH,2.575A/A
12158,2026-06-03 14:10:18,23.0000,12.00,1.430,17.016,A,#4,APPROACH,1.000A/A
12159,2026-06-03 14:10:20,22.8000,12.00,1.209,9.180,A,#4,APPROACH,2.645A/A
12160,2026-06-03 14:10:22,22.6375,12.00,1.209,9.180,A,#4,APPROACH,1.500A/A
12161,2026-06-03 14:10:24,22.4375,12.00,1.209,9.180,A,#4,APPROACH,1.000A/A
12162,2026-06-03 14:10:25,22.2625,9.13,1.209,9.180,A,#4,APPROACH,2.000A/A
12163,2026-06-03 14:10:27,22.0625,9.13,1.418,16.872,A,#4,APPROACH,1.000A/A
12164,2026-06-03 14:10:30,21.9250,9.13,1.418,16.872,A,#4,APPROACH,1.500A/A
12165,2026-06-03 14:10:31,21.7500,9.13,1.418,16.872,A,#4,APPROACH,1.500A/A
12166,2026-06-03 14:10:33,21.6250,12.00,1.418,16.872,A,#4,APPROACH,2.000A/A
12167,2026-06-03 14:10:35,21.4250,12.00,1.411,16.788,A,#4,HOLDING,2.000A/A
12168,2026-06-03 14:10:37,21.2625,12.00,1.411,16.788,OFF,#4,HOLDING,0.000A/OFF
12169,2026-06-03 14:10:38,21.2625,12.00,1.411,16.788,OFF,#4,HOLDING,0.000A/OFF
12170,2026-06-03 14:10:39,21.1125,12.00,1.411,16.788,OFF,#4,HOLDING,0.000A/OFF
12171,2026-06-03 14:10:40,21.1125,12.00,1.411,16.788,OFF,#4,HOLDING,0.000A/OFF
12172,2026-06-03 14:10:41,20.9500,12.00,0.000,16.788,OFF,#4,HOLDING,0.000A/OFF
12173,2026-06-03 14:10:42,20.7500,12.00,0.000,16.788,OFF,#4,HOLDING,0.000A/OFF
12174,2026-06-03 14:10:43,20.7500,12.00,0.000,0.000,OFF,#4,HOLDING,0.000A/OFF
12175,2026-06-03 14:10:44,20.6500,12.00,0.000,0.000,OFF,#4,HOLDING,0.000A/OFF
12176,2026-06-03 14:10:45,20.6500,12.00,0.000,0.000,OFF,#4,HOLDING,0.000A/OFF
12177,2026-06-03 14:10:46,20.5250,12.00,0.000,0.000,OFF,#4,HOLDING,0.000A/OFF
12178,2026-06-03 14:10:47,20.5250,12.00,0.000,0.000,OFF,#4,HOLDING,0.000A/OFF
12179,2026-06-03 14:10:48,20.4000,12.00,0.000,0.000,OFF,#4,HOLDING,0.000A/OFF
12180,2026-06-03 14:10:49,20.4000,12.00,0.000,0.000,OFF,#4,HOLDING,0.000A/OFF
12181,2026-06-03 14:10:50,20.3000,12.00,0.000,0.000,OFF,#4,HOLDING,0.000A/OFF
12182,2026-06-03 14:10:51,20.3000,12.00,0.000,0.000,OFF,#4,HOLDING,0.000A/OFF
12183,2026-06-03 14:10:52,20.2125,12.00,0.000,0.000,OFF,#4,HOLDING,0.000A/OFF
12184,2026-06-03 14:10:53,20.2125,12.00,0.000,0.000,OFF,#4,HOLDING,0.000A/OFF
12185,2026-06-03 14:10:55,20.1625,12.00,0.000,0.000,OFF,#4,HOLDING,0.000A/OFF
12186,2026-06-03 14:10:56,20.1625,12.00,0.000,0.000,OFF,#4,HOLDING,0.000A/OFF
12187,2026-06-03 14:10:57,20.1250,12.00,0.000,0.000,OFF,#4,HOLDING,0.000A/OFF
12188,2026-06-03 14:10:58,20.1250,12.00,0.000,0.000,OFF,#4,HOLDING,0.000A/OFF
12189,2026-06-03 14:10:59,20.0750,12.00,0.000,0.000,OFF,#4,HOLDING,0.000A/OFF
12190,2026-06-03 14:11:00,20.0750,12.00,0.000,0.000,OFF,#4,HOLDING,0.000A/OFF
12191,2026-06-03 14:11:01,20.0625,12.00,0.000,0.000,OFF,#4,HOLDING,0.000A/OFF
12192,2026-06-03 14:11:02,20.0625,12.00,0.000,0.000,OFF,#4,HOLDING,0.000A/OFF
12193,2026-06-03 14:11:03,20.0625,12.00,0.000,0.000,OFF,#4,HOLDING,0.000A/OFF
12194,2026-06-03 14:11:04,20.0000,12.00,0.000,0.000,OFF,#4,HOLDING,0.000A/OFF
12195,2026-06-03 14:11:05,20.0000,12.00,0.000,0.000,OFF,#4,HOLDING,0.000A/OFF
12196,2026-06-03 14:11:06,20.0000,12.00,0.000,0.000,OFF,#4,HOLDING,0.000A/OFF
12197,2026-06-03 14:11:07,20.0000,12.00,0.000,0.000,OFF,#4,HOLDING,0.000A/OFF
12198,2026-06-03 14:11:08,20.0375,12.00,0.000,0.000,OFF,#4,HOLDING,0.000A/OFF
12199,2026-06-03 14:11:09,20.0375,12.00,0.000,0.000,OFF,#4,HOLDING,0.000A/OFF
12200,2026-06-03 14:11:10,20.0375,12.00,0.000,0.000,OFF,#4,HOLDING,0.000A/OFF
12201,2026-06-03 14:11:11,20.0375,12.00,0.000,0.000,OFF,#4,HOLDING,0.000A/OFF
12202,2026-06-03 14:11:12,20.0625,12.00,0.000,0.000,OFF,#4,HOLDING,0.000A/OFF
12203,2026-06-03 14:11:13,20.0625,12.00,0.000,0.000,OFF,#4,HOLDING,0.000A/OFF
12204,2026-06-03 14:11:14,20.0625,12.00,0.000,0.000,OFF,#4,HOLDING,0.000A/OFF
12205,2026-06-03 14:11:15,20.0625,12.00,0.000,0.000,B,#4,HOLDING,0.108A/B
12206,2026-06-03 14:11:17,20.1250,12.00,0.000,0.000,B,#4,HOLDING,0.120A/B
12207,2026-06-03 14:11:19,20.1250,12.00,0.000,0.000,B,#4,HOLDING,0.132A/B
12208,2026-06-03 14:11:20,20.1250,0.94,0.000,0.000,B,#4,HOLDING,0.145A/B
12209,2026-06-03 14:11:22,20.1750,0.94,0.145,0.160,B,#4,HOLDING,0.158A/B
12210,2026-06-03 14:11:25,20.2500,0.94,0.145,0.160,B,#4,HOLDING,0.164A/B
12211,2026-06-03 14:11:26,20.2500,0.94,0.145,0.160,B,#4,HOLDING,0.172A/B
12212,2026-06-03 14:11:28,20.2625,1.37,0.145,0.160,B,#4,HOLDING,0.185A/B
12213,2026-06-03 14:11:30,20.3125,1.37,0.185,0.283,B,#4,HOLDING,0.192A/B
12214,2026-06-03 14:11:32,20.4250,1.37,0.185,0.283,B,#4,HOLDING,0.187A/B
12215,2026-06-03 14:11:34,20.4250,1.37,0.185,0.283,B,#4,HOLDING,0.191A/B
12216,2026-06-03 14:11:36,20.4750,1.60,0.185,0.283,B,#5,APPROACH,0.192A/B
12217,2026-06-03 14:11:38,20.5500,1.60,0.192,0.000,A,#5,APPROACH,0.235A/A
12218,2026-06-03 14:11:40,20.6250,1.60,0.192,0.000,A,#5,APPROACH,0.299A/A
12219,2026-06-03 14:11:42,20.6875,1.60,0.192,0.000,A,#5,APPROACH,0.371A/A
12220,2026-06-03 14:11:44,20.7375,1.60,0.192,0.000,A,#5,APPROACH,0.434A/A
12221,2026-06-03 14:11:46,20.7375,3.90,0.192,0.000,A,#5,APPROACH,0.503A/A
12222,2026-06-03 14:11:48,20.8125,3.90,0.503,2.283,A,#5,APPROACH,0.606A/A
12223,2026-06-03 14:11:50,20.8750,3.90,0.503,2.283,A,#5,APPROACH,0.761A/A
12224,2026-06-03 14:11:52,20.8750,3.90,0.503,2.283,A,#5,APPROACH,0.873A/A
12225,2026-06-03 14:11:53,20.9000,7.35,0.503,2.283,A,#5,APPROACH,1.021A/A
12226,2026-06-03 14:11:55,20.8875,7.35,1.020,8.843,A,#5,APPROACH,1.177A/A
12227,2026-06-03 14:11:58,20.9000,7.35,1.020,8.843,A,#5,APPROACH,1.401A/A
12228,2026-06-03 14:11:59,20.9000,7.35,1.020,8.843,A,#5,APPROACH,1.500A/A
12229,2026-06-03 14:12:01,20.8750,11.71,1.020,8.843,A,#5,APPROACH,1.500A/A
12230,2026-06-03 14:12:03,20.8750,11.71,1.500,17.904,A,#5,APPROACH,1.548A/A
12231,2026-06-03 14:12:05,20.7750,11.71,1.500,17.904,A,#5,APPROACH,1.755A/A
12232,2026-06-03 14:12:07,20.7750,11.71,1.500,17.904,A,#5,APPROACH,1.000A/A
12233,2026-06-03 14:12:09,20.7000,8.71,1.500,17.904,A,#5,APPROACH,1.500A/A
12234,2026-06-03 14:12:11,20.6125,8.71,1.478,17.556,A,#5,APPROACH,1.892A/A
12235,2026-06-03 14:12:13,20.4250,8.71,1.478,17.556,A,#5,APPROACH,1.500A/A
12236,2026-06-03 14:12:15,20.4250,8.71,1.478,17.556,A,#5,APPROACH,1.000A/A
12237,2026-06-03 14:12:16,20.3250,8.86,1.478,17.556,A,#5,APPROACH,2.076A/A
12238,2026-06-03 14:12:18,20.2375,8.86,1.460,17.352,A,#5,APPROACH,1.500A/A
12239,2026-06-03 14:12:21,20.0250,8.86,1.460,17.352,A,#5,APPROACH,2.205A/A
12240,2026-06-03 14:12:22,20.0250,8.86,1.460,17.352,A,#5,APPROACH,1.000A/A
12241,2026-06-03 14:12:24,19.9000,8.96,1.460,17.352,A,#5,APPROACH,1.000A/A
12242,2026-06-03 14:12:26,19.7625,8.96,1.000,9.130,A,#5,APPROACH,2.319A/A
12243,2026-06-03 14:12:28,19.5125,8.96,1.000,9.130,A,#5,APPROACH,1.000A/A
12244,2026-06-03 14:12:30,19.5125,8.96,1.000,9.130,A,#5,APPROACH,1.000A/A
12245,2026-06-03 14:12:32,19.3875,9.03,1.000,9.130,A,#5,APPROACH,2.000A/A
12246,2026-06-03 14:12:34,19.3000,9.03,1.438,17.076,A,#5,APPROACH,2.456A/A
12247,2026-06-03 14:12:36,19.1500,9.03,1.438,17.076,A,#5,APPROACH,1.000A/A
12248,2026-06-03 14:12:38,19.0750,9.03,1.438,17.076,A,#5,APPROACH,1.500A/A
12249,2026-06-03 14:12:39,18.9500,12.00,1.438,17.076,A,#5,APPROACH,1.500A/A
12250,2026-06-03 14:12:41,18.8375,12.00,1.421,16.884,A,#5,APPROACH,1.000A/A
12251,2026-06-03 14:12:44,18.7125,12.00,1.421,16.884,A,#5,APPROACH,2.536A/A
12252,2026-06-03 14:12:45,18.5625,12.00,1.421,16.884,A,#5,APPROACH,2.600A/A
12253,2026-06-03 14:12:47,18.4625,12.00,1.421,16.884,A,#5,APPROACH,1.000A/A
12254,2026-06-03 14:12:49,18.3625,12.00,1.219,9.230,A,#5,APPROACH,1.500A/A
12255,2026-06-03 14:12:51,18.2125,12.00,1.219,9.230,A,#5,APPROACH,2.674A/A
12256,2026-06-03 14:12:53,18.0750,12.00,1.219,9.230,A,#5,APPROACH,1.500A/A
12257,2026-06-03 14:12:55,17.9750,12.00,1.219,9.230,A,#5,APPROACH,1.000A/A
12258,2026-06-03 14:12:57,17.8375,12.00,1.016,9.270,A,#5,APPROACH,2.709A/A
12259,2026-06-03 14:12:59,17.7375,12.00,1.016,9.270,A,#5,APPROACH,1.000A/A
12260,2026-06-03 14:13:01,17.6250,12.00,1.016,9.270,A,#5,APPROACH,1.500A/A
12261,2026-06-03 14:13:03,17.5250,12.00,1.016,9.270,A,#5,APPROACH,1.500A/A
12262,2026-06-03 14:13:04,17.4250,12.00,1.411,16.824,A,#5,APPROACH,2.769A/A
12263,2026-06-03 14:13:07,17.3000,12.00,1.411,16.824,A,#5,APPROACH,2.819A/A
12264,2026-06-03 14:13:08,17.2375,12.00,1.411,16.824,A,#5,APPROACH,1.000A/A
12265,2026-06-03 14:13:10,17.1125,9.12,1.411,16.824,A,#5,HOLDING,2.000A/A
12266,2026-06-03 14:13:12,16.9875,9.12,1.410,16.824,OFF,#5,HOLDING,0.000A/OFF
12267,2026-06-03 14:13:13,16.8875,9.12,1.410,16.776,OFF,#5,HOLDING,0.000A/OFF
12268,2026-06-03 14:13:14,16.8875,9.12,1.410,16.776,OFF,#5,HOLDING,0.000A/OFF
12269,2026-06-03 14:13:15,16.8250,9.12,1.410,16.776,OFF,#5,HOLDING,0.000A/OFF
12270,2026-06-03 14:13:16,16.8250,9.12,1.410,16.776,OFF,#5,HOLDING,0.000A/OFF
12271,2026-06-03 14:13:17,16.7000,9.12,1.410,16.776,OFF,#5,HOLDING,0.000A/OFF
12272,2026-06-03 14:13:18,16.7000,12.00,1.410,16.776,OFF,#5,HOLDING,0.000A/OFF
12273,2026-06-03 14:13:19,16.6125,12.00,0.000,16.776,OFF,#5,HOLDING,0.000A/OFF
12274,2026-06-03 14:13:20,16.6125,12.00,0.000,0.000,A,#5,HOLDING,0.104A/A
12275,2026-06-03 14:13:22,16.5375,12.00,0.000,0.000,A,#5,HOLDING,0.107A/A
12276,2026-06-03 14:13:23,16.5000,12.00,0.000,0.000,A,#5,HOLDING,0.127A/A
12277,2026-06-03 14:13:25,16.4500,1.89,0.000,0.000,A,#5,HOLDING,0.130A/A
12278,2026-06-03 14:13:27,16.4375,1.89,0.130,0.245,A,#5,HOLDING,0.145A/A
12279,2026-06-03 14:13:29,16.4375,1.89,0.130,0.245,A,#5,HOLDING,0.161A/A
12280,2026-06-03 14:13:31,16.4375,1.89,0.130,0.245,A,#5,HOLDING,0.174A/A
12281,2026-06-03 14:13:33,16.4375,2.13,0.130,0.245,A,#5,HOLDING,0.184A/A
12282,2026-06-03 14:13:35,16.4375,2.13,0.184,0.408,A,#5,HOLDING,0.193A/A
12283,2026-06-03 14:13:37,16.4875,2.13,0.184,0.408,A,#5,HOLDING,0.210A/A
12284,2026-06-03 14:13:38,16.5000,2.13,0.184,0.408,A,#5,HOLDING,0.221A/A
12285,2026-06-03 14:13:40,16.5250,2.42,0.184,0.408,A,#5,HOLDING,0.235A/A
12286,2026-06-03 14:13:42,16.5625,2.42,0.235,0.601,A,#5,HOLDING,0.249A/A
12287,2026-06-03 14:13:45,16.6125,2.42,0.235,0.601,A,#5,HOLDING,0.271A/A
12288,2026-06-03 14:13:46,16.6875,2.42,0.235,0.601,A,#5,HOLDING,0.293A/A
12289,2026-06-03 14:13:48,16.7125,2.96,0.235,0.601,A,#5,HOLDING,0.311A/A
12290,2026-06-03 14:13:50,16.7625,2.96,0.311,0.988,A,#5,HOLDING,0.333A/A
12291,2026-06-03 14:13:52,16.8125,2.96,0.311,0.988,A,#5,HOLDING,0.358A/A
12292,2026-06-03 14:13:54,16.8875,2.96,0.311,0.988,A,#5,HOLDING,0.385A/A
12293,2026-06-03 14:13:56,16.9125,3.71,0.311,0.988,A,#5,HOLDING,0.410A/A
12294,2026-06-03 14:13:58,16.9750,3.71,0.395,1.644,A,#5,HOLDING,0.441A/A
12295,2026-06-03 14:14:00,17.0500,3.71,0.395,1.644,A,#5,HOLDING,0.477A/A
12296,2026-06-03 14:14:02,17.1000,3.71,0.395,1.644,A,#5,HOLDING,0.510A/A
12297,2026-06-03 14:14:03,17.1250,4.77,0.395,1.644,A,#5,HOLDING,0.541A/A
12298,2026-06-03 14:14:05,17.1875,4.77,0.524,2.769,A,#5,HOLDING,0.578A/A
12299,2026-06-03 14:14:08,17.1875,4.77,0.524,2.769,A,#5,HOLDING,0.618A/A
12300,2026-06-03 14:14:09,17.2250,4.77,0.524,2.769,A,#5,HOLDING,0.705A/A
12301,2026-06-03 14:14:11,17.2500,6.38,0.524,2.769,A,#5,HOLDING,0.741A/A
12302,2026-06-03 14:14:13,17.2875,6.38,0.721,5.068,A,#5,HOLDING,0.787A/A
12303,2026-06-03 14:14:15,17.3125,6.38,0.721,5.068,A,#5,HOLDING,0.838A/A
12304,2026-06-03 14:14:17,17.3125,6.38,0.721,5.068,A,#5,HOLDING,0.871A/A
12305,2026-06-03 14:14:19,17.3375,7.82,0.721,5.068,A,#5,HOLDING,0.913A/A
12306,2026-06-03 14:14:21,17.3375,7.82,0.890,7.541,A,#5,HOLDING,0.953A/A
12307,2026-06-03 14:14:23,17.3125,7.82,0.890,7.541,A,#5,HOLDING,1.000A/A
12308,2026-06-03 14:14:25,17.3500,7.82,0.890,7.541,A,#5,HOLDING,1.006A/A
12309,2026-06-03 14:14:26,17.3250,8.80,0.890,7.541,A,#5,HOLDING,1.044A/A
12310,2026-06-03 14:14:28,17.3125,8.80,1.022,9.615,A,#5,HOLDING,1.086A/A
12311,2026-06-03 14:14:31,17.2875,8.80,1.022,9.615,A,#5,HOLDING,1.130A/A
12312,2026-06-03 14:14:32,17.2500,8.80,1.022,9.615,A,#5,HOLDING,1.160A/A
12313,2026-06-03 14:14:34,17.2250,9.88,1.022,9.615,A,#5,HOLDING,1.195A/A
12314,2026-06-03 14:14:36,17.1875,9.88,1.175,12.308,A,#5,HOLDING,1.179A/A
12315,2026-06-03 14:14:38,17.1625,9.88,1.175,12.308,OFF,--,DONE,1.227A/A
12316,2026-06-03 14:14:40,17.1500,9.88,1.175,12.308,OFF,--,DONE,--
12317,2026-06-03 14:14:41,17.1500,9.88,1.175,12.308,OFF,--,DONE,--
12318,2026-06-03 14:14:42,17.0750,12.00,1.175,12.308,OFF,--,DONE,--
12319,2026-06-03 14:14:43,17.0750,12.00,0.000,12.308,OFF,--,DONE,--
12320,2026-06-03 14:14:44,17.0500,12.00,0.000,0.000,OFF,--,DONE,--
12321,2026-06-03 14:14:45,17.0500,12.00,0.000,0.000,OFF,--,DONE,--
12322,2026-06-03 14:14:46,17.0000,12.00,0.000,0.000,OFF,--,DONE,--
12323,2026-06-03 14:14:47,17.0000,12.00,0.000,0.000,OFF,--,DONE,--
12324,2026-06-03 14:14:48,16.9375,12.00,0.000,0.000,OFF,--,DONE,--
12325,2026-06-03 14:14:49,16.9375,12.00,0.000,0.000,OFF,--,DONE,--
12326,2026-06-03 14:14:50,16.9375,12.00,0.000,0.000,OFF,--,DONE,--
12327,2026-06-03 14:14:51,16.9375,12.00,0.000,0.000,OFF,--,DONE,--
12328,2026-06-03 14:14:52,16.9375,12.00,0.000,0.000,OFF,--,DONE,--
12329,2026-06-03 14:14:53,16.9375,12.00,0.000,0.000,OFF,--,DONE,--
12330,2026-06-03 14:14:54,16.9375,12.00,0.000,0.000,OFF,--,DONE,--
12331,2026-06-03 14:14:55,16.9375,12.00,0.000,0.000,OFF,--,DONE,--
12332,2026-06-03 14:14:56,16.9375,12.00,0.000,0.000,OFF,--,DONE,--
12333,2026-06-03 14:14:57,16.9375,12.00,0.000,0.000,OFF,--,DONE,--
12334,2026-06-03 14:14:58,16.9375,12.00,0.000,0.000,OFF,--,DONE,--
12335,2026-06-03 14:14:59,17.0000,12.00,0.000,0.000,OFF,--,DONE,--
12336,2026-06-03 14:15:00,17.0000,12.00,0.000,0.000,OFF,--,DONE,--
12337,2026-06-03 14:15:01,17.0500,12.00,0.000,0.000,OFF,--,DONE,--
12338,2026-06-03 14:15:02,17.0500,12.00,0.000,0.000,OFF,--,DONE,--
12339,2026-06-03 14:15:03,17.0750,12.00,0.000,0.000,OFF,--,DONE,--
12340,2026-06-03 14:15:04,17.0750,12.00,0.000,0.000,OFF,--,DONE,--
12341,2026-06-03 14:15:05,17.1500,12.00,0.000,0.000,OFF,--,DONE,--
12342,2026-06-03 14:15:06,17.1500,12.00,0.000,0.000,OFF,--,DONE,--
12343,2026-06-03 14:15:07,17.1875,12.00,0.000,0.000,OFF,--,DONE,--
12344,2026-06-03 14:15:08,17.1875,12.00,0.000,0.000,OFF,--,DONE,--
12345,2026-06-03 14:15:09,17.2375,12.00,0.000,0.000,OFF,--,DONE,--
12346,2026-06-03 14:15:10,17.2375,12.00,0.000,0.000,OFF,--,DONE,--
12347,2026-06-03 14:15:11,17.3125,12.00,0.000,0.000,OFF,--,DONE,--
12348,2026-06-03 14:15:12,17.3625,12.00,0.000,0.000,OFF,--,DONE,--
12349,2026-06-03 14:15:13,17.3625,12.00,0.000,0.000,OFF,--,DONE,--
12350,2026-06-03 14:15:15,17.4375,12.00,0.000,0.000,OFF,--,DONE,--
12351,2026-06-03 14:15:16,17.4375,12.00,0.000,0.000,OFF,--,DONE,--
12352,2026-06-03 14:15:17,17.4875,12.00,0.000,0.000,OFF,--,DONE,--
12353,2026-06-03 14:15:18,17.4875,12.00,0.000,0.000,OFF,--,DONE,--
12354,2026-06-03 14:15:19,17.5750,12.00,0.000,0.000,OFF,--,DONE,--
12355,2026-06-03 14:15:20,17.5750,12.00,0.000,0.000,OFF,--,DONE,--
12356,2026-06-03 14:15:21,17.6750,12.00,0.000,0.000,OFF,--,DONE,--
12357,2026-06-03 14:15:22,17.6750,12.00,0.000,0.000,OFF,--,DONE,--
12358,2026-06-03 14:15:23,17.7500,12.00,0.000,0.000,OFF,--,DONE,--
12359,2026-06-03 14:15:24,17.7500,12.00,0.000,0.000,OFF,--,DONE,--
12360,2026-06-03 14:15:25,17.8250,12.00,0.000,0.000,OFF,--,DONE,--
12361,2026-06-03 14:15:26,17.8250,12.00,0.000,0.000,OFF,--,DONE,--
12362,2026-06-03 14:15:27,17.9125,12.00,0.000,0.000,OFF,--,DONE,--
12363,2026-06-03 14:15:28,17.9875,12.00,0.000,0.000,OFF,--,DONE,--
12364,2026-06-03 14:15:29,17.9875,12.00,0.000,0.000,OFF,--,DONE,--
12365,2026-06-03 14:15:30,18.0625,12.00,0.000,0.000,OFF,--,DONE,--
12366,2026-06-03 14:15:31,18.0625,12.00,0.000,0.000,OFF,--,DONE,--
12367,2026-06-03 14:15:32,18.1375,12.00,0.000,0.000,OFF,--,DONE,--
12368,2026-06-03 14:15:33,18.1375,12.00,0.000,0.000,OFF,--,DONE,--
12369,2026-06-03 14:15:34,18.2250,12.00,0.000,0.000,OFF,--,DONE,--
12370,2026-06-03 14:15:35,18.2250,12.00,0.000,0.000,OFF,--,DONE,--
12371,2026-06-03 14:15:36,18.3000,12.00,0.000,0.000,OFF,--,DONE,--
12372,2026-06-03 14:15:37,18.3000,12.00,0.000,0.000,OFF,--,DONE,--
12373,2026-06-03 14:15:38,18.3875,12.00,0.000,0.000,OFF,--,DONE,--
12374,2026-06-03 14:15:39,18.3875,12.00,0.000,0.000,OFF,--,DONE,--
12375,2026-06-03 14:15:40,18.4375,12.00,0.000,0.000,OFF,--,DONE,--
12376,2026-06-03 14:15:41,18.4375,12.00,0.000,0.000,OFF,--,DONE,--
12377,2026-06-03 14:15:42,18.5375,12.00,0.000,0.000,OFF,--,DONE,--
12378,2026-06-03 14:15:43,18.5875,12.00,0.000,0.000,OFF,--,DONE,--
12379,2026-06-03 14:15:44,18.5875,12.00,0.000,0.000,OFF,--,DONE,--
12380,2026-06-03 14:15:45,18.6625,12.00,0.000,0.000,OFF,--,DONE,--
12381,2026-06-03 14:15:46,18.6625,12.00,0.000,0.000,OFF,--,DONE,--
12382,2026-06-03 14:15:47,18.7375,12.00,0.000,0.000,OFF,--,DONE,--
12383,2026-06-03 14:15:48,18.7375,12.00,0.000,0.000,OFF,--,DONE,--
12384,2026-06-03 14:15:49,18.8250,12.00,0.000,0.000,OFF,--,DONE,--
12385,2026-06-03 14:15:50,18.8250,12.00,0.000,0.000,OFF,--,DONE,--
12386,2026-06-03 14:15:52,18.8750,12.00,0.000,0.000,OFF,--,DONE,--
12387,2026-06-03 14:15:53,18.8750,12.00,0.000,0.000,OFF,--,DONE,--
12388,2026-06-03 14:15:54,18.9500,12.00,0.000,0.000,OFF,--,DONE,--
12389,2026-06-03 14:15:55,18.9500,12.00,0.000,0.000,OFF,--,DONE,--
12390,2026-06-03 14:15:56,19.0000,12.00,0.000,0.000,OFF,--,DONE,--
12391,2026-06-03 14:15:57,19.0000,12.00,0.000,0.000,OFF,--,DONE,--
12392,2026-06-03 14:15:58,19.0750,12.00,0.000,0.000,OFF,--,DONE,--
12393,2026-06-03 14:15:59,19.1500,12.00,0.000,0.000,OFF,--,DONE,--
12394,2026-06-03 14:16:00,19.1500,12.00,0.000,0.000,OFF,--,DONE,--
12395,2026-06-03 14:16:01,19.2250,12.00,0.000,0.000,OFF,--,DONE,--
12396,2026-06-03 14:16:02,19.2250,12.00,0.000,0.000,OFF,--,DONE,--
12397,2026-06-03 14:16:03,19.3000,12.00,0.000,0.000,OFF,--,DONE,--
12398,2026-06-03 14:16:04,19.3000,12.00,0.000,0.000,OFF,--,DONE,--
12399,2026-06-03 14:16:05,19.3250,12.00,0.000,0.000,OFF,--,DONE,--
12400,2026-06-03 14:16:06,19.3250,12.00,0.000,0.000,OFF,--,DONE,--
12401,2026-06-03 14:16:07,19.3750,12.00,0.000,0.000,OFF,--,DONE,--
12402,2026-06-03 14:16:08,19.3750,12.00,0.000,0.000,OFF,--,DONE,--
12403,2026-06-03 14:16:09,19.4625,12.00,0.000,0.000,OFF,--,DONE,--
12404,2026-06-03 14:16:10,19.4625,12.00,0.000,0.000,OFF,--,DONE,--
12405,2026-06-03 14:16:11,19.4875,12.00,0.000,0.000,OFF,--,DONE,--
12406,2026-06-03 14:16:12,19.4875,12.00,0.000,0.000,OFF,--,DONE,--
12407,2026-06-03 14:16:13,19.5625,12.00,0.000,0.000,OFF,--,DONE,--
12408,2026-06-03 14:16:14,19.6125,12.00,0.000,0.000,OFF,--,DONE,--
12409,2026-06-03 14:16:15,19.6125,12.00,0.000,0.000,OFF,--,DONE,--
12410,2026-06-03 14:16:16,19.7000,12.00,0.000,0.000,OFF,--,DONE,--
12411,2026-06-03 14:16:17,19.7000,12.00,0.000,0.000,OFF,--,DONE,--
12412,2026-06-03 14:16:18,19.7500,12.00,0.000,0.000,OFF,--,DONE,--
12413,2026-06-03 14:16:19,19.7500,12.00,0.000,0.000,OFF,--,DONE,--
12414,2026-06-03 14:16:20,19.7625,12.00,0.000,0.000,OFF,--,DONE,--
12415,2026-06-03 14:16:21,19.7625,12.00,0.000,0.000,OFF,--,DONE,--
12416,2026-06-03 14:16:22,19.8125,12.00,0.000,0.000,OFF,--,DONE,--
12417,2026-06-03 14:16:23,19.8125,12.00,0.000,0.000,OFF,--,DONE,--
12418,2026-06-03 14:16:24,19.8750,12.00,0.000,0.000,B,#1,APPROACH,3.000A/B
12419,2026-06-03 14:16:26,19.9250,12.00,0.000,0.000,B,#1,APPROACH,2.289A/B
12420,2026-06-03 14:16:29,19.9750,12.00,0.000,0.000,B,#1,APPROACH,2.500A/B
12421,2026-06-03 14:16:31,20.0500,12.00,0.000,0.000,B,#1,APPROACH,2.000A/B
12422,2026-06-03 14:16:33,20.0500,12.00,0.000,0.000,B,#1,APPROACH,1.632A/B
12423,2026-06-03 14:16:35,20.1250,12.00,1.598,18.828,B,#1,APPROACH,2.228A/B
12424,2026-06-03 14:16:37,20.2375,12.00,1.598,18.828,B,#1,APPROACH,1.500A/B
12425,2026-06-03 14:16:39,20.2375,12.00,1.598,18.828,B,#1,APPROACH,2.117A/B
12426,2026-06-03 14:16:41,20.2875,12.00,1.598,18.828,B,#1,APPROACH,2.000A/B
12427,2026-06-03 14:16:43,20.4375,12.00,1.522,17.964,B,#1,APPROACH,1.500A/B
12428,2026-06-03 14:16:45,20.7250,12.00,1.522,17.964,B,#1,APPROACH,2.000A/B
12429,2026-06-03 14:16:47,20.7250,12.00,1.522,17.964,B,#1,APPROACH,2.065A/B
12430,2026-06-03 14:16:48,20.9000,12.00,1.522,17.964,B,#1,APPROACH,1.000A/B
12431,2026-06-03 14:16:50,21.0750,12.00,1.236,8.890,B,#1,APPROACH,2.275A/B
12432,2026-06-03 14:16:53,21.4750,12.00,1.236,8.890,B,#1,APPROACH,1.500A/B
12433,2026-06-03 14:16:54,21.4750,12.00,1.236,8.890,B,#1,APPROACH,2.500A/B
12434,2026-06-03 14:16:56,21.7125,12.00,1.236,8.890,B,#1,APPROACH,1.000A/B
12435,2026-06-03 14:16:58,21.9375,12.00,1.149,9.100,B,#1,APPROACH,2.487A/B
12436,2026-06-03 14:17:00,22.3750,12.00,1.149,9.100,B,#1,APPROACH,2.746A/B
12437,2026-06-03 14:17:02,22.3750,12.00,1.149,9.100,B,#1,APPROACH,1.000A/B
12438,2026-06-03 14:17:04,22.6125,9.04,1.149,9.100,B,#1,APPROACH,1.500A/B
12439,2026-06-03 14:17:06,22.8375,9.04,1.412,16.896,B,#1,APPROACH,2.500A/B
12440,2026-06-03 14:17:08,23.3125,9.04,1.412,16.896,B,#1,APPROACH,1.500A/B
12441,2026-06-03 14:17:10,23.3125,9.04,1.412,16.896,B,#1,APPROACH,2.500A/B
12442,2026-06-03 14:17:11,23.5625,12.00,1.412,16.896,B,#1,APPROACH,2.888A/B
12443,2026-06-03 14:17:13,23.8125,12.00,1.392,16.536,B,#1,APPROACH,1.500A/B
12444,2026-06-03 14:17:16,24.3125,12.00,1.392,16.536,B,#1,APPROACH,2.992A/B
12445,2026-06-03 14:17:17,24.3125,12.00,1.392,16.536,B,#1,APPROACH,2.500A/B
12446,2026-06-03 14:17:19,24.5625,12.00,1.392,16.536,B,#1,APPROACH,1.000A/B
12447,2026-06-03 14:17:21,24.8375,12.00,1.149,9.500,B,#1,APPROACH,1.000A/B
12448,2026-06-03 14:17:23,25.3375,12.00,1.149,9.500,B,#1,APPROACH,1.500A/B
12449,2026-06-03 14:17:25,25.3375,12.00,1.149,9.500,B,#1,APPROACH,2.500A/B
12450,2026-06-03 14:17:27,25.5625,12.00,1.149,9.500,B,#1,APPROACH,2.500A/B
12451,2026-06-03 14:17:29,25.8125,12.00,1.363,16.188,B,#1,APPROACH,1.000A/B
12452,2026-06-03 14:17:31,26.3125,12.00,1.363,16.188,B,#1,APPROACH,2.000A/B
12453,2026-06-03 14:17:33,26.3125,12.00,1.363,16.188,B,#1,APPROACH,2.000A/B
12454,2026-06-03 14:17:35,26.5500,12.00,1.363,16.188,B,#1,APPROACH,1.000A/B
12455,2026-06-03 14:17:36,26.8000,12.00,1.029,9.640,B,#1,APPROACH,2.896A/B
12456,2026-06-03 14:17:39,27.3000,12.00,1.029,9.640,B,#1,HOLDING,1.000A/B
12457,2026-06-03 14:17:40,27.3000,12.00,1.029,9.640,OFF,#1,HOLDING,0.000A/OFF
12458,2026-06-03 14:17:41,27.5250,12.00,1.029,9.640,OFF,#1,HOLDING,0.000A/OFF
12459,2026-06-03 14:17:42,27.5250,12.00,1.029,9.640,OFF,#1,HOLDING,0.000A/OFF
12460,2026-06-03 14:17:43,27.7750,12.00,0.000,9.640,OFF,#1,HOLDING,0.000A/OFF
12461,2026-06-03 14:17:44,27.7750,12.00,0.000,0.000,OFF,#1,HOLDING,0.000A/OFF
12462,2026-06-03 14:17:45,28.0000,12.00,0.000,0.000,OFF,#1,HOLDING,0.000A/OFF
12463,2026-06-03 14:17:46,28.2250,12.00,0.000,0.000,OFF,#1,HOLDING,0.000A/OFF
12464,2026-06-03 14:17:47,28.2250,12.00,0.000,0.000,OFF,#1,HOLDING,0.000A/OFF
12465,2026-06-03 14:17:48,28.4250,12.00,0.000,0.000,OFF,#1,HOLDING,0.000A/OFF
12466,2026-06-03 14:17:49,28.4250,12.00,0.000,0.000,OFF,#1,HOLDING,0.000A/OFF
12467,2026-06-03 14:17:50,28.5750,12.00,0.000,0.000,OFF,#1,HOLDING,0.000A/OFF
12468,2026-06-03 14:17:51,28.5750,12.00,0.000,0.000,OFF,#1,HOLDING,0.000A/OFF
12469,2026-06-03 14:17:52,28.7625,12.00,0.000,0.000,OFF,#1,HOLDING,0.000A/OFF
12470,2026-06-03 14:17:53,28.7625,12.00,0.000,0.000,OFF,#1,HOLDING,0.000A/OFF
12471,2026-06-03 14:17:54,28.8875,12.00,0.000,0.000,OFF,#1,HOLDING,0.000A/OFF
12472,2026-06-03 14:17:55,28.8875,12.00,0.000,0.000,OFF,#1,HOLDING,0.000A/OFF
12473,2026-06-03 14:17:57,29.0375,12.00,0.000,0.000,A,#1,HOLDING,0.102A/A
12474,2026-06-03 14:17:59,29.1125,12.00,0.000,0.000,A,#1,HOLDING,0.181A/A
12475,2026-06-03 14:18:00,29.2000,12.00,0.000,0.000,A,#1,HOLDING,0.232A/A
12476,2026-06-03 14:18:02,29.2750,1.25,0.000,0.000,A,#1,HOLDING,0.258A/A
12477,2026-06-03 14:18:04,29.3250,1.25,0.258,0.415,A,#1,HOLDING,0.304A/A
12478,2026-06-03 14:18:06,29.3750,1.25,0.258,0.415,A,#1,HOLDING,0.361A/A
12479,2026-06-03 14:18:08,29.3750,1.25,0.258,0.415,A,#1,HOLDING,0.394A/A
12480,2026-06-03 14:18:10,29.3750,2.87,0.258,0.415,A,#1,HOLDING,0.436A/A
12481,2026-06-03 14:18:12,29.3750,2.87,0.413,1.469,A,#1,HOLDING,0.479A/A
12482,2026-06-03 14:18:14,29.3500,2.87,0.413,1.469,A,#1,HOLDING,0.535A/A
12483,2026-06-03 14:18:16,29.3125,2.87,0.413,1.469,A,#1,HOLDING,0.568A/A
12484,2026-06-03 14:18:18,29.2625,4.51,0.413,1.469,A,#1,HOLDING,0.604A/A
12485,2026-06-03 14:18:19,29.2375,4.51,0.584,3.001,A,#1,HOLDING,0.644A/A
12486,2026-06-03 14:18:22,29.1375,4.51,0.584,3.001,A,#1,HOLDING,0.685A/A
12487,2026-06-03 14:18:23,29.0875,4.51,0.584,3.001,A,#1,HOLDING,0.664A/A
12488,2026-06-03 14:18:25,29.0125,5.52,0.584,3.001,A,#1,HOLDING,0.693A/A
12489,2026-06-03 14:18:27,28.8875,5.52,0.677,4.095,A,#1,HOLDING,0.718A/A
12490,2026-06-03 14:18:29,28.7875,5.52,0.677,4.095,A,#1,HOLDING,0.749A/A
12491,2026-06-03 14:18:31,28.7000,5.52,0.677,4.095,A,#1,HOLDING,0.766A/A
12492,2026-06-03 14:18:33,28.5500,6.53,0.677,4.095,A,#1,HOLDING,0.780A/A
12493,2026-06-03 14:18:35,28.4000,6.53,0.780,5.304,A,#1,HOLDING,0.785A/A
12494,2026-06-03 14:18:37,28.3000,6.53,0.780,5.304,A,#1,HOLDING,0.797A/A
12495,2026-06-03 14:18:39,28.1375,6.53,0.780,5.304,A,#1,HOLDING,0.795A/A
12496,2026-06-03 14:18:41,27.9375,6.91,0.780,5.304,A,#1,HOLDING,0.784A/A
12497,2026-06-03 14:18:42,27.8000,6.91,0.784,5.472,A,#1,HOLDING,0.767A/A
12498,2026-06-03 14:18:45,27.6250,6.91,0.784,5.472,A,#1,HOLDING,0.749A/A
12499,2026-06-03 14:18:46,27.4875,6.91,0.784,5.472,A,#1,HOLDING,0.732A/A
12500,2026-06-03 14:18:48,27.3125,6.58,0.784,5.472,A,#1,HOLDING,0.699A/A
12501,2026-06-03 14:18:50,27.1375,6.58,0.712,4.529,A,#1,HOLDING,0.659A/A
12502,2026-06-03 14:18:52,26.9625,6.58,0.712,4.529,A,#1,HOLDING,0.549A/A
12503,2026-06-03 14:18:54,26.8000,6.58,0.712,4.529,A,#1,HOLDING,0.498A/A
12504,2026-06-03 14:18:56,26.6250,4.88,0.712,4.529,A,#1,HOLDING,0.434A/A
12505,2026-06-03 14:18:58,26.4000,4.88,0.457,1.922,A,#1,HOLDING,0.350A/A
12506,2026-06-03 14:19:00,26.2500,4.88,0.457,1.922,A,#1,HOLDING,0.261A/A
12507,2026-06-03 14:19:02,26.0750,4.88,0.457,1.922,A,#1,HOLDING,0.184A/A
12508,2026-06-03 14:19:04,25.9000,4.88,0.457,1.922,OFF,#1,HOLDING,0.000A/OFF
12509,2026-06-03 14:19:05,25.9000,2.39,0.457,1.922,OFF,#1,HOLDING,0.000A/OFF
12510,2026-06-03 14:19:06,25.7625,2.39,0.184,1.922,OFF,#1,HOLDING,0.000A/OFF
12511,2026-06-03 14:19:07,25.7625,2.39,0.184,0.456,OFF,#1,HOLDING,0.000A/OFF
12512,2026-06-03 14:19:08,25.6125,2.39,0.184,0.456,B,#1,HOLDING,0.110A/B
12513,2026-06-03 14:19:09,25.4500,2.39,0.184,0.456,B,#1,HOLDING,0.194A/B
12514,2026-06-03 14:19:11,25.4500,1.62,0.184,0.456,B,#1,HOLDING,0.278A/B
12515,2026-06-03 14:19:13,25.3000,1.62,0.234,0.678,B,#1,HOLDING,0.376A/B
12516,2026-06-03 14:19:15,25.0500,1.62,0.234,0.678,B,#1,HOLDING,0.506A/B
12517,2026-06-03 14:19:17,25.0500,1.62,0.234,0.678,B,#1,HOLDING,0.604A/B
12518,2026-06-03 14:19:18,24.9250,5.13,0.234,0.678,B,#1,HOLDING,0.728A/B
12519,2026-06-03 14:19:20,24.8250,5.13,0.664,4.535,B,#1,HOLDING,0.851A/B
12520,2026-06-03 14:19:23,24.6625,5.13,0.664,4.535,B,#1,HOLDING,1.000A/B
12521,2026-06-03 14:19:24,24.6625,5.13,0.664,4.535,B,#1,HOLDING,1.025A/B
12522,2026-06-03 14:19:26,24.5875,8.44,0.664,4.535,B,#1,HOLDING,1.157A/B
12523,2026-06-03 14:19:28,24.5375,8.44,1.093,10.979,B,#1,HOLDING,1.286A/B
12524,2026-06-03 14:19:30,24.4750,8.44,1.093,10.979,B,#1,HOLDING,1.462A/B
12525,2026-06-03 14:19:32,24.4750,8.44,1.093,10.979,B,#1,HOLDING,1.500A/B
12526,2026-06-03 14:19:34,24.5000,11.81,1.093,10.979,B,#1,HOLDING,1.572A/B
12527,2026-06-03 14:19:36,24.5250,11.81,1.507,17.880,B,#1,HOLDING,1.700A/B
12528,2026-06-03 14:19:38,24.6375,11.81,1.507,17.880,B,#1,HOLDING,1.000A/B
12529,2026-06-03 14:19:40,24.6375,11.81,1.507,17.880,B,#1,HOLDING,1.000A/B
12530,2026-06-03 14:19:41,24.7000,8.79,1.507,17.880,B,#1,HOLDING,1.000A/B
12531,2026-06-03 14:19:43,24.8250,8.79,1.000,9.000,B,#1,HOLDING,1.000A/B
12532,2026-06-03 14:19:46,25.0500,8.79,1.000,9.000,B,#1,HOLDING,1.500A/B
12533,2026-06-03 14:19:47,25.0500,8.79,1.000,9.000,B,#1,HOLDING,1.830A/B
12534,2026-06-03 14:19:49,25.2250,12.00,1.000,9.000,B,#1,HOLDING,1.899A/B
12535,2026-06-03 14:19:51,25.3250,12.00,1.435,17.040,B,#1,HOLDING,2.000A/B
12536,2026-06-03 14:19:53,25.6000,12.00,1.435,17.040,B,#1,HOLDING,1.970A/B
12537,2026-06-03 14:19:55,25.6000,12.00,1.435,17.040,B,#1,HOLDING,2.068A/B
12538,2026-06-03 14:19:57,25.7375,12.00,1.435,17.040,B,#1,HOLDING,1.000A/B
12539,2026-06-03 14:19:59,25.9375,12.00,1.101,9.310,B,#1,HOLDING,1.500A/B
12540,2026-06-03 14:20:01,26.2500,12.00,1.101,9.310,B,#1,HOLDING,2.097A/B
12541,2026-06-03 14:20:03,26.2500,12.00,1.101,9.310,B,#1,HOLDING,2.171A/B
12542,2026-06-03 14:20:04,26.4375,12.00,1.101,9.310,B,#1,HOLDING,1.000A/B
12543,2026-06-03 14:20:06,26.6375,12.00,1.115,9.420,B,#1,HOLDING,2.220A/B
12544,2026-06-03 14:20:09,27.0125,12.00,1.115,9.420,B,#1,HOLDING,2.226A/B
12545,2026-06-03 14:20:10,27.0125,12.00,1.115,9.420,B,#1,HOLDING,1.000A/B
12546,2026-06-03 14:20:12,27.1750,9.40,1.115,9.420,B,#1,HOLDING,1.000A/B
12547,2026-06-03 14:20:14,27.3750,9.40,1.000,9.530,B,#1,HOLDING,2.238A/B
12548,2026-06-03 14:20:16,27.7625,9.40,1.000,9.530,B,#1,HOLDING,2.000A/B
12549,2026-06-03 14:20:18,27.7625,9.40,1.000,9.530,B,#1,HOLDING,2.000A/B
12550,2026-06-03 14:20:20,27.9875,12.00,1.000,9.530,B,#1,HOLDING,2.241A/B
12551,2026-06-03 14:20:22,28.1375,12.00,1.355,16.104,B,#1,HOLDING,1.500A/B
12552,2026-06-03 14:20:24,28.5625,12.00,1.355,16.104,B,#1,HOLDING,2.000A/B
12553,2026-06-03 14:20:26,28.5625,12.00,1.355,16.104,B,#2,APPROACH,2.242A/B
12554,2026-06-03 14:20:28,28.7500,7.20,1.355,16.104,A,#2,APPROACH,0.148A/A
12555,2026-06-03 14:20:30,28.9750,7.20,0.080,16.104,A,#2,APPROACH,0.244A/A
12556,2026-06-03 14:20:32,29.3750,7.20,0.080,0.000,A,#2,APPROACH,0.338A/A
12557,2026-06-03 14:20:34,29.5375,7.20,0.080,0.000,A,#2,APPROACH,0.463A/A
12558,2026-06-03 14:20:36,29.6875,7.20,0.080,0.000,A,#2,APPROACH,0.569A/A
12559,2026-06-03 14:20:37,29.6875,3.95,0.080,0.000,A,#2,APPROACH,0.686A/A
12560,2026-06-03 14:20:39,29.9250,3.95,0.626,3.539,A,#2,APPROACH,0.840A/A
12561,2026-06-03 14:20:42,30.0375,3.95,0.626,3.539,A,#2,APPROACH,1.000A/A
12562,2026-06-03 14:20:43,30.1125,3.95,0.626,3.539,A,#2,APPROACH,1.000A/A
12563,2026-06-03 14:20:45,30.1125,7.69,0.626,3.539,A,#2,APPROACH,1.022A/A
12564,2026-06-03 14:20:47,30.1625,7.69,1.010,8.267,A,#2,APPROACH,1.170A/A
12565,2026-06-03 14:20:49,30.1875,7.69,1.010,8.267,A,#2,APPROACH,1.359A/A
12566,2026-06-03 14:20:51,30.1375,7.69,1.010,8.267,A,#2,APPROACH,1.479A/A
12567,2026-06-03 14:20:53,30.1375,11.12,1.010,8.267,A,#2,APPROACH,1.623A/A
12568,2026-06-03 14:20:55,30.0250,11.12,1.568,18.600,A,#2,APPROACH,1.500A/A
12569,2026-06-03 14:20:57,29.9500,11.12,1.568,18.600,A,#2,APPROACH,1.752A/A
12570,2026-06-03 14:20:59,29.8500,11.12,1.568,18.600,A,#2,APPROACH,1.859A/A
12571,2026-06-03 14:21:00,29.7125,12.00,1.568,18.600,A,#2,APPROACH,1.000A/A
12572,2026-06-03 14:21:02,29.5625,12.00,1.058,8.560,A,#2,APPROACH,1.000A/A
12573,2026-06-03 14:21:05,29.4125,12.00,1.058,8.560,A,#2,APPROACH,1.963A/A
12574,2026-06-03 14:21:06,29.2125,12.00,1.058,8.560,A,#2,APPROACH,2.048A/A
12575,2026-06-03 14:21:08,29.0500,12.00,1.058,8.560,A,#2,APPROACH,2.000A/A
12576,2026-06-03 14:21:10,28.8500,12.00,1.497,17.760,A,#2,APPROACH,2.000A/A
12577,2026-06-03 14:21:12,28.6375,12.00,1.497,17.760,A,#2,APPROACH,2.085A/A
12578,2026-06-03 14:21:14,28.4875,12.00,1.497,17.760,A,#2,APPROACH,2.149A/A
12579,2026-06-03 14:21:16,28.2500,12.00,1.497,17.760,A,#2,APPROACH,2.211A/A
12580,2026-06-03 14:21:18,28.0000,12.00,1.459,17.352,A,#2,APPROACH,1.000A/A
12581,2026-06-03 14:21:20,27.7875,12.00,1.459,17.352,A,#2,APPROACH,1.500A/A
12582,2026-06-03 14:21:22,27.5625,12.00,1.459,17.352,A,#2,APPROACH,2.235A/A
12583,2026-06-03 14:21:24,27.3125,12.00,1.459,17.352,A,#2,APPROACH,2.000A/A
12584,2026-06-03 14:21:25,27.0625,12.00,1.435,17.136,A,#2,HOLDING,2.204A/A
12585,2026-06-03 14:21:28,26.8500,12.00,1.435,17.136,OFF,#2,HOLDING,0.000A/OFF
12586,2026-06-03 14:21:29,26.8500,12.00,1.435,17.136,OFF,#2,HOLDING,0.000A/OFF
12587,2026-06-03 14:21:30,26.5750,12.00,1.435,17.136,OFF,#2,HOLDING,0.000A/OFF
12588,2026-06-03 14:21:31,26.5750,12.00,1.435,17.136,OFF,#2,HOLDING,0.000A/OFF
12589,2026-06-03 14:21:32,26.3500,12.00,0.000,17.136,OFF,#2,HOLDING,0.000A/OFF
12590,2026-06-03 14:21:33,26.3500,12.00,0.000,17.136,OFF,#2,HOLDING,0.000A/OFF
12591,2026-06-03 14:21:34,26.0750,12.00,0.000,0.000,OFF,#2,HOLDING,0.000A/OFF
12592,2026-06-03 14:21:35,26.0750,12.00,0.000,0.000,OFF,#2,HOLDING,0.000A/OFF
12593,2026-06-03 14:21:36,25.8750,12.00,0.000,0.000,OFF,#2,HOLDING,0.000A/OFF
12594,2026-06-03 14:21:37,25.8750,12.00,0.000,0.000,OFF,#2,HOLDING,0.000A/OFF
12595,2026-06-03 14:21:38,25.6250,12.00,0.000,0.000,OFF,#2,HOLDING,0.000A/OFF
12596,2026-06-03 14:21:39,25.6250,12.00,0.000,0.000,OFF,#2,HOLDING,0.000A/OFF
12597,2026-06-03 14:21:40,25.4500,12.00,0.000,0.000,OFF,#2,HOLDING,0.000A/OFF
12598,2026-06-03 14:21:41,25.2500,12.00,0.000,0.000,OFF,#2,HOLDING,0.000A/OFF
12599,2026-06-03 14:21:42,25.2500,12.00,0.000,0.000,OFF,#2,HOLDING,0.000A/OFF
12600,2026-06-03 14:21:43,25.1375,12.00,0.000,0.000,B,#2,HOLDING,0.161A/B
12601,2026-06-03 14:21:45,24.9625,6.50,0.161,0.000,B,#2,HOLDING,0.199A/B
12602,2026-06-03 14:21:47,24.8375,6.50,0.161,0.290,B,#2,HOLDING,0.268A/B
12603,2026-06-03 14:21:48,24.8375,6.50,0.161,0.290,B,#2,HOLDING,0.291A/B
12604,2026-06-03 14:21:50,24.7125,6.50,0.161,0.290,B,#2,HOLDING,0.343A/B
12605,2026-06-03 14:21:52,24.6125,2.83,0.161,0.290,B,#2,HOLDING,0.405A/B
12606,2026-06-03 14:21:54,24.5375,2.83,0.405,1.397,B,#2,HOLDING,0.478A/B
12607,2026-06-03 14:21:56,24.4625,2.83,0.405,1.397,B,#2,HOLDING,0.557A/B
12608,2026-06-03 14:21:58,24.3625,2.83,0.405,1.397,B,#2,HOLDING,0.623A/B
12609,2026-06-03 14:21:59,24.3125,5.22,0.405,1.397,B,#2,HOLDING,0.692A/B
12610,2026-06-03 14:22:01,24.2625,5.22,0.692,4.103,B,#2,HOLDING,0.766A/B
12611,2026-06-03 14:22:04,24.2500,5.22,0.692,4.103,B,#2,HOLDING,0.849A/B
12612,2026-06-03 14:22:05,24.2000,5.22,0.692,4.103,B,#2,HOLDING,0.917A/B
12613,2026-06-03 14:22:07,24.1875,7.66,0.692,4.103,B,#2,HOLDING,0.989A/B
12614,2026-06-03 14:22:09,24.2125,7.66,0.989,8.248,B,#2,HOLDING,1.058A/B
12615,2026-06-03 14:22:11,24.2250,7.66,0.989,8.248,B,#2,HOLDING,1.145A/B
12616,2026-06-03 14:22:13,24.2500,7.66,0.989,8.248,B,#2,HOLDING,1.201A/B
12617,2026-06-03 14:22:15,24.3125,9.85,0.989,8.248,B,#2,HOLDING,1.263A/B
12618,2026-06-03 14:22:17,24.3375,9.85,1.263,13.261,B,#2,HOLDING,1.000A/B
12619,2026-06-03 14:22:19,24.4125,9.85,1.263,13.261,B,#2,HOLDING,1.322A/B
12620,2026-06-03 14:22:21,24.4875,9.85,1.263,13.261,B,#2,HOLDING,1.000A/B
12621,2026-06-03 14:22:23,24.5750,8.76,1.263,13.261,B,#2,HOLDING,1.360A/B
12622,2026-06-03 14:22:24,24.7000,8.76,1.340,15.517,B,#2,HOLDING,1.402A/B
12623,2026-06-03 14:22:27,24.8250,8.76,1.340,15.517,B,#2,HOLDING,1.460A/B
12624,2026-06-03 14:22:28,24.9500,8.76,1.340,15.517,B,#2,HOLDING,1.489A/B
12625,2026-06-03 14:22:30,25.0500,12.00,1.340,15.517,B,#2,HOLDING,1.000A/B
12626,2026-06-03 14:22:32,25.2500,12.00,1.018,9.110,B,#2,HOLDING,1.463A/B
12627,2026-06-03 14:22:34,25.3625,12.00,1.018,9.110,B,#2,HOLDING,1.500A/B
12628,2026-06-03 14:22:36,25.5125,12.00,1.018,9.110,B,#2,HOLDING,1.502A/B
12629,2026-06-03 14:22:38,25.6750,12.00,1.018,9.110,B,#2,HOLDING,1.525A/B
12630,2026-06-03 14:22:40,25.8500,12.00,1.404,16.668,B,#2,HOLDING,1.500A/B
12631,2026-06-03 14:22:42,26.0250,12.00,1.404,16.668,B,#2,HOLDING,1.500A/B
12632,2026-06-03 14:22:44,26.2000,12.00,1.404,16.668,B,#2,HOLDING,1.500A/B
12633,2026-06-03 14:22:46,26.3750,12.00,1.404,16.668,B,#2,HOLDING,1.500A/B
12634,2026-06-03 14:22:47,26.5750,12.00,1.373,16.296,B,#2,HOLDING,1.524A/B
12635,2026-06-03 14:22:50,26.8000,12.00,1.373,16.296,B,#2,HOLDING,1.497A/B
12636,2026-06-03 14:22:51,27.0000,12.00,1.373,16.296,B,#2,HOLDING,1.000A/B
12637,2026-06-03 14:22:53,27.1875,9.45,1.373,16.296,B,#2,HOLDING,1.466A/B
12638,2026-06-03 14:22:55,27.4125,9.45,1.352,16.080,B,#2,HOLDING,1.355A/B
12639,2026-06-03 14:22:57,27.6125,9.45,1.352,16.080,B,#2,HOLDING,1.000A/B
12640,2026-06-03 14:22:59,27.8375,9.45,1.352,16.080,B,#2,HOLDING,1.264A/B
12641,2026-06-03 14:23:01,28.0500,11.40,1.352,16.080,B,#2,HOLDING,1.185A/B
12642,2026-06-03 14:23:03,28.2500,11.40,1.185,13.070,B,#2,HOLDING,1.094A/B
12643,2026-06-03 14:23:05,28.4875,11.40,1.185,13.070,B,#2,HOLDING,0.980A/B
12644,2026-06-03 14:23:07,28.6625,11.40,1.185,13.070,B,#2,HOLDING,0.892A/B
12645,2026-06-03 14:23:09,28.9250,8.82,1.185,13.070,B,#2,HOLDING,0.770A/B
12646,2026-06-03 14:23:11,29.1250,8.82,0.770,6.183,B,#2,HOLDING,0.649A/B
12647,2026-06-03 14:23:13,29.3125,8.82,0.770,6.183,B,#2,HOLDING,0.545A/B
12648,2026-06-03 14:23:14,29.5375,8.82,0.770,6.183,B,#2,HOLDING,0.426A/B
12649,2026-06-03 14:23:16,29.7375,5.17,0.770,6.183,B,#2,HOLDING,0.283A/B
12650,2026-06-03 14:23:18,29.9375,5.17,0.314,1.137,B,#2,HOLDING,0.131A/B
12651,2026-06-03 14:23:21,30.1125,5.17,0.314,1.137,OFF,#2,HOLDING,0.000A/OFF
12652,2026-06-03 14:23:22,30.3125,5.17,0.314,1.137,OFF,#2,HOLDING,0.158A/A
12653,2026-06-03 14:23:24,30.4250,5.17,0.314,1.137,A,#2,HOLDING,0.323A/A
12654,2026-06-03 14:23:25,30.5750,12.00,0.000,1.137,A,#2,HOLDING,0.473A/A
12655,2026-06-03 14:23:27,30.7000,12.00,0.000,1.494,A,#2,HOLDING,0.636A/A
12656,2026-06-03 14:23:29,30.8000,12.00,0.000,1.494,A,#2,HOLDING,0.788A/A
12657,2026-06-03 14:23:30,30.8000,12.00,0.000,1.494,A,#2,HOLDING,0.930A/A
12658,2026-06-03 14:23:32,30.8750,6.86,0.000,1.494,A,#2,HOLDING,1.107A/A
12659,2026-06-03 14:23:34,30.9250,6.86,1.073,9.453,A,#2,HOLDING,1.282A/A
12660,2026-06-03 14:23:36,31.0000,6.86,1.073,9.453,A,#2,HOLDING,1.516A/A
12661,2026-06-03 14:23:38,31.0000,6.86,1.073,9.453,A,#2,HOLDING,1.666A/A
12662,2026-06-03 14:23:40,31.0000,12.00,1.073,9.453,A,#2,HOLDING,1.844A/A
12663,2026-06-03 14:23:42,30.9500,12.00,1.590,18.792,A,#2,HOLDING,2.000A/A
12664,2026-06-03 14:23:44,30.8500,12.00,1.590,18.792,A,#2,HOLDING,2.000A/A
12665,2026-06-03 14:23:46,30.8500,12.00,1.590,18.792,A,#2,HOLDING,2.006A/A
12666,2026-06-03 14:23:47,30.5625,12.00,1.590,18.792,A,#2,HOLDING,2.000A/A
12667,2026-06-03 14:23:49,30.5625,12.00,1.528,18.120,A,#2,HOLDING,2.149A/A
12668,2026-06-03 14:23:52,30.2750,12.00,1.528,18.120,A,#2,HOLDING,2.000A/A
12669,2026-06-03 14:23:53,30.2750,12.00,1.528,18.120,A,#2,HOLDING,2.330A/A
12670,2026-06-03 14:23:55,29.8750,12.00,1.528,18.120,A,#2,HOLDING,1.500A/A
12671,2026-06-03 14:23:57,29.8750,12.00,1.482,17.616,A,#2,HOLDING,2.000A/A
12672,2026-06-03 14:23:59,29.4750,12.00,1.482,17.616,A,#2,HOLDING,2.410A/A
12673,2026-06-03 14:24:01,29.4750,12.00,1.482,17.616,A,#2,HOLDING,2.500A/A
12674,2026-06-03 14:24:03,29.0000,12.00,1.482,17.616,A,#2,HOLDING,2.000A/A
12675,2026-06-03 14:24:05,29.0000,12.00,1.452,17.292,A,#2,HOLDING,2.000A/A
12676,2026-06-03 14:24:07,28.5250,12.00,1.452,17.292,A,#2,HOLDING,1.000A/A
12677,2026-06-03 14:24:09,28.5250,12.00,1.452,17.292,A,#2,HOLDING,2.452A/A
12678,2026-06-03 14:24:11,28.0125,12.00,1.452,17.292,A,#2,HOLDING,1.000A/A
12679,2026-06-03 14:24:12,28.0125,12.00,1.073,9.110,A,#2,HOLDING,1.500A/A
12680,2026-06-03 14:24:15,27.5125,12.00,1.073,9.110,A,#2,HOLDING,1.500A/A
12681,2026-06-03 14:24:16,27.2625,12.00,1.073,9.110,A,#2,HOLDING,2.430A/A
12682,2026-06-03 14:24:18,27.0125,12.00,1.073,9.110,A,#2,HOLDING,1.000A/A
12683,2026-06-03 14:24:20,27.0125,12.00,1.122,9.190,A,#2,HOLDING,2.422A/A
12684,2026-06-03 14:24:22,26.5000,12.00,1.122,9.190,A,#2,HOLDING,1.500A/A
12685,2026-06-03 14:24:24,26.2500,12.00,1.122,9.190,A,#2,HOLDING,2.426A/A
12686,2026-06-03 14:24:26,26.0000,12.00,1.122,9.190,A,#2,HOLDING,2.395A/A
12687,2026-06-03 14:24:28,26.0000,12.00,1.428,17.004,A,#2,HOLDING,1.500A/A
12688,2026-06-03 14:24:30,25.5375,12.00,1.428,17.004,A,#2,HOLDING,2.415A/A
12689,2026-06-03 14:24:32,25.3125,12.00,1.428,17.004,A,#2,HOLDING,2.384A/A
12690,2026-06-03 14:24:34,25.0375,12.00,1.428,17.004,A,#2,HOLDING,2.255A/A
12691,2026-06-03 14:24:35,25.0375,12.00,1.404,16.728,A,#2,HOLDING,2.247A/A
12692,2026-06-03 14:24:38,24.5750,12.00,1.404,16.728,A,#2,HOLDING,1.500A/A
12693,2026-06-03 14:24:39,24.3250,12.00,1.404,16.728,A,#2,HOLDING,1.000A/A
12694,2026-06-03 14:24:41,24.1250,9.19,1.404,16.728,A,#2,HOLDING,2.088A/A
12695,2026-06-03 14:24:43,24.1250,9.19,1.415,16.860,A,#2,HOLDING,2.048A/A
12696,2026-06-03 14:24:46,23.6250,9.19,1.415,16.860,A,#2,HOLDING,1.888A/A
12697,2026-06-03 14:24:47,23.4500,9.19,1.415,16.860,A,#2,HOLDING,1.500A/A
12698,2026-06-03 14:24:49,23.2250,12.00,1.415,16.860,A,#2,HOLDING,1.754A/A
12699,2026-06-03 14:24:51,23.2250,12.00,1.396,16.824,A,#2,HOLDING,1.000A/A
12700,2026-06-03 14:24:53,22.7875,12.00,1.396,16.824,A,#2,HOLDING,1.500A/A
12701,2026-06-03 14:24:55,22.7875,12.00,1.396,16.824,A,#2,HOLDING,1.000A/A
12702,2026-06-03 14:24:57,22.3750,9.29,1.396,16.824,A,#2,HOLDING,1.500A/A
12703,2026-06-03 14:24:59,22.3750,9.29,1.417,16.860,A,#2,HOLDING,1.500A/A
12704,2026-06-03 14:25:01,21.9625,9.29,1.417,16.860,A,#2,HOLDING,1.644A/A
12705,2026-06-03 14:25:02,21.8000,9.29,1.417,16.860,A,#2,HOLDING,1.502A/A
12706,2026-06-03 14:25:04,21.6250,12.00,1.417,16.860,A,#2,HOLDING,1.316A/A
12707,2026-06-03 14:25:06,21.6250,12.00,1.329,15.068,A,#2,HOLDING,1.158A/A
12708,2026-06-03 14:25:09,21.2375,12.00,1.329,15.068,A,#2,HOLDING,0.898A/A
12709,2026-06-03 14:25:10,21.0625,12.00,1.329,15.068,A,#2,HOLDING,0.723A/A
12710,2026-06-03 14:25:12,20.8625,7.10,1.329,15.068,A,#2,HOLDING,0.506A/A
12711,2026-06-03 14:25:14,20.8625,7.10,0.545,2.808,A,#2,HOLDING,0.320A/A
12712,2026-06-03 14:25:16,20.5000,7.10,0.545,2.808,OFF,#2,HOLDING,0.000A/OFF
12713,2026-06-03 14:25:17,20.5000,7.10,0.545,2.808,OFF,#2,HOLDING,0.000A/OFF
12714,2026-06-03 14:25:18,20.3875,7.10,0.545,2.808,B,#2,HOLDING,0.211A/B
12715,2026-06-03 14:25:20,20.2375,12.00,0.000,2.808,B,#2,HOLDING,0.446A/B
12716,2026-06-03 14:25:22,20.1125,12.00,0.000,1.293,B,#2,HOLDING,0.681A/B
12717,2026-06-03 14:25:24,20.0375,12.00,0.000,1.293,B,#2,HOLDING,0.878A/B
12718,2026-06-03 14:25:25,20.0375,12.00,0.000,1.293,B,#2,HOLDING,1.070A/B
12719,2026-06-03 14:25:27,19.9000,7.87,0.000,1.293,B,#2,HOLDING,1.314A/B
12720,2026-06-03 14:25:29,19.8500,7.87,1.302,12.969,B,#2,HOLDING,1.550A/B
12721,2026-06-03 14:25:31,19.7875,7.87,1.302,12.969,B,#2,HOLDING,1.859A/B
12722,2026-06-03 14:25:33,19.7875,7.87,1.302,12.969,B,#2,HOLDING,2.059A/B
12723,2026-06-03 14:25:35,19.7875,12.00,1.302,12.969,B,#2,HOLDING,2.295A/B
12724,2026-06-03 14:25:37,19.8625,12.00,1.606,18.960,B,#2,HOLDING,2.521A/B
12725,2026-06-03 14:25:39,20.0250,12.00,1.606,18.960,B,#2,HOLDING,2.500A/B
12726,2026-06-03 14:25:41,20.0250,12.00,1.606,18.960,B,#2,HOLDING,2.500A/B
12727,2026-06-03 14:25:43,20.1750,12.00,1.606,18.960,B,#2,HOLDING,1.500A/B
12728,2026-06-03 14:25:44,20.3250,12.00,1.519,17.955,B,#2,HOLDING,2.500A/B
12729,2026-06-03 14:25:47,20.6875,12.00,1.519,17.955,B,#2,HOLDING,1.000A/B
12730,2026-06-03 14:25:48,20.6875,12.00,1.519,17.955,B,#2,HOLDING,1.000A/B
12731,2026-06-03 14:25:50,20.9000,8.74,1.519,17.955,B,#2,HOLDING,2.000A/B
12732,2026-06-03 14:25:52,21.1500,8.74,1.233,17.436,B,#2,HOLDING,2.000A/B
12733,2026-06-03 14:25:54,21.6125,8.74,1.233,17.436,B,#2,HOLDING,1.000A/B
12734,2026-06-03 14:25:56,21.6125,8.74,1.233,17.436,B,#2,HOLDING,1.500A/B
12735,2026-06-03 14:25:58,21.8750,12.00,1.233,17.436,B,#2,HOLDING,1.000A/B
12736,2026-06-03 14:26:00,22.1250,12.00,1.215,9.110,B,#2,HOLDING,2.000A/B
12737,2026-06-03 14:26:02,22.6500,12.00,1.215,9.110,B,#2,HOLDING,2.644A/B
12738,2026-06-03 14:26:04,22.6500,12.00,1.215,9.110,B,#2,HOLDING,2.500A/B
12739,2026-06-03 14:26:06,22.9125,12.00,1.215,9.110,B,#2,HOLDING,1.000A/B
12740,2026-06-03 14:26:07,23.1875,12.00,1.206,9.260,B,#2,HOLDING,2.000A/B
12741,2026-06-03 14:26:10,23.7625,12.00,1.206,9.260,B,#2,HOLDING,2.000A/B
12742,2026-06-03 14:26:11,23.7625,12.00,1.206,9.260,B,#2,HOLDING,2.000A/B
12743,2026-06-03 14:26:13,24.0375,12.00,1.206,9.260,B,#2,HOLDING,1.500A/B
12744,2026-06-03 14:26:15,24.3125,12.00,1.381,16.368,B,#2,HOLDING,1.000A/B
12745,2026-06-03 14:26:17,24.5625,12.00,1.381,16.368,B,#2,HOLDING,2.000A/B
12746,2026-06-03 14:26:19,24.8375,12.00,1.381,16.368,B,#2,HOLDING,1.000A/B
12747,2026-06-03 14:26:21,25.1000,9.41,1.381,16.368,B,#2,HOLDING,1.500A/B
12748,2026-06-03 14:26:23,25.3750,9.41,1.187,16.200,B,#2,HOLDING,1.000A/B
12749,2026-06-03 14:26:25,25.6500,9.41,1.187,16.200,B,#2,HOLDING,2.500A/B
12750,2026-06-03 14:26:27,25.9000,9.41,1.187,16.200,B,#3,APPROACH,2.500A/B
12751,2026-06-03 14:26:29,26.1625,2.87,1.187,16.200,A,#3,APPROACH,0.132A/A
12752,2026-06-03 14:26:31,26.4375,2.87,0.078,16.200,A,#3,APPROACH,0.242A/A
12753,2026-06-03 14:26:33,26.9375,2.87,0.078,0.000,A,#3,APPROACH,0.400A/A
12754,2026-06-03 14:26:35,27.1875,2.87,0.078,0.000,A,#3,APPROACH,0.494A/A
12755,2026-06-03 14:26:37,27.1875,2.87,0.078,0.000,A,#3,APPROACH,0.589A/A
12756,2026-06-03 14:26:39,27.3875,4.17,0.078,0.000,A,#3,APPROACH,0.717A/A
12757,2026-06-03 14:26:40,27.5875,4.17,0.717,3.900,A,#3,APPROACH,0.859A/A
12758,2026-06-03 14:26:43,27.9125,4.17,0.717,3.900,A,#3,APPROACH,1.073A/A
12759,2026-06-03 14:26:44,27.9125,4.17,0.717,3.900,A,#3,APPROACH,1.189A/A
12760,2026-06-03 14:26:46,28.0125,8.97,0.717,3.900,A,#3,APPROACH,1.340A/A
12761,2026-06-03 14:26:48,28.1125,8.97,1.340,13.802,A,#3,APPROACH,1.492A/A
12762,2026-06-03 14:26:50,28.2250,8.97,1.340,13.802,A,#3,APPROACH,1.701A/A
12763,2026-06-03 14:26:52,28.2250,8.97,1.340,13.802,A,#3,APPROACH,1.832A/A
12764,2026-06-03 14:26:54,28.2500,12.00,1.340,13.802,A,#3,APPROACH,1.000A/A
12765,2026-06-03 14:26:56,28.2500,12.00,1.000,8.210,A,#3,APPROACH,1.000A/A
12766,2026-06-03 14:26:58,28.1750,12.00,1.000,8.210,A,#3,APPROACH,1.500A/A
12767,2026-06-03 14:27:00,28.1750,12.00,1.000,8.210,A,#3,APPROACH,1.979A/A
12768,2026-06-03 14:27:02,28.1000,12.00,1.000,8.210,A,#3,APPROACH,2.000A/A
12769,2026-06-03 14:27:03,28.0250,12.00,1.528,18.084,A,#3,APPROACH,1.000A/A
12770,2026-06-03 14:27:06,27.7750,12.00,1.528,18.084,A,#3,APPROACH,2.103A/A
12771,2026-06-03 14:27:07,27.7750,12.00,1.528,18.084,A,#3,APPROACH,2.000A/A
12772,2026-06-03 14:27:09,27.6500,12.00,1.528,18.084,A,#3,APPROACH,2.217A/A
12773,2026-06-03 14:27:11,27.5125,12.00,1.489,17.652,A,#3,APPROACH,1.500A/A
12774,2026-06-03 14:27:14,27.2000,12.00,1.489,17.652,A,#3,APPROACH,2.319A/A
12775,2026-06-03 14:27:15,27.2000,12.00,1.489,17.652,A,#3,APPROACH,1.500A/A
12776,2026-06-03 14:27:17,27.0250,12.00,1.489,17.652,A,#3,APPROACH,2.417A/A
12777,2026-06-03 14:27:19,26.8250,12.00,1.447,17.160,A,#3,APPROACH,2.000A/A
12778,2026-06-03 14:27:21,26.4500,12.00,1.447,17.160,A,#3,APPROACH,2.433A/A
12779,2026-06-03 14:27:23,26.4500,12.00,1.447,17.160,A,#3,APPROACH,2.530A/A
12780,2026-06-03 14:27:25,26.2500,12.00,1.447,17.160,A,#3,APPROACH,2.500A/A
12781,2026-06-03 14:27:26,26.0375,12.00,1.424,16.944,A,#3,APPROACH,2.603A/A
12782,2026-06-03 14:27:29,25.6375,12.00,1.424,16.944,A,#3,APPROACH,2.630A/A
12783,2026-06-03 14:27:30,25.6375,12.00,1.424,16.944,A,#3,APPROACH,1.500A/A
12784,2026-06-03 14:27:32,25.4375,12.00,1.424,16.944,A,#3,APPROACH,2.695A/A
12785,2026-06-03 14:27:34,25.2000,12.00,1.409,16.752,A,#3,APPROACH,1.000A/A
12786,2026-06-03 14:27:37,24.7875,12.00,1.409,16.752,A,#3,HOLDING,1.000A/A
12787,2026-06-03 14:27:38,24.7875,12.00,1.409,16.752,OFF,#3,HOLDING,0.000A/OFF
12788,2026-06-03 14:27:39,24.5625,12.00,1.409,16.752,OFF,#3,HOLDING,0.000A/OFF
12789,2026-06-03 14:27:40,24.5625,12.00,1.409,16.752,OFF,#3,HOLDING,0.000A/OFF
12790,2026-06-03 14:27:41,24.3500,12.00,0.000,16.752,OFF,#3,HOLDING,0.000A/OFF
12791,2026-06-03 14:27:42,24.1250,12.00,0.000,0.000,OFF,#3,HOLDING,0.000A/OFF
12792,2026-06-03 14:27:43,24.1250,12.00,0.000,0.000,OFF,#3,HOLDING,0.000A/OFF
12793,2026-06-03 14:27:44,23.9125,12.00,0.000,0.000,OFF,#3,HOLDING,0.000A/OFF
12794,2026-06-03 14:27:45,23.9125,12.00,0.000,0.000,OFF,#3,HOLDING,0.000A/OFF
12795,2026-06-03 14:27:46,23.7375,12.00,0.000,0.000,OFF,#3,HOLDING,0.000A/OFF
12796,2026-06-03 14:27:47,23.7375,12.00,0.000,0.000,OFF,#3,HOLDING,0.000A/OFF
12797,2026-06-03 14:27:48,23.5750,12.00,0.000,0.000,OFF,#3,HOLDING,0.000A/OFF
12798,2026-06-03 14:27:49,23.5750,12.00,0.000,0.000,OFF,#3,HOLDING,0.000A/OFF
12799,2026-06-03 14:27:50,23.4500,12.00,0.000,0.000,OFF,#3,HOLDING,0.000A/OFF
12800,2026-06-03 14:27:51,23.4500,12.00,0.000,0.000,OFF,#3,HOLDING,0.000A/OFF
12801,2026-06-03 14:27:52,23.3375,12.00,0.000,0.000,OFF,#3,HOLDING,0.000A/OFF
12802,2026-06-03 14:27:53,23.3375,12.00,0.000,0.000,OFF,#3,HOLDING,0.000A/OFF
12803,2026-06-03 14:27:54,23.2125,12.00,0.000,0.000,OFF,#3,HOLDING,0.000A/OFF
12804,2026-06-03 14:27:55,23.2125,12.00,0.000,0.000,OFF,#3,HOLDING,0.000A/OFF
12805,2026-06-03 14:27:56,23.1125,12.00,0.000,0.000,B,#3,HOLDING,0.110A/B
12806,2026-06-03 14:27:58,23.0125,12.00,0.000,0.000,B,#3,HOLDING,0.130A/B
12807,2026-06-03 14:28:00,22.9250,0.85,0.000,0.000,B,#3,HOLDING,0.233A/B
12808,2026-06-03 14:28:02,22.8750,0.85,0.233,0.435,B,#3,HOLDING,0.263A/B
12809,2026-06-03 14:28:04,22.8000,0.85,0.233,0.435,B,#3,HOLDING,0.318A/B
12810,2026-06-03 14:28:06,22.7500,0.85,0.233,0.435,B,#3,HOLDING,0.358A/B
12811,2026-06-03 14:28:07,22.7375,2.97,0.233,0.435,B,#3,HOLDING,0.402A/B
12812,2026-06-03 14:28:09,22.6875,2.97,0.402,1.394,B,#3,HOLDING,0.452A/B
12813,2026-06-03 14:28:12,22.6750,2.97,0.402,1.394,B,#3,HOLDING,0.511A/B
12814,2026-06-03 14:28:13,22.6500,2.97,0.402,1.394,B,#3,HOLDING,0.557A/B
12815,2026-06-03 14:28:15,22.6500,4.72,0.402,1.394,B,#3,HOLDING,0.603A/B
12816,2026-06-03 14:28:17,22.6250,4.72,0.603,3.153,B,#3,HOLDING,0.656A/B
12817,2026-06-03 14:28:19,22.6875,4.72,0.603,3.153,B,#3,HOLDING,0.708A/B
12818,2026-06-03 14:28:21,22.6875,4.72,0.603,3.153,B,#3,HOLDING,0.750A/B
12819,2026-06-03 14:28:23,22.7000,6.38,0.603,3.153,B,#3,HOLDING,0.794A/B
12820,2026-06-03 14:28:25,22.7750,6.38,0.794,5.438,B,#3,HOLDING,0.833A/B
12821,2026-06-03 14:28:27,22.8125,6.38,0.794,5.438,B,#3,HOLDING,0.885A/B
12822,2026-06-03 14:28:29,22.8625,6.38,0.794,5.438,B,#3,HOLDING,0.914A/B
12823,2026-06-03 14:28:30,22.9500,7.75,0.794,5.438,B,#3,HOLDING,0.948A/B
12824,2026-06-03 14:28:32,23.0250,7.75,0.948,7.754,B,#3,HOLDING,0.927A/B
12825,2026-06-03 14:28:35,23.1125,7.75,0.948,7.754,B,#3,HOLDING,0.968A/B
12826,2026-06-03 14:28:36,23.2125,7.75,0.948,7.754,B,#3,HOLDING,0.991A/B
12827,2026-06-03 14:28:38,23.3000,8.47,0.948,7.754,B,#3,HOLDING,1.016A/B
12828,2026-06-03 14:28:40,23.4250,8.47,1.016,9.001,B,#3,HOLDING,1.032A/B
12829,2026-06-03 14:28:42,23.5125,8.47,1.016,9.001,B,#3,HOLDING,1.060A/B
12830,2026-06-03 14:28:44,23.6375,8.47,1.016,9.001,B,#3,HOLDING,1.066A/B
12831,2026-06-03 14:28:46,23.7750,9.20,1.016,9.001,B,#3,HOLDING,1.074A/B
12832,2026-06-03 14:28:48,23.9250,9.20,1.074,10.149,B,#3,HOLDING,1.069A/B
12833,2026-06-03 14:28:50,24.0500,9.20,1.074,10.149,B,#3,HOLDING,1.071A/B
12834,2026-06-03 14:28:52,24.2500,9.20,1.074,10.149,B,#3,HOLDING,1.000A/B
12835,2026-06-03 14:28:54,24.3625,8.88,1.074,10.149,B,#3,HOLDING,1.058A/B
12836,2026-06-03 14:28:55,24.5125,8.88,1.058,10.029,B,#3,HOLDING,1.033A/B
12837,2026-06-03 14:28:58,24.6750,8.88,1.058,10.029,B,#3,HOLDING,1.010A/B
12838,2026-06-03 14:28:59,24.8250,8.88,1.058,10.029,B,#3,HOLDING,0.977A/B
12839,2026-06-03 14:29:01,24.9875,8.83,1.058,10.029,B,#3,HOLDING,0.939A/B
12840,2026-06-03 14:29:03,25.1875,8.83,0.939,8.197,B,#3,HOLDING,0.828A/B
12841,2026-06-03 14:29:05,25.3625,8.83,0.939,8.197,B,#3,HOLDING,0.757A/B
12842,2026-06-03 14:29:07,25.5125,8.83,0.939,8.197,B,#3,HOLDING,0.699A/B
12843,2026-06-03 14:29:09,25.6750,6.88,0.939,8.197,B,#3,HOLDING,0.632A/B
12844,2026-06-03 14:29:11,25.8750,6.88,0.632,4.108,B,#3,HOLDING,0.546A/B
12845,2026-06-03 14:29:13,26.0250,6.88,0.632,4.108,B,#3,HOLDING,0.447A/B
12846,2026-06-03 14:29:15,26.2000,6.88,0.632,4.108,B,#3,HOLDING,0.363A/B
12847,2026-06-03 14:29:17,26.3625,4.29,0.632,4.108,B,#3,HOLDING,0.271A/B
12848,2026-06-03 14:29:18,26.5125,4.29,0.287,0.975,B,#3,HOLDING,0.166A/B
12849,2026-06-03 14:29:21,26.6375,4.29,0.287,0.975,OFF,#3,HOLDING,0.000A/OFF
12850,2026-06-03 14:29:22,26.6375,4.29,0.287,0.975,OFF,#3,HOLDING,0.000A/OFF
12851,2026-06-03 14:29:23,26.7875,4.29,0.287,0.975,OFF,#3,HOLDING,0.000A/OFF
12852,2026-06-03 14:29:24,26.7875,12.00,0.287,0.975,A,#3,HOLDING,0.113A/A
12853,2026-06-03 14:29:26,26.9125,12.00,0.000,0.029,A,#3,HOLDING,0.236A/A
12854,2026-06-03 14:29:28,27.1625,12.00,0.000,0.029,A,#3,HOLDING,0.366A/A
12855,2026-06-03 14:29:30,27.1625,12.00,0.000,0.029,A,#3,HOLDING,0.468A/A
12856,2026-06-03 14:29:31,27.2375,3.43,0.000,0.029,A,#3,HOLDING,0.589A/A
12857,2026-06-03 14:29:33,27.3125,3.43,0.543,2.703,A,#3,HOLDING,0.711A/A
12858,2026-06-03 14:29:36,27.3875,3.43,0.543,2.703,A,#3,HOLDING,0.878A/A
12859,2026-06-03 14:29:37,27.3875,3.43,0.543,2.703,A,#3,HOLDING,0.983A/A
12860,2026-06-03 14:29:39,27.4375,7.66,0.543,2.703,A,#3,HOLDING,1.000A/A
12861,2026-06-03 14:29:41,27.4625,7.66,1.000,8.010,A,#3,HOLDING,1.114A/A
12862,2026-06-03 14:29:43,27.4375,7.66,1.000,8.010,A,#3,HOLDING,1.277A/A
12863,2026-06-03 14:29:45,27.4375,7.66,1.000,8.010,A,#3,HOLDING,1.385A/A
12864,2026-06-03 14:29:47,27.3875,10.71,1.000,8.010,A,#3,HOLDING,1.505A/A
12865,2026-06-03 14:29:49,27.3250,10.71,1.476,17.789,A,#3,HOLDING,1.623A/A
12866,2026-06-03 14:29:51,27.1375,10.71,1.476,17.789,A,#3,HOLDING,1.758A/A
12867,2026-06-03 14:29:53,27.1375,10.71,1.476,17.789,A,#3,HOLDING,1.500A/A
12868,2026-06-03 14:29:55,27.0125,11.68,1.476,17.789,A,#3,HOLDING,1.852A/A
12869,2026-06-03 14:29:56,26.8625,11.68,1.502,17.772,A,#3,HOLDING,1.928A/A
12870,2026-06-03 14:29:59,26.5250,11.68,1.502,17.772,A,#3,HOLDING,2.000A/A
12871,2026-06-03 14:30:00,26.5250,11.68,1.502,17.772,A,#3,HOLDING,2.000A/A
12872,2026-06-03 14:30:02,26.3750,12.00,1.502,17.772,A,#3,HOLDING,1.500A/A
12873,2026-06-03 14:30:04,26.2000,12.00,1.474,17.508,A,#3,HOLDING,2.011A/A
12874,2026-06-03 14:30:06,25.8250,12.00,1.474,17.508,A,#3,HOLDING,2.050A/A
12875,2026-06-03 14:30:08,25.8250,12.00,1.474,17.508,A,#3,HOLDING,2.000A/A
12876,2026-06-03 14:30:10,25.6000,12.00,1.474,17.508,A,#3,HOLDING,1.500A/A
12877,2026-06-03 14:30:12,25.3875,12.00,1.447,17.196,A,#3,HOLDING,1.500A/A
12878,2026-06-03 14:30:14,24.9750,12.00,1.447,17.196,A,#3,HOLDING,2.007A/A
12879,2026-06-03 14:30:16,24.9750,12.00,1.447,17.196,A,#3,HOLDING,2.000A/A
12880,2026-06-03 14:30:18,24.7500,12.00,1.447,17.196,A,#3,HOLDING,1.500A/A
12881,2026-06-03 14:30:19,24.5625,12.00,1.426,16.968,A,#3,HOLDING,1.000A/A
12882,2026-06-03 14:30:22,24.1250,12.00,1.426,16.968,A,#4,APPROACH,2.000A/A
12883,2026-06-03 14:30:23,24.1250,12.00,1.426,16.968,OFF,#4,HOLDING,0.000A/OFF
12884,2026-06-03 14:30:24,23.8750,12.00,1.426,16.968,OFF,#4,HOLDING,0.000A/OFF
12885,2026-06-03 14:30:25,23.8750,12.00,1.426,16.968,OFF,#4,HOLDING,0.000A/OFF
12886,2026-06-03 14:30:26,23.7000,12.00,1.426,16.968,OFF,#4,HOLDING,0.000A/OFF
12887,2026-06-03 14:30:27,23.4750,12.00,0.000,16.968,OFF,#4,HOLDING,0.000A/OFF
12888,2026-06-03 14:30:28,23.4750,12.00,0.000,16.968,OFF,#4,HOLDING,0.000A/OFF
12889,2026-06-03 14:30:29,23.2625,12.00,0.000,0.000,OFF,#4,HOLDING,0.000A/OFF
12890,2026-06-03 14:30:30,23.2625,12.00,0.000,0.000,OFF,#4,HOLDING,0.000A/OFF
12891,2026-06-03 14:30:32,23.0875,12.00,0.000,0.000,OFF,#4,HOLDING,0.000A/OFF
12892,2026-06-03 14:30:33,23.0875,12.00,0.000,0.000,OFF,#4,HOLDING,0.000A/OFF
12893,2026-06-03 14:30:34,22.9500,12.00,0.000,0.000,OFF,#4,HOLDING,0.000A/OFF
12894,2026-06-03 14:30:35,22.9500,12.00,0.000,0.000,OFF,#4,HOLDING,0.000A/OFF
12895,2026-06-03 14:30:36,22.8000,12.00,0.000,0.000,OFF,#4,HOLDING,0.000A/OFF
12896,2026-06-03 14:30:37,22.8000,12.00,0.000,0.000,OFF,#4,HOLDING,0.000A/OFF
12897,2026-06-03 14:30:38,22.6500,12.00,0.000,0.000,B,#4,HOLDING,0.131A/B
12898,2026-06-03 14:30:39,22.5750,12.00,0.000,0.000,B,#4,HOLDING,0.143A/B
12899,2026-06-03 14:30:41,22.5750,6.48,0.143,0.000,B,#4,HOLDING,0.173A/B
12900,2026-06-03 14:30:43,22.4625,6.48,0.143,0.193,B,#4,HOLDING,0.248A/B
12901,2026-06-03 14:30:44,22.3875,6.48,0.143,0.193,B,#4,HOLDING,0.288A/B
12902,2026-06-03 14:30:46,22.3125,6.48,0.143,0.193,B,#4,HOLDING,0.338A/B
12903,2026-06-03 14:30:48,22.2625,2.60,0.143,0.193,B,#4,HOLDING,0.382A/B
12904,2026-06-03 14:30:50,22.1875,2.60,0.382,1.191,B,#4,HOLDING,0.433A/B
12905,2026-06-03 14:30:52,22.1375,2.60,0.382,1.191,B,#4,HOLDING,0.495A/B
12906,2026-06-03 14:30:54,22.1250,2.60,0.382,1.191,B,#4,HOLDING,0.536A/B
12907,2026-06-03 14:30:55,22.1250,4.39,0.382,1.191,B,#4,HOLDING,0.580A/B
12908,2026-06-03 14:30:57,22.1000,4.39,0.580,2.842,B,#4,HOLDING,0.631A/B
12909,2026-06-03 14:31:00,22.0750,4.39,0.580,2.842,B,#4,HOLDING,0.701A/B
12910,2026-06-03 14:31:01,22.1000,4.39,0.580,2.842,B,#4,HOLDING,0.742A/B
12911,2026-06-03 14:31:03,22.1000,6.16,0.580,2.842,B,#4,HOLDING,0.792A/B
12912,2026-06-03 14:31:05,22.1375,6.16,0.792,5.330,B,#4,HOLDING,0.834A/B
12913,2026-06-03 14:31:07,22.1875,6.16,0.792,5.330,B,#4,HOLDING,0.893A/B
12914,2026-06-03 14:31:09,22.2500,6.16,0.792,5.330,B,#4,HOLDING,0.923A/B
12915,2026-06-03 14:31:11,22.3000,7.72,0.792,5.330,B,#4,HOLDING,0.964A/B
12916,2026-06-03 14:31:13,22.3875,7.72,0.964,7.904,B,#4,HOLDING,0.996A/B
12917,2026-06-03 14:31:15,22.4625,7.72,0.964,7.904,B,#4,HOLDING,1.044A/B
12918,2026-06-03 14:31:17,22.5375,7.72,0.964,7.904,B,#4,HOLDING,1.019A/B
12919,2026-06-03 14:31:19,22.6375,8.60,0.964,7.904,B,#4,HOLDING,1.050A/B
12920,2026-06-03 14:31:20,22.7375,8.60,1.050,9.481,B,#4,HOLDING,1.075A/B
12921,2026-06-03 14:31:23,22.8625,8.60,1.050,9.481,B,#4,HOLDING,1.104A/B
12922,2026-06-03 14:31:24,22.9875,8.60,1.050,9.481,B,#4,HOLDING,1.117A/B
12923,2026-06-03 14:31:26,23.1375,9.54,1.050,9.481,B,#4,HOLDING,1.000A/B
12924,2026-06-03 14:31:28,23.3000,9.54,1.027,8.840,B,#4,HOLDING,1.121A/B
12925,2026-06-03 14:31:30,23.4250,9.54,1.027,8.840,B,#4,HOLDING,1.129A/B
12926,2026-06-03 14:31:32,23.5500,9.54,1.027,8.840,B,#4,HOLDING,1.128A/B
12927,2026-06-03 14:31:34,23.7000,9.77,1.027,8.840,B,#4,HOLDING,1.121A/B
12928,2026-06-03 14:31:36,23.8875,9.77,1.121,11.086,B,#4,HOLDING,1.098A/B
12929,2026-06-03 14:31:38,24.0625,9.77,1.121,11.086,B,#4,HOLDING,1.071A/B
12930,2026-06-03 14:31:40,24.2000,9.77,1.121,11.086,B,#4,HOLDING,1.000A/B
12931,2026-06-03 14:31:42,24.3750,9.04,1.121,11.086,B,#4,HOLDING,1.000A/B
12932,2026-06-03 14:31:44,24.5500,9.04,1.000,9.160,B,#4,HOLDING,0.991A/B
12933,2026-06-03 14:31:46,24.7500,9.04,1.000,9.160,B,#4,HOLDING,0.922A/B
12934,2026-06-03 14:31:47,24.9000,9.04,1.000,9.160,B,#4,HOLDING,0.869A/B
12935,2026-06-03 14:31:49,25.0750,8.11,1.000,9.160,B,#4,HOLDING,0.801A/B
12936,2026-06-03 14:31:51,25.2625,8.11,0.801,6.231,B,#4,HOLDING,0.723A/B
12937,2026-06-03 14:31:54,25.4375,8.11,0.801,6.231,B,#4,HOLDING,0.625A/B
12938,2026-06-03 14:31:55,25.6500,8.11,0.801,6.231,B,#4,HOLDING,0.537A/B
12939,2026-06-03 14:31:57,25.8500,5.74,0.801,6.231,B,#4,HOLDING,0.437A/B
12940,2026-06-03 14:31:59,26.0125,5.74,0.460,2.163,B,#4,HOLDING,0.332A/B
12941,2026-06-03 14:32:01,26.1875,5.74,0.460,2.163,B,#4,HOLDING,0.207A/B
12942,2026-06-03 14:32:03,26.3625,5.74,0.460,2.163,B,#4,HOLDING,0.106A/B
12943,2026-06-03 14:32:05,26.5125,5.74,0.460,2.163,OFF,#4,HOLDING,0.000A/OFF
12944,2026-06-03 14:32:06,26.6750,2.14,0.460,2.163,OFF,#4,HOLDING,0.000A/OFF
12945,2026-06-03 14:32:07,26.6750,2.14,0.106,0.498,A,#4,HOLDING,0.111A/A
12946,2026-06-03 14:32:09,26.8250,2.14,0.106,0.498,A,#4,HOLDING,0.245A/A
12947,2026-06-03 14:32:10,26.9250,2.14,0.106,0.498,A,#4,HOLDING,0.354A/A
12948,2026-06-03 14:32:12,27.0250,2.35,0.106,0.498,A,#4,HOLDING,0.494A/A
12949,2026-06-03 14:32:14,27.1375,2.35,0.494,1.817,A,#4,HOLDING,0.633A/A
12950,2026-06-03 14:32:16,27.2375,2.35,0.494,1.817,A,#4,HOLDING,0.815A/A
12951,2026-06-03 14:32:18,27.2875,2.35,0.494,1.817,A,#4,HOLDING,0.937A/A
12952,2026-06-03 14:32:20,27.3375,7.19,0.494,1.817,A,#4,HOLDING,1.082A/A
12953,2026-06-03 14:32:22,27.3750,7.19,1.082,9.218,A,#4,HOLDING,1.226A/A
12954,2026-06-03 14:32:24,27.3750,7.19,1.082,9.218,A,#4,HOLDING,1.409A/A
12955,2026-06-03 14:32:26,27.3750,7.19,1.082,9.218,A,#4,HOLDING,1.500A/A
12956,2026-06-03 14:32:28,27.3250,11.37,1.082,9.218,A,#4,HOLDING,1.000A/A
12957,2026-06-03 14:32:29,27.2500,11.37,1.000,8.250,A,#4,HOLDING,1.500A/A
12958,2026-06-03 14:32:32,27.1750,11.37,1.000,8.250,A,#4,HOLDING,1.513A/A
12959,2026-06-03 14:32:33,27.1125,11.37,1.000,8.250,A,#4,HOLDING,1.000A/A
12960,2026-06-03 14:32:35,26.9875,8.36,1.000,8.250,A,#4,HOLDING,1.616A/A
12961,2026-06-03 14:32:37,26.8875,8.36,1.521,17.940,A,#4,HOLDING,1.735A/A
12962,2026-06-03 14:32:39,26.7375,8.36,1.521,17.940,A,#4,HOLDING,1.500A/A
12963,2026-06-03 14:32:41,26.6125,8.36,1.521,17.940,A,#4,HOLDING,1.000A/A
12964,2026-06-03 14:32:43,26.4375,8.71,1.521,17.940,A,#4,HOLDING,1.828A/A
12965,2026-06-03 14:32:45,26.3000,8.71,1.492,17.700,A,#4,HOLDING,1.923A/A
12966,2026-06-03 14:32:47,26.1250,8.71,1.492,17.700,A,#4,HOLDING,2.000A/A
12967,2026-06-03 14:32:49,25.9500,8.71,1.492,17.700,A,#4,HOLDING,2.000A/A
12968,2026-06-03 14:32:51,25.7500,12.00,1.492,17.700,A,#4,HOLDING,2.012A/A
12969,2026-06-03 14:32:52,25.5750,12.00,1.465,17.376,A,#4,HOLDING,1.500A/A
12970,2026-06-03 14:32:55,25.3750,12.00,1.465,17.376,A,#4,HOLDING,1.000A/A
12971,2026-06-03 14:32:56,25.1875,12.00,1.465,17.376,A,#4,HOLDING,2.061A/A
12972,2026-06-03 14:32:58,24.9625,12.00,1.465,17.376,A,#4,HOLDING,1.500A/A
12973,2026-06-03 14:33:00,24.7625,12.00,1.438,17.088,A,#4,HOLDING,2.089A/A
12974,2026-06-03 14:33:03,24.5375,12.00,1.438,17.088,A,#4,HOLDING,2.000A/A
12975,2026-06-03 14:33:04,24.3250,12.00,1.438,17.088,A,#4,HOLDING,2.000A/A
12976,2026-06-03 14:33:06,24.1250,12.00,1.438,17.088,A,#4,HOLDING,2.079A/A
12977,2026-06-03 14:33:08,23.8875,12.00,1.420,16.872,A,#4,HOLDING,2.088A/A
12978,2026-06-03 14:33:10,23.6875,12.00,1.420,16.872,A,#4,HOLDING,1.500A/A
12979,2026-06-03 14:33:12,23.4500,12.00,1.420,16.872,A,#4,HOLDING,1.500A/A
12980,2026-06-03 14:33:14,23.2750,12.00,1.420,16.872,A,#4,HOLDING,2.105A/A
12981,2026-06-03 14:33:15,23.0375,12.00,1.411,16.788,A,#4,HOLDING,1.000A/A
12982,2026-06-03 14:33:18,22.8125,12.00,1.411,16.788,A,#4,HOLDING,2.087A/A
12983,2026-06-03 14:33:19,22.6250,12.00,1.411,16.788,A,#5,APPROACH,2.000A/A
12984,2026-06-03 14:33:21,22.4250,12.00,1.411,16.788,OFF,#5,APPROACH,0.000A/OFF
12985,2026-06-03 14:33:22,22.4250,3.17,1.411,16.788,OFF,#5,APPROACH,0.000A/OFF
12986,2026-06-03 14:33:23,22.2000,3.17,0.000,16.788,OFF,#5,APPROACH,0.000A/OFF
12987,2026-06-03 14:33:24,22.0000,3.17,0.000,16.788,OFF,#5,HOLDING,0.000A/OFF
12988,2026-06-03 14:33:25,22.0000,3.17,0.000,0.000,OFF,#5,HOLDING,0.000A/OFF
12989,2026-06-03 14:33:26,21.8500,3.17,0.000,0.000,OFF,#5,HOLDING,0.000A/OFF
12990,2026-06-03 14:33:27,21.8500,3.17,0.000,0.000,OFF,#5,HOLDING,0.000A/OFF
12991,2026-06-03 14:33:28,21.6500,3.17,0.000,0.000,OFF,#5,HOLDING,0.000A/OFF
12992,2026-06-03 14:33:29,21.6500,3.17,0.000,0.000,OFF,#5,HOLDING,0.000A/OFF
12993,2026-06-03 14:33:30,21.5125,12.00,0.000,0.000,OFF,#5,HOLDING,0.000A/OFF
12994,2026-06-03 14:33:31,21.5125,12.00,0.000,0.000,OFF,#5,HOLDING,0.000A/OFF
12995,2026-06-03 14:33:32,21.3625,12.00,0.000,0.000,OFF,#5,HOLDING,0.000A/OFF
12996,2026-06-03 14:33:33,21.3625,12.00,0.000,0.000,OFF,#5,HOLDING,0.000A/OFF
12997,2026-06-03 14:33:34,21.3000,12.00,0.000,0.000,OFF,#5,HOLDING,0.000A/OFF
12998,2026-06-03 14:33:35,21.3000,12.00,0.000,0.000,A,#5,HOLDING,0.103A/A
12999,2026-06-03 14:33:37,21.2000,12.00,0.000,0.000,A,#5,HOLDING,0.000A/OFF
13000,2026-06-03 14:33:38,21.1250,12.00,0.103,0.000,OFF,#5,HOLDING,0.000A/OFF
13001,2026-06-03 14:33:39,21.1250,12.00,0.103,0.149,OFF,#5,HOLDING,0.101A/A
13002,2026-06-03 14:33:41,21.0500,12.00,0.103,0.149,A,#5,HOLDING,0.108A/A
13003,2026-06-03 14:33:42,20.9875,12.00,0.103,0.149,A,#5,HOLDING,0.113A/A
13004,2026-06-03 14:33:44,20.9375,1.44,0.103,0.149,A,#5,HOLDING,0.106A/A
13005,2026-06-03 14:33:46,20.9000,1.44,0.106,0.147,A,#5,HOLDING,0.105A/A
13006,2026-06-03 14:33:48,20.8750,1.44,0.106,0.147,A,#5,HOLDING,0.104A/A
13007,2026-06-03 14:33:50,20.8500,1.44,0.106,0.147,A,#5,HOLDING,0.102A/A
13008,2026-06-03 14:33:52,20.8250,1.44,0.106,0.147,OFF,#5,HOLDING,0.000A/OFF
13009,2026-06-03 14:33:53,20.8250,1.26,0.106,0.147,OFF,#5,HOLDING,0.000A/OFF
13010,2026-06-03 14:33:54,20.8125,1.26,0.102,0.147,OFF,#5,HOLDING,0.000A/OFF
13011,2026-06-03 14:33:55,20.8125,1.26,0.102,0.130,OFF,#5,HOLDING,0.000A/OFF
13012,2026-06-03 14:33:56,20.7875,1.26,0.102,0.130,OFF,#5,HOLDING,0.000A/OFF
13013,2026-06-03 14:33:57,20.7875,1.26,0.102,0.130,OFF,#5,HOLDING,0.000A/OFF
13014,2026-06-03 14:33:58,20.7625,1.26,0.102,0.130,OFF,#5,HOLDING,0.000A/OFF
13015,2026-06-03 14:33:59,20.7625,12.00,0.102,0.130,OFF,#5,HOLDING,0.000A/OFF
13016,2026-06-03 14:34:00,20.7625,12.00,0.000,0.130,OFF,#5,HOLDING,0.000A/OFF
13017,2026-06-03 14:34:01,20.7625,12.00,0.000,0.000,OFF,#5,HOLDING,0.000A/OFF
13018,2026-06-03 14:34:02,20.7500,12.00,0.000,0.000,OFF,#5,HOLDING,0.000A/OFF
13019,2026-06-03 14:34:03,20.7500,12.00,0.000,0.000,OFF,#5,HOLDING,0.000A/OFF
13020,2026-06-03 14:34:04,20.7500,12.00,0.000,0.000,OFF,#5,HOLDING,0.000A/OFF
13021,2026-06-03 14:34:05,20.7500,12.00,0.000,0.000,OFF,#5,HOLDING,0.000A/OFF
13022,2026-06-03 14:34:06,20.7500,12.00,0.000,0.000,OFF,#5,HOLDING,0.000A/OFF
13023,2026-06-03 14:34:07,20.7500,12.00,0.000,0.000,OFF,#5,HOLDING,0.000A/OFF
13024,2026-06-03 14:34:08,20.7500,12.00,0.000,0.000,OFF,#5,HOLDING,0.000A/OFF
13025,2026-06-03 14:34:09,20.7500,12.00,0.000,0.000,OFF,#5,HOLDING,0.000A/OFF
13026,2026-06-03 14:34:10,20.7500,12.00,0.000,0.000,OFF,#5,HOLDING,0.000A/OFF
13027,2026-06-03 14:34:11,20.7750,12.00,0.000,0.000,OFF,#5,HOLDING,0.000A/OFF
13028,2026-06-03 14:34:12,20.7750,12.00,0.000,0.000,OFF,#5,HOLDING,0.000A/OFF
13029,2026-06-03 14:34:13,20.7875,12.00,0.000,0.000,OFF,#5,HOLDING,0.000A/OFF
13030,2026-06-03 14:34:14,20.7875,12.00,0.000,0.000,OFF,#5,HOLDING,0.000A/OFF
13031,2026-06-03 14:34:15,20.8125,12.00,0.000,0.000,OFF,#5,HOLDING,0.000A/OFF
13032,2026-06-03 14:34:16,20.8125,12.00,0.000,0.000,OFF,#5,HOLDING,0.000A/OFF
13033,2026-06-03 14:34:17,20.8250,12.00,0.000,0.000,OFF,#5,HOLDING,0.000A/OFF
13034,2026-06-03 14:34:18,20.8250,12.00,0.000,0.000,OFF,#5,HOLDING,0.000A/OFF
13035,2026-06-03 14:34:19,20.8750,12.00,0.000,0.000,OFF,#5,HOLDING,0.000A/OFF
13036,2026-06-03 14:34:20,20.8750,12.00,0.000,0.000,OFF,#5,HOLDING,0.000A/OFF
13037,2026-06-03 14:34:21,20.8750,12.00,0.000,0.000,OFF,#5,HOLDING,0.000A/OFF
13038,2026-06-03 14:34:22,20.8750,12.00,0.000,0.000,OFF,#5,HOLDING,0.000A/OFF
13039,2026-06-03 14:34:23,20.8750,12.00,0.000,0.000,OFF,#5,HOLDING,0.000A/OFF
13040,2026-06-03 14:34:24,20.9375,12.00,0.000,0.000,OFF,#5,HOLDING,0.000A/OFF
13041,2026-06-03 14:34:25,20.9375,12.00,0.000,0.000,OFF,--,DONE,0.000A/OFF
13042,2026-06-03 14:34:26,20.9375,12.00,0.000,0.000,A,#1,APPROACH,0.958A/A
13043,2026-06-03 14:34:29,20.9750,12.00,0.000,0.000,A,#1,APPROACH,0.710A/A
13044,2026-06-03 14:34:31,21.0000,12.00,0.000,0.000,A,#1,APPROACH,0.713A/A
13045,2026-06-03 14:34:33,21.0125,12.00,0.000,0.000,A,#1,APPROACH,0.714A/A
13046,2026-06-03 14:34:35,21.0625,6.33,0.000,0.000,A,#1,APPROACH,0.860A/A
13047,2026-06-03 14:34:37,21.0625,6.33,0.785,6.518,A,#1,APPROACH,0.871A/A
13048,2026-06-03 14:34:39,21.0625,6.33,0.785,6.518,A,#1,APPROACH,1.038A/A
13049,2026-06-03 14:34:40,21.0625,6.33,0.785,6.518,A,#1,APPROACH,1.000A/A
13050,2026-06-03 14:34:42,21.0125,8.50,0.785,6.518,A,#1,APPROACH,1.160A/A
13051,2026-06-03 14:34:44,20.9875,8.50,1.077,11.286,A,#1,APPROACH,1.000A/A
13052,2026-06-03 14:34:47,20.9375,8.50,1.077,11.286,A,#1,APPROACH,1.303A/A
13053,2026-06-03 14:34:48,20.9000,8.50,1.077,11.286,A,#1,APPROACH,1.464A/A
13054,2026-06-03 14:34:50,20.8500,11.66,1.077,11.286,A,#1,APPROACH,1.770A/A
13055,2026-06-03 14:34:52,20.7500,11.66,1.475,17.688,A,#1,APPROACH,1.000A/A
13056,2026-06-03 14:34:54,20.6750,11.66,1.475,17.688,A,#1,APPROACH,1.927A/A
13057,2026-06-03 14:34:56,20.5875,11.66,1.475,17.688,A,#1,APPROACH,1.739A/A
13058,2026-06-03 14:34:58,20.4875,12.00,1.475,17.688,A,#1,APPROACH,1.767A/A
13059,2026-06-03 14:35:00,20.4000,12.00,1.467,17.376,A,#1,APPROACH,1.500A/A
13060,2026-06-03 14:35:02,20.2750,12.00,1.467,17.376,A,#1,APPROACH,1.442A/A
13061,2026-06-03 14:35:04,20.1750,12.00,1.467,17.376,A,#1,APPROACH,1.428A/A
13062,2026-06-03 14:35:05,20.0500,11.78,1.467,17.376,A,#1,APPROACH,1.428A/A
13063,2026-06-03 14:35:07,19.9250,11.78,1.428,17.100,A,#1,APPROACH,1.437A/A
13064,2026-06-03 14:35:10,19.8000,11.78,1.428,17.100,A,#1,APPROACH,1.466A/A
13065,2026-06-03 14:35:11,19.6750,11.78,1.428,17.100,A,#1,HOLDING,1.436A/A
13066,2026-06-03 14:35:13,19.5500,11.78,1.428,17.100,OFF,#1,HOLDING,0.000A/OFF
13067,2026-06-03 14:35:14,19.5500,11.90,1.428,17.100,OFF,#1,HOLDING,0.000A/OFF
13068,2026-06-03 14:35:15,19.4000,11.90,1.430,17.100,OFF,#1,HOLDING,0.000A/OFF
13069,2026-06-03 14:35:16,19.4000,11.90,1.430,16.992,OFF,#1,HOLDING,0.000A/OFF
13070,2026-06-03 14:35:17,19.2750,11.90,1.430,16.992,OFF,#1,HOLDING,0.000A/OFF
13071,2026-06-03 14:35:18,19.2750,11.90,1.430,16.992,OFF,#1,HOLDING,0.000A/OFF
13072,2026-06-03 14:35:19,19.1500,11.90,1.430,16.992,OFF,#1,HOLDING,0.000A/OFF
13073,2026-06-03 14:35:20,19.0000,12.00,1.430,16.992,OFF,#1,HOLDING,0.000A/OFF
13074,2026-06-03 14:35:21,19.0000,12.00,0.000,16.992,OFF,#1,HOLDING,0.000A/OFF
13075,2026-06-03 14:35:22,18.9000,12.00,0.000,0.000,OFF,#1,HOLDING,0.000A/OFF
13076,2026-06-03 14:35:23,18.9000,12.00,0.000,0.000,A,#1,HOLDING,0.122A/A
13077,2026-06-03 14:35:25,18.8000,12.00,0.000,0.000,A,#1,HOLDING,0.113A/A
13078,2026-06-03 14:35:27,18.7125,1.71,0.000,0.000,A,#1,HOLDING,0.116A/A
13079,2026-06-03 14:35:29,18.6625,1.71,0.116,0.201,A,#1,HOLDING,0.108A/A
13080,2026-06-03 14:35:31,18.6125,1.71,0.116,0.201,A,#1,HOLDING,0.110A/A
13081,2026-06-03 14:35:33,18.5625,1.71,0.116,0.201,A,#1,HOLDING,0.107A/A
13082,2026-06-03 14:35:34,18.5500,1.54,0.116,0.201,A,#1,HOLDING,0.106A/A
13083,2026-06-03 14:35:36,18.5250,1.54,0.106,0.160,A,#1,HOLDING,0.101A/A
13084,2026-06-03 14:35:39,18.5000,1.54,0.106,0.160,OFF,#1,HOLDING,0.000A/OFF
13085,2026-06-03 14:35:40,18.5000,1.54,0.106,0.160,OFF,#1,HOLDING,0.000A/OFF
13086,2026-06-03 14:35:41,18.5000,1.54,0.106,0.160,OFF,#1,HOLDING,0.000A/OFF
13087,2026-06-03 14:35:42,18.5000,1.54,0.106,0.160,OFF,#1,HOLDING,0.000A/OFF
13088,2026-06-03 14:35:43,18.5000,12.00,0.000,0.160,OFF,#1,HOLDING,0.000A/OFF
13089,2026-06-03 14:35:44,18.5000,12.00,0.000,0.160,OFF,#1,HOLDING,0.000A/OFF
13090,2026-06-03 14:35:45,18.5000,12.00,0.000,0.000,OFF,#1,HOLDING,0.000A/OFF
13091,2026-06-03 14:35:46,18.5000,12.00,0.000,0.000,OFF,#1,HOLDING,0.000A/OFF
13092,2026-06-03 14:35:47,18.5000,12.00,0.000,0.000,OFF,#1,HOLDING,0.000A/OFF
13093,2026-06-03 14:35:48,18.5000,12.00,0.000,0.000,OFF,#1,HOLDING,0.000A/OFF
13094,2026-06-03 14:35:49,18.5000,12.00,0.000,0.000,OFF,#1,HOLDING,0.000A/OFF
13095,2026-06-03 14:35:50,18.5500,12.00,0.000,0.000,OFF,#1,HOLDING,0.000A/OFF
13096,2026-06-03 14:35:51,18.5500,12.00,0.000,0.000,OFF,#1,HOLDING,0.000A/OFF
13097,2026-06-03 14:35:52,18.5500,12.00,0.000,0.000,OFF,#1,HOLDING,0.000A/OFF
13098,2026-06-03 14:35:53,18.5500,12.00,0.000,0.000,OFF,#1,HOLDING,0.000A/OFF
13099,2026-06-03 14:35:54,18.5625,12.00,0.000,0.000,OFF,#1,HOLDING,0.000A/OFF
13100,2026-06-03 14:35:55,18.6125,12.00,0.000,0.000,OFF,#1,HOLDING,0.000A/OFF
13101,2026-06-03 14:35:56,18.6125,12.00,0.000,0.000,OFF,#1,HOLDING,0.000A/OFF
13102,2026-06-03 14:35:57,18.6625,12.00,0.000,0.000,OFF,#1,HOLDING,0.000A/OFF
13103,2026-06-03 14:35:58,18.6625,12.00,0.000,0.000,OFF,#1,HOLDING,0.000A/OFF
13104,2026-06-03 14:35:59,18.6875,12.00,0.000,0.000,OFF,#1,HOLDING,0.000A/OFF
13105,2026-06-03 14:36:00,18.6875,12.00,0.000,0.000,OFF,#1,HOLDING,0.000A/OFF
13106,2026-06-03 14:36:01,18.7250,12.00,0.000,0.000,OFF,#1,HOLDING,0.000A/OFF
13107,2026-06-03 14:36:02,18.7250,12.00,0.000,0.000,OFF,#1,HOLDING,0.000A/OFF
13108,2026-06-03 14:36:03,18.7750,12.00,0.000,0.000,OFF,#1,HOLDING,0.000A/OFF
13109,2026-06-03 14:36:04,18.7750,12.00,0.000,0.000,OFF,#1,HOLDING,0.000A/OFF
13110,2026-06-03 14:36:05,18.8375,12.00,0.000,0.000,OFF,#1,HOLDING,0.000A/OFF
13111,2026-06-03 14:36:06,18.8375,12.00,0.000,0.000,OFF,#1,HOLDING,0.000A/OFF
13112,2026-06-03 14:36:07,18.8625,12.00,0.000,0.000,OFF,#1,HOLDING,0.000A/OFF
13113,2026-06-03 14:36:08,18.8625,12.00,0.000,0.000,OFF,#1,HOLDING,0.000A/OFF
13114,2026-06-03 14:36:09,18.9375,12.00,0.000,0.000,OFF,#1,HOLDING,0.000A/OFF
13115,2026-06-03 14:36:10,18.9375,12.00,0.000,0.000,OFF,#1,HOLDING,0.000A/OFF
13116,2026-06-03 14:36:11,18.9875,12.00,0.000,0.000,OFF,#1,HOLDING,0.000A/OFF
13117,2026-06-03 14:36:12,18.9875,12.00,0.000,0.000,OFF,#2,APPROACH,0.000A/OFF
13118,2026-06-03 14:36:13,19.0625,12.00,0.000,0.000,OFF,#2,APPROACH,0.000A/OFF
13119,2026-06-03 14:36:14,19.1125,12.00,0.000,0.000,A,#2,APPROACH,0.115A/A
13120,2026-06-03 14:36:16,19.1375,7.99,0.000,0.000,A,#2,APPROACH,0.165A/A
13121,2026-06-03 14:36:18,19.2125,7.99,0.869,0.320,A,#2,APPROACH,0.260A/A
13122,2026-06-03 14:36:21,19.2500,7.99,0.869,0.320,A,#2,APPROACH,0.317A/A
13123,2026-06-03 14:36:22,19.2750,7.99,0.869,0.320,A,#2,APPROACH,0.373A/A
13124,2026-06-03 14:36:24,19.3125,3.62,0.869,0.320,A,#2,APPROACH,0.442A/A
13125,2026-06-03 14:36:26,19.3125,3.62,0.405,1.905,A,#2,APPROACH,0.509A/A
13126,2026-06-03 14:36:28,19.3250,3.62,0.405,1.905,A,#2,APPROACH,0.581A/A
13127,2026-06-03 14:36:30,19.3750,3.62,0.405,1.905,A,#2,APPROACH,0.657A/A
13128,2026-06-03 14:36:32,19.3750,5.97,0.405,1.905,A,#2,APPROACH,0.744A/A
13129,2026-06-03 14:36:34,19.3500,5.97,0.698,5.074,A,#2,APPROACH,0.802A/A
13130,2026-06-03 14:36:36,19.3750,5.97,0.698,5.074,A,#2,APPROACH,0.869A/A
13131,2026-06-03 14:36:38,19.3750,5.97,0.698,5.074,A,#2,APPROACH,0.914A/A
13132,2026-06-03 14:36:39,19.3750,7.99,0.698,5.074,A,#2,APPROACH,1.000A/A
13133,2026-06-03 14:36:41,19.3250,7.99,0.955,8.730,A,#2,APPROACH,0.977A/A
13134,2026-06-03 14:36:44,19.3125,7.99,0.955,8.730,A,#2,APPROACH,1.047A/A
13135,2026-06-03 14:36:45,19.2875,7.99,0.955,8.730,A,#2,APPROACH,1.096A/A
13136,2026-06-03 14:36:47,19.2375,9.35,0.955,8.730,A,#2,APPROACH,1.147A/A
13137,2026-06-03 14:36:49,19.1625,9.35,1.119,11.206,A,#2,APPROACH,1.189A/A
13138,2026-06-03 14:36:51,19.1500,9.35,1.119,11.206,A,#2,APPROACH,1.261A/A
13139,2026-06-03 14:36:53,19.1000,9.35,1.119,11.206,A,#2,APPROACH,1.303A/A
13140,2026-06-03 14:36:55,19.0250,10.75,1.119,11.206,A,#2,APPROACH,1.356A/A
13141,2026-06-03 14:36:57,18.9500,10.75,1.327,15.336,A,#2,APPROACH,1.400A/A
13142,2026-06-03 14:36:59,18.8750,10.75,1.327,15.336,A,#2,APPROACH,1.000A/A
13143,2026-06-03 14:37:01,18.8000,10.75,1.327,15.336,A,#2,APPROACH,1.447A/A
13144,2026-06-03 14:37:03,18.7125,11.79,1.327,15.336,A,#2,APPROACH,1.482A/A
13145,2026-06-03 14:37:04,18.6125,11.79,1.449,17.292,A,#2,APPROACH,1.506A/A
13146,2026-06-03 14:37:07,18.5250,11.79,1.449,17.292,A,#2,HOLDING,1.503A/A
13147,2026-06-03 14:37:08,18.4250,11.79,1.449,17.292,OFF,#2,HOLDING,0.000A/OFF
13148,2026-06-03 14:37:09,18.4250,11.79,1.449,17.292,OFF,#2,HOLDING,0.000A/OFF
13149,2026-06-03 14:37:10,18.3375,12.00,1.449,17.292,OFF,#2,HOLDING,0.000A/OFF
13150,2026-06-03 14:37:11,18.3375,12.00,1.434,17.292,OFF,#2,HOLDING,0.000A/OFF
13151,2026-06-03 14:37:12,18.2125,12.00,1.434,0.000,OFF,#2,HOLDING,0.000A/OFF
13152,2026-06-03 14:37:13,18.2125,12.00,1.434,0.000,OFF,#2,HOLDING,0.000A/OFF
13153,2026-06-03 14:37:14,18.1125,12.00,1.434,0.000,OFF,#2,HOLDING,0.000A/OFF
13154,2026-06-03 14:37:15,18.1125,12.00,1.434,0.000,A,#2,HOLDING,0.102A/A
13155,2026-06-03 14:37:17,18.0125,10.30,0.102,0.000,A,#2,HOLDING,0.109A/A
13156,2026-06-03 14:37:19,17.9250,10.30,0.102,0.201,A,#2,HOLDING,0.130A/A
13157,2026-06-03 14:37:21,17.8500,10.30,0.102,0.201,A,#2,HOLDING,0.130A/A
13158,2026-06-03 14:37:22,17.8000,10.30,0.102,0.201,A,#2,HOLDING,0.140A/A
13159,2026-06-03 14:37:24,17.7500,2.00,0.102,0.201,A,#2,HOLDING,0.149A/A
13160,2026-06-03 14:37:26,17.7125,2.00,0.149,0.308,A,#2,HOLDING,0.158A/A
13161,2026-06-03 14:37:28,17.6875,2.00,0.149,0.308,A,#2,HOLDING,0.165A/A
13162,2026-06-03 14:37:30,17.6875,2.00,0.149,0.308,A,#2,HOLDING,0.173A/A
13163,2026-06-03 14:37:32,17.6625,2.18,0.149,0.308,A,#2,HOLDING,0.176A/A
13164,2026-06-03 14:37:34,17.6375,2.18,0.176,0.390,A,#2,HOLDING,0.176A/A
13165,2026-06-03 14:37:36,17.6875,2.18,0.176,0.390,A,#2,HOLDING,0.185A/A
13166,2026-06-03 14:37:38,17.6875,2.18,0.176,0.390,A,#2,HOLDING,0.191A/A
13167,2026-06-03 14:37:40,17.6875,2.25,0.176,0.390,A,#2,HOLDING,0.195A/A
13168,2026-06-03 14:37:41,17.7000,2.25,0.195,0.452,A,#2,HOLDING,0.197A/A
13169,2026-06-03 14:37:44,17.7250,2.25,0.195,0.452,A,#2,HOLDING,0.205A/A
13170,2026-06-03 14:37:45,17.7500,2.25,0.195,0.452,A,#2,HOLDING,0.213A/A
13171,2026-06-03 14:37:47,17.7750,2.38,0.195,0.452,A,#2,HOLDING,0.221A/A
13172,2026-06-03 14:37:49,17.8125,2.38,0.221,0.552,A,#2,HOLDING,0.233A/A
13173,2026-06-03 14:37:52,17.8125,2.38,0.221,0.552,A,#2,HOLDING,0.241A/A
13174,2026-06-03 14:37:53,17.8750,2.38,0.221,0.552,A,#2,HOLDING,0.252A/A
13175,2026-06-03 14:37:55,17.9000,2.70,0.221,0.552,A,#2,HOLDING,0.265A/A
13176,2026-06-03 14:37:57,17.9375,2.70,0.265,0.760,A,#2,HOLDING,0.285A/A
13177,2026-06-03 14:37:59,17.9375,2.70,0.265,0.760,A,#2,HOLDING,0.299A/A
13178,2026-06-03 14:38:01,18.0000,2.70,0.265,0.760,A,#2,HOLDING,0.320A/A
13179,2026-06-03 14:38:03,18.0000,3.30,0.265,0.760,A,#2,HOLDING,0.322A/A
13180,2026-06-03 14:38:05,18.0375,3.30,0.322,1.104,A,#2,HOLDING,0.345A/A
13181,2026-06-03 14:38:07,18.0875,3.30,0.322,1.104,A,#3,APPROACH,0.373A/A
13182,2026-06-03 14:38:08,18.0625,3.30,0.322,1.104,B,#3,APPROACH,0.623A/B
13183,2026-06-03 14:38:10,18.1125,3.30,0.322,1.104,B,#3,APPROACH,0.661A/B
13184,2026-06-03 14:38:12,18.1250,10.56,0.322,1.104,B,#3,APPROACH,0.763A/B
13185,2026-06-03 14:38:14,18.1750,10.56,1.213,4.814,B,#3,APPROACH,0.899A/B
13186,2026-06-03 14:38:17,18.2250,10.56,1.213,4.814,B,#3,APPROACH,1.104A/B
13187,2026-06-03 14:38:18,18.3000,10.56,1.213,4.814,B,#3,APPROACH,1.206A/B
13188,2026-06-03 14:38:20,18.4125,9.44,1.213,4.814,B,#3,APPROACH,1.500A/B
13189,2026-06-03 14:38:22,18.5125,9.44,1.348,17.325,B,#3,APPROACH,1.257A/B
13190,2026-06-03 14:38:24,18.6375,9.44,1.348,17.325,B,#3,APPROACH,1.247A/B
13191,2026-06-03 14:38:26,18.7875,9.44,1.348,17.325,B,#3,APPROACH,1.398A/B
13192,2026-06-03 14:38:28,18.9250,11.13,1.348,17.325,B,#3,APPROACH,1.398A/B
13193,2026-06-03 14:38:30,19.1250,11.13,1.398,15.825,B,#3,APPROACH,1.000A/B
13194,2026-06-03 14:38:32,19.3125,11.13,1.398,15.825,B,#3,APPROACH,1.000A/B
13195,2026-06-03 14:38:34,19.5375,11.13,1.398,15.825,B,#3,APPROACH,1.445A/B
13196,2026-06-03 14:38:36,19.7375,11.69,1.398,15.825,B,#3,APPROACH,1.547A/B
13197,2026-06-03 14:38:37,19.9875,11.69,1.458,17.508,B,#3,APPROACH,1.687A/B
13198,2026-06-03 14:38:40,20.2125,11.69,1.458,17.508,B,#3,APPROACH,1.919A/B
13199,2026-06-03 14:38:41,20.4375,11.69,1.458,17.508,B,#3,APPROACH,2.000A/B
13200,2026-06-03 14:38:43,20.6875,12.00,1.458,17.508,B,#3,APPROACH,1.500A/B
13201,2026-06-03 14:38:45,20.9625,12.00,1.436,17.040,B,#3,APPROACH,1.000A/B
13202,2026-06-03 14:38:47,21.2125,12.00,1.436,17.040,B,#3,APPROACH,2.000A/B
13203,2026-06-03 14:38:49,21.4875,12.00,1.436,17.040,B,#3,APPROACH,1.998A/B
13204,2026-06-03 14:38:51,21.7500,12.00,1.436,17.040,B,#3,APPROACH,2.180A/B
13205,2026-06-03 14:38:53,22.0500,12.00,1.406,16.692,B,#3,APPROACH,2.376A/B
13206,2026-06-03 14:38:55,22.2875,12.00,1.406,16.692,B,#3,APPROACH,1.500A/B
13207,2026-06-03 14:38:57,22.5875,12.00,1.406,16.692,B,#3,APPROACH,2.500A/B
13208,2026-06-03 14:38:59,22.8500,12.00,1.406,16.692,B,#3,APPROACH,1.500A/B
13209,2026-06-03 14:39:00,23.1500,12.00,1.378,16.380,B,#3,APPROACH,2.500A/B
13210,2026-06-03 14:39:03,23.4375,12.00,1.378,16.380,B,#3,APPROACH,2.638A/B
13211,2026-06-03 14:39:04,23.7125,12.00,1.378,16.380,B,#3,APPROACH,2.500A/B
13212,2026-06-03 14:39:06,23.9750,12.00,1.378,16.380,B,#3,APPROACH,1.500A/B
13213,2026-06-03 14:39:08,24.3000,12.00,1.358,16.104,B,#3,APPROACH,1.500A/B
13214,2026-06-03 14:39:11,24.5625,12.00,1.358,16.104,B,#3,APPROACH,2.000A/B
13215,2026-06-03 14:39:12,24.8625,12.00,1.358,16.104,B,#3,APPROACH,2.000A/B
13216,2026-06-03 14:39:14,25.1250,12.00,1.358,16.104,B,#3,APPROACH,2.500A/B
13217,2026-06-03 14:39:16,25.4500,12.00,1.342,15.936,B,#3,APPROACH,2.000A/B
13218,2026-06-03 14:39:18,25.7250,12.00,1.342,15.936,B,#3,APPROACH,2.719A/B
13219,2026-06-03 14:39:20,26.0250,12.00,1.342,15.936,B,#3,APPROACH,2.884A/B
13220,2026-06-03 14:39:22,26.3125,12.00,1.342,15.936,B,#3,APPROACH,2.921A/B
13221,2026-06-03 14:39:24,26.6125,12.00,1.327,15.756,B,#3,APPROACH,2.000A/B
13222,2026-06-03 14:39:26,26.9000,12.00,1.327,15.756,B,#3,APPROACH,1.500A/B
13223,2026-06-03 14:39:28,27.1500,12.00,1.327,15.756,B,#3,APPROACH,1.000A/B
13224,2026-06-03 14:39:29,27.4375,9.67,1.327,15.756,B,#3,APPROACH,2.000A/B
13225,2026-06-03 14:39:31,27.7125,9.67,1.162,15.720,B,#3,APPROACH,2.000A/B
13226,2026-06-03 14:39:34,27.9625,9.67,1.162,15.720,B,#3,APPROACH,2.500A/B
13227,2026-06-03 14:39:35,28.2125,9.67,1.162,15.720,B,#3,APPROACH,1.500A/B
13228,2026-06-03 14:39:37,28.4625,12.00,1.162,15.720,B,#3,APPROACH,2.500A/B
13229,2026-06-03 14:39:39,28.7375,12.00,1.314,15.600,B,#3,HOLDING,2.659A/B
13230,2026-06-03 14:39:41,28.9875,12.00,1.314,15.600,OFF,#3,HOLDING,0.000A/OFF
13231,2026-06-03 14:39:42,29.2125,12.00,1.314,15.600,OFF,#3,HOLDING,0.000A/OFF
13232,2026-06-03 14:39:43,29.2125,12.00,1.314,15.600,OFF,#3,HOLDING,0.000A/OFF
13233,2026-06-03 14:39:44,29.4875,12.00,1.314,15.600,OFF,#3,HOLDING,0.000A/OFF
13234,2026-06-03 14:39:45,29.4875,12.00,0.000,15.600,OFF,#3,HOLDING,0.000A/OFF
13235,2026-06-03 14:39:46,29.7375,12.00,0.000,15.600,OFF,#3,HOLDING,0.000A/OFF
13236,2026-06-03 14:39:47,29.7375,12.00,0.000,0.000,OFF,#3,HOLDING,0.000A/OFF
13237,2026-06-03 14:39:48,29.9625,12.00,0.000,0.000,OFF,#3,HOLDING,0.000A/OFF
13238,2026-06-03 14:39:49,29.9625,12.00,0.000,0.000,OFF,#3,HOLDING,0.000A/OFF
13239,2026-06-03 14:39:50,30.1875,12.00,0.000,0.000,OFF,#3,HOLDING,0.000A/OFF
13240,2026-06-03 14:39:51,30.1875,12.00,0.000,0.000,OFF,#3,HOLDING,0.000A/OFF
13241,2026-06-03 14:39:52,30.3625,12.00,0.000,0.000,OFF,#3,HOLDING,0.000A/OFF
13242,2026-06-03 14:39:53,30.3625,12.00,0.000,0.000,OFF,#3,HOLDING,0.000A/OFF
13243,2026-06-03 14:39:54,30.5125,12.00,0.000,0.000,OFF,#3,HOLDING,0.000A/OFF
13244,2026-06-03 14:39:55,30.5125,12.00,0.000,0.000,OFF,#3,HOLDING,0.000A/OFF
13245,2026-06-03 14:39:56,30.6750,12.00,0.000,0.000,A,#3,HOLDING,0.105A/A
13246,2026-06-03 14:39:58,30.8000,12.00,0.051,0.000,A,#3,HOLDING,0.189A/A
13247,2026-06-03 14:40:00,30.8875,12.00,0.051,0.134,A,#3,HOLDING,0.247A/A
13248,2026-06-03 14:40:02,30.9625,12.00,0.051,0.134,A,#3,HOLDING,0.270A/A
13249,2026-06-03 14:40:04,31.0375,12.00,0.051,0.134,A,#3,HOLDING,0.315A/A
13250,2026-06-03 14:40:05,31.1125,1.93,0.051,0.134,A,#3,HOLDING,0.370A/A
13251,2026-06-03 14:40:07,31.1250,1.93,0.370,0.943,A,#3,HOLDING,0.417A/A
13252,2026-06-03 14:40:10,31.1500,1.93,0.370,0.943,A,#3,HOLDING,0.479A/A
13253,2026-06-03 14:40:11,31.1375,1.93,0.370,0.943,A,#3,HOLDING,0.516A/A
13254,2026-06-03 14:40:13,31.1375,3.86,0.370,0.943,A,#3,HOLDING,0.568A/A
13255,2026-06-03 14:40:15,31.1125,3.86,0.568,2.538,A,#3,HOLDING,0.614A/A
13256,2026-06-03 14:40:17,31.0125,3.86,0.568,2.538,A,#3,HOLDING,0.665A/A
13257,2026-06-03 14:40:19,30.9625,3.86,0.568,2.538,A,#3,HOLDING,0.697A/A
13258,2026-06-03 14:40:21,30.8875,5.64,0.568,2.538,A,#3,HOLDING,0.733A/A
13259,2026-06-03 14:40:23,30.8125,5.64,0.733,4.478,A,#3,HOLDING,0.771A/A
13260,2026-06-03 14:40:25,30.7125,5.64,0.733,4.478,A,#3,HOLDING,0.813A/A
13261,2026-06-03 14:40:27,30.5875,5.64,0.733,4.478,A,#3,HOLDING,0.784A/A
13262,2026-06-03 14:40:28,30.4875,6.49,0.733,4.478,A,#3,HOLDING,0.811A/A
13263,2026-06-03 14:40:30,30.3375,6.49,0.811,5.587,A,#3,HOLDING,0.828A/A
13264,2026-06-03 14:40:33,30.1875,6.49,0.811,5.587,A,#3,HOLDING,0.854A/A
13265,2026-06-03 14:40:34,30.0625,6.49,0.811,5.587,A,#3,HOLDING,0.862A/A
13266,2026-06-03 14:40:36,29.8625,7.27,0.811,5.587,A,#3,HOLDING,0.864A/A
13267,2026-06-03 14:40:38,29.7000,7.27,0.864,6.471,A,#3,HOLDING,0.860A/A
13268,2026-06-03 14:40:40,29.5250,7.27,0.864,6.471,A,#3,HOLDING,0.852A/A
13269,2026-06-03 14:40:42,29.3500,7.27,0.864,6.471,A,#3,HOLDING,0.840A/A
13270,2026-06-03 14:40:44,29.1750,7.27,0.864,6.471,A,#3,HOLDING,0.819A/A
13271,2026-06-03 14:40:46,28.9500,7.27,0.819,5.970,A,#3,HOLDING,0.782A/A
13272,2026-06-03 14:40:48,28.8000,7.27,0.819,5.970,A,#3,HOLDING,0.747A/A
13273,2026-06-03 14:40:50,28.5750,7.27,0.819,5.970,A,#3,HOLDING,0.645A/A
13274,2026-06-03 14:40:51,28.3750,5.91,0.819,5.970,A,#3,HOLDING,0.587A/A
13275,2026-06-03 14:40:53,28.1625,5.91,0.587,3.287,A,#3,HOLDING,0.509A/A
13276,2026-06-03 14:40:56,27.9375,5.91,0.587,3.287,A,#3,HOLDING,0.422A/A
13277,2026-06-03 14:40:57,27.7625,5.91,0.587,3.287,A,#3,HOLDING,0.350A/A
13278,2026-06-03 14:40:59,27.5625,3.73,0.587,3.287,A,#3,HOLDING,0.261A/A
13279,2026-06-03 14:41:01,27.3625,3.73,0.261,0.780,A,#3,HOLDING,0.161A/A
13280,2026-06-03 14:41:03,27.1875,3.73,0.261,0.780,OFF,#3,HOLDING,0.000A/OFF
13281,2026-06-03 14:41:04,27.1875,3.73,0.261,0.780,OFF,#3,HOLDING,0.000A/OFF
13282,2026-06-03 14:41:05,27.0125,3.73,0.261,0.780,OFF,#3,HOLDING,0.000A/OFF
13283,2026-06-03 14:41:06,27.0125,12.00,0.261,0.780,B,#3,HOLDING,0.104A/B
13284,2026-06-03 14:41:08,26.8125,12.00,0.051,0.068,B,#3,HOLDING,0.239A/B
13285,2026-06-03 14:41:11,26.4625,12.00,0.051,0.068,B,#3,HOLDING,0.369A/B
13286,2026-06-03 14:41:12,26.4625,12.00,0.051,0.068,B,#3,HOLDING,0.472A/B
13287,2026-06-03 14:41:14,26.2750,3.86,0.051,0.068,B,#3,HOLDING,0.609A/B
13288,2026-06-03 14:41:16,26.1750,3.86,0.609,3.142,B,#3,HOLDING,0.738A/B
13289,2026-06-03 14:41:18,25.9250,3.86,0.609,3.142,B,#3,HOLDING,0.937A/B
13290,2026-06-03 14:41:20,25.9250,3.86,0.609,3.142,B,#3,HOLDING,1.052A/B
13291,2026-06-03 14:41:22,25.8250,8.50,0.609,3.142,B,#3,HOLDING,1.000A/B
13292,2026-06-03 14:41:24,25.7000,8.50,1.000,8.350,B,#3,HOLDING,1.204A/B
13293,2026-06-03 14:41:26,25.6000,8.50,1.000,8.350,B,#3,HOLDING,1.407A/B
13294,2026-06-03 14:41:28,25.6000,8.50,1.000,8.350,B,#3,HOLDING,1.535A/B
13295,2026-06-03 14:41:29,25.5625,12.00,1.000,8.350,B,#3,HOLDING,1.689A/B
13296,2026-06-03 14:41:31,25.5625,12.00,1.518,17.952,B,#3,HOLDING,1.500A/B
13297,2026-06-03 14:41:34,25.5875,12.00,1.518,17.952,B,#3,HOLDING,1.836A/B
13298,2026-06-03 14:41:35,25.5875,12.00,1.518,17.952,B,#3,HOLDING,1.968A/B
13299,2026-06-03 14:41:37,25.6375,12.00,1.518,17.952,B,#3,HOLDING,2.115A/B
13300,2026-06-03 14:41:39,25.7125,12.00,1.459,17.304,B,#3,HOLDING,2.000A/B
13301,2026-06-03 14:41:41,25.8875,12.00,1.459,17.304,B,#3,HOLDING,1.000A/B
13302,2026-06-03 14:41:43,25.8875,12.00,1.459,17.304,B,#3,HOLDING,2.246A/B
13303,2026-06-03 14:41:45,25.9875,12.00,1.459,17.304,B,#3,HOLDING,2.377A/B
13304,2026-06-03 14:41:47,26.1375,12.00,1.415,16.800,B,#3,HOLDING,2.500A/B
13305,2026-06-03 14:41:49,26.4250,12.00,1.415,16.800,B,#3,HOLDING,1.500A/B
13306,2026-06-03 14:41:51,26.4250,12.00,1.415,16.800,B,#3,HOLDING,1.000A/B
13307,2026-06-03 14:41:52,26.5625,9.26,1.415,16.800,B,#3,HOLDING,2.000A/B
13308,2026-06-03 14:41:54,26.7625,9.26,1.384,16.452,B,#3,HOLDING,2.440A/B
13309,2026-06-03 14:41:57,27.1250,9.26,1.384,16.452,B,#3,HOLDING,1.500A/B
13310,2026-06-03 14:41:58,27.1250,9.26,1.384,16.452,B,#3,HOLDING,2.530A/B
13311,2026-06-03 14:42:00,27.2750,12.00,1.384,16.452,B,#3,HOLDING,1.500A/B
13312,2026-06-03 14:42:02,27.4750,12.00,1.360,16.152,B,#3,HOLDING,1.500A/B
13313,2026-06-03 14:42:04,27.8750,12.00,1.360,16.152,B,#3,HOLDING,2.000A/B
13314,2026-06-03 14:42:06,27.8750,12.00,1.360,16.152,B,#3,HOLDING,2.582A/B
13315,2026-06-03 14:42:08,28.0625,12.00,1.360,16.152,B,#3,HOLDING,2.635A/B
13316,2026-06-03 14:42:10,28.2875,12.00,1.341,15.912,B,#3,HOLDING,2.684A/B
13317,2026-06-03 14:42:12,28.6875,12.00,1.341,15.912,B,#3,HOLDING,1.000A/B
13318,2026-06-03 14:42:14,28.6875,12.00,1.341,15.912,B,#3,HOLDING,1.500A/B
13319,2026-06-03 14:42:16,28.9000,12.00,1.341,15.912,B,#3,HOLDING,1.500A/B
13320,2026-06-03 14:42:17,29.1250,12.00,1.324,15.744,B,#3,HOLDING,2.661A/B
13321,2026-06-03 14:42:20,29.5625,12.00,1.324,15.744,B,#3,HOLDING,2.000A/B
13322,2026-06-03 14:42:21,29.5625,12.00,1.324,15.744,B,#3,HOLDING,2.000A/B
13323,2026-06-03 14:42:23,29.7375,12.00,1.324,15.744,B,#3,HOLDING,2.500A/B
13324,2026-06-03 14:42:25,29.9125,12.00,1.310,15.588,B,#3,HOLDING,1.500A/B
13325,2026-06-03 14:42:27,30.3125,12.00,1.310,15.588,B,#3,HOLDING,2.500A/B
13326,2026-06-03 14:42:29,30.3125,12.00,1.310,15.588,B,#3,HOLDING,2.500A/B
13327,2026-06-03 14:42:31,30.5250,12.00,1.310,15.588,B,#3,HOLDING,1.000A/B
13328,2026-06-03 14:42:33,30.7500,12.00,1.034,9.900,B,#3,HOLDING,1.500A/B
13329,2026-06-03 14:42:35,31.1375,12.00,1.034,9.900,B,#3,HOLDING,2.561A/B
13330,2026-06-03 14:42:37,31.1375,12.00,1.034,9.900,B,#3,HOLDING,2.000A/B
13331,2026-06-03 14:42:39,31.3000,12.00,1.034,9.900,B,#3,HOLDING,2.000A/B
13332,2026-06-03 14:42:40,31.5250,12.00,1.297,15.420,B,#3,HOLDING,2.000A/B
13333,2026-06-03 14:42:43,31.9375,12.00,1.297,15.420,B,#3,HOLDING,2.469A/B
13334,2026-06-03 14:42:44,31.9375,12.00,1.297,15.420,B,#3,HOLDING,1.500A/B
13335,2026-06-03 14:42:46,32.1125,12.00,1.297,15.420,B,#3,HOLDING,1.000A/B
13336,2026-06-03 14:42:48,32.2875,12.00,1.046,9.980,B,#3,HOLDING,2.409A/B
13337,2026-06-03 14:42:50,32.6375,12.00,1.046,9.980,B,#3,HOLDING,2.227A/B
13338,2026-06-03 14:42:52,32.6375,12.00,1.046,9.980,B,#3,HOLDING,1.000A/B
13339,2026-06-03 14:42:54,32.8000,9.80,1.046,9.980,B,#3,HOLDING,2.000A/B
13340,2026-06-03 14:42:56,32.9750,9.80,1.290,15.360,B,#3,HOLDING,2.177A/B
13341,2026-06-03 14:42:58,33.3250,9.80,1.290,15.360,B,#3,HOLDING,1.973A/B
13342,2026-06-03 14:43:00,33.3250,9.80,1.290,15.360,B,#3,HOLDING,1.857A/B
13343,2026-06-03 14:43:02,33.6875,12.00,1.290,15.360,B,#3,HOLDING,1.690A/B
13344,2026-06-03 14:43:03,33.6875,12.00,1.281,15.252,B,#3,HOLDING,1.558A/B
13345,2026-06-03 14:43:06,33.9750,12.00,1.281,15.252,B,#3,HOLDING,1.334A/B
13346,2026-06-03 14:43:07,33.9750,12.00,1.281,15.252,B,#3,HOLDING,1.212A/B
13347,2026-06-03 14:43:09,34.3125,11.39,1.281,15.252,B,#3,HOLDING,1.012A/B
13348,2026-06-03 14:43:11,34.3125,11.39,1.032,10.271,B,#3,HOLDING,0.848A/B
13349,2026-06-03 14:43:14,34.6375,11.39,1.032,10.271,B,#3,HOLDING,0.587A/B
13350,2026-06-03 14:43:15,34.7875,11.39,1.032,10.271,B,#3,HOLDING,0.422A/B
13351,2026-06-03 14:43:17,34.9375,5.46,1.032,10.271,B,#3,HOLDING,0.213A/B
13352,2026-06-03 14:43:19,34.9375,5.46,0.240,10.271,OFF,#3,HOLDING,0.000A/OFF
13353,2026-06-03 14:43:20,35.0750,5.46,0.240,0.800,OFF,#3,HOLDING,0.000A/OFF
13354,2026-06-03 14:43:21,35.1750,5.46,0.240,0.800,A,#3,HOLDING,0.206A/A
13355,2026-06-03 14:43:23,35.1750,5.46,0.240,0.800,A,#3,HOLDING,0.388A/A
13356,2026-06-03 14:43:24,35.2875,1.90,0.240,0.800,A,#3,HOLDING,0.597A/A
13357,2026-06-03 14:43:26,35.3625,1.90,0.490,2.280,A,#3,HOLDING,0.804A/A
13358,2026-06-03 14:43:29,35.4375,1.90,0.490,2.280,A,#3,HOLDING,1.085A/A
13359,2026-06-03 14:43:30,35.4375,1.90,0.490,2.280,A,#3,HOLDING,1.262A/A
13360,2026-06-03 14:43:32,35.5000,9.10,0.490,2.280,A,#3,HOLDING,1.000A/A
13361,2026-06-03 14:43:34,35.4750,9.10,1.129,7.680,A,#3,HOLDING,1.000A/A
13362,2026-06-03 14:43:36,35.3875,9.10,1.129,7.680,A,#3,HOLDING,1.469A/A
13363,2026-06-03 14:43:38,35.3875,9.10,1.129,7.680,A,#3,HOLDING,1.000A/A
13364,2026-06-03 14:43:40,35.3375,7.88,1.129,7.680,A,#3,HOLDING,1.000A/A
13365,2026-06-03 14:43:42,35.2125,7.88,1.000,8.090,A,#3,HOLDING,1.634A/A
13366,2026-06-03 14:43:44,34.9625,7.88,1.000,8.090,A,#3,HOLDING,1.864A/A
13367,2026-06-03 14:43:46,34.9625,7.88,1.000,8.090,A,#3,HOLDING,1.500A/A
13368,2026-06-03 14:43:47,34.8250,11.42,1.000,8.090,A,#3,HOLDING,1.000A/A
13369,2026-06-03 14:43:49,34.6250,11.42,1.244,8.380,A,#3,HOLDING,1.000A/A
13370,2026-06-03 14:43:52,34.2250,11.42,1.244,8.380,A,#3,HOLDING,1.986A/A
13371,2026-06-03 14:43:53,34.2250,11.42,1.244,8.380,A,#3,HOLDING,2.136A/A
13372,2026-06-03 14:43:55,34.0000,12.00,1.244,8.380,A,#3,HOLDING,1.500A/A
13373,2026-06-03 14:43:57,33.7500,12.00,1.512,17.961,A,#3,HOLDING,1.000A/A
13374,2026-06-03 14:43:59,33.2625,12.00,1.512,17.961,A,#3,HOLDING,1.500A/A
13375,2026-06-03 14:44:01,33.2625,12.00,1.512,17.961,A,#3,HOLDING,2.000A/A
13376,2026-06-03 14:44:03,33.0000,12.00,1.512,17.961,A,#3,HOLDING,2.000A/A
13377,2026-06-03 14:44:05,32.7000,12.00,1.486,17.616,A,#3,HOLDING,2.220A/A
13378,2026-06-03 14:44:07,32.1625,12.00,1.486,17.616,A,#3,HOLDING,2.000A/A
13379,2026-06-03 14:44:09,32.1625,12.00,1.486,17.616,A,#3,HOLDING,2.000A/A
13380,2026-06-03 14:44:11,31.5750,12.00,1.486,17.616,A,#3,HOLDING,1.500A/A
13381,2026-06-03 14:44:12,31.5750,12.00,1.458,17.316,A,#3,HOLDING,2.000A/A
13382,2026-06-03 14:44:15,30.9625,12.00,1.458,17.316,A,#3,HOLDING,2.000A/A
13383,2026-06-03 14:44:16,30.9625,12.00,1.458,17.316,A,#3,HOLDING,2.000A/A
13384,2026-06-03 14:44:18,30.3500,12.00,1.458,17.316,A,#3,HOLDING,2.101A/A
13385,2026-06-03 14:44:20,30.3500,12.00,1.442,17.148,A,#4,APPROACH,2.000A/A
13386,2026-06-03 14:44:22,29.7375,12.00,1.442,17.148,A,#4,APPROACH,0.312A/A
13387,2026-06-03 14:44:25,29.4375,12.00,1.442,17.148,A,#4,APPROACH,0.282A/A
13388,2026-06-03 14:44:27,29.0875,12.00,1.442,17.148,A,#4,APPROACH,0.260A/A
13389,2026-06-03 14:44:29,28.7750,8.62,0.260,17.148,A,#4,APPROACH,0.242A/A
13390,2026-06-03 14:44:31,28.4750,8.62,0.260,0.788,A,#4,APPROACH,0.234A/A
13391,2026-06-03 14:44:32,28.2125,8.62,0.260,0.788,A,#4,APPROACH,0.231A/A
13392,2026-06-03 14:44:34,27.9125,8.62,0.260,0.788,A,#4,APPROACH,0.224A/A
13393,2026-06-03 14:44:36,27.7000,2.91,0.260,0.788,A,#4,APPROACH,0.235A/A
13394,2026-06-03 14:44:38,27.4500,2.91,0.235,0.714,A,#4,APPROACH,0.247A/A
13395,2026-06-03 14:44:40,27.2500,2.91,0.235,0.714,A,#4,APPROACH,0.286A/A
13396,2026-06-03 14:44:42,27.0000,2.91,0.235,0.714,A,#4,APPROACH,0.301A/A
13397,2026-06-03 14:44:43,26.8250,3.41,0.235,0.714,A,#4,APPROACH,0.338A/A
13398,2026-06-03 14:44:45,26.6250,3.41,0.324,1.267,A,#4,APPROACH,0.376A/A
13399,2026-06-03 14:44:48,26.4500,3.41,0.324,1.267,A,#4,APPROACH,0.409A/A
13400,2026-06-03 14:44:49,26.2500,3.41,0.324,1.267,A,#4,APPROACH,0.449A/A
13401,2026-06-03 14:44:51,26.0875,4.44,0.324,1.267,A,#4,APPROACH,0.517A/A
13402,2026-06-03 14:44:53,25.9375,4.44,0.486,2.605,A,#4,APPROACH,0.589A/A
13403,2026-06-03 14:44:55,25.7375,4.44,0.486,2.605,A,#4,APPROACH,0.694A/A
13404,2026-06-03 14:44:57,25.5625,4.44,0.486,2.605,A,#4,APPROACH,0.747A/A
13405,2026-06-03 14:44:59,25.4125,6.78,0.486,2.605,A,#4,APPROACH,0.812A/A
13406,2026-06-03 14:45:01,25.2375,6.78,0.796,6.008,A,#4,APPROACH,0.866A/A
13407,2026-06-03 14:45:03,25.1000,6.78,0.796,6.008,A,#4,APPROACH,0.945A/A
13408,2026-06-03 14:45:05,24.9250,6.78,0.796,6.008,A,#4,APPROACH,0.977A/A
13409,2026-06-03 14:45:06,24.7750,8.48,0.796,6.008,A,#4,APPROACH,1.020A/A
13410,2026-06-03 14:45:08,24.6500,8.48,1.020,9.220,A,#4,APPROACH,1.055A/A
13411,2026-06-03 14:45:11,24.5125,8.48,1.020,9.220,A,#4,APPROACH,1.106A/A
13412,2026-06-03 14:45:12,24.3625,8.48,1.020,9.220,A,#4,HOLDING,1.080A/A
13413,2026-06-03 14:45:14,24.2250,8.48,1.020,9.220,OFF,#4,HOLDING,0.000A/OFF
13414,2026-06-03 14:45:15,24.2250,9.40,1.020,9.220,OFF,#4,HOLDING,0.000A/OFF
13415,2026-06-03 14:45:16,24.0250,9.40,1.077,9.220,OFF,#4,HOLDING,0.000A/OFF
13416,2026-06-03 14:45:17,24.0250,9.40,1.077,0.000,OFF,#4,HOLDING,0.000A/OFF
13417,2026-06-03 14:45:18,23.8875,9.40,1.077,0.000,OFF,#4,HOLDING,0.000A/OFF
13418,2026-06-03 14:45:19,23.8875,9.40,1.077,0.000,OFF,#4,HOLDING,0.000A/OFF
13419,2026-06-03 14:45:20,23.7375,9.40,1.077,0.000,OFF,#4,HOLDING,0.000A/OFF
13420,2026-06-03 14:45:21,23.7375,12.00,1.077,0.000,OFF,#4,HOLDING,0.000A/OFF
13421,2026-06-03 14:45:22,23.5750,12.00,0.000,0.000,OFF,#4,HOLDING,0.000A/OFF
13422,2026-06-03 14:45:23,23.5750,12.00,0.000,0.000,OFF,#4,HOLDING,0.000A/OFF
13423,2026-06-03 14:45:24,23.4500,12.00,0.000,0.000,OFF,#4,HOLDING,0.000A/OFF
13424,2026-06-03 14:45:25,23.4500,12.00,0.000,0.000,OFF,#4,HOLDING,0.000A/OFF
13425,2026-06-03 14:45:26,23.3625,12.00,0.000,0.000,OFF,#4,HOLDING,0.000A/OFF
13426,2026-06-03 14:45:27,23.3625,12.00,0.000,0.000,OFF,#4,HOLDING,0.000A/OFF
13427,2026-06-03 14:45:28,23.2625,12.00,0.000,0.000,OFF,#4,HOLDING,0.000A/OFF
13428,2026-06-03 14:45:29,23.2625,12.00,0.000,0.000,OFF,#4,HOLDING,0.000A/OFF
13429,2026-06-03 14:45:30,23.1500,12.00,0.000,0.000,OFF,#4,HOLDING,0.000A/OFF
13430,2026-06-03 14:45:31,23.0750,12.00,0.000,0.000,OFF,#4,HOLDING,0.000A/OFF
13431,2026-06-03 14:45:32,23.0750,12.00,0.000,0.000,OFF,#4,HOLDING,0.000A/OFF
13432,2026-06-03 14:45:33,23.0000,12.00,0.000,0.000,OFF,#4,HOLDING,0.000A/OFF
13433,2026-06-03 14:45:34,23.0000,12.00,0.000,0.000,OFF,#4,HOLDING,0.000A/OFF
13434,2026-06-03 14:45:35,22.9500,12.00,0.000,0.000,OFF,#4,HOLDING,0.000A/OFF
13435,2026-06-03 14:45:36,22.9500,12.00,0.000,0.000,OFF,#4,HOLDING,0.000A/OFF
13436,2026-06-03 14:45:37,22.8750,12.00,0.000,0.000,OFF,#4,HOLDING,0.000A/OFF
13437,2026-06-03 14:45:38,22.8750,12.00,0.000,0.000,OFF,#4,HOLDING,0.000A/OFF
13438,2026-06-03 14:45:40,22.8250,12.00,0.000,0.000,OFF,#4,HOLDING,0.000A/OFF
13439,2026-06-03 14:45:41,22.8250,12.00,0.000,0.000,OFF,#4,HOLDING,0.000A/OFF
13440,2026-06-03 14:45:42,22.7750,12.00,0.000,0.000,OFF,#4,HOLDING,0.000A/OFF
13441,2026-06-03 14:45:43,22.7750,12.00,0.000,0.000,OFF,#4,HOLDING,0.000A/OFF
13442,2026-06-03 14:45:44,22.7000,12.00,0.000,0.000,B,#4,HOLDING,0.116A/B
13443,2026-06-03 14:45:46,22.6875,12.00,0.000,0.000,B,#4,HOLDING,0.142A/B
13444,2026-06-03 14:45:48,22.6375,1.17,0.000,0.000,B,#4,HOLDING,0.180A/B
13445,2026-06-03 14:45:50,22.6250,1.17,0.180,0.280,B,#4,HOLDING,0.200A/B
13446,2026-06-03 14:45:52,22.6000,1.17,0.180,0.280,B,#4,HOLDING,0.243A/B
13447,2026-06-03 14:45:54,22.5625,1.17,0.180,0.280,B,#4,HOLDING,0.273A/B
13448,2026-06-03 14:45:55,22.5625,2.41,0.180,0.280,B,#4,HOLDING,0.307A/B
13449,2026-06-03 14:45:57,22.5375,2.41,0.293,0.844,B,#4,HOLDING,0.344A/B
13450,2026-06-03 14:46:00,22.5375,2.41,0.293,0.844,B,#4,HOLDING,0.386A/B
13451,2026-06-03 14:46:01,22.5250,2.41,0.293,0.844,B,#4,HOLDING,0.419A/B
13452,2026-06-03 14:46:03,22.5500,3.74,0.293,0.844,B,#4,HOLDING,0.449A/B
13453,2026-06-03 14:46:05,22.5625,3.74,0.431,1.831,B,#4,HOLDING,0.483A/B
13454,2026-06-03 14:46:07,22.5625,3.74,0.431,1.831,B,#4,HOLDING,0.526A/B
13455,2026-06-03 14:46:09,22.6000,3.74,0.431,1.831,B,#4,HOLDING,0.554A/B
13456,2026-06-03 14:46:11,22.6250,4.87,0.431,1.831,B,#4,HOLDING,0.585A/B
13457,2026-06-03 14:46:13,22.6250,4.87,0.585,3.077,B,#5,APPROACH,0.618A/B
13458,2026-06-03 14:46:15,22.6750,4.87,0.585,3.077,A,#5,APPROACH,0.154A/A
13459,2026-06-03 14:46:17,22.7250,4.87,0.585,3.077,A,#5,APPROACH,0.207A/A
13460,2026-06-03 14:46:19,22.8250,4.87,0.585,3.077,A,#5,APPROACH,0.286A/A
13461,2026-06-03 14:46:22,22.8750,5.15,0.286,3.077,A,#5,APPROACH,0.379A/A
13462,2026-06-03 14:46:23,22.9500,5.15,0.286,1.318,A,#5,APPROACH,0.477A/A
13463,2026-06-03 14:46:25,22.9500,5.15,0.286,1.318,A,#5,APPROACH,0.558A/A
13464,2026-06-03 14:46:27,23.0000,5.15,0.286,1.318,A,#5,APPROACH,0.656A/A
13465,2026-06-03 14:46:29,23.0375,5.67,0.286,1.318,A,#5,APPROACH,0.764A/A
13466,2026-06-03 14:46:30,23.0375,5.67,0.708,5.103,A,#5,APPROACH,0.873A/A
13467,2026-06-03 14:46:33,23.0375,5.67,0.708,5.103,A,#5,APPROACH,1.006A/A
13468,2026-06-03 14:46:34,23.0375,5.67,0.708,5.103,A,#5,APPROACH,1.096A/A
13469,2026-06-03 14:46:36,23.0000,9.03,0.708,5.103,A,#5,APPROACH,1.200A/A
13470,2026-06-03 14:46:38,23.0000,9.03,1.200,12.060,A,#5,APPROACH,1.308A/A
13471,2026-06-03 14:46:41,22.9375,9.03,1.200,12.060,A,#5,APPROACH,1.000A/A
13472,2026-06-03 14:46:42,22.8875,9.03,1.200,12.060,A,#5,APPROACH,1.430A/A
13473,2026-06-03 14:46:44,22.8375,11.44,1.200,12.060,A,#5,APPROACH,1.000A/A
13474,2026-06-03 14:46:46,22.7625,11.44,1.000,8.860,A,#5,APPROACH,1.516A/A
13475,2026-06-03 14:46:48,22.6750,11.44,1.000,8.860,A,#5,APPROACH,1.632A/A
13476,2026-06-03 14:46:50,22.5500,11.44,1.000,8.860,A,#5,APPROACH,1.694A/A
13477,2026-06-03 14:46:52,22.4625,12.00,1.000,8.860,A,#5,APPROACH,1.777A/A
13478,2026-06-03 14:46:54,22.3625,12.00,1.461,17.304,A,#5,APPROACH,1.853A/A
13479,2026-06-03 14:46:56,22.2375,12.00,1.461,17.304,A,#5,APPROACH,1.953A/A
13480,2026-06-03 14:46:57,22.1375,12.00,1.461,17.304,A,#5,APPROACH,2.010A/A
13481,2026-06-03 14:46:59,21.9875,12.00,1.461,17.304,A,#5,APPROACH,2.000A/A
13482,2026-06-03 14:47:01,21.8375,12.00,1.451,17.220,A,#5,APPROACH,1.000A/A
13483,2026-06-03 14:47:04,21.7000,12.00,1.451,17.220,A,#5,APPROACH,1.500A/A
13484,2026-06-03 14:47:05,21.5500,12.00,1.451,17.220,A,#5,APPROACH,2.040A/A
13485,2026-06-03 14:47:07,21.4500,12.00,1.451,17.220,A,#5,APPROACH,1.500A/A
13486,2026-06-03 14:47:09,21.2500,12.00,1.430,17.028,A,#5,APPROACH,2.072A/A
13487,2026-06-03 14:47:11,21.0875,12.00,1.430,17.028,A,#5,HOLDING,2.066A/A
13488,2026-06-03 14:47:13,20.9875,12.00,1.430,17.028,OFF,#5,HOLDING,0.000A/OFF
13489,2026-06-03 14:47:14,20.8250,12.00,1.430,17.028,OFF,#5,HOLDING,0.000A/OFF
13490,2026-06-03 14:47:15,20.8250,12.00,1.430,17.028,OFF,#5,HOLDING,0.000A/OFF
13491,2026-06-03 14:47:16,20.6250,12.00,0.000,17.028,OFF,#5,HOLDING,0.000A/OFF
13492,2026-06-03 14:47:17,20.6250,12.00,0.000,0.000,OFF,#5,HOLDING,0.000A/OFF
13493,2026-06-03 14:47:18,20.5125,12.00,0.000,0.000,OFF,#5,HOLDING,0.000A/OFF
13494,2026-06-03 14:47:19,20.5125,12.00,0.000,0.000,OFF,#5,HOLDING,0.000A/OFF
13495,2026-06-03 14:47:20,20.3625,12.00,0.000,0.000,OFF,#5,HOLDING,0.000A/OFF
13496,2026-06-03 14:47:21,20.3625,12.00,0.000,0.000,OFF,#5,HOLDING,0.000A/OFF
13497,2026-06-03 14:47:22,20.2375,12.00,0.000,0.000,OFF,#5,HOLDING,0.000A/OFF
13498,2026-06-03 14:47:23,20.1125,12.00,0.000,0.000,OFF,#5,HOLDING,0.000A/OFF
13499,2026-06-03 14:47:24,20.1125,12.00,0.000,0.000,OFF,#5,HOLDING,0.000A/OFF
13500,2026-06-03 14:47:25,20.0500,12.00,0.000,0.000,OFF,#5,HOLDING,0.000A/OFF
13501,2026-06-03 14:47:26,20.0500,12.00,0.000,0.000,OFF,#5,HOLDING,0.000A/OFF
13502,2026-06-03 14:47:27,19.9500,12.00,0.000,0.000,OFF,#5,HOLDING,0.000A/OFF
13503,2026-06-03 14:47:28,19.9500,12.00,0.000,0.000,OFF,#5,HOLDING,0.000A/OFF
13504,2026-06-03 14:47:29,19.8750,12.00,0.000,0.000,OFF,#5,HOLDING,0.000A/OFF
13505,2026-06-03 14:47:30,19.8750,12.00,0.000,0.000,OFF,#5,HOLDING,0.000A/OFF
13506,2026-06-03 14:47:31,19.8250,12.00,0.000,0.000,OFF,#5,HOLDING,0.000A/OFF
13507,2026-06-03 14:47:32,19.8250,12.00,0.000,0.000,OFF,#5,HOLDING,0.000A/OFF
13508,2026-06-03 14:47:33,19.8000,12.00,0.000,0.000,OFF,#5,HOLDING,0.000A/OFF
13509,2026-06-03 14:47:34,19.8000,12.00,0.000,0.000,OFF,#5,HOLDING,0.000A/OFF
13510,2026-06-03 14:47:35,19.7500,12.00,0.000,0.000,OFF,#5,HOLDING,0.000A/OFF
13511,2026-06-03 14:47:36,19.7500,12.00,0.000,0.000,OFF,#5,HOLDING,0.000A/OFF
13512,2026-06-03 14:47:37,19.7750,12.00,0.000,0.000,OFF,#5,HOLDING,0.000A/OFF
13513,2026-06-03 14:47:38,19.7750,12.00,0.000,0.000,OFF,#5,HOLDING,0.000A/OFF
13514,2026-06-03 14:47:39,19.7500,12.00,0.000,0.000,OFF,#5,HOLDING,0.000A/OFF
13515,2026-06-03 14:47:40,19.7500,12.00,0.000,0.000,OFF,#5,HOLDING,0.000A/OFF
13516,2026-06-03 14:47:41,19.7500,12.00,0.000,0.000,OFF,#5,HOLDING,0.000A/OFF
13517,2026-06-03 14:47:42,19.7500,12.00,0.000,0.000,OFF,#5,HOLDING,0.000A/OFF
13518,2026-06-03 14:47:43,19.7500,12.00,0.000,0.000,OFF,#5,HOLDING,0.000A/OFF
13519,2026-06-03 14:47:44,19.7500,12.00,0.000,0.000,OFF,#5,HOLDING,0.000A/OFF
13520,2026-06-03 14:47:45,19.7500,12.00,0.000,0.000,OFF,#5,HOLDING,0.000A/OFF
13521,2026-06-03 14:47:46,19.8000,12.00,0.000,0.000,OFF,#5,HOLDING,0.000A/OFF
13522,2026-06-03 14:47:47,19.8000,12.00,0.000,0.000,OFF,#5,HOLDING,0.000A/OFF
13523,2026-06-03 14:47:48,19.7875,12.00,0.000,0.000,OFF,#5,HOLDING,0.000A/OFF
13524,2026-06-03 14:47:49,19.7875,12.00,0.000,0.000,OFF,#5,HOLDING,0.000A/OFF
13525,2026-06-03 14:47:50,19.8375,12.00,0.000,0.000,OFF,#5,HOLDING,0.000A/OFF
13526,2026-06-03 14:47:51,19.8375,12.00,0.000,0.000,OFF,#5,HOLDING,0.000A/OFF
13527,2026-06-03 14:47:52,19.8750,12.00,0.000,0.000,OFF,#5,HOLDING,0.000A/OFF
13528,2026-06-03 14:47:53,19.8750,12.00,0.000,0.000,OFF,#5,HOLDING,0.000A/OFF
13529,2026-06-03 14:47:54,19.9000,12.00,0.000,0.000,OFF,#5,HOLDING,0.000A/OFF
13530,2026-06-03 14:47:56,19.9000,12.00,0.000,0.000,OFF,#5,HOLDING,0.000A/OFF
13531,2026-06-03 14:47:57,19.9375,12.00,0.000,0.000,OFF,#5,HOLDING,0.000A/OFF
13532,2026-06-03 14:47:58,19.9375,12.00,0.000,0.000,OFF,#5,HOLDING,0.000A/OFF
13533,2026-06-03 14:47:59,19.9625,12.00,0.000,0.000,OFF,#5,HOLDING,0.000A/OFF
13534,2026-06-03 14:48:00,19.9625,12.00,0.000,0.000,OFF,#5,HOLDING,0.000A/OFF
13535,2026-06-03 14:48:01,20.0000,12.00,0.000,0.000,OFF,#5,HOLDING,0.000A/OFF
13536,2026-06-03 14:48:02,20.0500,12.00,0.000,0.000,OFF,#5,HOLDING,0.000A/OFF
13537,2026-06-03 14:48:03,20.0500,12.00,0.000,0.000,OFF,#5,HOLDING,0.000A/OFF
13538,2026-06-03 14:48:04,20.1000,12.00,0.000,0.000,OFF,#5,HOLDING,0.000A/OFF
13539,2026-06-03 14:48:05,20.1000,12.00,0.000,0.000,OFF,#5,HOLDING,0.000A/OFF
13540,2026-06-03 14:48:06,20.1250,12.00,0.000,0.000,OFF,#5,HOLDING,0.000A/OFF
13541,2026-06-03 14:48:07,20.1250,12.00,0.000,0.000,OFF,#5,HOLDING,0.000A/OFF
13542,2026-06-03 14:48:08,20.1625,12.00,0.000,0.000,OFF,#5,HOLDING,0.000A/OFF
13543,2026-06-03 14:48:09,20.1625,12.00,0.000,0.000,OFF,#5,HOLDING,0.000A/OFF
13544,2026-06-03 14:48:10,20.1875,12.00,0.000,0.000,OFF,#5,HOLDING,0.000A/OFF
13545,2026-06-03 14:48:11,20.1875,12.00,0.000,0.000,OFF,#5,HOLDING,0.000A/OFF
13546,2026-06-03 14:48:12,20.2500,12.00,0.000,0.000,OFF,--,DONE,0.000A/OFF
13547,2026-06-03 14:48:13,20.3000,12.00,0.000,0.000,OFF,--,DONE,--
13548,2026-06-03 14:48:14,20.3000,12.00,0.000,0.000,OFF,--,DONE,--
13549,2026-06-03 14:48:15,20.3250,12.00,0.000,0.000,OFF,--,DONE,--
13550,2026-06-03 14:48:16,20.3250,12.00,0.000,0.000,OFF,--,DONE,--
13551,2026-06-03 14:48:17,20.4000,12.00,0.000,0.000,OFF,--,DONE,--
13552,2026-06-03 14:48:18,20.4000,12.00,0.000,0.000,OFF,--,DONE,--
13553,2026-06-03 14:48:19,20.4125,12.00,0.000,0.000,OFF,--,DONE,--
13554,2026-06-03 14:48:20,20.4125,12.00,0.000,0.000,OFF,--,DONE,--
13555,2026-06-03 14:48:21,20.4875,12.00,0.000,0.000,OFF,--,DONE,--
13556,2026-06-03 14:48:22,20.4875,12.00,0.000,0.000,OFF,--,DONE,--
13557,2026-06-03 14:48:23,20.5375,12.00,0.000,0.000,OFF,--,DONE,--
13558,2026-06-03 14:48:24,20.5375,12.00,0.000,0.000,OFF,--,DONE,--
13559,2026-06-03 14:48:25,20.5625,12.00,0.000,0.000,OFF,--,DONE,--
13560,2026-06-03 14:48:26,20.5625,12.00,0.000,0.000,OFF,--,DONE,--
13561,2026-06-03 14:48:27,20.6250,12.00,0.000,0.000,OFF,--,DONE,--
13562,2026-06-03 14:48:28,20.6250,12.00,0.000,0.000,OFF,--,DONE,--
13563,2026-06-03 14:48:29,20.6500,12.00,0.000,0.000,OFF,--,DONE,--
13564,2026-06-03 14:48:30,20.6500,12.00,0.000,0.000,OFF,--,DONE,--
13565,2026-06-03 14:48:31,20.7000,12.00,0.000,0.000,OFF,--,DONE,--
13566,2026-06-03 14:48:32,20.7500,12.00,0.000,0.000,OFF,--,DONE,--
13567,2026-06-03 14:48:34,20.7500,12.00,0.000,0.000,OFF,--,DONE,--
13568,2026-06-03 14:48:35,20.7625,12.00,0.000,0.000,OFF,--,DONE,--
13569,2026-06-03 14:48:36,20.7625,12.00,0.000,0.000,OFF,--,DONE,--
13570,2026-06-03 14:48:37,20.8125,12.00,0.000,0.000,OFF,--,DONE,--
13571,2026-06-03 14:48:38,20.8125,12.00,0.000,0.000,OFF,--,DONE,--
13572,2026-06-03 14:48:39,20.8500,12.00,0.000,0.000,OFF,--,DONE,--
13573,2026-06-03 14:48:40,20.8500,12.00,0.000,0.000,OFF,--,DONE,--
13574,2026-06-03 14:48:41,20.8750,12.00,0.000,0.000,OFF,--,DONE,--
13575,2026-06-03 14:48:42,20.8750,12.00,0.000,0.000,OFF,--,DONE,--
13576,2026-06-03 14:48:43,20.9125,12.00,0.000,0.000,OFF,--,DONE,--
13577,2026-06-03 14:48:44,20.9125,12.00,0.000,0.000,OFF,--,DONE,--
13578,2026-06-03 14:48:45,20.9375,12.00,0.000,0.000,OFF,--,DONE,--
13579,2026-06-03 14:48:46,20.9375,12.00,0.000,0.000,OFF,--,DONE,--
13580,2026-06-03 14:48:47,21.0000,12.00,0.000,0.000,OFF,--,DONE,--
13581,2026-06-03 14:48:48,21.0250,12.00,0.000,0.000,OFF,--,DONE,--
13582,2026-06-03 14:48:49,21.0250,12.00,0.000,0.000,OFF,--,DONE,--
13583,2026-06-03 14:48:50,21.0625,12.00,0.000,0.000,OFF,--,DONE,--
13584,2026-06-03 14:48:51,21.0625,12.00,0.000,0.000,OFF,--,DONE,--
13585,2026-06-03 14:48:52,21.0875,12.00,0.000,0.000,OFF,--,DONE,--
13586,2026-06-03 14:48:53,21.0875,12.00,0.000,0.000,OFF,--,DONE,--
13587,2026-06-03 14:48:54,21.1250,12.00,0.000,0.000,OFF,--,DONE,--
13588,2026-06-03 14:48:55,21.1250,12.00,0.000,0.000,OFF,--,DONE,--
13589,2026-06-03 14:48:56,21.1250,12.00,0.000,0.000,OFF,--,DONE,--
13590,2026-06-03 14:48:57,21.1250,12.00,0.000,0.000,OFF,--,DONE,--
13591,2026-06-03 14:48:58,21.1875,12.00,0.000,0.000,OFF,--,DONE,--
13592,2026-06-03 14:48:59,21.1875,12.00,0.000,0.000,OFF,--,DONE,--
13593,2026-06-03 14:49:00,21.2125,12.00,0.000,0.000,OFF,--,DONE,--
13594,2026-06-03 14:49:01,21.2125,12.00,0.000,0.000,OFF,--,DONE,--
13595,2026-06-03 14:49:02,21.2500,12.00,0.000,0.000,OFF,--,DONE,--
13596,2026-06-03 14:49:03,21.2500,12.00,0.000,0.000,OFF,--,DONE,--
13597,2026-06-03 14:49:04,21.2500,12.00,0.000,0.000,OFF,--,DONE,--
13598,2026-06-03 14:49:05,21.2500,12.00,0.000,0.000,OFF,--,DONE,--
13599,2026-06-03 14:49:06,21.2625,12.00,0.000,0.000,OFF,--,DONE,--
13600,2026-06-03 14:49:07,21.3125,12.00,0.000,0.000,OFF,--,DONE,--
13601,2026-06-03 14:49:08,21.3125,12.00,0.000,0.000,OFF,--,DONE,--
13602,2026-06-03 14:49:09,21.3125,12.00,0.000,0.000,OFF,--,DONE,--
13603,2026-06-03 14:49:10,21.3125,12.00,0.000,0.000,OFF,--,DONE,--
13604,2026-06-03 14:49:11,21.3625,12.00,0.000,0.000,OFF,--,DONE,--
13605,2026-06-03 14:49:12,21.3625,12.00,0.000,0.000,OFF,--,DONE,--
13606,2026-06-03 14:49:13,21.3875,12.00,0.000,0.000,OFF,--,DONE,--
13607,2026-06-03 14:49:14,21.3875,12.00,0.000,0.000,OFF,--,DONE,--
13608,2026-06-03 14:49:15,21.3875,12.00,0.000,0.000,OFF,--,DONE,--
13609,2026-06-03 14:49:16,21.3875,12.00,0.000,0.000,OFF,--,DONE,--
13610,2026-06-03 14:49:17,21.4375,12.00,0.000,0.000,OFF,--,DONE,--
13611,2026-06-03 14:49:18,21.4375,12.00,0.000,0.000,OFF,--,DONE,--
13612,2026-06-03 14:49:19,21.4375,12.00,0.000,0.000,OFF,--,DONE,--
13613,2026-06-03 14:49:20,21.4375,12.00,0.000,0.000,OFF,--,DONE,--
13614,2026-06-03 14:49:21,21.4500,12.00,0.000,0.000,OFF,--,DONE,--
13615,2026-06-03 14:49:22,21.4500,12.00,0.000,0.000,OFF,--,DONE,--
13616,2026-06-03 14:49:23,21.5000,12.00,0.000,0.000,OFF,--,DONE,--
13617,2026-06-03 14:49:24,21.5000,12.00,0.000,0.000,OFF,--,DONE,--
13618,2026-06-03 14:49:25,21.5000,12.00,0.000,0.000,OFF,--,DONE,--
13619,2026-06-03 14:49:26,21.5000,12.00,0.000,0.000,OFF,--,DONE,--
13620,2026-06-03 14:49:27,21.5000,12.00,0.000,0.000,OFF,--,DONE,--
13621,2026-06-03 14:49:28,21.5000,12.00,0.000,0.000,OFF,--,DONE,--
13622,2026-06-03 14:49:29,21.5375,12.00,0.000,0.000,OFF,--,DONE,--
13623,2026-06-03 14:49:30,21.5625,12.00,0.000,0.000,OFF,--,DONE,--
13624,2026-06-03 14:49:31,21.5625,12.00,0.000,0.000,OFF,--,DONE,--
13625,2026-06-03 14:49:32,21.5625,12.00,0.000,0.000,OFF,--,DONE,--
13626,2026-06-03 14:49:33,21.5625,12.00,0.000,0.000,OFF,--,DONE,--
13627,2026-06-03 14:49:34,21.5625,12.00,0.000,0.000,OFF,--,DONE,--
13628,2026-06-03 14:49:35,21.5625,12.00,0.000,0.000,OFF,--,DONE,--
13629,2026-06-03 14:49:36,21.6250,12.00,0.000,0.000,OFF,--,DONE,--
13630,2026-06-03 14:49:37,21.6250,12.00,0.000,0.000,OFF,--,DONE,--
13631,2026-06-03 14:49:38,21.6250,12.00,0.000,0.000,OFF,--,DONE,--
13632,2026-06-03 14:49:40,21.6250,12.00,0.000,0.000,OFF,--,DONE,--
13633,2026-06-03 14:49:41,21.6250,12.00,0.000,0.000,OFF,--,DONE,--
13634,2026-06-03 14:49:42,21.6250,12.00,0.000,0.000,OFF,--,DONE,--
13635,2026-06-03 14:49:43,21.6750,12.00,0.000,0.000,OFF,--,DONE,--
13636,2026-06-03 14:49:44,21.6750,12.00,0.000,0.000,OFF,--,DONE,--
13637,2026-06-03 14:49:45,21.6625,12.00,0.000,0.000,OFF,--,DONE,--
13638,2026-06-03 14:49:46,21.6875,12.00,0.000,0.000,OFF,--,DONE,--
13639,2026-06-03 14:49:47,21.6875,12.00,0.000,0.000,OFF,--,DONE,--
13640,2026-06-03 14:49:48,21.6875,12.00,0.000,0.000,OFF,--,DONE,--
13641,2026-06-03 14:49:49,21.6875,12.00,0.000,0.000,OFF,--,DONE,--
13642,2026-06-03 14:49:50,21.6875,12.00,0.000,0.000,OFF,--,DONE,--
13643,2026-06-03 14:49:51,21.6875,12.00,0.000,0.000,OFF,--,DONE,--
13644,2026-06-03 14:49:52,21.7250,12.00,0.000,0.000,OFF,--,DONE,--
13645,2026-06-03 14:49:53,21.7250,12.00,0.000,0.000,OFF,--,DONE,--
13646,2026-06-03 14:49:54,21.7000,12.00,0.000,0.000,OFF,--,DONE,--
13647,2026-06-03 14:49:55,21.7000,12.00,0.000,0.000,OFF,--,DONE,--
13648,2026-06-03 14:49:56,21.7500,12.00,0.000,0.000,OFF,--,DONE,--
13649,2026-06-03 14:49:57,21.7500,12.00,0.000,0.000,OFF,--,DONE,--
13650,2026-06-03 14:49:58,21.7500,12.00,0.000,0.000,OFF,--,DONE,--
13651,2026-06-03 14:49:59,21.7500,12.00,0.000,0.000,OFF,--,DONE,--
13652,2026-06-03 14:50:00,21.7500,12.00,0.000,0.000,OFF,--,DONE,--
13653,2026-06-03 14:50:01,21.7500,12.00,0.000,0.000,OFF,--,DONE,--
13654,2026-06-03 14:50:02,21.7500,12.00,0.000,0.000,OFF,--,DONE,--
13655,2026-06-03 14:50:03,21.7875,12.00,0.000,0.000,OFF,--,DONE,--
13656,2026-06-03 14:50:04,21.7875,12.00,0.000,0.000,OFF,--,DONE,--
13657,2026-06-03 14:50:05,21.7625,12.00,0.000,0.000,OFF,--,DONE,--
13658,2026-06-03 14:50:06,21.7625,12.00,0.000,0.000,OFF,--,DONE,--
13659,2026-06-03 14:50:07,21.8125,12.00,0.000,0.000,OFF,--,DONE,--
13660,2026-06-03 14:50:08,21.8125,12.00,0.000,0.000,OFF,--,DONE,--
13661,2026-06-03 14:50:09,21.8125,12.00,0.000,0.000,OFF,--,DONE,--
13662,2026-06-03 14:50:10,21.8125,12.00,0.000,0.000,OFF,--,DONE,--
13663,2026-06-03 14:50:11,21.8250,12.00,0.000,0.000,OFF,--,DONE,--
13664,2026-06-03 14:50:12,21.8250,12.00,0.000,0.000,OFF,--,DONE,--
13665,2026-06-03 14:50:13,21.8250,12.00,0.000,0.000,OFF,--,DONE,--
13666,2026-06-03 14:50:14,21.8250,12.00,0.000,0.000,OFF,--,DONE,--
13667,2026-06-03 14:50:16,21.8125,12.00,0.000,0.000,OFF,--,DONE,--
13668,2026-06-03 14:50:17,21.8375,12.00,0.000,0.000,B,#1,APPROACH,3.000A/B
13669,2026-06-03 14:50:18,21.8500,12.00,0.000,0.000,B,#1,APPROACH,2.000A/B
13670,2026-06-03 14:50:21,21.8500,12.00,0.000,0.000,B,#1,APPROACH,2.500A/B
13671,2026-06-03 14:50:23,21.8750,12.00,0.000,0.000,B,#1,APPROACH,1.000A/B
13672,2026-06-03 14:50:24,21.8750,9.78,1.000,0.000,B,#1,APPROACH,2.000A/B
13673,2026-06-03 14:50:26,21.9000,9.78,1.000,18.588,B,#1,APPROACH,1.500A/B
13674,2026-06-03 14:50:28,21.9000,9.78,1.000,18.588,B,#1,APPROACH,2.000A/B
13675,2026-06-03 14:50:29,21.9500,9.78,1.000,18.588,B,#1,APPROACH,2.500A/B
13676,2026-06-03 14:50:31,22.0250,12.00,1.000,18.588,B,#1,APPROACH,2.500A/B
13677,2026-06-03 14:50:33,22.1750,12.00,1.508,17.880,B,#1,APPROACH,3.000A/B
13678,2026-06-03 14:50:35,22.2875,12.00,1.508,17.880,B,#1,APPROACH,1.000A/B
13679,2026-06-03 14:50:37,22.4375,12.00,1.508,17.880,B,#1,APPROACH,2.539A/B
13680,2026-06-03 14:50:39,22.5500,12.00,1.508,17.880,B,#1,APPROACH,1.000A/B
13681,2026-06-03 14:50:41,22.7500,12.00,1.225,8.940,B,#1,APPROACH,1.000A/B
13682,2026-06-03 14:50:43,22.9250,12.00,1.225,8.940,B,#1,APPROACH,1.223A/B
13683,2026-06-03 14:50:45,23.1250,12.00,1.225,8.940,B,#1,APPROACH,1.250A/B
13684,2026-06-03 14:50:46,23.3375,10.63,1.225,8.940,B,#1,APPROACH,1.630A/B
13685,2026-06-03 14:50:48,23.5625,10.63,1.429,17.004,B,#1,APPROACH,1.525A/B
13686,2026-06-03 14:50:51,23.7375,10.63,1.429,17.004,B,#1,APPROACH,1.500A/B
13687,2026-06-03 14:50:52,23.9375,10.63,1.429,17.004,B,#1,APPROACH,1.000A/B
13688,2026-06-03 14:50:54,24.1750,9.13,1.429,17.004,B,#1,APPROACH,1.886A/B
13689,2026-06-03 14:50:56,24.4000,9.13,1.402,16.668,B,#1,APPROACH,1.000A/B
13690,2026-06-03 14:50:58,24.6125,9.13,1.402,16.668,B,#1,APPROACH,1.811A/B
13691,2026-06-03 14:51:00,24.8375,9.13,1.402,16.668,B,#1,APPROACH,1.839A/B
13692,2026-06-03 14:51:02,25.0875,12.00,1.402,16.668,B,#1,APPROACH,1.989A/B
13693,2026-06-03 14:51:04,25.3125,12.00,1.381,16.404,B,#1,APPROACH,2.064A/B
13694,2026-06-03 14:51:06,25.5500,12.00,1.381,16.404,B,#1,APPROACH,2.241A/B
13695,2026-06-03 14:51:08,25.7500,12.00,1.381,16.404,B,#1,APPROACH,2.000A/B
13696,2026-06-03 14:51:10,25.9875,12.00,1.381,16.404,B,#1,APPROACH,1.500A/B
13697,2026-06-03 14:51:11,26.2375,12.00,1.358,16.128,B,#1,APPROACH,1.500A/B
13698,2026-06-03 14:51:14,26.4625,12.00,1.358,16.128,B,#1,APPROACH,2.215A/B
13699,2026-06-03 14:51:15,26.7375,12.00,1.358,16.128,B,#1,APPROACH,1.000A/B
13700,2026-06-03 14:51:17,26.9625,9.51,1.358,16.128,B,#1,APPROACH,2.256A/B
13701,2026-06-03 14:51:19,27.2375,9.51,1.343,15.972,B,#1,APPROACH,2.307A/B
13702,2026-06-03 14:51:21,27.4875,9.51,1.343,15.972,B,#1,APPROACH,2.000A/B
13703,2026-06-03 14:51:23,27.7375,9.51,1.343,15.972,B,#1,APPROACH,1.500A/B
13704,2026-06-03 14:51:25,27.9625,12.00,1.343,15.972,B,#1,APPROACH,1.000A/B
13705,2026-06-03 14:51:27,28.2125,12.00,1.000,9.720,B,#1,HOLDING,2.280A/B
13706,2026-06-03 14:51:29,28.4625,12.00,1.000,9.720,OFF,#1,HOLDING,0.000A/OFF
13707,2026-06-03 14:51:30,28.6625,12.00,1.000,9.720,OFF,#1,HOLDING,0.000A/OFF
13708,2026-06-03 14:51:31,28.6625,12.00,1.000,9.720,OFF,#1,HOLDING,0.000A/OFF
13709,2026-06-03 14:51:32,28.8625,12.00,1.000,9.720,OFF,#1,HOLDING,0.000A/OFF
13710,2026-06-03 14:51:33,28.8625,12.00,0.000,9.720,OFF,#1,HOLDING,0.000A/OFF
13711,2026-06-03 14:51:34,29.0625,12.00,0.000,9.720,OFF,#1,HOLDING,0.000A/OFF
13712,2026-06-03 14:51:35,29.0625,12.00,0.000,0.000,OFF,#1,HOLDING,0.000A/OFF
13713,2026-06-03 14:51:36,29.2500,12.00,0.000,0.000,OFF,#1,HOLDING,0.000A/OFF
13714,2026-06-03 14:51:37,29.4500,12.00,0.000,0.000,OFF,#1,HOLDING,0.000A/OFF
13715,2026-06-03 14:51:38,29.4500,12.00,0.000,0.000,OFF,#1,HOLDING,0.000A/OFF
13716,2026-06-03 14:51:39,29.6125,12.00,0.000,0.000,OFF,#1,HOLDING,0.000A/OFF
13717,2026-06-03 14:51:40,29.6125,12.00,0.000,0.000,OFF,#1,HOLDING,0.000A/OFF
13718,2026-06-03 14:51:41,29.7875,12.00,0.000,0.000,OFF,#1,HOLDING,0.000A/OFF
13719,2026-06-03 14:51:42,29.7875,12.00,0.000,0.000,OFF,#1,HOLDING,0.000A/OFF
13720,2026-06-03 14:51:43,29.9250,12.00,0.000,0.000,OFF,#1,HOLDING,0.000A/OFF
13721,2026-06-03 14:51:44,29.9250,12.00,0.000,0.000,OFF,#1,HOLDING,0.000A/OFF
13722,2026-06-03 14:51:45,30.0250,12.00,0.000,0.000,A,#1,HOLDING,0.103A/A
13723,2026-06-03 14:51:47,30.1375,12.00,0.000,0.000,A,#1,HOLDING,0.178A/A
13724,2026-06-03 14:51:49,30.2375,12.00,0.000,0.000,A,#1,HOLDING,0.246A/A
13725,2026-06-03 14:51:51,30.2875,12.00,0.000,0.000,A,#1,HOLDING,0.274A/A
13726,2026-06-03 14:51:53,30.3625,1.65,0.000,0.000,A,#1,HOLDING,0.321A/A
13727,2026-06-03 14:51:55,30.3875,1.65,0.306,0.696,A,#1,HOLDING,0.364A/A
13728,2026-06-03 14:51:57,30.4125,1.65,0.306,0.696,A,#1,HOLDING,0.425A/A
13729,2026-06-03 14:51:59,30.4375,1.65,0.306,0.696,A,#1,HOLDING,0.464A/A
13730,2026-06-03 14:52:00,30.4125,3.47,0.306,0.696,A,#1,HOLDING,0.507A/A
13731,2026-06-03 14:52:02,30.3750,3.47,0.507,2.017,A,#1,HOLDING,0.548A/A
13732,2026-06-03 14:52:05,30.3250,3.47,0.507,2.017,A,#1,HOLDING,0.595A/A
13733,2026-06-03 14:52:06,30.2750,3.47,0.507,2.017,A,#1,HOLDING,0.627A/A
13734,2026-06-03 14:52:08,30.1500,4.95,0.507,2.017,A,#1,HOLDING,0.650A/A
13735,2026-06-03 14:52:10,30.0875,4.95,0.650,3.497,A,#1,HOLDING,0.631A/A
13736,2026-06-03 14:52:12,29.9875,4.95,0.650,3.497,A,#1,HOLDING,0.671A/A
13737,2026-06-03 14:52:14,29.8625,4.95,0.650,3.497,A,#1,HOLDING,0.694A/A
13738,2026-06-03 14:52:16,29.7375,5.76,0.650,3.497,A,#1,HOLDING,0.712A/A
13739,2026-06-03 14:52:18,29.6125,5.76,0.712,4.378,A,#1,HOLDING,0.726A/A
13740,2026-06-03 14:52:20,29.4625,5.76,0.712,4.378,A,#1,HOLDING,0.746A/A
13741,2026-06-03 14:52:22,29.3625,5.76,0.712,4.378,A,#1,HOLDING,0.756A/A
13742,2026-06-03 14:52:24,29.2125,6.56,0.712,4.378,A,#1,HOLDING,0.758A/A
13743,2026-06-03 14:52:25,29.0750,6.56,0.758,5.063,A,#1,HOLDING,0.756A/A
13744,2026-06-03 14:52:28,28.9000,6.56,0.758,5.063,A,#1,HOLDING,0.744A/A
13745,2026-06-03 14:52:29,28.7625,6.56,0.758,5.063,A,#1,HOLDING,0.731A/A
13746,2026-06-03 14:52:31,28.5875,6.53,0.758,5.063,A,#1,HOLDING,0.709A/A
13747,2026-06-03 14:52:33,28.4125,6.53,0.709,4.665,A,#1,HOLDING,0.679A/A
13748,2026-06-03 14:52:35,28.2375,6.53,0.709,4.665,A,#1,HOLDING,0.640A/A
13749,2026-06-03 14:52:37,28.0750,6.53,0.709,4.665,A,#1,HOLDING,0.554A/A
13750,2026-06-03 14:52:39,27.8750,5.35,0.709,4.665,A,#1,HOLDING,0.495A/A
13751,2026-06-03 14:52:41,27.7000,5.35,0.495,2.465,A,#1,HOLDING,0.430A/A
13752,2026-06-03 14:52:43,27.5250,5.35,0.495,2.465,A,#1,HOLDING,0.352A/A
13753,2026-06-03 14:52:45,27.3625,5.35,0.495,2.465,A,#1,HOLDING,0.289A/A
13754,2026-06-03 14:52:47,27.1875,3.16,0.495,2.465,A,#1,HOLDING,0.208A/A
13755,2026-06-03 14:52:48,27.0125,3.16,0.247,0.532,A,#1,HOLDING,0.118A/A
13756,2026-06-03 14:52:51,26.8625,3.16,0.247,0.532,OFF,#1,HOLDING,0.000A/OFF
13757,2026-06-03 14:52:52,26.8625,3.16,0.247,0.532,OFF,#1,HOLDING,0.000A/OFF
13758,2026-06-03 14:52:53,26.7000,3.16,0.247,0.532,OFF,#1,HOLDING,0.000A/OFF
13759,2026-06-03 14:52:54,26.7000,12.00,0.247,0.532,B,#1,HOLDING,0.123A/B
13760,2026-06-03 14:52:55,26.5500,12.00,0.000,0.111,B,#1,HOLDING,0.236A/B
13761,2026-06-03 14:52:58,26.2375,12.00,0.000,0.111,B,#1,HOLDING,0.384A/B
13762,2026-06-03 14:52:59,26.2375,12.00,0.000,0.111,B,#1,HOLDING,0.475A/B
13763,2026-06-03 14:53:01,26.0875,4.02,0.000,0.111,B,#1,HOLDING,0.564A/B
13764,2026-06-03 14:53:03,25.9625,4.02,0.521,2.752,B,#1,HOLDING,0.682A/B
13765,2026-06-03 14:53:05,25.7125,4.02,0.521,2.752,B,#1,HOLDING,0.860A/B
13766,2026-06-03 14:53:07,25.7125,4.02,0.521,2.752,B,#1,HOLDING,0.963A/B
13767,2026-06-03 14:53:09,25.6250,7.90,0.521,2.752,B,#1,HOLDING,1.094A/B
13768,2026-06-03 14:53:11,25.5500,7.90,1.067,9.835,B,#1,HOLDING,1.000A/B
13769,2026-06-03 14:53:13,25.4125,7.90,1.067,9.835,B,#1,HOLDING,1.236A/B
13770,2026-06-03 14:53:15,25.4125,7.90,1.067,9.835,B,#1,HOLDING,1.350A/B
13771,2026-06-03 14:53:17,25.3750,10.74,1.067,9.835,B,#1,HOLDING,1.489A/B
13772,2026-06-03 14:53:18,25.3750,10.74,1.468,17.763,B,#1,HOLDING,1.500A/B
13773,2026-06-03 14:53:21,25.4375,10.74,1.468,17.763,B,#1,HOLDING,1.617A/B
13774,2026-06-03 14:53:22,25.4375,10.74,1.468,17.763,B,#1,HOLDING,1.500A/B
13775,2026-06-03 14:53:24,25.4750,12.00,1.468,17.763,B,#1,HOLDING,1.500A/B
13776,2026-06-03 14:53:26,25.5750,12.00,1.470,17.412,B,#1,HOLDING,1.721A/B
13777,2026-06-03 14:53:28,25.7375,12.00,1.470,17.412,B,#1,HOLDING,1.500A/B
13778,2026-06-03 14:53:30,25.7375,12.00,1.470,17.412,B,#1,HOLDING,1.500A/B
13779,2026-06-03 14:53:32,25.8875,12.00,1.470,17.412,B,#1,HOLDING,1.000A/B
13780,2026-06-03 14:53:34,26.0125,12.00,1.000,9.190,B,#1,HOLDING,1.000A/B
13781,2026-06-03 14:53:36,26.3250,12.00,1.000,9.190,B,#1,HOLDING,1.791A/B
13782,2026-06-03 14:53:38,26.3250,12.00,1.000,9.190,B,#1,HOLDING,1.897A/B
13783,2026-06-03 14:53:40,26.4875,12.00,1.000,9.190,B,#1,HOLDING,1.000A/B
13784,2026-06-03 14:53:41,26.6375,12.00,1.024,9.290,B,#1,HOLDING,1.500A/B
13785,2026-06-03 14:53:44,26.9500,12.00,1.024,9.290,B,#1,HOLDING,1.946A/B
13786,2026-06-03 14:53:45,26.9500,12.00,1.024,9.290,B,#1,HOLDING,1.500A/B
13787,2026-06-03 14:53:47,27.1125,12.00,1.024,9.290,B,#1,HOLDING,2.023A/B
13788,2026-06-03 14:53:49,27.2625,12.00,1.378,16.368,B,#1,HOLDING,2.000A/B
13789,2026-06-03 14:53:52,27.6000,12.00,1.378,16.368,B,#1,HOLDING,1.000A/B
13790,2026-06-03 14:53:53,27.6000,12.00,1.378,16.368,B,#1,HOLDING,2.000A/B
13791,2026-06-03 14:53:55,27.7375,12.00,1.378,16.368,B,#1,HOLDING,2.061A/B
13792,2026-06-03 14:53:57,27.9125,12.00,1.353,16.068,B,#1,HOLDING,2.106A/B
13793,2026-06-03 14:53:59,28.2875,12.00,1.353,16.068,B,#1,HOLDING,2.057A/B
13794,2026-06-03 14:54:01,28.2875,12.00,1.353,16.068,B,#1,HOLDING,2.096A/B
13795,2026-06-03 14:54:03,28.4875,12.00,1.353,16.068,B,#1,HOLDING,2.118A/B
13796,2026-06-03 14:54:05,28.6625,12.00,1.334,15.864,B,#1,HOLDING,2.145A/B
13797,2026-06-03 14:54:07,29.0125,12.00,1.334,15.864,B,#1,HOLDING,2.126A/B
13798,2026-06-03 14:54:09,29.0125,12.00,1.334,15.864,B,#1,HOLDING,2.146A/B
13799,2026-06-03 14:54:10,29.2375,12.00,1.334,15.864,B,#1,HOLDING,1.000A/B
13800,2026-06-03 14:54:12,29.4375,12.00,1.038,9.780,B,#2,APPROACH,1.000A/B
13801,2026-06-03 14:54:15,29.8750,12.00,1.038,9.780,A,#2,APPROACH,0.183A/A
13802,2026-06-03 14:54:17,30.0875,12.00,1.038,9.780,A,#2,APPROACH,0.292A/A
13803,2026-06-03 14:54:19,30.3125,12.00,1.038,9.780,A,#2,APPROACH,0.379A/A
13804,2026-06-03 14:54:21,30.4875,7.75,0.379,9.780,A,#2,APPROACH,0.514A/A
13805,2026-06-03 14:54:23,30.6875,7.75,0.379,1.783,A,#2,APPROACH,0.648A/A
13806,2026-06-03 14:54:24,30.8375,7.75,0.379,1.783,A,#2,APPROACH,0.776A/A
13807,2026-06-03 14:54:26,30.9625,7.75,0.379,1.783,A,#2,APPROACH,0.907A/A
13808,2026-06-03 14:54:28,30.9625,6.62,0.379,1.783,A,#2,APPROACH,1.045A/A
13809,2026-06-03 14:54:30,31.0125,6.62,1.033,8.339,A,#2,APPROACH,1.189A/A
13810,2026-06-03 14:54:32,31.1250,6.62,1.033,8.339,A,#2,APPROACH,1.385A/A
13811,2026-06-03 14:54:34,31.1250,6.62,1.033,8.339,A,#2,APPROACH,1.511A/A
13812,2026-06-03 14:54:36,31.1250,11.22,1.033,8.339,A,#2,APPROACH,1.657A/A
13813,2026-06-03 14:54:37,31.1125,11.22,1.594,18.900,A,#2,APPROACH,1.500A/A
13814,2026-06-03 14:54:40,31.0250,11.22,1.594,18.900,A,#2,APPROACH,1.500A/A
13815,2026-06-03 14:54:41,30.9250,11.22,1.594,18.900,A,#2,APPROACH,1.786A/A
13816,2026-06-03 14:54:43,30.9250,12.00,1.594,18.900,A,#2,APPROACH,1.930A/A
13817,2026-06-03 14:54:45,30.8250,12.00,1.540,18.240,A,#2,APPROACH,1.500A/A
13818,2026-06-03 14:54:48,30.5750,12.00,1.540,18.240,A,#2,APPROACH,2.044A/A
13819,2026-06-03 14:54:49,30.4250,12.00,1.540,18.240,A,#2,APPROACH,2.000A/A
13820,2026-06-03 14:54:51,30.4250,12.00,1.540,18.240,A,#2,APPROACH,2.140A/A
13821,2026-06-03 14:54:53,30.0500,12.00,1.492,17.700,A,#2,APPROACH,1.500A/A
13822,2026-06-03 14:54:55,29.8750,12.00,1.492,17.700,A,#2,APPROACH,2.179A/A
13823,2026-06-03 14:54:57,29.6000,12.00,1.492,17.700,A,#2,APPROACH,2.211A/A
13824,2026-06-03 14:54:59,29.6000,12.00,1.492,17.700,A,#2,APPROACH,1.500A/A
13825,2026-06-03 14:55:01,29.1250,12.00,1.458,17.340,A,#2,APPROACH,2.287A/A
13826,2026-06-03 14:55:03,28.9125,12.00,1.458,17.340,A,#2,APPROACH,1.500A/A
13827,2026-06-03 14:55:04,28.6375,12.00,1.458,17.340,A,#2,APPROACH,2.335A/A
13828,2026-06-03 14:55:06,28.6375,12.00,1.458,17.340,A,#2,APPROACH,2.000A/A
13829,2026-06-03 14:55:08,28.4125,12.00,1.439,17.088,A,#2,APPROACH,2.424A/A
13830,2026-06-03 14:55:11,27.9125,12.00,1.439,17.088,A,#2,HOLDING,2.392A/A
13831,2026-06-03 14:55:12,27.6875,12.00,1.439,17.088,OFF,#2,HOLDING,0.000A/OFF
13832,2026-06-03 14:55:13,27.6875,12.00,1.439,17.088,OFF,#2,HOLDING,0.000A/OFF
13833,2026-06-03 14:55:14,27.4125,12.00,1.439,17.088,OFF,#2,HOLDING,0.000A/OFF
13834,2026-06-03 14:55:15,27.4125,12.00,0.000,17.088,OFF,#2,HOLDING,0.000A/OFF
13835,2026-06-03 14:55:16,27.1625,12.00,0.000,0.000,OFF,#2,HOLDING,0.000A/OFF
13836,2026-06-03 14:55:17,27.1625,12.00,0.000,0.000,OFF,#2,HOLDING,0.000A/OFF
13837,2026-06-03 14:55:18,26.9375,12.00,0.000,0.000,OFF,#2,HOLDING,0.000A/OFF
13838,2026-06-03 14:55:19,26.9375,12.00,0.000,0.000,OFF,#2,HOLDING,0.000A/OFF
13839,2026-06-03 14:55:20,26.6875,12.00,0.000,0.000,OFF,#2,HOLDING,0.000A/OFF
13840,2026-06-03 14:55:21,26.6875,12.00,0.000,0.000,OFF,#2,HOLDING,0.000A/OFF
13841,2026-06-03 14:55:22,26.5125,12.00,0.000,0.000,OFF,#2,HOLDING,0.000A/OFF
13842,2026-06-03 14:55:23,26.5125,12.00,0.000,0.000,OFF,#2,HOLDING,0.000A/OFF
13843,2026-06-03 14:55:24,26.3125,12.00,0.000,0.000,OFF,#2,HOLDING,0.000A/OFF
13844,2026-06-03 14:55:25,26.3125,12.00,0.000,0.000,OFF,#2,HOLDING,0.000A/OFF
13845,2026-06-03 14:55:26,26.1625,12.00,0.000,0.000,B,#2,HOLDING,0.117A/B
13846,2026-06-03 14:55:28,25.9875,12.00,0.000,0.000,B,#2,HOLDING,0.191A/B
13847,2026-06-03 14:55:30,25.8375,12.00,0.000,0.259,B,#2,HOLDING,0.261A/B
13848,2026-06-03 14:55:31,25.7125,12.00,0.000,0.259,B,#2,HOLDING,0.300A/B
13849,2026-06-03 14:55:33,25.7125,12.00,0.000,0.259,B,#2,HOLDING,0.323A/B
13850,2026-06-03 14:55:35,25.5875,2.60,0.000,0.259,B,#2,HOLDING,0.384A/B
13851,2026-06-03 14:55:37,25.5125,2.60,0.351,1.236,B,#2,HOLDING,0.438A/B
13852,2026-06-03 14:55:39,25.3250,2.60,0.351,1.236,B,#2,HOLDING,0.548A/B
13853,2026-06-03 14:55:41,25.3250,2.60,0.351,1.236,B,#2,HOLDING,0.592A/B
13854,2026-06-03 14:55:42,25.2500,4.96,0.351,1.236,B,#2,HOLDING,0.663A/B
13855,2026-06-03 14:55:44,25.1750,4.96,0.625,3.752,B,#2,HOLDING,0.731A/B
13856,2026-06-03 14:55:47,25.0750,4.96,0.625,3.752,B,#2,HOLDING,0.840A/B
13857,2026-06-03 14:55:48,25.0750,4.96,0.625,3.752,B,#2,HOLDING,0.898A/B
13858,2026-06-03 14:55:50,25.0500,7.50,0.625,3.752,B,#2,HOLDING,0.971A/B
13859,2026-06-03 14:55:52,25.0000,7.50,0.932,7.962,B,#2,HOLDING,1.047A/B
13860,2026-06-03 14:55:54,25.0000,7.50,0.932,7.962,B,#2,HOLDING,1.146A/B
13861,2026-06-03 14:55:56,25.0000,7.50,0.932,7.962,B,#2,HOLDING,1.211A/B
13862,2026-06-03 14:55:58,25.0375,9.95,0.932,7.962,B,#2,HOLDING,1.000A/B
13863,2026-06-03 14:56:00,25.0625,9.95,1.104,8.640,B,#2,HOLDING,1.000A/B
13864,2026-06-03 14:56:02,25.2000,9.95,1.104,8.640,B,#2,HOLDING,1.255A/B
13865,2026-06-03 14:56:04,25.2000,9.95,1.104,8.640,B,#2,HOLDING,1.320A/B
13866,2026-06-03 14:56:05,25.2625,10.91,1.104,8.640,B,#2,HOLDING,1.380A/B
13867,2026-06-03 14:56:07,25.3625,10.91,1.347,15.911,B,#2,HOLDING,1.440A/B
13868,2026-06-03 14:56:10,25.5750,10.91,1.347,15.911,B,#2,HOLDING,1.486A/B
13869,2026-06-03 14:56:11,25.5750,10.91,1.347,15.911,B,#2,HOLDING,1.500A/B
13870,2026-06-03 14:56:13,25.7000,12.00,1.347,15.911,B,#2,HOLDING,1.500A/B
13871,2026-06-03 14:56:15,25.8250,12.00,1.431,16.980,B,#2,HOLDING,1.531A/B
13872,2026-06-03 14:56:17,26.1375,12.00,1.431,16.980,B,#2,HOLDING,1.489A/B
13873,2026-06-03 14:56:19,26.1375,12.00,1.431,16.980,B,#2,HOLDING,1.532A/B
13874,2026-06-03 14:56:21,26.3000,12.00,1.431,16.980,B,#2,HOLDING,1.559A/B
13875,2026-06-03 14:56:23,26.4750,12.00,1.391,16.488,B,#2,HOLDING,1.000A/B
13876,2026-06-03 14:56:25,26.6750,12.00,1.391,16.488,B,#2,HOLDING,1.575A/B
13877,2026-06-03 14:56:27,26.8500,12.00,1.391,16.488,B,#2,HOLDING,1.579A/B
13878,2026-06-03 14:56:29,27.0000,12.00,1.391,16.488,B,#2,HOLDING,1.000A/B
13879,2026-06-03 14:56:30,27.2500,12.00,1.184,9.460,B,#2,HOLDING,1.577A/B
13880,2026-06-03 14:56:33,27.6250,12.00,1.184,9.460,B,#2,HOLDING,1.000A/B
13881,2026-06-03 14:56:34,27.6250,12.00,1.184,9.460,B,#2,HOLDING,1.500A/B
13882,2026-06-03 14:56:36,27.8000,12.00,1.184,9.460,B,#2,HOLDING,1.563A/B
13883,2026-06-03 14:56:38,28.0000,12.00,1.352,16.032,B,#2,HOLDING,1.538A/B
13884,2026-06-03 14:56:40,28.4375,12.00,1.352,16.032,B,#2,HOLDING,1.000A/B
13885,2026-06-03 14:56:42,28.4375,12.00,1.352,16.032,B,#2,HOLDING,1.389A/B
13886,2026-06-03 14:56:44,28.5875,12.00,1.352,16.032,B,#2,HOLDING,1.331A/B
13887,2026-06-03 14:56:46,28.8125,12.00,1.331,15.816,B,#2,HOLDING,1.267A/B
13888,2026-06-03 14:56:48,29.2125,12.00,1.331,15.816,B,#2,HOLDING,1.112A/B
13889,2026-06-03 14:56:50,29.2125,12.00,1.331,15.816,B,#2,HOLDING,1.060A/B
13890,2026-06-03 14:56:52,29.4000,10.11,1.331,15.816,B,#2,HOLDING,0.969A/B
13891,2026-06-03 14:56:53,29.6250,10.11,1.012,9.273,B,#2,HOLDING,0.873A/B
13892,2026-06-03 14:56:56,30.0625,10.11,1.012,9.273,B,#2,HOLDING,0.671A/B
13893,2026-06-03 14:56:57,30.0625,10.11,1.012,9.273,B,#2,HOLDING,0.597A/B
13894,2026-06-03 14:56:59,30.2375,6.65,1.012,9.273,B,#2,HOLDING,0.517A/B
13895,2026-06-03 14:57:01,30.4375,6.65,0.555,3.153,B,#2,HOLDING,0.389A/B
13896,2026-06-03 14:57:04,30.8125,6.65,0.555,3.153,B,#2,HOLDING,0.183A/B
13897,2026-06-03 14:57:05,30.8125,6.65,0.555,3.153,OFF,#2,HOLDING,0.000A/OFF
13898,2026-06-03 14:57:06,30.9625,6.65,0.555,3.153,OFF,#2,HOLDING,0.000A/OFF
13899,2026-06-03 14:57:07,30.9625,12.00,0.555,3.153,OFF,#2,HOLDING,0.000A/OFF
13900,2026-06-03 14:57:08,31.1125,12.00,0.000,0.000,A,#2,HOLDING,0.184A/A
13901,2026-06-03 14:57:10,31.2375,12.00,0.000,0.000,A,#2,HOLDING,0.367A/A
13902,2026-06-03 14:57:12,31.3875,12.00,0.000,0.000,A,#2,HOLDING,0.517A/A
13903,2026-06-03 14:57:14,31.5125,3.32,0.000,0.000,A,#2,HOLDING,0.683A/A
13904,2026-06-03 14:57:16,31.6125,3.32,0.655,3.442,A,#2,HOLDING,0.857A/A
13905,2026-06-03 14:57:18,31.7000,3.32,0.655,3.442,A,#2,HOLDING,1.076A/A
13906,2026-06-03 14:57:20,31.7500,3.32,0.655,3.442,A,#2,HOLDING,1.000A/A
13907,2026-06-03 14:57:22,31.7500,7.55,0.655,3.442,A,#2,HOLDING,1.000A/A
13908,2026-06-03 14:57:23,31.7750,7.55,1.000,7.990,A,#2,HOLDING,1.219A/A
13909,2026-06-03 14:57:26,31.7500,7.55,1.000,7.990,A,#2,HOLDING,1.437A/A
13910,2026-06-03 14:57:27,31.6750,7.55,1.000,7.990,A,#2,HOLDING,1.578A/A
13911,2026-06-03 14:57:29,31.6125,11.85,1.000,7.990,A,#2,HOLDING,1.740A/A
13912,2026-06-03 14:57:31,31.5125,11.85,1.576,18.528,A,#2,HOLDING,1.895A/A
13913,2026-06-03 14:57:33,31.4250,11.85,1.576,18.528,A,#2,HOLDING,1.000A/A
13914,2026-06-03 14:57:35,31.3000,11.85,1.576,18.528,A,#2,HOLDING,1.000A/A
13915,2026-06-03 14:57:37,31.1375,8.33,1.576,18.528,A,#2,HOLDING,1.000A/A
13916,2026-06-03 14:57:39,30.9875,8.33,1.000,8.570,A,#2,HOLDING,2.068A/A
13917,2026-06-03 14:57:41,30.8250,8.33,1.000,8.570,A,#2,HOLDING,1.500A/A
13918,2026-06-03 14:57:43,30.6250,8.33,1.000,8.570,A,#2,HOLDING,2.226A/A
13919,2026-06-03 14:57:45,30.4375,12.00,1.000,8.570,A,#2,HOLDING,2.339A/A
13920,2026-06-03 14:57:46,30.1875,12.00,1.503,17.820,A,#2,HOLDING,1.000A/A
13921,2026-06-03 14:57:49,30.0000,12.00,1.503,17.820,A,#2,HOLDING,2.385A/A
13922,2026-06-03 14:57:50,29.7500,12.00,1.503,17.820,A,#2,HOLDING,1.500A/A
13923,2026-06-03 14:57:52,29.5375,12.00,1.503,17.820,A,#2,HOLDING,1.500A/A
13924,2026-06-03 14:57:54,29.2625,12.00,1.469,17.472,A,#2,HOLDING,2.416A/A
13925,2026-06-03 14:57:57,29.0375,12.00,1.469,17.472,A,#2,HOLDING,2.000A/A
13926,2026-06-03 14:57:58,28.7625,12.00,1.469,17.472,A,#2,HOLDING,1.500A/A
13927,2026-06-03 14:58:00,28.4750,12.00,1.469,17.472,A,#2,HOLDING,2.472A/A
13928,2026-06-03 14:58:02,28.2250,12.00,1.449,17.232,A,#2,HOLDING,2.000A/A
13929,2026-06-03 14:58:04,27.9125,12.00,1.449,17.232,A,#2,HOLDING,2.448A/A
13930,2026-06-03 14:58:06,27.6625,12.00,1.449,17.232,A,#2,HOLDING,2.467A/A
13931,2026-06-03 14:58:08,27.4125,12.00,1.449,17.232,A,#2,HOLDING,1.500A/A
13932,2026-06-03 14:58:09,27.1375,12.00,1.435,17.064,A,#2,HOLDING,1.000A/A
13933,2026-06-03 14:58:12,26.8750,12.00,1.435,17.064,A,#2,HOLDING,2.000A/A
13934,2026-06-03 14:58:13,26.6000,12.00,1.435,17.064,A,#2,HOLDING,2.000A/A
13935,2026-06-03 14:58:15,26.3750,12.00,1.435,17.064,A,#2,HOLDING,1.000A/A
13936,2026-06-03 14:58:17,26.1000,12.00,1.220,9.190,A,#2,HOLDING,1.000A/A
13937,2026-06-03 14:58:20,25.8875,12.00,1.220,9.190,A,#2,HOLDING,1.500A/A
13938,2026-06-03 14:58:21,25.6375,12.00,1.220,9.190,A,#2,HOLDING,2.406A/A
13939,2026-06-03 14:58:23,25.3875,12.00,1.220,9.190,A,#2,HOLDING,2.000A/A
13940,2026-06-03 14:58:25,25.1375,12.00,1.423,16.932,A,#2,HOLDING,2.308A/A
13941,2026-06-03 14:58:27,24.9375,12.00,1.423,16.932,A,#2,HOLDING,2.000A/A
13942,2026-06-03 14:58:29,24.6875,12.00,1.423,16.932,A,#2,HOLDING,2.190A/A
13943,2026-06-03 14:58:31,24.4750,12.00,1.423,16.932,A,#2,HOLDING,1.500A/A
13944,2026-06-03 14:58:32,24.2500,12.00,1.413,16.812,A,#2,HOLDING,2.065A/A
13945,2026-06-03 14:58:35,24.0125,12.00,1.413,16.812,A,#2,HOLDING,1.000A/A
13946,2026-06-03 14:58:37,23.8125,12.00,1.413,16.812,A,#2,HOLDING,1.955A/A
13947,2026-06-03 14:58:38,23.5750,12.00,1.413,16.812,A,#2,HOLDING,1.000A/A
13948,2026-06-03 14:58:40,23.3750,12.00,1.208,9.310,A,#2,HOLDING,1.801A/A
13949,2026-06-03 14:58:43,23.1375,12.00,1.208,9.310,A,#2,HOLDING,1.602A/A
13950,2026-06-03 14:58:44,22.9125,12.00,1.208,9.310,A,#2,HOLDING,1.456A/A
13951,2026-06-03 14:58:46,22.7000,12.00,1.208,9.310,A,#2,HOLDING,1.000A/A
13952,2026-06-03 14:58:48,22.5000,12.00,1.205,9.330,A,#2,HOLDING,1.272A/A
13953,2026-06-03 14:58:50,22.3250,12.00,1.205,9.330,A,#2,HOLDING,1.000A/A
13954,2026-06-03 14:58:52,22.1250,12.00,1.205,9.330,A,#2,HOLDING,1.030A/A
13955,2026-06-03 14:58:54,21.9500,9.44,1.205,9.330,A,#2,HOLDING,0.829A/A
13956,2026-06-03 14:58:56,21.7500,9.44,0.928,6.681,A,#2,HOLDING,0.618A/A
13957,2026-06-03 14:58:58,21.5750,9.44,0.928,6.681,A,#2,HOLDING,0.352A/A
13958,2026-06-03 14:59:00,21.3750,9.44,0.928,6.681,A,#2,HOLDING,0.154A/A
13959,2026-06-03 14:59:01,21.2375,9.44,0.928,6.681,OFF,#2,HOLDING,0.000A/OFF
13960,2026-06-03 14:59:02,21.2375,2.55,0.154,6.681,OFF,#2,HOLDING,0.182A/B
13961,2026-06-03 14:59:04,21.0875,2.55,0.154,0.803,B,#2,HOLDING,0.382A/B
13962,2026-06-03 14:59:06,20.9500,2.55,0.154,0.803,B,#2,HOLDING,0.587A/B
13963,2026-06-03 14:59:07,20.8000,2.55,0.154,0.803,B,#2,HOLDING,0.804A/B
13964,2026-06-03 14:59:09,20.7000,5.77,0.154,0.803,B,#2,HOLDING,1.045A/B
13965,2026-06-03 14:59:11,20.5750,5.77,1.045,8.171,B,#2,HOLDING,1.290A/B
13966,2026-06-03 14:59:13,20.5250,5.77,1.045,8.171,B,#2,HOLDING,1.597A/B
13967,2026-06-03 14:59:15,20.4500,5.77,1.045,8.171,B,#2,HOLDING,1.812A/B
13968,2026-06-03 14:59:17,20.4375,12.00,1.045,8.171,B,#2,HOLDING,1.500A/B
13969,2026-06-03 14:59:19,20.4375,12.00,1.500,17.055,B,#2,HOLDING,2.057A/B
13970,2026-06-03 14:59:21,20.5000,12.00,1.500,17.055,B,#2,HOLDING,1.000A/B
13971,2026-06-03 14:59:23,20.5500,12.00,1.500,17.055,B,#2,HOLDING,2.000A/B
13972,2026-06-03 14:59:24,20.6625,12.00,1.500,17.055,B,#2,HOLDING,1.000A/B
13973,2026-06-03 14:59:26,20.7625,12.00,1.278,8.420,B,#2,HOLDING,2.342A/B
13974,2026-06-03 14:59:29,20.9250,12.00,1.278,8.420,B,#2,HOLDING,2.000A/B
13975,2026-06-03 14:59:30,21.1000,12.00,1.278,8.420,B,#2,HOLDING,2.612A/B
13976,2026-06-03 14:59:32,21.3000,12.00,1.278,8.420,B,#2,HOLDING,1.500A/B
13977,2026-06-03 14:59:34,21.5000,12.00,1.496,17.688,B,#2,HOLDING,1.500A/B
13978,2026-06-03 14:59:36,21.6750,12.00,1.496,17.688,B,#2,HOLDING,2.000A/B
13979,2026-06-03 14:59:38,21.8750,12.00,1.496,17.688,B,#2,HOLDING,1.000A/B
13980,2026-06-03 14:59:40,22.0875,8.89,1.496,17.688,B,#2,HOLDING,1.500A/B
13981,2026-06-03 14:59:42,22.3375,8.89,1.222,17.148,B,#2,HOLDING,2.000A/B
13982,2026-06-03 14:59:44,22.5875,8.89,1.222,17.148,B,#2,HOLDING,2.749A/B
13983,2026-06-03 14:59:46,22.8125,8.89,1.222,17.148,B,#2,HOLDING,2.872A/B
13984,2026-06-03 14:59:48,23.0625,12.00,1.222,17.148,B,#2,HOLDING,2.500A/B
13985,2026-06-03 14:59:49,23.3375,12.00,1.410,16.704,B,#2,HOLDING,2.500A/B
13986,2026-06-03 14:59:52,23.5625,12.00,1.410,16.704,B,#2,HOLDING,2.984A/B
13987,2026-06-03 14:59:53,23.8375,12.00,1.410,16.704,B,#2,HOLDING,1.000A/B
13988,2026-06-03 14:59:55,24.0875,9.29,1.410,16.704,B,#2,HOLDING,3.000A/B
13989,2026-06-03 14:59:57,24.3875,9.29,1.381,16.416,B,#2,HOLDING,1.000A/B
13990,2026-06-03 14:59:59,24.6500,9.29,1.381,16.416,B,#2,HOLDING,2.000A/B
13991,2026-06-03 15:00:01,24.9000,9.29,1.381,16.416,B,#2,HOLDING,2.962A/B
13992,2026-06-03 15:00:03,25.1875,12.00,1.381,16.416,B,#2,HOLDING,1.000A/B
13993,2026-06-03 15:00:05,25.4625,12.00,1.032,9.520,B,#2,HOLDING,2.995A/B
13994,2026-06-03 15:00:07,25.7500,12.00,1.032,9.520,B,#2,HOLDING,1.000A/B
13995,2026-06-03 15:00:09,25.9750,12.00,1.032,9.520,B,#2,HOLDING,2.982A/B
13996,2026-06-03 15:00:11,26.2750,12.00,1.032,9.520,B,#2,HOLDING,1.000A/B
13997,2026-06-03 15:00:12,26.5250,12.00,1.034,9.600,B,#2,HOLDING,1.500A/B
13998,2026-06-03 15:00:15,26.7875,12.00,1.034,9.600,B,#3,APPROACH,1.000A/B
13999,2026-06-03 15:00:16,27.0625,12.00,1.034,9.600,A,#3,APPROACH,0.147A/A
14000,2026-06-03 15:00:18,27.2750,12.00,1.034,9.600,A,#3,APPROACH,0.235A/A
14001,2026-06-03 15:00:20,27.5250,6.82,1.034,9.600,A,#3,APPROACH,0.299A/A
14002,2026-06-03 15:00:22,27.7750,6.82,0.326,0.583,A,#3,APPROACH,0.425A/A
14003,2026-06-03 15:00:25,28.0000,6.82,0.326,0.583,A,#3,APPROACH,0.586A/A
14004,2026-06-03 15:00:26,28.1750,6.82,0.326,0.583,A,#3,APPROACH,0.713A/A
14005,2026-06-03 15:00:28,28.3500,5.28,0.326,0.583,A,#3,APPROACH,0.865A/A
14006,2026-06-03 15:00:30,28.4750,5.28,0.865,5.795,A,#3,APPROACH,1.016A/A
14007,2026-06-03 15:00:32,28.5500,5.28,0.865,5.795,A,#3,APPROACH,1.208A/A
14008,2026-06-03 15:00:34,28.6250,5.28,0.865,5.795,A,#3,APPROACH,1.340A/A
14009,2026-06-03 15:00:36,28.6750,10.14,0.865,5.795,A,#3,APPROACH,1.494A/A
14010,2026-06-03 15:00:38,28.7250,10.14,1.413,17.121,A,#3,APPROACH,1.000A/A
14011,2026-06-03 15:00:40,28.7500,10.14,1.413,17.121,A,#3,APPROACH,1.651A/A
14012,2026-06-03 15:00:42,28.7500,10.14,1.413,17.121,A,#3,APPROACH,1.784A/A
14013,2026-06-03 15:00:44,28.7000,12.00,1.413,17.121,A,#3,APPROACH,1.935A/A
14014,2026-06-03 15:00:45,28.6125,12.00,1.552,18.336,A,#3,APPROACH,2.077A/A
14015,2026-06-03 15:00:48,28.5375,12.00,1.552,18.336,A,#3,APPROACH,2.000A/A
14016,2026-06-03 15:00:49,28.4875,12.00,1.552,18.336,A,#3,APPROACH,2.000A/A
14017,2026-06-03 15:00:51,28.3625,12.00,1.552,18.336,A,#3,APPROACH,2.252A/A
14018,2026-06-03 15:00:53,28.2000,12.00,1.503,17.844,A,#3,APPROACH,2.000A/A
14019,2026-06-03 15:00:55,28.0500,12.00,1.503,17.844,A,#3,APPROACH,2.369A/A
14020,2026-06-03 15:00:57,27.9250,12.00,1.503,17.844,A,#3,APPROACH,2.000A/A
14021,2026-06-03 15:00:59,27.7500,12.00,1.503,17.844,A,#3,APPROACH,2.461A/A
14022,2026-06-03 15:01:01,27.5750,12.00,1.470,17.484,A,#3,APPROACH,1.500A/A
14023,2026-06-03 15:01:03,27.3750,12.00,1.470,17.484,A,#3,APPROACH,1.000A/A
14024,2026-06-03 15:01:05,27.1625,12.00,1.470,17.484,A,#3,APPROACH,2.000A/A
14025,2026-06-03 15:01:07,26.9625,12.00,1.470,17.484,A,#3,APPROACH,1.500A/A
14026,2026-06-03 15:01:08,26.7500,12.00,1.448,17.220,A,#3,APPROACH,2.000A/A
14027,2026-06-03 15:01:11,26.5250,12.00,1.448,17.220,A,#3,APPROACH,1.500A/A
14028,2026-06-03 15:01:12,26.3250,12.00,1.448,17.220,A,#3,APPROACH,2.453A/A
14029,2026-06-03 15:01:14,26.1250,12.00,1.448,17.220,A,#3,APPROACH,2.000A/A
14030,2026-06-03 15:01:16,25.8875,12.00,1.438,17.088,A,#3,APPROACH,1.500A/A
14031,2026-06-03 15:01:19,25.6875,12.00,1.438,17.088,A,#3,APPROACH,1.500A/A
14032,2026-06-03 15:01:20,25.4500,12.00,1.438,17.088,A,#3,HOLDING,2.422A/A
14033,2026-06-03 15:01:22,25.2250,12.00,1.438,17.088,OFF,#3,HOLDING,0.000A/OFF
14034,2026-06-03 15:01:23,25.0125,12.00,1.438,17.088,OFF,#3,HOLDING,0.000A/OFF
14035,2026-06-03 15:01:24,25.0125,12.00,1.426,17.088,OFF,#3,HOLDING,0.000A/OFF
14036,2026-06-03 15:01:25,24.7625,12.00,1.426,5.124,OFF,#3,HOLDING,0.000A/OFF
14037,2026-06-03 15:01:26,24.7625,12.00,1.426,5.124,OFF,#3,HOLDING,0.000A/OFF
14038,2026-06-03 15:01:27,24.5750,12.00,1.426,5.124,OFF,#3,HOLDING,0.000A/OFF
14039,2026-06-03 15:01:28,24.5750,12.00,1.426,5.124,OFF,#3,HOLDING,0.000A/OFF
14040,2026-06-03 15:01:29,24.3500,12.00,1.426,5.124,OFF,#3,HOLDING,0.000A/OFF
14041,2026-06-03 15:01:30,24.3500,12.00,0.000,5.124,OFF,#3,HOLDING,0.000A/OFF
14042,2026-06-03 15:01:31,24.1375,12.00,0.000,0.000,OFF,#3,HOLDING,0.000A/OFF
14043,2026-06-03 15:01:32,24.1375,12.00,0.000,0.000,OFF,#3,HOLDING,0.000A/OFF
14044,2026-06-03 15:01:33,23.9625,12.00,0.000,0.000,OFF,#3,HOLDING,0.000A/OFF
14045,2026-06-03 15:01:34,23.9625,12.00,0.000,0.000,OFF,#3,HOLDING,0.000A/OFF
14046,2026-06-03 15:01:35,23.8250,12.00,0.000,0.000,OFF,#3,HOLDING,0.000A/OFF
14047,2026-06-03 15:01:36,23.8250,12.00,0.000,0.000,OFF,#3,HOLDING,0.000A/OFF
14048,2026-06-03 15:01:37,23.6750,12.00,0.000,0.000,OFF,#3,HOLDING,0.000A/OFF
14049,2026-06-03 15:01:38,23.6750,12.00,0.000,0.000,OFF,#3,HOLDING,0.000A/OFF
14050,2026-06-03 15:01:39,23.5250,12.00,0.000,0.000,B,#3,HOLDING,0.115A/B
14051,2026-06-03 15:01:41,23.4250,12.00,0.000,0.000,B,#3,HOLDING,0.187A/B
14052,2026-06-03 15:01:42,23.3375,1.33,0.000,0.000,B,#3,HOLDING,0.239A/B
14053,2026-06-03 15:01:44,23.2625,1.33,0.213,0.444,B,#3,HOLDING,0.269A/B
14054,2026-06-03 15:01:47,23.1750,1.33,0.213,0.444,B,#3,HOLDING,0.332A/B
14055,2026-06-03 15:01:48,23.1000,1.33,0.213,0.444,B,#3,HOLDING,0.379A/B
14056,2026-06-03 15:01:50,23.0625,3.12,0.213,0.444,B,#3,HOLDING,0.432A/B
14057,2026-06-03 15:01:52,23.0125,3.12,0.406,1.594,B,#3,HOLDING,0.487A/B
14058,2026-06-03 15:01:54,23.0000,3.12,0.406,1.594,B,#3,HOLDING,0.551A/B
14059,2026-06-03 15:01:56,22.9500,3.12,0.406,1.594,B,#3,HOLDING,0.604A/B
14060,2026-06-03 15:01:58,22.9375,5.12,0.406,1.594,B,#3,HOLDING,0.660A/B
14061,2026-06-03 15:02:00,22.9375,5.12,0.632,3.768,B,#3,HOLDING,0.716A/B
14062,2026-06-03 15:02:02,22.9375,5.12,0.632,3.768,B,#3,HOLDING,0.785A/B
14063,2026-06-03 15:02:03,22.9625,5.12,0.632,3.768,B,#3,HOLDING,0.828A/B
14064,2026-06-03 15:02:05,23.0000,6.99,0.632,3.768,B,#3,HOLDING,0.879A/B
14065,2026-06-03 15:02:07,23.0500,6.99,0.856,6.610,B,#3,HOLDING,0.925A/B
14066,2026-06-03 15:02:10,23.0750,6.99,0.856,6.610,B,#3,HOLDING,0.992A/B
14067,2026-06-03 15:02:11,23.1500,6.99,0.856,6.610,B,#3,HOLDING,1.027A/B
14068,2026-06-03 15:02:13,23.2250,8.61,0.856,6.610,B,#3,HOLDING,1.068A/B
14069,2026-06-03 15:02:15,23.3000,8.61,1.046,9.686,B,#3,HOLDING,1.104A/B
14070,2026-06-03 15:02:17,23.3875,8.61,1.046,9.686,B,#3,HOLDING,1.155A/B
14071,2026-06-03 15:02:19,23.5125,8.61,1.046,9.686,B,#3,HOLDING,1.124A/B
14072,2026-06-03 15:02:21,23.6125,9.51,1.046,9.686,B,#3,HOLDING,1.000A/B
14073,2026-06-03 15:02:23,23.7375,9.51,1.047,8.790,B,#3,HOLDING,1.149A/B
14074,2026-06-03 15:02:25,23.8375,9.51,1.047,8.790,B,#3,HOLDING,1.187A/B
14075,2026-06-03 15:02:27,24.0125,9.51,1.047,8.790,B,#3,HOLDING,1.193A/B
14076,2026-06-03 15:02:28,24.1750,10.07,1.047,8.790,B,#3,HOLDING,1.203A/B
14077,2026-06-03 15:02:30,24.3250,10.07,1.203,12.523,B,#3,HOLDING,1.203A/B
14078,2026-06-03 15:02:33,24.4750,10.07,1.203,12.523,B,#3,HOLDING,1.212A/B
14079,2026-06-03 15:02:34,24.6250,10.07,1.203,12.523,B,#3,HOLDING,1.207A/B
14080,2026-06-03 15:02:36,24.8000,10.37,1.203,12.523,B,#3,HOLDING,1.193A/B
14081,2026-06-03 15:02:38,24.9750,10.37,1.193,12.574,B,#3,HOLDING,1.169A/B
14082,2026-06-03 15:02:40,25.1125,10.37,1.193,12.574,B,#3,HOLDING,1.146A/B
14083,2026-06-03 15:02:42,25.3125,10.37,1.193,12.574,B,#3,HOLDING,1.000A/B
14084,2026-06-03 15:02:44,25.4875,9.19,1.193,12.574,B,#3,HOLDING,1.113A/B
14085,2026-06-03 15:02:46,25.6875,9.19,1.086,11.263,B,#3,HOLDING,1.000A/B
14086,2026-06-03 15:02:48,25.8625,9.19,1.086,11.263,B,#3,HOLDING,0.935A/B
14087,2026-06-03 15:02:50,26.0625,9.19,1.086,11.263,B,#3,HOLDING,0.868A/B
14088,2026-06-03 15:02:51,26.2500,8.32,1.086,11.263,B,#3,HOLDING,0.794A/B
14089,2026-06-03 15:02:53,26.4500,8.32,0.823,6.248,B,#3,HOLDING,0.704A/B
14090,2026-06-03 15:02:56,26.6500,8.32,0.823,6.248,B,#3,HOLDING,0.600A/B
14091,2026-06-03 15:02:57,26.8250,8.32,0.823,6.248,B,#3,HOLDING,0.514A/B
14092,2026-06-03 15:02:59,27.0000,5.64,0.823,6.248,B,#3,HOLDING,0.415A/B
14093,2026-06-03 15:03:01,27.2000,5.64,0.439,2.050,B,#3,HOLDING,0.300A/B
14094,2026-06-03 15:03:03,27.3625,5.64,0.439,2.050,B,#3,HOLDING,0.163A/B
14095,2026-06-03 15:03:05,27.5125,5.64,0.439,2.050,OFF,#3,HOLDING,0.000A/OFF
14096,2026-06-03 15:03:06,27.5125,5.64,0.439,2.050,OFF,#3,HOLDING,0.000A/OFF
14097,2026-06-03 15:03:07,27.7000,12.00,0.439,2.050,OFF,#3,HOLDING,0.000A/OFF
14098,2026-06-03 15:03:08,27.7000,12.00,0.000,2.050,OFF,#3,HOLDING,0.000A/OFF
14099,2026-06-03 15:03:09,27.8250,12.00,0.000,0.000,A,#3,HOLDING,0.178A/A
14100,2026-06-03 15:03:11,27.9500,12.00,0.000,0.000,A,#3,HOLDING,0.313A/A
14101,2026-06-03 15:03:13,28.0750,12.00,0.000,0.000,A,#3,HOLDING,0.435A/A
14102,2026-06-03 15:03:14,28.0750,3.13,0.000,0.000,A,#3,HOLDING,0.542A/A
14103,2026-06-03 15:03:16,28.1375,3.13,0.486,2.325,A,#3,HOLDING,0.677A/A
14104,2026-06-03 15:03:18,28.2250,3.13,0.486,2.325,A,#3,HOLDING,0.855A/A
14105,2026-06-03 15:03:20,28.2250,3.13,0.486,2.325,A,#3,HOLDING,0.976A/A
14106,2026-06-03 15:03:22,28.2500,7.61,0.486,2.325,A,#3,HOLDING,1.000A/A
14107,2026-06-03 15:03:24,28.2625,7.61,0.986,8.010,A,#3,HOLDING,1.114A/A
14108,2026-06-03 15:03:26,28.2500,7.61,0.986,8.010,A,#3,HOLDING,1.292A/A
14109,2026-06-03 15:03:28,28.2500,7.61,0.986,8.010,A,#3,HOLDING,1.411A/A
14110,2026-06-03 15:03:30,28.2250,10.86,0.986,8.010,A,#3,HOLDING,1.546A/A
14111,2026-06-03 15:03:31,28.1500,10.86,1.476,18.492,A,#3,HOLDING,1.500A/A
14112,2026-06-03 15:03:34,27.9875,10.86,1.476,18.492,A,#3,HOLDING,1.663A/A
14113,2026-06-03 15:03:35,27.9875,10.86,1.476,18.492,A,#3,HOLDING,1.776A/A
14114,2026-06-03 15:03:37,27.8625,12.00,1.476,18.492,A,#3,HOLDING,1.893A/A
14115,2026-06-03 15:03:39,27.7375,12.00,1.520,17.976,A,#3,HOLDING,2.005A/A
14116,2026-06-03 15:03:41,27.4500,12.00,1.520,17.976,A,#3,HOLDING,1.000A/A
14117,2026-06-03 15:03:43,27.4500,12.00,1.520,17.976,A,#3,HOLDING,2.100A/A
14118,2026-06-03 15:03:45,27.3000,12.00,1.520,17.976,A,#3,HOLDING,1.500A/A
14119,2026-06-03 15:03:47,27.0750,12.00,1.478,17.568,A,#3,HOLDING,1.500A/A
14120,2026-06-03 15:03:49,26.7000,12.00,1.478,17.568,A,#3,HOLDING,1.500A/A
14121,2026-06-03 15:03:51,26.7000,12.00,1.478,17.568,A,#3,HOLDING,2.000A/A
14122,2026-06-03 15:03:53,26.4500,12.00,1.478,17.568,A,#3,HOLDING,1.500A/A
14123,2026-06-03 15:03:54,26.2625,12.00,1.453,17.268,A,#3,HOLDING,2.139A/A
14124,2026-06-03 15:03:57,25.8250,12.00,1.453,17.268,A,#3,HOLDING,2.148A/A
14125,2026-06-03 15:03:58,25.8250,12.00,1.453,17.268,A,#3,HOLDING,2.215A/A
14126,2026-06-03 15:04:00,25.6250,12.00,1.453,17.268,A,#3,HOLDING,2.248A/A
14127,2026-06-03 15:04:02,25.3875,12.00,1.435,17.076,A,#3,HOLDING,1.500A/A
14128,2026-06-03 15:04:04,24.9375,12.00,1.435,17.076,A,#3,HOLDING,2.203A/A
14129,2026-06-03 15:04:06,24.9375,12.00,1.435,17.076,A,#3,HOLDING,2.000A/A
14130,2026-06-03 15:04:08,24.6875,12.00,1.435,17.076,A,#3,HOLDING,1.000A/A
14131,2026-06-03 15:04:10,24.5000,12.00,1.080,9.170,A,#3,HOLDING,2.251A/A
14132,2026-06-03 15:04:12,24.2500,12.00,1.080,9.170,A,#3,HOLDING,2.000A/A
14133,2026-06-03 15:04:14,24.0750,12.00,1.080,9.170,A,#3,HOLDING,2.224A/A
14134,2026-06-03 15:04:16,23.8500,12.00,1.080,9.170,A,#4,APPROACH,2.195A/A
14135,2026-06-03 15:04:17,23.6000,12.00,1.422,9.170,OFF,#4,HOLDING,0.000A/OFF
14136,2026-06-03 15:04:18,23.4000,12.00,1.422,9.170,OFF,#4,HOLDING,0.000A/OFF
14137,2026-06-03 15:04:19,23.4000,12.00,1.422,0.000,OFF,#4,HOLDING,0.000A/OFF
14138,2026-06-03 15:04:20,23.2000,12.00,1.422,0.000,OFF,#4,HOLDING,0.000A/OFF
14139,2026-06-03 15:04:21,23.2000,12.00,1.422,0.000,OFF,#4,HOLDING,0.000A/OFF
14140,2026-06-03 15:04:22,23.0000,12.00,1.422,0.000,OFF,#4,HOLDING,0.000A/OFF
14141,2026-06-03 15:04:23,23.0000,12.00,1.422,0.000,OFF,#4,HOLDING,0.000A/OFF
14142,2026-06-03 15:04:24,22.8250,12.00,1.422,0.000,OFF,#4,HOLDING,0.000A/OFF
14143,2026-06-03 15:04:25,22.8250,12.00,0.000,0.000,OFF,#4,HOLDING,0.000A/OFF
14144,2026-06-03 15:04:26,22.6750,12.00,0.000,0.000,OFF,#4,HOLDING,0.000A/OFF
14145,2026-06-03 15:04:28,22.6750,12.00,0.000,0.000,OFF,#4,HOLDING,0.000A/OFF
14146,2026-06-03 15:04:29,22.5125,12.00,0.000,0.000,OFF,#4,HOLDING,0.000A/OFF
14147,2026-06-03 15:04:30,22.3625,12.00,0.000,0.000,B,#4,HOLDING,0.102A/B
14148,2026-06-03 15:04:31,22.3625,11.97,0.102,0.000,B,#4,HOLDING,0.125A/B
14149,2026-06-03 15:04:33,22.2750,11.97,0.102,0.070,B,#4,HOLDING,0.135A/B
14150,2026-06-03 15:04:35,22.1500,11.97,0.102,0.070,B,#4,HOLDING,0.154A/B
14151,2026-06-03 15:04:36,22.0500,11.97,0.102,0.070,B,#4,HOLDING,0.251A/B
14152,2026-06-03 15:04:38,21.9750,1.72,0.102,0.070,B,#4,HOLDING,0.295A/B
14153,2026-06-03 15:04:40,21.9250,1.72,0.295,0.654,B,#4,HOLDING,0.332A/B
14154,2026-06-03 15:04:42,21.8750,1.72,0.295,0.654,B,#4,HOLDING,0.385A/B
14155,2026-06-03 15:04:44,21.8375,1.72,0.295,0.654,B,#4,HOLDING,0.425A/B
14156,2026-06-03 15:04:46,21.8125,3.38,0.295,0.654,B,#4,HOLDING,0.471A/B
14157,2026-06-03 15:04:48,21.8125,3.38,0.471,1.836,B,#4,HOLDING,0.515A/B
14158,2026-06-03 15:04:50,21.7875,3.38,0.471,1.836,B,#4,HOLDING,0.576A/B
14159,2026-06-03 15:04:52,21.7500,3.38,0.471,1.836,B,#4,HOLDING,0.623A/B
14160,2026-06-03 15:04:53,21.7750,5.15,0.471,1.836,B,#4,HOLDING,0.668A/B
14161,2026-06-03 15:04:55,21.8250,5.15,0.668,3.774,B,#4,HOLDING,0.706A/B
14162,2026-06-03 15:04:58,21.8250,5.15,0.668,3.774,B,#4,HOLDING,0.762A/B
14163,2026-06-03 15:04:59,21.8750,5.15,0.668,3.774,B,#4,HOLDING,0.796A/B
14164,2026-06-03 15:05:01,21.9000,6.67,0.668,3.774,B,#4,HOLDING,0.842A/B
14165,2026-06-03 15:05:03,22.0000,6.67,0.842,6.062,B,#4,HOLDING,0.868A/B
14166,2026-06-03 15:05:05,22.0500,6.67,0.842,6.062,B,#4,HOLDING,0.917A/B
14167,2026-06-03 15:05:07,22.1375,6.67,0.842,6.062,B,#4,HOLDING,0.889A/B
14168,2026-06-03 15:05:09,22.2375,7.56,0.842,6.062,B,#4,HOLDING,0.921A/B
14169,2026-06-03 15:05:11,22.3500,7.56,0.921,7.358,B,#4,HOLDING,0.942A/B
14170,2026-06-03 15:05:13,22.4250,7.56,0.921,7.358,B,#4,HOLDING,0.978A/B
14171,2026-06-03 15:05:15,22.5250,7.56,0.921,7.358,B,#4,HOLDING,0.996A/B
14172,2026-06-03 15:05:16,22.6500,8.51,0.921,7.358,B,#4,HOLDING,1.011A/B
14173,2026-06-03 15:05:18,22.7875,8.51,1.010,8.888,B,#4,HOLDING,1.015A/B
14174,2026-06-03 15:05:21,22.9125,8.51,1.010,8.888,B,#4,HOLDING,1.026A/B
14175,2026-06-03 15:05:22,23.0500,8.51,1.010,8.888,B,#4,HOLDING,1.025A/B
14176,2026-06-03 15:05:24,23.2000,8.92,1.010,8.888,B,#4,HOLDING,1.020A/B
14177,2026-06-03 15:05:26,23.3250,8.92,1.020,9.231,B,#4,HOLDING,1.009A/B
14178,2026-06-03 15:05:28,23.4750,8.92,1.020,9.231,B,#4,HOLDING,0.994A/B
14179,2026-06-03 15:05:30,23.6500,8.92,1.020,9.231,B,#4,HOLDING,0.971A/B
14180,2026-06-03 15:05:32,23.8000,8.66,1.020,9.231,B,#4,HOLDING,0.943A/B
14181,2026-06-03 15:05:34,23.9875,8.66,0.943,8.138,B,#4,HOLDING,0.902A/B
14182,2026-06-03 15:05:36,24.1375,8.66,0.943,8.138,B,#4,HOLDING,0.808A/B
14183,2026-06-03 15:05:38,24.3000,8.66,0.943,8.138,B,#4,HOLDING,0.757A/B
14184,2026-06-03 15:05:40,24.4500,7.30,0.943,8.138,B,#4,HOLDING,0.702A/B
14185,2026-06-03 15:05:41,24.6500,7.30,0.719,4.892,B,#4,HOLDING,0.626A/B
14186,2026-06-03 15:05:44,24.8250,7.30,0.719,4.892,B,#4,HOLDING,0.540A/B
14187,2026-06-03 15:05:45,24.9875,7.30,0.719,4.892,B,#4,HOLDING,0.467A/B
14188,2026-06-03 15:05:47,25.1375,5.05,0.719,4.892,B,#4,HOLDING,0.389A/B
14189,2026-06-03 15:05:49,25.3000,5.05,0.389,1.746,B,#4,HOLDING,0.296A/B
14190,2026-06-03 15:05:51,25.4750,5.05,0.389,1.746,B,#4,HOLDING,0.180A/B
14191,2026-06-03 15:05:53,25.6125,5.05,0.389,1.746,OFF,#4,HOLDING,0.000A/OFF
14192,2026-06-03 15:05:54,25.7625,5.05,0.389,1.746,OFF,#4,HOLDING,0.000A/OFF
14193,2026-06-03 15:05:55,25.7625,12.00,0.389,1.746,OFF,#4,HOLDING,0.000A/OFF
14194,2026-06-03 15:05:56,25.9250,12.00,0.724,0.000,A,#4,HOLDING,0.104A/A
14195,2026-06-03 15:05:58,26.0500,12.00,0.724,0.000,A,#4,HOLDING,0.221A/A
14196,2026-06-03 15:06:00,26.0500,12.00,0.724,0.000,A,#4,HOLDING,0.316A/A
14197,2026-06-03 15:06:02,26.2625,2.25,0.724,0.000,A,#4,HOLDING,0.410A/A
14198,2026-06-03 15:06:04,26.2625,2.25,0.362,1.283,A,#4,HOLDING,0.523A/A
14199,2026-06-03 15:06:06,26.4250,2.25,0.362,1.283,A,#4,HOLDING,0.693A/A
14200,2026-06-03 15:06:08,26.4250,2.25,0.362,1.283,A,#4,HOLDING,0.791A/A
14201,2026-06-03 15:06:09,26.5625,6.17,0.362,1.283,A,#4,HOLDING,0.932A/A
14202,2026-06-03 15:06:11,26.5625,6.17,0.870,6.915,A,#4,HOLDING,1.055A/A
14203,2026-06-03 15:06:14,26.6250,6.17,0.870,6.915,A,#4,HOLDING,1.228A/A
14204,2026-06-03 15:06:15,26.6250,6.17,0.870,6.915,A,#4,HOLDING,1.336A/A
14205,2026-06-03 15:06:17,26.5625,10.30,0.870,6.915,A,#4,HOLDING,1.460A/A
14206,2026-06-03 15:06:19,26.5625,10.30,1.400,16.644,A,#4,HOLDING,1.587A/A
14207,2026-06-03 15:06:21,26.5125,10.30,1.400,16.644,A,#4,HOLDING,1.500A/A
14208,2026-06-03 15:06:23,26.5125,10.30,1.400,16.644,A,#4,HOLDING,1.749A/A
14209,2026-06-03 15:06:25,26.3000,12.00,1.400,16.644,A,#4,HOLDING,1.500A/A
14210,2026-06-03 15:06:27,26.3000,12.00,1.517,17.850,A,#4,HOLDING,1.852A/A
14211,2026-06-03 15:06:29,26.0500,12.00,1.517,17.850,A,#4,HOLDING,1.000A/A
14212,2026-06-03 15:06:31,26.0500,12.00,1.517,17.850,A,#4,HOLDING,1.965A/A
14213,2026-06-03 15:06:32,25.7375,12.00,1.517,17.850,A,#4,HOLDING,2.000A/A
14214,2026-06-03 15:06:34,25.7375,12.00,1.497,17.772,A,#4,HOLDING,2.036A/A
14215,2026-06-03 15:06:37,25.4250,12.00,1.497,17.772,A,#4,HOLDING,2.105A/A
14216,2026-06-03 15:06:38,25.4250,12.00,1.497,17.772,A,#4,HOLDING,1.000A/A
14217,2026-06-03 15:06:40,25.0625,8.82,1.497,17.772,A,#4,HOLDING,1.000A/A
14218,2026-06-03 15:06:42,25.0625,8.82,1.000,8.970,A,#4,HOLDING,2.183A/A
14219,2026-06-03 15:06:44,24.6875,8.82,1.000,8.970,A,#4,HOLDING,1.000A/A
14220,2026-06-03 15:06:46,24.6875,8.82,1.000,8.970,A,#4,HOLDING,1.000A/A
14221,2026-06-03 15:06:48,24.3125,8.90,1.000,8.970,A,#4,HOLDING,1.500A/A
14222,2026-06-03 15:06:50,24.3125,8.90,1.362,17.448,A,#4,HOLDING,2.000A/A
14223,2026-06-03 15:06:52,23.9375,8.90,1.362,17.448,A,#4,HOLDING,1.500A/A
14224,2026-06-03 15:06:54,23.9375,8.90,1.362,17.448,A,#4,HOLDING,1.000A/A
14225,2026-06-03 15:06:56,23.5500,9.01,1.362,17.448,A,#4,HOLDING,2.000A/A
14226,2026-06-03 15:06:57,23.5500,9.01,1.336,17.256,A,#4,HOLDING,2.000A/A
14227,2026-06-03 15:07:00,23.1500,9.01,1.336,17.256,A,#4,HOLDING,2.135A/A
14228,2026-06-03 15:07:01,23.1500,9.01,1.336,17.256,A,#4,HOLDING,2.000A/A
14229,2026-06-03 15:07:03,22.7500,12.00,1.336,17.256,A,#4,HOLDING,2.133A/A
14230,2026-06-03 15:07:05,22.7500,12.00,1.436,17.088,A,#5,APPROACH,2.149A/A
14231,2026-06-03 15:07:07,22.3750,12.00,1.436,17.088,A,#5,APPROACH,0.169A/A
14232,2026-06-03 15:07:10,22.2000,12.00,1.436,17.088,A,#5,APPROACH,0.167A/A
14233,2026-06-03 15:07:12,22.0000,12.00,1.436,17.088,A,#5,APPROACH,0.154A/A
14234,2026-06-03 15:07:14,21.8250,5.37,0.154,17.088,A,#5,APPROACH,0.164A/A
14235,2026-06-03 15:07:16,21.6500,5.37,0.154,0.472,A,#5,APPROACH,0.192A/A
14236,2026-06-03 15:07:17,21.4875,5.37,0.154,0.472,A,#5,APPROACH,0.221A/A
14237,2026-06-03 15:07:19,21.3125,5.37,0.154,0.472,A,#5,APPROACH,0.250A/A
14238,2026-06-03 15:07:21,21.1500,3.23,0.154,0.472,A,#5,APPROACH,0.300A/A
14239,2026-06-03 15:07:23,21.0250,3.23,0.274,1.113,A,#5,APPROACH,0.366A/A
14240,2026-06-03 15:07:25,20.9250,3.23,0.274,1.113,A,#5,APPROACH,0.461A/A
14241,2026-06-03 15:07:27,20.8000,3.23,0.274,1.113,A,#5,APPROACH,0.511A/A
14242,2026-06-03 15:07:28,20.6875,5.17,0.274,1.113,A,#5,APPROACH,0.566A/A
14243,2026-06-03 15:07:30,20.6375,5.17,0.541,3.214,A,#5,APPROACH,0.624A/A
14244,2026-06-03 15:07:33,20.5500,5.17,0.541,3.214,A,#5,APPROACH,0.697A/A
14245,2026-06-03 15:07:34,20.4500,5.17,0.541,3.214,A,#5,APPROACH,0.734A/A
14246,2026-06-03 15:07:36,20.4000,6.90,0.541,3.214,A,#5,APPROACH,0.781A/A
14247,2026-06-03 15:07:38,20.3250,6.90,0.755,5.779,A,#5,APPROACH,0.822A/A
14248,2026-06-03 15:07:40,20.2500,6.90,0.755,5.779,A,#5,APPROACH,0.878A/A
14249,2026-06-03 15:07:42,20.1750,6.90,0.755,5.779,A,#5,APPROACH,0.906A/A
14250,2026-06-03 15:07:44,20.1125,8.14,0.755,5.779,A,#5,APPROACH,0.942A/A
14251,2026-06-03 15:07:46,20.0125,8.14,0.921,8.063,A,#5,HOLDING,0.921A/A
14252,2026-06-03 15:07:48,19.9625,8.14,0.921,8.063,OFF,#5,HOLDING,0.000A/OFF
14253,2026-06-03 15:07:49,19.9625,8.14,0.921,8.063,OFF,#5,HOLDING,0.000A/OFF
14254,2026-06-03 15:07:50,19.8875,8.14,0.921,8.063,OFF,#5,HOLDING,0.000A/OFF
14255,2026-06-03 15:07:51,19.8875,8.14,0.921,8.063,OFF,#5,HOLDING,0.000A/OFF
14256,2026-06-03 15:07:52,19.7750,12.00,0.000,8.063,OFF,#5,HOLDING,0.000A/OFF
14257,2026-06-03 15:07:53,19.7750,12.00,0.000,8.063,OFF,#5,HOLDING,0.000A/OFF
14258,2026-06-03 15:07:54,19.7000,12.00,0.000,0.000,OFF,#5,HOLDING,0.000A/OFF
14259,2026-06-03 15:07:55,19.7000,12.00,0.000,0.000,A,#5,HOLDING,0.129A/A
14260,2026-06-03 15:07:57,19.6500,12.00,0.000,0.000,A,#5,HOLDING,0.140A/A
14261,2026-06-03 15:07:58,19.5750,2.11,0.000,0.000,A,#5,HOLDING,0.160A/A
14262,2026-06-03 15:08:00,19.5250,2.11,0.148,0.352,A,#5,HOLDING,0.171A/A
14263,2026-06-03 15:08:03,19.5000,2.11,0.148,0.352,A,#5,HOLDING,0.194A/A
14264,2026-06-03 15:08:04,19.4625,2.11,0.148,0.352,A,#5,HOLDING,0.210A/A
14265,2026-06-03 15:08:06,19.4375,2.51,0.148,0.352,A,#5,HOLDING,0.224A/A
14266,2026-06-03 15:08:08,19.4375,2.51,0.224,0.600,A,#5,HOLDING,0.239A/A
14267,2026-06-03 15:08:10,19.4125,2.51,0.224,0.600,A,#5,HOLDING,0.256A/A
14268,2026-06-03 15:08:12,19.4000,2.51,0.224,0.600,A,#5,HOLDING,0.266A/A
14269,2026-06-03 15:08:14,19.3750,2.94,0.224,0.600,A,#5,HOLDING,0.274A/A
14270,2026-06-03 15:08:16,19.3750,2.94,0.274,0.832,A,#5,HOLDING,0.286A/A
14271,2026-06-03 15:08:18,19.3750,2.94,0.274,0.832,A,#5,HOLDING,0.301A/A
14272,2026-06-03 15:08:19,19.3750,2.94,0.274,0.832,A,#5,HOLDING,0.312A/A
14273,2026-06-03 15:08:21,19.3750,3.31,0.274,0.832,A,#5,HOLDING,0.322A/A
14274,2026-06-03 15:08:23,19.4000,3.31,0.322,1.123,A,#5,HOLDING,0.335A/A
14275,2026-06-03 15:08:26,19.3750,3.31,0.322,1.123,A,#5,HOLDING,0.347A/A
14276,2026-06-03 15:08:27,19.4000,3.31,0.322,1.123,A,#5,HOLDING,0.359A/A
14277,2026-06-03 15:08:29,19.3750,3.66,0.322,1.123,A,#5,HOLDING,0.365A/A
14278,2026-06-03 15:08:31,19.4375,3.66,0.365,1.423,A,#5,HOLDING,0.385A/A
14279,2026-06-03 15:08:33,19.4125,3.66,0.365,1.423,A,#5,HOLDING,0.395A/A
14280,2026-06-03 15:08:35,19.4375,3.66,0.365,1.423,A,#5,HOLDING,0.411A/A
14281,2026-06-03 15:08:37,19.3875,4.17,0.365,1.423,A,#5,HOLDING,0.411A/A
14282,2026-06-03 15:08:39,19.4000,4.17,0.411,1.767,A,#5,HOLDING,0.425A/A
14283,2026-06-03 15:08:41,19.3750,4.17,0.411,1.767,A,#5,HOLDING,0.434A/A
14284,2026-06-03 15:08:43,19.3750,4.17,0.411,1.767,A,#5,HOLDING,0.447A/A
14285,2026-06-03 15:08:44,19.3750,4.48,0.411,1.767,A,#5,HOLDING,0.456A/A
14286,2026-06-03 15:08:46,19.3625,4.48,0.456,2.147,OFF,--,DONE,0.467A/A
14287,2026-06-03 15:08:49,19.3375,4.48,0.456,2.147,OFF,--,DONE,--
14288,2026-06-03 15:08:50,19.3375,11.43,0.456,2.147,OFF,--,DONE,--
14289,2026-06-03 15:08:51,19.3375,11.43,0.000,2.147,OFF,--,DONE,--
14290,2026-06-03 15:08:52,19.3125,11.43,0.000,0.000,OFF,--,DONE,--
14291,2026-06-03 15:08:53,19.3125,4.69,0.000,0.000,OFF,--,DONE,--
14292,2026-06-03 15:08:54,19.3125,4.69,0.000,0.000,B,#1,APPROACH,3.000A/B
14293,2026-06-03 15:08:56,19.3125,4.69,0.000,0.000,B,#1,APPROACH,2.000A/B
14294,2026-06-03 15:08:58,19.2875,4.69,0.000,0.000,B,#1,APPROACH,2.779A/B
14295,2026-06-03 15:09:00,19.3125,4.69,0.000,0.000,B,#1,APPROACH,2.500A/B
14296,2026-06-03 15:09:02,19.3125,12.00,0.000,0.000,B,#1,APPROACH,1.000A/B
14297,2026-06-03 15:09:04,19.3125,12.00,1.337,8.030,B,#1,APPROACH,1.500A/B
14298,2026-06-03 15:09:06,19.3125,12.00,1.337,8.030,B,#1,APPROACH,1.000A/B
14299,2026-06-03 15:09:08,19.3875,12.00,1.337,8.030,B,#1,APPROACH,1.500A/B
14300,2026-06-03 15:09:10,19.4750,11.42,1.337,8.030,B,#1,APPROACH,2.259A/B
14301,2026-06-03 15:09:12,19.5750,11.42,1.529,18.504,B,#1,APPROACH,2.000A/B
14302,2026-06-03 15:09:14,19.7250,11.42,1.529,18.504,B,#1,APPROACH,3.000A/B
14303,2026-06-03 15:09:16,19.8250,11.42,1.529,18.504,B,#1,APPROACH,1.000A/B
14304,2026-06-03 15:09:18,19.9875,8.61,1.529,18.504,B,#1,APPROACH,1.972A/B
14305,2026-06-03 15:09:19,20.1875,8.61,1.257,17.844,B,#1,APPROACH,1.704A/B
14306,2026-06-03 15:09:22,20.3625,8.61,1.257,17.844,B,#1,APPROACH,1.748A/B
14307,2026-06-03 15:09:23,20.5625,8.61,1.257,17.844,B,#1,APPROACH,1.972A/B
14308,2026-06-03 15:09:25,20.7750,12.00,1.257,17.844,B,#1,APPROACH,1.500A/B
14309,2026-06-03 15:09:27,21.0000,12.00,1.461,17.292,B,#1,APPROACH,2.000A/B
14310,2026-06-03 15:09:29,21.2125,12.00,1.461,17.292,B,#1,APPROACH,1.500A/B
14311,2026-06-03 15:09:31,21.4625,12.00,1.461,17.292,B,#1,APPROACH,1.000A/B
14312,2026-06-03 15:09:33,21.6875,9.08,1.461,17.292,B,#1,APPROACH,2.000A/B
14313,2026-06-03 15:09:35,21.9625,9.08,1.212,16.920,B,#1,APPROACH,1.500A/B
14314,2026-06-03 15:09:37,22.2125,9.08,1.212,16.920,B,#1,APPROACH,2.379A/B
14315,2026-06-03 15:09:39,22.4375,9.08,1.212,16.920,B,#1,APPROACH,2.460A/B
14316,2026-06-03 15:09:41,22.7125,12.00,1.212,16.920,B,#1,APPROACH,2.000A/B
14317,2026-06-03 15:09:42,23.0125,12.00,1.398,16.572,B,#1,APPROACH,2.000A/B
14318,2026-06-03 15:09:45,23.2500,12.00,1.398,16.572,B,#1,APPROACH,1.500A/B
14319,2026-06-03 15:09:46,23.5250,12.00,1.398,16.572,B,#1,APPROACH,1.000A/B
14320,2026-06-03 15:09:48,23.7875,9.36,1.398,16.572,B,#1,APPROACH,2.149A/B
14321,2026-06-03 15:09:50,24.0875,9.36,1.186,16.344,B,#1,APPROACH,2.229A/B
14322,2026-06-03 15:09:53,24.3625,9.36,1.186,16.344,B,#1,APPROACH,1.500A/B
14323,2026-06-03 15:09:54,24.6375,9.36,1.186,16.344,B,#1,APPROACH,2.221A/B
14324,2026-06-03 15:09:56,24.9375,12.00,1.186,16.344,B,#1,APPROACH,1.000A/B
14325,2026-06-03 15:09:58,25.2125,12.00,1.182,9.560,B,#1,APPROACH,1.500A/B
14326,2026-06-03 15:10:00,25.4750,12.00,1.182,9.560,B,#1,APPROACH,2.165A/B
14327,2026-06-03 15:10:02,25.7750,12.00,1.182,9.560,B,#1,HOLDING,2.115A/B
14328,2026-06-03 15:10:04,26.0375,12.00,1.182,9.560,OFF,#1,HOLDING,0.000A/OFF
14329,2026-06-03 15:10:05,26.3125,12.00,1.182,9.560,OFF,#1,HOLDING,0.000A/OFF
14330,2026-06-03 15:10:06,26.3125,12.00,1.349,9.560,OFF,#1,HOLDING,0.000A/OFF
14331,2026-06-03 15:10:07,26.5625,12.00,1.349,0.000,OFF,#1,HOLDING,0.000A/OFF
14332,2026-06-03 15:10:08,26.5625,12.00,1.349,0.000,OFF,#1,HOLDING,0.000A/OFF
14333,2026-06-03 15:10:09,26.8125,12.00,1.349,0.000,OFF,#1,HOLDING,0.000A/OFF
14334,2026-06-03 15:10:10,26.8125,12.00,1.349,0.000,OFF,#1,HOLDING,0.000A/OFF
14335,2026-06-03 15:10:11,27.0875,12.00,1.349,0.000,OFF,#1,HOLDING,0.000A/OFF
14336,2026-06-03 15:10:12,27.0875,12.00,0.000,0.000,OFF,#1,HOLDING,0.000A/OFF
14337,2026-06-03 15:10:13,27.3125,12.00,0.000,0.000,A,#1,HOLDING,0.120A/A
14338,2026-06-03 15:10:14,27.5500,12.00,0.000,0.000,A,#1,HOLDING,0.186A/A
14339,2026-06-03 15:10:16,27.7812,12.00,0.000,0.000,A,#1,HOLDING,0.268A/A
14340,2026-06-03 15:10:18,27.7812,1.48,0.000,0.000,A,#1,HOLDING,0.275A/A
14341,2026-06-03 15:10:20,27.9250,1.48,0.275,0.484,A,#1,HOLDING,0.322A/A
14342,2026-06-03 15:10:22,28.2250,1.48,0.275,0.484,A,#1,HOLDING,0.418A/A
14343,2026-06-03 15:10:24,28.3250,1.48,0.275,0.484,A,#1,HOLDING,0.491A/A
14344,2026-06-03 15:10:25,28.3250,3.59,0.275,0.484,A,#1,HOLDING,0.545A/A
14345,2026-06-03 15:10:27,28.4250,3.59,0.545,2.354,A,#1,HOLDING,0.607A/A
14346,2026-06-03 15:10:30,28.5375,3.59,0.545,2.354,A,#1,HOLDING,0.705A/A
14347,2026-06-03 15:10:31,28.5875,3.59,0.545,2.354,A,#1,HOLDING,0.779A/A
14348,2026-06-03 15:10:33,28.5875,6.13,0.545,2.354,A,#1,HOLDING,0.847A/A
14349,2026-06-03 15:10:35,28.5625,6.13,0.847,5.886,A,#1,HOLDING,0.910A/A
14350,2026-06-03 15:10:37,28.5625,6.13,0.847,5.886,A,#1,HOLDING,1.001A/A
14351,2026-06-03 15:10:39,28.5625,6.13,0.847,5.886,A,#1,HOLDING,1.000A/A
14352,2026-06-03 15:10:41,28.5625,8.02,0.847,5.886,A,#1,HOLDING,1.070A/A
14353,2026-06-03 15:10:43,28.4500,8.02,1.070,9.373,A,#1,HOLDING,1.000A/A
14354,2026-06-03 15:10:45,28.3625,8.02,1.070,9.373,A,#1,HOLDING,1.114A/A
14355,2026-06-03 15:10:47,28.2625,8.02,1.070,9.373,A,#1,HOLDING,1.155A/A
14356,2026-06-03 15:10:49,28.2625,9.31,1.070,9.373,A,#1,HOLDING,1.234A/A
14357,2026-06-03 15:10:50,28.0125,9.31,1.223,12.488,A,#1,HOLDING,1.258A/A
14358,2026-06-03 15:10:53,27.8875,9.31,1.223,12.488,A,#1,HOLDING,1.319A/A
14359,2026-06-03 15:10:54,27.7375,9.31,1.223,12.488,A,#1,HOLDING,1.000A/A
14360,2026-06-03 15:10:56,27.7375,8.49,1.223,12.488,A,#1,HOLDING,1.357A/A
14361,2026-06-03 15:10:58,27.3375,8.49,1.315,15.062,A,#1,HOLDING,1.298A/A
14362,2026-06-03 15:11:00,27.1750,8.49,1.315,15.062,A,#1,HOLDING,1.335A/A
14363,2026-06-03 15:11:02,27.0000,8.49,1.315,15.062,A,#1,HOLDING,1.333A/A
14364,2026-06-03 15:11:04,27.0000,10.89,1.315,15.062,A,#1,HOLDING,1.388A/A
14365,2026-06-03 15:11:06,26.8125,10.89,1.388,15.975,A,#1,HOLDING,1.394A/A
14366,2026-06-03 15:11:08,26.3875,10.89,1.388,15.975,A,#1,HOLDING,1.378A/A
14367,2026-06-03 15:11:10,26.1875,10.89,1.388,15.975,A,#1,HOLDING,1.345A/A
14368,2026-06-03 15:11:12,26.1875,11.14,1.388,15.975,A,#1,HOLDING,1.351A/A
14369,2026-06-03 15:11:13,25.9750,11.14,1.351,15.401,A,#1,HOLDING,1.000A/A
14370,2026-06-03 15:11:16,25.5750,11.14,1.351,15.401,A,#1,HOLDING,1.333A/A
14371,2026-06-03 15:11:17,25.3750,11.14,1.351,15.401,A,#1,HOLDING,1.217A/A
14372,2026-06-03 15:11:19,25.3750,10.39,1.351,15.401,A,#1,HOLDING,1.000A/A
14373,2026-06-03 15:11:21,25.1625,10.39,1.107,9.060,A,#1,HOLDING,1.195A/A
14374,2026-06-03 15:11:23,24.7625,10.39,1.107,9.060,A,#1,HOLDING,1.000A/A
14375,2026-06-03 15:11:25,24.5375,10.39,1.107,9.060,A,#1,HOLDING,1.044A/A
14376,2026-06-03 15:11:27,24.5375,9.28,1.107,9.060,A,#1,HOLDING,0.993A/A
14377,2026-06-03 15:11:29,24.3250,9.28,1.015,8.976,A,#1,HOLDING,0.912A/A
14378,2026-06-03 15:11:31,23.9375,9.28,1.015,8.976,A,#1,HOLDING,0.765A/A
14379,2026-06-03 15:11:33,23.7125,9.28,1.015,8.976,A,#1,HOLDING,0.634A/A
14380,2026-06-03 15:11:35,23.7125,6.33,1.015,8.976,A,#1,HOLDING,0.555A/A
14381,2026-06-03 15:11:36,23.5125,6.33,0.593,3.202,A,#1,HOLDING,0.444A/A
14382,2026-06-03 15:11:39,23.1375,6.33,0.593,3.202,A,#1,HOLDING,0.299A/A
14383,2026-06-03 15:11:40,22.9875,6.33,0.593,3.202,A,#1,HOLDING,0.173A/A
14384,2026-06-03 15:11:42,22.9875,6.33,0.593,3.202,OFF,#1,HOLDING,0.000A/OFF
14385,2026-06-03 15:11:43,22.8250,2.54,0.593,3.202,OFF,#1,HOLDING,0.000A/OFF
14386,2026-06-03 15:11:44,22.6500,2.54,0.173,0.000,B,#1,HOLDING,0.126A/B
14387,2026-06-03 15:11:46,22.6500,2.54,0.173,0.000,B,#1,HOLDING,0.272A/B
14388,2026-06-03 15:11:48,22.5125,2.54,0.173,0.000,B,#1,HOLDING,0.403A/B
14389,2026-06-03 15:11:50,22.3875,2.78,0.173,0.000,B,#1,HOLDING,0.556A/B
14390,2026-06-03 15:11:52,22.2375,2.78,0.535,2.396,B,#1,HOLDING,0.726A/B
14391,2026-06-03 15:11:54,22.1375,2.78,0.535,2.396,B,#1,HOLDING,0.936A/B
14392,2026-06-03 15:11:56,22.0625,2.78,0.535,2.396,B,#1,HOLDING,1.081A/B
14393,2026-06-03 15:11:57,22.0125,8.21,0.535,2.396,B,#1,HOLDING,1.249A/B
14394,2026-06-03 15:11:59,21.9625,8.21,1.227,12.140,B,#1,HOLDING,1.417A/B
14395,2026-06-03 15:12:02,21.9375,8.21,1.227,12.140,B,#1,HOLDING,1.633A/B
14396,2026-06-03 15:12:03,21.9375,8.21,1.227,12.140,B,#1,HOLDING,1.775A/B
14397,2026-06-03 15:12:05,21.9375,12.00,1.227,12.140,B,#1,HOLDING,1.944A/B
14398,2026-06-03 15:12:07,21.9750,12.00,1.557,18.420,B,#1,HOLDING,1.000A/B
14399,2026-06-03 15:12:09,22.0500,12.00,1.557,18.420,B,#1,HOLDING,2.101A/B
14400,2026-06-03 15:12:11,22.1375,12.00,1.557,18.420,B,#1,HOLDING,1.500A/B
14401,2026-06-03 15:12:13,22.2625,11.84,1.557,18.420,B,#1,HOLDING,2.224A/B
14402,2026-06-03 15:12:15,22.3625,11.84,1.498,17.748,B,#1,HOLDING,1.500A/B
14403,2026-06-03 15:12:17,22.5375,11.84,1.498,17.748,B,#1,HOLDING,1.000A/B
14404,2026-06-03 15:12:19,22.6750,11.84,1.498,17.748,B,#1,HOLDING,2.000A/B
14405,2026-06-03 15:12:20,22.8500,12.00,1.498,17.748,B,#1,HOLDING,2.000A/B
14406,2026-06-03 15:12:22,23.0500,12.00,1.448,17.160,B,#1,HOLDING,2.000A/B
14407,2026-06-03 15:12:25,23.2500,12.00,1.448,17.160,B,#1,HOLDING,2.320A/B
14408,2026-06-03 15:12:26,23.4625,12.00,1.448,17.160,B,#1,HOLDING,1.500A/B
14409,2026-06-03 15:12:28,23.6875,12.00,1.448,17.160,B,#1,HOLDING,2.345A/B
14410,2026-06-03 15:12:30,23.9000,12.00,1.409,16.728,B,#1,HOLDING,2.425A/B
14411,2026-06-03 15:12:32,24.1250,12.00,1.409,16.728,B,#1,HOLDING,1.500A/B
14412,2026-06-03 15:12:34,24.3625,12.00,1.409,16.728,B,#1,HOLDING,1.500A/B
14413,2026-06-03 15:12:36,24.5875,12.00,1.409,16.728,B,#1,HOLDING,2.500A/B
14414,2026-06-03 15:12:38,24.8500,12.00,1.379,16.380,B,#1,HOLDING,1.000A/B
14415,2026-06-03 15:12:40,25.1000,12.00,1.379,16.380,B,#1,HOLDING,2.000A/B
14416,2026-06-03 15:12:42,25.3625,12.00,1.379,16.380,B,#1,HOLDING,2.000A/B
14417,2026-06-03 15:12:43,25.6125,12.00,1.379,16.380,B,#1,HOLDING,2.409A/B
14418,2026-06-03 15:12:45,25.9000,12.00,1.360,16.152,B,#1,HOLDING,2.424A/B
14419,2026-06-03 15:12:48,26.1250,12.00,1.360,16.152,B,#1,HOLDING,2.000A/B
14420,2026-06-03 15:12:49,26.3750,12.00,1.360,16.152,B,#1,HOLDING,2.453A/B
14421,2026-06-03 15:12:51,26.6250,12.00,1.360,16.152,B,#1,HOLDING,2.452A/B
14422,2026-06-03 15:12:53,26.8750,12.00,1.341,15.936,B,#1,HOLDING,2.000A/B
14423,2026-06-03 15:12:55,27.1250,12.00,1.341,15.936,B,#1,HOLDING,2.437A/B
14424,2026-06-03 15:12:57,27.3500,12.00,1.341,15.936,B,#1,HOLDING,1.000A/B
14425,2026-06-03 15:12:59,27.6000,9.57,1.341,15.936,B,#1,HOLDING,1.000A/B
14426,2026-06-03 15:13:01,27.8750,9.57,1.000,9.740,B,#1,HOLDING,1.500A/B
14427,2026-06-03 15:13:03,28.1250,9.57,1.000,9.740,B,#1,HOLDING,2.000A/B
14428,2026-06-03 15:13:05,28.3750,9.57,1.000,9.740,B,#1,HOLDING,1.500A/B
14429,2026-06-03 15:13:07,28.6250,12.00,1.000,9.740,B,#1,HOLDING,2.292A/B
14430,2026-06-03 15:13:08,28.8125,12.00,1.324,15.732,B,#1,HOLDING,2.000A/B
14431,2026-06-03 15:13:11,29.0625,12.00,1.324,15.732,B,#1,HOLDING,1.500A/B
14432,2026-06-03 15:13:12,29.3125,12.00,1.324,15.732,B,#1,HOLDING,1.000A/B
14433,2026-06-03 15:13:14,29.5625,9.65,1.324,15.732,B,#1,HOLDING,1.000A/B
14434,2026-06-03 15:13:16,29.8125,9.65,1.000,9.830,B,#1,HOLDING,1.500A/B
14435,2026-06-03 15:13:18,30.0625,9.65,1.000,9.830,B,#1,HOLDING,2.186A/B
14436,2026-06-03 15:13:20,30.2500,9.65,1.000,9.830,B,#1,HOLDING,2.000A/B
14437,2026-06-03 15:13:22,30.5000,12.00,1.000,9.830,B,#1,HOLDING,2.046A/B
14438,2026-06-03 15:13:24,30.7125,12.00,1.309,15.576,B,#1,HOLDING,1.879A/B
14439,2026-06-03 15:13:26,30.9375,12.00,1.309,15.576,B,#1,HOLDING,1.657A/B
14440,2026-06-03 15:13:28,31.1375,12.00,1.309,15.576,B,#1,HOLDING,1.500A/B
14441,2026-06-03 15:13:30,31.3625,12.00,1.309,15.576,B,#1,HOLDING,1.307A/B
14442,2026-06-03 15:13:31,31.5500,12.00,1.299,15.444,B,#1,HOLDING,1.111A/B
14443,2026-06-03 15:13:34,31.7500,12.00,1.299,15.444,B,#1,HOLDING,0.856A/B
14444,2026-06-03 15:13:35,31.9250,12.00,1.299,15.444,B,#1,HOLDING,0.673A/B
14445,2026-06-03 15:13:37,32.1250,7.34,1.299,15.444,B,#1,HOLDING,0.454A/B
14446,2026-06-03 15:13:39,32.3375,7.34,0.469,2.605,B,#1,HOLDING,0.226A/B
14447,2026-06-03 15:13:41,32.5625,7.34,0.469,2.605,OFF,#1,HOLDING,0.000A/OFF
14448,2026-06-03 15:13:43,32.7375,7.34,0.469,2.605,OFF,#1,HOLDING,0.212A/A
14449,2026-06-03 15:13:44,32.9125,7.34,0.469,2.605,A,#1,HOLDING,0.465A/A
14450,2026-06-03 15:13:46,33.1125,12.00,0.000,2.605,A,#1,HOLDING,0.688A/A
14451,2026-06-03 15:13:48,33.2625,12.00,0.000,3.199,A,#1,HOLDING,0.937A/A
14452,2026-06-03 15:13:49,33.3625,12.00,0.000,3.199,A,#1,HOLDING,1.159A/A
14453,2026-06-03 15:13:51,33.4625,12.00,0.000,3.199,A,#1,HOLDING,1.384A/A
14454,2026-06-03 15:13:53,33.4625,9.94,0.000,3.199,A,#1,HOLDING,1.633A/A
14455,2026-06-03 15:13:55,33.5625,9.94,1.506,19.514,A,#1,HOLDING,1.899A/A
14456,2026-06-03 15:13:57,33.6250,9.94,1.506,19.514,A,#1,HOLDING,1.000A/A
14457,2026-06-03 15:13:59,33.5750,9.94,1.506,19.514,A,#1,HOLDING,1.000A/A
14458,2026-06-03 15:14:01,33.5750,7.85,1.506,19.514,A,#1,HOLDING,1.500A/A
14459,2026-06-03 15:14:02,33.5000,7.85,1.367,17.250,A,#1,HOLDING,2.220A/A
14460,2026-06-03 15:14:05,33.3250,7.85,1.367,17.250,A,#1,HOLDING,2.500A/A
14461,2026-06-03 15:14:06,33.1750,7.85,1.367,17.250,A,#1,HOLDING,2.000A/A
14462,2026-06-03 15:14:08,33.1750,12.00,1.367,17.250,A,#1,HOLDING,2.500A/A
14463,2026-06-03 15:14:10,33.0125,12.00,1.543,18.288,A,#1,HOLDING,2.000A/A
14464,2026-06-03 15:14:12,32.6375,12.00,1.543,18.288,A,#1,HOLDING,2.490A/A
14465,2026-06-03 15:14:14,32.4125,12.00,1.543,18.288,A,#1,HOLDING,1.000A/A
14466,2026-06-03 15:14:16,32.4125,8.41,1.543,18.288,A,#1,HOLDING,2.666A/A
14467,2026-06-03 15:14:18,32.2000,8.41,1.505,17.880,A,#1,HOLDING,2.000A/A
14468,2026-06-03 15:14:20,31.7250,8.41,1.505,17.880,A,#1,HOLDING,1.500A/A
14469,2026-06-03 15:14:22,31.4500,8.41,1.505,17.880,A,#1,HOLDING,2.500A/A
14470,2026-06-03 15:14:24,31.4500,12.00,1.505,17.880,A,#1,HOLDING,1.000A/A
14471,2026-06-03 15:14:25,30.9500,12.00,1.193,8.830,A,#1,HOLDING,2.500A/A
14472,2026-06-03 15:14:28,30.6875,12.00,1.193,8.830,A,#1,HOLDING,2.000A/A
14473,2026-06-03 15:14:29,30.4375,12.00,1.193,8.830,A,#1,HOLDING,1.500A/A
14474,2026-06-03 15:14:31,30.4375,12.00,1.193,8.830,A,#1,HOLDING,1.500A/A
14475,2026-06-03 15:14:33,29.8625,12.00,1.456,17.328,A,#1,HOLDING,2.741A/A
14476,2026-06-03 15:14:36,29.6250,12.00,1.456,17.328,A,#1,HOLDING,2.000A/A
14477,2026-06-03 15:14:37,29.3250,12.00,1.456,17.328,A,#1,HOLDING,2.770A/A
14478,2026-06-03 15:14:39,29.3250,12.00,1.456,17.328,A,#1,HOLDING,2.938A/A
14479,2026-06-03 15:14:41,29.0375,12.00,1.444,17.196,A,#1,HOLDING,3.000A/A
14480,2026-06-03 15:14:43,28.4750,12.00,1.444,17.196,A,#1,HOLDING,2.000A/A
14481,2026-06-03 15:14:45,28.2000,12.00,1.444,17.196,A,#1,HOLDING,2.500A/A
14482,2026-06-03 15:14:47,28.2000,12.00,1.444,17.196,A,#1,HOLDING,2.500A/A
14483,2026-06-03 15:14:48,27.9000,12.00,1.429,16.992,A,#1,HOLDING,2.956A/A
14484,2026-06-03 15:14:51,27.3500,12.00,1.429,16.992,A,#1,HOLDING,1.500A/A
14485,2026-06-03 15:14:52,27.0750,12.00,1.429,16.992,A,#1,HOLDING,1.000A/A
14486,2026-06-03 15:14:54,27.0750,9.13,1.429,16.992,A,#1,HOLDING,2.500A/A
14487,2026-06-03 15:14:56,26.8125,9.13,1.211,16.944,A,#1,HOLDING,1.500A/A
14488,2026-06-03 15:14:58,26.3125,9.13,1.211,16.944,A,#1,HOLDING,1.500A/A
14489,2026-06-03 15:15:00,26.0125,9.13,1.211,16.944,A,#1,HOLDING,2.000A/A
14490,2026-06-03 15:15:02,26.0125,12.00,1.211,16.944,A,#1,HOLDING,2.500A/A
14491,2026-06-03 15:15:04,25.7750,12.00,1.422,16.920,A,#2,APPROACH,2.500A/A
14492,2026-06-03 15:15:06,25.2625,12.00,1.422,16.920,OFF,#2,APPROACH,0.000A/OFF
14493,2026-06-03 15:15:07,25.2625,12.00,1.422,16.920,OFF,#2,APPROACH,0.000A/OFF
14494,2026-06-03 15:15:08,25.0125,12.00,1.422,16.920,OFF,#2,APPROACH,0.000A/OFF
14495,2026-06-03 15:15:09,25.0125,12.00,1.422,16.920,OFF,#2,APPROACH,0.000A/OFF
14496,2026-06-03 15:15:10,24.7875,12.00,1.422,16.920,OFF,#2,APPROACH,0.000A/OFF
14497,2026-06-03 15:15:11,24.7875,12.00,1.422,16.920,OFF,#2,APPROACH,0.000A/OFF
14498,2026-06-03 15:15:12,24.5625,12.00,0.000,16.920,OFF,#2,HOLDING,0.000A/OFF
14499,2026-06-03 15:15:13,24.5625,12.00,0.000,0.000,OFF,#2,HOLDING,0.000A/OFF
14500,2026-06-03 15:15:14,24.3250,12.00,0.000,0.000,OFF,#2,HOLDING,0.000A/OFF
14501,2026-06-03 15:15:15,24.3250,12.00,0.000,0.000,OFF,#2,HOLDING,0.000A/OFF
14502,2026-06-03 15:15:16,24.1250,12.00,0.000,0.000,OFF,#2,HOLDING,0.000A/OFF
14503,2026-06-03 15:15:17,24.1250,12.00,0.000,0.000,OFF,#2,HOLDING,0.000A/OFF
14504,2026-06-03 15:15:18,23.9500,12.00,0.000,0.000,OFF,#2,HOLDING,0.000A/OFF
14505,2026-06-03 15:15:19,23.7750,12.00,0.000,0.000,OFF,#2,HOLDING,0.000A/OFF
14506,2026-06-03 15:15:20,23.7750,12.00,0.000,0.000,OFF,#2,HOLDING,0.000A/OFF
14507,2026-06-03 15:15:21,23.6500,12.00,0.000,0.000,OFF,#2,HOLDING,0.000A/OFF
14508,2026-06-03 15:15:22,23.6500,12.00,0.000,0.000,OFF,#2,HOLDING,0.000A/OFF
14509,2026-06-03 15:15:23,23.5250,12.00,0.000,0.000,OFF,#2,HOLDING,0.000A/OFF
14510,2026-06-03 15:15:24,23.5250,12.00,0.000,0.000,OFF,#2,HOLDING,0.000A/OFF
14511,2026-06-03 15:15:25,23.4500,12.00,0.000,0.000,OFF,#2,HOLDING,0.000A/OFF
14512,2026-06-03 15:15:26,23.4500,12.00,0.000,0.000,OFF,#2,HOLDING,0.000A/OFF
14513,2026-06-03 15:15:27,23.3250,12.00,0.000,0.000,OFF,#2,HOLDING,0.000A/OFF
14514,2026-06-03 15:15:28,23.3250,12.00,0.000,0.000,OFF,#2,HOLDING,0.000A/OFF
14515,2026-06-03 15:15:29,23.2375,12.00,0.000,0.000,OFF,#2,HOLDING,0.000A/OFF
14516,2026-06-03 15:15:30,23.2375,12.00,0.000,0.000,OFF,#2,HOLDING,0.000A/OFF
14517,2026-06-03 15:15:31,23.1625,12.00,0.000,0.000,OFF,#2,HOLDING,0.000A/OFF
14518,2026-06-03 15:15:32,23.1625,12.00,0.000,0.000,OFF,#2,HOLDING,0.000A/OFF
14519,2026-06-03 15:15:33,23.1125,12.00,0.000,0.000,OFF,#2,HOLDING,0.000A/OFF
14520,2026-06-03 15:15:34,23.1125,12.00,0.000,0.000,OFF,#2,HOLDING,0.000A/OFF
14521,2026-06-03 15:15:36,23.0625,12.00,0.000,0.000,OFF,#2,HOLDING,0.000A/OFF
14522,2026-06-03 15:15:37,23.0625,12.00,0.000,0.000,OFF,#2,HOLDING,0.000A/OFF
14523,2026-06-03 15:15:38,23.0000,12.00,0.000,0.000,OFF,#2,HOLDING,0.000A/OFF
14524,2026-06-03 15:15:39,22.9500,12.00,0.000,0.000,OFF,#2,HOLDING,0.000A/OFF
14525,2026-06-03 15:15:40,22.9500,12.00,0.000,0.000,OFF,#2,HOLDING,0.000A/OFF
14526,2026-06-03 15:15:41,22.9250,12.00,0.000,0.000,OFF,#2,HOLDING,0.000A/OFF
14527,2026-06-03 15:15:42,22.9250,12.00,0.000,0.000,OFF,#2,HOLDING,0.000A/OFF
14528,2026-06-03 15:15:43,22.8750,12.00,0.000,0.000,B,#2,HOLDING,0.109A/B
14529,2026-06-03 15:15:44,22.8750,6.55,0.109,0.000,B,#2,HOLDING,0.131A/B
14530,2026-06-03 15:15:46,22.8125,6.55,0.109,0.140,B,#2,HOLDING,0.166A/B
14531,2026-06-03 15:15:48,22.8125,6.55,0.109,0.140,B,#2,HOLDING,0.182A/B
14532,2026-06-03 15:15:49,22.8125,6.55,0.109,0.140,B,#2,HOLDING,0.207A/B
14533,2026-06-03 15:15:51,22.8125,1.81,0.109,0.140,B,#2,HOLDING,0.230A/B
14534,2026-06-03 15:15:53,22.8125,1.81,0.230,0.476,B,#2,HOLDING,0.260A/B
14535,2026-06-03 15:15:56,22.8125,1.81,0.230,0.476,B,#2,HOLDING,0.297A/B
14536,2026-06-03 15:15:57,22.8125,1.81,0.230,0.476,B,#2,HOLDING,0.322A/B
14537,2026-06-03 15:15:59,22.8125,2.88,0.230,0.476,B,#2,HOLDING,0.352A/B
14538,2026-06-03 15:16:01,22.8250,2.88,0.352,1.112,B,#2,HOLDING,0.379A/B
14539,2026-06-03 15:16:03,22.8500,2.88,0.352,1.112,B,#2,HOLDING,0.413A/B
14540,2026-06-03 15:16:05,22.8750,2.88,0.352,1.112,B,#2,HOLDING,0.433A/B
14541,2026-06-03 15:16:07,22.8750,3.82,0.352,1.112,B,#2,HOLDING,0.462A/B
14542,2026-06-03 15:16:09,22.9375,3.82,0.462,1.912,B,#2,HOLDING,0.482A/B
14543,2026-06-03 15:16:11,22.9625,3.82,0.462,1.912,B,#2,HOLDING,0.514A/B
14544,2026-06-03 15:16:13,23.0000,3.82,0.462,1.912,B,#3,APPROACH,0.529A/B
14545,2026-06-03 15:16:14,23.0250,3.82,0.462,1.912,OFF,#3,HOLDING,0.000A/OFF
14546,2026-06-03 15:16:15,23.1000,1.60,0.462,1.912,OFF,#3,HOLDING,0.000A/OFF
14547,2026-06-03 15:16:16,23.1000,1.60,0.000,1.912,OFF,#3,HOLDING,0.000A/OFF
14548,2026-06-03 15:16:17,23.1500,1.60,0.000,1.912,OFF,#3,HOLDING,0.000A/OFF
14549,2026-06-03 15:16:18,23.1500,1.60,0.000,0.000,OFF,#3,HOLDING,0.000A/OFF
14550,2026-06-03 15:16:19,23.1875,1.60,0.000,0.000,OFF,#3,HOLDING,0.000A/OFF
14551,2026-06-03 15:16:20,23.1875,1.60,0.000,0.000,OFF,#3,HOLDING,0.000A/OFF
14552,2026-06-03 15:16:21,23.2125,1.60,0.000,0.000,A,#3,HOLDING,0.118A/A
14553,2026-06-03 15:16:23,23.2875,12.00,0.000,0.000,A,#3,HOLDING,0.150A/A
14554,2026-06-03 15:16:25,23.3125,12.00,0.000,0.189,A,#3,HOLDING,0.186A/A
14555,2026-06-03 15:16:27,23.3125,12.00,0.000,0.189,A,#3,HOLDING,0.211A/A
14556,2026-06-03 15:16:28,23.3500,12.00,0.000,0.189,A,#3,HOLDING,0.238A/A
14557,2026-06-03 15:16:30,23.3750,2.11,0.000,0.189,A,#3,HOLDING,0.274A/A
14558,2026-06-03 15:16:32,23.4125,2.11,0.254,0.671,A,#3,HOLDING,0.366A/A
14559,2026-06-03 15:16:34,23.4375,2.11,0.254,0.671,A,#3,HOLDING,0.415A/A
14560,2026-06-03 15:16:36,23.4375,2.11,0.254,0.671,A,#3,HOLDING,0.446A/A
14561,2026-06-03 15:16:38,23.4375,3.90,0.254,0.671,A,#3,HOLDING,0.480A/A
14562,2026-06-03 15:16:40,23.4375,3.90,0.461,2.064,A,#3,HOLDING,0.516A/A
14563,2026-06-03 15:16:42,23.4375,3.90,0.461,2.064,A,#3,HOLDING,0.565A/A
14564,2026-06-03 15:16:44,23.4250,3.90,0.461,2.064,A,#3,HOLDING,0.596A/A
14565,2026-06-03 15:16:46,23.3750,5.17,0.461,2.064,A,#3,HOLDING,0.576A/A
14566,2026-06-03 15:16:47,23.3750,5.17,0.576,2.960,A,#3,HOLDING,0.612A/A
14567,2026-06-03 15:16:50,23.3250,5.17,0.576,2.960,A,#3,HOLDING,0.654A/A
14568,2026-06-03 15:16:51,23.3125,5.17,0.576,2.960,A,#3,HOLDING,0.686A/A
14569,2026-06-03 15:16:53,23.2625,5.98,0.576,2.960,A,#3,HOLDING,0.714A/A
14570,2026-06-03 15:16:55,23.1875,5.98,0.700,4.498,A,#3,HOLDING,0.739A/A
14571,2026-06-03 15:16:57,23.1375,5.98,0.700,4.498,A,#3,HOLDING,0.772A/A
14572,2026-06-03 15:16:59,23.0625,5.98,0.700,4.498,A,#3,HOLDING,0.790A/A
14573,2026-06-03 15:17:01,22.9875,6.87,0.700,4.498,A,#3,HOLDING,0.812A/A
14574,2026-06-03 15:17:03,22.9375,6.87,0.799,5.805,A,#3,HOLDING,0.831A/A
14575,2026-06-03 15:17:05,22.8375,6.87,0.799,5.805,A,#3,HOLDING,0.853A/A
14576,2026-06-03 15:17:07,22.7750,6.87,0.799,5.805,A,#3,HOLDING,0.865A/A
14577,2026-06-03 15:17:09,22.6750,7.52,0.799,5.805,A,#3,HOLDING,0.871A/A
14578,2026-06-03 15:17:10,22.5875,7.52,0.871,6.689,A,#3,HOLDING,0.877A/A
14579,2026-06-03 15:17:13,22.4875,7.52,0.871,6.689,A,#3,HOLDING,0.881A/A
14580,2026-06-03 15:17:14,22.3750,7.52,0.871,6.689,A,#3,HOLDING,0.877A/A
14581,2026-06-03 15:17:16,22.2750,7.71,0.871,6.689,A,#3,HOLDING,0.871A/A
14582,2026-06-03 15:17:18,22.1750,7.71,0.871,6.785,A,#3,HOLDING,0.861A/A
14583,2026-06-03 15:17:20,22.0500,7.71,0.871,6.785,A,#3,HOLDING,0.847A/A
14584,2026-06-03 15:17:22,21.9375,7.71,0.871,6.785,A,#3,HOLDING,0.829A/A
14585,2026-06-03 15:17:24,21.8375,7.46,0.871,6.785,A,#3,HOLDING,0.808A/A
14586,2026-06-03 15:17:26,21.7375,7.46,0.808,5.987,A,#3,HOLDING,0.783A/A
14587,2026-06-03 15:17:28,21.6125,7.46,0.808,5.987,A,#4,APPROACH,0.748A/A
14588,2026-06-03 15:17:30,21.4875,7.46,0.808,5.987,OFF,#4,APPROACH,0.000A/OFF
14589,2026-06-03 15:17:31,21.3625,7.46,0.808,5.987,OFF,#4,APPROACH,0.000A/OFF
14590,2026-06-03 15:17:32,21.3625,7.46,0.808,5.987,OFF,#4,APPROACH,0.000A/OFF
14591,2026-06-03 15:17:33,21.2375,12.00,0.808,5.987,OFF,#4,APPROACH,0.000A/OFF
14592,2026-06-03 15:17:34,21.2375,12.00,0.000,5.987,OFF,#4,APPROACH,0.000A/OFF
14593,2026-06-03 15:17:35,21.1125,12.00,0.000,5.987,OFF,#4,APPROACH,0.000A/OFF
14594,2026-06-03 15:17:36,21.1125,12.00,0.000,0.000,A,#4,APPROACH,0.128A/A
14595,2026-06-03 15:17:38,21.0250,12.00,0.000,0.000,A,#4,APPROACH,0.162A/A
14596,2026-06-03 15:17:40,20.9500,2.13,0.000,0.000,A,#4,APPROACH,0.217A/A
14597,2026-06-03 15:17:41,20.8625,2.13,0.196,0.564,A,#4,APPROACH,0.243A/A
14598,2026-06-03 15:17:44,20.7375,2.13,0.196,0.564,A,#4,HOLDING,0.233A/A
14599,2026-06-03 15:17:45,20.7375,2.13,0.196,0.564,OFF,#4,HOLDING,0.000A/OFF
14600,2026-06-03 15:17:46,20.6875,2.13,0.196,0.564,OFF,#4,HOLDING,0.000A/OFF
14601,2026-06-03 15:17:47,20.6875,12.00,0.196,0.564,OFF,#4,HOLDING,0.000A/OFF
14602,2026-06-03 15:17:48,20.6500,12.00,0.000,0.564,OFF,#4,HOLDING,0.000A/OFF
14603,2026-06-03 15:17:49,20.5750,12.00,0.000,0.000,OFF,#4,HOLDING,0.000A/OFF
14604,2026-06-03 15:17:50,20.5750,12.00,0.000,0.000,OFF,#4,HOLDING,0.000A/OFF
14605,2026-06-03 15:17:51,20.5750,12.00,0.000,0.000,A,#4,HOLDING,0.117A/A
14606,2026-06-03 15:17:53,20.5000,12.00,0.000,0.000,A,#4,HOLDING,0.149A/A
14607,2026-06-03 15:17:55,20.5000,7.53,0.149,0.000,A,#4,HOLDING,0.171A/A
14608,2026-06-03 15:17:57,20.4875,7.53,0.149,0.345,A,#4,HOLDING,0.195A/A
14609,2026-06-03 15:17:58,20.4375,7.53,0.149,0.345,A,#4,HOLDING,0.217A/A
14610,2026-06-03 15:18:00,20.4375,7.53,0.149,0.345,A,#4,HOLDING,0.238A/A
14611,2026-06-03 15:18:02,20.4125,2.53,0.149,0.345,A,#4,HOLDING,0.260A/A
14612,2026-06-03 15:18:04,20.3750,2.53,0.260,0.743,A,#4,HOLDING,0.283A/A
14613,2026-06-03 15:18:06,20.3250,2.53,0.260,0.743,A,#4,HOLDING,0.304A/A
14614,2026-06-03 15:18:08,20.3125,2.53,0.260,0.743,A,#4,HOLDING,0.322A/A
14615,2026-06-03 15:18:09,20.3125,3.30,0.260,0.743,A,#4,HOLDING,0.344A/A
14616,2026-06-03 15:18:11,20.3000,3.30,0.344,1.214,A,#4,HOLDING,0.365A/A
14617,2026-06-03 15:18:14,20.2500,3.30,0.344,1.214,A,#4,HOLDING,0.384A/A
14618,2026-06-03 15:18:15,20.2500,3.30,0.344,1.214,A,#4,HOLDING,0.398A/A
14619,2026-06-03 15:18:17,20.2500,3.84,0.344,1.214,A,#4,HOLDING,0.416A/A
14620,2026-06-03 15:18:19,20.2125,3.84,0.416,1.722,A,#4,HOLDING,0.432A/A
14621,2026-06-03 15:18:21,20.1875,3.84,0.416,1.722,A,#4,HOLDING,0.448A/A
14622,2026-06-03 15:18:23,20.1875,3.84,0.416,1.722,A,#4,HOLDING,0.461A/A
14623,2026-06-03 15:18:25,20.1375,4.38,0.416,1.722,A,#4,HOLDING,0.472A/A
14624,2026-06-03 15:18:27,20.1250,4.38,0.472,2.175,A,#4,HOLDING,0.485A/A
14625,2026-06-03 15:18:29,20.1000,4.38,0.472,2.175,A,#4,HOLDING,0.497A/A
14626,2026-06-03 15:18:31,20.0625,4.38,0.472,2.175,A,#4,HOLDING,0.506A/A
14627,2026-06-03 15:18:33,20.0625,4.75,0.472,2.175,A,#4,HOLDING,0.517A/A
14628,2026-06-03 15:18:34,20.0000,4.75,0.517,2.590,A,#4,HOLDING,0.521A/A
14629,2026-06-03 15:18:37,19.9750,4.75,0.517,2.590,A,#4,HOLDING,0.531A/A
14630,2026-06-03 15:18:38,19.9625,4.75,0.517,2.590,A,#4,HOLDING,0.535A/A
14631,2026-06-03 15:18:40,19.9125,5.09,0.517,2.590,A,#4,HOLDING,0.541A/A
14632,2026-06-03 15:18:42,19.8750,5.09,0.541,2.840,A,#4,HOLDING,0.542A/A
14633,2026-06-03 15:18:44,19.8250,5.09,0.541,2.840,A,#5,APPROACH,0.541A/A
14634,2026-06-03 15:18:46,19.8000,5.09,0.541,2.840,A,#5,APPROACH,0.110A/A
14635,2026-06-03 15:18:48,19.7500,5.09,0.541,2.840,A,#5,APPROACH,0.116A/A
14636,2026-06-03 15:18:50,19.7125,12.00,0.541,2.840,A,#5,APPROACH,0.154A/A
14637,2026-06-03 15:18:52,19.6875,12.00,0.716,0.323,A,#5,APPROACH,0.209A/A
14638,2026-06-03 15:18:54,19.6250,12.00,0.716,0.323,A,#5,APPROACH,0.291A/A
14639,2026-06-03 15:18:56,19.5750,12.00,0.716,0.323,A,#5,APPROACH,0.343A/A
14640,2026-06-03 15:18:58,19.5000,3.61,0.716,0.323,A,#5,APPROACH,0.398A/A
14641,2026-06-03 15:19:00,19.4500,3.61,0.371,1.627,A,#5,APPROACH,0.456A/A
14642,2026-06-03 15:19:02,19.4250,3.61,0.371,1.627,A,#5,APPROACH,0.536A/A
14643,2026-06-03 15:19:04,19.3750,3.61,0.371,1.627,A,#5,APPROACH,0.585A/A
14644,2026-06-03 15:19:05,19.3625,5.43,0.371,1.627,A,#5,APPROACH,0.647A/A
14645,2026-06-03 15:19:07,19.3125,5.43,0.618,3.882,A,#5,APPROACH,0.697A/A
14646,2026-06-03 15:19:10,19.2750,5.43,0.618,3.882,A,#5,APPROACH,0.769A/A
14647,2026-06-03 15:19:11,19.2250,5.43,0.618,3.882,A,#5,APPROACH,0.807A/A
14648,2026-06-03 15:19:13,19.1875,7.15,0.618,3.882,A,#5,APPROACH,0.858A/A
14649,2026-06-03 15:19:15,19.1625,7.15,0.830,6.606,A,#5,APPROACH,0.908A/A
14650,2026-06-03 15:19:17,19.1000,7.15,0.830,6.606,A,#5,APPROACH,0.968A/A
14651,2026-06-03 15:19:19,19.0750,7.15,0.830,6.606,A,#5,APPROACH,1.000A/A
14652,2026-06-03 15:19:21,19.0250,8.64,0.830,6.606,A,#5,APPROACH,1.004A/A
14653,2026-06-03 15:19:23,18.9500,8.64,1.004,8.865,A,#5,APPROACH,1.039A/A
14654,2026-06-03 15:19:25,18.9000,8.64,1.004,8.865,A,#5,APPROACH,1.088A/A
14655,2026-06-03 15:19:27,18.8250,8.64,1.004,8.865,A,#5,APPROACH,1.114A/A
14656,2026-06-03 15:19:29,18.7750,9.54,1.004,8.865,A,#5,HOLDING,1.101A/A
14657,2026-06-03 15:19:30,18.7000,9.54,1.101,8.865,OFF,#5,HOLDING,0.000A/OFF
14658,2026-06-03 15:19:31,18.7000,9.54,1.101,10.580,OFF,#5,HOLDING,0.000A/OFF
14659,2026-06-03 15:19:32,18.6125,9.54,1.101,10.580,OFF,#5,HOLDING,0.000A/OFF
14660,2026-06-03 15:19:33,18.6125,9.54,1.101,10.580,OFF,#5,HOLDING,0.000A/OFF
14661,2026-06-03 15:19:34,18.5625,9.54,1.101,10.580,OFF,#5,HOLDING,0.000A/OFF
14662,2026-06-03 15:19:35,18.5625,12.00,1.101,10.580,A,#5,HOLDING,0.106A/A
14663,2026-06-03 15:19:37,18.4625,12.00,0.052,0.186,A,#5,HOLDING,0.120A/A
14664,2026-06-03 15:19:40,18.3375,12.00,0.052,0.186,A,#5,HOLDING,0.146A/A
14665,2026-06-03 15:19:41,18.3375,12.00,0.052,0.186,A,#5,HOLDING,0.163A/A
14666,2026-06-03 15:19:43,18.2625,2.13,0.052,0.186,A,#5,HOLDING,0.183A/A
14667,2026-06-03 15:19:45,18.2125,2.13,0.183,0.424,A,#5,HOLDING,0.202A/A
14668,2026-06-03 15:19:47,18.1625,2.13,0.183,0.424,A,#5,HOLDING,0.216A/A
14669,2026-06-03 15:19:49,18.1625,2.13,0.183,0.424,A,#5,HOLDING,0.235A/A
14670,2026-06-03 15:19:51,18.1375,2.64,0.183,0.424,A,#5,HOLDING,0.250A/A
14671,2026-06-03 15:19:53,18.1250,2.64,0.250,0.732,A,#5,HOLDING,0.264A/A
14672,2026-06-03 15:19:55,18.1000,2.64,0.250,0.732,A,#5,HOLDING,0.277A/A
14673,2026-06-03 15:19:57,18.1000,2.64,0.250,0.732,A,#5,HOLDING,0.288A/A
14674,2026-06-03 15:19:58,18.1250,3.08,0.250,0.732,A,#5,HOLDING,0.304A/A
14675,2026-06-03 15:20:00,18.1250,3.08,0.304,1.006,A,#5,HOLDING,0.318A/A
14676,2026-06-03 15:20:03,18.1250,3.08,0.304,1.006,A,#5,HOLDING,0.333A/A
14677,2026-06-03 15:20:04,18.1250,3.08,0.304,1.006,A,#5,HOLDING,0.341A/A
14678,2026-06-03 15:20:06,18.1250,3.48,0.304,1.006,A,#5,HOLDING,0.353A/A
14679,2026-06-03 15:20:08,18.1250,3.48,0.353,1.316,A,#5,HOLDING,0.365A/A
14680,2026-06-03 15:20:10,18.1375,3.48,0.353,1.316,A,#5,HOLDING,0.382A/A
14681,2026-06-03 15:20:12,18.1375,3.48,0.353,1.316,A,#5,HOLDING,0.393A/A
14682,2026-06-03 15:20:14,18.1625,3.92,0.353,1.316,A,#5,HOLDING,0.409A/A
14683,2026-06-03 15:20:16,18.1750,3.92,0.409,1.713,A,#5,HOLDING,0.423A/A
14684,2026-06-03 15:20:18,18.1875,3.92,0.409,1.713,A,#5,HOLDING,0.442A/A
14685,2026-06-03 15:20:20,18.1875,3.92,0.409,1.713,A,#5,HOLDING,0.452A/A
14686,2026-06-03 15:20:21,18.1875,4.40,0.409,1.713,A,#5,HOLDING,0.466A/A
14687,2026-06-03 15:20:23,18.2000,4.40,0.466,2.152,A,#5,HOLDING,0.481A/A
14688,2026-06-03 15:20:26,18.1875,4.40,0.466,2.152,A,#5,HOLDING,0.498A/A
14689,2026-06-03 15:20:27,18.1875,4.40,0.466,2.152,A,#5,HOLDING,0.511A/A
14690,2026-06-03 15:20:29,18.2125,4.86,0.466,2.152,OFF,--,DONE,0.527A/A
14691,2026-06-03 15:20:31,18.1875,4.86,0.527,2.152,OFF,--,DONE,--
14692,2026-06-03 15:20:32,18.2125,4.86,0.527,0.000,OFF,--,DONE,--
14693,2026-06-03 15:20:33,18.2125,4.86,0.527,0.000,OFF,--,DONE,--
14694,2026-06-03 15:20:34,18.2500,0.38,0.527,0.000,OFF,--,DONE,--
14695,2026-06-03 15:20:35,18.2250,0.38,0.000,0.000,OFF,--,DONE,--
14696,2026-06-03 15:20:36,18.2250,0.38,0.000,0.000,OFF,--,DONE,--
14697,2026-06-03 15:20:37,18.2500,0.00,0.000,0.000,OFF,--,DONE,--
14698,2026-06-03 15:20:38,18.2500,0.00,0.000,0.000,OFF,--,DONE,--
14699,2026-06-03 15:20:39,18.2500,0.00,0.000,0.000,OFF,--,DONE,--
14700,2026-06-03 15:20:40,18.2500,0.00,0.000,0.000,OFF,--,DONE,--
14701,2026-06-03 15:20:41,18.2500,0.00,0.000,0.000,OFF,--,DONE,--
14702,2026-06-03 15:20:42,18.2500,0.00,0.000,0.000,OFF,--,DONE,--
14703,2026-06-03 15:20:43,18.2750,0.00,0.000,0.000,OFF,--,DONE,--
14704,2026-06-03 15:20:44,18.2750,0.00,0.000,0.000,OFF,--,DONE,--
14705,2026-06-03 15:20:45,18.3250,0.00,0.000,0.000,OFF,--,DONE,--
14706,2026-06-03 15:20:46,18.3250,0.00,0.000,0.000,OFF,--,DONE,--
14707,2026-06-03 15:20:47,18.3500,0.00,0.000,0.000,OFF,--,DONE,--
14708,2026-06-03 15:20:48,18.3500,0.00,0.000,0.000,OFF,--,DONE,--
14709,2026-06-03 15:20:49,18.3500,0.00,0.000,0.000,OFF,--,DONE,--
14710,2026-06-03 15:20:51,18.3500,0.00,0.000,0.000,OFF,--,DONE,--
14711,2026-06-03 15:20:52,18.4000,0.00,0.000,0.000,OFF,--,DONE,--
14712,2026-06-03 15:20:53,18.4000,0.00,0.000,0.000,OFF,--,DONE,--
14713,2026-06-03 15:20:54,18.4750,0.00,0.000,0.000,OFF,--,DONE,--
14714,2026-06-03 15:20:55,18.5000,0.00,0.000,0.000,OFF,--,DONE,--
14715,2026-06-03 15:20:56,18.5000,0.00,0.000,0.000,OFF,--,DONE,--
14716,2026-06-03 15:20:57,18.5625,0.00,0.000,0.000,OFF,--,DONE,--
14717,2026-06-03 15:20:58,18.5625,0.00,0.000,0.000,OFF,--,DONE,--
14718,2026-06-03 15:20:59,18.6125,0.00,0.000,0.000,OFF,--,DONE,--
14719,2026-06-03 15:21:00,18.6125,0.00,0.000,0.000,OFF,--,DONE,--
14720,2026-06-03 15:21:01,18.6375,0.00,0.000,0.000,OFF,--,DONE,--
14721,2026-06-03 15:21:02,18.6375,0.00,0.000,0.000,OFF,--,DONE,--
14722,2026-06-03 15:21:03,18.6875,0.00,0.000,0.000,OFF,--,DONE,--
14723,2026-06-03 15:21:04,18.6875,0.00,0.000,0.000,OFF,--,DONE,--
14724,2026-06-03 15:21:05,18.7500,0.00,0.000,0.000,OFF,--,DONE,--
14725,2026-06-03 15:21:06,18.7500,0.00,0.000,0.000,OFF,--,DONE,--
14726,2026-06-03 15:21:07,18.8000,0.00,0.000,0.000,OFF,--,DONE,--
14727,2026-06-03 15:21:08,18.8000,0.00,0.000,0.000,OFF,--,DONE,--
14728,2026-06-03 15:21:09,18.8500,0.00,0.000,0.000,OFF,--,DONE,--
14729,2026-06-03 15:21:10,18.8500,0.00,0.000,0.000,OFF,--,DONE,--
14730,2026-06-03 15:21:11,18.9250,0.00,0.000,0.000,OFF,--,DONE,--
14731,2026-06-03 15:21:12,18.9250,0.00,0.000,0.000,OFF,--,DONE,--
14732,2026-06-03 15:21:13,18.9500,0.00,0.000,0.000,OFF,--,DONE,--
14733,2026-06-03 15:21:14,19.0250,0.00,0.000,0.000,OFF,--,DONE,--
14734,2026-06-03 15:21:15,19.0250,0.00,0.000,0.000,OFF,--,DONE,--
14735,2026-06-03 15:21:16,19.0750,0.00,0.000,0.000,OFF,--,DONE,--
14736,2026-06-03 15:21:17,19.0750,0.00,0.000,0.000,OFF,--,DONE,--
14737,2026-06-03 15:21:18,19.1250,0.00,0.000,0.000,OFF,--,DONE,--
14738,2026-06-03 15:21:19,19.1250,0.00,0.000,0.000,OFF,--,DONE,--
14739,2026-06-03 15:21:20,19.1625,0.00,0.000,0.000,OFF,--,DONE,--
14740,2026-06-03 15:21:21,19.1625,0.00,0.000,0.000,OFF,--,DONE,--
14741,2026-06-03 15:21:22,19.2375,0.00,0.000,0.000,OFF,--,DONE,--
14742,2026-06-03 15:21:23,19.2375,0.00,0.000,0.000,OFF,--,DONE,--
14743,2026-06-03 15:21:24,19.2875,0.00,0.000,0.000,OFF,--,DONE,--
14744,2026-06-03 15:21:25,19.2875,0.00,0.000,0.000,OFF,--,DONE,--
14745,2026-06-03 15:21:26,19.3625,0.00,0.000,0.000,OFF,--,DONE,--
14746,2026-06-03 15:21:27,19.3625,0.00,0.000,0.000,OFF,--,DONE,--
14747,2026-06-03 15:21:28,19.4125,0.00,0.000,0.000,OFF,--,DONE,--
14748,2026-06-03 15:21:29,19.4875,0.00,0.000,0.000,OFF,--,DONE,--
14749,2026-06-03 15:21:30,19.4875,0.00,0.000,0.000,OFF,--,DONE,--
14750,2026-06-03 15:21:31,19.5000,0.00,0.000,0.000,OFF,--,DONE,--
14751,2026-06-03 15:21:32,19.5000,0.00,0.000,0.000,OFF,--,DONE,--
14752,2026-06-03 15:21:33,19.5500,0.00,0.000,0.000,OFF,--,DONE,--
14753,2026-06-03 15:21:34,19.5500,0.00,0.000,0.000,OFF,--,DONE,--
14754,2026-06-03 15:21:35,19.6250,0.00,0.000,0.000,OFF,--,DONE,--
14755,2026-06-03 15:21:36,19.6250,0.00,0.000,0.000,OFF,--,DONE,--
14756,2026-06-03 15:21:37,19.6750,0.00,0.000,0.000,OFF,--,DONE,--
14757,2026-06-03 15:21:39,19.6750,0.00,0.000,0.000,OFF,--,DONE,--
14758,2026-06-03 15:21:40,19.7250,0.00,0.000,0.000,OFF,--,DONE,--
14759,2026-06-03 15:21:41,19.7250,0.00,0.000,0.000,OFF,--,DONE,--
14760,2026-06-03 15:21:42,19.7500,0.00,0.000,0.000,OFF,--,DONE,--
14761,2026-06-03 15:21:43,19.7500,0.00,0.000,0.000,OFF,--,DONE,--
14762,2026-06-03 15:21:44,19.8125,0.00,0.000,0.000,OFF,--,DONE,--
14763,2026-06-03 15:21:45,19.8125,0.00,0.000,0.000,OFF,--,DONE,--
14764,2026-06-03 15:21:46,19.8375,0.00,0.000,0.000,OFF,--,DONE,--
14765,2026-06-03 15:21:47,19.9375,0.00,0.000,0.000,OFF,--,DONE,--
14766,2026-06-03 15:21:48,19.9375,0.00,0.000,0.000,OFF,--,DONE,--
14767,2026-06-03 15:21:49,19.9375,0.00,0.000,0.000,OFF,--,DONE,--
14768,2026-06-03 15:21:50,19.9375,0.00,0.000,0.000,OFF,--,DONE,--
14769,2026-06-03 15:21:51,20.0000,0.00,0.000,0.000,OFF,--,DONE,--
14770,2026-06-03 15:21:52,20.0000,0.00,0.000,0.000,OFF,--,DONE,--
14771,2026-06-03 15:21:53,20.0500,0.00,0.000,0.000,OFF,--,DONE,--
14772,2026-06-03 15:21:54,20.0500,0.00,0.000,0.000,OFF,--,DONE,--
14773,2026-06-03 15:21:55,20.0750,0.00,0.000,0.000,OFF,--,DONE,--
14774,2026-06-03 15:21:56,20.0750,0.00,0.000,0.000,OFF,--,DONE,--
14775,2026-06-03 15:21:57,20.1250,0.00,0.000,0.000,OFF,--,DONE,--
14776,2026-06-03 15:21:58,20.1250,0.00,0.000,0.000,OFF,--,DONE,--
14777,2026-06-03 15:21:59,20.1625,0.00,0.000,0.000,OFF,--,DONE,--
14778,2026-06-03 15:22:00,20.1625,0.00,0.000,0.000,OFF,--,DONE,--
14779,2026-06-03 15:22:01,20.2125,0.00,0.000,0.000,OFF,--,DONE,--
14780,2026-06-03 15:22:02,20.2125,0.00,0.000,0.000,OFF,--,DONE,--
14781,2026-06-03 15:22:03,20.2500,0.00,0.000,0.000,OFF,--,DONE,--
14782,2026-06-03 15:22:04,20.3000,0.00,0.000,0.000,OFF,--,DONE,--
14783,2026-06-03 15:22:05,20.3000,0.00,0.000,0.000,OFF,--,DONE,--
14784,2026-06-03 15:22:06,20.3250,0.00,0.000,0.000,OFF,--,DONE,--
14785,2026-06-03 15:22:07,20.3250,0.00,0.000,0.000,OFF,--,DONE,--
14786,2026-06-03 15:22:08,20.3750,0.00,0.000,0.000,OFF,--,DONE,--
14787,2026-06-03 15:22:09,20.3750,0.00,0.000,0.000,OFF,--,DONE,--
14788,2026-06-03 15:22:10,20.3875,0.00,0.000,0.000,OFF,--,DONE,--
14789,2026-06-03 15:22:11,20.3875,0.00,0.000,0.000,OFF,--,DONE,--
14790,2026-06-03 15:22:12,20.4375,0.00,0.000,0.000,OFF,--,DONE,--
14791,2026-06-03 15:22:13,20.4375,0.00,0.000,0.000,OFF,--,DONE,--
14792,2026-06-03 15:22:14,20.5000,0.00,0.000,0.000,OFF,--,DONE,--
14793,2026-06-03 15:22:15,20.5000,0.00,0.000,0.000,OFF,--,DONE,--
14794,2026-06-03 15:22:16,20.5000,0.00,0.000,0.000,OFF,--,DONE,--
14795,2026-06-03 15:22:17,20.5000,0.00,0.000,0.000,OFF,--,DONE,--
14796,2026-06-03 15:22:18,20.5125,0.00,0.000,0.000,OFF,--,DONE,--
14797,2026-06-03 15:22:20,20.5875,0.00,0.000,0.000,OFF,--,DONE,--
14798,2026-06-03 15:22:21,20.5875,0.00,0.000,0.000,OFF,--,DONE,--
14799,2026-06-03 15:22:22,20.6250,0.00,0.000,0.000,OFF,--,DONE,--
14800,2026-06-03 15:22:23,20.6250,0.00,0.000,0.000,OFF,--,DONE,--
14801,2026-06-03 15:22:24,20.6500,0.00,0.000,0.000,OFF,--,DONE,--
14802,2026-06-03 15:22:25,20.6500,0.00,0.000,0.000,OFF,--,DONE,--
14803,2026-06-03 15:22:26,20.6625,0.00,0.000,0.000,OFF,--,DONE,--
14804,2026-06-03 15:22:27,20.6625,0.00,0.000,0.000,OFF,--,DONE,--
14805,2026-06-03 15:22:28,20.6875,0.00,0.000,0.000,OFF,--,DONE,--
14806,2026-06-03 15:22:29,20.6875,0.00,0.000,0.000,OFF,--,DONE,--
14807,2026-06-03 15:22:30,20.6875,0.00,0.000,0.000,OFF,--,DONE,--
14808,2026-06-03 15:22:31,20.6875,0.00,0.000,0.000,OFF,--,DONE,--
14809,2026-06-03 15:22:32,20.7375,0.00,0.000,0.000,OFF,--,DONE,--
14810,2026-06-03 15:22:33,20.7375,0.00,0.000,0.000,OFF,--,DONE,--
14811,2026-06-03 15:22:34,20.7750,0.00,0.000,0.000,B,#1,APPROACH,3.000A/B
14812,2026-06-03 15:22:36,20.8000,0.00,0.000,0.000,B,#1,APPROACH,1.500A/B
14813,2026-06-03 15:22:38,20.8250,0.00,0.000,0.000,B,#1,APPROACH,2.000A/B
14814,2026-06-03 15:22:40,20.8750,0.00,0.000,0.000,B,#1,APPROACH,2.000A/B
14815,2026-06-03 15:22:42,20.8750,0.00,0.000,0.000,B,#1,APPROACH,1.000A/B
14816,2026-06-03 15:22:44,20.9000,8.05,0.000,0.000,B,#1,APPROACH,1.500A/B
14817,2026-06-03 15:22:45,20.9500,8.05,1.302,17.475,B,#1,APPROACH,3.000A/B
14818,2026-06-03 15:22:48,21.0000,8.05,1.302,17.475,B,#1,APPROACH,1.000A/B
14819,2026-06-03 15:22:49,21.1000,8.05,1.302,17.475,B,#1,APPROACH,2.500A/B
14820,2026-06-03 15:22:51,21.1750,12.00,1.302,17.475,B,#1,APPROACH,3.000A/B
14821,2026-06-03 15:22:53,21.2750,12.00,1.514,17.892,B,#1,APPROACH,2.500A/B
14822,2026-06-03 15:22:56,21.4500,12.00,1.514,17.892,B,#1,APPROACH,1.500A/B
14823,2026-06-03 15:22:57,21.5500,12.00,1.514,17.892,B,#1,APPROACH,3.000A/B
14824,2026-06-03 15:22:59,21.7500,12.00,1.514,17.892,B,#1,APPROACH,2.000A/B
14825,2026-06-03 15:23:01,21.9250,12.00,1.462,17.328,B,#1,APPROACH,1.500A/B
14826,2026-06-03 15:23:03,22.1250,12.00,1.462,17.328,B,#1,APPROACH,3.000A/B
14827,2026-06-03 15:23:05,22.3250,12.00,1.462,17.328,B,#1,APPROACH,1.500A/B
14828,2026-06-03 15:23:07,22.5500,12.00,1.462,17.328,B,#1,APPROACH,2.000A/B
14829,2026-06-03 15:23:09,22.7375,12.00,1.423,16.884,B,#1,APPROACH,1.000A/B
14830,2026-06-03 15:23:11,22.9875,12.00,1.423,16.884,B,#1,APPROACH,2.500A/B
14831,2026-06-03 15:23:12,23.1875,12.00,1.423,16.884,B,#1,APPROACH,2.000A/B
14832,2026-06-03 15:23:14,23.4625,12.00,1.423,16.884,B,#1,APPROACH,2.500A/B
14833,2026-06-03 15:23:16,23.7125,12.00,1.395,16.572,B,#1,APPROACH,1.500A/B
14834,2026-06-03 15:23:19,23.9625,12.00,1.395,16.572,B,#1,APPROACH,2.000A/B
14835,2026-06-03 15:23:20,24.2125,12.00,1.395,16.572,B,#1,APPROACH,1.500A/B
14836,2026-06-03 15:23:22,24.4625,12.00,1.395,16.572,B,#1,APPROACH,1.150A/B
14837,2026-06-03 15:23:24,24.7125,12.00,1.263,12.063,B,#1,APPROACH,1.500A/B
14838,2026-06-03 15:23:26,24.9625,12.00,1.263,12.063,B,#1,APPROACH,1.485A/B
14839,2026-06-03 15:23:28,25.2125,12.00,1.263,12.063,B,#1,APPROACH,1.000A/B
14840,2026-06-03 15:23:30,25.4875,9.40,1.263,12.063,B,#1,APPROACH,1.256A/B
14841,2026-06-03 15:23:31,25.7500,9.40,1.125,14.255,B,#1,APPROACH,1.070A/B
14842,2026-06-03 15:23:34,26.0000,9.40,1.125,14.255,B,#1,APPROACH,1.004A/B
14843,2026-06-03 15:23:35,26.2500,9.40,1.125,14.255,B,#1,APPROACH,0.937A/B
14844,2026-06-03 15:23:37,26.5000,9.02,1.125,14.255,B,#1,APPROACH,0.966A/B
14845,2026-06-03 15:23:39,26.7500,9.02,0.949,9.022,B,#1,APPROACH,1.000A/B
14846,2026-06-03 15:23:42,27.0000,9.02,0.949,9.022,B,#1,APPROACH,1.078A/B
14847,2026-06-03 15:23:43,27.2375,9.02,0.949,9.022,B,#1,APPROACH,1.051A/B
14848,2026-06-03 15:23:45,27.4625,9.83,0.949,9.022,B,#1,HOLDING,0.940A/B
14849,2026-06-03 15:23:47,27.6875,9.83,0.978,8.591,B,#1,HOLDING,0.107A/B
14850,2026-06-03 15:23:49,27.9375,9.83,0.978,8.591,OFF,#1,HOLDING,0.000A/OFF
14851,2026-06-03 15:23:50,28.1750,9.83,0.978,8.591,OFF,#1,HOLDING,0.000A/OFF
14852,2026-06-03 15:23:51,28.1750,9.83,0.978,8.591,OFF,#1,HOLDING,0.000A/OFF
14853,2026-06-03 15:23:52,28.3750,9.83,0.978,8.591,OFF,#1,HOLDING,0.000A/OFF
14854,2026-06-03 15:23:53,28.3750,12.00,0.000,8.591,OFF,#1,HOLDING,0.000A/OFF
14855,2026-06-03 15:23:54,28.5625,12.00,0.000,8.591,OFF,#1,HOLDING,0.000A/OFF
14856,2026-06-03 15:23:55,28.5625,12.00,0.000,0.000,OFF,#1,HOLDING,0.000A/OFF
14857,2026-06-03 15:23:56,28.7625,12.00,0.000,0.000,A,#1,HOLDING,0.316A/A
14858,2026-06-03 15:23:58,28.9250,12.00,0.000,0.000,A,#1,HOLDING,0.348A/A
14859,2026-06-03 15:23:59,29.0750,2.20,0.000,0.000,A,#1,HOLDING,0.694A/A
14860,2026-06-03 15:24:01,29.0750,2.20,0.517,3.643,A,#1,HOLDING,0.684A/A
14861,2026-06-03 15:24:04,29.2875,2.20,0.517,3.643,A,#1,HOLDING,1.357A/A
14862,2026-06-03 15:24:05,29.3250,2.20,0.517,3.643,A,#1,HOLDING,1.000A/A
14863,2026-06-03 15:24:07,29.3750,7.61,0.517,3.643,A,#1,HOLDING,1.500A/A
14864,2026-06-03 15:24:09,29.3750,7.61,1.244,16.905,A,#1,HOLDING,1.671A/A
14865,2026-06-03 15:24:11,29.4000,7.61,1.244,16.905,A,#1,HOLDING,1.406A/A
14866,2026-06-03 15:24:13,29.3750,7.61,1.244,16.905,A,#1,HOLDING,0.758A/A
14867,2026-06-03 15:24:15,29.3500,6.28,1.244,16.905,A,#1,HOLDING,0.631A/A
14868,2026-06-03 15:24:17,29.3500,6.28,0.693,3.451,A,#1,HOLDING,0.664A/A
14869,2026-06-03 15:24:19,29.2375,6.28,0.693,3.451,A,#1,HOLDING,0.457A/A
14870,2026-06-03 15:24:21,29.1250,6.28,0.693,3.451,A,#1,HOLDING,0.443A/A
14871,2026-06-03 15:24:22,29.0500,4.03,0.693,3.451,A,#1,HOLDING,0.515A/A
14872,2026-06-03 15:24:24,29.0500,4.03,0.476,2.410,A,#1,HOLDING,0.439A/A
14873,2026-06-03 15:24:27,28.8000,4.03,0.476,2.410,A,#1,HOLDING,0.394A/A
14874,2026-06-03 15:24:28,28.7000,4.03,0.476,2.410,A,#1,HOLDING,0.405A/A
14875,2026-06-03 15:24:30,28.5750,3.86,0.476,2.410,A,#1,HOLDING,0.370A/A
14876,2026-06-03 15:24:32,28.5750,3.86,0.385,1.343,A,#1,HOLDING,0.388A/A
14877,2026-06-03 15:24:34,28.3625,3.86,0.385,1.343,A,#1,HOLDING,0.359A/A
14878,2026-06-03 15:24:36,28.2000,3.86,0.385,1.343,A,#1,HOLDING,0.329A/A
14879,2026-06-03 15:24:38,28.0500,3.29,0.385,1.343,A,#1,HOLDING,0.304A/A
14880,2026-06-03 15:24:40,28.0500,3.29,0.304,0.963,A,#1,HOLDING,0.317A/A
14881,2026-06-03 15:24:42,27.8375,3.29,0.304,0.963,A,#1,HOLDING,0.285A/A
14882,2026-06-03 15:24:44,27.6750,3.29,0.304,0.963,A,#1,HOLDING,0.248A/A
14883,2026-06-03 15:24:46,27.5500,2.65,0.304,0.963,A,#2,APPROACH,0.191A/A
14884,2026-06-03 15:24:47,27.5500,2.65,0.215,0.000,A,#2,APPROACH,0.428A/A
14885,2026-06-03 15:24:50,27.2750,2.65,0.215,0.000,A,#2,APPROACH,0.441A/A
14886,2026-06-03 15:24:52,27.1750,2.65,0.215,0.000,A,#2,APPROACH,0.505A/A
14887,2026-06-03 15:24:54,27.0500,2.65,0.215,0.000,A,#2,APPROACH,0.570A/A
14888,2026-06-03 15:24:55,26.9500,5.17,0.215,0.000,A,#2,APPROACH,0.629A/A
14889,2026-06-03 15:24:57,26.8000,5.17,0.598,3.585,A,#2,APPROACH,0.756A/A
14890,2026-06-03 15:25:00,26.6500,5.17,0.598,3.585,A,#2,APPROACH,0.879A/A
14891,2026-06-03 15:25:01,26.5250,5.17,0.598,3.585,A,#2,APPROACH,1.022A/A
14892,2026-06-03 15:25:03,26.3625,8.58,0.598,3.585,A,#2,APPROACH,1.217A/A
14893,2026-06-03 15:25:05,26.2125,8.58,1.116,12.303,A,#2,APPROACH,1.341A/A
14894,2026-06-03 15:25:07,26.0750,8.58,1.116,12.303,A,#2,APPROACH,1.535A/A
14895,2026-06-03 15:25:09,25.9250,8.58,1.116,12.303,A,#2,APPROACH,1.656A/A
14896,2026-06-03 15:25:11,25.7625,12.00,1.116,12.303,A,#2,APPROACH,1.658A/A
14897,2026-06-03 15:25:13,25.5875,12.00,1.498,17.796,A,#2,APPROACH,2.035A/A
14898,2026-06-03 15:25:15,25.4000,12.00,1.498,17.796,A,#2,APPROACH,2.000A/A
14899,2026-06-03 15:25:17,25.2500,12.00,1.498,17.796,A,#2,APPROACH,2.089A/A
14900,2026-06-03 15:25:18,25.0125,12.00,1.498,17.796,A,#2,APPROACH,2.000A/A
14901,2026-06-03 15:25:20,24.8375,12.00,1.470,17.472,A,#2,APPROACH,2.000A/A
14902,2026-06-03 15:25:23,24.6375,12.00,1.470,17.472,A,#2,APPROACH,1.000A/A
14903,2026-06-03 15:25:24,24.4375,12.00,1.470,17.472,A,#2,APPROACH,2.500A/A
14904,2026-06-03 15:25:26,24.2250,12.00,1.470,17.472,A,#2,APPROACH,1.000A/A
14905,2026-06-03 15:25:28,24.0000,12.00,1.224,9.080,A,#2,APPROACH,2.189A/A
14906,2026-06-03 15:25:30,23.8250,12.00,1.224,9.080,A,#2,APPROACH,2.354A/A
14907,2026-06-03 15:25:32,23.6250,12.00,1.224,9.080,A,#2,APPROACH,2.000A/A
14908,2026-06-03 15:25:34,23.3875,12.00,1.224,9.080,A,#2,APPROACH,2.354A/A
14909,2026-06-03 15:25:36,23.1875,12.00,1.442,17.184,A,#2,APPROACH,2.000A/A
14910,2026-06-03 15:25:38,23.0125,12.00,1.442,17.184,A,#2,APPROACH,2.199A/A
14911,2026-06-03 15:25:40,22.8125,12.00,1.442,17.184,A,#2,APPROACH,2.000A/A
14912,2026-06-03 15:25:41,22.6000,12.00,1.442,17.184,A,#2,APPROACH,2.160A/A
14913,2026-06-03 15:25:43,22.3750,12.00,1.429,17.028,A,#2,APPROACH,2.000A/A
14914,2026-06-03 15:25:46,22.2000,12.00,1.429,17.028,A,#2,APPROACH,2.325A/A
14915,2026-06-03 15:25:47,22.0000,12.00,1.429,17.028,A,#2,APPROACH,1.500A/A
14916,2026-06-03 15:25:49,21.7875,12.00,1.429,17.028,A,#2,APPROACH,1.000A/A
14917,2026-06-03 15:25:51,21.6125,12.00,1.059,9.270,A,#2,APPROACH,1.500A/A
14918,2026-06-03 15:25:53,21.4500,12.00,1.059,9.270,A,#2,APPROACH,2.286A/A
14919,2026-06-03 15:25:55,21.2000,12.00,1.059,9.270,A,#2,APPROACH,2.244A/A
14920,2026-06-03 15:25:57,21.0500,12.00,1.059,9.270,A,#2,APPROACH,2.000A/A
14921,2026-06-03 15:25:59,20.8750,12.00,1.419,16.920,A,#2,APPROACH,2.257A/A
14922,2026-06-03 15:26:01,20.7000,12.00,1.419,16.920,A,#2,APPROACH,2.318A/A
14923,2026-06-03 15:26:03,20.5250,12.00,1.419,16.920,A,#2,HOLDING,2.283A/A
14924,2026-06-03 15:26:04,20.3625,12.00,1.419,16.920,OFF,#2,HOLDING,0.000A/OFF
14925,2026-06-03 15:26:05,20.3625,12.00,1.419,16.920,OFF,#2,HOLDING,0.000A/OFF
14926,2026-06-03 15:26:07,20.1875,12.00,1.405,16.920,OFF,#2,HOLDING,0.000A/OFF
14927,2026-06-03 15:26:08,20.1875,12.00,1.405,0.000,OFF,#2,HOLDING,0.000A/OFF
14928,2026-06-03 15:26:09,20.0250,12.00,1.405,0.000,OFF,#2,HOLDING,0.000A/OFF
14929,2026-06-03 15:26:10,20.0250,12.00,1.405,0.000,OFF,#2,HOLDING,0.000A/OFF
14930,2026-06-03 15:26:11,19.9000,12.00,1.405,0.000,OFF,#2,HOLDING,0.000A/OFF
14931,2026-06-03 15:26:12,19.9000,12.00,1.405,0.000,OFF,#2,HOLDING,0.000A/OFF
14932,2026-06-03 15:26:13,19.7500,12.00,0.000,0.000,OFF,#2,HOLDING,0.000A/OFF
14933,2026-06-03 15:26:14,19.7500,12.00,0.000,0.000,OFF,#2,HOLDING,0.000A/OFF
14934,2026-06-03 15:26:15,19.6500,12.00,0.000,0.000,OFF,#2,HOLDING,0.000A/OFF
14935,2026-06-03 15:26:16,19.6500,12.00,0.000,0.000,OFF,#2,HOLDING,0.000A/OFF
14936,2026-06-03 15:26:17,19.5500,12.00,0.000,0.000,OFF,#2,HOLDING,0.000A/OFF
14937,2026-06-03 15:26:18,19.5500,12.00,0.000,0.000,OFF,#2,HOLDING,0.000A/OFF
14938,2026-06-03 15:26:19,19.4750,12.00,0.000,0.000,OFF,#2,HOLDING,0.000A/OFF
14939,2026-06-03 15:26:20,19.4750,12.00,0.000,0.000,OFF,#2,HOLDING,0.000A/OFF
14940,2026-06-03 15:26:21,19.4375,12.00,0.000,0.000,OFF,#2,HOLDING,0.000A/OFF
14941,2026-06-03 15:26:22,19.3875,12.00,0.000,0.000,OFF,#2,HOLDING,0.000A/OFF
14942,2026-06-03 15:26:23,19.3875,12.00,0.000,0.000,OFF,#2,HOLDING,0.000A/OFF
14943,2026-06-03 15:26:24,19.3750,12.00,0.000,0.000,OFF,#2,HOLDING,0.000A/OFF
14944,2026-06-03 15:26:25,19.3750,12.00,0.000,0.000,OFF,#2,HOLDING,0.000A/OFF
14945,2026-06-03 15:26:26,19.3250,12.00,0.000,0.000,OFF,#2,HOLDING,0.000A/OFF
14946,2026-06-03 15:26:27,19.3250,12.00,0.000,0.000,OFF,#2,HOLDING,0.000A/OFF
14947,2026-06-03 15:26:28,19.3125,12.00,0.000,0.000,OFF,#2,HOLDING,0.000A/OFF
14948,2026-06-03 15:26:29,19.3125,12.00,0.000,0.000,OFF,#2,HOLDING,0.000A/OFF
14949,2026-06-03 15:26:30,19.3375,12.00,0.000,0.000,OFF,#2,HOLDING,0.000A/OFF
14950,2026-06-03 15:26:31,19.3375,12.00,0.000,0.000,OFF,#2,HOLDING,0.000A/OFF
14951,2026-06-03 15:26:32,19.3125,12.00,0.000,0.000,OFF,#2,HOLDING,0.000A/OFF
14952,2026-06-03 15:26:33,19.3125,12.00,0.000,0.000,OFF,#2,HOLDING,0.000A/OFF
14953,2026-06-03 15:26:34,19.3125,12.00,0.000,0.000,OFF,#2,HOLDING,0.000A/OFF
14954,2026-06-03 15:26:35,19.3125,12.00,0.000,0.000,OFF,#2,HOLDING,0.000A/OFF
14955,2026-06-03 15:26:36,19.3750,12.00,0.000,0.000,OFF,#2,HOLDING,0.000A/OFF
14956,2026-06-03 15:26:37,19.3750,12.00,0.000,0.000,OFF,#2,HOLDING,0.000A/OFF
14957,2026-06-03 15:26:38,19.4000,12.00,0.000,0.000,OFF,#2,HOLDING,0.000A/OFF
14958,2026-06-03 15:26:39,19.4000,12.00,0.000,0.000,OFF,#2,HOLDING,0.000A/OFF
14959,2026-06-03 15:26:40,19.4125,12.00,0.000,0.000,OFF,#2,HOLDING,0.000A/OFF
14960,2026-06-03 15:26:41,19.4125,12.00,0.000,0.000,OFF,#2,HOLDING,0.000A/OFF
14961,2026-06-03 15:26:42,19.4625,12.00,0.000,0.000,OFF,#2,HOLDING,0.000A/OFF
14962,2026-06-03 15:26:43,19.4625,12.00,0.000,0.000,OFF,#2,HOLDING,0.000A/OFF
14963,2026-06-03 15:26:44,19.4750,12.00,0.000,0.000,OFF,#2,HOLDING,0.000A/OFF
14964,2026-06-03 15:26:45,19.5250,12.00,0.000,0.000,OFF,#2,HOLDING,0.000A/OFF
14965,2026-06-03 15:26:46,19.5250,12.00,0.000,0.000,OFF,#2,HOLDING,0.000A/OFF
14966,2026-06-03 15:26:47,19.5750,12.00,0.000,0.000,OFF,#2,HOLDING,0.000A/OFF
14967,2026-06-03 15:26:48,19.5750,12.00,0.000,0.000,OFF,#2,HOLDING,0.000A/OFF
14968,2026-06-03 15:26:49,19.6250,12.00,0.000,0.000,OFF,#2,HOLDING,0.000A/OFF
14969,2026-06-03 15:26:50,19.6250,12.00,0.000,0.000,OFF,#2,HOLDING,0.000A/OFF
14970,2026-06-03 15:26:51,19.6625,12.00,0.000,0.000,OFF,#2,HOLDING,0.000A/OFF
14971,2026-06-03 15:26:52,19.6625,12.00,0.000,0.000,OFF,#2,HOLDING,0.000A/OFF
14972,2026-06-03 15:26:53,19.7125,12.00,0.000,0.000,OFF,#2,HOLDING,0.000A/OFF
14973,2026-06-03 15:26:54,19.7125,12.00,0.000,0.000,OFF,#2,HOLDING,0.000A/OFF
14974,2026-06-03 15:26:55,19.7750,12.00,0.000,0.000,OFF,#2,HOLDING,0.000A/OFF
14975,2026-06-03 15:26:56,19.7750,12.00,0.000,0.000,OFF,#2,HOLDING,0.000A/OFF
14976,2026-06-03 15:26:57,19.8000,12.00,0.000,0.000,OFF,#2,HOLDING,0.000A/OFF
14977,2026-06-03 15:26:58,19.8000,12.00,0.000,0.000,OFF,#2,HOLDING,0.000A/OFF
14978,2026-06-03 15:26:59,19.8750,12.00,0.000,0.000,OFF,#2,HOLDING,0.000A/OFF
14979,2026-06-03 15:27:00,19.8750,12.00,0.000,0.000,OFF,#2,HOLDING,0.000A/OFF
14980,2026-06-03 15:27:01,19.9250,12.00,0.000,0.000,OFF,#2,HOLDING,0.000A/OFF
14981,2026-06-03 15:27:02,19.9250,12.00,0.000,0.000,OFF,#2,HOLDING,0.000A/OFF
14982,2026-06-03 15:27:03,19.9750,12.00,0.000,0.000,OFF,#3,APPROACH,0.000A/OFF
14983,2026-06-03 15:27:04,20.0250,11.81,0.000,0.000,A,#3,APPROACH,0.126A/A
14984,2026-06-03 15:27:06,20.0250,11.81,0.000,0.000,A,#3,APPROACH,0.145A/A
14985,2026-06-03 15:27:08,20.0750,11.81,0.000,0.000,A,#3,APPROACH,0.197A/A
14986,2026-06-03 15:27:10,20.2000,11.81,0.000,0.000,A,#3,APPROACH,0.283A/A
14987,2026-06-03 15:27:12,20.2000,11.81,0.000,0.000,A,#3,APPROACH,0.344A/A
14988,2026-06-03 15:27:13,20.2500,3.24,0.000,0.000,A,#3,APPROACH,0.436A/A
14989,2026-06-03 15:27:15,20.2875,3.24,0.436,1.796,A,#3,APPROACH,0.530A/A
14990,2026-06-03 15:27:18,20.3750,3.24,0.436,1.796,A,#3,APPROACH,0.674A/A
14991,2026-06-03 15:27:19,20.3750,3.24,0.436,1.796,A,#3,APPROACH,0.757A/A
14992,2026-06-03 15:27:21,20.4250,6.55,0.436,1.796,A,#3,APPROACH,0.867A/A
14993,2026-06-03 15:27:23,20.4375,6.55,0.867,6.632,A,#3,APPROACH,0.966A/A
14994,2026-06-03 15:27:25,20.4375,6.55,0.867,6.632,A,#3,APPROACH,1.000A/A
14995,2026-06-03 15:27:27,20.4375,6.55,0.867,6.632,A,#3,APPROACH,1.000A/A
14996,2026-06-03 15:27:29,20.4375,8.49,0.867,6.632,A,#3,APPROACH,1.000A/A
14997,2026-06-03 15:27:31,20.4625,8.49,1.000,8.750,A,#3,APPROACH,1.100A/A
14998,2026-06-03 15:27:33,20.4375,8.49,1.000,8.750,A,#3,APPROACH,1.231A/A
14999,2026-06-03 15:27:35,20.4250,8.49,1.000,8.750,A,#3,APPROACH,1.319A/A
15000,2026-06-03 15:27:37,20.3500,10.68,1.000,8.750,A,#3,APPROACH,1.407A/A
15001,2026-06-03 15:27:38,20.3375,10.68,1.395,16.293,A,#3,APPROACH,1.500A/A
15002,2026-06-03 15:27:41,20.2625,10.68,1.395,16.293,A,#3,APPROACH,1.500A/A
15003,2026-06-03 15:27:42,20.2125,10.68,1.395,16.293,A,#3,APPROACH,1.583A/A
15004,2026-06-03 15:27:44,20.1375,12.00,1.395,16.293,A,#3,APPROACH,1.666A/A
15005,2026-06-03 15:27:46,20.0625,12.00,1.467,17.424,A,#3,APPROACH,1.751A/A
15006,2026-06-03 15:27:48,20.0125,12.00,1.467,17.424,A,#3,APPROACH,1.500A/A
15007,2026-06-03 15:27:50,19.9000,12.00,1.467,17.424,A,#3,APPROACH,1.855A/A
15008,2026-06-03 15:27:52,19.7750,12.00,1.467,17.424,A,#3,APPROACH,1.924A/A
15009,2026-06-03 15:27:54,19.6750,12.00,1.448,17.220,A,#3,APPROACH,1.989A/A
15010,2026-06-03 15:27:56,19.5500,12.00,1.448,17.220,A,#3,APPROACH,2.079A/A
15011,2026-06-03 15:27:58,19.4625,12.00,1.448,17.220,A,#3,APPROACH,2.136A/A
15012,2026-06-03 15:28:00,19.3375,12.00,1.448,17.220,A,#3,APPROACH,2.000A/A
15013,2026-06-03 15:28:01,19.2000,12.00,1.430,17.004,A,#3,APPROACH,2.182A/A
15014,2026-06-03 15:28:04,19.0750,12.00,1.430,17.004,A,#3,APPROACH,2.000A/A
15015,2026-06-03 15:28:05,18.9625,12.00,1.430,17.004,A,#3,APPROACH,1.500A/A
15016,2026-06-03 15:28:07,18.8625,12.00,1.430,17.004,A,#3,APPROACH,1.500A/A
15017,2026-06-03 15:28:09,18.7125,12.00,1.418,16.884,A,#3,APPROACH,2.227A/A
15018,2026-06-03 15:28:11,18.5875,12.00,1.418,16.884,A,#3,HOLDING,1.500A/A
15019,2026-06-03 15:28:13,18.4625,12.00,1.418,16.884,OFF,#3,HOLDING,0.000A/OFF
15020,2026-06-03 15:28:14,18.3625,12.00,1.418,16.884,OFF,#3,HOLDING,0.000A/OFF
15021,2026-06-03 15:28:15,18.3625,12.00,1.418,16.884,OFF,#3,HOLDING,0.000A/OFF
15022,2026-06-03 15:28:16,18.2125,12.00,0.000,16.884,OFF,#3,HOLDING,0.000A/OFF
15023,2026-06-03 15:28:17,18.2125,12.00,0.000,0.000,OFF,#3,HOLDING,0.000A/OFF
15024,2026-06-03 15:28:18,18.0875,12.00,0.000,0.000,OFF,#3,HOLDING,0.000A/OFF
15025,2026-06-03 15:28:19,18.0875,12.00,0.000,0.000,OFF,#3,HOLDING,0.000A/OFF
15026,2026-06-03 15:28:20,17.9875,12.00,0.000,0.000,OFF,#3,HOLDING,0.000A/OFF
15027,2026-06-03 15:28:21,17.8875,12.00,0.000,0.000,OFF,#3,HOLDING,0.000A/OFF
15028,2026-06-03 15:28:22,17.8875,12.00,0.000,0.000,OFF,#3,HOLDING,0.000A/OFF
15029,2026-06-03 15:28:23,17.8875,12.00,0.000,0.000,A,#3,HOLDING,0.112A/A
15030,2026-06-03 15:28:25,17.8250,12.00,0.000,0.000,A,#3,HOLDING,0.130A/A
15031,2026-06-03 15:28:27,17.7500,12.00,0.000,0.000,A,#3,HOLDING,0.127A/A
15032,2026-06-03 15:28:28,17.7000,1.76,0.000,0.000,A,#3,HOLDING,0.126A/A
15033,2026-06-03 15:28:30,17.7000,1.76,0.126,0.220,A,#3,HOLDING,0.136A/A
15034,2026-06-03 15:28:33,17.6875,1.76,0.126,0.220,A,#3,HOLDING,0.147A/A
15035,2026-06-03 15:28:34,17.6875,1.76,0.126,0.220,A,#3,HOLDING,0.154A/A
15036,2026-06-03 15:28:36,17.7250,1.87,0.126,0.220,A,#3,HOLDING,0.162A/A
15037,2026-06-03 15:28:38,17.7500,1.87,0.162,0.315,A,#3,HOLDING,0.171A/A
15038,2026-06-03 15:28:40,17.7500,1.87,0.162,0.315,A,#3,HOLDING,0.178A/A
15039,2026-06-03 15:28:42,17.7750,1.87,0.162,0.315,A,#3,HOLDING,0.183A/A
15040,2026-06-03 15:28:44,17.8500,2.03,0.162,0.315,A,#3,HOLDING,0.197A/A
15041,2026-06-03 15:28:46,17.8750,2.03,0.197,0.427,A,#3,HOLDING,0.210A/A
15042,2026-06-03 15:28:48,17.9375,2.03,0.197,0.427,A,#3,HOLDING,0.227A/A
15043,2026-06-03 15:28:50,17.9375,2.03,0.197,0.427,A,#3,HOLDING,0.231A/A
15044,2026-06-03 15:28:51,18.0000,2.39,0.197,0.427,A,#3,HOLDING,0.250A/A
15045,2026-06-03 15:28:53,18.0250,2.39,0.250,0.647,A,#3,HOLDING,0.263A/A
15046,2026-06-03 15:28:56,18.0375,2.39,0.250,0.647,A,#3,HOLDING,0.285A/A
15047,2026-06-03 15:28:57,18.0625,2.39,0.250,0.647,A,#3,HOLDING,0.297A/A
15048,2026-06-03 15:28:59,18.1250,2.93,0.250,0.647,A,#3,HOLDING,0.320A/A
15049,2026-06-03 15:29:01,18.1500,2.93,0.320,1.020,A,#3,HOLDING,0.341A/A
15050,2026-06-03 15:29:03,18.1875,2.93,0.320,1.020,A,#3,HOLDING,0.369A/A
15051,2026-06-03 15:29:05,18.1875,2.93,0.320,1.020,A,#3,HOLDING,0.382A/A
15052,2026-06-03 15:29:07,18.2500,3.64,0.320,1.020,A,#3,HOLDING,0.410A/A
15053,2026-06-03 15:29:09,18.2750,3.64,0.410,1.640,A,#3,HOLDING,0.435A/A
15054,2026-06-03 15:29:11,18.2875,3.64,0.410,1.640,A,#3,HOLDING,0.469A/A
15055,2026-06-03 15:29:13,18.3125,3.64,0.410,1.640,A,#4,APPROACH,0.488A/A
15056,2026-06-03 15:29:15,18.3500,1.88,0.410,1.640,B,#4,APPROACH,0.695A/B
15057,2026-06-03 15:29:17,18.3750,1.88,0.000,1.640,B,#4,APPROACH,0.725A/B
15058,2026-06-03 15:29:19,18.3875,1.88,0.000,0.000,B,#4,APPROACH,0.773A/B
15059,2026-06-03 15:29:21,18.4375,1.88,0.000,0.000,B,#4,APPROACH,0.834A/B
15060,2026-06-03 15:29:23,18.4375,1.88,0.000,0.000,B,#4,APPROACH,0.895A/B
15061,2026-06-03 15:29:24,18.4875,6.98,0.000,0.000,B,#4,APPROACH,0.972A/B
15062,2026-06-03 15:29:26,18.5250,6.98,0.959,7.552,B,#4,APPROACH,1.000A/B
15063,2026-06-03 15:29:29,18.5750,6.98,0.959,7.552,B,#4,APPROACH,1.059A/B
15064,2026-06-03 15:29:30,18.6375,6.98,0.959,7.552,B,#4,APPROACH,1.155A/B
15065,2026-06-03 15:29:32,18.7125,9.05,0.959,7.552,B,#4,APPROACH,1.281A/B
15066,2026-06-03 15:29:34,18.8250,9.05,1.262,13.053,B,#4,APPROACH,1.411A/B
15067,2026-06-03 15:29:36,18.9500,9.05,1.262,13.053,B,#4,APPROACH,1.000A/B
15068,2026-06-03 15:29:38,19.0500,9.05,1.262,13.053,B,#4,APPROACH,1.591A/B
15069,2026-06-03 15:29:40,19.2250,12.00,1.262,13.053,B,#4,APPROACH,1.000A/B
15070,2026-06-03 15:29:42,19.3625,12.00,1.027,8.460,B,#4,APPROACH,1.740A/B
15071,2026-06-03 15:29:44,19.5625,12.00,1.027,8.460,B,#4,APPROACH,1.500A/B
15072,2026-06-03 15:29:46,19.7375,12.00,1.027,8.460,B,#4,APPROACH,1.960A/B
15073,2026-06-03 15:29:47,19.9375,12.00,1.027,8.460,B,#4,APPROACH,2.145A/B
15074,2026-06-03 15:29:49,20.1500,12.00,1.491,17.676,B,#4,APPROACH,2.338A/B
15075,2026-06-03 15:29:52,20.4000,12.00,1.491,17.676,B,#4,APPROACH,2.500A/B
15076,2026-06-03 15:29:53,20.6125,12.00,1.491,17.676,B,#4,APPROACH,1.000A/B
15077,2026-06-03 15:29:55,20.8625,8.76,1.491,17.676,B,#4,APPROACH,2.500A/B
15078,2026-06-03 15:29:57,21.1125,8.76,1.451,17.220,B,#4,APPROACH,2.000A/B
15079,2026-06-03 15:29:59,21.3375,8.76,1.451,17.220,B,#4,APPROACH,1.000A/B
15080,2026-06-03 15:30:01,21.6250,8.76,1.451,17.220,B,#4,APPROACH,2.528A/B
15081,2026-06-03 15:30:03,21.8750,12.00,1.451,17.220,B,#4,APPROACH,1.500A/B
15082,2026-06-03 15:30:05,22.1500,12.00,1.416,16.800,B,#4,APPROACH,2.500A/B
15083,2026-06-03 15:30:07,22.4250,12.00,1.416,16.800,B,#4,APPROACH,2.000A/B
15084,2026-06-03 15:30:09,22.6875,12.00,1.416,16.800,B,#4,APPROACH,1.000A/B
15085,2026-06-03 15:30:11,22.9875,9.14,1.416,16.800,B,#4,APPROACH,2.698A/B
15086,2026-06-03 15:30:12,23.2500,9.14,1.393,16.548,B,#4,APPROACH,2.500A/B
15087,2026-06-03 15:30:15,23.5750,9.14,1.393,16.548,B,#4,APPROACH,2.926A/B
15088,2026-06-03 15:30:16,23.8375,9.14,1.393,16.548,B,#4,APPROACH,2.000A/B
15089,2026-06-03 15:30:18,24.1375,12.00,1.393,16.548,B,#4,APPROACH,2.000A/B
15090,2026-06-03 15:30:20,24.4000,12.00,1.371,16.284,B,#4,APPROACH,1.000A/B
15091,2026-06-03 15:30:22,24.6750,12.00,1.371,16.284,B,#4,APPROACH,3.000A/B
15092,2026-06-03 15:30:24,24.9375,12.00,1.371,16.284,B,#4,APPROACH,2.500A/B
15093,2026-06-03 15:30:26,25.2125,12.00,1.371,16.284,B,#4,APPROACH,3.000A/B
15094,2026-06-03 15:30:28,25.5000,12.00,1.355,16.104,B,#4,APPROACH,1.500A/B
15095,2026-06-03 15:30:30,25.8250,12.00,1.355,16.104,B,#4,APPROACH,1.500A/B
15096,2026-06-03 15:30:32,26.0625,12.00,1.355,16.104,B,#4,APPROACH,1.000A/B
15097,2026-06-03 15:30:34,26.3625,9.43,1.355,16.104,B,#4,APPROACH,1.000A/B
15098,2026-06-03 15:30:35,26.6625,9.43,1.000,9.640,B,#4,APPROACH,3.000A/B
15099,2026-06-03 15:30:38,26.9625,9.43,1.000,9.640,B,#4,APPROACH,1.500A/B
15100,2026-06-03 15:30:39,27.2125,9.43,1.000,9.640,B,#4,APPROACH,2.500A/B
15101,2026-06-03 15:30:41,27.4875,12.00,1.000,9.640,B,#4,APPROACH,2.000A/B
15102,2026-06-03 15:30:43,27.7500,12.00,1.335,15.864,B,#4,APPROACH,2.952A/B
15103,2026-06-03 15:30:45,28.0250,12.00,1.335,15.864,B,#4,APPROACH,1.000A/B
15104,2026-06-03 15:30:47,28.2875,12.00,1.335,15.864,B,#4,APPROACH,1.500A/B
15105,2026-06-03 15:30:49,28.5625,12.00,1.335,15.864,B,#4,APPROACH,1.500A/B
15106,2026-06-03 15:30:51,28.7875,12.00,1.321,15.708,B,#4,APPROACH,1.500A/B
15107,2026-06-03 15:30:53,29.0625,12.00,1.321,15.708,B,#4,APPROACH,1.000A/B
15108,2026-06-03 15:30:55,29.2750,12.00,1.321,15.708,B,#4,APPROACH,3.000A/B
15109,2026-06-03 15:30:57,29.5500,12.00,1.321,15.708,B,#4,APPROACH,2.500A/B
15110,2026-06-03 15:30:59,29.8000,12.00,1.309,15.564,B,#4,APPROACH,1.500A/B
15111,2026-06-03 15:31:01,30.0250,12.00,1.309,15.564,B,#4,APPROACH,2.500A/B
15112,2026-06-03 15:31:02,30.2750,12.00,1.309,15.564,B,#4,APPROACH,2.969A/B
15113,2026-06-03 15:31:04,30.5250,12.00,1.309,15.564,B,#4,APPROACH,3.000A/B
15114,2026-06-03 15:31:06,30.7500,12.00,1.299,15.456,B,#4,APPROACH,2.987A/B
15115,2026-06-03 15:31:09,30.9500,12.00,1.299,15.456,B,#4,APPROACH,1.500A/B
15116,2026-06-03 15:31:10,31.1500,12.00,1.299,15.456,B,#4,HOLDING,2.500A/B
15117,2026-06-03 15:31:12,31.3750,12.00,1.299,15.456,OFF,#4,HOLDING,0.000A/OFF
15118,2026-06-03 15:31:13,31.5875,12.00,1.299,15.456,OFF,#4,HOLDING,0.000A/OFF
15119,2026-06-03 15:31:14,31.5875,12.00,1.295,15.456,OFF,#4,HOLDING,0.000A/OFF
15120,2026-06-03 15:31:15,31.8125,12.00,1.295,0.000,OFF,#4,HOLDING,0.000A/OFF
15121,2026-06-03 15:31:16,31.8125,12.00,1.295,0.000,OFF,#4,HOLDING,0.000A/OFF
15122,2026-06-03 15:31:17,31.9875,12.00,1.295,0.000,OFF,#4,HOLDING,0.000A/OFF
15123,2026-06-03 15:31:18,31.9875,12.00,1.295,0.000,OFF,#4,HOLDING,0.000A/OFF
15124,2026-06-03 15:31:19,32.1875,12.00,1.295,0.000,OFF,#4,HOLDING,0.000A/OFF
15125,2026-06-03 15:31:20,32.1875,12.00,0.000,0.000,OFF,#4,HOLDING,0.000A/OFF
15126,2026-06-03 15:31:21,32.3625,12.00,0.000,0.000,OFF,#4,HOLDING,0.000A/OFF
15127,2026-06-03 15:31:22,32.5125,12.00,0.000,0.000,OFF,#4,HOLDING,0.000A/OFF
15128,2026-06-03 15:31:23,32.5125,12.00,0.000,0.000,OFF,#4,HOLDING,0.000A/OFF
15129,2026-06-03 15:31:24,32.6375,12.00,0.000,0.000,OFF,#4,HOLDING,0.000A/OFF
15130,2026-06-03 15:31:25,32.6375,12.00,0.000,0.000,OFF,#4,HOLDING,0.000A/OFF
15131,2026-06-03 15:31:26,32.7375,12.00,0.000,0.000,OFF,#4,HOLDING,0.000A/OFF
15132,2026-06-03 15:31:27,32.7375,12.00,0.000,0.000,OFF,#4,HOLDING,0.000A/OFF
15133,2026-06-03 15:31:28,32.8875,12.00,0.000,0.000,A,#4,HOLDING,0.105A/A
15134,2026-06-03 15:31:30,32.9625,12.00,0.000,0.000,A,#4,HOLDING,0.128A/A
15135,2026-06-03 15:31:31,32.9625,12.00,0.000,0.000,A,#4,HOLDING,0.158A/A
15136,2026-06-03 15:31:33,33.0125,0.40,0.000,0.000,A,#4,HOLDING,0.220A/A
15137,2026-06-03 15:31:35,33.0625,0.40,0.220,0.235,A,#4,HOLDING,0.259A/A
15138,2026-06-03 15:31:37,33.0625,0.40,0.220,0.235,A,#4,HOLDING,0.309A/A
15139,2026-06-03 15:31:39,33.0875,0.40,0.220,0.235,A,#4,HOLDING,0.343A/A
15140,2026-06-03 15:31:41,33.0625,2.27,0.220,0.235,A,#4,HOLDING,0.373A/A
15141,2026-06-03 15:31:43,33.0375,2.27,0.373,0.995,A,#4,HOLDING,0.408A/A
15142,2026-06-03 15:31:45,33.0000,2.27,0.373,0.995,A,#4,HOLDING,0.448A/A
15143,2026-06-03 15:31:47,32.9500,2.27,0.373,0.995,A,#4,HOLDING,0.425A/A
15144,2026-06-03 15:31:48,32.9000,3.23,0.373,0.995,A,#4,HOLDING,0.456A/A
15145,2026-06-03 15:31:50,32.7750,3.23,0.439,1.655,A,#4,HOLDING,0.476A/A
15146,2026-06-03 15:31:53,32.6875,3.23,0.439,1.655,A,#4,HOLDING,0.508A/A
15147,2026-06-03 15:31:54,32.5875,3.23,0.439,1.655,A,#4,HOLDING,0.520A/A
15148,2026-06-03 15:31:56,32.4875,4.20,0.439,1.655,A,#4,HOLDING,0.541A/A
15149,2026-06-03 15:31:58,32.3375,4.20,0.529,2.450,A,#4,HOLDING,0.546A/A
15150,2026-06-03 15:32:00,32.2125,4.20,0.529,2.450,A,#4,HOLDING,0.558A/A
15151,2026-06-03 15:32:02,32.0875,4.20,0.529,2.450,A,#4,HOLDING,0.557A/A
15152,2026-06-03 15:32:04,31.9500,4.67,0.529,2.450,A,#4,HOLDING,0.557A/A
15153,2026-06-03 15:32:06,31.8000,4.67,0.557,2.673,A,#4,HOLDING,0.544A/A
15154,2026-06-03 15:32:08,31.6375,4.67,0.557,2.673,A,#4,HOLDING,0.528A/A
15155,2026-06-03 15:32:10,31.4875,4.67,0.557,2.673,A,#4,HOLDING,0.508A/A
15156,2026-06-03 15:32:11,31.3250,4.44,0.557,2.673,A,#4,HOLDING,0.481A/A
15157,2026-06-03 15:32:13,31.1250,4.44,0.493,2.101,A,#4,HOLDING,0.440A/A
15158,2026-06-03 15:32:16,30.9500,4.44,0.493,2.101,A,#4,HOLDING,0.341A/A
15159,2026-06-03 15:32:17,30.7750,4.44,0.493,2.101,A,#4,HOLDING,0.288A/A
15160,2026-06-03 15:32:19,30.6000,2.77,0.493,2.101,A,#4,HOLDING,0.230A/A
15161,2026-06-03 15:32:21,30.4250,2.77,0.257,0.522,A,#4,HOLDING,0.158A/A
15162,2026-06-03 15:32:23,30.2500,2.77,0.257,0.522,OFF,#4,HOLDING,0.000A/OFF
15163,2026-06-03 15:32:24,30.0000,2.77,0.257,0.522,OFF,#4,HOLDING,0.000A/OFF
15164,2026-06-03 15:32:25,30.0000,2.77,0.257,0.522,OFF,#4,HOLDING,0.000A/OFF
15165,2026-06-03 15:32:26,29.8875,2.77,0.257,0.522,OFF,#4,HOLDING,0.000A/OFF
15166,2026-06-03 15:32:27,29.6875,12.00,0.000,0.522,B,#4,HOLDING,0.140A/B
15167,2026-06-03 15:32:29,29.6875,12.00,0.000,0.168,B,#4,HOLDING,0.212A/B
15168,2026-06-03 15:32:31,29.5125,12.00,0.000,0.168,B,#4,HOLDING,0.302A/B
15169,2026-06-03 15:32:32,29.3375,12.00,0.000,0.168,B,#4,HOLDING,0.377A/B
15170,2026-06-03 15:32:34,29.1750,3.18,0.000,0.168,B,#4,HOLDING,0.507A/B
15171,2026-06-03 15:32:36,29.0500,3.18,0.507,2.235,B,#4,HOLDING,0.613A/B
15172,2026-06-03 15:32:38,28.8875,3.18,0.507,2.235,B,#4,HOLDING,0.730A/B
15173,2026-06-03 15:32:40,28.7375,3.18,0.507,2.235,B,#4,HOLDING,0.842A/B
15174,2026-06-03 15:32:42,28.6125,7.01,0.507,2.235,B,#4,HOLDING,0.976A/B
15175,2026-06-03 15:32:44,28.4875,7.01,0.976,8.012,B,#4,HOLDING,1.000A/B
15176,2026-06-03 15:32:46,28.4000,7.01,0.976,8.012,B,#4,HOLDING,1.112A/B
15177,2026-06-03 15:32:48,28.2750,7.01,0.976,8.012,B,#4,HOLDING,1.238A/B
15178,2026-06-03 15:32:49,28.2500,10.07,0.976,8.012,B,#4,HOLDING,1.375A/B
15179,2026-06-03 15:32:51,28.2000,10.07,1.375,15.482,B,#4,HOLDING,1.518A/B
15180,2026-06-03 15:32:54,28.1750,10.07,1.375,15.482,B,#4,HOLDING,1.697A/B
15181,2026-06-03 15:32:55,28.1250,10.07,1.375,15.482,B,#4,HOLDING,1.500A/B
15182,2026-06-03 15:32:57,28.1625,12.00,1.375,15.482,B,#4,HOLDING,1.818A/B
15183,2026-06-03 15:32:59,28.2125,12.00,1.456,17.256,B,#4,HOLDING,1.500A/B
15184,2026-06-03 15:33:01,28.2500,12.00,1.456,17.256,B,#4,HOLDING,1.000A/B
15185,2026-06-03 15:33:03,28.3250,12.00,1.456,17.256,B,#4,HOLDING,1.943A/B
15186,2026-06-03 15:33:05,28.4125,12.00,1.456,17.256,B,#4,HOLDING,2.072A/B
15187,2026-06-03 15:33:07,28.4875,12.00,1.413,16.764,B,#4,HOLDING,2.197A/B
15188,2026-06-03 15:33:09,28.6000,12.00,1.413,16.764,B,#4,HOLDING,1.500A/B
15189,2026-06-03 15:33:11,28.7000,12.00,1.413,16.764,B,#4,HOLDING,1.500A/B
15190,2026-06-03 15:33:12,28.8375,12.00,1.413,16.764,B,#4,HOLDING,2.000A/B
15191,2026-06-03 15:33:14,29.0125,12.00,1.379,16.380,B,#4,HOLDING,1.000A/B
15192,2026-06-03 15:33:17,29.1125,12.00,1.379,16.380,B,#4,HOLDING,2.000A/B
15193,2026-06-03 15:33:18,29.2625,12.00,1.379,16.380,B,#4,HOLDING,2.000A/B
15194,2026-06-03 15:33:20,29.4625,12.00,1.379,16.380,B,#4,HOLDING,2.269A/B
15195,2026-06-03 15:33:22,29.6375,12.00,1.357,16.116,B,#4,HOLDING,2.339A/B
15196,2026-06-03 15:33:24,29.8000,12.00,1.357,16.116,B,#4,HOLDING,2.441A/B
15197,2026-06-03 15:33:26,29.9500,12.00,1.357,16.116,B,#4,HOLDING,2.502A/B
15198,2026-06-03 15:33:28,30.1125,12.00,1.357,16.116,B,#4,HOLDING,2.566A/B
15199,2026-06-03 15:33:30,30.3125,12.00,1.336,15.876,B,#4,HOLDING,1.500A/B
15200,2026-06-03 15:33:32,30.4875,12.00,1.336,15.876,B,#4,HOLDING,2.000A/B
15201,2026-06-03 15:33:34,30.6375,12.00,1.336,15.876,B,#4,HOLDING,2.599A/B
15202,2026-06-03 15:33:35,30.8000,12.00,1.336,15.876,B,#4,HOLDING,1.000A/B
15203,2026-06-03 15:33:37,30.9750,12.00,1.024,9.750,B,#4,HOLDING,1.000A/B
15204,2026-06-03 15:33:40,31.1375,12.00,1.024,9.750,B,#4,HOLDING,2.581A/B
15205,2026-06-03 15:33:41,31.3125,12.00,1.024,9.750,B,#4,HOLDING,2.000A/B
15206,2026-06-03 15:33:43,31.4875,12.00,1.024,9.750,B,#4,HOLDING,2.000A/B
15207,2026-06-03 15:33:45,31.6375,12.00,1.317,15.648,B,#4,HOLDING,2.599A/B
15208,2026-06-03 15:33:47,31.8000,12.00,1.317,15.648,B,#5,APPROACH,2.000A/B
15209,2026-06-03 15:33:49,31.9750,12.00,1.317,15.648,A,#5,APPROACH,0.510A/A
15210,2026-06-03 15:33:51,32.1125,12.00,1.317,15.648,A,#5,APPROACH,0.556A/A
15211,2026-06-03 15:33:53,32.3125,7.72,1.317,15.648,A,#5,APPROACH,0.638A/A
15212,2026-06-03 15:33:55,32.4875,7.72,0.723,2.845,A,#5,APPROACH,0.746A/A
15213,2026-06-03 15:33:57,32.6375,7.72,0.723,2.845,A,#5,APPROACH,0.886A/A
15214,2026-06-03 15:33:59,32.7625,7.72,0.723,2.845,A,#5,APPROACH,0.995A/A
15215,2026-06-03 15:34:01,32.8375,7.31,0.723,2.845,A,#5,APPROACH,1.000A/A
15216,2026-06-03 15:34:03,32.8875,7.31,1.000,7.670,A,#5,APPROACH,1.137A/A
15217,2026-06-03 15:34:05,32.9375,7.31,1.000,7.670,A,#5,APPROACH,1.000A/A
15218,2026-06-03 15:34:07,32.9375,7.31,1.000,7.670,A,#5,APPROACH,1.353A/A
15219,2026-06-03 15:34:08,32.9375,10.23,1.000,7.670,A,#5,APPROACH,1.500A/A
15220,2026-06-03 15:34:10,32.8625,10.23,1.500,17.280,A,#5,APPROACH,1.543A/A
15221,2026-06-03 15:34:13,32.7875,10.23,1.500,17.280,A,#5,APPROACH,1.824A/A
15222,2026-06-03 15:34:14,32.7125,10.23,1.500,17.280,A,#5,APPROACH,1.500A/A
15223,2026-06-03 15:34:16,32.5875,11.56,1.500,17.280,A,#5,APPROACH,2.010A/A
15224,2026-06-03 15:34:18,32.4500,11.56,1.535,18.240,A,#5,APPROACH,1.500A/A
15225,2026-06-03 15:34:20,32.2750,11.56,1.535,18.240,A,#5,APPROACH,2.237A/A
15226,2026-06-03 15:34:22,32.1375,11.56,1.535,18.240,A,#5,APPROACH,2.462A/A
15227,2026-06-03 15:34:24,31.9125,12.00,1.535,18.240,A,#5,APPROACH,1.000A/A
15228,2026-06-03 15:34:26,31.7000,12.00,1.021,8.630,A,#5,APPROACH,2.709A/A
15229,2026-06-03 15:34:28,31.4750,12.00,1.021,8.630,A,#5,APPROACH,3.000A/A
15230,2026-06-03 15:34:30,31.2625,12.00,1.021,8.630,A,#5,APPROACH,2.500A/A
15231,2026-06-03 15:34:31,31.0125,12.00,1.021,8.630,A,#5,APPROACH,1.000A/A
15232,2026-06-03 15:34:33,30.7500,12.00,1.029,8.770,A,#5,APPROACH,2.500A/A
15233,2026-06-03 15:34:36,30.5250,12.00,1.029,8.770,A,#5,APPROACH,1.500A/A
15234,2026-06-03 15:34:37,30.2625,12.00,1.029,8.770,A,#5,APPROACH,1.000A/A
15235,2026-06-03 15:34:39,30.0125,8.75,1.029,8.770,A,#5,APPROACH,2.000A/A
15236,2026-06-03 15:34:41,29.7500,8.75,1.473,17.508,A,#5,APPROACH,2.974A/A
15237,2026-06-03 15:34:43,29.4750,8.75,1.473,17.508,A,#5,APPROACH,2.500A/A
15238,2026-06-03 15:34:45,29.2500,8.75,1.473,17.508,A,#5,APPROACH,1.000A/A
15239,2026-06-03 15:34:47,28.9500,8.87,1.473,17.508,A,#5,APPROACH,1.000A/A
15240,2026-06-03 15:34:49,28.7250,8.87,1.000,9.010,A,#5,APPROACH,2.500A/A
15241,2026-06-03 15:34:51,28.4500,8.87,1.000,9.010,A,#5,APPROACH,3.000A/A
15242,2026-06-03 15:34:53,28.2125,8.87,1.000,9.010,A,#5,APPROACH,1.500A/A
15243,2026-06-03 15:34:55,27.9375,12.00,1.000,9.010,A,#5,APPROACH,2.500A/A
15244,2026-06-03 15:34:56,27.6875,12.00,1.450,17.220,A,#5,APPROACH,1.000A/A
15245,2026-06-03 15:34:59,27.4375,12.00,1.450,17.220,A,#5,APPROACH,1.000A/A
15246,2026-06-03 15:35:00,27.2000,12.00,1.450,17.220,A,#5,APPROACH,1.000A/A
15247,2026-06-03 15:35:02,26.9250,8.99,1.450,17.220,A,#5,APPROACH,2.500A/A
15248,2026-06-03 15:35:04,26.6875,8.99,1.434,17.076,A,#5,APPROACH,2.000A/A
15249,2026-06-03 15:35:06,26.4125,8.99,1.434,17.076,A,#5,APPROACH,1.000A/A
15250,2026-06-03 15:35:08,26.1625,8.99,1.434,17.076,A,#5,APPROACH,2.500A/A
15251,2026-06-03 15:35:10,25.9125,12.00,1.434,17.076,A,#5,APPROACH,2.500A/A
15252,2026-06-03 15:35:12,25.6625,12.00,1.429,17.016,A,#5,APPROACH,3.000A/A
15253,2026-06-03 15:35:14,25.4125,12.00,1.429,17.016,A,#5,APPROACH,1.500A/A
15254,2026-06-03 15:35:16,25.2000,12.00,1.429,17.016,A,#5,APPROACH,1.500A/A
15255,2026-06-03 15:35:18,24.9500,12.00,1.429,17.016,A,#5,APPROACH,1.000A/A
15256,2026-06-03 15:35:19,24.7250,12.00,1.018,9.230,A,#5,APPROACH,1.500A/A
15257,2026-06-03 15:35:22,24.4750,12.00,1.018,9.230,A,#5,APPROACH,3.000A/A
15258,2026-06-03 15:35:23,24.2875,12.00,1.018,9.230,A,#5,APPROACH,3.000A/A
15259,2026-06-03 15:35:25,24.0375,12.00,1.018,9.230,A,#5,APPROACH,2.999A/A
15260,2026-06-03 15:35:27,23.8250,12.00,1.421,16.932,A,#5,APPROACH,3.000A/A
15261,2026-06-03 15:35:30,23.6000,12.00,1.421,16.932,A,#5,APPROACH,1.500A/A
15262,2026-06-03 15:35:31,23.3875,12.00,1.421,16.932,A,#5,APPROACH,2.500A/A
15263,2026-06-03 15:35:33,23.1875,12.00,1.421,16.932,A,#5,APPROACH,2.994A/A
15264,2026-06-03 15:35:35,22.9750,12.00,1.413,16.836,A,#5,HOLDING,2.500A/A
15265,2026-06-03 15:35:37,22.7500,12.00,1.413,16.836,OFF,#5,HOLDING,0.000A/OFF
15266,2026-06-03 15:35:38,22.5750,12.00,1.413,16.836,OFF,#5,HOLDING,0.000A/OFF
15267,2026-06-03 15:35:39,22.3500,12.00,1.413,16.836,OFF,#5,HOLDING,0.000A/OFF
15268,2026-06-03 15:35:40,22.3500,12.00,1.413,16.836,OFF,#5,HOLDING,0.000A/OFF
15269,2026-06-03 15:35:41,22.1625,12.00,0.000,16.836,OFF,#5,HOLDING,0.000A/OFF
15270,2026-06-03 15:35:42,22.1625,12.00,0.000,16.836,OFF,#5,HOLDING,0.000A/OFF
15271,2026-06-03 15:35:43,21.9375,12.00,0.000,0.000,OFF,#5,HOLDING,0.000A/OFF
15272,2026-06-03 15:35:44,21.9375,12.00,0.000,0.000,OFF,#5,HOLDING,0.000A/OFF
15273,2026-06-03 15:35:45,21.8250,12.00,0.000,0.000,OFF,#5,HOLDING,0.000A/OFF
15274,2026-06-03 15:35:46,21.8250,12.00,0.000,0.000,OFF,#5,HOLDING,0.000A/OFF
15275,2026-06-03 15:35:47,21.6500,12.00,0.000,0.000,OFF,#5,HOLDING,0.000A/OFF
15276,2026-06-03 15:35:48,21.6500,12.00,0.000,0.000,OFF,#5,HOLDING,0.000A/OFF
15277,2026-06-03 15:35:49,21.5000,12.00,0.000,0.000,OFF,#5,HOLDING,0.000A/OFF
15278,2026-06-03 15:35:50,21.5000,12.00,0.000,0.000,OFF,#5,HOLDING,0.000A/OFF
15279,2026-06-03 15:35:51,21.4250,12.00,0.000,0.000,OFF,#5,HOLDING,0.000A/OFF
15280,2026-06-03 15:35:52,21.4250,12.00,0.000,0.000,OFF,#5,HOLDING,0.000A/OFF
15281,2026-06-03 15:35:53,21.3375,12.00,0.000,0.000,OFF,#5,HOLDING,0.000A/OFF
15282,2026-06-03 15:35:54,21.3375,12.00,0.000,0.000,OFF,#5,HOLDING,0.000A/OFF
15283,2026-06-03 15:35:55,21.2375,12.00,0.000,0.000,B,#5,HOLDING,0.116A/B
15284,2026-06-03 15:35:57,21.1750,12.00,0.000,0.000,B,#5,HOLDING,0.141A/B
15285,2026-06-03 15:35:59,21.1250,12.00,0.000,0.000,B,#5,HOLDING,0.179A/B
15286,2026-06-03 15:36:01,21.1000,1.03,0.000,0.000,B,#5,HOLDING,0.250A/B
15287,2026-06-03 15:36:03,21.0750,1.03,0.250,0.435,B,#5,HOLDING,0.285A/B
15288,2026-06-03 15:36:05,21.0625,1.03,0.250,0.435,B,#5,HOLDING,0.330A/B
15289,2026-06-03 15:36:07,21.0625,1.03,0.250,0.435,B,#5,HOLDING,0.362A/B
15290,2026-06-03 15:36:08,21.0375,2.75,0.250,0.435,B,#5,HOLDING,0.403A/B
15291,2026-06-03 15:36:10,21.0625,2.75,0.403,1.301,B,#5,HOLDING,0.436A/B
15292,2026-06-03 15:36:13,21.0625,2.75,0.403,1.301,B,#5,HOLDING,0.486A/B
15293,2026-06-03 15:36:14,21.0625,2.75,0.403,1.301,B,#5,HOLDING,0.517A/B
15294,2026-06-03 15:36:16,21.1250,4.25,0.403,1.301,B,#5,HOLDING,0.497A/B
15295,2026-06-03 15:36:18,21.1750,4.25,0.497,2.112,B,#5,HOLDING,0.526A/B
15296,2026-06-03 15:36:20,21.2250,4.25,0.497,2.112,B,#5,HOLDING,0.564A/B
15297,2026-06-03 15:36:22,21.2750,4.25,0.497,2.112,B,#5,HOLDING,0.591A/B
15298,2026-06-03 15:36:24,21.3500,4.98,0.497,2.112,B,#5,HOLDING,0.616A/B
15299,2026-06-03 15:36:26,21.4000,4.98,0.616,3.289,B,#5,HOLDING,0.641A/B
15300,2026-06-03 15:36:28,21.5125,4.98,0.616,3.289,B,#5,HOLDING,0.666A/B
15301,2026-06-03 15:36:30,21.5875,4.98,0.616,3.289,B,#5,HOLDING,0.682A/B
15302,2026-06-03 15:36:31,21.6625,5.85,0.616,3.289,B,#5,HOLDING,0.696A/B
15303,2026-06-03 15:36:33,21.7875,5.85,0.696,4.252,B,#5,HOLDING,0.704A/B
15304,2026-06-03 15:36:36,21.8875,5.85,0.696,4.252,B,#5,HOLDING,0.715A/B
15305,2026-06-03 15:36:37,21.9625,5.85,0.696,4.252,B,#5,HOLDING,0.719A/B
15306,2026-06-03 15:36:39,22.1000,6.30,0.696,4.252,B,#5,HOLDING,0.718A/B
15307,2026-06-03 15:36:41,22.2000,6.30,0.718,4.609,B,#5,HOLDING,0.712A/B
15308,2026-06-03 15:36:43,22.3000,6.30,0.718,4.609,B,#5,HOLDING,0.703A/B
15309,2026-06-03 15:36:45,22.4500,6.30,0.718,4.609,B,#5,HOLDING,0.688A/B
15310,2026-06-03 15:36:47,22.5500,6.19,0.718,4.609,B,#5,HOLDING,0.671A/B
15311,2026-06-03 15:36:49,22.7000,6.19,0.671,4.160,OFF,--,DONE,0.641A/B
15312,2026-06-03 15:36:51,22.8250,6.19,0.671,4.160,OFF,--,DONE,--
15313,2026-06-03 15:36:52,22.8250,1.37,0.671,4.160,OFF,--,DONE,--
15314,2026-06-03 15:36:53,22.9500,1.37,0.000,4.160,OFF,--,DONE,--
15315,2026-06-03 15:36:54,22.9500,1.37,0.000,0.000,OFF,--,DONE,--
15316,2026-06-03 15:36:55,23.0750,0.31,0.000,0.000,OFF,--,DONE,--
15317,2026-06-03 15:36:56,23.2000,0.31,0.000,0.000,OFF,--,DONE,--
15318,2026-06-03 15:36:57,23.2000,0.31,0.000,0.000,OFF,--,DONE,--
15319,2026-06-03 15:36:58,23.3625,0.31,0.000,0.000,OFF,--,DONE,--
15320,2026-06-03 15:36:59,23.3625,0.00,0.000,0.000,OFF,--,DONE,--
15321,2026-06-03 15:37:00,23.4625,0.00,0.000,0.000,OFF,--,DONE,--
15322,2026-06-03 15:37:01,23.4625,0.00,0.000,0.000,OFF,--,DONE,--
15323,2026-06-03 15:37:02,23.5750,0.00,0.000,0.000,OFF,--,DONE,--
15324,2026-06-03 15:37:03,23.5750,0.00,0.000,0.000,OFF,--,DONE,--
15325,2026-06-03 15:37:04,23.6750,0.00,0.000,0.000,OFF,--,DONE,--
15326,2026-06-03 15:37:05,23.6750,0.00,0.000,0.000,OFF,--,DONE,--
15327,2026-06-03 15:37:06,23.7625,0.00,0.000,0.000,OFF,--,DONE,--
15328,2026-06-03 15:37:07,23.7625,0.00,0.000,0.000,OFF,--,DONE,--
15329,2026-06-03 15:37:08,23.8375,0.00,0.000,0.000,OFF,--,DONE,--
15330,2026-06-03 15:37:09,23.8375,0.00,0.000,0.000,OFF,--,DONE,--
15331,2026-06-03 15:37:10,23.9125,0.00,0.000,0.000,OFF,--,DONE,--
15332,2026-06-03 15:37:11,23.9125,0.00,0.000,0.000,OFF,--,DONE,--
15333,2026-06-03 15:37:12,23.9875,0.00,0.000,0.000,OFF,--,DONE,--
15334,2026-06-03 15:37:13,23.9875,0.00,0.000,0.000,OFF,--,DONE,--
15335,2026-06-03 15:37:14,24.0375,0.00,0.000,0.000,OFF,--,DONE,--
15336,2026-06-03 15:37:16,24.0875,0.00,0.000,0.000,OFF,--,DONE,--
15337,2026-06-03 15:37:17,24.0875,0.00,0.000,0.000,OFF,--,DONE,--
15338,2026-06-03 15:37:18,24.1250,0.00,0.000,0.000,OFF,--,DONE,--
15339,2026-06-03 15:37:19,24.1250,0.00,0.000,0.000,OFF,--,DONE,--
15340,2026-06-03 15:37:20,24.1500,0.00,0.000,0.000,OFF,--,DONE,--
15341,2026-06-03 15:37:21,24.1500,0.00,0.000,0.000,OFF,--,DONE,--
15342,2026-06-03 15:37:22,24.1875,0.00,0.000,0.000,OFF,--,DONE,--
15343,2026-06-03 15:37:23,24.1875,0.00,0.000,0.000,OFF,--,DONE,--
15344,2026-06-03 15:37:24,24.2125,0.00,0.000,0.000,OFF,--,DONE,--
15345,2026-06-03 15:37:25,24.2125,0.00,0.000,0.000,OFF,--,DONE,--
15346,2026-06-03 15:37:26,24.2500,0.00,0.000,0.000,OFF,--,DONE,--
15347,2026-06-03 15:37:27,24.2500,0.00,0.000,0.000,OFF,--,DONE,--
15348,2026-06-03 15:37:28,24.2500,0.00,0.000,0.000,OFF,--,DONE,--
15349,2026-06-03 15:37:29,24.2500,0.00,0.000,0.000,OFF,--,DONE,--
15350,2026-06-03 15:37:30,24.2500,0.00,0.000,0.000,OFF,--,DONE,--
15351,2026-06-03 15:37:31,24.2500,0.00,0.000,0.000,OFF,--,DONE,--
15352,2026-06-03 15:37:32,24.2500,0.00,0.000,0.000,OFF,--,DONE,--
15353,2026-06-03 15:37:33,24.2500,0.00,0.000,0.000,OFF,--,DONE,--
15354,2026-06-03 15:37:34,24.2500,0.00,0.000,0.000,OFF,--,DONE,--
15355,2026-06-03 15:37:35,24.2500,0.00,0.000,0.000,OFF,--,DONE,--
15356,2026-06-03 15:37:36,24.2500,0.00,0.000,0.000,OFF,--,DONE,--
15357,2026-06-03 15:37:37,24.2500,0.00,0.000,0.000,OFF,--,DONE,--
15358,2026-06-03 15:37:38,24.2500,0.00,0.000,0.000,OFF,--,DONE,--
15359,2026-06-03 15:37:39,24.2500,0.00,0.000,0.000,OFF,--,DONE,--
15360,2026-06-03 15:37:40,24.2500,0.00,0.000,0.000,OFF,--,DONE,--
15361,2026-06-03 15:37:41,24.2500,0.00,0.000,0.000,OFF,--,DONE,--
15362,2026-06-03 15:37:42,24.2500,0.00,0.000,0.000,OFF,--,DONE,--
15363,2026-06-03 15:37:43,24.2500,0.00,0.000,0.000,OFF,--,DONE,--
15364,2026-06-03 15:37:44,24.2500,0.00,0.000,0.000,OFF,--,DONE,--
15365,2026-06-03 15:37:45,24.2500,0.00,0.000,0.000,OFF,--,DONE,--
15366,2026-06-03 15:37:46,24.2500,0.00,0.000,0.000,OFF,--,DONE,--
15367,2026-06-03 15:37:47,24.2000,0.00,0.000,0.000,OFF,--,DONE,--
15368,2026-06-03 15:37:48,24.2000,0.00,0.000,0.000,OFF,--,DONE,--
15369,2026-06-03 15:37:49,24.1875,0.00,0.000,0.000,OFF,--,DONE,--
15370,2026-06-03 15:37:50,24.1875,0.00,0.000,0.000,OFF,--,DONE,--
15371,2026-06-03 15:37:51,24.1875,0.00,0.000,0.000,OFF,--,DONE,--
15372,2026-06-03 15:37:52,24.1625,0.00,0.000,0.000,OFF,--,DONE,--
15373,2026-06-03 15:37:53,24.1625,0.00,0.000,0.000,OFF,--,DONE,--
15374,2026-06-03 15:37:54,24.1375,0.00,0.000,0.000,OFF,--,DONE,--
15375,2026-06-03 15:37:55,24.1375,0.00,0.000,0.000,OFF,--,DONE,--
15376,2026-06-03 15:37:56,24.1250,0.00,0.000,0.000,OFF,--,DONE,--
15377,2026-06-03 15:37:57,24.1250,0.00,0.000,0.000,OFF,--,DONE,--
15378,2026-06-03 15:37:58,24.1250,0.00,0.000,0.000,OFF,--,DONE,--
15379,2026-06-03 15:37:59,24.1250,0.00,0.000,0.000,OFF,--,DONE,--
15380,2026-06-03 15:38:01,24.0875,0.00,0.000,0.000,OFF,--,DONE,--
15381,2026-06-03 15:38:02,24.0875,0.00,0.000,0.000,OFF,--,DONE,--
15382,2026-06-03 15:38:03,24.0625,0.00,0.000,0.000,OFF,--,DONE,--
15383,2026-06-03 15:38:04,24.0625,0.00,0.000,0.000,OFF,--,DONE,--
15384,2026-06-03 15:38:05,24.0625,0.00,0.000,0.000,OFF,--,DONE,--
15385,2026-06-03 15:38:06,24.0125,0.00,0.000,0.000,OFF,--,DONE,--
15386,2026-06-03 15:38:07,24.0125,0.00,0.000,0.000,OFF,--,DONE,--
15387,2026-06-03 15:38:08,24.0000,0.00,0.000,0.000,OFF,--,DONE,--
15388,2026-06-03 15:38:09,24.0000,0.00,0.000,0.000,OFF,--,DONE,--
15389,2026-06-03 15:38:10,23.9750,0.00,0.000,0.000,OFF,--,DONE,--
15390,2026-06-03 15:38:11,23.9750,0.00,0.000,0.000,OFF,--,DONE,--
15391,2026-06-03 15:38:12,23.9625,0.00,0.000,0.000,OFF,--,DONE,--
15392,2026-06-03 15:38:13,23.9625,0.00,0.000,0.000,OFF,--,DONE,--
15393,2026-06-03 15:38:14,23.9375,0.00,0.000,0.000,OFF,--,DONE,--
15394,2026-06-03 15:38:15,23.9375,0.00,0.000,0.000,OFF,--,DONE,--
15395,2026-06-03 15:38:16,23.9375,0.00,0.000,0.000,OFF,--,DONE,--
15396,2026-06-03 15:38:17,23.9375,0.00,0.000,0.000,OFF,--,DONE,--
15397,2026-06-03 15:38:18,23.9125,0.00,0.000,0.000,OFF,--,DONE,--
15398,2026-06-03 15:38:19,23.9125,0.00,0.000,0.000,OFF,--,DONE,--
15399,2026-06-03 15:38:20,23.8750,0.00,0.000,0.000,OFF,--,DONE,--
15400,2026-06-03 15:38:21,23.8500,0.00,0.000,0.000,OFF,--,DONE,--
15401,2026-06-03 15:38:22,23.8500,0.00,0.000,0.000,OFF,--,DONE,--
15402,2026-06-03 15:38:23,23.8500,0.00,0.000,0.000,OFF,--,DONE,--
15403,2026-06-03 15:38:24,23.8500,0.00,0.000,0.000,OFF,--,DONE,--
15404,2026-06-03 15:38:25,23.8000,0.00,0.000,0.000,OFF,--,DONE,--
15405,2026-06-03 15:38:26,23.8000,0.00,0.000,0.000,OFF,--,DONE,--
15406,2026-06-03 15:38:27,23.8125,0.00,0.000,0.000,OFF,--,DONE,--
15407,2026-06-03 15:38:28,23.8125,0.00,0.000,0.000,OFF,--,DONE,--
15408,2026-06-03 15:38:29,23.7625,0.00,0.000,0.000,OFF,--,DONE,--
15409,2026-06-03 15:38:30,23.7625,0.00,0.000,0.000,OFF,--,DONE,--
15410,2026-06-03 15:38:31,23.7500,0.00,0.000,0.000,OFF,--,DONE,--
15411,2026-06-03 15:38:32,23.7500,0.00,0.000,0.000,OFF,--,DONE,--
15412,2026-06-03 15:38:33,23.7250,0.00,0.000,0.000,OFF,--,DONE,--
15413,2026-06-03 15:38:34,23.7250,0.00,0.000,0.000,OFF,--,DONE,--
15414,2026-06-03 15:38:35,23.6875,0.00,0.000,0.000,OFF,--,DONE,--
15415,2026-06-03 15:38:36,23.6625,0.00,0.000,0.000,OFF,--,DONE,--
15416,2026-06-03 15:38:37,23.6625,0.00,0.000,0.000,OFF,--,DONE,--
15417,2026-06-03 15:38:38,23.6500,0.00,0.000,0.000,OFF,--,DONE,--
15418,2026-06-03 15:38:39,23.6500,0.00,0.000,0.000,OFF,--,DONE,--
15419,2026-06-03 15:38:41,23.6250,0.00,0.000,0.000,OFF,--,DONE,--
15420,2026-06-03 15:38:42,23.6250,0.00,0.000,0.000,OFF,--,DONE,--
15421,2026-06-03 15:38:43,23.6125,0.00,0.000,0.000,OFF,--,DONE,--
15422,2026-06-03 15:38:44,23.6125,0.00,0.000,0.000,OFF,--,DONE,--
15423,2026-06-03 15:38:45,23.5875,0.00,0.000,0.000,OFF,--,DONE,--
15424,2026-06-03 15:38:46,23.5875,0.00,0.000,0.000,OFF,--,DONE,--
15425,2026-06-03 15:38:47,23.5625,0.00,0.000,0.000,OFF,--,DONE,--
15426,2026-06-03 15:38:48,23.5625,0.00,0.000,0.000,OFF,--,DONE,--
15427,2026-06-03 15:38:49,23.5125,0.00,0.000,0.000,OFF,--,DONE,--
15428,2026-06-03 15:38:50,23.5125,0.00,0.000,0.000,OFF,--,DONE,--
15429,2026-06-03 15:38:51,23.5000,0.00,0.000,0.000,OFF,--,DONE,--
15430,2026-06-03 15:38:52,23.5000,0.00,0.000,0.000,OFF,--,DONE,--
15431,2026-06-03 15:38:53,23.5000,0.00,0.000,0.000,OFF,--,DONE,--
15432,2026-06-03 15:38:54,23.4375,0.00,0.000,0.000,B,#1,APPROACH,3.000A/B
15433,2026-06-03 15:38:56,23.4375,0.00,0.000,0.000,B,#1,APPROACH,1.000A/B
15434,2026-06-03 15:38:58,23.4375,0.00,0.000,0.000,B,#1,APPROACH,2.500A/B
15435,2026-06-03 15:39:00,23.3875,0.00,0.000,0.000,B,#1,APPROACH,1.500A/B
15436,2026-06-03 15:39:02,23.4000,11.85,1.500,0.000,B,#1,APPROACH,2.500A/B
15437,2026-06-03 15:39:04,23.3750,11.85,1.500,18.288,B,#1,APPROACH,1.500A/B
15438,2026-06-03 15:39:05,23.3750,11.85,1.500,18.288,B,#1,APPROACH,1.337A/B
15439,2026-06-03 15:39:07,23.4500,11.85,1.500,18.288,B,#1,APPROACH,1.381A/B
15440,2026-06-03 15:39:09,23.4500,11.17,1.500,18.288,B,#1,APPROACH,1.500A/B
15441,2026-06-03 15:39:11,23.5500,11.17,1.431,17.604,B,#1,APPROACH,1.000A/B
15442,2026-06-03 15:39:13,23.7875,11.17,1.431,17.604,B,#1,APPROACH,1.000A/B
15443,2026-06-03 15:39:15,23.7875,11.17,1.431,17.604,B,#1,APPROACH,2.001A/B
15444,2026-06-03 15:39:17,23.9375,12.00,1.431,17.604,B,#1,APPROACH,2.018A/B
15445,2026-06-03 15:39:18,24.0625,12.00,1.449,17.148,B,#1,APPROACH,2.000A/B
15446,2026-06-03 15:39:21,24.4125,12.00,1.449,17.148,B,#1,APPROACH,2.209A/B
15447,2026-06-03 15:39:22,24.4125,12.00,1.449,17.148,B,#1,APPROACH,2.595A/B
15448,2026-06-03 15:39:24,24.5875,12.00,1.449,17.148,B,#1,APPROACH,2.425A/B
15449,2026-06-03 15:39:26,24.7750,12.00,1.412,16.740,B,#1,APPROACH,1.500A/B
15450,2026-06-03 15:39:28,25.1750,12.00,1.412,16.740,B,#1,APPROACH,2.500A/B
15451,2026-06-03 15:39:30,25.1750,12.00,1.412,16.740,B,#1,APPROACH,1.500A/B
15452,2026-06-03 15:39:32,25.4250,12.00,1.412,16.740,B,#1,APPROACH,1.000A/B
15453,2026-06-03 15:39:34,25.6125,12.00,1.197,9.350,B,#1,APPROACH,1.500A/B
15454,2026-06-03 15:39:36,26.0625,12.00,1.197,9.350,B,#1,APPROACH,2.500A/B
15455,2026-06-03 15:39:38,26.0625,12.00,1.197,9.350,B,#1,APPROACH,1.000A/B
15456,2026-06-03 15:39:40,26.3125,9.33,1.197,9.350,B,#1,APPROACH,2.000A/B
15457,2026-06-03 15:39:41,26.5250,9.33,1.184,16.272,B,#1,APPROACH,1.000A/B
15458,2026-06-03 15:39:44,26.9375,9.33,1.184,16.272,B,#1,APPROACH,1.500A/B
15459,2026-06-03 15:39:45,26.9375,9.33,1.184,16.272,B,#1,APPROACH,2.221A/B
15460,2026-06-03 15:39:47,27.1875,12.00,1.184,16.272,B,#1,APPROACH,2.000A/B
15461,2026-06-03 15:39:49,27.4250,12.00,1.356,16.092,B,#1,APPROACH,1.500A/B
15462,2026-06-03 15:39:52,27.8125,12.00,1.356,16.092,B,#1,APPROACH,1.500A/B
15463,2026-06-03 15:39:53,27.8125,12.00,1.356,16.092,B,#1,APPROACH,1.000A/B
15464,2026-06-03 15:39:55,28.0625,9.53,1.356,16.092,B,#1,APPROACH,1.000A/B
15465,2026-06-03 15:39:57,28.2750,9.53,1.000,9.670,B,#1,APPROACH,1.500A/B
15466,2026-06-03 15:39:59,28.6750,9.53,1.000,9.670,B,#1,APPROACH,1.500A/B
15467,2026-06-03 15:40:01,28.6750,9.53,1.000,9.670,B,#1,APPROACH,2.259A/B
15468,2026-06-03 15:40:03,28.8750,12.00,1.000,9.670,B,#1,APPROACH,2.000A/B
15469,2026-06-03 15:40:05,29.0625,12.00,1.333,15.816,B,#1,APPROACH,2.349A/B
15470,2026-06-03 15:40:07,29.4500,12.00,1.333,15.816,B,#1,APPROACH,1.000A/B
15471,2026-06-03 15:40:08,29.4500,12.00,1.333,15.816,B,#1,APPROACH,1.000A/B
15472,2026-06-03 15:40:10,29.6500,9.65,1.333,15.816,B,#1,APPROACH,2.397A/B
15473,2026-06-03 15:40:12,29.8750,9.65,1.158,15.684,B,#1,APPROACH,1.000A/B
15474,2026-06-03 15:40:15,30.2750,9.65,1.158,15.684,B,#1,APPROACH,1.000A/B
15475,2026-06-03 15:40:16,30.4500,9.65,1.158,15.684,B,#1,HOLDING,2.329A/B
15476,2026-06-03 15:40:18,30.4500,9.65,1.158,15.684,OFF,#1,HOLDING,0.000A/OFF
15477,2026-06-03 15:40:19,30.6750,12.00,1.158,15.684,OFF,#1,HOLDING,0.000A/OFF
15478,2026-06-03 15:40:20,30.8500,12.00,1.313,15.684,OFF,#1,HOLDING,0.000A/OFF
15479,2026-06-03 15:40:21,30.8500,12.00,1.313,0.000,OFF,#1,HOLDING,0.000A/OFF
15480,2026-06-03 15:40:22,31.0500,12.00,1.313,0.000,OFF,#1,HOLDING,0.000A/OFF
15481,2026-06-03 15:40:23,31.0500,12.00,1.313,0.000,OFF,#1,HOLDING,0.000A/OFF
15482,2026-06-03 15:40:24,31.2250,12.00,1.313,0.000,OFF,#1,HOLDING,0.000A/OFF
15483,2026-06-03 15:40:25,31.2250,12.00,1.313,0.000,OFF,#1,HOLDING,0.000A/OFF
15484,2026-06-03 15:40:26,31.3625,12.00,0.000,0.000,OFF,#1,HOLDING,0.000A/OFF
15485,2026-06-03 15:40:27,31.3625,12.00,0.000,0.000,OFF,#1,HOLDING,0.000A/OFF
15486,2026-06-03 15:40:28,31.5375,12.00,0.000,0.000,OFF,#1,HOLDING,0.000A/OFF
15487,2026-06-03 15:40:29,31.5375,12.00,0.000,0.000,OFF,#1,HOLDING,0.000A/OFF
15488,2026-06-03 15:40:30,31.6750,12.00,0.000,0.000,OFF,#1,HOLDING,0.000A/OFF
15489,2026-06-03 15:40:31,31.6750,12.00,0.000,0.000,OFF,#1,HOLDING,0.000A/OFF
15490,2026-06-03 15:40:32,31.7750,12.00,0.000,0.000,OFF,#1,HOLDING,0.000A/OFF
15491,2026-06-03 15:40:33,31.7750,12.00,0.000,0.000,OFF,#1,HOLDING,0.000A/OFF
15492,2026-06-03 15:40:34,31.8500,12.00,0.000,0.000,OFF,#1,HOLDING,0.000A/OFF
15493,2026-06-03 15:40:35,31.8500,12.00,0.000,0.000,OFF,#1,HOLDING,0.000A/OFF
15494,2026-06-03 15:40:36,31.9250,12.00,0.000,0.000,OFF,#1,HOLDING,0.000A/OFF
15495,2026-06-03 15:40:37,31.9250,12.00,0.000,0.000,OFF,#1,HOLDING,0.000A/OFF
15496,2026-06-03 15:40:38,32.0000,12.00,0.000,0.000,OFF,#1,HOLDING,0.000A/OFF
15497,2026-06-03 15:40:39,32.0250,12.00,0.000,0.000,OFF,#1,HOLDING,0.000A/OFF
15498,2026-06-03 15:40:40,32.0250,12.00,0.000,0.000,A,#1,HOLDING,0.104A/A
15499,2026-06-03 15:40:42,32.0625,12.00,0.000,0.000,A,#1,HOLDING,0.114A/A
15500,2026-06-03 15:40:43,32.0625,12.00,0.000,0.000,A,#1,HOLDING,0.124A/A
15501,2026-06-03 15:40:45,32.0625,0.34,0.000,0.000,A,#1,HOLDING,0.150A/A
15502,2026-06-03 15:40:47,32.0375,0.34,0.135,0.094,A,#1,HOLDING,0.170A/A
15503,2026-06-03 15:40:49,32.0000,0.34,0.135,0.094,A,#1,HOLDING,0.199A/A
15504,2026-06-03 15:40:51,31.9500,0.34,0.135,0.094,A,#1,HOLDING,0.213A/A
15505,2026-06-03 15:40:53,31.8750,1.24,0.135,0.094,A,#1,HOLDING,0.228A/A
15506,2026-06-03 15:40:55,31.8500,1.24,0.228,0.332,A,#1,HOLDING,0.248A/A
15507,2026-06-03 15:40:57,31.7750,1.24,0.228,0.332,A,#1,HOLDING,0.271A/A
15508,2026-06-03 15:40:59,31.6750,1.24,0.228,0.332,A,#1,HOLDING,0.280A/A
15509,2026-06-03 15:41:01,31.6125,1.95,0.228,0.332,A,#1,HOLDING,0.287A/A
15510,2026-06-03 15:41:02,31.5125,1.95,0.287,0.599,A,#1,HOLDING,0.291A/A
15511,2026-06-03 15:41:05,31.4250,1.95,0.287,0.599,A,#1,HOLDING,0.301A/A
15512,2026-06-03 15:41:06,31.3000,1.95,0.287,0.599,A,#1,HOLDING,0.293A/A
15513,2026-06-03 15:41:08,31.1750,2.18,0.287,0.599,A,#1,HOLDING,0.285A/A
15514,2026-06-03 15:41:10,31.0500,2.18,0.285,0.624,A,#1,HOLDING,0.269A/A
15515,2026-06-03 15:41:13,30.9500,2.18,0.285,0.624,A,#1,HOLDING,0.258A/A
15516,2026-06-03 15:41:14,30.8000,2.18,0.285,0.624,A,#1,HOLDING,0.236A/A
15517,2026-06-03 15:41:16,30.7000,1.79,0.285,0.624,A,#1,HOLDING,0.215A/A
15518,2026-06-03 15:41:18,30.5500,1.79,0.215,0.356,A,#2,APPROACH,0.181A/A
15519,2026-06-03 15:41:20,30.4000,1.79,0.215,0.356,OFF,#2,APPROACH,0.000A/OFF
15520,2026-06-03 15:41:21,30.4000,1.79,0.215,0.356,OFF,#2,APPROACH,0.000A/OFF
15521,2026-06-03 15:41:22,30.3000,1.79,0.215,0.356,OFF,#2,HOLDING,0.000A/OFF
15522,2026-06-03 15:41:23,30.3000,1.79,0.215,0.356,OFF,#2,HOLDING,0.000A/OFF
15523,2026-06-03 15:41:24,30.1375,1.79,0.215,0.356,OFF,#2,HOLDING,0.000A/OFF
15524,2026-06-03 15:41:25,29.9875,12.00,0.215,0.356,OFF,#2,HOLDING,0.000A/OFF
15525,2026-06-03 15:41:26,29.9875,12.00,0.000,0.356,OFF,#2,HOLDING,0.000A/OFF
15526,2026-06-03 15:41:27,29.8375,12.00,0.000,0.000,OFF,#2,HOLDING,0.000A/OFF
15527,2026-06-03 15:41:28,29.8375,12.00,0.000,0.000,OFF,#2,HOLDING,0.000A/OFF
15528,2026-06-03 15:41:29,29.6875,12.00,0.000,0.000,OFF,#2,HOLDING,0.000A/OFF
15529,2026-06-03 15:41:30,29.6875,12.00,0.000,0.000,OFF,#2,HOLDING,0.000A/OFF
15530,2026-06-03 15:41:31,29.5500,12.00,0.000,0.000,OFF,#2,HOLDING,0.000A/OFF
15531,2026-06-03 15:41:32,29.5500,12.00,0.000,0.000,OFF,#2,HOLDING,0.000A/OFF
15532,2026-06-03 15:41:33,29.4250,12.00,0.000,0.000,OFF,#2,HOLDING,0.000A/OFF
15533,2026-06-03 15:41:34,29.4250,12.00,0.000,0.000,OFF,#2,HOLDING,0.000A/OFF
15534,2026-06-03 15:41:35,29.3000,12.00,0.000,0.000,OFF,#2,HOLDING,0.000A/OFF
15535,2026-06-03 15:41:36,29.3000,12.00,0.000,0.000,OFF,#2,HOLDING,0.000A/OFF
15536,2026-06-03 15:41:37,29.1500,12.00,0.000,0.000,OFF,#2,HOLDING,0.000A/OFF
15537,2026-06-03 15:41:38,29.1500,12.00,0.000,0.000,OFF,#2,HOLDING,0.000A/OFF
15538,2026-06-03 15:41:39,29.0125,12.00,0.000,0.000,OFF,#2,HOLDING,0.000A/OFF
15539,2026-06-03 15:41:40,29.0125,12.00,0.000,0.000,OFF,#2,HOLDING,0.000A/OFF
15540,2026-06-03 15:41:41,28.9125,12.00,0.000,0.000,OFF,#2,HOLDING,0.000A/OFF
15541,2026-06-03 15:41:42,28.9125,12.00,0.000,0.000,OFF,#2,HOLDING,0.000A/OFF
15542,2026-06-03 15:41:43,28.7750,12.00,0.000,0.000,OFF,#2,HOLDING,0.000A/OFF
15543,2026-06-03 15:41:44,28.6750,12.00,0.000,0.000,OFF,#2,HOLDING,0.000A/OFF
15544,2026-06-03 15:41:45,28.6750,12.00,0.000,0.000,OFF,#2,HOLDING,0.000A/OFF
15545,2026-06-03 15:41:46,28.5250,12.00,0.000,0.000,OFF,#2,HOLDING,0.000A/OFF
15546,2026-06-03 15:41:47,28.5250,12.00,0.000,0.000,OFF,#2,HOLDING,0.000A/OFF
15547,2026-06-03 15:41:49,28.4250,12.00,0.000,0.000,OFF,#2,HOLDING,0.000A/OFF
15548,2026-06-03 15:41:50,28.4250,12.00,0.000,0.000,OFF,#2,HOLDING,0.000A/OFF
15549,2026-06-03 15:41:51,28.3000,12.00,0.000,0.000,B,#2,HOLDING,0.132A/B
15550,2026-06-03 15:41:52,28.2000,7.54,0.132,0.000,B,#2,HOLDING,0.165A/B
15551,2026-06-03 15:41:54,28.2000,7.54,0.132,0.247,B,#2,HOLDING,0.206A/B
15552,2026-06-03 15:41:56,28.0875,7.54,0.132,0.247,B,#2,HOLDING,0.241A/B
15553,2026-06-03 15:41:57,27.9875,7.54,0.132,0.247,B,#2,HOLDING,0.288A/B
15554,2026-06-03 15:41:59,27.8875,2.50,0.132,0.247,B,#2,HOLDING,0.355A/B
15555,2026-06-03 15:42:01,27.7875,2.50,0.355,1.114,B,#2,HOLDING,0.413A/B
15556,2026-06-03 15:42:03,27.6875,2.50,0.355,1.114,B,#2,HOLDING,0.491A/B
15557,2026-06-03 15:42:05,27.6125,2.50,0.355,1.114,B,#2,HOLDING,0.549A/B
15558,2026-06-03 15:42:07,27.5250,4.70,0.355,1.114,B,#2,HOLDING,0.618A/B
15559,2026-06-03 15:42:09,27.4500,4.70,0.618,3.324,B,#2,HOLDING,0.690A/B
15560,2026-06-03 15:42:11,27.3750,4.70,0.618,3.324,B,#2,HOLDING,0.782A/B
15561,2026-06-03 15:42:12,27.3250,4.70,0.618,3.324,B,#2,HOLDING,0.845A/B
15562,2026-06-03 15:42:14,27.2750,7.15,0.618,3.324,B,#2,HOLDING,0.919A/B
15563,2026-06-03 15:42:16,27.2250,7.15,0.919,7.204,B,#2,HOLDING,0.998A/B
15564,2026-06-03 15:42:19,27.1875,7.15,0.919,7.204,B,#2,HOLDING,1.097A/B
15565,2026-06-03 15:42:20,27.1875,7.15,0.919,7.204,B,#2,HOLDING,1.159A/B
15566,2026-06-03 15:42:22,27.1625,9.61,0.919,7.204,B,#2,HOLDING,1.000A/B
15567,2026-06-03 15:42:24,27.1875,9.61,1.000,8.700,B,#2,HOLDING,1.000A/B
15568,2026-06-03 15:42:26,27.1875,9.61,1.000,8.700,B,#2,HOLDING,1.000A/B
15569,2026-06-03 15:42:28,27.2125,9.61,1.000,8.700,B,#2,HOLDING,1.224A/B
15570,2026-06-03 15:42:30,27.2500,10.27,1.000,8.700,B,#2,HOLDING,1.298A/B
15571,2026-06-03 15:42:32,27.2750,10.27,1.298,14.290,B,#2,HOLDING,1.368A/B
15572,2026-06-03 15:42:34,27.3500,10.27,1.298,14.290,B,#2,HOLDING,1.454A/B
15573,2026-06-03 15:42:36,27.4250,10.27,1.298,14.290,B,#2,HOLDING,1.505A/B
15574,2026-06-03 15:42:37,27.5125,12.00,1.298,14.290,B,#2,HOLDING,1.561A/B
15575,2026-06-03 15:42:39,27.5875,12.00,1.431,16.968,B,#2,HOLDING,1.618A/B
15576,2026-06-03 15:42:42,27.6625,12.00,1.431,16.968,B,#2,HOLDING,1.696A/B
15577,2026-06-03 15:42:43,27.7875,12.00,1.431,16.968,B,#2,HOLDING,1.733A/B
15578,2026-06-03 15:42:45,27.9250,12.00,1.431,16.968,B,#2,HOLDING,1.000A/B
15579,2026-06-03 15:42:47,28.0750,12.00,1.000,9.320,B,#2,HOLDING,1.500A/B
15580,2026-06-03 15:42:49,28.2000,12.00,1.000,9.320,B,#2,HOLDING,1.753A/B
15581,2026-06-03 15:42:51,28.3500,12.00,1.000,9.320,B,#2,HOLDING,1.725A/B
15582,2026-06-03 15:42:53,28.4875,12.00,1.000,9.320,B,#2,HOLDING,1.757A/B
15583,2026-06-03 15:42:55,28.6375,12.00,1.373,16.320,B,#2,HOLDING,1.777A/B
15584,2026-06-03 15:42:57,28.8000,12.00,1.373,16.320,B,#2,HOLDING,1.806A/B
15585,2026-06-03 15:42:59,28.9750,12.00,1.373,16.320,B,#2,HOLDING,1.810A/B
15586,2026-06-03 15:43:00,29.1000,12.00,1.373,16.320,B,#2,HOLDING,1.500A/B
15587,2026-06-03 15:43:02,29.2500,12.00,1.347,16.008,B,#2,HOLDING,1.819A/B
15588,2026-06-03 15:43:05,29.4250,12.00,1.347,16.008,B,#2,HOLDING,1.819A/B
15589,2026-06-03 15:43:06,29.5750,12.00,1.347,16.008,B,#2,HOLDING,1.805A/B
15590,2026-06-03 15:43:08,29.7375,12.00,1.347,16.008,B,#2,HOLDING,1.500A/B
15591,2026-06-03 15:43:10,29.9375,12.00,1.328,15.792,B,#2,HOLDING,1.780A/B
15592,2026-06-03 15:43:12,30.1125,12.00,1.328,15.792,B,#2,HOLDING,1.744A/B
15593,2026-06-03 15:43:14,30.3125,12.00,1.328,15.792,B,#2,HOLDING,1.654A/B
15594,2026-06-03 15:43:16,30.5250,12.00,1.328,15.792,B,#2,HOLDING,1.596A/B
15595,2026-06-03 15:43:18,30.7250,12.00,1.314,15.624,B,#2,HOLDING,1.526A/B
15596,2026-06-03 15:43:20,30.8750,12.00,1.314,15.624,B,#2,HOLDING,1.454A/B
15597,2026-06-03 15:43:22,31.0750,12.00,1.314,15.624,B,#2,HOLDING,1.385A/B
15598,2026-06-03 15:43:24,31.2500,12.00,1.314,15.624,B,#2,HOLDING,1.305A/B
15599,2026-06-03 15:43:25,31.4750,12.00,1.303,15.492,B,#2,HOLDING,1.201A/B
15600,2026-06-03 15:43:28,31.6500,12.00,1.303,15.492,B,#2,HOLDING,1.089A/B
15601,2026-06-03 15:43:29,31.8500,12.00,1.303,15.492,B,#2,HOLDING,0.991A/B
15602,2026-06-03 15:43:31,31.9875,9.72,1.303,15.492,B,#2,HOLDING,0.893A/B
15603,2026-06-03 15:43:33,32.1625,9.72,0.893,8.179,B,#2,HOLDING,0.774A/B
15604,2026-06-03 15:43:35,32.3625,9.72,0.893,8.179,B,#2,HOLDING,0.663A/B
15605,2026-06-03 15:43:37,32.5125,9.72,0.893,8.179,B,#2,HOLDING,0.551A/B
15606,2026-06-03 15:43:39,32.6750,6.34,0.893,8.179,B,#2,HOLDING,0.417A/B
15607,2026-06-03 15:43:41,32.8750,6.34,0.417,2.226,B,#2,HOLDING,0.273A/B
15608,2026-06-03 15:43:43,33.0000,6.34,0.417,2.226,OFF,#2,HOLDING,0.000A/OFF
15609,2026-06-03 15:43:44,33.2000,6.34,0.417,2.226,OFF,#2,HOLDING,0.000A/OFF
15610,2026-06-03 15:43:45,33.2000,6.34,0.417,2.226,OFF,#2,HOLDING,0.000A/OFF
15611,2026-06-03 15:43:46,33.3500,12.00,0.417,2.226,A,#2,HOLDING,0.172A/A
15612,2026-06-03 15:43:48,33.5000,12.00,0.000,0.063,A,#2,HOLDING,0.320A/A
15613,2026-06-03 15:43:50,33.6000,12.00,0.000,0.063,A,#2,HOLDING,0.531A/A
15614,2026-06-03 15:43:52,33.7000,12.00,0.000,0.063,A,#2,HOLDING,0.671A/A
15615,2026-06-03 15:43:54,33.7625,4.52,0.000,0.063,A,#2,HOLDING,0.837A/A
15616,2026-06-03 15:43:56,33.7875,4.52,0.765,5.122,A,#2,HOLDING,1.002A/A
15617,2026-06-03 15:43:58,33.8125,4.52,0.765,5.122,A,#2,HOLDING,1.214A/A
15618,2026-06-03 15:44:00,33.8125,4.52,0.765,5.122,A,#2,HOLDING,1.000A/A
15619,2026-06-03 15:44:01,33.8000,7.56,0.765,5.122,A,#2,HOLDING,1.354A/A
15620,2026-06-03 15:44:03,33.7000,7.56,1.243,13.946,A,#2,HOLDING,1.506A/A
15621,2026-06-03 15:44:06,33.6250,7.56,1.243,13.946,A,#2,HOLDING,1.707A/A
15622,2026-06-03 15:44:07,33.5250,7.56,1.243,13.946,A,#2,HOLDING,1.000A/A
15623,2026-06-03 15:44:09,33.3875,8.04,1.243,13.946,A,#2,HOLDING,1.500A/A
15624,2026-06-03 15:44:11,33.2375,8.04,1.305,17.490,A,#2,HOLDING,1.814A/A
15625,2026-06-03 15:44:13,33.0875,8.04,1.305,17.490,A,#2,HOLDING,1.986A/A
15626,2026-06-03 15:44:15,32.9625,8.04,1.305,17.490,A,#2,HOLDING,2.000A/A
15627,2026-06-03 15:44:17,32.7625,12.00,1.305,17.490,A,#2,HOLDING,2.086A/A
15628,2026-06-03 15:44:19,32.5625,12.00,1.514,17.964,A,#2,HOLDING,2.193A/A
15629,2026-06-03 15:44:21,32.3250,12.00,1.514,17.964,A,#2,HOLDING,2.325A/A
15630,2026-06-03 15:44:23,32.1000,12.00,1.514,17.964,A,#2,HOLDING,2.352A/A
15631,2026-06-03 15:44:25,31.8500,12.00,1.514,17.964,A,#2,HOLDING,1.000A/A
15632,2026-06-03 15:44:26,31.6000,12.00,1.243,8.790,A,#2,HOLDING,2.413A/A
15633,2026-06-03 15:44:29,31.3750,12.00,1.243,8.790,A,#2,HOLDING,2.500A/A
15634,2026-06-03 15:44:30,31.1000,12.00,1.243,8.790,A,#2,HOLDING,2.490A/A
15635,2026-06-03 15:44:32,30.8125,12.00,1.243,8.790,A,#2,HOLDING,2.529A/A
15636,2026-06-03 15:44:34,30.5375,12.00,1.467,17.400,A,#2,HOLDING,1.000A/A
15637,2026-06-03 15:44:36,30.2875,12.00,1.467,17.400,A,#2,HOLDING,2.505A/A
15638,2026-06-03 15:44:38,30.0125,12.00,1.467,17.400,A,#2,HOLDING,1.000A/A
15639,2026-06-03 15:44:40,29.7500,8.88,1.467,17.400,A,#2,HOLDING,2.000A/A
15640,2026-06-03 15:44:42,29.4500,8.88,1.451,17.208,A,#2,HOLDING,2.521A/A
15641,2026-06-03 15:44:44,29.1875,8.88,1.451,17.208,A,#3,APPROACH,2.500A/A
15642,2026-06-03 15:44:46,28.9125,8.88,1.451,17.208,A,#3,APPROACH,0.147A/A
15643,2026-06-03 15:44:47,28.6250,8.88,1.451,17.208,OFF,#3,APPROACH,0.000A/OFF
15644,2026-06-03 15:44:48,28.6250,12.00,1.451,17.208,OFF,#3,APPROACH,0.105A/A
15645,2026-06-03 15:44:51,28.3500,12.00,1.451,17.208,OFF,#3,APPROACH,0.000A/OFF
15646,2026-06-03 15:44:52,28.0875,12.00,0.000,17.208,OFF,#3,APPROACH,0.000A/OFF
15647,2026-06-03 15:44:53,27.7875,12.00,0.000,0.000,OFF,#3,APPROACH,0.000A/OFF
15648,2026-06-03 15:44:54,27.7875,12.00,0.000,0.000,OFF,#3,APPROACH,0.000A/OFF
15649,2026-06-03 15:44:55,27.5625,12.00,0.000,0.000,OFF,#3,APPROACH,0.000A/OFF
15650,2026-06-03 15:44:56,27.5625,12.00,0.000,0.000,A,#3,APPROACH,0.111A/A
15651,2026-06-03 15:44:57,27.3125,12.00,0.000,0.000,A,#3,APPROACH,0.000A/OFF
15652,2026-06-03 15:44:58,27.3125,12.00,0.055,0.168,A,#3,APPROACH,0.152A/A
15653,2026-06-03 15:45:00,26.8750,12.00,0.055,0.168,OFF,#3,HOLDING,0.000A/OFF
15654,2026-06-03 15:45:01,26.8750,12.00,0.055,0.168,OFF,#3,HOLDING,0.000A/OFF
15655,2026-06-03 15:45:02,26.7000,12.00,0.055,0.168,OFF,#3,HOLDING,0.000A/OFF
15656,2026-06-03 15:45:03,26.7000,12.00,0.055,0.168,OFF,#3,HOLDING,0.000A/OFF
15657,2026-06-03 15:45:04,26.5000,12.00,0.000,0.168,OFF,#3,HOLDING,0.000A/OFF
15658,2026-06-03 15:45:05,26.5000,12.00,0.000,0.168,OFF,#3,HOLDING,0.000A/OFF
15659,2026-06-03 15:45:06,26.3875,12.00,0.000,0.000,OFF,#3,HOLDING,0.000A/OFF
15660,2026-06-03 15:45:07,26.3875,12.00,0.000,0.000,OFF,#3,HOLDING,0.000A/OFF
15661,2026-06-03 15:45:08,26.2125,12.00,0.000,0.000,OFF,#3,HOLDING,0.000A/OFF
15662,2026-06-03 15:45:09,26.2125,12.00,0.000,0.000,OFF,#3,HOLDING,0.000A/OFF
15663,2026-06-03 15:45:10,26.0750,12.00,0.000,0.000,OFF,#3,HOLDING,0.000A/OFF
15664,2026-06-03 15:45:11,26.0750,12.00,0.000,0.000,OFF,#3,HOLDING,0.000A/OFF
15665,2026-06-03 15:45:12,25.9250,12.00,0.000,0.000,OFF,#3,HOLDING,0.000A/OFF
15666,2026-06-03 15:45:13,25.9250,12.00,0.000,0.000,OFF,#3,HOLDING,0.000A/OFF
15667,2026-06-03 15:45:14,25.8250,12.00,0.000,0.000,OFF,#3,HOLDING,0.000A/OFF
15668,2026-06-03 15:45:15,25.6750,12.00,0.000,0.000,OFF,#3,HOLDING,0.000A/OFF
15669,2026-06-03 15:45:16,25.6750,12.00,0.000,0.000,OFF,#3,HOLDING,0.000A/OFF
15670,2026-06-03 15:45:17,25.5750,12.00,0.000,0.000,OFF,#3,HOLDING,0.000A/OFF
15671,2026-06-03 15:45:18,25.5750,12.00,0.000,0.000,OFF,#3,HOLDING,0.000A/OFF
15672,2026-06-03 15:45:19,25.4500,12.00,0.000,0.000,OFF,#3,HOLDING,0.000A/OFF
15673,2026-06-03 15:45:21,25.4500,12.00,0.000,0.000,OFF,#3,HOLDING,0.000A/OFF
15674,2026-06-03 15:45:22,25.3750,12.00,0.000,0.000,OFF,#3,HOLDING,0.000A/OFF
15675,2026-06-03 15:45:23,25.3750,12.00,0.000,0.000,OFF,#3,HOLDING,0.000A/OFF
15676,2026-06-03 15:45:24,25.2750,12.00,0.000,0.000,OFF,#3,HOLDING,0.000A/OFF
15677,2026-06-03 15:45:25,25.2750,12.00,0.000,0.000,OFF,#3,HOLDING,0.000A/OFF
15678,2026-06-03 15:45:26,25.2125,12.00,0.000,0.000,OFF,#3,HOLDING,0.000A/OFF
15679,2026-06-03 15:45:27,25.2125,12.00,0.000,0.000,OFF,#3,HOLDING,0.000A/OFF
15680,2026-06-03 15:45:28,25.1375,12.00,0.000,0.000,OFF,#3,HOLDING,0.000A/OFF
15681,2026-06-03 15:45:29,25.1375,12.00,0.000,0.000,B,#3,HOLDING,0.101A/B
15682,2026-06-03 15:45:31,25.0875,12.02,0.101,0.000,B,#3,HOLDING,0.142A/B
15683,2026-06-03 15:45:32,25.0125,12.02,0.101,0.168,B,#3,HOLDING,0.172A/B
15684,2026-06-03 15:45:34,24.9875,12.02,0.101,0.168,B,#3,HOLDING,0.258A/B
15685,2026-06-03 15:45:36,24.9125,12.02,0.101,0.168,B,#3,HOLDING,0.301A/B
15686,2026-06-03 15:45:37,24.8625,2.60,0.101,0.168,B,#3,HOLDING,0.345A/B
15687,2026-06-03 15:45:39,24.8125,2.60,0.345,1.069,B,#3,HOLDING,0.394A/B
15688,2026-06-03 15:45:42,24.7750,2.60,0.345,1.069,B,#3,HOLDING,0.449A/B
15689,2026-06-03 15:45:43,24.7500,2.60,0.345,1.069,B,#3,HOLDING,0.487A/B
15690,2026-06-03 15:45:45,24.7500,4.25,0.345,1.069,B,#3,HOLDING,0.528A/B
15691,2026-06-03 15:45:47,24.7250,4.25,0.528,2.513,B,#3,HOLDING,0.576A/B
15692,2026-06-03 15:45:49,24.7125,4.25,0.528,2.513,B,#3,HOLDING,0.636A/B
15693,2026-06-03 15:45:51,24.6875,4.25,0.528,2.513,B,#3,HOLDING,0.682A/B
15694,2026-06-03 15:45:53,24.6875,5.93,0.528,2.513,B,#3,HOLDING,0.728A/B
15695,2026-06-03 15:45:55,24.6875,5.93,0.728,4.666,B,#3,HOLDING,0.776A/B
15696,2026-06-03 15:45:57,24.7500,5.93,0.728,4.666,B,#3,HOLDING,0.824A/B
15697,2026-06-03 15:45:59,24.7500,5.93,0.728,4.666,B,#3,HOLDING,0.864A/B
15698,2026-06-03 15:46:01,24.7875,7.41,0.728,4.666,B,#3,HOLDING,0.904A/B
15699,2026-06-03 15:46:02,24.8375,7.41,0.904,7.105,B,#3,HOLDING,0.944A/B
15700,2026-06-03 15:46:05,24.8750,7.41,0.904,7.105,B,#3,HOLDING,0.993A/B
15701,2026-06-03 15:46:06,24.9250,7.41,0.904,7.105,B,#3,HOLDING,1.023A/B
15702,2026-06-03 15:46:08,25.0125,8.70,0.904,7.105,B,#3,HOLDING,1.002A/B
15703,2026-06-03 15:46:10,25.0625,8.70,1.002,8.797,B,#3,HOLDING,1.035A/B
15704,2026-06-03 15:46:13,25.1625,8.70,1.002,8.797,B,#3,HOLDING,1.073A/B
15705,2026-06-03 15:46:14,25.2625,8.70,1.002,8.797,B,#3,HOLDING,1.000A/B
15706,2026-06-03 15:46:16,25.3500,8.79,1.002,8.797,B,#3,HOLDING,1.091A/B
15707,2026-06-03 15:46:18,25.4500,8.79,1.091,10.462,B,#3,HOLDING,1.109A/B
15708,2026-06-03 15:46:20,25.5500,8.79,1.091,10.462,B,#3,HOLDING,1.134A/B
15709,2026-06-03 15:46:22,25.6750,8.79,1.091,10.462,B,#3,HOLDING,1.139A/B
15710,2026-06-03 15:46:24,25.8000,9.91,1.091,10.462,B,#3,HOLDING,1.145A/B
15711,2026-06-03 15:46:26,25.9250,9.91,1.145,11.633,B,#3,HOLDING,1.144A/B
15712,2026-06-03 15:46:28,26.0500,9.91,1.145,11.633,B,#3,HOLDING,1.146A/B
15713,2026-06-03 15:46:29,26.2000,9.91,1.145,11.633,B,#3,HOLDING,1.134A/B
15714,2026-06-03 15:46:31,26.3625,10.05,1.145,11.633,B,#3,HOLDING,1.117A/B
15715,2026-06-03 15:46:33,26.5125,10.05,1.117,11.315,B,#3,HOLDING,1.092A/B
15716,2026-06-03 15:46:36,26.6750,10.05,1.117,11.315,B,#4,APPROACH,1.064A/B
15717,2026-06-03 15:46:37,26.8250,10.05,1.117,11.315,OFF,#4,APPROACH,0.000A/OFF
15718,2026-06-03 15:46:38,26.8250,10.05,1.117,11.315,OFF,#4,APPROACH,0.110A/A
15719,2026-06-03 15:46:40,27.1125,12.00,1.117,11.315,A,#4,APPROACH,0.212A/A
15720,2026-06-03 15:46:43,27.2875,12.00,0.000,1.539,A,#4,APPROACH,0.323A/A
15721,2026-06-03 15:46:45,27.4375,12.00,0.000,1.539,A,#4,APPROACH,0.448A/A
15722,2026-06-03 15:46:46,27.5500,12.00,0.000,1.539,A,#4,APPROACH,0.518A/A
15723,2026-06-03 15:46:48,27.6750,3.62,0.000,1.539,A,#4,APPROACH,0.613A/A
15724,2026-06-03 15:46:50,27.7875,3.62,0.583,2.832,A,#4,APPROACH,0.714A/A
15725,2026-06-03 15:46:53,27.8625,3.62,0.583,2.832,A,#4,APPROACH,0.837A/A
15726,2026-06-03 15:46:54,27.9125,3.62,0.583,2.832,A,#4,APPROACH,0.920A/A
15727,2026-06-03 15:46:56,27.9625,7.17,0.583,2.832,A,#4,APPROACH,1.018A/A
15728,2026-06-03 15:46:58,28.0000,7.17,0.990,8.296,A,#4,APPROACH,1.122A/A
15729,2026-06-03 15:47:00,28.0000,7.17,0.990,8.296,A,#4,APPROACH,1.248A/A
15730,2026-06-03 15:47:02,28.0000,7.17,0.990,8.296,A,#4,APPROACH,1.332A/A
15731,2026-06-03 15:47:04,27.9500,10.32,0.990,8.296,A,#4,APPROACH,1.424A/A
15732,2026-06-03 15:47:06,27.9000,10.32,1.386,15.963,A,#4,APPROACH,1.500A/A
15733,2026-06-03 15:47:08,27.8250,10.32,1.386,15.963,A,#4,APPROACH,1.500A/A
15734,2026-06-03 15:47:10,27.7375,10.32,1.386,15.963,A,#4,APPROACH,1.495A/A
15735,2026-06-03 15:47:11,27.6375,11.60,1.386,15.963,A,#4,APPROACH,1.500A/A
15736,2026-06-03 15:47:13,27.5125,11.60,1.500,17.964,A,#4,APPROACH,1.500A/A
15737,2026-06-03 15:47:16,27.3625,11.60,1.500,17.964,A,#4,APPROACH,1.555A/A
15738,2026-06-03 15:47:17,27.2375,11.60,1.500,17.964,A,#4,APPROACH,1.609A/A
15739,2026-06-03 15:47:19,27.0625,12.00,1.500,17.964,A,#4,APPROACH,1.500A/A
15740,2026-06-03 15:47:21,26.8875,12.00,1.478,17.568,A,#4,APPROACH,1.000A/A
15741,2026-06-03 15:47:23,26.7125,12.00,1.478,17.568,A,#4,APPROACH,1.642A/A
15742,2026-06-03 15:47:25,26.5375,12.00,1.478,17.568,A,#4,APPROACH,1.674A/A
15743,2026-06-03 15:47:27,26.3375,12.00,1.478,17.568,A,#4,APPROACH,1.705A/A
15744,2026-06-03 15:47:29,26.1375,12.00,1.459,17.340,A,#4,HOLDING,1.500A/A
15745,2026-06-03 15:47:31,25.9375,12.00,1.459,17.340,OFF,#4,HOLDING,0.000A/OFF
15746,2026-06-03 15:47:32,25.7625,12.00,1.459,17.340,OFF,#4,HOLDING,0.000A/OFF
15747,2026-06-03 15:47:33,25.7625,12.00,1.459,17.340,OFF,#4,HOLDING,0.000A/OFF
15748,2026-06-03 15:47:34,25.5375,12.00,1.459,17.340,OFF,#4,HOLDING,0.000A/OFF
15749,2026-06-03 15:47:35,25.5375,12.00,0.000,17.340,OFF,#4,HOLDING,0.000A/OFF
15750,2026-06-03 15:47:36,25.3000,12.00,0.000,17.340,OFF,#4,HOLDING,0.000A/OFF
15751,2026-06-03 15:47:37,25.3000,12.00,0.000,0.000,OFF,#4,HOLDING,0.000A/OFF
15752,2026-06-03 15:47:38,25.1000,12.00,0.000,0.000,OFF,#4,HOLDING,0.000A/OFF
15753,2026-06-03 15:47:39,25.1000,12.00,0.000,0.000,OFF,#4,HOLDING,0.000A/OFF
15754,2026-06-03 15:47:40,24.8875,12.00,0.000,0.000,OFF,#4,HOLDING,0.000A/OFF
15755,2026-06-03 15:47:41,24.8875,12.00,0.000,0.000,OFF,#4,HOLDING,0.000A/OFF
15756,2026-06-03 15:47:42,24.7375,12.00,0.000,0.000,OFF,#4,HOLDING,0.000A/OFF
15757,2026-06-03 15:47:43,24.7375,12.00,0.000,0.000,OFF,#4,HOLDING,0.000A/OFF
15758,2026-06-03 15:47:44,24.6000,12.00,0.000,0.000,OFF,#4,HOLDING,0.000A/OFF
15759,2026-06-03 15:47:45,24.6000,12.00,0.000,0.000,OFF,#4,HOLDING,0.000A/OFF
15760,2026-06-03 15:47:46,24.4500,12.00,0.000,0.000,OFF,#4,HOLDING,0.000A/OFF
15761,2026-06-03 15:47:47,24.4500,12.00,0.000,0.000,OFF,#4,HOLDING,0.000A/OFF
15762,2026-06-03 15:47:48,24.3250,12.00,0.000,0.000,OFF,#4,HOLDING,0.000A/OFF
15763,2026-06-03 15:47:49,24.2000,12.00,0.000,0.000,B,#4,HOLDING,0.147A/B
15764,2026-06-03 15:47:51,24.2000,12.00,0.000,0.000,B,#4,HOLDING,0.183A/B
15765,2026-06-03 15:47:53,24.0875,12.00,0.000,0.000,B,#4,HOLDING,0.215A/B
15766,2026-06-03 15:47:54,23.9875,1.48,0.000,0.000,B,#4,HOLDING,0.253A/B
15767,2026-06-03 15:47:56,23.9250,1.48,0.253,0.483,B,#4,HOLDING,0.309A/B
15768,2026-06-03 15:47:59,23.8250,1.48,0.253,0.483,B,#4,HOLDING,0.375A/B
15769,2026-06-03 15:48:00,23.7750,1.48,0.253,0.483,B,#4,HOLDING,0.418A/B
15770,2026-06-03 15:48:02,23.7250,3.38,0.253,0.483,B,#4,HOLDING,0.475A/B
15771,2026-06-03 15:48:04,23.6875,3.38,0.462,1.890,B,#4,HOLDING,0.528A/B
15772,2026-06-03 15:48:06,23.6625,3.38,0.462,1.890,B,#4,HOLDING,0.599A/B
15773,2026-06-03 15:48:08,23.6250,3.38,0.462,1.890,B,#4,HOLDING,0.651A/B
15774,2026-06-03 15:48:10,23.6000,5.44,0.462,1.890,B,#4,HOLDING,0.710A/B
15775,2026-06-03 15:48:12,23.5875,5.44,0.710,4.331,B,#4,HOLDING,0.770A/B
15776,2026-06-03 15:48:14,23.5625,5.44,0.710,4.331,B,#4,HOLDING,0.847A/B
15777,2026-06-03 15:48:16,23.6250,5.44,0.710,4.331,B,#4,HOLDING,0.885A/B
15778,2026-06-03 15:48:18,23.6250,7.37,0.710,4.331,B,#4,HOLDING,0.942A/B
15779,2026-06-03 15:48:19,23.6875,7.37,0.930,7.545,B,#4,HOLDING,0.986A/B
15780,2026-06-03 15:48:22,23.7125,7.37,0.930,7.545,B,#4,HOLDING,1.061A/B
15781,2026-06-03 15:48:23,23.7625,7.37,0.930,7.545,B,#4,HOLDING,1.000A/B
15782,2026-06-03 15:48:25,23.8375,8.43,0.930,7.545,B,#4,HOLDING,1.094A/B
15783,2026-06-03 15:48:27,23.9375,8.43,1.080,10.207,B,#4,HOLDING,1.000A/B
15784,2026-06-03 15:48:29,24.0375,8.43,1.080,10.207,B,#4,HOLDING,1.121A/B
15785,2026-06-03 15:48:31,24.1000,8.43,1.080,10.207,B,#4,HOLDING,1.153A/B
15786,2026-06-03 15:48:33,24.2000,9.73,1.080,10.207,B,#4,HOLDING,1.186A/B
15787,2026-06-03 15:48:35,24.3250,9.73,1.186,12.073,B,#4,HOLDING,1.000A/B
15788,2026-06-03 15:48:37,24.4500,9.73,1.186,12.073,B,#4,HOLDING,1.000A/B
15789,2026-06-03 15:48:39,24.5750,9.73,1.186,12.073,B,#4,HOLDING,1.000A/B
15790,2026-06-03 15:48:41,24.7000,8.86,1.186,12.073,B,#4,HOLDING,1.158A/B
15791,2026-06-03 15:48:42,24.8625,8.86,1.134,11.776,B,#4,HOLDING,1.165A/B
15792,2026-06-03 15:48:45,25.0125,8.86,1.134,11.776,B,#4,HOLDING,1.177A/B
15793,2026-06-03 15:48:46,25.1500,8.86,1.134,11.776,B,#4,HOLDING,1.175A/B
15794,2026-06-03 15:48:48,25.3250,10.20,1.134,11.776,B,#4,HOLDING,1.169A/B
15795,2026-06-03 15:48:50,25.4750,10.20,1.169,12.169,B,#4,HOLDING,1.156A/B
15796,2026-06-03 15:48:53,25.6250,10.20,1.169,12.169,B,#4,HOLDING,1.138A/B
15797,2026-06-03 15:48:54,25.8000,10.20,1.169,12.169,B,#4,HOLDING,1.116A/B
15798,2026-06-03 15:48:56,25.9750,10.01,1.169,12.169,B,#4,HOLDING,1.083A/B
15799,2026-06-03 15:48:58,26.1625,10.01,1.094,10.754,B,#4,HOLDING,1.039A/B
15800,2026-06-03 15:49:00,26.3375,10.01,1.094,10.754,B,#4,HOLDING,0.933A/B
15801,2026-06-03 15:49:02,26.5000,10.01,1.094,10.754,B,#4,HOLDING,0.880A/B
15802,2026-06-03 15:49:04,26.7000,8.44,1.094,10.754,B,#4,HOLDING,0.814A/B
15803,2026-06-03 15:49:06,26.8625,8.44,0.839,6.536,B,#4,HOLDING,0.741A/B
15804,2026-06-03 15:49:08,27.0625,8.44,0.839,6.536,B,#4,HOLDING,0.646A/B
15805,2026-06-03 15:49:10,27.2500,8.44,0.839,6.536,B,#4,HOLDING,0.568A/B
15806,2026-06-03 15:49:11,27.4500,6.08,0.839,6.536,B,#4,HOLDING,0.470A/B
15807,2026-06-03 15:49:13,27.6125,6.08,0.515,2.528,B,#4,HOLDING,0.370A/B
15808,2026-06-03 15:49:16,27.7875,6.08,0.515,2.528,B,#4,HOLDING,0.246A/B
15809,2026-06-03 15:49:17,27.9625,6.08,0.515,2.528,B,#4,HOLDING,0.148A/B
15810,2026-06-03 15:49:19,28.1375,6.08,0.515,2.528,OFF,#4,HOLDING,0.000A/OFF
15811,2026-06-03 15:49:20,28.3000,2.44,0.515,2.528,OFF,#4,HOLDING,0.000A/OFF
15812,2026-06-03 15:49:21,28.3000,2.44,0.148,2.528,OFF,#4,HOLDING,0.000A/OFF
15813,2026-06-03 15:49:22,28.4000,2.44,0.148,0.000,A,#4,HOLDING,0.133A/A
15814,2026-06-03 15:49:24,28.5375,2.44,0.148,0.000,A,#4,HOLDING,0.249A/A
15815,2026-06-03 15:49:25,28.6375,2.44,0.148,0.000,A,#4,HOLDING,0.365A/A
15816,2026-06-03 15:49:27,28.6375,2.51,0.148,0.000,A,#4,HOLDING,0.469A/A
15817,2026-06-03 15:49:29,28.7625,2.51,0.414,1.683,A,#4,HOLDING,0.608A/A
15818,2026-06-03 15:49:31,28.8750,2.51,0.414,1.683,A,#4,HOLDING,0.788A/A
15819,2026-06-03 15:49:33,28.8750,2.51,0.414,1.683,A,#4,HOLDING,0.902A/A
15820,2026-06-03 15:49:35,28.9250,7.08,0.414,1.683,A,#4,HOLDING,1.039A/A
15821,2026-06-03 15:49:36,28.9375,7.08,0.967,8.634,A,#4,HOLDING,1.176A/A
15822,2026-06-03 15:49:39,28.9250,7.08,0.967,8.634,A,#4,HOLDING,1.352A/A
15823,2026-06-03 15:49:40,28.9250,7.08,0.967,8.634,A,#4,HOLDING,1.469A/A
15824,2026-06-03 15:49:42,28.8500,11.22,0.967,8.634,A,#4,HOLDING,1.596A/A
15825,2026-06-03 15:49:44,28.7750,11.22,1.512,18.492,A,#4,HOLDING,1.500A/A
15826,2026-06-03 15:49:47,28.6750,11.22,1.512,18.492,A,#4,HOLDING,1.713A/A
15827,2026-06-03 15:49:48,28.6750,11.22,1.512,18.492,A,#4,HOLDING,1.500A/A
15828,2026-06-03 15:49:50,28.5500,11.74,1.512,18.492,A,#4,HOLDING,1.500A/A
15829,2026-06-03 15:49:52,28.4250,11.74,1.500,17.952,A,#4,HOLDING,1.500A/A
15830,2026-06-03 15:49:54,28.1375,11.74,1.500,17.952,A,#4,HOLDING,1.754A/A
15831,2026-06-03 15:49:56,28.1375,11.74,1.500,17.952,A,#4,HOLDING,1.863A/A
15832,2026-06-03 15:49:58,27.9375,12.00,1.500,17.952,A,#4,HOLDING,1.500A/A
15833,2026-06-03 15:50:00,27.7625,12.00,1.481,17.556,A,#4,HOLDING,1.943A/A
15834,2026-06-03 15:50:02,27.3875,12.00,1.481,17.556,A,#4,HOLDING,1.000A/A
15835,2026-06-03 15:50:04,27.3875,12.00,1.481,17.556,A,#4,HOLDING,1.000A/A
15836,2026-06-03 15:50:05,27.1875,8.92,1.481,17.556,A,#4,HOLDING,1.500A/A
15837,2026-06-03 15:50:07,26.9500,8.92,1.226,17.280,A,#4,HOLDING,2.000A/A
15838,2026-06-03 15:50:10,26.5125,8.92,1.226,17.280,A,#4,HOLDING,1.500A/A
15839,2026-06-03 15:50:11,26.5125,8.92,1.226,17.280,A,#4,HOLDING,1.968A/A
15840,2026-06-03 15:50:13,26.3125,12.00,1.226,17.280,A,#4,HOLDING,1.500A/A
15841,2026-06-03 15:50:15,26.0625,12.00,1.439,17.124,A,#4,HOLDING,1.500A/A
15842,2026-06-03 15:50:17,25.6250,12.00,1.439,17.124,A,#4,HOLDING,1.928A/A
15843,2026-06-03 15:50:19,25.6250,12.00,1.439,17.124,A,#4,HOLDING,1.960A/A
15844,2026-06-03 15:50:21,25.3750,12.00,1.439,17.124,A,#4,HOLDING,1.968A/A
15845,2026-06-03 15:50:23,25.1625,12.00,1.428,16.968,A,#4,HOLDING,1.978A/A
15846,2026-06-03 15:50:25,24.7000,12.00,1.428,16.968,A,#5,APPROACH,1.500A/A
15847,2026-06-03 15:50:27,24.7000,12.00,1.428,16.968,A,#5,APPROACH,0.230A/A
15848,2026-06-03 15:50:28,24.4500,12.00,1.428,16.968,A,#5,APPROACH,0.215A/A
15849,2026-06-03 15:50:30,24.2375,8.08,1.428,16.968,A,#5,APPROACH,0.229A/A
15850,2026-06-03 15:50:32,24.0125,8.08,0.274,0.735,A,#5,APPROACH,0.246A/A
15851,2026-06-03 15:50:35,23.5875,8.08,0.274,0.735,A,#5,APPROACH,0.265A/A
15852,2026-06-03 15:50:36,23.4375,8.08,0.274,0.735,A,#5,APPROACH,0.291A/A
15853,2026-06-03 15:50:38,23.1875,3.47,0.274,0.735,A,#5,APPROACH,0.262A/A
15854,2026-06-03 15:50:40,23.1875,3.47,0.262,0.843,A,#5,APPROACH,0.354A/A
15855,2026-06-03 15:50:43,22.8750,3.47,0.262,0.843,A,#5,APPROACH,0.413A/A
15856,2026-06-03 15:50:44,22.7125,3.47,0.262,0.843,A,#5,APPROACH,0.471A/A
15857,2026-06-03 15:50:46,22.5625,4.87,0.262,0.843,A,#5,APPROACH,0.525A/A
15858,2026-06-03 15:50:48,22.5625,4.87,0.525,2.835,A,#5,APPROACH,0.634A/A
15859,2026-06-03 15:50:50,22.3625,4.87,0.525,2.835,A,#5,APPROACH,0.726A/A
15860,2026-06-03 15:50:52,22.2375,4.87,0.525,2.835,A,#5,APPROACH,0.783A/A
15861,2026-06-03 15:50:54,22.1125,7.36,0.525,2.835,A,#5,APPROACH,0.830A/A
15862,2026-06-03 15:50:56,22.1125,7.36,0.830,6.474,A,#5,APPROACH,0.914A/A
15863,2026-06-03 15:50:58,21.8875,7.36,0.830,6.474,A,#5,APPROACH,0.975A/A
15864,2026-06-03 15:51:00,21.8875,7.36,0.830,6.474,A,#5,APPROACH,1.039A/A
15865,2026-06-03 15:51:01,21.7000,9.08,0.830,6.474,A,#5,APPROACH,1.064A/A
15866,2026-06-03 15:51:03,21.7000,9.08,1.064,10.033,A,#5,APPROACH,1.133A/A
15867,2026-06-03 15:51:06,21.4625,9.08,1.064,10.033,A,#5,APPROACH,1.000A/A
15868,2026-06-03 15:51:07,21.4625,9.08,1.064,10.033,A,#5,APPROACH,1.177A/A
15869,2026-06-03 15:51:09,21.2375,10.07,1.064,10.033,A,#5,HOLDING,1.132A/A
15870,2026-06-03 15:51:11,21.2375,10.07,1.132,10.033,OFF,#5,HOLDING,0.000A/OFF
15871,2026-06-03 15:51:12,21.1750,10.07,1.132,11.263,OFF,#5,HOLDING,0.000A/OFF
15872,2026-06-03 15:51:13,21.0500,10.07,1.132,11.263,OFF,#5,HOLDING,0.000A/OFF
15873,2026-06-03 15:51:14,21.0500,10.07,1.132,11.263,OFF,#5,HOLDING,0.000A/OFF
15874,2026-06-03 15:51:15,21.0500,10.07,1.132,11.263,OFF,#5,HOLDING,0.000A/OFF
15875,2026-06-03 15:51:16,20.9250,10.07,1.132,11.263,OFF,#5,HOLDING,0.000A/OFF
15876,2026-06-03 15:51:17,20.8000,12.00,1.132,11.263,OFF,#5,HOLDING,0.000A/OFF
15877,2026-06-03 15:51:18,20.8000,12.00,0.000,11.263,OFF,#5,HOLDING,0.000A/OFF
15878,2026-06-03 15:51:19,20.7125,12.00,0.000,0.000,A,#5,HOLDING,0.103A/A
15879,2026-06-03 15:51:21,20.6125,12.00,0.000,0.000,A,#5,HOLDING,0.124A/A
15880,2026-06-03 15:51:22,20.6125,12.00,0.000,0.000,A,#5,HOLDING,0.134A/A
15881,2026-06-03 15:51:24,20.5500,1.70,0.000,0.000,A,#5,HOLDING,0.150A/A
15882,2026-06-03 15:51:26,20.4750,1.70,0.150,0.276,A,#5,HOLDING,0.160A/A
15883,2026-06-03 15:51:28,20.4375,1.70,0.150,0.276,A,#5,HOLDING,0.164A/A
15884,2026-06-03 15:51:30,20.3875,1.70,0.150,0.276,A,#5,HOLDING,0.168A/A
15885,2026-06-03 15:51:31,20.3750,1.90,0.150,0.276,A,#5,HOLDING,0.176A/A
15886,2026-06-03 15:51:33,20.3250,1.90,0.176,0.350,A,#5,HOLDING,0.175A/A
15887,2026-06-03 15:51:36,20.3125,1.90,0.176,0.350,A,#5,HOLDING,0.180A/A
15888,2026-06-03 15:51:37,20.2625,1.90,0.176,0.350,A,#5,HOLDING,0.175A/A
15889,2026-06-03 15:51:39,20.2500,1.90,0.176,0.350,A,#5,HOLDING,0.176A/A
15890,2026-06-03 15:51:41,20.2250,1.90,0.176,0.339,A,#5,HOLDING,0.172A/A
15891,2026-06-03 15:51:43,20.2125,1.90,0.176,0.339,A,#5,HOLDING,0.173A/A
15892,2026-06-03 15:51:45,20.2125,1.90,0.176,0.339,A,#5,HOLDING,0.171A/A
15893,2026-06-03 15:51:47,20.1875,1.81,0.176,0.339,A,#5,HOLDING,0.167A/A
15894,2026-06-03 15:51:49,20.1875,1.81,0.167,0.302,A,#5,HOLDING,0.163A/A
15895,2026-06-03 15:51:51,20.1875,1.81,0.167,0.302,A,#5,HOLDING,0.158A/A
15896,2026-06-03 15:51:53,20.2125,1.81,0.167,0.302,A,#5,HOLDING,0.160A/A
15897,2026-06-03 15:51:55,20.1875,1.68,0.167,0.302,A,#5,HOLDING,0.154A/A
15898,2026-06-03 15:51:56,20.1875,1.68,0.154,0.254,A,#5,HOLDING,0.150A/A
15899,2026-06-03 15:51:59,20.2000,1.68,0.154,0.254,A,#5,HOLDING,0.143A/A
15900,2026-06-03 15:52:00,20.2500,1.68,0.154,0.254,A,#5,HOLDING,0.149A/A
15901,2026-06-03 15:52:02,20.2375,1.56,0.154,0.254,A,#5,HOLDING,0.145A/A
15902,2026-06-03 15:52:04,20.2375,1.56,0.145,0.223,A,#5,HOLDING,0.142A/A
15903,2026-06-03 15:52:06,20.2500,1.56,0.145,0.223,A,#5,HOLDING,0.136A/A
15904,2026-06-03 15:52:08,20.2500,1.56,0.145,0.223,A,#5,HOLDING,0.135A/A
15905,2026-06-03 15:52:10,20.2500,1.41,0.145,0.223,OFF,--,DONE,0.133A/A
15906,2026-06-03 15:52:12,20.2500,1.41,0.133,0.223,OFF,--,DONE,--
15907,2026-06-03 15:52:13,20.2750,1.41,0.133,0.000,OFF,--,DONE,--
15908,2026-06-03 15:52:14,20.2750,1.41,0.133,0.000,OFF,--,DONE,--
15909,2026-06-03 15:52:15,20.2500,3.29,0.133,0.000,OFF,--,DONE,--
15910,2026-06-03 15:52:16,20.2500,3.29,0.000,0.000,OFF,--,DONE,--
15911,2026-06-03 15:52:17,20.2750,3.29,0.000,0.000,OFF,--,DONE,--
15912,2026-06-03 15:52:18,20.2750,1.29,0.000,0.000,OFF,--,DONE,--
15913,2026-06-03 15:52:19,20.3000,1.29,0.000,0.000,OFF,--,DONE,--
15914,2026-06-03 15:52:20,20.3000,1.29,0.000,0.000,OFF,--,DONE,--
15915,2026-06-03 15:52:21,20.3250,1.29,0.000,0.000,OFF,--,DONE,--
15916,2026-06-03 15:52:22,20.3250,0.46,0.000,0.000,OFF,--,DONE,--
15917,2026-06-03 15:52:23,20.3500,0.46,0.000,0.000,OFF,--,DONE,--
15918,2026-06-03 15:52:24,20.3500,0.46,0.000,0.000,OFF,--,DONE,--
15919,2026-06-03 15:52:25,20.3500,0.46,0.000,0.000,OFF,--,DONE,--
15920,2026-06-03 15:52:26,20.3500,0.10,0.000,0.000,OFF,--,DONE,--
15921,2026-06-03 15:52:27,20.3750,0.10,0.000,0.000,OFF,--,DONE,--
15922,2026-06-03 15:52:28,20.3750,0.10,0.000,0.000,OFF,--,DONE,--
15923,2026-06-03 15:52:29,20.3875,0.00,0.000,0.000,OFF,--,DONE,--
15924,2026-06-03 15:52:30,20.4625,0.00,0.000,0.000,OFF,--,DONE,--
15925,2026-06-03 15:52:31,20.4625,0.00,0.000,0.000,OFF,--,DONE,--
15926,2026-06-03 15:52:32,20.4750,0.00,0.000,0.000,OFF,--,DONE,--
15927,2026-06-03 15:52:33,20.4750,0.00,0.000,0.000,OFF,--,DONE,--
15928,2026-06-03 15:52:34,20.5000,0.00,0.000,0.000,OFF,--,DONE,--
15929,2026-06-03 15:52:35,20.5000,0.00,0.000,0.000,OFF,--,DONE,--
15930,2026-06-03 15:52:36,20.5000,0.00,0.000,0.000,OFF,--,DONE,--
15931,2026-06-03 15:52:37,20.5000,0.00,0.000,0.000,OFF,--,DONE,--
15932,2026-06-03 15:52:38,20.5500,0.00,0.000,0.000,OFF,--,DONE,--
15933,2026-06-03 15:52:39,20.5500,0.00,0.000,0.000,OFF,--,DONE,--
15934,2026-06-03 15:52:40,20.5750,0.00,0.000,0.000,OFF,--,DONE,--
15935,2026-06-03 15:52:41,20.5750,0.00,0.000,0.000,OFF,--,DONE,--
15936,2026-06-03 15:52:42,20.6250,0.00,0.000,0.000,OFF,--,DONE,--
15937,2026-06-03 15:52:43,20.6250,0.00,0.000,0.000,OFF,--,DONE,--
15938,2026-06-03 15:52:44,20.6375,0.00,0.000,0.000,OFF,--,DONE,--
15939,2026-06-03 15:52:45,20.6875,0.00,0.000,0.000,OFF,--,DONE,--
15940,2026-06-03 15:52:46,20.6875,0.00,0.000,0.000,OFF,--,DONE,--
15941,2026-06-03 15:52:47,20.7000,0.00,0.000,0.000,OFF,--,DONE,--
15942,2026-06-03 15:52:48,20.7000,0.00,0.000,0.000,OFF,--,DONE,--
15943,2026-06-03 15:52:50,20.7250,0.00,0.000,0.000,OFF,--,DONE,--
15944,2026-06-03 15:52:51,20.7250,0.00,0.000,0.000,OFF,--,DONE,--
15945,2026-06-03 15:52:52,20.7500,0.00,0.000,0.000,OFF,--,DONE,--
15946,2026-06-03 15:52:53,20.7500,0.00,0.000,0.000,OFF,--,DONE,--
15947,2026-06-03 15:52:54,20.8000,0.00,0.000,0.000,OFF,--,DONE,--
15948,2026-06-03 15:52:55,20.8000,0.00,0.000,0.000,OFF,--,DONE,--
15949,2026-06-03 15:52:56,20.8125,0.00,0.000,0.000,OFF,--,DONE,--
15950,2026-06-03 15:52:57,20.8125,0.00,0.000,0.000,OFF,--,DONE,--
15951,2026-06-03 15:52:58,20.8375,0.00,0.000,0.000,OFF,--,DONE,--
15952,2026-06-03 15:52:59,20.8375,0.00,0.000,0.000,OFF,--,DONE,--
15953,2026-06-03 15:53:00,20.8750,0.00,0.000,0.000,OFF,--,DONE,--
15954,2026-06-03 15:53:01,20.8750,0.00,0.000,0.000,OFF,--,DONE,--
15955,2026-06-03 15:53:02,20.9000,0.00,0.000,0.000,OFF,--,DONE,--
15956,2026-06-03 15:53:03,20.9000,0.00,0.000,0.000,OFF,--,DONE,--
15957,2026-06-03 15:53:04,20.9375,0.00,0.000,0.000,OFF,--,DONE,--
15958,2026-06-03 15:53:05,20.9875,0.00,0.000,0.000,OFF,--,DONE,--
15959,2026-06-03 15:53:06,20.9875,0.00,0.000,0.000,OFF,--,DONE,--
15960,2026-06-03 15:53:07,21.0000,0.00,0.000,0.000,OFF,--,DONE,--
15961,2026-06-03 15:53:08,21.0000,0.00,0.000,0.000,OFF,--,DONE,--
15962,2026-06-03 15:53:09,21.0250,0.00,0.000,0.000,OFF,--,DONE,--
15963,2026-06-03 15:53:10,21.0250,0.00,0.000,0.000,OFF,--,DONE,--
15964,2026-06-03 15:53:11,21.0625,0.00,0.000,0.000,OFF,--,DONE,--
15965,2026-06-03 15:53:12,21.0625,0.00,0.000,0.000,OFF,--,DONE,--
15966,2026-06-03 15:53:13,21.0625,0.00,0.000,0.000,OFF,--,DONE,--
15967,2026-06-03 15:53:14,21.0625,0.00,0.000,0.000,OFF,--,DONE,--
15968,2026-06-03 15:53:15,21.1250,0.00,0.000,0.000,OFF,--,DONE,--
15969,2026-06-03 15:53:16,21.1250,0.00,0.000,0.000,OFF,--,DONE,--
15970,2026-06-03 15:53:17,21.1250,0.00,0.000,0.000,OFF,--,DONE,--
15971,2026-06-03 15:53:18,21.1250,0.00,0.000,0.000,OFF,--,DONE,--
15972,2026-06-03 15:53:19,21.1625,0.00,0.000,0.000,OFF,--,DONE,--
15973,2026-06-03 15:53:20,21.1875,0.00,0.000,0.000,OFF,--,DONE,--
15974,2026-06-03 15:53:21,21.1875,0.00,0.000,0.000,OFF,--,DONE,--
15975,2026-06-03 15:53:22,21.2125,0.00,0.000,0.000,OFF,--,DONE,--
15976,2026-06-03 15:53:23,21.2125,0.00,0.000,0.000,OFF,--,DONE,--
15977,2026-06-03 15:53:24,21.2375,0.00,0.000,0.000,OFF,--,DONE,--
15978,2026-06-03 15:53:25,21.2375,0.00,0.000,0.000,OFF,--,DONE,--
15979,2026-06-03 15:53:26,21.2500,0.00,0.000,0.000,OFF,--,DONE,--
15980,2026-06-03 15:53:27,21.2500,0.00,0.000,0.000,OFF,--,DONE,--
15981,2026-06-03 15:53:28,21.2750,0.00,0.000,0.000,OFF,--,DONE,--
15982,2026-06-03 15:53:30,21.2750,0.00,0.000,0.000,OFF,--,DONE,--
15983,2026-06-03 15:53:31,21.3125,0.00,0.000,0.000,OFF,--,DONE,--
15984,2026-06-03 15:53:32,21.3125,0.00,0.000,0.000,OFF,--,DONE,--
15985,2026-06-03 15:53:33,21.3125,0.00,0.000,0.000,OFF,--,DONE,--
15986,2026-06-03 15:53:34,21.3125,0.00,0.000,0.000,OFF,--,DONE,--
15987,2026-06-03 15:53:35,21.3500,0.00,0.000,0.000,OFF,--,DONE,--
15988,2026-06-03 15:53:36,21.3750,0.00,0.000,0.000,OFF,--,DONE,--
15989,2026-06-03 15:53:37,21.3750,0.00,0.000,0.000,OFF,--,DONE,--
15990,2026-06-03 15:53:38,21.3750,0.00,0.000,0.000,OFF,--,DONE,--
15991,2026-06-03 15:53:39,21.3750,0.00,0.000,0.000,OFF,--,DONE,--
15992,2026-06-03 15:53:40,21.3750,0.00,0.000,0.000,OFF,--,DONE,--
15993,2026-06-03 15:53:41,21.3750,0.00,0.000,0.000,OFF,--,DONE,--
15994,2026-06-03 15:53:42,21.4375,0.00,0.000,0.000,OFF,--,DONE,--
15995,2026-06-03 15:53:43,21.4375,0.00,0.000,0.000,OFF,--,DONE,--
15996,2026-06-03 15:53:44,21.4375,0.00,0.000,0.000,OFF,--,DONE,--
15997,2026-06-03 15:53:45,21.4375,0.00,0.000,0.000,OFF,--,DONE,--
15998,2026-06-03 15:53:46,21.4375,0.00,0.000,0.000,OFF,--,DONE,--
15999,2026-06-03 15:53:47,21.4375,0.00,0.000,0.000,OFF,--,DONE,--
16000,2026-06-03 15:53:48,21.4625,0.00,0.000,0.000,OFF,--,DONE,--
16001,2026-06-03 15:53:49,21.4625,0.00,0.000,0.000,OFF,--,DONE,--
16002,2026-06-03 15:53:50,21.5000,0.00,0.000,0.000,OFF,--,DONE,--
16003,2026-06-03 15:53:51,21.5000,0.00,0.000,0.000,OFF,--,DONE,--
16004,2026-06-03 15:53:52,21.5000,0.00,0.000,0.000,OFF,--,DONE,--
16005,2026-06-03 15:53:53,21.5000,0.00,0.000,0.000,OFF,--,DONE,--
16006,2026-06-03 15:53:54,21.5000,0.00,0.000,0.000,OFF,--,DONE,--
16007,2026-06-03 15:53:55,21.5250,0.00,0.000,0.000,OFF,--,DONE,--
16008,2026-06-03 15:53:56,21.5250,0.00,0.000,0.000,OFF,--,DONE,--
16009,2026-06-03 15:53:57,21.5375,0.00,0.000,0.000,OFF,--,DONE,--
16010,2026-06-03 15:53:58,21.5375,0.00,0.000,0.000,OFF,--,DONE,--
16011,2026-06-03 15:53:59,21.5625,0.00,0.000,0.000,OFF,--,DONE,--
16012,2026-06-03 15:54:00,21.5625,0.00,0.000,0.000,OFF,--,DONE,--
16013,2026-06-03 15:54:01,21.5750,0.00,0.000,0.000,OFF,--,DONE,--
16014,2026-06-03 15:54:02,21.5750,0.00,0.000,0.000,OFF,--,DONE,--
16015,2026-06-03 15:54:03,21.6000,0.00,0.000,0.000,OFF,--,DONE,--
16016,2026-06-03 15:54:04,21.6000,0.00,0.000,0.000,OFF,--,DONE,--
16017,2026-06-03 15:54:05,21.6250,0.00,0.000,0.000,OFF,--,DONE,--
16018,2026-06-03 15:54:06,21.6250,0.00,0.000,0.000,OFF,--,DONE,--
16019,2026-06-03 15:54:07,21.6250,0.00,0.000,0.000,OFF,--,DONE,--
16020,2026-06-03 15:54:08,21.6500,0.00,0.000,0.000,OFF,--,DONE,--
16021,2026-06-03 15:54:10,21.6500,0.00,0.000,0.000,OFF,--,DONE,--
16022,2026-06-03 15:54:11,21.6250,0.00,0.000,0.000,OFF,--,DONE,--
16023,2026-06-03 15:54:12,21.6250,0.00,0.000,0.000,OFF,--,DONE,--
16024,2026-06-03 15:54:13,21.6375,0.00,0.000,0.000,OFF,--,DONE,--
16025,2026-06-03 15:54:14,21.6375,0.00,0.000,0.000,OFF,--,DONE,--
16026,2026-06-03 15:54:15,21.6875,0.00,0.000,0.000,OFF,#1,HOLDING,0.000A/OFF
16027,2026-06-03 15:54:16,21.6875,0.00,0.000,0.000,B,#1,HOLDING,0.102A/B
16028,2026-06-03 15:54:17,21.6875,0.00,0.000,0.000,B,#1,HOLDING,0.108A/B
16029,2026-06-03 15:54:20,21.6875,0.00,0.000,0.000,B,#1,HOLDING,0.144A/B
16030,2026-06-03 15:54:22,21.7250,0.00,0.000,0.000,B,#1,HOLDING,0.151A/B
16031,2026-06-03 15:54:24,21.7500,1.29,0.000,0.000,B,#1,HOLDING,0.110A/B
16032,2026-06-03 15:54:26,21.7500,1.29,0.128,0.105,B,#1,HOLDING,0.156A/B
16033,2026-06-03 15:54:28,21.7750,1.29,0.128,0.105,B,#1,HOLDING,0.168A/B
16034,2026-06-03 15:54:30,21.7500,1.29,0.128,0.105,B,#1,HOLDING,0.240A/B
16035,2026-06-03 15:54:32,21.7500,2.10,0.128,0.105,B,#1,HOLDING,0.246A/B
16036,2026-06-03 15:54:33,21.8000,2.10,0.246,0.541,B,#1,HOLDING,0.215A/B
16037,2026-06-03 15:54:36,21.8125,2.10,0.246,0.541,B,#1,HOLDING,0.230A/B
16038,2026-06-03 15:54:37,21.8125,2.10,0.246,0.541,B,#1,HOLDING,0.147A/B
16039,2026-06-03 15:54:39,21.8500,2.10,0.246,0.541,OFF,#1,HOLDING,0.000A/OFF
16040,2026-06-03 15:54:40,21.8500,1.35,0.246,0.541,OFF,#1,HOLDING,0.000A/OFF
16041,2026-06-03 15:54:41,21.8750,1.35,0.147,0.541,OFF,#1,HOLDING,0.000A/OFF
16042,2026-06-03 15:54:42,21.8750,1.35,0.147,0.000,OFF,#1,HOLDING,0.000A/OFF
16043,2026-06-03 15:54:43,21.9125,1.35,0.147,0.000,OFF,#1,HOLDING,0.000A/OFF
16044,2026-06-03 15:54:44,21.9125,1.35,0.147,0.000,OFF,#1,HOLDING,0.000A/OFF
16045,2026-06-03 15:54:45,21.9375,1.35,0.147,0.000,OFF,#1,HOLDING,0.000A/OFF
16046,2026-06-03 15:54:46,21.9375,12.00,0.147,0.000,OFF,#1,HOLDING,0.000A/OFF
16047,2026-06-03 15:54:47,21.9750,12.00,0.000,0.000,OFF,#1,HOLDING,0.000A/OFF
16048,2026-06-03 15:54:48,21.9750,12.00,0.000,0.000,OFF,#1,HOLDING,0.000A/OFF
16049,2026-06-03 15:54:49,21.9750,12.00,0.000,0.000,OFF,#1,HOLDING,0.000A/OFF
16050,2026-06-03 15:54:50,21.9750,12.00,0.000,0.000,A,#1,HOLDING,0.126A/A
16051,2026-06-03 15:54:52,22.0000,12.00,0.000,0.000,A,#1,HOLDING,0.133A/A
16052,2026-06-03 15:54:54,22.0250,3.18,0.133,0.000,A,#1,HOLDING,0.188A/A
16053,2026-06-03 15:54:56,22.0625,3.18,0.133,0.330,A,#1,HOLDING,0.347A/A
16054,2026-06-03 15:54:57,22.0625,3.18,0.133,0.330,A,#1,HOLDING,0.350A/A
16055,2026-06-03 15:54:59,22.0625,3.18,0.133,0.330,A,#1,HOLDING,0.256A/A
16056,2026-06-03 15:55:01,22.0625,2.37,0.133,0.330,A,#1,HOLDING,0.404A/A
16057,2026-06-03 15:55:03,22.0625,2.37,0.376,1.547,A,#1,HOLDING,0.301A/A
16058,2026-06-03 15:55:05,22.0625,2.37,0.376,1.547,A,#1,HOLDING,0.390A/A
16059,2026-06-03 15:55:07,22.0000,2.37,0.376,1.547,A,#1,HOLDING,0.291A/A
16060,2026-06-03 15:55:09,22.0000,2.86,0.376,1.547,A,#1,HOLDING,0.295A/A
16061,2026-06-03 15:55:10,21.9750,2.86,0.295,0.896,A,#1,HOLDING,0.157A/A
16062,2026-06-03 15:55:13,21.9750,2.86,0.295,0.896,OFF,#1,HOLDING,0.000A/OFF
16063,2026-06-03 15:55:14,21.9750,2.86,0.295,0.896,OFF,#1,HOLDING,0.000A/OFF
16064,2026-06-03 15:55:15,21.9375,2.86,0.295,0.896,OFF,#2,APPROACH,0.000A/OFF
16065,2026-06-03 15:55:16,21.9125,11.58,0.295,0.896,B,#2,APPROACH,0.333A/B
16066,2026-06-03 15:55:18,21.8750,11.58,0.000,0.896,B,#2,APPROACH,1.124A/B
16067,2026-06-03 15:55:20,21.8250,11.58,0.000,0.000,B,#2,APPROACH,1.042A/B
16068,2026-06-03 15:55:22,21.8375,11.58,0.000,0.000,B,#2,APPROACH,1.982A/B
16069,2026-06-03 15:55:24,21.8125,11.58,0.000,0.000,B,#2,APPROACH,1.000A/B
16070,2026-06-03 15:55:26,21.8125,8.05,0.000,0.000,B,#2,APPROACH,1.263A/B
16071,2026-06-03 15:55:27,21.8125,8.05,1.129,12.566,B,#2,APPROACH,1.349A/B
16072,2026-06-03 15:55:30,21.8250,8.05,1.129,12.566,B,#2,APPROACH,0.981A/B
16073,2026-06-03 15:55:31,21.8250,8.05,1.129,12.566,B,#2,APPROACH,1.054A/B
16074,2026-06-03 15:55:33,21.9375,8.78,1.129,12.566,B,#2,APPROACH,1.090A/B
16075,2026-06-03 15:55:35,22.0125,8.78,1.071,9.973,B,#2,APPROACH,1.034A/B
16076,2026-06-03 15:55:37,22.1000,8.78,1.071,9.973,B,#2,APPROACH,1.000A/B
16077,2026-06-03 15:55:39,22.2000,8.78,1.071,9.973,B,#2,APPROACH,1.080A/B
16078,2026-06-03 15:55:41,22.3000,9.08,1.071,9.973,B,#2,APPROACH,1.189A/B
16079,2026-06-03 15:55:43,22.4500,9.08,1.163,11.949,B,#2,APPROACH,1.280A/B
16080,2026-06-03 15:55:45,22.5625,9.08,1.163,11.949,B,#2,APPROACH,1.497A/B
16081,2026-06-03 15:55:47,22.7125,9.08,1.163,11.949,B,#2,APPROACH,1.353A/B
16082,2026-06-03 15:55:49,22.8625,11.10,1.163,11.949,B,#2,APPROACH,1.350A/B
16083,2026-06-03 15:55:50,23.0625,11.10,1.350,15.363,B,#2,APPROACH,1.250A/B
16084,2026-06-03 15:55:53,23.1875,11.10,1.350,15.363,B,#2,HOLDING,1.000A/B
16085,2026-06-03 15:55:54,23.3875,11.10,1.350,15.363,B,#2,HOLDING,0.214A/B
16086,2026-06-03 15:55:56,23.5875,2.83,1.350,15.363,B,#2,HOLDING,0.207A/B
16087,2026-06-03 15:55:58,23.8125,2.83,0.207,0.569,B,#2,HOLDING,0.140A/B
16088,2026-06-03 15:56:00,23.9875,2.83,0.207,0.569,OFF,#2,HOLDING,0.000A/OFF
16089,2026-06-03 15:56:01,23.9875,2.83,0.207,0.569,OFF,#2,HOLDING,0.000A/OFF
16090,2026-06-03 15:56:02,24.1875,2.83,0.207,0.569,OFF,#2,HOLDING,0.000A/OFF
16091,2026-06-03 15:56:04,24.1875,2.83,0.207,0.569,OFF,#2,HOLDING,0.000A/OFF
16092,2026-06-03 15:56:05,24.3250,12.00,0.000,0.569,A,#2,HOLDING,0.102A/A
16093,2026-06-03 15:56:06,24.5000,12.00,0.000,0.000,A,#2,HOLDING,0.134A/A
16094,2026-06-03 15:56:08,24.5000,12.00,0.000,0.000,A,#2,HOLDING,0.180A/A
16095,2026-06-03 15:56:09,24.6625,12.00,0.000,0.000,A,#2,HOLDING,0.320A/A
16096,2026-06-03 15:56:11,24.7625,2.21,0.000,0.000,A,#2,HOLDING,0.216A/A
16097,2026-06-03 15:56:13,24.8875,2.21,0.266,0.300,A,#2,HOLDING,0.395A/A
16098,2026-06-03 15:56:15,24.9875,2.21,0.266,0.300,A,#2,HOLDING,0.293A/A
16099,2026-06-03 15:56:17,25.1000,2.21,0.266,0.300,A,#2,HOLDING,0.352A/A
16100,2026-06-03 15:56:19,25.1500,2.69,0.266,0.300,A,#2,HOLDING,0.355A/A
16101,2026-06-03 15:56:21,25.2000,2.69,0.355,1.001,A,#2,HOLDING,0.433A/A
16102,2026-06-03 15:56:23,25.2500,2.69,0.355,1.001,A,#2,HOLDING,0.489A/A
16103,2026-06-03 15:56:25,25.3125,2.69,0.355,1.001,A,#2,HOLDING,0.455A/A
16104,2026-06-03 15:56:26,25.3625,3.75,0.355,1.001,A,#2,HOLDING,0.509A/A
16105,2026-06-03 15:56:28,25.3500,3.75,0.480,2.203,A,#2,HOLDING,0.548A/A
16106,2026-06-03 15:56:31,25.3750,3.75,0.480,2.203,A,#2,HOLDING,0.607A/A
16107,2026-06-03 15:56:32,25.3750,3.75,0.480,2.203,A,#2,HOLDING,0.596A/A
16108,2026-06-03 15:56:34,25.3750,5.16,0.480,2.203,A,#2,HOLDING,0.634A/A
16109,2026-06-03 15:56:36,25.3125,5.16,0.615,3.544,A,#2,HOLDING,0.681A/A
16110,2026-06-03 15:56:38,25.2625,5.16,0.615,3.544,A,#2,HOLDING,0.705A/A
16111,2026-06-03 15:56:40,25.2375,5.16,0.615,3.544,A,#2,HOLDING,0.731A/A
16112,2026-06-03 15:56:42,25.1875,6.36,0.615,3.544,A,#2,HOLDING,0.778A/A
16113,2026-06-03 15:56:44,25.1500,6.36,0.761,5.313,A,#2,HOLDING,0.820A/A
16114,2026-06-03 15:56:46,25.0750,6.36,0.761,5.313,A,#2,HOLDING,0.802A/A
16115,2026-06-03 15:56:48,25.0250,6.36,0.761,5.313,A,#2,HOLDING,0.820A/A
16116,2026-06-03 15:56:49,24.9250,7.16,0.761,5.313,A,#2,HOLDING,0.839A/A
16117,2026-06-03 15:56:51,24.8125,7.16,0.839,6.225,A,#2,HOLDING,0.860A/A
16118,2026-06-03 15:56:54,24.7375,7.16,0.839,6.225,A,#2,HOLDING,0.891A/A
16119,2026-06-03 15:56:55,24.6125,7.16,0.839,6.225,A,#2,HOLDING,0.902A/A
16120,2026-06-03 15:56:57,24.4875,7.87,0.839,6.225,A,#2,HOLDING,0.914A/A
16121,2026-06-03 15:56:59,24.3875,7.87,0.914,7.385,A,#2,HOLDING,0.921A/A
16122,2026-06-03 15:57:01,24.2625,7.87,0.914,7.385,A,#2,HOLDING,0.933A/A
16123,2026-06-03 15:57:03,24.1375,7.87,0.914,7.385,A,#2,HOLDING,0.932A/A
16124,2026-06-03 15:57:05,24.0125,8.14,0.914,7.385,A,#2,HOLDING,0.925A/A
16125,2026-06-03 15:57:07,23.8875,8.14,0.925,7.668,A,#2,HOLDING,0.915A/A
16126,2026-06-03 15:57:09,23.7375,8.14,0.925,7.668,A,#2,HOLDING,0.898A/A
16127,2026-06-03 15:57:11,23.6250,8.14,0.925,7.668,A,#2,HOLDING,0.883A/A
16128,2026-06-03 15:57:13,23.4500,7.96,0.925,7.668,A,#2,HOLDING,0.854A/A
16129,2026-06-03 15:57:14,23.3250,7.96,0.854,6.686,A,#2,HOLDING,0.824A/A
16130,2026-06-03 15:57:17,23.1750,7.96,0.854,6.686,A,#2,HOLDING,0.781A/A
16131,2026-06-03 15:57:18,23.0500,7.96,0.854,6.686,A,#2,HOLDING,0.697A/A
16132,2026-06-03 15:57:20,22.8750,6.68,0.854,6.686,A,#2,HOLDING,0.637A/A
16133,2026-06-03 15:57:22,22.7625,6.68,0.637,4.000,A,#2,HOLDING,0.580A/A
16134,2026-06-03 15:57:24,22.6125,6.68,0.637,4.000,A,#2,HOLDING,0.506A/A
16135,2026-06-03 15:57:26,22.4875,6.68,0.637,4.000,A,#2,HOLDING,0.450A/A
16136,2026-06-03 15:57:28,22.3375,4.71,0.637,4.000,A,#2,HOLDING,0.373A/A
16137,2026-06-03 15:57:30,22.2125,4.71,0.398,1.544,A,#2,HOLDING,0.295A/A
16138,2026-06-03 15:57:32,22.0875,4.71,0.398,1.544,A,#2,HOLDING,0.199A/A
16139,2026-06-03 15:57:34,21.9625,4.71,0.398,1.544,A,#2,HOLDING,0.125A/A
16140,2026-06-03 15:57:36,21.8625,4.71,0.398,1.544,OFF,#2,HOLDING,0.000A/OFF
16141,2026-06-03 15:57:37,21.7375,1.73,0.398,1.544,OFF,#2,HOLDING,0.000A/OFF
16142,2026-06-03 15:57:38,21.7375,1.73,0.125,1.544,OFF,#2,HOLDING,0.000A/OFF
16143,2026-06-03 15:57:39,21.6375,1.73,0.125,0.000,B,#2,HOLDING,0.126A/B
16144,2026-06-03 15:57:40,21.5250,1.73,0.125,0.000,B,#2,HOLDING,0.209A/B
16145,2026-06-03 15:57:42,21.4500,1.73,0.125,0.000,B,#2,HOLDING,0.303A/B
16146,2026-06-03 15:57:43,21.4500,2.19,0.125,0.000,B,#2,HOLDING,0.368A/B
16147,2026-06-03 15:57:45,21.3750,2.19,0.333,1.052,B,#2,HOLDING,0.467A/B
16148,2026-06-03 15:57:48,21.3250,2.19,0.333,1.052,B,#2,HOLDING,0.596A/B
16149,2026-06-03 15:57:49,21.2750,2.19,0.333,1.052,B,#2,HOLDING,0.697A/B
16150,2026-06-03 15:57:51,21.2500,5.69,0.333,1.052,B,#2,HOLDING,0.797A/B
16151,2026-06-03 15:57:53,21.1875,5.69,0.744,5.323,B,#2,HOLDING,0.909A/B
16152,2026-06-03 15:57:55,21.1875,5.69,0.744,5.323,B,#2,HOLDING,1.041A/B
16153,2026-06-03 15:57:57,21.1875,5.69,0.744,5.323,B,#2,HOLDING,1.000A/B
16154,2026-06-03 15:57:59,21.1875,8.20,0.744,5.323,B,#2,HOLDING,1.000A/B
16155,2026-06-03 15:58:01,21.2625,8.20,1.000,8.380,B,#2,HOLDING,1.113A/B
16156,2026-06-03 15:58:03,21.3125,8.20,1.000,8.380,B,#2,HOLDING,1.000A/B
16157,2026-06-03 15:58:05,21.3500,8.20,1.000,8.380,B,#2,HOLDING,1.232A/B
16158,2026-06-03 15:58:07,21.4250,9.99,1.000,8.380,B,#2,HOLDING,1.327A/B
16159,2026-06-03 15:58:08,21.5375,9.99,1.277,14.331,B,#2,HOLDING,1.409A/B
16160,2026-06-03 15:58:11,21.6375,9.99,1.277,14.331,B,#2,HOLDING,1.500A/B
16161,2026-06-03 15:58:12,21.7875,9.99,1.277,14.331,B,#2,HOLDING,1.498A/B
16162,2026-06-03 15:58:14,21.8875,12.00,1.277,14.331,B,#2,HOLDING,1.578A/B
16163,2026-06-03 15:58:16,22.0500,12.00,1.482,17.592,B,#2,HOLDING,1.000A/B
16164,2026-06-03 15:58:18,22.2000,12.00,1.482,17.592,B,#2,HOLDING,1.635A/B
16165,2026-06-03 15:58:20,22.3625,12.00,1.482,17.592,B,#2,HOLDING,1.674A/B
16166,2026-06-03 15:58:22,22.5625,12.00,1.482,17.592,B,#2,HOLDING,1.718A/B
16167,2026-06-03 15:58:24,22.7500,12.00,1.442,17.124,B,#2,HOLDING,1.753A/B
16168,2026-06-03 15:58:26,22.9500,12.00,1.442,17.124,B,#2,HOLDING,1.801A/B
16169,2026-06-03 15:58:28,23.1750,12.00,1.442,17.124,B,#2,HOLDING,1.768A/B
16170,2026-06-03 15:58:30,23.4250,12.00,1.442,17.124,B,#3,APPROACH,1.788A/B
16171,2026-06-03 15:58:31,23.6500,12.00,1.406,0.000,B,#3,APPROACH,0.118A/B
16172,2026-06-03 15:58:34,24.1250,12.00,1.406,0.000,OFF,#3,APPROACH,0.000A/OFF
16173,2026-06-03 15:58:35,24.1250,12.00,1.406,0.000,OFF,#3,APPROACH,0.000A/OFF
16174,2026-06-03 15:58:36,24.3500,12.00,1.406,0.000,OFF,#3,APPROACH,0.000A/OFF
16175,2026-06-03 15:58:37,24.3500,12.00,1.406,0.000,OFF,#3,APPROACH,0.000A/OFF
16176,2026-06-03 15:58:38,24.5875,12.00,1.406,0.000,OFF,#3,APPROACH,0.000A/OFF
16177,2026-06-03 15:58:39,24.5875,12.00,1.406,0.000,OFF,#3,APPROACH,0.000A/OFF
16178,2026-06-03 15:58:40,24.7875,12.00,0.000,0.000,OFF,#3,APPROACH,0.000A/OFF
16179,2026-06-03 15:58:41,24.7875,12.00,0.000,0.000,B,#3,APPROACH,0.125A/B
16180,2026-06-03 15:58:43,24.9875,12.00,0.000,0.000,B,#3,HOLDING,0.000A/OFF
16181,2026-06-03 15:58:44,25.1625,12.00,0.000,0.000,OFF,#3,HOLDING,0.000A/OFF
16182,2026-06-03 15:58:45,25.1625,12.00,0.000,0.000,OFF,#3,HOLDING,0.000A/OFF
16183,2026-06-03 15:58:46,25.3375,12.00,0.000,0.000,OFF,#3,HOLDING,0.000A/OFF
16184,2026-06-03 15:58:47,25.3375,12.00,0.000,0.000,OFF,#3,HOLDING,0.000A/OFF
16185,2026-06-03 15:58:48,25.5125,12.00,0.000,0.000,OFF,#3,HOLDING,0.000A/OFF
16186,2026-06-03 15:58:49,25.5125,12.00,0.000,0.000,OFF,#3,HOLDING,0.000A/OFF
16187,2026-06-03 15:58:50,25.6125,12.00,0.000,0.000,OFF,#3,HOLDING,0.000A/OFF
16188,2026-06-03 15:58:51,25.6125,12.00,0.000,0.000,OFF,#3,HOLDING,0.000A/OFF
16189,2026-06-03 15:58:52,25.7625,12.00,0.000,0.000,OFF,#3,HOLDING,0.000A/OFF
16190,2026-06-03 15:58:53,25.7625,12.00,0.000,0.000,OFF,#3,HOLDING,0.000A/OFF
16191,2026-06-03 15:58:54,25.8625,12.00,0.000,0.000,OFF,#3,HOLDING,0.000A/OFF
16192,2026-06-03 15:58:55,25.8625,12.00,0.000,0.000,OFF,#3,HOLDING,0.000A/OFF
16193,2026-06-03 15:58:56,25.9625,12.00,0.000,0.000,OFF,#3,HOLDING,0.000A/OFF
16194,2026-06-03 15:58:57,25.9625,12.00,0.000,0.000,OFF,#3,HOLDING,0.000A/OFF
16195,2026-06-03 15:58:58,26.0375,12.00,0.000,0.000,OFF,#3,HOLDING,0.000A/OFF
16196,2026-06-03 15:58:59,26.1125,12.00,0.000,0.000,OFF,#3,HOLDING,0.000A/OFF
16197,2026-06-03 15:59:00,26.1125,12.00,0.000,0.000,OFF,#3,HOLDING,0.000A/OFF
16198,2026-06-03 15:59:01,26.1875,12.00,0.000,0.000,OFF,#3,HOLDING,0.000A/OFF
16199,2026-06-03 15:59:02,26.1875,12.00,0.000,0.000,OFF,#3,HOLDING,0.000A/OFF
16200,2026-06-03 15:59:03,26.2125,12.00,0.000,0.000,OFF,#3,HOLDING,0.000A/OFF
16201,2026-06-03 15:59:04,26.2125,12.00,0.000,0.000,OFF,#3,HOLDING,0.000A/OFF
16202,2026-06-03 15:59:05,26.2250,12.00,0.000,0.000,OFF,#3,HOLDING,0.000A/OFF
16203,2026-06-03 15:59:06,26.2250,12.00,0.000,0.000,OFF,#3,HOLDING,0.000A/OFF
16204,2026-06-03 15:59:07,26.2750,12.00,0.000,0.000,OFF,#3,HOLDING,0.000A/OFF
16205,2026-06-03 15:59:08,26.2750,12.00,0.000,0.000,OFF,#3,HOLDING,0.000A/OFF
16206,2026-06-03 15:59:09,26.3125,12.00,0.000,0.000,OFF,#3,HOLDING,0.000A/OFF
16207,2026-06-03 15:59:10,26.3125,12.00,0.000,0.000,OFF,#3,HOLDING,0.000A/OFF
16208,2026-06-03 15:59:11,26.3125,12.00,0.000,0.000,OFF,#3,HOLDING,0.000A/OFF
16209,2026-06-03 15:59:12,26.3125,12.00,0.000,0.000,OFF,#3,HOLDING,0.000A/OFF
16210,2026-06-03 15:59:13,26.3125,12.00,0.000,0.000,OFF,#3,HOLDING,0.000A/OFF
16211,2026-06-03 15:59:14,26.3125,12.00,0.000,0.000,OFF,#3,HOLDING,0.000A/OFF
16212,2026-06-03 15:59:15,26.3125,12.00,0.000,0.000,OFF,#3,HOLDING,0.000A/OFF
16213,2026-06-03 15:59:16,26.3125,12.00,0.000,0.000,OFF,#3,HOLDING,0.000A/OFF
16214,2026-06-03 15:59:17,26.3125,12.00,0.000,0.000,OFF,#3,HOLDING,0.000A/OFF
16215,2026-06-03 15:59:18,26.3125,12.00,0.000,0.000,OFF,#3,HOLDING,0.000A/OFF
16216,2026-06-03 15:59:19,26.3125,12.00,0.000,0.000,OFF,#3,HOLDING,0.000A/OFF
16217,2026-06-03 15:59:20,26.3125,12.00,0.000,0.000,OFF,#3,HOLDING,0.000A/OFF
16218,2026-06-03 15:59:21,26.3125,12.00,0.000,0.000,OFF,#3,HOLDING,0.000A/OFF
16219,2026-06-03 15:59:22,26.2875,12.00,0.000,0.000,OFF,#3,HOLDING,0.000A/OFF
16220,2026-06-03 15:59:23,26.2875,12.00,0.000,0.000,OFF,#3,HOLDING,0.000A/OFF
16221,2026-06-03 15:59:24,26.2500,12.00,0.000,0.000,A,#3,HOLDING,0.100A/A
16222,2026-06-03 15:59:26,26.2250,6.78,0.100,0.000,A,#3,HOLDING,0.112A/A
16223,2026-06-03 15:59:28,26.2250,6.78,0.100,0.091,A,#3,HOLDING,0.124A/A
16224,2026-06-03 15:59:29,26.2375,6.78,0.100,0.091,A,#3,HOLDING,0.142A/A
16225,2026-06-03 15:59:31,26.1875,6.78,0.100,0.091,A,#3,HOLDING,0.149A/A
16226,2026-06-03 15:59:33,26.1500,1.18,0.100,0.091,A,#3,HOLDING,0.155A/A
16227,2026-06-03 15:59:35,26.1250,1.18,0.155,0.198,A,#3,HOLDING,0.159A/A
16228,2026-06-03 15:59:37,26.0625,1.18,0.155,0.198,A,#3,HOLDING,0.168A/A
16229,2026-06-03 15:59:38,26.0375,1.18,0.155,0.198,A,#3,HOLDING,0.173A/A
16230,2026-06-03 15:59:40,26.0000,1.46,0.155,0.198,A,#3,HOLDING,0.176A/A
16231,2026-06-03 15:59:42,25.9500,1.46,0.176,0.267,A,#3,HOLDING,0.177A/A
16232,2026-06-03 15:59:45,25.8750,1.46,0.176,0.267,A,#4,APPROACH,0.173A/A
16233,2026-06-03 15:59:46,25.8500,1.46,0.176,0.267,B,#4,APPROACH,0.119A/B
16234,2026-06-03 15:59:48,25.7750,1.46,0.176,0.267,B,#4,APPROACH,0.160A/B
16235,2026-06-03 15:59:50,25.7000,12.00,0.176,0.267,B,#4,APPROACH,0.219A/B
16236,2026-06-03 15:59:52,25.6750,12.00,0.879,0.514,B,#4,APPROACH,0.295A/B
16237,2026-06-03 15:59:54,25.6000,12.00,0.879,0.514,B,#4,APPROACH,0.403A/B
16238,2026-06-03 15:59:56,25.5625,12.00,0.879,0.514,B,#4,APPROACH,0.481A/B
16239,2026-06-03 15:59:58,25.5625,4.53,0.879,0.514,B,#4,APPROACH,0.570A/B
16240,2026-06-03 16:00:00,25.5625,4.53,0.526,3.038,B,#4,APPROACH,0.653A/B
16241,2026-06-03 16:00:02,25.5625,4.53,0.526,3.038,B,#4,APPROACH,0.764A/B
16242,2026-06-03 16:00:04,25.5375,4.53,0.526,3.038,B,#4,APPROACH,0.848A/B
16243,2026-06-03 16:00:06,25.5625,7.42,0.526,3.038,B,#4,APPROACH,0.934A/B
16244,2026-06-03 16:00:07,25.6250,7.42,0.889,7.640,B,#4,APPROACH,1.013A/B
16245,2026-06-03 16:00:10,25.6250,7.42,0.889,7.640,B,#4,APPROACH,1.123A/B
16246,2026-06-03 16:00:11,25.6375,7.42,0.889,7.640,B,#4,APPROACH,1.199A/B
16247,2026-06-03 16:00:13,25.6875,10.06,0.889,7.640,B,#4,APPROACH,1.283A/B
16248,2026-06-03 16:00:15,25.7250,10.06,1.239,13.830,B,#4,APPROACH,1.000A/B
16249,2026-06-03 16:00:17,25.7750,10.06,1.239,13.830,B,#4,APPROACH,1.356A/B
16250,2026-06-03 16:00:19,25.8500,10.06,1.239,13.830,B,#4,APPROACH,1.418A/B
16251,2026-06-03 16:00:21,25.9000,11.71,1.239,13.830,B,#4,APPROACH,1.492A/B
16252,2026-06-03 16:00:23,26.0375,11.71,1.433,17.136,B,#4,APPROACH,1.549A/B
16253,2026-06-03 16:00:25,26.1375,11.71,1.433,17.136,B,#4,APPROACH,1.000A/B
16254,2026-06-03 16:00:27,26.2375,11.71,1.433,17.136,B,#4,APPROACH,1.622A/B
16255,2026-06-03 16:00:29,26.3875,12.00,1.433,17.136,B,#4,APPROACH,1.673A/B
16256,2026-06-03 16:00:30,26.4875,12.00,1.407,16.692,B,#4,APPROACH,1.723A/B
16257,2026-06-03 16:00:33,26.6375,12.00,1.407,16.692,B,#4,APPROACH,1.780A/B
16258,2026-06-03 16:00:34,26.7875,12.00,1.407,16.692,B,#4,APPROACH,1.000A/B
16259,2026-06-03 16:00:36,26.9375,9.31,1.407,16.692,B,#4,APPROACH,1.797A/B
16260,2026-06-03 16:00:38,27.1125,9.31,1.202,16.404,B,#4,HOLDING,1.771A/B
16261,2026-06-03 16:00:41,27.3125,9.31,1.202,16.404,OFF,#4,HOLDING,0.000A/OFF
16262,2026-06-03 16:00:42,27.4625,9.31,1.202,16.404,OFF,#4,HOLDING,0.000A/OFF
16263,2026-06-03 16:00:43,27.4625,9.31,1.202,16.404,OFF,#4,HOLDING,0.000A/OFF
16264,2026-06-03 16:00:44,27.6375,9.31,1.202,16.404,OFF,#4,HOLDING,0.000A/OFF
16265,2026-06-03 16:00:45,27.6375,12.00,0.000,16.404,OFF,#4,HOLDING,0.000A/OFF
16266,2026-06-03 16:00:46,27.8000,12.00,0.000,16.404,OFF,#4,HOLDING,0.000A/OFF
16267,2026-06-03 16:00:47,28.0000,12.00,0.000,0.000,OFF,#4,HOLDING,0.000A/OFF
16268,2026-06-03 16:00:48,28.0000,12.00,0.000,0.000,OFF,#4,HOLDING,0.000A/OFF
16269,2026-06-03 16:00:49,28.1750,12.00,0.000,0.000,OFF,#4,HOLDING,0.000A/OFF
16270,2026-06-03 16:00:50,28.1750,12.00,0.000,0.000,OFF,#4,HOLDING,0.000A/OFF
16271,2026-06-03 16:00:51,28.3250,12.00,0.000,0.000,OFF,#4,HOLDING,0.000A/OFF
16272,2026-06-03 16:00:52,28.3250,12.00,0.000,0.000,OFF,#4,HOLDING,0.000A/OFF
16273,2026-06-03 16:00:53,28.4875,12.00,0.000,0.000,OFF,#4,HOLDING,0.000A/OFF
16274,2026-06-03 16:00:54,28.4875,12.00,0.000,0.000,OFF,#4,HOLDING,0.000A/OFF
16275,2026-06-03 16:00:55,28.6125,12.00,0.000,0.000,OFF,#4,HOLDING,0.000A/OFF
16276,2026-06-03 16:00:56,28.6125,12.00,0.000,0.000,OFF,#4,HOLDING,0.000A/OFF
16277,2026-06-03 16:00:57,28.7375,12.00,0.000,0.000,OFF,#4,HOLDING,0.000A/OFF
16278,2026-06-03 16:00:58,28.7375,12.00,0.000,0.000,OFF,#4,HOLDING,0.000A/OFF
16279,2026-06-03 16:00:59,28.8625,12.00,0.000,0.000,OFF,#4,HOLDING,0.000A/OFF
16280,2026-06-03 16:01:00,28.8625,12.00,0.000,0.000,OFF,#4,HOLDING,0.000A/OFF
16281,2026-06-03 16:01:01,28.9375,12.00,0.000,0.000,A,#4,HOLDING,0.111A/A
16282,2026-06-03 16:01:02,28.9875,12.00,0.000,0.000,A,#4,HOLDING,0.125A/A
16283,2026-06-03 16:01:04,29.0375,0.52,0.000,0.000,A,#4,HOLDING,0.216A/A
16284,2026-06-03 16:01:06,29.0875,0.52,0.216,0.317,A,#4,HOLDING,0.250A/A
16285,2026-06-03 16:01:08,29.1000,0.52,0.216,0.317,A,#4,HOLDING,0.298A/A
16286,2026-06-03 16:01:10,29.1250,0.52,0.216,0.317,A,#4,HOLDING,0.332A/A
16287,2026-06-03 16:01:12,29.1250,2.59,0.216,0.317,A,#4,HOLDING,0.369A/A
16288,2026-06-03 16:01:13,29.0750,2.59,0.369,1.125,A,#4,HOLDING,0.401A/A
16289,2026-06-03 16:01:16,29.0625,2.59,0.369,1.125,A,#4,HOLDING,0.447A/A
16290,2026-06-03 16:01:17,29.0125,2.59,0.369,1.125,A,#4,HOLDING,0.472A/A
16291,2026-06-03 16:01:19,28.9625,3.99,0.369,1.125,A,#4,HOLDING,0.457A/A
16292,2026-06-03 16:01:21,28.8875,3.99,0.457,1.809,A,#4,HOLDING,0.483A/A
16293,2026-06-03 16:01:23,28.8125,3.99,0.457,1.809,A,#4,HOLDING,0.522A/A
16294,2026-06-03 16:01:25,28.7375,3.99,0.457,1.809,A,#4,HOLDING,0.542A/A
16295,2026-06-03 16:01:27,28.6500,4.71,0.457,1.809,A,#4,HOLDING,0.565A/A
16296,2026-06-03 16:01:29,28.5500,4.71,0.565,2.853,A,#4,HOLDING,0.582A/A
16297,2026-06-03 16:01:31,28.4875,4.71,0.565,2.853,A,#4,HOLDING,0.609A/A
16298,2026-06-03 16:01:33,28.3625,4.71,0.565,2.853,A,#4,HOLDING,0.615A/A
16299,2026-06-03 16:01:35,28.2625,5.44,0.565,2.853,A,#4,HOLDING,0.625A/A
16300,2026-06-03 16:01:36,28.1125,5.44,0.625,3.568,A,#4,HOLDING,0.620A/A
16301,2026-06-03 16:01:39,28.0125,5.44,0.625,3.568,A,#4,HOLDING,0.627A/A
16302,2026-06-03 16:01:40,27.8625,5.44,0.625,3.568,A,#4,HOLDING,0.616A/A
16303,2026-06-03 16:01:42,27.7375,5.52,0.625,3.568,A,#4,HOLDING,0.608A/A
16304,2026-06-03 16:01:44,27.5875,5.52,0.608,3.447,A,#4,HOLDING,0.585A/A
16305,2026-06-03 16:01:47,27.4500,5.52,0.608,3.447,A,#4,HOLDING,0.565A/A
16306,2026-06-03 16:01:48,27.3000,5.52,0.608,3.447,A,#4,HOLDING,0.537A/A
16307,2026-06-03 16:01:50,27.1375,5.11,0.608,3.447,A,#4,HOLDING,0.503A/A
16308,2026-06-03 16:01:52,26.9875,5.11,0.503,2.484,A,#4,HOLDING,0.410A/A
16309,2026-06-03 16:01:54,26.8375,5.11,0.503,2.484,A,#4,HOLDING,0.352A/A
16310,2026-06-03 16:01:56,26.6875,5.11,0.503,2.484,A,#4,HOLDING,0.301A/A
16311,2026-06-03 16:01:58,26.5500,3.21,0.503,2.484,A,#4,HOLDING,0.242A/A
16312,2026-06-03 16:02:00,26.4250,3.21,0.257,0.648,A,#4,HOLDING,0.175A/A
16313,2026-06-03 16:02:02,26.2625,3.21,0.257,0.648,OFF,#4,HOLDING,0.000A/OFF
16314,2026-06-03 16:02:03,26.2625,3.21,0.257,0.648,OFF,#4,HOLDING,0.000A/OFF
16315,2026-06-03 16:02:04,26.1125,3.21,0.257,0.648,OFF,#4,HOLDING,0.000A/OFF
16316,2026-06-03 16:02:05,26.1125,3.21,0.257,0.648,OFF,#4,HOLDING,0.000A/OFF
16317,2026-06-03 16:02:06,25.9625,12.00,0.000,0.648,OFF,#4,HOLDING,0.000A/OFF
16318,2026-06-03 16:02:07,25.9625,12.00,0.000,0.000,B,#4,HOLDING,0.108A/B
16319,2026-06-03 16:02:09,25.8375,12.00,0.000,0.000,B,#4,HOLDING,0.206A/B
16320,2026-06-03 16:02:10,25.6875,12.00,0.000,0.000,B,#4,HOLDING,0.277A/B
16321,2026-06-03 16:02:12,25.5875,2.22,0.000,0.000,B,#4,HOLDING,0.383A/B
16322,2026-06-03 16:02:14,25.4625,2.22,0.383,1.237,B,#4,HOLDING,0.483A/B
16323,2026-06-03 16:02:16,25.3625,2.22,0.383,1.237,B,#4,HOLDING,0.603A/B
16324,2026-06-03 16:02:18,25.2750,2.22,0.383,1.237,B,#4,HOLDING,0.695A/B
16325,2026-06-03 16:02:20,25.1750,5.82,0.383,1.237,B,#4,HOLDING,0.803A/B
16326,2026-06-03 16:02:22,25.1125,5.82,0.792,5.572,B,#4,HOLDING,0.912A/B
16327,2026-06-03 16:02:24,25.0625,5.82,0.792,5.572,B,#4,HOLDING,1.047A/B
16328,2026-06-03 16:02:26,24.9875,5.82,0.792,5.572,B,#4,HOLDING,1.000A/B
16329,2026-06-03 16:02:28,24.9375,8.35,0.792,5.572,B,#4,HOLDING,1.134A/B
16330,2026-06-03 16:02:29,24.9375,8.35,1.114,10.784,B,#4,HOLDING,1.000A/B
16331,2026-06-03 16:02:32,24.9375,8.35,1.114,10.784,B,#4,HOLDING,1.243A/B
16332,2026-06-03 16:02:33,24.9500,8.35,1.114,10.784,B,#4,HOLDING,1.338A/B
16333,2026-06-03 16:02:35,25.0000,10.87,1.114,10.784,B,#4,HOLDING,1.000A/B
16334,2026-06-03 16:02:37,25.0375,10.87,1.033,8.750,B,#4,HOLDING,1.434A/B
16335,2026-06-03 16:02:40,25.1125,10.87,1.033,8.750,B,#4,HOLDING,1.563A/B
16336,2026-06-03 16:02:41,25.1625,10.87,1.033,8.750,B,#4,HOLDING,1.500A/B
16337,2026-06-03 16:02:43,25.2375,12.00,1.033,8.750,B,#4,HOLDING,1.644A/B
16338,2026-06-03 16:02:45,25.3500,12.00,1.453,17.244,B,#4,HOLDING,1.500A/B
16339,2026-06-03 16:02:47,25.4500,12.00,1.453,17.244,B,#4,HOLDING,1.000A/B
16340,2026-06-03 16:02:49,25.5500,12.00,1.453,17.244,B,#4,HOLDING,1.714A/B
16341,2026-06-03 16:02:51,25.7000,12.00,1.453,17.244,B,#4,HOLDING,1.789A/B
16342,2026-06-03 16:02:53,25.8625,12.00,1.412,16.764,B,#4,HOLDING,1.852A/B
16343,2026-06-03 16:02:55,25.9875,12.00,1.412,16.764,B,#4,HOLDING,1.945A/B
16344,2026-06-03 16:02:57,26.1375,12.00,1.412,16.764,B,#4,HOLDING,1.994A/B
16345,2026-06-03 16:02:58,26.3125,12.00,1.412,16.764,B,#4,HOLDING,2.048A/B
16346,2026-06-03 16:03:00,26.4875,12.00,1.381,16.392,B,#4,HOLDING,2.087A/B
16347,2026-06-03 16:03:03,26.6875,12.00,1.381,16.392,B,#4,HOLDING,2.000A/B
16348,2026-06-03 16:03:04,26.8625,12.00,1.381,16.392,B,#4,HOLDING,1.000A/B
16349,2026-06-03 16:03:06,27.0625,9.45,1.381,16.392,B,#4,HOLDING,2.073A/B
16350,2026-06-03 16:03:08,27.2750,9.45,1.359,16.164,B,#5,APPROACH,1.000A/B
16351,2026-06-03 16:03:10,27.5000,9.45,1.359,16.164,OFF,#5,HOLDING,0.000A/OFF
16352,2026-06-03 16:03:11,27.6750,9.45,1.359,16.164,OFF,#5,HOLDING,0.000A/OFF
16353,2026-06-03 16:03:12,27.6750,9.45,1.359,16.164,OFF,#5,HOLDING,0.000A/OFF
16354,2026-06-03 16:03:13,27.9000,9.45,1.359,16.164,OFF,#5,HOLDING,0.000A/OFF
16355,2026-06-03 16:03:14,27.9000,9.45,1.359,16.164,OFF,#5,HOLDING,0.000A/OFF
16356,2026-06-03 16:03:15,28.1125,12.00,1.359,16.164,OFF,#5,HOLDING,0.000A/OFF
16357,2026-06-03 16:03:16,28.2875,12.00,0.000,16.164,OFF,#5,HOLDING,0.000A/OFF
16358,2026-06-03 16:03:17,28.2875,12.00,0.000,0.000,OFF,#5,HOLDING,0.000A/OFF
16359,2026-06-03 16:03:18,28.4625,12.00,0.000,0.000,OFF,#5,HOLDING,0.000A/OFF
16360,2026-06-03 16:03:19,28.4625,12.00,0.000,0.000,OFF,#5,HOLDING,0.000A/OFF
16361,2026-06-03 16:03:20,28.6375,12.00,0.000,0.000,OFF,#5,HOLDING,0.000A/OFF
16362,2026-06-03 16:03:21,28.6375,12.00,0.000,0.000,OFF,#5,HOLDING,0.000A/OFF
16363,2026-06-03 16:03:22,28.8000,12.00,0.000,0.000,OFF,#5,HOLDING,0.000A/OFF
16364,2026-06-03 16:03:23,28.8000,12.00,0.000,0.000,OFF,#5,HOLDING,0.000A/OFF
16365,2026-06-03 16:03:25,28.9500,12.00,0.000,0.000,A,#5,HOLDING,0.123A/A
16366,2026-06-03 16:03:26,29.0500,12.00,0.000,0.000,A,#5,HOLDING,0.141A/A
16367,2026-06-03 16:03:28,29.1500,0.53,0.000,0.000,A,#5,HOLDING,0.243A/A
16368,2026-06-03 16:03:30,29.2250,0.53,0.193,0.374,A,#5,HOLDING,0.269A/A
16369,2026-06-03 16:03:33,29.3000,0.53,0.193,0.374,A,#5,HOLDING,0.326A/A
16370,2026-06-03 16:03:34,29.3500,0.53,0.193,0.374,A,#5,HOLDING,0.364A/A
16371,2026-06-03 16:03:36,29.3750,2.70,0.193,0.374,A,#5,HOLDING,0.408A/A
16372,2026-06-03 16:03:38,29.3750,2.70,0.389,1.305,A,#5,HOLDING,0.449A/A
16373,2026-06-03 16:03:40,29.3750,2.70,0.389,1.305,A,#5,HOLDING,0.504A/A
16374,2026-06-03 16:03:42,29.3750,2.70,0.389,1.305,A,#5,HOLDING,0.542A/A
16375,2026-06-03 16:03:44,29.3750,4.45,0.389,1.305,A,#5,HOLDING,0.590A/A
16376,2026-06-03 16:03:46,29.3375,4.45,0.569,2.955,A,#5,HOLDING,0.630A/A
16377,2026-06-03 16:03:48,29.2875,4.45,0.569,2.955,A,#5,HOLDING,0.680A/A
16378,2026-06-03 16:03:50,29.2375,4.45,0.569,2.955,A,#5,HOLDING,0.708A/A
16379,2026-06-03 16:03:51,29.1625,6.05,0.569,2.955,A,#5,HOLDING,0.740A/A
16380,2026-06-03 16:03:53,29.0875,6.05,0.725,4.780,A,#5,HOLDING,0.720A/A
16381,2026-06-03 16:03:56,28.9875,6.05,0.725,4.780,A,#5,HOLDING,0.761A/A
16382,2026-06-03 16:03:57,28.9000,6.05,0.725,4.780,A,#5,HOLDING,0.784A/A
16383,2026-06-03 16:03:59,28.8000,6.81,0.725,4.780,A,#5,HOLDING,0.808A/A
16384,2026-06-03 16:04:01,28.6500,6.81,0.797,5.736,A,#5,HOLDING,0.822A/A
16385,2026-06-03 16:04:03,28.5500,6.81,0.797,5.736,A,#5,HOLDING,0.846A/A
16386,2026-06-03 16:04:05,28.4250,6.81,0.797,5.736,A,#5,HOLDING,0.853A/A
16387,2026-06-03 16:04:07,28.2500,7.46,0.797,5.736,A,#5,HOLDING,0.856A/A
16388,2026-06-03 16:04:09,28.1375,7.46,0.856,6.479,A,#5,HOLDING,0.854A/A
16389,2026-06-03 16:04:11,27.9375,7.46,0.856,6.479,A,#5,HOLDING,0.845A/A
16390,2026-06-03 16:04:13,27.7875,7.46,0.856,6.479,A,#5,HOLDING,0.835A/A
16391,2026-06-03 16:04:14,27.6125,7.47,0.856,6.479,A,#5,HOLDING,0.810A/A
16392,2026-06-03 16:04:16,27.4500,7.47,0.810,5.969,A,#5,HOLDING,0.785A/A
16393,2026-06-03 16:04:19,27.2500,7.47,0.810,5.969,A,#5,HOLDING,0.746A/A
16394,2026-06-03 16:04:20,27.0750,7.47,0.810,5.969,A,#5,HOLDING,0.658A/A
16395,2026-06-03 16:04:22,26.8750,6.25,0.810,5.969,A,#5,HOLDING,0.598A/A
16396,2026-06-03 16:04:24,26.7125,6.25,0.622,3.558,A,#5,HOLDING,0.537A/A
16397,2026-06-03 16:04:26,26.5625,6.25,0.622,3.558,A,#5,HOLDING,0.464A/A
16398,2026-06-03 16:04:28,26.3875,6.25,0.622,3.558,A,#5,HOLDING,0.399A/A
16399,2026-06-03 16:04:30,26.1875,4.20,0.622,3.558,A,#5,HOLDING,0.313A/A
16400,2026-06-03 16:04:32,26.0125,4.20,0.351,1.095,A,#5,HOLDING,0.220A/A
16401,2026-06-03 16:04:34,25.8625,4.20,0.351,1.095,A,#5,HOLDING,0.114A/A
16402,2026-06-03 16:04:36,25.7000,4.20,0.351,1.095,OFF,#5,HOLDING,0.000A/OFF
16403,2026-06-03 16:04:37,25.7000,4.20,0.351,1.095,OFF,#5,HOLDING,0.000A/OFF
16404,2026-06-03 16:04:38,25.5500,12.00,0.351,1.095,OFF,#5,HOLDING,0.000A/OFF
16405,2026-06-03 16:04:39,25.5500,12.00,0.796,0.000,B,#5,HOLDING,0.109A/B
16406,2026-06-03 16:04:41,25.2375,12.00,0.796,0.000,B,#5,HOLDING,0.285A/B
16407,2026-06-03 16:04:43,25.2375,12.00,0.796,0.000,B,#5,HOLDING,0.345A/B
16408,2026-06-03 16:04:44,25.0875,2.60,0.796,0.000,B,#5,HOLDING,0.452A/B
16409,2026-06-03 16:04:46,24.9375,2.60,0.452,1.654,B,#5,HOLDING,0.579A/B
16410,2026-06-03 16:04:49,24.7125,2.60,0.452,1.654,B,#5,HOLDING,0.763A/B
16411,2026-06-03 16:04:50,24.7125,2.60,0.452,1.654,B,#5,HOLDING,0.871A/B
16412,2026-06-03 16:04:52,24.6125,6.96,0.452,1.654,B,#5,HOLDING,0.999A/B
16413,2026-06-03 16:04:54,24.5125,6.96,0.999,8.141,B,#5,HOLDING,1.129A/B
16414,2026-06-03 16:04:56,24.4375,6.96,0.999,8.141,B,#5,HOLDING,1.318A/B
16415,2026-06-03 16:04:58,24.4375,6.96,0.999,8.141,B,#5,HOLDING,1.000A/B
16416,2026-06-03 16:05:00,24.3750,8.32,0.999,8.141,B,#5,HOLDING,1.428A/B
16417,2026-06-03 16:05:02,24.3750,8.32,1.411,16.236,B,#5,HOLDING,1.569A/B
16418,2026-06-03 16:05:04,24.4000,8.32,1.411,16.236,B,#5,HOLDING,1.500A/B
16419,2026-06-03 16:05:06,24.4000,8.32,1.411,16.236,B,#5,HOLDING,1.000A/B
16420,2026-06-03 16:05:07,24.4500,8.69,1.411,16.236,B,#5,HOLDING,1.755A/B
16421,2026-06-03 16:05:09,24.5250,8.69,1.487,17.652,B,#5,HOLDING,1.859A/B
16422,2026-06-03 16:05:12,24.7000,8.69,1.487,17.652,B,#5,HOLDING,2.001A/B
16423,2026-06-03 16:05:13,24.7000,8.69,1.487,17.652,B,#5,HOLDING,1.000A/B
16424,2026-06-03 16:05:15,24.8250,8.93,1.487,17.652,B,#5,HOLDING,2.097A/B
16425,2026-06-03 16:05:17,24.9500,8.93,1.442,17.136,B,#5,HOLDING,1.500A/B
16426,2026-06-03 16:05:19,25.2625,8.93,1.442,17.136,B,#5,HOLDING,2.145A/B
16427,2026-06-03 16:05:21,25.2625,8.93,1.442,17.136,B,#5,HOLDING,2.252A/B
16428,2026-06-03 16:05:23,25.4125,12.00,1.442,17.136,B,#5,HOLDING,2.344A/B
16429,2026-06-03 16:05:25,25.5625,12.00,1.406,16.692,B,#5,HOLDING,2.434A/B
16430,2026-06-03 16:05:27,25.9375,12.00,1.406,16.692,B,#5,HOLDING,2.000A/B
16431,2026-06-03 16:05:29,25.9375,12.00,1.406,16.692,B,#5,HOLDING,2.000A/B
16432,2026-06-03 16:05:30,26.1125,12.00,1.406,16.692,B,#5,HOLDING,2.491A/B
16433,2026-06-03 16:05:32,26.3125,12.00,1.375,16.332,B,#5,HOLDING,2.000A/B
16434,2026-06-03 16:05:35,26.7500,12.00,1.375,16.332,B,#5,HOLDING,1.500A/B
16435,2026-06-03 16:05:36,26.7500,12.00,1.375,16.332,B,#5,HOLDING,1.000A/B
16436,2026-06-03 16:05:38,26.9375,9.45,1.375,16.332,B,#5,HOLDING,1.500A/B
16437,2026-06-03 16:05:40,27.1875,9.45,1.176,16.104,B,#5,HOLDING,1.500A/B
16438,2026-06-03 16:05:42,27.6500,9.45,1.176,16.104,B,#5,HOLDING,2.000A/B
16439,2026-06-03 16:05:44,27.6500,9.45,1.176,16.104,B,#5,HOLDING,2.448A/B
16440,2026-06-03 16:05:46,27.8625,12.00,1.176,16.104,B,#5,HOLDING,2.462A/B
16441,2026-06-03 16:05:48,28.1125,12.00,1.336,15.852,B,#5,HOLDING,2.000A/B
16442,2026-06-03 16:05:50,28.5625,12.00,1.336,15.852,B,#5,HOLDING,2.438A/B
16443,2026-06-03 16:05:52,28.5625,12.00,1.336,15.852,B,#5,HOLDING,1.000A/B
16444,2026-06-03 16:05:54,28.8000,9.66,1.336,15.852,B,#5,HOLDING,2.000A/B
16445,2026-06-03 16:05:55,29.0000,9.66,1.160,15.720,OFF,--,DONE,2.456A/B
16446,2026-06-03 16:05:58,29.4500,9.66,1.160,15.720,OFF,--,DONE,--
16447,2026-06-03 16:05:59,29.4500,7.26,1.160,15.720,OFF,--,DONE,--
16448,2026-06-03 16:06:00,29.6875,7.26,0.000,15.720,OFF,--,DONE,--
16449,2026-06-03 16:06:01,29.6875,7.26,0.000,0.000,OFF,--,DONE,--
16450,2026-06-03 16:06:02,29.9125,0.84,0.000,0.000,OFF,--,DONE,--
16451,2026-06-03 16:06:03,29.9125,0.84,0.000,0.000,OFF,--,DONE,--
16452,2026-06-03 16:06:04,30.1125,0.84,0.000,0.000,OFF,--,DONE,--
16453,2026-06-03 16:06:05,30.1125,0.84,0.000,0.000,OFF,--,DONE,--
16454,2026-06-03 16:06:06,30.3125,0.30,0.000,0.000,OFF,--,DONE,--
16455,2026-06-03 16:06:07,30.3125,0.30,0.000,0.000,OFF,--,DONE,--
16456,2026-06-03 16:06:08,30.4875,0.30,0.000,0.000,OFF,--,DONE,--
16457,2026-06-03 16:06:09,30.6375,0.30,0.000,0.000,OFF,--,DONE,--
16458,2026-06-03 16:06:10,30.6375,0.00,0.000,0.000,OFF,--,DONE,--
16459,2026-06-03 16:06:11,30.8000,0.00,0.000,0.000,OFF,--,DONE,--
16460,2026-06-03 16:06:12,30.8000,0.00,0.000,0.000,OFF,--,DONE,--
16461,2026-06-03 16:06:13,30.9250,0.00,0.000,0.000,OFF,--,DONE,--
16462,2026-06-03 16:06:14,30.9250,0.00,0.000,0.000,OFF,--,DONE,--
16463,2026-06-03 16:06:15,31.0125,0.00,0.000,0.000,OFF,--,DONE,--
16464,2026-06-03 16:06:16,31.0125,0.00,0.000,0.000,OFF,--,DONE,--
16465,2026-06-03 16:06:17,31.1125,0.00,0.000,0.000,OFF,--,DONE,--
16466,2026-06-03 16:06:18,31.1125,0.00,0.000,0.000,OFF,--,DONE,--
16467,2026-06-03 16:06:19,31.1375,0.00,0.000,0.000,OFF,--,DONE,--
16468,2026-06-03 16:06:20,31.1375,0.00,0.000,0.000,OFF,--,DONE,--
16469,2026-06-03 16:06:21,31.2125,0.00,0.000,0.000,OFF,--,DONE,--
16470,2026-06-03 16:06:22,31.2125,0.00,0.000,0.000,OFF,--,DONE,--
16471,2026-06-03 16:06:23,31.1875,0.00,0.000,0.000,OFF,--,DONE,--
16472,2026-06-03 16:06:24,31.1875,0.00,0.000,0.000,OFF,--,DONE,--
16473,2026-06-03 16:06:25,31.2125,0.00,0.000,0.000,OFF,--,DONE,--
16474,2026-06-03 16:06:26,31.2125,0.00,0.000,0.000,OFF,--,DONE,--
16475,2026-06-03 16:06:27,31.2500,0.00,0.000,0.000,OFF,--,DONE,--
16476,2026-06-03 16:06:28,31.2250,0.00,0.000,0.000,OFF,--,DONE,--
16477,2026-06-03 16:06:29,31.2250,0.00,0.000,0.000,OFF,--,DONE,--
16478,2026-06-03 16:06:30,31.1875,0.00,0.000,0.000,OFF,--,DONE,--
16479,2026-06-03 16:06:31,31.1875,0.00,0.000,0.000,OFF,--,DONE,--
16480,2026-06-03 16:06:32,31.1375,0.00,0.000,0.000,OFF,--,DONE,--
16481,2026-06-03 16:06:33,31.1375,0.00,0.000,0.000,OFF,--,DONE,--
16482,2026-06-03 16:06:34,31.1250,0.00,0.000,0.000,OFF,--,DONE,--
16483,2026-06-03 16:06:35,31.1250,0.00,0.000,0.000,OFF,--,DONE,--
16484,2026-06-03 16:06:37,31.0750,0.00,0.000,0.000,OFF,--,DONE,--
16485,2026-06-03 16:06:38,31.0750,0.00,0.000,0.000,OFF,--,DONE,--
16486,2026-06-03 16:06:39,31.0000,0.00,0.000,0.000,OFF,--,DONE,--
16487,2026-06-03 16:06:40,31.0000,0.00,0.000,0.000,OFF,--,DONE,--
16488,2026-06-03 16:06:41,30.9500,0.00,0.000,0.000,OFF,--,DONE,--
16489,2026-06-03 16:06:42,30.9500,0.00,0.000,0.000,OFF,--,DONE,--
16490,2026-06-03 16:06:43,30.8875,0.00,0.000,0.000,OFF,--,DONE,--
16491,2026-06-03 16:06:44,30.7875,0.00,0.000,0.000,OFF,--,DONE,--
16492,2026-06-03 16:06:45,30.7875,0.00,0.000,0.000,OFF,--,DONE,--
16493,2026-06-03 16:06:46,30.7500,0.00,0.000,0.000,OFF,--,DONE,--
16494,2026-06-03 16:06:47,30.7500,0.00,0.000,0.000,OFF,--,DONE,--
16495,2026-06-03 16:06:48,30.6750,0.00,0.000,0.000,OFF,--,DONE,--
16496,2026-06-03 16:06:49,30.6750,0.00,0.000,0.000,OFF,--,DONE,--
16497,2026-06-03 16:06:50,30.5875,0.00,0.000,0.000,OFF,--,DONE,--
16498,2026-06-03 16:06:51,30.5875,0.00,0.000,0.000,OFF,--,DONE,--
16499,2026-06-03 16:06:52,30.4875,0.00,0.000,0.000,OFF,--,DONE,--
16500,2026-06-03 16:06:53,30.4875,0.00,0.000,0.000,OFF,--,DONE,--
16501,2026-06-03 16:06:54,30.4000,0.00,0.000,0.000,OFF,--,DONE,--
16502,2026-06-03 16:06:55,30.4000,0.00,0.000,0.000,OFF,--,DONE,--
16503,2026-06-03 16:06:56,30.3000,0.00,0.000,0.000,OFF,--,DONE,--
16504,2026-06-03 16:06:57,30.3000,0.00,0.000,0.000,OFF,--,DONE,--
16505,2026-06-03 16:06:58,30.2625,0.00,0.000,0.000,OFF,--,DONE,--
16506,2026-06-03 16:06:59,30.1125,0.00,0.000,0.000,OFF,--,DONE,--
16507,2026-06-03 16:07:00,30.1125,0.00,0.000,0.000,OFF,--,DONE,--
16508,2026-06-03 16:07:01,30.0250,0.00,0.000,0.000,OFF,--,DONE,--
16509,2026-06-03 16:07:02,30.0250,0.00,0.000,0.000,OFF,--,DONE,--
16510,2026-06-03 16:07:03,29.9250,0.00,0.000,0.000,OFF,--,DONE,--
16511,2026-06-03 16:07:04,29.9250,0.00,0.000,0.000,OFF,--,DONE,--
16512,2026-06-03 16:07:05,29.8375,0.00,0.000,0.000,OFF,--,DONE,--
16513,2026-06-03 16:07:06,29.8375,0.00,0.000,0.000,OFF,--,DONE,--
16514,2026-06-03 16:07:07,29.7125,0.00,0.000,0.000,OFF,--,DONE,--
16515,2026-06-03 16:07:08,29.7125,0.00,0.000,0.000,OFF,--,DONE,--
16516,2026-06-03 16:07:09,29.5875,0.00,0.000,0.000,OFF,--,DONE,--
16517,2026-06-03 16:07:10,29.5875,0.00,0.000,0.000,OFF,--,DONE,--
16518,2026-06-03 16:07:11,29.4875,0.00,0.000,0.000,OFF,--,DONE,--
16519,2026-06-03 16:07:12,29.4875,0.00,0.000,0.000,OFF,--,DONE,--
16520,2026-06-03 16:07:13,29.3875,0.00,0.000,0.000,OFF,--,DONE,--
16521,2026-06-03 16:07:15,29.2375,0.00,0.000,0.000,OFF,--,DONE,--
16522,2026-06-03 16:07:16,29.2375,0.00,0.000,0.000,OFF,--,DONE,--
16523,2026-06-03 16:07:17,29.1500,0.00,0.000,0.000,OFF,--,DONE,--
16524,2026-06-03 16:07:18,29.1500,0.00,0.000,0.000,OFF,--,DONE,--
16525,2026-06-03 16:07:19,29.0500,0.00,0.000,0.000,OFF,--,DONE,--
16526,2026-06-03 16:07:20,29.0500,0.00,0.000,0.000,OFF,--,DONE,--
16527,2026-06-03 16:07:21,28.9375,0.00,0.000,0.000,OFF,--,DONE,--
16528,2026-06-03 16:07:22,28.9375,0.00,0.000,0.000,OFF,--,DONE,--
16529,2026-06-03 16:07:23,28.8625,0.00,0.000,0.000,OFF,--,DONE,--
16530,2026-06-03 16:07:24,28.8625,0.00,0.000,0.000,OFF,--,DONE,--
16531,2026-06-03 16:07:25,28.7500,0.00,0.000,0.000,OFF,--,DONE,--
16532,2026-06-03 16:07:26,28.7500,0.00,0.000,0.000,OFF,--,DONE,--
16533,2026-06-03 16:07:27,28.6500,0.00,0.000,0.000,OFF,--,DONE,--
16534,2026-06-03 16:07:28,28.6500,0.00,0.000,0.000,OFF,--,DONE,--
16535,2026-06-03 16:07:29,28.5500,0.00,0.000,0.000,OFF,--,DONE,--
16536,2026-06-03 16:07:30,28.4250,0.00,0.000,0.000,OFF,--,DONE,--
16537,2026-06-03 16:07:31,28.4250,0.00,0.000,0.000,OFF,--,DONE,--
16538,2026-06-03 16:07:32,28.3375,0.00,0.000,0.000,OFF,--,DONE,--
16539,2026-06-03 16:07:33,28.3375,0.00,0.000,0.000,OFF,--,DONE,--
16540,2026-06-03 16:07:34,28.2375,0.00,0.000,0.000,OFF,--,DONE,--
16541,2026-06-03 16:07:35,28.2375,0.00,0.000,0.000,OFF,--,DONE,--
16542,2026-06-03 16:07:36,28.1500,0.00,0.000,0.000,OFF,--,DONE,--
16543,2026-06-03 16:07:37,28.1500,0.00,0.000,0.000,OFF,--,DONE,--
16544,2026-06-03 16:07:38,28.0500,0.00,0.000,0.000,OFF,--,DONE,--
16545,2026-06-03 16:07:39,28.0500,0.00,0.000,0.000,OFF,--,DONE,--
16546,2026-06-03 16:07:40,27.9250,0.00,0.000,0.000,OFF,--,DONE,--
16547,2026-06-03 16:07:41,27.8500,0.00,0.000,0.000,OFF,--,DONE,--
16548,2026-06-03 16:07:42,27.8500,0.00,0.000,0.000,OFF,--,DONE,--
16549,2026-06-03 16:07:43,27.7375,0.00,0.000,0.000,OFF,--,DONE,--
16550,2026-06-03 16:07:44,27.7375,0.00,0.000,0.000,OFF,--,DONE,--
16551,2026-06-03 16:07:45,27.6625,0.00,0.000,0.000,OFF,--,DONE,--
16552,2026-06-03 16:07:46,27.6625,0.00,0.000,0.000,OFF,--,DONE,--
16553,2026-06-03 16:07:47,27.5750,0.00,0.000,0.000,OFF,--,DONE,--
16554,2026-06-03 16:07:48,27.5750,0.00,0.000,0.000,OFF,--,DONE,--
16555,2026-06-03 16:07:49,27.4750,0.00,0.000,0.000,OFF,--,DONE,--
16556,2026-06-03 16:07:50,27.4750,0.00,0.000,0.000,OFF,--,DONE,--
16557,2026-06-03 16:07:51,27.4250,0.00,0.000,0.000,OFF,--,DONE,--
16558,2026-06-03 16:07:53,27.4250,0.00,0.000,0.000,OFF,--,DONE,--
16559,2026-06-03 16:07:54,27.3000,0.00,0.000,0.000,OFF,--,DONE,--
16560,2026-06-03 16:07:55,27.3000,0.00,0.000,0.000,OFF,--,DONE,--
16561,2026-06-03 16:07:56,27.2125,0.00,0.000,0.000,OFF,--,DONE,--
16562,2026-06-03 16:07:57,27.1125,0.00,0.000,0.000,OFF,--,DONE,--
16563,2026-06-03 16:07:58,27.1125,0.00,0.000,0.000,OFF,--,DONE,--
16564,2026-06-03 16:07:59,27.0000,0.00,0.000,0.000,OFF,--,DONE,--
16565,2026-06-03 16:08:00,27.0000,0.00,0.000,0.000,OFF,--,DONE,--
16566,2026-06-03 16:08:01,26.9000,0.00,0.000,0.000,A,#1,APPROACH,1.225A/A
16567,2026-06-03 16:08:03,26.8375,0.00,0.000,0.000,A,#1,APPROACH,1.500A/A
16568,2026-06-03 16:08:05,26.7875,0.00,0.000,0.000,A,#1,APPROACH,0.905A/A
16569,2026-06-03 16:08:07,26.6750,0.00,0.000,0.000,A,#1,APPROACH,0.823A/A
16570,2026-06-03 16:08:09,26.5750,8.17,0.823,0.000,A,#1,APPROACH,0.871A/A
16571,2026-06-03 16:08:10,26.4875,8.17,0.823,6.532,A,#1,APPROACH,0.833A/A
16572,2026-06-03 16:08:12,26.3875,8.17,0.823,6.532,A,#1,APPROACH,0.814A/A
16573,2026-06-03 16:08:14,26.3875,8.17,0.823,6.532,A,#1,APPROACH,0.846A/A
16574,2026-06-03 16:08:16,26.2625,7.38,0.823,6.532,A,#1,APPROACH,0.831A/A
16575,2026-06-03 16:08:17,26.1125,7.38,0.831,6.141,A,#1,APPROACH,0.871A/A
16576,2026-06-03 16:08:20,25.8125,7.38,0.831,6.141,A,#1,APPROACH,0.883A/A
16577,2026-06-03 16:08:21,25.8125,7.38,0.831,6.141,A,#1,APPROACH,0.940A/A
16578,2026-06-03 16:08:23,25.6750,8.17,0.831,6.141,A,#1,APPROACH,0.998A/A
16579,2026-06-03 16:08:25,25.5000,8.17,0.977,8.692,A,#1,APPROACH,1.043A/A
16580,2026-06-03 16:08:27,25.2375,8.17,0.977,8.692,A,#1,APPROACH,1.060A/A
16581,2026-06-03 16:08:29,25.2375,8.17,0.977,8.692,A,#1,APPROACH,1.113A/A
16582,2026-06-03 16:08:31,25.0750,9.47,0.977,8.692,A,#1,HOLDING,1.090A/A
16583,2026-06-03 16:08:33,24.8750,9.47,1.090,8.692,OFF,#1,HOLDING,0.000A/OFF
16584,2026-06-03 16:08:34,24.7125,9.47,1.090,10.322,OFF,#1,HOLDING,0.000A/OFF
16585,2026-06-03 16:08:35,24.7125,9.47,1.090,10.322,OFF,#1,HOLDING,0.000A/OFF
16586,2026-06-03 16:08:36,24.5625,9.47,1.090,10.322,OFF,#1,HOLDING,0.000A/OFF
16587,2026-06-03 16:08:37,24.5625,9.47,1.090,10.322,OFF,#1,HOLDING,0.000A/OFF
16588,2026-06-03 16:08:38,24.3875,9.47,1.090,10.322,OFF,#1,HOLDING,0.000A/OFF
16589,2026-06-03 16:08:39,24.3875,12.00,1.090,10.322,OFF,#1,HOLDING,0.000A/OFF
16590,2026-06-03 16:08:40,24.1875,12.00,0.000,10.322,OFF,#1,HOLDING,0.000A/OFF
16591,2026-06-03 16:08:41,24.1875,12.00,0.000,0.000,OFF,#1,HOLDING,0.000A/OFF
16592,2026-06-03 16:08:42,24.0500,12.00,0.000,0.000,OFF,#1,HOLDING,0.000A/OFF
16593,2026-06-03 16:08:43,23.8750,12.00,0.000,0.000,OFF,#1,HOLDING,0.000A/OFF
16594,2026-06-03 16:08:44,23.8750,12.00,0.000,0.000,OFF,#1,HOLDING,0.000A/OFF
16595,2026-06-03 16:08:45,23.7625,12.00,0.000,0.000,OFF,#1,HOLDING,0.000A/OFF
16596,2026-06-03 16:08:46,23.7625,12.00,0.000,0.000,OFF,#1,HOLDING,0.000A/OFF
16597,2026-06-03 16:08:47,23.6375,12.00,0.000,0.000,OFF,#1,HOLDING,0.000A/OFF
16598,2026-06-03 16:08:48,23.6375,12.00,0.000,0.000,OFF,#1,HOLDING,0.000A/OFF
16599,2026-06-03 16:08:49,23.5250,12.00,0.000,0.000,OFF,#1,HOLDING,0.000A/OFF
16600,2026-06-03 16:08:50,23.5250,12.00,0.000,0.000,OFF,#1,HOLDING,0.000A/OFF
16601,2026-06-03 16:08:51,23.4250,12.00,0.000,0.000,OFF,#1,HOLDING,0.000A/OFF
16602,2026-06-03 16:08:52,23.4250,12.00,0.000,0.000,OFF,#1,HOLDING,0.000A/OFF
16603,2026-06-03 16:08:53,23.3250,12.00,0.000,0.000,OFF,#1,HOLDING,0.000A/OFF
16604,2026-06-03 16:08:54,23.3250,12.00,0.000,0.000,OFF,#1,HOLDING,0.000A/OFF
16605,2026-06-03 16:08:55,23.2250,12.00,0.000,0.000,OFF,#1,HOLDING,0.000A/OFF
16606,2026-06-03 16:08:56,23.2250,12.00,0.000,0.000,OFF,#1,HOLDING,0.000A/OFF
16607,2026-06-03 16:08:57,23.1500,12.00,0.000,0.000,B,#1,HOLDING,0.123A/B
16608,2026-06-03 16:08:59,23.1000,12.00,0.000,0.000,B,#1,HOLDING,0.192A/B
16609,2026-06-03 16:09:00,23.0000,12.00,0.000,0.297,B,#1,HOLDING,0.247A/B
16610,2026-06-03 16:09:02,22.9750,12.00,0.000,0.297,B,#1,HOLDING,0.274A/B
16611,2026-06-03 16:09:04,22.9750,12.00,0.000,0.297,B,#1,HOLDING,0.304A/B
16612,2026-06-03 16:09:05,22.9375,2.53,0.000,0.297,B,#1,HOLDING,0.343A/B
16613,2026-06-03 16:09:07,22.8875,2.53,0.343,1.015,B,#1,HOLDING,0.392A/B
16614,2026-06-03 16:09:10,22.8125,2.53,0.343,1.015,B,#1,HOLDING,0.463A/B
16615,2026-06-03 16:09:11,22.8125,2.53,0.343,1.015,B,#1,HOLDING,0.500A/B
16616,2026-06-03 16:09:13,22.8000,4.29,0.343,1.015,B,#1,HOLDING,0.546A/B
16617,2026-06-03 16:09:15,22.7750,4.29,0.546,2.620,B,#1,HOLDING,0.592A/B
16618,2026-06-03 16:09:17,22.7500,4.29,0.546,2.620,B,#1,HOLDING,0.659A/B
16619,2026-06-03 16:09:19,22.7500,4.29,0.546,2.620,B,#1,HOLDING,0.701A/B
16620,2026-06-03 16:09:21,22.7625,5.99,0.546,2.620,B,#1,HOLDING,0.747A/B
16621,2026-06-03 16:09:23,22.8125,5.99,0.747,4.862,B,#1,HOLDING,0.785A/B
16622,2026-06-03 16:09:25,22.8250,5.99,0.747,4.862,B,#1,HOLDING,0.844A/B
16623,2026-06-03 16:09:27,22.8750,5.99,0.747,4.862,B,#1,HOLDING,0.876A/B
16624,2026-06-03 16:09:28,22.9375,7.49,0.747,4.862,B,#1,HOLDING,0.915A/B
16625,2026-06-03 16:09:30,22.9875,7.49,0.915,7.246,B,#1,HOLDING,0.950A/B
16626,2026-06-03 16:09:33,23.0375,7.49,0.915,7.246,B,#1,HOLDING,1.000A/B
16627,2026-06-03 16:09:34,23.1125,7.49,0.915,7.246,B,#1,HOLDING,0.976A/B
16628,2026-06-03 16:09:36,23.1875,8.40,0.915,7.246,B,#1,HOLDING,1.007A/B
16629,2026-06-03 16:09:38,23.2625,8.40,1.006,8.802,B,#1,HOLDING,1.035A/B
16630,2026-06-03 16:09:40,23.4125,8.40,1.006,8.802,B,#1,HOLDING,1.065A/B
16631,2026-06-03 16:09:42,23.5125,8.40,1.006,8.802,B,#1,HOLDING,1.080A/B
16632,2026-06-03 16:09:44,23.6125,9.31,1.006,8.802,B,#1,HOLDING,1.000A/B
16633,2026-06-03 16:09:46,23.7375,9.31,1.000,8.870,B,#1,HOLDING,1.096A/B
16634,2026-06-03 16:09:48,23.8625,9.31,1.000,8.870,B,#1,HOLDING,1.109A/B
16635,2026-06-03 16:09:50,24.0125,9.31,1.000,8.870,B,#1,HOLDING,1.105A/B
16636,2026-06-03 16:09:52,24.1125,9.63,1.000,8.870,B,#1,HOLDING,1.108A/B
16637,2026-06-03 16:09:53,24.2625,9.63,1.108,10.858,B,#1,HOLDING,1.096A/B
16638,2026-06-03 16:09:56,24.4250,9.63,1.108,10.858,B,#1,HOLDING,1.085A/B
16639,2026-06-03 16:09:57,24.5750,9.63,1.108,10.858,B,#1,HOLDING,1.062A/B
16640,2026-06-03 16:09:59,24.7125,9.50,1.108,10.858,B,#1,HOLDING,1.040A/B
16641,2026-06-03 16:10:01,24.8875,9.50,1.040,9.869,B,#1,HOLDING,1.006A/B
16642,2026-06-03 16:10:03,25.0750,9.50,1.040,9.869,B,#1,HOLDING,0.961A/B
16643,2026-06-03 16:10:05,25.2500,9.50,1.040,9.869,B,#1,HOLDING,0.860A/B
16644,2026-06-03 16:10:07,25.4250,8.21,1.040,9.869,B,#1,HOLDING,0.801A/B
16645,2026-06-03 16:10:09,25.5750,8.21,0.828,6.287,B,#1,HOLDING,0.738A/B
16646,2026-06-03 16:10:11,25.7750,8.21,0.828,6.287,B,#1,HOLDING,0.653A/B
16647,2026-06-03 16:10:13,25.9500,8.21,0.828,6.287,B,#1,HOLDING,0.582A/B
16648,2026-06-03 16:10:15,26.1125,6.17,0.828,6.287,B,#1,HOLDING,0.496A/B
16649,2026-06-03 16:10:16,26.2625,6.17,0.537,2.762,B,#1,HOLDING,0.409A/B
16650,2026-06-03 16:10:19,26.4250,6.17,0.537,2.762,B,#1,HOLDING,0.298A/B
16651,2026-06-03 16:10:20,26.5750,6.17,0.537,2.762,B,#1,HOLDING,0.208A/B
16652,2026-06-03 16:10:22,26.7375,3.05,0.537,2.762,B,#1,HOLDING,0.101A/B
16653,2026-06-03 16:10:24,26.8875,3.05,0.153,2.762,OFF,#1,HOLDING,0.000A/OFF
16654,2026-06-03 16:10:25,27.0125,3.05,0.153,0.208,OFF,#1,HOLDING,0.000A/OFF
16655,2026-06-03 16:10:26,27.0125,3.05,0.153,0.208,A,#1,HOLDING,0.125A/A
16656,2026-06-03 16:10:28,27.1125,3.05,0.153,0.208,A,#1,HOLDING,0.200A/A
16657,2026-06-03 16:10:30,27.2375,1.12,0.153,0.208,A,#1,HOLDING,0.319A/A
16658,2026-06-03 16:10:31,27.3375,1.12,0.301,0.746,A,#1,HOLDING,0.446A/A
16659,2026-06-03 16:10:34,27.4125,1.12,0.301,0.746,A,#1,HOLDING,0.606A/A
16660,2026-06-03 16:10:35,27.4875,1.12,0.301,0.746,A,#1,HOLDING,0.717A/A
16661,2026-06-03 16:10:37,27.5750,5.83,0.301,0.746,A,#1,HOLDING,0.850A/A
16662,2026-06-03 16:10:39,27.6000,5.83,0.836,5.967,A,#1,HOLDING,0.979A/A
16663,2026-06-03 16:10:42,27.6250,5.83,0.836,5.967,A,#1,HOLDING,1.145A/A
16664,2026-06-03 16:10:43,27.6250,5.83,0.836,5.967,A,#1,HOLDING,1.255A/A
16665,2026-06-03 16:10:45,27.6125,9.75,0.836,5.967,A,#1,HOLDING,1.385A/A
16666,2026-06-03 16:10:47,27.5375,9.75,1.369,15.082,A,#1,HOLDING,1.505A/A
16667,2026-06-03 16:10:49,27.4875,9.75,1.369,15.082,A,#1,HOLDING,1.664A/A
16668,2026-06-03 16:10:51,27.3875,9.75,1.369,15.082,A,#1,HOLDING,1.500A/A
16669,2026-06-03 16:10:53,27.3000,11.61,1.369,15.082,A,#1,HOLDING,1.756A/A
16670,2026-06-03 16:10:55,27.2000,11.61,1.531,18.216,A,#1,HOLDING,1.862A/A
16671,2026-06-03 16:10:57,27.1125,11.61,1.531,18.216,A,#1,HOLDING,2.003A/A
16672,2026-06-03 16:10:58,26.9375,11.61,1.531,18.216,A,#1,HOLDING,2.052A/A
16673,2026-06-03 16:11:00,26.8250,12.00,1.531,18.216,A,#1,HOLDING,2.000A/A
16674,2026-06-03 16:11:02,26.6500,12.00,1.500,17.820,A,#1,HOLDING,2.000A/A
16675,2026-06-03 16:11:05,26.4625,12.00,1.500,17.820,A,#1,HOLDING,2.125A/A
16676,2026-06-03 16:11:06,26.3125,12.00,1.500,17.820,A,#1,HOLDING,2.182A/A
16677,2026-06-03 16:11:08,26.0875,12.00,1.500,17.820,A,#1,HOLDING,2.241A/A
16678,2026-06-03 16:11:10,25.9375,12.00,1.471,17.508,A,#1,HOLDING,1.000A/A
16679,2026-06-03 16:11:12,25.7250,12.00,1.471,17.508,A,#1,HOLDING,1.500A/A
16680,2026-06-03 16:11:14,25.5000,12.00,1.471,17.508,A,#1,HOLDING,1.000A/A
16681,2026-06-03 16:11:16,25.3125,8.96,1.471,17.508,A,#1,HOLDING,1.500A/A
16682,2026-06-03 16:11:18,25.0875,8.96,1.458,17.340,A,#2,APPROACH,2.200A/A
16683,2026-06-03 16:11:20,24.8875,8.96,1.458,17.340,B,#2,APPROACH,0.379A/B
16684,2026-06-03 16:11:22,24.6875,8.96,1.458,17.340,B,#2,APPROACH,0.455A/B
16685,2026-06-03 16:11:24,24.2500,8.96,1.458,17.340,B,#2,APPROACH,0.582A/B
16686,2026-06-03 16:11:26,24.0625,8.65,0.582,17.340,B,#2,APPROACH,0.717A/B
16687,2026-06-03 16:11:28,23.8375,8.65,0.582,4.079,B,#2,APPROACH,0.857A/B
16688,2026-06-03 16:11:30,23.8375,8.65,0.582,4.079,B,#2,APPROACH,0.961A/B
16689,2026-06-03 16:11:31,23.7000,8.65,0.582,4.079,B,#2,APPROACH,1.000A/B
16690,2026-06-03 16:11:33,23.5750,7.79,0.582,4.079,B,#2,APPROACH,1.102A/B
16691,2026-06-03 16:11:35,23.4875,7.79,1.086,9.686,B,#2,APPROACH,1.297A/B
16692,2026-06-03 16:11:38,23.4125,7.79,1.086,9.686,B,#2,APPROACH,1.566A/B
16693,2026-06-03 16:11:39,23.3750,7.79,1.086,9.686,B,#2,APPROACH,1.500A/B
16694,2026-06-03 16:11:41,23.3750,11.48,1.086,9.686,B,#2,APPROACH,1.754A/B
16695,2026-06-03 16:11:43,23.3750,11.48,1.550,18.360,B,#2,APPROACH,2.000A/B
16696,2026-06-03 16:11:45,23.4250,11.48,1.550,18.360,B,#2,APPROACH,1.500A/B
16697,2026-06-03 16:11:47,23.5000,11.48,1.550,18.360,B,#2,APPROACH,1.989A/B
16698,2026-06-03 16:11:49,23.5750,12.00,1.550,18.360,B,#2,APPROACH,2.272A/B
16699,2026-06-03 16:11:51,23.6750,12.00,1.484,17.592,B,#2,APPROACH,2.564A/B
16700,2026-06-03 16:11:53,23.8250,12.00,1.484,17.592,B,#2,APPROACH,1.000A/B
16701,2026-06-03 16:11:54,23.9250,12.00,1.484,17.592,B,#2,APPROACH,2.925A/B
16702,2026-06-03 16:11:56,24.1250,12.00,1.484,17.592,B,#2,APPROACH,2.000A/B
16703,2026-06-03 16:11:58,24.3000,12.00,1.432,16.980,B,#2,APPROACH,1.000A/B
16704,2026-06-03 16:12:01,24.4750,12.00,1.432,16.980,B,#2,APPROACH,2.500A/B
16705,2026-06-03 16:12:02,24.6750,12.00,1.432,16.980,B,#2,APPROACH,1.000A/B
16706,2026-06-03 16:12:04,24.8750,9.18,1.432,16.980,B,#2,APPROACH,1.000A/B
16707,2026-06-03 16:12:06,25.0625,9.18,1.000,9.340,B,#2,APPROACH,3.000A/B
16708,2026-06-03 16:12:08,25.2875,9.18,1.000,9.340,B,#2,APPROACH,2.500A/B
16709,2026-06-03 16:12:10,25.5000,9.18,1.000,9.340,B,#2,APPROACH,2.000A/B
16710,2026-06-03 16:12:12,25.7250,12.00,1.000,9.340,B,#2,APPROACH,1.000A/B
16711,2026-06-03 16:12:14,25.9250,12.00,1.034,9.440,B,#2,APPROACH,3.000A/B
16712,2026-06-03 16:12:16,26.1250,12.00,1.034,9.440,B,#2,APPROACH,1.000A/B
16713,2026-06-03 16:12:18,26.3625,12.00,1.034,9.440,B,#2,APPROACH,1.000A/B
16714,2026-06-03 16:12:19,26.5875,9.41,1.034,9.440,B,#2,APPROACH,2.000A/B
16715,2026-06-03 16:12:21,26.8000,9.41,1.361,16.176,B,#2,APPROACH,1.000A/B
16716,2026-06-03 16:12:24,27.0000,9.41,1.361,16.176,B,#2,APPROACH,1.500A/B
16717,2026-06-03 16:12:25,27.1875,9.41,1.361,16.176,B,#2,APPROACH,2.500A/B
16718,2026-06-03 16:12:27,27.4125,12.00,1.361,16.176,B,#2,APPROACH,2.000A/B
16719,2026-06-03 16:12:29,27.6375,12.00,1.342,15.948,B,#2,APPROACH,3.000A/B
16720,2026-06-03 16:12:31,27.8375,12.00,1.342,15.948,B,#2,APPROACH,3.000A/B
16721,2026-06-03 16:12:33,28.0625,12.00,1.342,15.948,B,#2,APPROACH,1.000A/B
16722,2026-06-03 16:12:35,28.3125,9.64,1.342,15.948,B,#2,APPROACH,2.981A/B
16723,2026-06-03 16:12:37,28.5000,9.64,1.162,15.768,B,#2,APPROACH,3.000A/B
16724,2026-06-03 16:12:39,28.7500,9.64,1.162,15.768,B,#2,APPROACH,1.500A/B
16725,2026-06-03 16:12:41,28.9625,9.64,1.162,15.768,B,#2,APPROACH,1.500A/B
16726,2026-06-03 16:12:42,29.1875,12.00,1.162,15.768,B,#2,APPROACH,1.000A/B
16727,2026-06-03 16:12:44,29.4250,12.00,1.158,9.830,B,#2,APPROACH,2.500A/B
16728,2026-06-03 16:12:47,29.6250,12.00,1.158,9.830,B,#2,APPROACH,2.500A/B
16729,2026-06-03 16:12:48,29.8375,12.00,1.158,9.830,B,#2,APPROACH,2.500A/B
16730,2026-06-03 16:12:50,30.0625,12.00,1.158,9.830,B,#2,APPROACH,2.000A/B
16731,2026-06-03 16:12:52,30.2750,12.00,1.305,15.480,B,#2,APPROACH,2.500A/B
16732,2026-06-03 16:12:54,30.5000,12.00,1.305,15.480,B,#2,APPROACH,2.000A/B
16733,2026-06-03 16:12:56,30.6875,12.00,1.305,15.480,B,#2,APPROACH,2.500A/B
16734,2026-06-03 16:12:58,30.9125,12.00,1.305,15.480,B,#2,HOLDING,2.500A/B
16735,2026-06-03 16:13:00,31.1125,12.00,1.292,15.480,OFF,#2,HOLDING,0.000A/OFF
16736,2026-06-03 16:13:01,31.3125,12.00,1.292,15.336,OFF,#2,HOLDING,0.000A/OFF
16737,2026-06-03 16:13:02,31.3125,12.00,1.292,15.336,OFF,#2,HOLDING,0.000A/OFF
16738,2026-06-03 16:13:03,31.5250,12.00,1.292,15.336,OFF,#2,HOLDING,0.000A/OFF
16739,2026-06-03 16:13:04,31.5250,12.00,1.292,15.336,OFF,#2,HOLDING,0.000A/OFF
16740,2026-06-03 16:13:05,31.7000,12.00,1.292,15.336,OFF,#2,HOLDING,0.000A/OFF
16741,2026-06-03 16:13:06,31.7000,12.00,1.292,15.336,OFF,#2,HOLDING,0.000A/OFF
16742,2026-06-03 16:13:07,31.9000,12.00,0.000,15.336,OFF,#2,HOLDING,0.000A/OFF
16743,2026-06-03 16:13:08,31.9000,12.00,0.000,0.000,OFF,#2,HOLDING,0.000A/OFF
16744,2026-06-03 16:13:09,32.1000,12.00,0.000,0.000,OFF,#2,HOLDING,0.000A/OFF
16745,2026-06-03 16:13:10,32.1000,12.00,0.000,0.000,OFF,#2,HOLDING,0.000A/OFF
16746,2026-06-03 16:13:11,32.2375,12.00,0.000,0.000,OFF,#2,HOLDING,0.000A/OFF
16747,2026-06-03 16:13:12,32.2375,12.00,0.000,0.000,OFF,#2,HOLDING,0.000A/OFF
16748,2026-06-03 16:13:13,32.3875,12.00,0.000,0.000,OFF,#2,HOLDING,0.000A/OFF
16749,2026-06-03 16:13:14,32.3875,12.00,0.000,0.000,OFF,#2,HOLDING,0.000A/OFF
16750,2026-06-03 16:13:15,32.5375,12.00,0.000,0.000,OFF,#2,HOLDING,0.000A/OFF
16751,2026-06-03 16:13:16,32.6375,12.00,0.000,0.000,OFF,#2,HOLDING,0.000A/OFF
16752,2026-06-03 16:13:17,32.6375,12.00,0.000,0.000,OFF,#2,HOLDING,0.000A/OFF
16753,2026-06-03 16:13:18,32.7250,12.00,0.000,0.000,OFF,#2,HOLDING,0.000A/OFF
16754,2026-06-03 16:13:19,32.7250,12.00,0.000,0.000,OFF,#2,HOLDING,0.000A/OFF
16755,2026-06-03 16:13:20,32.8000,12.00,0.000,0.000,A,#2,HOLDING,0.133A/A
16756,2026-06-03 16:13:22,32.8125,12.00,0.000,0.000,A,#2,HOLDING,0.206A/A
16757,2026-06-03 16:13:23,32.8625,12.00,0.000,0.000,A,#2,HOLDING,0.248A/A
16758,2026-06-03 16:13:25,32.8625,1.59,0.000,0.000,A,#2,HOLDING,0.274A/A
16759,2026-06-03 16:13:27,32.8750,1.59,0.274,0.545,A,#2,HOLDING,0.315A/A
16760,2026-06-03 16:13:29,32.8625,1.59,0.274,0.545,A,#2,HOLDING,0.359A/A
16761,2026-06-03 16:13:31,32.8125,1.59,0.274,0.545,A,#2,HOLDING,0.383A/A
16762,2026-06-03 16:13:33,32.8125,2.95,0.274,0.545,A,#2,HOLDING,0.419A/A
16763,2026-06-03 16:13:35,32.8000,2.95,0.407,1.412,A,#2,HOLDING,0.405A/A
16764,2026-06-03 16:13:37,32.6750,2.95,0.407,1.412,A,#2,HOLDING,0.443A/A
16765,2026-06-03 16:13:39,32.5750,2.95,0.407,1.412,A,#2,HOLDING,0.457A/A
16766,2026-06-03 16:13:41,32.5750,3.78,0.407,1.412,A,#2,HOLDING,0.487A/A
16767,2026-06-03 16:13:42,32.4875,3.78,0.476,2.016,A,#2,HOLDING,0.513A/A
16768,2026-06-03 16:13:45,32.2625,3.78,0.476,2.016,A,#2,HOLDING,0.530A/A
16769,2026-06-03 16:13:46,32.1125,3.78,0.476,2.016,A,#2,HOLDING,0.524A/A
16770,2026-06-03 16:13:48,32.1125,4.46,0.476,2.016,A,#2,HOLDING,0.544A/A
16771,2026-06-03 16:13:50,32.0125,4.46,0.544,2.605,A,#2,HOLDING,0.559A/A
16772,2026-06-03 16:13:52,31.7000,4.46,0.544,2.605,A,#2,HOLDING,0.548A/A
16773,2026-06-03 16:13:54,31.5500,4.46,0.544,2.605,A,#2,HOLDING,0.524A/A
16774,2026-06-03 16:13:56,31.5500,4.66,0.544,2.605,A,#2,HOLDING,0.524A/A
16775,2026-06-03 16:13:58,31.3875,4.66,0.524,2.504,A,#2,HOLDING,0.515A/A
16776,2026-06-03 16:14:00,31.0750,4.66,0.524,2.504,A,#2,HOLDING,0.473A/A
16777,2026-06-03 16:14:02,30.9000,4.66,0.524,2.504,A,#2,HOLDING,0.424A/A
16778,2026-06-03 16:14:04,30.9000,3.96,0.524,2.504,A,#2,HOLDING,0.407A/A
16779,2026-06-03 16:14:05,30.7250,3.96,0.407,1.591,A,#2,HOLDING,0.319A/A
16780,2026-06-03 16:14:08,30.3875,3.96,0.407,1.591,A,#2,HOLDING,0.228A/A
16781,2026-06-03 16:14:09,30.1875,3.96,0.407,1.591,A,#2,HOLDING,0.142A/A
16782,2026-06-03 16:14:11,30.1875,1.62,0.407,1.591,A,#2,HOLDING,0.100A/A
16783,2026-06-03 16:14:13,29.9750,1.62,0.100,1.591,OFF,#2,HOLDING,0.000A/OFF
16784,2026-06-03 16:14:14,29.7750,1.62,0.100,0.127,OFF,#2,HOLDING,0.000A/OFF
16785,2026-06-03 16:14:15,29.7750,1.62,0.100,0.127,OFF,#2,HOLDING,0.000A/OFF
16786,2026-06-03 16:14:16,29.6000,1.62,0.100,0.127,B,#2,HOLDING,0.146A/B
16787,2026-06-03 16:14:18,29.4250,1.62,0.100,0.127,B,#2,HOLDING,0.227A/B
16788,2026-06-03 16:14:20,29.2375,3.46,0.227,0.127,B,#2,HOLDING,0.344A/B
16789,2026-06-03 16:14:22,29.0625,3.46,0.227,1.159,B,#2,HOLDING,0.438A/B
16790,2026-06-03 16:14:23,28.9500,3.46,0.227,1.159,B,#2,HOLDING,0.532A/B
16791,2026-06-03 16:14:25,28.8000,3.46,0.227,1.159,B,#2,HOLDING,0.632A/B
16792,2026-06-03 16:14:27,28.8000,5.77,0.227,1.159,B,#2,HOLDING,0.724A/B
16793,2026-06-03 16:14:28,28.6500,5.77,0.704,4.821,B,#2,HOLDING,0.823A/B
16794,2026-06-03 16:14:31,28.4500,5.77,0.704,4.821,B,#2,HOLDING,0.993A/B
16795,2026-06-03 16:14:32,28.3000,5.77,0.704,4.821,B,#2,HOLDING,1.119A/B
16796,2026-06-03 16:14:34,28.3000,9.30,0.704,4.821,B,#2,HOLDING,1.243A/B
16797,2026-06-03 16:14:36,28.2375,9.30,1.224,12.914,B,#2,HOLDING,1.375A/B
16798,2026-06-03 16:14:38,28.0500,9.30,1.224,12.914,B,#2,HOLDING,1.500A/B
16799,2026-06-03 16:14:40,28.0000,9.30,1.224,12.914,B,#2,HOLDING,1.500A/B
16800,2026-06-03 16:14:42,28.0000,12.00,1.224,12.914,B,#2,HOLDING,1.562A/B
16801,2026-06-03 16:14:44,28.0000,12.00,1.458,17.292,B,#2,HOLDING,1.000A/B
16802,2026-06-03 16:14:46,28.0375,12.00,1.458,17.292,B,#2,HOLDING,1.695A/B
16803,2026-06-03 16:14:48,28.0875,12.00,1.458,17.292,B,#2,HOLDING,1.000A/B
16804,2026-06-03 16:14:50,28.0875,9.13,1.458,17.292,B,#2,HOLDING,1.500A/B
16805,2026-06-03 16:14:51,28.1625,9.13,1.418,16.860,B,#2,HOLDING,1.500A/B
16806,2026-06-03 16:14:54,28.3250,9.13,1.418,16.860,B,#2,HOLDING,1.794A/B
16807,2026-06-03 16:14:55,28.4250,9.13,1.418,16.860,B,#2,HOLDING,1.000A/B
16808,2026-06-03 16:14:57,28.4250,9.33,1.418,16.860,B,#2,HOLDING,1.500A/B
16809,2026-06-03 16:14:59,28.5500,9.33,1.194,16.500,B,#2,HOLDING,1.500A/B
16810,2026-06-03 16:15:01,28.7625,9.33,1.194,16.500,B,#2,HOLDING,1.000A/B
16811,2026-06-03 16:15:03,28.9125,9.33,1.194,16.500,B,#2,HOLDING,1.828A/B
16812,2026-06-03 16:15:05,28.9125,12.00,1.194,16.500,B,#2,HOLDING,1.950A/B
16813,2026-06-03 16:15:07,29.0500,12.00,1.362,16.140,B,#2,HOLDING,2.047A/B
16814,2026-06-03 16:15:09,29.3000,12.00,1.362,16.140,B,#2,HOLDING,1.500A/B
16815,2026-06-03 16:15:11,29.4500,12.00,1.362,16.140,B,#2,HOLDING,2.129A/B
16816,2026-06-03 16:15:13,29.4500,12.00,1.362,16.140,B,#2,HOLDING,2.229A/B
16817,2026-06-03 16:15:14,29.6125,12.00,1.337,15.852,B,#2,HOLDING,2.000A/B
16818,2026-06-03 16:15:17,29.9250,12.00,1.337,15.852,B,#2,HOLDING,2.281A/B
16819,2026-06-03 16:15:18,30.0750,12.00,1.337,15.852,B,#2,HOLDING,1.500A/B
16820,2026-06-03 16:15:20,30.0750,12.00,1.337,15.852,B,#2,HOLDING,2.329A/B
16821,2026-06-03 16:15:22,30.2375,12.00,1.319,15.636,B,#2,HOLDING,1.000A/B
16822,2026-06-03 16:15:25,30.5500,12.00,1.319,15.636,B,#2,HOLDING,1.500A/B
16823,2026-06-03 16:15:26,30.7500,12.00,1.319,15.636,B,#2,HOLDING,1.000A/B
16824,2026-06-03 16:15:28,30.7500,9.78,1.319,15.636,B,#2,HOLDING,1.000A/B
16825,2026-06-03 16:15:30,30.9250,9.78,1.000,9.910,B,#2,HOLDING,2.300A/B
16826,2026-06-03 16:15:32,31.2125,9.78,1.000,9.910,B,#2,HOLDING,1.500A/B
16827,2026-06-03 16:15:34,31.3875,9.78,1.000,9.910,B,#2,HOLDING,2.311A/B
16828,2026-06-03 16:15:36,31.3875,12.00,1.000,9.910,B,#3,APPROACH,2.343A/B
16829,2026-06-03 16:15:38,31.7000,12.00,1.304,0.000,A,#3,APPROACH,0.396A/A
16830,2026-06-03 16:15:40,31.8875,12.00,1.304,0.000,A,#3,APPROACH,0.488A/A
16831,2026-06-03 16:15:42,32.0625,12.00,1.304,0.000,A,#3,APPROACH,0.586A/A
16832,2026-06-03 16:15:44,32.2250,12.00,1.304,0.000,A,#3,APPROACH,0.680A/A
16833,2026-06-03 16:15:46,32.3750,4.99,1.304,0.000,A,#3,APPROACH,0.784A/A
16834,2026-06-03 16:15:47,32.5125,4.99,0.729,4.641,A,#3,APPROACH,0.919A/A
16835,2026-06-03 16:15:50,32.5875,4.99,0.729,4.641,A,#3,APPROACH,1.108A/A
16836,2026-06-03 16:15:51,32.6375,4.99,0.729,4.641,A,#3,APPROACH,1.248A/A
16837,2026-06-03 16:15:53,32.6875,9.28,0.729,4.641,A,#3,APPROACH,1.429A/A
16838,2026-06-03 16:15:55,32.6875,9.28,1.429,15.433,A,#3,APPROACH,1.618A/A
16839,2026-06-03 16:15:57,32.6875,9.28,1.429,15.433,A,#3,APPROACH,1.884A/A
16840,2026-06-03 16:15:59,32.6125,9.28,1.429,15.433,A,#3,APPROACH,2.065A/A
16841,2026-06-03 16:16:01,32.5125,12.00,1.429,15.433,A,#3,APPROACH,2.286A/A
16842,2026-06-03 16:16:03,32.4625,12.00,1.569,18.576,A,#3,APPROACH,1.000A/A
16843,2026-06-03 16:16:05,32.3375,12.00,1.569,18.576,A,#3,APPROACH,2.000A/A
16844,2026-06-03 16:16:07,32.2000,12.00,1.569,18.576,A,#3,APPROACH,1.000A/A
16845,2026-06-03 16:16:09,32.0500,8.42,1.569,18.576,A,#3,APPROACH,1.000A/A
16846,2026-06-03 16:16:10,31.8500,8.42,1.000,8.610,A,#3,APPROACH,2.000A/A
16847,2026-06-03 16:16:13,31.6500,8.42,1.000,8.610,A,#3,APPROACH,2.469A/A
16848,2026-06-03 16:16:14,31.4500,8.42,1.000,8.610,A,#3,APPROACH,2.500A/A
16849,2026-06-03 16:16:16,31.2500,12.00,1.000,8.610,A,#3,APPROACH,2.675A/A
16850,2026-06-03 16:16:18,31.0000,12.00,1.497,17.760,A,#3,APPROACH,2.500A/A
16851,2026-06-03 16:16:20,30.7750,12.00,1.497,17.760,A,#3,APPROACH,2.500A/A
16852,2026-06-03 16:16:22,30.5375,12.00,1.497,17.760,A,#3,APPROACH,2.000A/A
16853,2026-06-03 16:16:24,30.2875,12.00,1.497,17.760,A,#3,APPROACH,2.500A/A
16854,2026-06-03 16:16:26,30.0625,12.00,1.466,17.424,A,#3,APPROACH,1.500A/A
16855,2026-06-03 16:16:28,29.7875,12.00,1.466,17.424,A,#3,APPROACH,2.500A/A
16856,2026-06-03 16:16:30,29.5625,12.00,1.466,17.424,A,#3,APPROACH,1.000A/A
16857,2026-06-03 16:16:32,29.2625,8.97,1.466,17.424,A,#3,APPROACH,2.819A/A
16858,2026-06-03 16:16:34,28.9750,8.97,1.221,17.196,A,#3,APPROACH,2.500A/A
16859,2026-06-03 16:16:36,28.7250,8.97,1.221,17.196,A,#3,APPROACH,1.500A/A
16860,2026-06-03 16:16:38,28.4750,8.97,1.221,17.196,A,#3,APPROACH,2.000A/A
16861,2026-06-03 16:16:39,28.2250,12.00,1.221,17.196,A,#3,APPROACH,1.500A/A
16862,2026-06-03 16:16:41,27.9375,12.00,1.436,17.064,A,#3,APPROACH,2.500A/A
16863,2026-06-03 16:16:44,27.6375,12.00,1.436,17.064,A,#3,APPROACH,2.909A/A
16864,2026-06-03 16:16:45,27.3750,12.00,1.436,17.064,A,#3,APPROACH,1.000A/A
16865,2026-06-03 16:16:47,27.0750,9.10,1.436,17.064,A,#3,APPROACH,2.914A/A
16866,2026-06-03 16:16:49,26.8375,9.10,1.213,17.004,A,#3,APPROACH,1.500A/A
16867,2026-06-03 16:16:51,26.5375,9.10,1.213,17.004,A,#3,APPROACH,2.000A/A
16868,2026-06-03 16:16:53,26.2875,9.10,1.213,17.004,A,#3,APPROACH,2.980A/A
16869,2026-06-03 16:16:55,26.0375,12.00,1.213,17.004,A,#3,APPROACH,1.500A/A
16870,2026-06-03 16:16:57,25.7500,12.00,1.416,16.884,A,#3,APPROACH,2.000A/A
16871,2026-06-03 16:16:59,25.5000,12.00,1.416,16.884,A,#3,APPROACH,1.500A/A
16872,2026-06-03 16:17:01,25.2875,12.00,1.416,16.884,A,#3,HOLDING,2.000A/A
16873,2026-06-03 16:17:02,25.0125,12.00,1.416,16.884,OFF,#3,HOLDING,0.000A/OFF
16874,2026-06-03 16:17:03,25.0125,12.00,1.416,16.884,OFF,#3,HOLDING,0.000A/OFF
16875,2026-06-03 16:17:04,24.7625,12.00,1.416,16.884,OFF,#3,HOLDING,0.000A/OFF
16876,2026-06-03 16:17:06,24.7625,12.00,1.416,16.860,OFF,#3,HOLDING,0.000A/OFF
16877,2026-06-03 16:17:07,24.5375,12.00,1.416,16.860,OFF,#3,HOLDING,0.000A/OFF
16878,2026-06-03 16:17:08,24.5375,12.00,1.416,16.860,OFF,#3,HOLDING,0.000A/OFF
16879,2026-06-03 16:17:09,24.3250,12.00,1.416,16.860,OFF,#3,HOLDING,0.000A/OFF
16880,2026-06-03 16:17:10,24.3250,12.00,1.416,16.860,OFF,#3,HOLDING,0.000A/OFF
16881,2026-06-03 16:17:11,24.1000,12.00,0.000,16.860,OFF,#3,HOLDING,0.000A/OFF
16882,2026-06-03 16:17:12,24.1000,12.00,0.000,0.000,OFF,#3,HOLDING,0.000A/OFF
16883,2026-06-03 16:17:13,23.8875,12.00,0.000,0.000,OFF,#3,HOLDING,0.000A/OFF
16884,2026-06-03 16:17:14,23.6875,12.00,0.000,0.000,OFF,#3,HOLDING,0.000A/OFF
16885,2026-06-03 16:17:15,23.6875,12.00,0.000,0.000,OFF,#3,HOLDING,0.000A/OFF
16886,2026-06-03 16:17:16,23.5750,12.00,0.000,0.000,OFF,#3,HOLDING,0.000A/OFF
16887,2026-06-03 16:17:17,23.5750,12.00,0.000,0.000,OFF,#3,HOLDING,0.000A/OFF
16888,2026-06-03 16:17:18,23.4000,12.00,0.000,0.000,OFF,#3,HOLDING,0.000A/OFF
16889,2026-06-03 16:17:19,23.4000,12.00,0.000,0.000,OFF,#3,HOLDING,0.000A/OFF
16890,2026-06-03 16:17:20,23.2625,12.00,0.000,0.000,B,#3,HOLDING,0.166A/B
16891,2026-06-03 16:17:21,23.1375,12.00,0.000,0.000,B,#3,HOLDING,0.192A/B
16892,2026-06-03 16:17:23,23.1375,1.31,0.000,0.000,B,#3,HOLDING,0.229A/B
16893,2026-06-03 16:17:25,23.0250,1.31,0.209,0.396,B,#3,HOLDING,0.268A/B
16894,2026-06-03 16:17:27,22.9500,1.31,0.209,0.396,B,#3,HOLDING,0.327A/B
16895,2026-06-03 16:17:29,22.9000,1.31,0.209,0.396,B,#3,HOLDING,0.380A/B
16896,2026-06-03 16:17:30,22.8250,3.11,0.209,0.396,B,#3,HOLDING,0.434A/B
16897,2026-06-03 16:17:32,22.7500,3.11,0.405,1.588,B,#3,HOLDING,0.497A/B
16898,2026-06-03 16:17:35,22.7000,3.11,0.405,1.588,B,#3,HOLDING,0.574A/B
16899,2026-06-03 16:17:36,22.6875,3.11,0.405,1.588,B,#3,HOLDING,0.621A/B
16900,2026-06-03 16:17:38,22.6625,5.25,0.405,1.588,B,#3,HOLDING,0.678A/B
16901,2026-06-03 16:17:40,22.6375,5.25,0.647,3.966,B,#3,HOLDING,0.739A/B
16902,2026-06-03 16:17:42,22.6375,5.25,0.647,3.966,B,#3,HOLDING,0.817A/B
16903,2026-06-03 16:17:44,22.6875,5.25,0.647,3.966,B,#3,HOLDING,0.858A/B
16904,2026-06-03 16:17:46,22.6875,7.26,0.647,3.966,B,#3,HOLDING,0.915A/B
16905,2026-06-03 16:17:48,22.7250,7.26,0.884,7.137,B,#3,HOLDING,0.968A/B
16906,2026-06-03 16:17:50,22.7750,7.26,0.884,7.137,B,#3,HOLDING,1.040A/B
16907,2026-06-03 16:17:52,22.8250,7.26,0.884,7.137,B,#3,HOLDING,1.079A/B
16908,2026-06-03 16:17:54,22.9250,8.99,0.884,7.137,B,#3,HOLDING,1.119A/B
16909,2026-06-03 16:17:55,22.9875,8.99,1.096,10.585,B,#3,HOLDING,1.162A/B
16910,2026-06-03 16:17:58,23.0875,8.99,1.096,10.585,B,#3,HOLDING,1.213A/B
16911,2026-06-03 16:17:59,23.1750,8.99,1.096,10.585,B,#3,HOLDING,1.245A/B
16912,2026-06-03 16:18:01,23.3250,10.36,1.096,10.585,B,#3,HOLDING,1.216A/B
16913,2026-06-03 16:18:03,23.4500,10.36,1.228,12.597,B,#3,HOLDING,1.243A/B
16914,2026-06-03 16:18:05,23.5750,10.36,1.228,12.597,B,#3,HOLDING,1.278A/B
16915,2026-06-03 16:18:07,23.7375,10.36,1.228,12.597,B,#3,HOLDING,1.294A/B
16916,2026-06-03 16:18:09,23.8875,10.93,1.228,12.597,B,#3,HOLDING,1.307A/B
16917,2026-06-03 16:18:11,24.0500,10.93,1.307,14.664,B,#3,HOLDING,1.311A/B
16918,2026-06-03 16:18:13,24.2250,10.93,1.307,14.664,B,#3,HOLDING,1.319A/B
16919,2026-06-03 16:18:15,24.3625,10.93,1.307,14.664,B,#3,HOLDING,1.317A/B
16920,2026-06-03 16:18:17,24.5625,11.30,1.307,14.664,B,#3,HOLDING,1.303A/B
16921,2026-06-03 16:18:18,24.7375,11.30,1.303,14.854,B,#3,HOLDING,1.282A/B
16922,2026-06-03 16:18:21,24.9375,11.30,1.303,14.854,B,#3,HOLDING,1.251A/B
16923,2026-06-03 16:18:22,25.1125,11.30,1.303,14.854,B,#3,HOLDING,1.225A/B
16924,2026-06-03 16:18:24,25.3375,10.85,1.303,14.854,B,#3,HOLDING,1.129A/B
16925,2026-06-03 16:18:26,25.5250,10.85,1.172,11.662,B,#3,HOLDING,1.070A/B
16926,2026-06-03 16:18:29,25.7500,10.85,1.172,11.662,B,#3,HOLDING,0.991A/B
16927,2026-06-03 16:18:30,25.9625,10.85,1.172,11.662,B,#3,HOLDING,0.925A/B
16928,2026-06-03 16:18:32,26.1875,8.88,1.172,11.662,B,#3,HOLDING,0.838A/B
16929,2026-06-03 16:18:34,26.3625,8.88,0.880,6.972,B,#3,HOLDING,0.752A/B
16930,2026-06-03 16:18:36,26.6125,8.88,0.880,6.972,B,#3,HOLDING,0.633A/B
16931,2026-06-03 16:18:38,26.8000,8.88,0.880,6.972,B,#3,HOLDING,0.544A/B
16932,2026-06-03 16:18:40,27.0000,5.98,0.880,6.972,B,#3,HOLDING,0.430A/B
16933,2026-06-03 16:18:42,27.2125,5.98,0.486,2.223,B,#3,HOLDING,0.309A/B
16934,2026-06-03 16:18:44,27.4125,5.98,0.486,2.223,B,#3,HOLDING,0.202A/B
16935,2026-06-03 16:18:45,27.6000,5.98,0.486,2.223,OFF,#3,HOLDING,0.000A/OFF
16936,2026-06-03 16:18:46,27.7500,5.98,0.486,2.223,OFF,#3,HOLDING,0.000A/OFF
16937,2026-06-03 16:18:48,27.7500,12.00,0.486,2.223,OFF,#3,HOLDING,0.000A/OFF
16938,2026-06-03 16:18:49,27.9250,12.00,0.000,0.000,A,#3,HOLDING,0.142A/A
16939,2026-06-03 16:18:51,28.0750,12.00,0.000,0.000,A,#3,HOLDING,0.316A/A
16940,2026-06-03 16:18:52,28.2375,12.00,0.000,0.000,A,#3,HOLDING,0.458A/A
16941,2026-06-03 16:18:54,28.3875,3.23,0.000,0.000,A,#3,HOLDING,0.610A/A
16942,2026-06-03 16:18:56,28.4875,3.23,0.543,2.897,A,#3,HOLDING,0.769A/A
16943,2026-06-03 16:18:58,28.5625,3.23,0.543,2.897,A,#3,HOLDING,0.970A/A
16944,2026-06-03 16:19:00,28.6625,3.23,0.543,2.897,A,#3,HOLDING,1.114A/A
16945,2026-06-03 16:19:02,28.6875,8.58,0.543,2.897,A,#3,HOLDING,1.275A/A
16946,2026-06-03 16:19:04,28.6875,8.58,1.238,12.609,A,#3,HOLDING,1.000A/A
16947,2026-06-03 16:19:06,28.7375,8.58,1.238,12.609,A,#3,HOLDING,1.000A/A
16948,2026-06-03 16:19:08,28.7375,8.58,1.238,12.609,A,#3,HOLDING,1.432A/A
16949,2026-06-03 16:19:10,28.6625,11.03,1.238,12.609,A,#3,HOLDING,1.000A/A
16950,2026-06-03 16:19:11,28.6125,11.03,1.098,8.320,A,#3,HOLDING,1.582A/A
16951,2026-06-03 16:19:14,28.5125,11.03,1.098,8.320,A,#3,HOLDING,1.500A/A
16952,2026-06-03 16:19:15,28.4625,11.03,1.098,8.320,A,#3,HOLDING,1.000A/A
16953,2026-06-03 16:19:17,28.3625,8.34,1.098,8.320,A,#3,HOLDING,1.764A/A
16954,2026-06-03 16:19:19,28.2000,8.34,1.488,18.132,A,#3,HOLDING,1.898A/A
16955,2026-06-03 16:19:22,28.0500,8.34,1.488,18.132,A,#3,HOLDING,1.000A/A
16956,2026-06-03 16:19:23,27.9250,8.34,1.488,18.132,A,#3,HOLDING,2.000A/A
16957,2026-06-03 16:19:25,27.7500,12.00,1.488,18.132,A,#3,HOLDING,1.500A/A
16958,2026-06-03 16:19:27,27.5875,12.00,1.492,17.736,A,#3,HOLDING,2.042A/A
16959,2026-06-03 16:19:29,27.4375,12.00,1.492,17.736,A,#3,HOLDING,1.500A/A
16960,2026-06-03 16:19:31,27.2625,12.00,1.492,17.736,A,#3,HOLDING,1.000A/A
16961,2026-06-03 16:19:33,27.0375,8.74,1.492,17.736,A,#3,HOLDING,1.000A/A
16962,2026-06-03 16:19:35,26.8500,8.74,1.000,8.980,A,#3,HOLDING,1.500A/A
16963,2026-06-03 16:19:37,26.6250,8.74,1.000,8.980,A,#3,HOLDING,2.096A/A
16964,2026-06-03 16:19:38,26.4125,8.74,1.000,8.980,A,#3,HOLDING,1.500A/A
16965,2026-06-03 16:19:40,26.2125,12.00,1.000,8.980,A,#3,HOLDING,2.142A/A
16966,2026-06-03 16:19:42,26.0125,12.00,1.456,17.340,A,#3,HOLDING,2.194A/A
16967,2026-06-03 16:19:45,25.8125,12.00,1.456,17.340,A,#3,HOLDING,2.266A/A
16968,2026-06-03 16:19:46,25.6250,12.00,1.456,17.340,A,#3,HOLDING,1.000A/A
16969,2026-06-03 16:19:48,25.3750,8.92,1.456,17.340,A,#3,HOLDING,1.000A/A
16970,2026-06-03 16:19:50,25.1625,8.92,1.000,9.120,A,#3,HOLDING,2.000A/A
16971,2026-06-03 16:19:52,24.9375,8.92,1.000,9.120,A,#3,HOLDING,2.229A/A
16972,2026-06-03 16:19:54,24.7250,8.92,1.000,9.120,A,#3,HOLDING,2.243A/A
16973,2026-06-03 16:19:56,24.5250,12.00,1.000,9.120,A,#3,HOLDING,1.000A/A
16974,2026-06-03 16:19:58,24.3000,12.00,1.152,9.140,A,#3,HOLDING,2.250A/A
16975,2026-06-03 16:20:00,24.1250,12.00,1.152,9.140,A,#3,HOLDING,2.251A/A
16976,2026-06-03 16:20:02,23.8875,12.00,1.152,9.140,A,#3,HOLDING,2.229A/A
16977,2026-06-03 16:20:03,23.6875,12.00,1.152,9.140,A,#3,HOLDING,2.207A/A
16978,2026-06-03 16:20:05,23.4875,12.00,1.436,17.100,A,#3,HOLDING,1.500A/A
16979,2026-06-03 16:20:08,23.2875,12.00,1.436,17.100,A,#3,HOLDING,2.128A/A
16980,2026-06-03 16:20:09,23.1125,12.00,1.436,17.100,A,#3,HOLDING,1.000A/A
16981,2026-06-03 16:20:11,22.9125,9.03,1.436,17.100,A,#3,HOLDING,2.070A/A
16982,2026-06-03 16:20:13,22.7000,9.03,1.428,17.028,A,#3,HOLDING,1.995A/A
16983,2026-06-03 16:20:15,22.5000,9.03,1.428,17.028,A,#3,HOLDING,1.903A/A
16984,2026-06-03 16:20:17,22.3250,9.03,1.428,17.028,A,#3,HOLDING,1.500A/A
16985,2026-06-03 16:20:19,22.1250,12.00,1.428,17.028,A,#3,HOLDING,1.820A/A
16986,2026-06-03 16:20:21,21.9500,12.00,1.420,16.932,A,#3,HOLDING,1.720A/A
16987,2026-06-03 16:20:23,21.7500,12.00,1.420,16.932,A,#3,HOLDING,1.000A/A
16988,2026-06-03 16:20:25,21.5750,12.00,1.420,16.932,A,#3,HOLDING,1.582A/A
16989,2026-06-03 16:20:26,21.3750,12.00,1.420,16.932,A,#3,HOLDING,1.000A/A
16990,2026-06-03 16:20:28,21.2000,12.00,1.076,9.300,A,#3,HOLDING,1.000A/A
16991,2026-06-03 16:20:31,21.0500,12.00,1.076,9.300,A,#3,HOLDING,1.491A/A
16992,2026-06-03 16:20:32,20.8625,12.00,1.076,9.300,A,#3,HOLDING,1.000A/A
16993,2026-06-03 16:20:34,20.6875,9.12,1.076,9.300,A,#3,HOLDING,1.364A/A
16994,2026-06-03 16:20:36,20.5125,9.12,1.340,15.945,A,#3,HOLDING,1.000A/A
16995,2026-06-03 16:20:38,20.3625,9.12,1.340,15.945,A,#3,HOLDING,1.210A/A
16996,2026-06-03 16:20:40,20.2125,9.12,1.340,15.945,A,#3,HOLDING,1.000A/A
16997,2026-06-03 16:20:42,20.0625,9.14,1.340,15.945,A,#3,HOLDING,1.066A/A
16998,2026-06-03 16:20:44,19.9250,9.14,1.066,10.372,A,#3,HOLDING,0.898A/A
16999,2026-06-03 16:20:46,19.7750,9.14,1.066,10.372,A,#3,HOLDING,0.678A/A
17000,2026-06-03 16:20:48,19.6750,9.14,1.066,10.372,A,#3,HOLDING,0.525A/A
17001,2026-06-03 16:20:50,19.5250,5.59,1.066,10.372,A,#3,HOLDING,0.338A/A
17002,2026-06-03 16:20:51,19.4125,5.59,0.338,1.446,A,#3,HOLDING,0.152A/A
17003,2026-06-03 16:20:54,19.2875,5.59,0.338,1.446,OFF,#3,HOLDING,0.000A/OFF
17004,2026-06-03 16:20:55,19.1750,5.59,0.338,1.446,OFF,#3,HOLDING,0.204A/B
17005,2026-06-03 16:20:57,19.0750,5.59,0.338,1.446,B,#3,HOLDING,0.410A/B
17006,2026-06-03 16:20:58,19.0750,9.02,0.410,1.446,B,#3,HOLDING,0.576A/B
17007,2026-06-03 16:21:00,18.9875,9.02,0.410,2.355,B,#3,HOLDING,0.772A/B
17008,2026-06-03 16:21:02,18.9125,9.02,0.410,2.355,B,#3,HOLDING,0.948A/B
17009,2026-06-03 16:21:03,18.8750,9.02,0.410,2.355,B,#3,HOLDING,1.130A/B
17010,2026-06-03 16:21:05,18.8500,8.33,0.410,2.355,B,#3,HOLDING,1.334A/B
17011,2026-06-03 16:21:07,18.8250,8.33,1.334,13.340,B,#3,HOLDING,1.000A/B
17012,2026-06-03 16:21:09,18.8750,8.33,1.334,13.340,B,#3,HOLDING,1.000A/B
17013,2026-06-03 16:21:11,18.9125,8.33,1.334,13.340,B,#3,HOLDING,1.500A/B
17014,2026-06-03 16:21:13,18.9625,11.23,1.334,13.340,B,#3,HOLDING,1.000A/B
17015,2026-06-03 16:21:15,19.0500,11.23,1.011,8.170,B,#3,HOLDING,1.511A/B
17016,2026-06-03 16:21:17,19.1750,11.23,1.011,8.170,B,#3,HOLDING,1.750A/B
17017,2026-06-03 16:21:19,19.3000,11.23,1.011,8.170,B,#3,HOLDING,1.895A/B
17018,2026-06-03 16:21:21,19.4500,12.00,1.011,8.170,B,#3,HOLDING,2.066A/B
17019,2026-06-03 16:21:22,19.6125,12.00,1.536,18.180,B,#3,HOLDING,1.500A/B
17020,2026-06-03 16:21:25,19.8125,12.00,1.536,18.180,B,#3,HOLDING,2.000A/B
17021,2026-06-03 16:21:26,20.0000,12.00,1.536,18.180,B,#3,HOLDING,2.000A/B
17022,2026-06-03 16:21:28,20.2250,12.00,1.536,18.180,B,#3,HOLDING,2.191A/B
17023,2026-06-03 16:21:30,20.4625,12.00,1.476,17.472,B,#3,HOLDING,2.317A/B
17024,2026-06-03 16:21:33,20.6875,12.00,1.476,17.472,B,#3,HOLDING,2.000A/B
17025,2026-06-03 16:21:34,20.9250,12.00,1.476,17.472,B,#3,HOLDING,1.000A/B
17026,2026-06-03 16:21:36,21.1750,8.99,1.476,17.472,B,#3,HOLDING,2.452A/B
17027,2026-06-03 16:21:38,21.4625,8.99,1.432,17.004,B,#3,HOLDING,1.000A/B
17028,2026-06-03 16:21:40,21.7375,8.99,1.432,17.004,B,#3,HOLDING,2.473A/B
17029,2026-06-03 16:21:42,22.0000,8.99,1.432,17.004,B,#3,HOLDING,1.000A/B
17030,2026-06-03 16:21:44,22.2750,9.15,1.432,17.004,B,#3,HOLDING,2.500A/B
17031,2026-06-03 16:21:46,22.5625,9.15,1.406,16.704,B,#3,HOLDING,2.498A/B
17032,2026-06-03 16:21:48,22.8375,9.15,1.406,16.704,B,#3,HOLDING,2.564A/B
17033,2026-06-03 16:21:50,23.1000,9.15,1.406,16.704,B,#3,HOLDING,2.000A/B
17034,2026-06-03 16:21:51,23.4000,12.00,1.406,16.704,B,#4,APPROACH,2.000A/B
17035,2026-06-03 16:21:53,23.6625,12.00,1.378,16.704,OFF,#4,HOLDING,0.000A/OFF
17036,2026-06-03 16:21:54,23.6625,12.00,1.378,16.704,OFF,#4,HOLDING,0.000A/OFF
17037,2026-06-03 16:21:55,23.9625,12.00,1.378,0.000,OFF,#4,HOLDING,0.000A/OFF
17038,2026-06-03 16:21:56,23.9625,12.00,1.378,0.000,OFF,#4,HOLDING,0.000A/OFF
17039,2026-06-03 16:21:57,24.2500,12.00,1.378,0.000,OFF,#4,HOLDING,0.000A/OFF
17040,2026-06-03 16:21:58,24.5250,12.00,1.378,0.000,OFF,#4,HOLDING,0.000A/OFF
17041,2026-06-03 16:21:59,24.5250,12.00,1.378,0.000,OFF,#4,HOLDING,0.000A/OFF
17042,2026-06-03 16:22:00,24.7750,12.00,1.378,0.000,OFF,#4,HOLDING,0.000A/OFF
17043,2026-06-03 16:22:01,24.7750,12.00,0.000,0.000,OFF,#4,HOLDING,0.000A/OFF
17044,2026-06-03 16:22:02,25.0000,12.00,0.000,0.000,OFF,#4,HOLDING,0.000A/OFF
17045,2026-06-03 16:22:03,25.0000,12.00,0.000,0.000,OFF,#4,HOLDING,0.000A/OFF
17046,2026-06-03 16:22:04,25.2375,12.00,0.000,0.000,A,#4,HOLDING,0.104A/A
17047,2026-06-03 16:22:06,25.4375,12.00,0.000,0.000,A,#4,HOLDING,0.118A/A
17048,2026-06-03 16:22:07,25.4375,7.59,0.118,0.000,A,#4,HOLDING,0.148A/A
17049,2026-06-03 16:22:09,25.6500,7.59,0.118,0.131,A,#4,HOLDING,0.227A/A
17050,2026-06-03 16:22:11,25.8250,7.59,0.118,0.131,A,#4,HOLDING,0.275A/A
17051,2026-06-03 16:22:13,25.9500,7.59,0.118,0.131,A,#4,HOLDING,0.343A/A
17052,2026-06-03 16:22:14,26.0750,2.68,0.118,0.131,A,#4,HOLDING,0.399A/A
17053,2026-06-03 16:22:16,26.2000,2.68,0.384,1.288,A,#4,HOLDING,0.461A/A
17054,2026-06-03 16:22:19,26.3000,2.68,0.384,1.288,A,#4,HOLDING,0.545A/A
17055,2026-06-03 16:22:20,26.3875,2.68,0.384,1.288,A,#4,HOLDING,0.608A/A
17056,2026-06-03 16:22:22,26.4625,4.93,0.384,1.288,A,#4,HOLDING,0.679A/A
17057,2026-06-03 16:22:24,26.5125,4.93,0.662,3.870,A,#4,HOLDING,0.753A/A
17058,2026-06-03 16:22:26,26.5625,4.93,0.662,3.870,A,#4,HOLDING,0.848A/A
17059,2026-06-03 16:22:28,26.5625,4.93,0.662,3.870,A,#4,HOLDING,0.906A/A
17060,2026-06-03 16:22:30,26.5625,7.33,0.662,3.870,A,#4,HOLDING,0.977A/A
17061,2026-06-03 16:22:32,26.5625,7.33,0.964,7.923,A,#4,HOLDING,1.049A/A
17062,2026-06-03 16:22:34,26.5125,7.33,0.964,7.923,A,#4,HOLDING,1.139A/A
17063,2026-06-03 16:22:36,26.4875,7.33,0.964,7.923,A,#4,HOLDING,1.000A/A
17064,2026-06-03 16:22:37,26.4125,8.25,0.964,7.923,A,#4,HOLDING,1.186A/A
17065,2026-06-03 16:22:39,26.3625,8.25,1.159,11.563,A,#4,HOLDING,1.251A/A
17066,2026-06-03 16:22:42,26.2875,8.25,1.159,11.563,A,#4,HOLDING,1.329A/A
17067,2026-06-03 16:22:43,26.2125,8.25,1.159,11.563,A,#4,HOLDING,1.379A/A
17068,2026-06-03 16:22:45,26.0875,10.96,1.159,11.563,A,#4,HOLDING,1.424A/A
17069,2026-06-03 16:22:47,25.9625,10.96,1.424,16.404,A,#4,HOLDING,1.466A/A
17070,2026-06-03 16:22:49,25.8625,10.96,1.424,16.404,A,#4,HOLDING,1.500A/A
17071,2026-06-03 16:22:51,25.7000,10.96,1.424,16.404,A,#4,HOLDING,1.500A/A
17072,2026-06-03 16:22:53,25.5250,11.93,1.424,16.404,A,#4,HOLDING,1.500A/A
17073,2026-06-03 16:22:55,25.3875,11.93,1.484,17.652,A,#4,HOLDING,1.476A/A
17074,2026-06-03 16:22:57,25.1875,11.93,1.484,17.652,A,#4,HOLDING,1.500A/A
17075,2026-06-03 16:22:59,25.0125,11.93,1.484,17.652,A,#4,HOLDING,1.510A/A
17076,2026-06-03 16:23:01,24.8625,12.00,1.484,17.652,A,#4,HOLDING,1.500A/A
17077,2026-06-03 16:23:02,24.6875,12.00,1.464,17.412,A,#4,HOLDING,1.500A/A
17078,2026-06-03 16:23:05,24.4625,12.00,1.464,17.412,A,#4,HOLDING,1.500A/A
17079,2026-06-03 16:23:06,24.2875,12.00,1.464,17.412,A,#4,HOLDING,1.520A/A
17080,2026-06-03 16:23:08,24.0875,12.00,1.464,17.412,A,#4,HOLDING,1.501A/A
17081,2026-06-03 16:23:10,23.8875,12.00,1.445,17.220,A,#4,HOLDING,1.475A/A
17082,2026-06-03 16:23:12,23.6875,12.00,1.445,17.220,A,#4,HOLDING,1.000A/A
17083,2026-06-03 16:23:14,23.5125,12.00,1.445,17.220,A,#4,HOLDING,1.439A/A
17084,2026-06-03 16:23:16,23.3125,11.94,1.445,17.220,A,#4,HOLDING,1.334A/A
17085,2026-06-03 16:23:18,23.0875,11.94,1.334,15.234,A,#4,HOLDING,1.263A/A
17086,2026-06-03 16:23:20,22.8875,11.94,1.334,15.234,A,#4,HOLDING,1.180A/A
17087,2026-06-03 16:23:22,22.7000,11.94,1.334,15.234,A,#4,HOLDING,1.110A/A
17088,2026-06-03 16:23:24,22.5000,9.82,1.334,15.234,A,#4,HOLDING,1.028A/A
17089,2026-06-03 16:23:25,22.3250,9.82,1.028,9.663,A,#4,HOLDING,0.937A/A
17090,2026-06-03 16:23:28,22.1500,9.82,1.028,9.663,A,#4,HOLDING,0.824A/A
17091,2026-06-03 16:23:29,21.9750,9.82,1.028,9.663,A,#4,HOLDING,0.733A/A
17092,2026-06-03 16:23:31,21.7750,7.17,1.028,9.663,A,#4,HOLDING,0.619A/A
17093,2026-06-03 16:23:33,21.5875,7.17,0.619,3.936,A,#4,HOLDING,0.495A/A
17094,2026-06-03 16:23:36,21.4375,7.17,0.619,3.936,A,#4,HOLDING,0.390A/A
17095,2026-06-03 16:23:37,21.2750,7.17,0.619,3.936,A,#4,HOLDING,0.278A/A
17096,2026-06-03 16:23:39,21.1250,3.53,0.619,3.936,A,#4,HOLDING,0.145A/A
17097,2026-06-03 16:23:41,21.0125,3.53,0.157,3.936,OFF,#4,HOLDING,0.000A/OFF
17098,2026-06-03 16:23:42,21.0125,3.53,0.157,0.337,OFF,#4,HOLDING,0.000A/OFF
17099,2026-06-03 16:23:43,20.8625,3.53,0.157,0.337,B,#4,HOLDING,0.138A/B
17100,2026-06-03 16:23:45,20.7625,3.53,0.157,0.337,B,#4,HOLDING,0.268A/B
17101,2026-06-03 16:23:46,20.6375,1.84,0.157,0.337,B,#4,HOLDING,0.421A/B
17102,2026-06-03 16:23:48,20.5500,1.84,0.343,1.326,B,#4,HOLDING,0.566A/B
17103,2026-06-03 16:23:51,20.4750,1.84,0.343,1.326,B,#4,HOLDING,0.759A/B
17104,2026-06-03 16:23:52,20.4250,1.84,0.343,1.326,B,#4,HOLDING,0.889A/B
17105,2026-06-03 16:23:54,20.3750,6.79,0.343,1.326,B,#4,HOLDING,1.044A/B
17106,2026-06-03 16:23:56,20.3625,6.79,0.966,8.466,B,#4,HOLDING,1.196A/B
17107,2026-06-03 16:23:58,20.3125,6.79,0.966,8.466,B,#4,HOLDING,1.000A/B
17108,2026-06-03 16:24:00,20.3750,6.79,0.966,8.466,B,#4,HOLDING,1.000A/B
17109,2026-06-03 16:24:02,20.4000,8.04,0.966,8.466,B,#4,HOLDING,1.387A/B
17110,2026-06-03 16:24:04,20.4750,8.04,1.192,15.048,B,#4,HOLDING,1.529A/B
17111,2026-06-03 16:24:06,20.5500,8.04,1.192,15.048,B,#4,HOLDING,1.713A/B
17112,2026-06-03 16:24:08,20.6375,8.04,1.192,15.048,B,#4,HOLDING,1.829A/B
17113,2026-06-03 16:24:09,20.7625,12.00,1.192,15.048,B,#4,HOLDING,1.961A/B
17114,2026-06-03 16:24:11,20.9250,12.00,1.524,18.000,B,#4,HOLDING,2.082A/B
17115,2026-06-03 16:24:14,21.0750,12.00,1.524,18.000,B,#4,HOLDING,2.237A/B
17116,2026-06-03 16:24:15,21.2375,12.00,1.524,18.000,B,#4,HOLDING,1.000A/B
17117,2026-06-03 16:24:17,21.4375,8.76,1.524,18.000,B,#4,HOLDING,2.000A/B
17118,2026-06-03 16:24:19,21.6250,8.76,1.249,17.448,B,#4,HOLDING,1.500A/B
17119,2026-06-03 16:24:21,21.8500,8.76,1.249,17.448,B,#4,HOLDING,1.500A/B
17120,2026-06-03 16:24:23,22.0625,8.76,1.249,17.448,B,#4,HOLDING,2.000A/B
17121,2026-06-03 16:24:25,22.2875,12.00,1.249,17.448,B,#4,HOLDING,2.226A/B
17122,2026-06-03 16:24:27,22.5000,12.00,1.431,16.968,B,#4,HOLDING,2.287A/B
17123,2026-06-03 16:24:29,22.7750,12.00,1.431,16.968,B,#4,HOLDING,1.500A/B
17124,2026-06-03 16:24:31,23.0250,12.00,1.431,16.968,B,#4,HOLDING,2.342A/B
17125,2026-06-03 16:24:32,23.2750,12.00,1.431,16.968,B,#4,HOLDING,2.373A/B
17126,2026-06-03 16:24:34,23.5250,12.00,1.396,16.572,B,#4,HOLDING,1.500A/B
17127,2026-06-03 16:24:37,23.8000,12.00,1.396,16.572,B,#4,HOLDING,2.354A/B
17128,2026-06-03 16:24:38,24.0875,12.00,1.396,16.572,B,#4,HOLDING,2.361A/B
17129,2026-06-03 16:24:40,24.3375,12.00,1.396,16.572,B,#4,HOLDING,2.368A/B
17130,2026-06-03 16:24:42,24.5875,12.00,1.370,16.260,B,#4,HOLDING,2.362A/B
17131,2026-06-03 16:24:44,24.8625,12.00,1.370,16.260,B,#4,HOLDING,2.354A/B
17132,2026-06-03 16:24:46,25.1500,12.00,1.370,16.260,B,#4,HOLDING,2.324A/B
17133,2026-06-03 16:24:48,25.4250,12.00,1.370,16.260,B,#4,HOLDING,2.286A/B
17134,2026-06-03 16:24:50,25.7250,12.00,1.348,15.996,B,#4,HOLDING,1.500A/B
17135,2026-06-03 16:24:52,26.0000,12.00,1.348,15.996,B,#4,HOLDING,1.000A/B
17136,2026-06-03 16:24:54,26.2500,12.00,1.348,15.996,B,#4,HOLDING,1.500A/B
17137,2026-06-03 16:24:56,26.5750,12.00,1.348,15.996,B,#4,HOLDING,1.000A/B
17138,2026-06-03 16:24:57,26.8500,12.00,1.136,9.720,B,#4,HOLDING,2.000A/B
17139,2026-06-03 16:25:00,27.1250,12.00,1.136,9.720,B,#4,HOLDING,1.000A/B
17140,2026-06-03 16:25:01,27.4000,12.00,1.136,9.720,B,#4,HOLDING,2.084A/B
17141,2026-06-03 16:25:03,27.6500,12.00,1.136,9.720,B,#4,HOLDING,2.018A/B
17142,2026-06-03 16:25:05,27.9125,12.00,1.320,15.672,B,#4,HOLDING,1.875A/B
17143,2026-06-03 16:25:07,28.1625,12.00,1.320,15.672,B,#4,HOLDING,1.693A/B
17144,2026-06-03 16:25:09,28.4125,12.00,1.320,15.672,B,#4,HOLDING,1.500A/B
17145,2026-06-03 16:25:11,28.6625,12.00,1.320,15.672,B,#4,HOLDING,1.000A/B
17146,2026-06-03 16:25:13,28.8750,12.00,1.131,9.850,B,#4,HOLDING,1.529A/B
17147,2026-06-03 16:25:15,29.1250,12.00,1.131,9.850,B,#4,HOLDING,1.300A/B
17148,2026-06-03 16:25:17,29.3125,12.00,1.131,9.850,B,#4,HOLDING,1.137A/B
17149,2026-06-03 16:25:19,29.5875,10.72,1.131,9.850,B,#4,HOLDING,0.930A/B
17150,2026-06-03 16:25:20,29.8250,10.72,0.991,8.667,B,#4,HOLDING,0.718A/B
17151,2026-06-03 16:25:23,30.0500,10.72,0.991,8.667,B,#4,HOLDING,0.442A/B
17152,2026-06-03 16:25:24,30.2750,10.72,0.991,8.667,B,#4,HOLDING,0.248A/B
17153,2026-06-03 16:25:26,30.5000,10.72,0.991,8.667,OFF,#4,HOLDING,0.000A/OFF
17154,2026-06-03 16:25:27,30.5000,3.97,0.991,8.667,OFF,#4,HOLDING,0.000A/OFF
17155,2026-06-03 16:25:28,30.7500,3.97,0.248,0.982,A,#4,HOLDING,0.245A/A
17156,2026-06-03 16:25:30,30.9500,3.97,0.248,0.982,A,#4,HOLDING,0.501A/A
17157,2026-06-03 16:25:32,31.1250,3.97,0.248,0.982,A,#4,HOLDING,0.733A/A
17158,2026-06-03 16:25:34,31.3250,4.98,0.248,0.982,A,#4,HOLDING,0.986A/A
17159,2026-06-03 16:25:36,31.3250,4.98,0.986,7.148,A,#4,HOLDING,1.230A/A
17160,2026-06-03 16:25:38,31.5750,4.98,0.986,7.148,A,#4,HOLDING,1.500A/A
17161,2026-06-03 16:25:40,31.6250,4.98,0.986,7.148,A,#4,HOLDING,1.576A/A
17162,2026-06-03 16:25:41,31.6750,11.38,0.986,7.148,A,#4,HOLDING,1.000A/A
17163,2026-06-03 16:25:43,31.6875,11.38,1.022,7.780,A,#4,HOLDING,1.843A/A
17164,2026-06-03 16:25:46,31.6875,11.38,1.022,7.780,A,#4,HOLDING,1.000A/A
17165,2026-06-03 16:25:47,31.6250,11.38,1.022,7.780,A,#4,HOLDING,2.175A/A
17166,2026-06-03 16:25:49,31.5750,12.00,1.022,7.780,A,#4,HOLDING,2.438A/A
17167,2026-06-03 16:25:51,31.5250,12.00,1.590,18.816,A,#4,HOLDING,1.000A/A
17168,2026-06-03 16:25:53,31.4250,12.00,1.590,18.816,A,#4,HOLDING,1.500A/A
17169,2026-06-03 16:25:55,31.2750,12.00,1.590,18.816,A,#4,HOLDING,1.500A/A
17170,2026-06-03 16:25:57,31.1250,11.68,1.590,18.816,A,#4,HOLDING,2.500A/A
17171,2026-06-03 16:25:59,30.9500,11.68,1.528,18.180,A,#4,HOLDING,2.500A/A
17172,2026-06-03 16:26:01,30.8000,11.68,1.528,18.180,A,#4,HOLDING,1.000A/A
17173,2026-06-03 16:26:03,30.6125,11.68,1.528,18.180,A,#4,HOLDING,1.500A/A
17174,2026-06-03 16:26:05,30.4375,11.90,1.528,18.180,A,#4,HOLDING,1.500A/A
17175,2026-06-03 16:26:06,30.2000,11.90,1.494,17.760,A,#4,HOLDING,2.000A/A
17176,2026-06-03 16:26:09,29.9750,11.90,1.494,17.760,A,#4,HOLDING,2.602A/A
17177,2026-06-03 16:26:10,29.7500,11.90,1.494,17.760,A,#4,HOLDING,2.756A/A
17178,2026-06-03 16:26:12,29.5000,12.00,1.494,17.760,A,#4,HOLDING,2.500A/A
17179,2026-06-03 16:26:14,29.2875,12.00,1.466,17.448,A,#4,HOLDING,2.919A/A
17180,2026-06-03 16:26:16,29.0625,12.00,1.466,17.448,A,#4,HOLDING,3.000A/A
17181,2026-06-03 16:26:18,28.8125,12.00,1.466,17.448,A,#4,HOLDING,1.500A/A
17182,2026-06-03 16:26:20,28.5625,12.00,1.466,17.448,A,#4,HOLDING,2.500A/A
17183,2026-06-03 16:26:22,28.2875,12.00,1.448,17.244,A,#4,HOLDING,1.500A/A
17184,2026-06-03 16:26:24,28.0375,12.00,1.448,17.244,A,#4,HOLDING,3.000A/A
17185,2026-06-03 16:26:26,27.7875,12.00,1.448,17.244,A,#4,HOLDING,2.000A/A
17186,2026-06-03 16:26:28,27.4875,12.00,1.448,17.244,A,#4,HOLDING,2.981A/A
17187,2026-06-03 16:26:29,27.2500,12.00,1.436,17.088,A,#4,HOLDING,1.000A/A
17188,2026-06-03 16:26:32,26.9750,12.00,1.436,17.088,A,#4,HOLDING,2.000A/A
17189,2026-06-03 16:26:33,26.7000,12.00,1.436,17.088,A,#4,HOLDING,2.000A/A
17190,2026-06-03 16:26:35,26.4500,12.00,1.436,17.088,A,#4,HOLDING,2.000A/A
17191,2026-06-03 16:26:37,26.2250,12.00,1.427,17.004,A,#4,HOLDING,1.500A/A
17192,2026-06-03 16:26:39,25.9750,12.00,1.427,17.004,A,#4,HOLDING,2.000A/A
17193,2026-06-03 16:26:41,25.7500,12.00,1.427,17.004,A,#4,HOLDING,2.995A/A
17194,2026-06-03 16:26:43,25.4750,12.00,1.427,17.004,A,#4,HOLDING,2.930A/A
17195,2026-06-03 16:26:45,25.2500,12.00,1.417,16.896,A,#4,HOLDING,2.500A/A
17196,2026-06-03 16:26:47,25.0000,12.00,1.417,16.896,A,#4,HOLDING,2.500A/A
17197,2026-06-03 16:26:49,24.7500,12.00,1.417,16.896,B,#1,APPROACH,0.309A/B
17198,2026-06-03 16:26:50,24.5000,12.00,1.417,16.896,B,#1,APPROACH,0.470A/B
17199,2026-06-03 16:26:53,24.2875,12.00,1.417,16.896,B,#1,APPROACH,0.663A/B
17200,2026-06-03 16:26:55,24.0875,12.00,1.188,3.480,B,#1,APPROACH,0.869A/B
17201,2026-06-03 16:26:57,23.9125,12.00,1.188,3.480,B,#1,APPROACH,1.088A/B
17202,2026-06-03 16:26:59,23.7625,12.00,1.188,3.480,B,#1,APPROACH,1.247A/B
17203,2026-06-03 16:27:01,23.6750,9.44,1.188,3.480,B,#1,APPROACH,1.429A/B
17204,2026-06-03 16:27:02,23.5750,9.44,1.381,15.618,B,#1,APPROACH,1.615A/B
17205,2026-06-03 16:27:05,23.5875,9.44,1.381,15.618,B,#1,APPROACH,1.500A/B
17206,2026-06-03 16:27:06,23.5375,9.44,1.381,15.618,B,#1,APPROACH,1.000A/B
17207,2026-06-03 16:27:08,23.5750,8.27,1.381,15.618,B,#1,APPROACH,1.500A/B
17208,2026-06-03 16:27:10,23.6250,8.27,1.449,17.850,B,#1,APPROACH,1.830A/B
17209,2026-06-03 16:27:12,23.7000,8.27,1.449,17.850,B,#1,APPROACH,2.050A/B
17210,2026-06-03 16:27:14,23.8000,8.27,1.449,17.850,B,#1,APPROACH,1.000A/B
17211,2026-06-03 16:27:16,23.9250,8.66,1.449,17.850,B,#1,APPROACH,2.184A/B
17212,2026-06-03 16:27:18,24.0500,8.66,1.475,17.496,B,#1,APPROACH,2.341A/B
17213,2026-06-03 16:27:20,24.1625,8.66,1.475,17.496,B,#1,APPROACH,1.500A/B
17214,2026-06-03 16:27:22,24.2875,8.66,1.475,17.496,B,#1,APPROACH,2.535A/B
17215,2026-06-03 16:27:24,24.4875,12.00,1.475,17.496,B,#1,APPROACH,1.500A/B
17216,2026-06-03 16:27:25,24.6625,12.00,1.429,16.956,B,#1,APPROACH,2.000A/B
17217,2026-06-03 16:27:28,24.8500,12.00,1.429,16.956,B,#1,APPROACH,1.000A/B
17218,2026-06-03 16:27:29,25.0500,12.00,1.429,16.956,B,#1,APPROACH,1.000A/B
17219,2026-06-03 16:27:31,25.2375,9.18,1.429,16.956,B,#1,APPROACH,1.500A/B
17220,2026-06-03 16:27:33,25.4625,9.18,1.196,16.560,B,#1,APPROACH,2.500A/B
17221,2026-06-03 16:27:35,25.6750,9.18,1.196,16.560,B,#1,APPROACH,1.000A/B
17222,2026-06-03 16:27:37,25.8750,9.18,1.196,16.560,B,#1,APPROACH,2.549A/B
17223,2026-06-03 16:27:39,26.1125,12.00,1.196,16.560,B,#1,APPROACH,2.500A/B
17224,2026-06-03 16:27:41,26.3125,12.00,1.367,16.248,B,#1,APPROACH,2.612A/B
17225,2026-06-03 16:27:43,26.5500,12.00,1.367,16.248,B,#1,APPROACH,1.500A/B
17226,2026-06-03 16:27:45,26.7750,12.00,1.367,16.248,B,#1,APPROACH,1.500A/B
17227,2026-06-03 16:27:46,27.0250,12.00,1.367,16.248,B,#1,APPROACH,2.500A/B
17228,2026-06-03 16:27:48,27.2750,12.00,1.343,15.960,B,#1,APPROACH,1.000A/B
17229,2026-06-03 16:27:51,27.5000,12.00,1.343,15.960,B,#1,HOLDING,2.500A/B
17230,2026-06-03 16:27:52,27.7500,12.00,1.343,15.960,OFF,#1,HOLDING,0.000A/OFF
17231,2026-06-03 16:27:53,27.7500,12.00,1.343,15.960,OFF,#1,HOLDING,0.000A/OFF
17232,2026-06-03 16:27:54,27.9750,12.00,1.343,15.960,OFF,#1,HOLDING,0.000A/OFF
17233,2026-06-03 16:27:55,27.9750,12.00,1.327,15.960,OFF,#1,HOLDING,0.000A/OFF
17234,2026-06-03 16:27:56,28.2500,12.00,1.327,0.000,OFF,#1,HOLDING,0.000A/OFF
17235,2026-06-03 16:27:57,28.2500,12.00,1.327,0.000,OFF,#1,HOLDING,0.000A/OFF
17236,2026-06-03 16:27:58,28.4625,12.00,1.327,0.000,OFF,#1,HOLDING,0.000A/OFF
17237,2026-06-03 16:27:59,28.4625,12.00,1.327,0.000,OFF,#1,HOLDING,0.000A/OFF
17238,2026-06-03 16:28:00,28.6875,12.00,1.327,0.000,OFF,#1,HOLDING,0.000A/OFF
17239,2026-06-03 16:28:01,28.6875,12.00,0.000,0.000,OFF,#1,HOLDING,0.000A/OFF
17240,2026-06-03 16:28:02,28.9250,12.00,0.000,0.000,OFF,#1,HOLDING,0.000A/OFF
17241,2026-06-03 16:28:03,29.1250,12.00,0.000,0.000,OFF,#1,HOLDING,0.000A/OFF
17242,2026-06-03 16:28:04,29.1250,12.00,0.000,0.000,OFF,#1,HOLDING,0.000A/OFF
17243,2026-06-03 16:28:05,29.2750,12.00,0.000,0.000,OFF,#1,HOLDING,0.000A/OFF
17244,2026-06-03 16:28:06,29.2750,12.00,0.000,0.000,OFF,#1,HOLDING,0.000A/OFF
17245,2026-06-03 16:28:07,29.4500,12.00,0.000,0.000,OFF,#1,HOLDING,0.000A/OFF
17246,2026-06-03 16:28:08,29.4500,12.00,0.000,0.000,OFF,#1,HOLDING,0.000A/OFF
17247,2026-06-03 16:28:09,29.5750,12.00,0.000,0.000,A,#1,HOLDING,0.168A/A
17248,2026-06-03 16:28:11,29.7000,12.00,0.000,0.000,A,#1,HOLDING,0.203A/A
17249,2026-06-03 16:28:13,29.7000,12.00,0.000,0.000,A,#1,HOLDING,0.240A/A
17250,2026-06-03 16:28:15,29.8000,1.59,0.000,0.000,A,#1,HOLDING,0.275A/A
17251,2026-06-03 16:28:16,29.9000,1.59,0.259,0.561,A,#1,HOLDING,0.331A/A
17252,2026-06-03 16:28:19,30.0250,1.59,0.259,0.561,A,#1,HOLDING,0.420A/A
17253,2026-06-03 16:28:20,30.0250,1.59,0.259,0.561,A,#1,HOLDING,0.457A/A
17254,2026-06-03 16:28:22,30.0375,3.62,0.259,0.561,A,#1,HOLDING,0.506A/A
17255,2026-06-03 16:28:24,30.0125,3.62,0.485,2.110,A,#1,HOLDING,0.548A/A
17256,2026-06-03 16:28:27,30.0000,3.62,0.485,2.110,A,#1,HOLDING,0.618A/A
17257,2026-06-03 16:28:28,30.0000,3.62,0.485,2.110,A,#1,HOLDING,0.665A/A
17258,2026-06-03 16:28:30,29.9625,5.44,0.485,2.110,A,#1,HOLDING,0.716A/A
17259,2026-06-03 16:28:32,29.8875,5.44,0.696,4.281,A,#1,HOLDING,0.757A/A
17260,2026-06-03 16:28:34,29.7625,5.44,0.696,4.281,A,#1,HOLDING,0.801A/A
17261,2026-06-03 16:28:36,29.7625,5.44,0.696,4.281,A,#1,HOLDING,0.845A/A
17262,2026-06-03 16:28:38,29.6750,7.00,0.696,4.281,A,#1,HOLDING,0.883A/A
17263,2026-06-03 16:28:40,29.5750,7.00,0.868,6.569,A,#1,HOLDING,0.918A/A
17264,2026-06-03 16:28:42,29.3625,7.00,0.868,6.569,A,#1,HOLDING,0.889A/A
17265,2026-06-03 16:28:43,29.3625,7.00,0.868,6.569,A,#1,HOLDING,0.925A/A
17266,2026-06-03 16:28:45,29.3000,7.71,0.868,6.569,A,#1,HOLDING,0.959A/A
17267,2026-06-03 16:28:47,29.1250,7.71,0.959,7.825,A,#1,HOLDING,0.981A/A
17268,2026-06-03 16:28:50,28.8625,7.71,0.959,7.825,A,#1,HOLDING,0.980A/A
17269,2026-06-03 16:28:51,28.8625,7.71,0.959,7.825,A,#1,HOLDING,0.997A/A
17270,2026-06-03 16:28:53,28.7000,8.41,0.959,7.825,A,#1,HOLDING,1.006A/A
17271,2026-06-03 16:28:55,28.5500,8.41,1.006,8.722,A,#1,HOLDING,1.014A/A
17272,2026-06-03 16:28:57,28.1875,8.41,1.006,8.722,A,#1,HOLDING,0.972A/A
17273,2026-06-03 16:28:59,28.1875,8.41,1.006,8.722,A,#1,HOLDING,0.977A/A
17274,2026-06-03 16:29:01,28.0125,8.43,1.006,8.722,A,#1,HOLDING,0.956A/A
17275,2026-06-03 16:29:03,27.8125,8.43,0.956,8.059,A,#1,HOLDING,0.938A/A
17276,2026-06-03 16:29:05,27.4375,8.43,0.956,8.059,A,#1,HOLDING,0.805A/A
17277,2026-06-03 16:29:07,27.4375,8.43,0.956,8.059,A,#1,HOLDING,0.788A/A
17278,2026-06-03 16:29:08,27.2250,7.13,0.956,8.059,A,#1,HOLDING,0.727A/A
17279,2026-06-03 16:29:10,27.0250,7.13,0.727,4.950,A,#1,HOLDING,0.671A/A
17280,2026-06-03 16:29:13,26.6250,7.13,0.727,4.950,A,#1,HOLDING,0.528A/A
17281,2026-06-03 16:29:14,26.6250,7.13,0.727,4.950,A,#1,HOLDING,0.490A/A
17282,2026-06-03 16:29:16,26.4500,4.96,0.727,4.950,A,#1,HOLDING,0.407A/A
17283,2026-06-03 16:29:18,26.2500,4.96,0.407,1.782,A,#1,HOLDING,0.325A/A
17284,2026-06-03 16:29:20,25.8625,4.96,0.407,1.782,A,#1,HOLDING,0.146A/A
17285,2026-06-03 16:29:22,25.8625,4.96,0.407,1.782,OFF,#1,HOLDING,0.000A/OFF
17286,2026-06-03 16:29:23,25.7000,4.96,0.407,1.782,OFF,#1,HOLDING,0.000A/OFF
17287,2026-06-03 16:29:24,25.7000,12.00,0.407,1.782,OFF,#1,HOLDING,0.000A/OFF
17288,2026-06-03 16:29:25,25.5000,12.00,0.000,0.000,B,#1,HOLDING,0.131A/B
17289,2026-06-03 16:29:27,25.3375,12.00,0.000,0.000,B,#1,HOLDING,0.222A/B
17290,2026-06-03 16:29:29,25.1875,12.00,0.000,0.000,B,#1,HOLDING,0.341A/B
17291,2026-06-03 16:29:31,25.0250,2.60,0.000,0.000,B,#1,HOLDING,0.472A/B
17292,2026-06-03 16:29:32,24.8750,2.60,0.472,1.798,B,#1,HOLDING,0.614A/B
17293,2026-06-03 16:29:35,24.7750,2.60,0.472,1.798,B,#1,HOLDING,0.793A/B
17294,2026-06-03 16:29:36,24.6750,2.60,0.472,1.798,B,#1,HOLDING,0.919A/B
17295,2026-06-03 16:29:38,24.5875,7.22,0.472,1.798,B,#1,HOLDING,1.067A/B
17296,2026-06-03 16:29:40,24.5125,7.22,0.989,9.101,B,#1,HOLDING,1.217A/B
17297,2026-06-03 16:29:43,24.4250,7.22,0.989,9.101,B,#1,HOLDING,1.414A/B
17298,2026-06-03 16:29:44,24.3750,7.22,0.989,9.101,B,#1,HOLDING,1.000A/B
17299,2026-06-03 16:29:46,24.3750,8.27,0.989,9.101,B,#1,HOLDING,1.544A/B
17300,2026-06-03 16:29:48,24.3750,8.27,1.263,18.204,B,#1,HOLDING,1.500A/B
17301,2026-06-03 16:29:50,24.3875,8.27,1.263,18.204,B,#1,HOLDING,1.500A/B
17302,2026-06-03 16:29:52,24.4375,8.27,1.263,18.204,B,#1,HOLDING,1.686A/B
17303,2026-06-03 16:29:54,24.5000,12.00,1.263,18.204,B,#1,HOLDING,1.831A/B
17304,2026-06-03 16:29:56,24.5750,12.00,1.482,17.520,B,#1,HOLDING,1.970A/B
17305,2026-06-03 16:29:58,24.6625,12.00,1.482,17.520,B,#1,HOLDING,2.148A/B
17306,2026-06-03 16:30:00,24.7625,12.00,1.482,17.520,B,#1,HOLDING,2.260A/B
17307,2026-06-03 16:30:01,24.9125,12.00,1.482,17.520,B,#1,HOLDING,2.385A/B
17308,2026-06-03 16:30:03,25.0375,12.00,1.432,16.956,B,#1,HOLDING,2.500A/B
17309,2026-06-03 16:30:06,25.1750,12.00,1.432,16.956,B,#1,HOLDING,2.498A/B
17310,2026-06-03 16:30:07,25.3750,12.00,1.432,16.956,B,#1,HOLDING,2.000A/B
17311,2026-06-03 16:30:09,25.5500,12.00,1.432,16.956,B,#1,HOLDING,1.000A/B
17312,2026-06-03 16:30:11,25.7250,12.00,1.202,9.320,B,#1,HOLDING,2.500A/B
17313,2026-06-03 16:30:13,25.9250,12.00,1.202,9.320,B,#1,HOLDING,2.500A/B
17314,2026-06-03 16:30:15,26.1250,12.00,1.202,9.320,B,#1,HOLDING,1.500A/B
17315,2026-06-03 16:30:17,26.2750,12.00,1.202,9.320,B,#1,HOLDING,1.500A/B
17316,2026-06-03 16:30:19,26.5000,12.00,1.376,16.308,B,#1,HOLDING,2.482A/B
17317,2026-06-03 16:30:21,26.6750,12.00,1.376,16.308,B,#1,HOLDING,2.000A/B
17318,2026-06-03 16:30:23,26.8750,12.00,1.376,16.308,B,#1,HOLDING,1.500A/B
17319,2026-06-03 16:30:24,27.0875,12.00,1.376,16.308,B,#1,HOLDING,1.000A/B
17320,2026-06-03 16:30:26,27.3125,12.00,1.176,9.590,B,#1,HOLDING,2.000A/B
17321,2026-06-03 16:30:29,27.5500,12.00,1.176,9.590,B,#1,HOLDING,1.000A/B
17322,2026-06-03 16:30:30,27.7250,12.00,1.176,9.590,B,#1,HOLDING,2.470A/B
17323,2026-06-03 16:30:32,27.9375,12.00,1.176,9.590,B,#1,HOLDING,2.494A/B
17324,2026-06-03 16:30:34,28.1875,12.00,1.339,15.888,B,#1,HOLDING,1.000A/B
17325,2026-06-03 16:30:36,28.3875,12.00,1.339,15.888,B,#1,HOLDING,1.000A/B
17326,2026-06-03 16:30:38,28.5625,12.00,1.339,15.888,B,#1,HOLDING,2.506A/B
17327,2026-06-03 16:30:40,28.8000,12.00,1.339,15.888,B,#1,HOLDING,1.500A/B
17328,2026-06-03 16:30:42,29.0000,12.00,1.325,15.744,B,#1,HOLDING,1.500A/B
17329,2026-06-03 16:30:44,29.1875,12.00,1.325,15.744,B,#1,HOLDING,2.494A/B
17330,2026-06-03 16:30:46,29.4125,12.00,1.325,15.744,B,#2,APPROACH,2.461A/B
17331,2026-06-03 16:30:47,29.6125,7.52,1.325,15.744,A,#2,APPROACH,0.228A/A
17332,2026-06-03 16:30:50,29.8125,7.52,0.000,15.744,A,#2,APPROACH,0.298A/A
17333,2026-06-03 16:30:52,30.0500,7.52,0.000,0.000,A,#2,APPROACH,0.395A/A
17334,2026-06-03 16:30:54,30.2500,7.52,0.000,0.000,A,#2,APPROACH,0.519A/A
17335,2026-06-03 16:30:55,30.3875,7.52,0.000,0.000,A,#2,APPROACH,0.621A/A
17336,2026-06-03 16:30:57,30.5625,4.42,0.000,0.000,A,#2,APPROACH,0.759A/A
17337,2026-06-03 16:30:59,30.6750,4.42,0.688,4.402,A,#2,APPROACH,0.909A/A
17338,2026-06-03 16:31:02,30.8000,4.42,0.688,4.402,A,#2,APPROACH,1.000A/A
17339,2026-06-03 16:31:03,30.9125,4.42,0.688,4.402,A,#2,APPROACH,1.000A/A
17340,2026-06-03 16:31:05,30.9875,7.75,0.688,4.402,A,#2,APPROACH,1.139A/A
17341,2026-06-03 16:31:07,31.0375,7.75,1.067,10.102,A,#2,APPROACH,1.343A/A
17342,2026-06-03 16:31:09,31.0625,7.75,1.067,10.102,A,#2,APPROACH,1.000A/A
17343,2026-06-03 16:31:11,31.0500,7.75,1.067,10.102,A,#2,APPROACH,1.602A/A
17344,2026-06-03 16:31:13,31.0000,11.97,1.067,10.102,A,#2,APPROACH,1.798A/A
17345,2026-06-03 16:31:15,30.9375,11.97,1.586,18.708,A,#2,APPROACH,1.994A/A
17346,2026-06-03 16:31:17,30.8375,11.97,1.586,18.708,A,#2,APPROACH,1.500A/A
17347,2026-06-03 16:31:19,30.7625,11.97,1.586,18.708,A,#2,APPROACH,1.000A/A
17348,2026-06-03 16:31:20,30.6125,8.39,1.586,18.708,A,#2,APPROACH,2.224A/A
17349,2026-06-03 16:31:22,30.4875,8.39,1.275,18.156,A,#2,APPROACH,1.000A/A
17350,2026-06-03 16:31:25,30.3375,8.39,1.275,18.156,A,#2,APPROACH,1.000A/A
17351,2026-06-03 16:31:26,30.1625,8.39,1.275,18.156,A,#2,APPROACH,1.500A/A
17352,2026-06-03 16:31:28,29.9875,11.90,1.275,18.156,A,#2,APPROACH,2.370A/A
17353,2026-06-03 16:31:30,29.7625,11.90,1.497,17.820,A,#2,APPROACH,1.000A/A
17354,2026-06-03 16:31:32,29.5875,11.90,1.497,17.820,A,#2,APPROACH,2.500A/A
17355,2026-06-03 16:31:34,29.3875,11.90,1.497,17.820,A,#2,APPROACH,1.000A/A
17356,2026-06-03 16:31:36,29.1625,8.79,1.497,17.820,A,#2,APPROACH,1.500A/A
17357,2026-06-03 16:31:38,28.9125,8.79,1.278,17.484,A,#2,APPROACH,1.500A/A
17358,2026-06-03 16:31:40,28.6875,8.79,1.278,17.484,A,#2,APPROACH,2.457A/A
17359,2026-06-03 16:31:42,28.4875,8.79,1.278,17.484,A,#2,APPROACH,1.500A/A
17360,2026-06-03 16:31:43,28.2625,12.00,1.278,17.484,A,#2,APPROACH,2.483A/A
17361,2026-06-03 16:31:45,28.0000,12.00,1.453,17.304,A,#2,APPROACH,2.553A/A
17362,2026-06-03 16:31:48,27.7500,12.00,1.453,17.304,A,#2,APPROACH,2.653A/A
17363,2026-06-03 16:31:49,27.5375,12.00,1.453,17.304,A,#2,APPROACH,2.706A/A
17364,2026-06-03 16:31:51,27.2875,12.00,1.453,17.304,A,#2,APPROACH,1.000A/A
17365,2026-06-03 16:31:53,27.0125,12.00,1.220,9.140,A,#2,APPROACH,2.000A/A
17366,2026-06-03 16:31:55,26.7875,12.00,1.220,9.140,A,#2,APPROACH,2.500A/A
17367,2026-06-03 16:31:57,26.5625,12.00,1.220,9.140,A,#2,APPROACH,2.500A/A
17368,2026-06-03 16:31:59,26.3125,12.00,1.220,9.140,A,#2,HOLDING,2.500A/A
17369,2026-06-03 16:32:01,26.0375,12.00,1.432,9.140,OFF,#2,HOLDING,0.000A/OFF
17370,2026-06-03 16:32:02,25.8125,12.00,1.432,17.052,OFF,#2,HOLDING,0.000A/OFF
17371,2026-06-03 16:32:03,25.8125,12.00,1.432,17.052,OFF,#2,HOLDING,0.000A/OFF
17372,2026-06-03 16:32:04,25.6000,12.00,1.432,17.052,OFF,#2,HOLDING,0.000A/OFF
17373,2026-06-03 16:32:05,25.6000,12.00,1.432,17.052,OFF,#2,HOLDING,0.000A/OFF
17374,2026-06-03 16:32:06,25.3250,12.00,1.432,17.052,OFF,#2,HOLDING,0.000A/OFF
17375,2026-06-03 16:32:07,25.3250,12.00,1.432,17.052,OFF,#2,HOLDING,0.000A/OFF
17376,2026-06-03 16:32:08,25.1250,12.00,0.000,17.052,OFF,#2,HOLDING,0.000A/OFF
17377,2026-06-03 16:32:09,25.1250,12.00,0.000,0.000,OFF,#2,HOLDING,0.000A/OFF
17378,2026-06-03 16:32:10,24.8750,12.00,0.000,0.000,OFF,#2,HOLDING,0.000A/OFF
17379,2026-06-03 16:32:11,24.8750,12.00,0.000,0.000,OFF,#2,HOLDING,0.000A/OFF
17380,2026-06-03 16:32:12,24.7000,12.00,0.000,0.000,B,#2,HOLDING,0.102A/B
17381,2026-06-03 16:32:13,24.5250,12.00,0.000,0.000,B,#2,HOLDING,0.109A/B
17382,2026-06-03 16:32:15,24.3625,12.00,0.000,0.045,B,#2,HOLDING,0.224A/B
17383,2026-06-03 16:32:17,24.3625,12.00,0.000,0.045,B,#2,HOLDING,0.230A/B
17384,2026-06-03 16:32:18,24.2125,12.00,0.000,0.045,B,#2,HOLDING,0.276A/B
17385,2026-06-03 16:32:20,24.1125,2.02,0.000,0.045,B,#2,HOLDING,0.325A/B
17386,2026-06-03 16:32:22,23.9625,2.02,0.325,0.825,B,#2,HOLDING,0.405A/B
17387,2026-06-03 16:32:24,23.8875,2.02,0.325,0.825,B,#2,HOLDING,0.474A/B
17388,2026-06-03 16:32:26,23.7875,2.02,0.325,0.825,B,#2,HOLDING,0.535A/B
17389,2026-06-03 16:32:28,23.7125,4.38,0.325,0.825,B,#2,HOLDING,0.598A/B
17390,2026-06-03 16:32:30,23.6375,4.38,0.598,3.013,B,#2,HOLDING,0.673A/B
17391,2026-06-03 16:32:32,23.6125,4.38,0.598,3.013,B,#2,HOLDING,0.754A/B
17392,2026-06-03 16:32:34,23.5375,4.38,0.598,3.013,B,#2,HOLDING,0.822A/B
17393,2026-06-03 16:32:36,23.5250,6.75,0.598,3.013,B,#2,HOLDING,0.889A/B
17394,2026-06-03 16:32:37,23.5000,6.75,0.889,6.605,B,#2,HOLDING,0.966A/B
17395,2026-06-03 16:32:40,23.5250,6.75,0.889,6.605,B,#2,HOLDING,1.046A/B
17396,2026-06-03 16:32:41,23.5000,6.75,0.889,6.605,B,#2,HOLDING,1.114A/B
17397,2026-06-03 16:32:43,23.5625,9.10,0.889,6.605,B,#2,HOLDING,1.173A/B
17398,2026-06-03 16:32:45,23.5875,9.10,1.141,11.389,B,#2,HOLDING,1.242A/B
17399,2026-06-03 16:32:47,23.6375,9.10,1.141,11.389,B,#2,HOLDING,1.322A/B
17400,2026-06-03 16:32:49,23.7375,9.10,1.141,11.389,B,#2,HOLDING,1.368A/B
17401,2026-06-03 16:32:51,23.8125,11.13,1.141,11.389,B,#2,HOLDING,1.421A/B
17402,2026-06-03 16:32:53,23.9125,11.13,1.392,16.654,B,#2,HOLDING,1.469A/B
17403,2026-06-03 16:32:55,24.0500,11.13,1.392,16.654,B,#2,HOLDING,1.532A/B
17404,2026-06-03 16:32:57,24.1500,11.13,1.392,16.654,B,#2,HOLDING,1.566A/B
17405,2026-06-03 16:32:59,24.2875,12.00,1.392,16.654,B,#2,HOLDING,1.601A/B
17406,2026-06-03 16:33:00,24.4375,12.00,1.437,16.992,B,#2,HOLDING,1.629A/B
17407,2026-06-03 16:33:03,24.6125,12.00,1.437,16.992,B,#2,HOLDING,1.616A/B
17408,2026-06-03 16:33:04,24.8125,12.00,1.437,16.992,B,#2,HOLDING,1.000A/B
17409,2026-06-03 16:33:06,24.9375,9.13,1.437,16.992,B,#2,HOLDING,1.500A/B
17410,2026-06-03 16:33:08,25.1375,9.13,1.199,16.620,B,#2,HOLDING,1.628A/B
17411,2026-06-03 16:33:11,25.3625,9.13,1.199,16.620,B,#2,HOLDING,1.640A/B
17412,2026-06-03 16:33:12,25.5625,9.13,1.199,16.620,B,#2,HOLDING,1.629A/B
17413,2026-06-03 16:33:14,25.7750,12.00,1.199,16.620,B,#2,HOLDING,1.616A/B
17414,2026-06-03 16:33:16,25.9500,12.00,1.372,16.248,B,#2,HOLDING,1.599A/B
17415,2026-06-03 16:33:18,26.1750,12.00,1.372,16.248,B,#2,HOLDING,1.571A/B
17416,2026-06-03 16:33:20,26.3750,12.00,1.372,16.248,B,#2,HOLDING,1.500A/B
17417,2026-06-03 16:33:22,26.6125,12.00,1.372,16.248,B,#2,HOLDING,1.478A/B
17418,2026-06-03 16:33:24,26.8125,12.00,1.351,16.020,B,#2,HOLDING,1.416A/B
17419,2026-06-03 16:33:26,27.0625,12.00,1.351,16.020,B,#2,HOLDING,1.332A/B
17420,2026-06-03 16:33:28,27.2875,12.00,1.351,16.020,B,#2,HOLDING,1.259A/B
17421,2026-06-03 16:33:29,27.5250,11.39,1.351,16.020,B,#2,HOLDING,1.167A/B
17422,2026-06-03 16:33:31,27.7500,11.39,1.210,12.720,B,#2,HOLDING,1.069A/B
17423,2026-06-03 16:33:34,27.9875,11.39,1.210,12.720,B,#2,HOLDING,0.945A/B
17424,2026-06-03 16:33:35,28.2375,11.39,1.210,12.720,B,#2,HOLDING,0.838A/B
17425,2026-06-03 16:33:37,28.4875,8.45,1.210,12.720,B,#2,HOLDING,0.710A/B
17426,2026-06-03 16:33:39,28.7125,8.45,0.772,5.374,B,#2,HOLDING,0.635A/B
17427,2026-06-03 16:33:41,28.9375,8.45,0.772,5.374,B,#2,HOLDING,0.465A/B
17428,2026-06-03 16:33:43,29.1625,8.45,0.772,5.374,B,#2,HOLDING,0.336A/B
17429,2026-06-03 16:33:45,29.4000,4.58,0.772,5.374,B,#2,HOLDING,0.176A/B
17430,2026-06-03 16:33:47,29.6250,4.58,0.255,5.374,OFF,#2,HOLDING,0.000A/OFF
17431,2026-06-03 16:33:48,29.8000,4.58,0.255,0.563,OFF,#2,HOLDING,0.000A/OFF
17432,2026-06-03 16:33:49,29.8000,4.58,0.255,0.563,A,#2,HOLDING,0.165A/A
17433,2026-06-03 16:33:50,30.0000,4.58,0.255,0.563,A,#2,HOLDING,0.326A/A
17434,2026-06-03 16:33:52,30.1125,1.96,0.255,0.563,A,#2,HOLDING,0.497A/A
17435,2026-06-03 16:33:54,30.3125,1.96,0.450,1.774,A,#2,HOLDING,0.695A/A
17436,2026-06-03 16:33:56,30.4125,1.96,0.450,1.774,A,#2,HOLDING,0.930A/A
17437,2026-06-03 16:33:58,30.5125,1.96,0.450,1.774,A,#2,HOLDING,1.096A/A
17438,2026-06-03 16:34:00,30.6125,8.22,0.450,1.774,A,#2,HOLDING,1.289A/A
17439,2026-06-03 16:34:02,30.6875,8.22,1.220,12.593,A,#2,HOLDING,1.486A/A
17440,2026-06-03 16:34:04,30.6875,8.22,1.220,12.593,A,#2,HOLDING,1.729A/A
17441,2026-06-03 16:34:06,30.7375,8.22,1.220,12.593,A,#2,HOLDING,1.899A/A
17442,2026-06-03 16:34:08,30.6875,12.00,1.220,12.593,A,#2,HOLDING,2.087A/A
17443,2026-06-03 16:34:09,30.6375,12.00,1.591,18.840,A,#2,HOLDING,2.000A/A
17444,2026-06-03 16:34:12,30.5625,12.00,1.591,18.840,A,#2,HOLDING,1.000A/A
17445,2026-06-03 16:34:13,30.4875,12.00,1.591,18.840,A,#2,HOLDING,1.500A/A
17446,2026-06-03 16:34:15,30.3625,11.57,1.591,18.840,A,#2,HOLDING,2.244A/A
17447,2026-06-03 16:34:17,30.2375,11.57,1.530,18.204,A,#2,HOLDING,2.409A/A
17448,2026-06-03 16:34:19,30.0750,11.57,1.530,18.204,A,#2,HOLDING,2.617A/A
17449,2026-06-03 16:34:21,29.8750,11.57,1.530,18.204,A,#2,HOLDING,2.000A/A
17450,2026-06-03 16:34:23,29.7250,12.00,1.530,18.204,A,#2,HOLDING,2.500A/A
17451,2026-06-03 16:34:25,29.5250,12.00,1.499,17.820,A,#2,HOLDING,2.500A/A
17452,2026-06-03 16:34:27,29.3500,12.00,1.499,17.820,A,#2,HOLDING,2.718A/A
17453,2026-06-03 16:34:29,29.1250,12.00,1.499,17.820,A,#2,HOLDING,1.500A/A
17454,2026-06-03 16:34:31,28.9125,12.00,1.499,17.820,A,#2,HOLDING,2.500A/A
17455,2026-06-03 16:34:32,28.6625,12.00,1.471,17.508,A,#2,HOLDING,2.500A/A
17456,2026-06-03 16:34:35,28.4500,12.00,1.471,17.508,A,#2,HOLDING,2.735A/A
17457,2026-06-03 16:34:36,28.2250,12.00,1.471,17.508,A,#2,HOLDING,1.000A/A
17458,2026-06-03 16:34:38,27.9500,8.88,1.471,17.508,A,#2,HOLDING,1.000A/A
17459,2026-06-03 16:34:40,27.7250,8.88,1.000,9.060,A,#2,HOLDING,1.000A/A
17460,2026-06-03 16:34:43,27.4500,8.88,1.000,9.060,A,#2,HOLDING,2.500A/A
17461,2026-06-03 16:34:44,27.2250,8.88,1.000,9.060,A,#2,HOLDING,2.000A/A
17462,2026-06-03 16:34:46,27.0000,12.00,1.000,9.060,A,#2,HOLDING,2.749A/A
17463,2026-06-03 16:34:48,26.7500,12.00,1.452,17.268,A,#2,HOLDING,2.780A/A
17464,2026-06-03 16:34:50,26.5125,12.00,1.452,17.268,A,#2,HOLDING,2.500A/A
17465,2026-06-03 16:34:52,26.2875,12.00,1.452,17.268,A,#2,HOLDING,2.500A/A
17466,2026-06-03 16:34:54,26.0625,12.00,1.452,17.268,A,#2,HOLDING,2.000A/A
17467,2026-06-03 16:34:56,25.8125,12.00,1.435,17.100,A,#2,HOLDING,2.000A/A
17468,2026-06-03 16:34:58,25.5750,12.00,1.435,17.100,A,#2,HOLDING,1.500A/A
17469,2026-06-03 16:34:59,25.3750,12.00,1.435,17.100,A,#2,HOLDING,2.000A/A
17470,2026-06-03 16:35:01,25.1375,12.00,1.435,17.100,A,#2,HOLDING,1.000A/A
17471,2026-06-03 16:35:03,24.8875,12.00,1.022,9.240,A,#2,HOLDING,1.000A/A
17472,2026-06-03 16:35:06,24.6375,12.00,1.022,9.240,A,#2,HOLDING,1.000A/A
17473,2026-06-03 16:35:07,24.4375,12.00,1.022,9.240,A,#2,HOLDING,2.000A/A
17474,2026-06-03 16:35:09,24.2250,12.00,1.022,9.240,A,#2,HOLDING,1.500A/A
17475,2026-06-03 16:35:11,24.0000,12.00,1.427,17.004,A,#2,HOLDING,1.500A/A
17476,2026-06-03 16:35:13,23.7625,12.00,1.427,17.004,A,#2,HOLDING,2.500A/A
17477,2026-06-03 16:35:15,23.5625,12.00,1.427,17.004,A,#2,HOLDING,2.674A/A
17478,2026-06-03 16:35:17,23.3875,12.00,1.427,17.004,A,#2,HOLDING,2.000A/A
17479,2026-06-03 16:35:19,23.1625,12.00,1.418,16.908,A,#2,HOLDING,1.500A/A
17480,2026-06-03 16:35:21,22.9500,12.00,1.418,16.908,A,#2,HOLDING,1.500A/A
17481,2026-06-03 16:35:23,22.7500,12.00,1.418,16.908,A,#2,HOLDING,2.500A/A
17482,2026-06-03 16:35:24,22.5375,12.00,1.418,16.908,A,#2,HOLDING,1.500A/A
17483,2026-06-03 16:35:26,22.3125,12.00,1.411,16.824,A,#2,HOLDING,2.000A/A
17484,2026-06-03 16:35:29,22.1375,12.00,1.411,16.824,A,#2,HOLDING,1.000A/A
17485,2026-06-03 16:35:30,21.9375,12.00,1.411,16.824,A,#2,HOLDING,2.560A/A
17486,2026-06-03 16:35:32,21.7625,12.00,1.411,16.824,A,#2,HOLDING,2.000A/A
17487,2026-06-03 16:35:34,21.5625,12.00,1.407,16.776,A,#2,HOLDING,1.000A/A
17488,2026-06-03 16:35:36,21.3875,12.00,1.407,16.776,A,#2,HOLDING,1.500A/A
17489,2026-06-03 16:35:38,21.1875,12.00,1.407,16.776,A,#2,HOLDING,1.000A/A
17490,2026-06-03 16:35:40,21.0125,9.20,1.407,16.776,A,#2,HOLDING,1.500A/A
17491,2026-06-03 16:35:42,20.8125,9.20,1.409,16.812,A,#2,HOLDING,1.500A/A
17492,2026-06-03 16:35:44,20.6750,9.20,1.409,16.812,A,#2,HOLDING,2.359A/A
17493,2026-06-03 16:35:46,20.5000,9.20,1.409,16.812,A,#2,HOLDING,2.000A/A
17494,2026-06-03 16:35:48,20.3250,12.00,1.409,16.812,A,#2,HOLDING,1.000A/A
17495,2026-06-03 16:35:49,20.1750,12.00,1.066,9.340,A,#2,HOLDING,2.172A/A
17496,2026-06-03 16:35:52,20.0375,12.00,1.066,9.340,A,#2,HOLDING,1.911A/A
17497,2026-06-03 16:35:53,19.8625,12.00,1.066,9.340,A,#2,HOLDING,1.000A/A
17498,2026-06-03 16:35:55,19.7000,9.20,1.066,9.340,A,#2,HOLDING,1.713A/A
17499,2026-06-03 16:35:57,19.5500,9.20,1.410,16.812,A,#2,HOLDING,1.482A/A
17500,2026-06-03 16:35:59,19.4500,9.20,1.410,16.812,A,#2,HOLDING,1.194A/A
17501,2026-06-03 16:36:01,19.3000,9.20,1.410,16.812,A,#2,HOLDING,0.987A/A
17502,2026-06-03 16:36:03,19.1750,9.12,1.410,16.812,A,#2,HOLDING,0.746A/A
17503,2026-06-03 16:36:05,19.0250,9.12,0.746,5.617,A,#2,HOLDING,0.496A/A
17504,2026-06-03 16:36:07,18.9000,9.12,0.746,5.617,A,#2,HOLDING,0.181A/A
17505,2026-06-03 16:36:09,18.8000,9.12,0.746,5.617,OFF,#2,HOLDING,0.000A/OFF
17506,2026-06-03 16:36:10,18.6875,9.12,0.746,5.617,OFF,#2,HOLDING,0.185A/B
17507,2026-06-03 16:36:11,18.6875,9.68,0.000,5.617,B,#2,HOLDING,0.391A/B
17508,2026-06-03 16:36:13,18.5875,9.68,0.000,0.903,B,#2,HOLDING,0.650A/B
17509,2026-06-03 16:36:15,18.4625,9.68,0.000,0.903,B,#2,HOLDING,0.878A/B
17510,2026-06-03 16:36:16,18.3875,9.68,0.000,0.903,B,#2,HOLDING,1.115A/B
17511,2026-06-03 16:36:18,18.3375,7.96,0.000,0.903,B,#2,HOLDING,1.380A/B
17512,2026-06-03 16:36:20,18.3125,7.96,1.249,13.896,B,#2,HOLDING,1.000A/B
17513,2026-06-03 16:36:22,18.3000,7.96,1.249,13.896,B,#2,HOLDING,1.641A/B
17514,2026-06-03 16:36:24,18.3000,7.96,1.249,13.896,B,#2,HOLDING,1.500A/B
17515,2026-06-03 16:36:26,18.3500,10.98,1.249,13.896,B,#2,HOLDING,1.000A/B
17516,2026-06-03 16:36:28,18.4250,10.98,1.082,7.980,B,#2,HOLDING,1.500A/B
17517,2026-06-03 16:36:30,18.5375,10.98,1.082,7.980,B,#2,HOLDING,1.844A/B
17518,2026-06-03 16:36:32,18.6375,10.98,1.082,7.980,B,#2,HOLDING,1.500A/B
17519,2026-06-03 16:36:33,18.8000,11.42,1.082,7.980,B,#2,HOLDING,2.000A/B
17520,2026-06-03 16:36:35,18.9750,11.42,1.552,18.384,B,#2,HOLDING,2.000A/B
17521,2026-06-03 16:36:38,19.1750,11.42,1.552,18.384,B,#2,HOLDING,2.021A/B
17522,2026-06-03 16:36:39,19.3500,11.42,1.552,18.384,B,#2,HOLDING,2.000A/B
17523,2026-06-03 16:36:41,19.5250,12.00,1.552,18.384,B,#2,HOLDING,1.000A/B
17524,2026-06-03 16:36:43,19.7750,12.00,1.097,8.740,B,#2,HOLDING,2.186A/B
17525,2026-06-03 16:36:45,20.0250,12.00,1.097,8.740,B,#2,HOLDING,1.000A/B
17526,2026-06-03 16:36:47,20.2250,12.00,1.097,8.740,B,#2,HOLDING,2.420A/B
17527,2026-06-03 16:36:49,20.5000,12.00,1.097,8.740,B,#2,HOLDING,1.500A/B
17528,2026-06-03 16:36:51,20.7750,12.00,1.451,17.196,B,#2,HOLDING,2.000A/B
17529,2026-06-03 16:36:53,21.0250,12.00,1.451,17.196,B,#2,HOLDING,1.500A/B
17530,2026-06-03 16:36:55,21.2750,12.00,1.451,17.196,B,#2,HOLDING,2.500A/B
17531,2026-06-03 16:36:57,21.5625,12.00,1.451,17.196,B,#2,HOLDING,2.537A/B
17532,2026-06-03 16:36:58,21.8625,12.00,1.412,16.740,B,#2,HOLDING,2.500A/B
17533,2026-06-03 16:37:01,22.1250,12.00,1.412,16.740,B,#2,HOLDING,2.500A/B
17534,2026-06-03 16:37:02,22.4250,12.00,1.412,16.740,B,#2,HOLDING,2.500A/B
17535,2026-06-03 16:37:04,22.6875,12.00,1.412,16.740,B,#2,HOLDING,1.000A/B
17536,2026-06-03 16:37:06,23.0125,12.00,1.150,9.400,B,#2,HOLDING,1.000A/B
17537,2026-06-03 16:37:08,23.2875,12.00,1.150,9.400,B,#2,HOLDING,2.528A/B
17538,2026-06-03 16:37:10,23.5875,12.00,1.150,9.400,B,#2,HOLDING,1.500A/B
17539,2026-06-03 16:37:12,23.8750,12.00,1.150,9.400,B,#2,HOLDING,1.500A/B
17540,2026-06-03 16:37:14,24.1750,12.00,1.371,16.272,B,#2,HOLDING,2.000A/B
17541,2026-06-03 16:37:16,24.5000,12.00,1.371,16.272,B,#2,HOLDING,1.500A/B
17542,2026-06-03 16:37:18,24.7750,12.00,1.371,16.272,B,#2,HOLDING,2.478A/B
17543,2026-06-03 16:37:20,25.0250,12.00,1.371,16.272,B,#2,HOLDING,1.000A/B
17544,2026-06-03 16:37:22,25.3250,12.00,1.178,9.590,B,#2,HOLDING,2.499A/B
17545,2026-06-03 16:37:24,25.6250,12.00,1.178,9.590,B,#2,HOLDING,2.501A/B
17546,2026-06-03 16:37:26,25.9000,12.00,1.178,9.590,B,#3,APPROACH,2.480A/B
17547,2026-06-03 16:37:27,26.1875,12.00,1.178,9.590,OFF,#3,APPROACH,0.000A/OFF
17548,2026-06-03 16:37:28,26.4625,2.69,0.000,9.590,OFF,#3,APPROACH,0.203A/A
17549,2026-06-03 16:37:31,26.7375,2.69,0.000,0.000,A,#3,APPROACH,0.299A/A
17550,2026-06-03 16:37:33,26.9875,2.69,0.000,0.000,A,#3,APPROACH,0.443A/A
17551,2026-06-03 16:37:35,27.2375,2.69,0.000,0.000,A,#3,APPROACH,0.508A/A
17552,2026-06-03 16:37:37,27.4625,3.41,0.000,0.000,A,#3,APPROACH,0.617A/A
17553,2026-06-03 16:37:39,27.6750,3.41,0.593,2.887,A,#3,APPROACH,0.736A/A
17554,2026-06-03 16:37:41,27.8250,3.41,0.593,2.887,A,#3,APPROACH,0.866A/A
17555,2026-06-03 16:37:43,27.9750,3.41,0.593,2.887,A,#3,APPROACH,0.927A/A
17556,2026-06-03 16:37:44,28.0750,7.08,0.593,2.887,A,#3,APPROACH,1.047A/A
17557,2026-06-03 16:37:46,28.1625,7.08,1.002,8.585,A,#3,APPROACH,1.000A/A
17558,2026-06-03 16:37:49,28.2375,7.08,1.002,8.585,A,#3,APPROACH,1.169A/A
17559,2026-06-03 16:37:50,28.3125,7.08,1.002,8.585,A,#3,APPROACH,1.282A/A
17560,2026-06-03 16:37:52,28.3125,9.98,1.002,8.585,A,#3,APPROACH,1.406A/A
17561,2026-06-03 16:37:54,28.3500,9.98,1.381,15.550,A,#3,APPROACH,1.000A/A
17562,2026-06-03 16:37:56,28.3250,9.98,1.381,15.550,A,#3,APPROACH,1.530A/A
17563,2026-06-03 16:37:58,28.3000,9.98,1.381,15.550,A,#3,APPROACH,1.637A/A
17564,2026-06-03 16:38:00,28.2250,12.00,1.381,15.550,A,#3,APPROACH,1.500A/A
17565,2026-06-03 16:38:02,28.1500,12.00,1.518,17.805,A,#3,APPROACH,1.000A/A
17566,2026-06-03 16:38:04,28.0500,12.00,1.518,17.805,A,#3,APPROACH,1.741A/A
17567,2026-06-03 16:38:06,27.9500,12.00,1.518,17.805,A,#3,APPROACH,1.500A/A
17568,2026-06-03 16:38:08,27.8000,11.92,1.518,17.805,A,#3,APPROACH,1.794A/A
17569,2026-06-03 16:38:09,27.6750,11.92,1.496,17.772,A,#3,APPROACH,1.886A/A
17570,2026-06-03 16:38:12,27.5000,11.92,1.496,17.772,A,#3,APPROACH,1.998A/A
17571,2026-06-03 16:38:13,27.3875,11.92,1.496,17.772,A,#3,APPROACH,2.000A/A
17572,2026-06-03 16:38:15,27.1875,12.00,1.496,17.772,A,#3,APPROACH,2.000A/A
17573,2026-06-03 16:38:17,27.0125,12.00,1.466,17.424,A,#3,APPROACH,1.000A/A
17574,2026-06-03 16:38:20,26.8125,12.00,1.466,17.424,A,#3,APPROACH,1.000A/A
17575,2026-06-03 16:38:21,26.6000,12.00,1.466,17.424,A,#3,APPROACH,2.020A/A
17576,2026-06-03 16:38:23,26.3750,12.00,1.466,17.424,A,#3,APPROACH,2.000A/A
17577,2026-06-03 16:38:25,26.2000,12.00,1.443,17.160,A,#3,APPROACH,1.000A/A
17578,2026-06-03 16:38:27,25.9750,12.00,1.443,17.160,A,#3,APPROACH,2.047A/A
17579,2026-06-03 16:38:29,25.7875,12.00,1.443,17.160,A,#3,HOLDING,1.500A/A
17580,2026-06-03 16:38:31,25.5625,12.00,1.443,17.160,OFF,#3,HOLDING,0.000A/OFF
17581,2026-06-03 16:38:32,25.5625,12.00,1.443,17.160,OFF,#3,HOLDING,0.000A/OFF
17582,2026-06-03 16:38:33,25.3750,12.00,1.429,17.160,OFF,#3,HOLDING,0.000A/OFF
17583,2026-06-03 16:38:34,25.1250,12.00,1.429,8.532,OFF,#3,HOLDING,0.000A/OFF
17584,2026-06-03 16:38:35,25.1250,12.00,1.429,8.532,OFF,#3,HOLDING,0.000A/OFF
17585,2026-06-03 16:38:36,24.9500,12.00,1.429,8.532,OFF,#3,HOLDING,0.000A/OFF
17586,2026-06-03 16:38:37,24.9500,12.00,1.429,8.532,OFF,#3,HOLDING,0.000A/OFF
17587,2026-06-03 16:38:38,24.7500,12.00,1.429,8.532,OFF,#3,HOLDING,0.000A/OFF
17588,2026-06-03 16:38:39,24.7500,12.00,0.000,8.532,OFF,#3,HOLDING,0.000A/OFF
17589,2026-06-03 16:38:40,24.5750,12.00,0.000,0.000,OFF,#3,HOLDING,0.000A/OFF
17590,2026-06-03 16:38:41,24.5750,12.00,0.000,0.000,OFF,#3,HOLDING,0.000A/OFF
17591,2026-06-03 16:38:42,24.3750,12.00,0.000,0.000,OFF,#3,HOLDING,0.000A/OFF
17592,2026-06-03 16:38:43,24.3750,12.00,0.000,0.000,OFF,#3,HOLDING,0.000A/OFF
17593,2026-06-03 16:38:44,24.2625,12.00,0.000,0.000,OFF,#3,HOLDING,0.000A/OFF
17594,2026-06-03 16:38:45,24.2625,12.00,0.000,0.000,OFF,#3,HOLDING,0.000A/OFF
17595,2026-06-03 16:38:46,24.0875,12.00,0.000,0.000,OFF,#3,HOLDING,0.000A/OFF
17596,2026-06-03 16:38:47,24.0875,12.00,0.000,0.000,OFF,#3,HOLDING,0.000A/OFF
17597,2026-06-03 16:38:48,23.9625,12.00,0.000,0.000,B,#3,HOLDING,0.113A/B
17598,2026-06-03 16:38:49,23.8375,12.00,0.000,0.000,B,#3,HOLDING,0.182A/B
17599,2026-06-03 16:38:51,23.8375,1.40,0.000,0.000,B,#3,HOLDING,0.216A/B
17600,2026-06-03 16:38:53,23.7375,1.40,0.216,0.382,B,#3,HOLDING,0.252A/B
17601,2026-06-03 16:38:55,23.5625,1.40,0.216,0.382,B,#3,HOLDING,0.323A/B
17602,2026-06-03 16:38:57,23.5125,1.40,0.216,0.382,B,#3,HOLDING,0.375A/B
17603,2026-06-03 16:38:59,23.5125,3.10,0.216,0.382,B,#3,HOLDING,0.417A/B
17604,2026-06-03 16:39:01,23.4375,3.10,0.417,1.526,B,#3,HOLDING,0.469A/B
17605,2026-06-03 16:39:03,23.3625,3.10,0.417,1.526,B,#3,HOLDING,0.546A/B
17606,2026-06-03 16:39:05,23.3375,3.10,0.417,1.526,B,#3,HOLDING,0.601A/B
17607,2026-06-03 16:39:06,23.3375,5.13,0.417,1.526,B,#3,HOLDING,0.651A/B
17608,2026-06-03 16:39:08,23.3125,5.13,0.637,3.671,B,#3,HOLDING,0.708A/B
17609,2026-06-03 16:39:11,23.3125,5.13,0.637,3.671,B,#3,HOLDING,0.781A/B
17610,2026-06-03 16:39:12,23.3125,5.13,0.637,3.671,B,#3,HOLDING,0.831A/B
17611,2026-06-03 16:39:14,23.3125,7.06,0.637,3.671,B,#3,HOLDING,0.888A/B
17612,2026-06-03 16:39:16,23.3500,7.06,0.868,6.757,B,#3,HOLDING,0.940A/B
17613,2026-06-03 16:39:18,23.4375,7.06,0.868,6.757,B,#3,HOLDING,0.998A/B
17614,2026-06-03 16:39:20,23.4625,7.06,0.868,6.757,B,#3,HOLDING,1.040A/B
17615,2026-06-03 16:39:22,23.4625,8.74,0.868,6.757,B,#3,HOLDING,1.098A/B
17616,2026-06-03 16:39:24,23.5375,8.74,1.069,10.233,B,#3,HOLDING,1.144A/B
17617,2026-06-03 16:39:26,23.7000,8.74,1.069,10.233,B,#3,HOLDING,1.183A/B
17618,2026-06-03 16:39:28,23.8000,8.74,1.069,10.233,B,#3,HOLDING,1.203A/B
17619,2026-06-03 16:39:30,23.8000,10.09,1.069,10.233,B,#3,HOLDING,1.251A/B
17620,2026-06-03 16:39:31,23.9250,10.09,1.224,13.273,B,#3,HOLDING,1.232A/B
17621,2026-06-03 16:39:34,24.1625,10.09,1.224,13.273,B,#3,HOLDING,1.262A/B
17622,2026-06-03 16:39:35,24.3125,10.09,1.224,13.273,B,#3,HOLDING,1.264A/B
17623,2026-06-03 16:39:37,24.3125,10.73,1.224,13.273,B,#3,HOLDING,1.298A/B
17624,2026-06-03 16:39:39,24.4250,10.73,1.279,14.485,B,#3,HOLDING,1.322A/B
17625,2026-06-03 16:39:41,24.7375,10.73,1.279,14.485,B,#3,HOLDING,1.000A/B
17626,2026-06-03 16:39:43,24.9125,10.73,1.279,14.485,B,#3,HOLDING,1.000A/B
17627,2026-06-03 16:39:45,24.9125,9.08,1.279,14.485,B,#3,HOLDING,1.317A/B
17628,2026-06-03 16:39:47,25.2875,9.08,1.155,15.119,B,#3,HOLDING,1.289A/B
17629,2026-06-03 16:39:49,25.4875,9.08,1.155,15.119,B,#3,HOLDING,1.264A/B
17630,2026-06-03 16:39:51,25.6375,9.08,1.155,15.119,B,#3,HOLDING,1.224A/B
17631,2026-06-03 16:39:53,25.6375,10.81,1.155,15.119,B,#3,HOLDING,1.232A/B
17632,2026-06-03 16:39:54,26.0625,10.81,1.232,13.625,B,#3,HOLDING,1.103A/B
17633,2026-06-03 16:39:57,26.2375,10.81,1.232,13.625,B,#3,HOLDING,1.033A/B
17634,2026-06-03 16:39:58,26.4375,10.81,1.232,13.625,B,#3,HOLDING,0.950A/B
17635,2026-06-03 16:40:00,26.4375,8.94,1.232,13.625,B,#3,HOLDING,0.935A/B
17636,2026-06-03 16:40:02,26.8500,8.94,0.935,8.396,B,#3,HOLDING,0.812A/B
17637,2026-06-03 16:40:05,27.0500,8.94,0.935,8.396,B,#3,HOLDING,0.706A/B
17638,2026-06-03 16:40:06,27.2500,8.94,0.935,8.396,B,#3,HOLDING,0.595A/B
17639,2026-06-03 16:40:08,27.4625,6.48,0.935,8.396,B,#3,HOLDING,0.509A/B
17640,2026-06-03 16:40:10,27.6375,6.48,0.509,2.962,B,#3,HOLDING,0.397A/B
17641,2026-06-03 16:40:12,27.8375,6.48,0.509,2.962,B,#3,HOLDING,0.253A/B
17642,2026-06-03 16:40:14,28.0125,6.48,0.509,2.962,B,#3,HOLDING,0.186A/B
17643,2026-06-03 16:40:16,28.1750,6.48,0.509,2.962,OFF,#3,HOLDING,0.000A/OFF
17644,2026-06-03 16:40:17,28.1750,3.04,0.509,2.962,OFF,#3,HOLDING,0.000A/OFF
17645,2026-06-03 16:40:18,28.3250,3.04,0.186,2.962,OFF,#3,HOLDING,0.000A/OFF
17646,2026-06-03 16:40:19,28.3250,3.04,0.186,0.000,A,#3,HOLDING,0.148A/A
17647,2026-06-03 16:40:20,28.4500,3.04,0.186,0.000,A,#3,HOLDING,0.279A/A
17648,2026-06-03 16:40:22,28.6000,3.04,0.186,0.000,A,#3,HOLDING,0.401A/A
17649,2026-06-03 16:40:24,28.6750,2.69,0.186,0.000,A,#3,HOLDING,0.530A/A
17650,2026-06-03 16:40:25,28.7750,2.69,0.511,2.151,A,#3,HOLDING,0.672A/A
17651,2026-06-03 16:40:28,28.8500,2.69,0.511,2.151,A,#3,HOLDING,0.859A/A
17652,2026-06-03 16:40:29,28.9250,2.69,0.511,2.151,A,#3,HOLDING,0.993A/A
17653,2026-06-03 16:40:31,29.0000,7.66,0.511,2.151,A,#3,HOLDING,1.150A/A
17654,2026-06-03 16:40:33,29.0000,7.66,1.120,10.465,A,#3,HOLDING,1.000A/A
17655,2026-06-03 16:40:35,28.9875,7.66,1.120,10.465,A,#3,HOLDING,1.299A/A
17656,2026-06-03 16:40:37,28.9375,7.66,1.120,10.465,A,#3,HOLDING,1.424A/A
17657,2026-06-03 16:40:39,28.9000,10.99,1.120,10.465,A,#3,HOLDING,1.577A/A
17658,2026-06-03 16:40:41,28.8250,10.99,1.538,18.576,A,#3,HOLDING,1.000A/A
17659,2026-06-03 16:40:43,28.7125,10.99,1.538,18.576,A,#3,HOLDING,1.697A/A
17660,2026-06-03 16:40:45,28.5875,10.99,1.538,18.576,A,#3,HOLDING,1.500A/A
17661,2026-06-03 16:40:47,28.4625,11.75,1.538,18.576,A,#3,HOLDING,1.000A/A
17662,2026-06-03 16:40:48,28.3625,11.75,1.155,8.560,A,#3,HOLDING,1.788A/A
17663,2026-06-03 16:40:51,28.2000,11.75,1.155,8.560,A,#3,HOLDING,1.937A/A
17664,2026-06-03 16:40:52,28.0500,11.75,1.155,8.560,A,#3,HOLDING,2.028A/A
17665,2026-06-03 16:40:54,27.8875,12.00,1.155,8.560,A,#3,HOLDING,2.092A/A
17666,2026-06-03 16:40:56,27.7125,12.00,1.491,17.712,A,#3,HOLDING,2.000A/A
17667,2026-06-03 16:40:59,27.5750,12.00,1.491,17.712,A,#3,HOLDING,1.000A/A
17668,2026-06-03 16:41:00,27.3750,12.00,1.491,17.712,A,#3,HOLDING,2.000A/A
17669,2026-06-03 16:41:02,27.1625,12.00,1.491,17.712,A,#3,HOLDING,2.153A/A
17670,2026-06-03 16:41:04,26.9375,12.00,1.460,17.364,A,#3,HOLDING,1.500A/A
17671,2026-06-03 16:41:06,26.7625,12.00,1.460,17.364,A,#3,HOLDING,1.500A/A
17672,2026-06-03 16:41:08,26.5375,12.00,1.460,17.364,A,#3,HOLDING,2.000A/A
17673,2026-06-03 16:41:10,26.3125,12.00,1.460,17.364,A,#3,HOLDING,2.182A/A
17674,2026-06-03 16:41:12,26.0625,12.00,1.433,17.052,A,#3,HOLDING,2.000A/A
17675,2026-06-03 16:41:14,25.8500,12.00,1.433,17.052,A,#3,HOLDING,2.000A/A
17676,2026-06-03 16:41:16,25.6250,12.00,1.433,17.052,A,#3,HOLDING,2.000A/A
17677,2026-06-03 16:41:17,25.4125,12.00,1.433,17.052,A,#3,HOLDING,2.155A/A
17678,2026-06-03 16:41:19,25.1625,12.00,1.422,16.920,A,#3,HOLDING,1.000A/A
17679,2026-06-03 16:41:22,24.9375,12.00,1.422,16.920,A,#3,HOLDING,2.000A/A
17680,2026-06-03 16:41:23,24.7125,12.00,1.422,16.920,A,#3,HOLDING,2.162A/A
17681,2026-06-03 16:41:25,24.5000,12.00,1.422,16.920,A,#3,HOLDING,2.149A/A
17682,2026-06-03 16:41:27,24.2500,12.00,1.418,16.884,A,#3,HOLDING,1.500A/A
17683,2026-06-03 16:41:29,24.0750,12.00,1.418,16.884,A,#3,HOLDING,2.000A/A
17684,2026-06-03 16:41:31,23.8250,12.00,1.418,16.884,A,#3,HOLDING,2.065A/A
17685,2026-06-03 16:41:33,23.6000,12.00,1.418,16.884,A,#3,HOLDING,1.500A/A
17686,2026-06-03 16:41:35,23.3750,12.00,1.403,16.692,A,#3,HOLDING,1.986A/A
17687,2026-06-03 16:41:37,23.1875,12.00,1.403,16.692,A,#3,HOLDING,1.500A/A
17688,2026-06-03 16:41:39,22.9625,12.00,1.403,16.692,A,#3,HOLDING,1.892A/A
17689,2026-06-03 16:41:41,22.7625,12.00,1.403,16.692,A,#3,HOLDING,1.803A/A
17690,2026-06-03 16:41:42,22.5625,12.00,1.402,16.704,A,#3,HOLDING,1.500A/A
17691,2026-06-03 16:41:45,22.3375,12.00,1.402,16.704,A,#3,HOLDING,1.694A/A
17692,2026-06-03 16:41:46,22.1375,12.00,1.402,16.704,A,#3,HOLDING,1.500A/A
17693,2026-06-03 16:41:48,21.9500,12.00,1.402,16.704,A,#3,HOLDING,1.000A/A
17694,2026-06-03 16:41:50,21.7500,12.00,1.113,9.320,A,#3,HOLDING,1.620A/A
17695,2026-06-03 16:41:52,21.5750,12.00,1.113,9.320,A,#3,HOLDING,1.457A/A
17696,2026-06-03 16:41:54,21.3750,12.00,1.113,9.320,A,#3,HOLDING,1.332A/A
17697,2026-06-03 16:41:56,21.2000,11.49,1.113,9.320,A,#3,HOLDING,1.187A/A
17698,2026-06-03 16:41:58,21.0000,11.49,1.211,12.605,A,#3,HOLDING,1.030A/A
17699,2026-06-03 16:42:00,20.8375,11.49,1.211,12.605,A,#3,HOLDING,0.832A/A
17700,2026-06-03 16:42:02,20.6875,11.49,1.211,12.605,A,#3,HOLDING,0.689A/A
17701,2026-06-03 16:42:04,20.5125,6.99,1.211,12.605,A,#3,HOLDING,0.517A/A
17702,2026-06-03 16:42:05,20.3625,6.99,0.551,2.941,A,#3,HOLDING,0.343A/A
17703,2026-06-03 16:42:08,20.2125,6.99,0.551,2.941,A,#3,HOLDING,0.113A/A
17704,2026-06-03 16:42:09,20.0875,6.99,0.551,2.941,OFF,#3,HOLDING,0.000A/OFF
17705,2026-06-03 16:42:10,20.0875,6.99,0.551,2.941,OFF,#3,HOLDING,0.140A/B
17706,2026-06-03 16:42:12,19.9625,7.42,0.140,2.941,B,#3,HOLDING,0.299A/B
17707,2026-06-03 16:42:14,19.8125,7.42,0.140,0.000,B,#3,HOLDING,0.494A/B
17708,2026-06-03 16:42:15,19.7125,7.42,0.140,0.000,B,#3,HOLDING,0.670A/B
17709,2026-06-03 16:42:17,19.6125,7.42,0.140,0.000,B,#3,HOLDING,0.842A/B
17710,2026-06-03 16:42:19,19.5500,6.09,0.140,0.000,B,#3,HOLDING,1.042A/B
17711,2026-06-03 16:42:21,19.4750,6.09,1.030,8.158,B,#3,HOLDING,1.000A/B
17712,2026-06-03 16:42:23,19.4375,6.09,1.030,8.158,B,#3,HOLDING,1.244A/B
17713,2026-06-03 16:42:25,19.4375,6.09,1.030,8.158,B,#3,HOLDING,1.416A/B
17714,2026-06-03 16:42:27,19.4500,10.48,1.030,8.158,B,#3,HOLDING,1.000A/B
17715,2026-06-03 16:42:28,19.4750,10.48,1.012,7.970,B,#3,HOLDING,1.611A/B
17716,2026-06-03 16:42:31,19.5625,10.48,1.012,7.970,B,#3,HOLDING,1.859A/B
17717,2026-06-03 16:42:32,19.6125,10.48,1.012,7.970,B,#3,HOLDING,2.026A/B
17718,2026-06-03 16:42:34,19.7375,12.00,1.012,7.970,B,#3,HOLDING,2.000A/B
17719,2026-06-03 16:42:36,19.8875,12.00,1.559,18.420,B,#3,HOLDING,1.500A/B
17720,2026-06-03 16:42:38,20.0375,12.00,1.559,18.420,B,#3,HOLDING,1.500A/B
17721,2026-06-03 16:42:40,20.1875,12.00,1.559,18.420,B,#3,HOLDING,1.500A/B
17722,2026-06-03 16:42:42,20.3750,11.89,1.559,18.420,B,#3,HOLDING,1.500A/B
17723,2026-06-03 16:42:44,20.5750,11.89,1.492,17.664,B,#3,HOLDING,2.157A/B
17724,2026-06-03 16:42:46,20.7750,11.89,1.492,17.664,B,#3,HOLDING,2.346A/B
17725,2026-06-03 16:42:48,21.0000,11.89,1.492,17.664,B,#3,HOLDING,2.000A/B
17726,2026-06-03 16:42:50,21.2750,12.00,1.492,17.664,B,#3,HOLDING,2.437A/B
17727,2026-06-03 16:42:51,21.5250,12.00,1.440,17.064,B,#3,HOLDING,1.500A/B
17728,2026-06-03 16:42:54,21.7750,12.00,1.440,17.064,B,#3,HOLDING,2.535A/B
17729,2026-06-03 16:42:55,22.0250,12.00,1.440,17.064,B,#3,HOLDING,2.559A/B
17730,2026-06-03 16:42:57,22.3375,12.00,1.440,17.064,B,#3,HOLDING,1.000A/B
17731,2026-06-03 16:42:59,22.5875,12.00,1.044,9.300,B,#3,HOLDING,2.000A/B
17732,2026-06-03 16:43:02,22.8500,12.00,1.044,9.300,B,#3,HOLDING,1.500A/B
17733,2026-06-03 16:43:03,23.1500,12.00,1.044,9.300,B,#3,HOLDING,2.500A/B
17734,2026-06-03 16:43:05,23.4375,12.00,1.044,9.300,B,#3,HOLDING,2.579A/B
17735,2026-06-03 16:43:07,23.7125,12.00,1.382,16.380,B,#3,HOLDING,2.500A/B
17736,2026-06-03 16:43:09,23.9750,12.00,1.382,16.380,B,#4,APPROACH,1.000A/B
17737,2026-06-03 16:43:11,24.2750,12.00,1.382,16.380,OFF,#4,HOLDING,0.000A/OFF
17738,2026-06-03 16:43:12,24.2750,12.00,1.382,16.380,OFF,#4,HOLDING,0.000A/OFF
17739,2026-06-03 16:43:13,24.5875,12.00,1.382,16.380,OFF,#4,HOLDING,0.000A/OFF
17740,2026-06-03 16:43:14,24.5875,12.00,1.382,16.380,OFF,#4,HOLDING,0.000A/OFF
17741,2026-06-03 16:43:15,24.8375,12.00,0.000,0.000,A,#4,HOLDING,0.149A/A
17742,2026-06-03 16:43:18,25.1250,12.00,0.000,0.000,A,#4,HOLDING,0.236A/A
17743,2026-06-03 16:43:19,25.4250,12.00,0.000,0.000,A,#4,HOLDING,0.334A/A
17744,2026-06-03 16:43:21,25.6750,1.92,0.000,0.000,A,#4,HOLDING,0.390A/A
17745,2026-06-03 16:43:23,25.8750,1.92,0.360,1.002,A,#4,HOLDING,0.471A/A
17746,2026-06-03 16:43:25,26.0500,1.92,0.360,1.002,A,#4,HOLDING,0.558A/A
17747,2026-06-03 16:43:27,26.2250,1.92,0.360,1.002,A,#4,HOLDING,0.636A/A
17748,2026-06-03 16:43:29,26.3625,4.75,0.360,1.002,A,#4,HOLDING,0.724A/A
17749,2026-06-03 16:43:31,26.5125,4.75,0.678,4.119,A,#4,HOLDING,0.828A/A
17750,2026-06-03 16:43:33,26.6125,4.75,0.678,4.119,A,#4,HOLDING,0.946A/A
17751,2026-06-03 16:43:34,26.7375,4.75,0.678,4.119,A,#4,HOLDING,1.042A/A
17752,2026-06-03 16:43:36,26.8125,8.14,0.678,4.119,A,#4,HOLDING,1.145A/A
17753,2026-06-03 16:43:38,26.8375,8.14,1.091,10.430,A,#4,HOLDING,1.249A/A
17754,2026-06-03 16:43:41,26.8500,8.14,1.091,10.430,A,#4,HOLDING,1.367A/A
17755,2026-06-03 16:43:42,26.8750,8.14,1.091,10.430,A,#4,HOLDING,1.459A/A
17756,2026-06-03 16:43:44,26.8500,11.30,1.091,10.430,A,#4,HOLDING,1.500A/A
17757,2026-06-03 16:43:46,26.8250,11.30,1.478,17.715,A,#4,HOLDING,1.500A/A
17758,2026-06-03 16:43:48,26.8000,11.30,1.478,17.715,A,#4,HOLDING,1.542A/A
17759,2026-06-03 16:43:50,26.7000,11.30,1.478,17.715,A,#4,HOLDING,1.612A/A
17760,2026-06-03 16:43:52,26.5875,12.00,1.478,17.715,A,#4,HOLDING,1.694A/A
17761,2026-06-03 16:43:54,26.5125,12.00,1.506,17.904,A,#4,HOLDING,1.778A/A
17762,2026-06-03 16:43:56,26.3625,12.00,1.506,17.904,A,#4,HOLDING,1.884A/A
17763,2026-06-03 16:43:58,26.2375,12.00,1.506,17.904,A,#4,HOLDING,1.948A/A
17764,2026-06-03 16:43:59,26.0875,12.00,1.506,17.904,A,#4,HOLDING,2.011A/A
17765,2026-06-03 16:44:01,25.9375,12.00,1.473,17.520,A,#4,HOLDING,1.500A/A
17766,2026-06-03 16:44:04,25.7875,12.00,1.473,17.520,A,#4,HOLDING,2.068A/A
17767,2026-06-03 16:44:05,25.6125,12.00,1.473,17.520,A,#4,HOLDING,1.500A/A
17768,2026-06-03 16:44:07,25.4500,12.00,1.473,17.520,A,#4,HOLDING,1.000A/A
17769,2026-06-03 16:44:09,25.2500,12.00,1.054,9.000,A,#4,HOLDING,1.500A/A
17770,2026-06-03 16:44:11,25.0750,12.00,1.054,9.000,A,#4,HOLDING,2.079A/A
17771,2026-06-03 16:44:13,24.8750,12.00,1.054,9.000,A,#4,HOLDING,2.043A/A
17772,2026-06-03 16:44:15,24.7000,12.00,1.054,9.000,A,#4,HOLDING,2.074A/A
17773,2026-06-03 16:44:17,24.5000,12.00,1.442,17.148,A,#4,HOLDING,2.000A/A
17774,2026-06-03 16:44:19,24.3250,12.00,1.442,17.148,A,#4,HOLDING,1.000A/A
17775,2026-06-03 16:44:21,24.1250,12.00,1.442,17.148,A,#4,HOLDING,2.092A/A
17776,2026-06-03 16:44:22,23.9500,12.00,1.442,17.148,A,#4,HOLDING,1.500A/A
17777,2026-06-03 16:44:24,23.7250,12.00,1.425,16.968,A,#4,HOLDING,2.000A/A
17778,2026-06-03 16:44:27,23.5375,12.00,1.425,16.968,A,#4,HOLDING,1.000A/A
17779,2026-06-03 16:44:28,23.3625,12.00,1.425,16.968,A,#4,HOLDING,1.000A/A
17780,2026-06-03 16:44:30,23.1625,9.14,1.425,16.968,A,#4,HOLDING,2.091A/A
17781,2026-06-03 16:44:32,22.9375,9.14,1.409,16.800,A,#4,HOLDING,1.000A/A
17782,2026-06-03 16:44:34,22.7625,9.14,1.409,16.800,A,#4,HOLDING,1.993A/A
17783,2026-06-03 16:44:36,22.6125,9.14,1.409,16.800,A,#4,HOLDING,1.000A/A
17784,2026-06-03 16:44:38,22.3875,9.15,1.409,16.800,A,#4,HOLDING,1.932A/A
17785,2026-06-03 16:44:40,22.1875,9.15,1.406,16.764,A,#4,HOLDING,1.500A/A
17786,2026-06-03 16:44:42,22.0125,9.15,1.406,16.764,A,#4,HOLDING,1.842A/A
17787,2026-06-03 16:44:44,21.8375,9.15,1.406,16.764,A,#4,HOLDING,1.766A/A
17788,2026-06-03 16:44:46,21.7000,12.00,1.406,16.764,A,#4,HOLDING,1.500A/A
17789,2026-06-03 16:44:47,21.5000,12.00,1.404,16.692,A,#4,HOLDING,1.500A/A
17790,2026-06-03 16:44:50,21.3250,12.00,1.404,16.692,A,#4,HOLDING,1.500A/A
17791,2026-06-03 16:44:51,21.1750,12.00,1.404,16.692,A,#4,HOLDING,1.645A/A
17792,2026-06-03 16:44:53,21.0125,12.00,1.404,16.692,A,#4,HOLDING,1.531A/A
17793,2026-06-03 16:44:55,20.8125,12.00,1.400,16.680,A,#4,HOLDING,1.440A/A
17794,2026-06-03 16:44:57,20.6375,12.00,1.400,16.680,A,#4,HOLDING,1.275A/A
17795,2026-06-03 16:44:59,20.4875,12.00,1.400,16.680,A,#4,HOLDING,1.000A/A
17796,2026-06-03 16:45:01,20.3250,9.35,1.400,16.680,A,#4,HOLDING,1.149A/A
17797,2026-06-03 16:45:03,20.1500,9.35,1.149,11.995,A,#4,HOLDING,0.997A/A
17798,2026-06-03 16:45:05,20.0125,9.35,1.149,11.995,A,#4,HOLDING,0.802A/A
17799,2026-06-03 16:45:07,19.8625,9.35,1.149,11.995,A,#4,HOLDING,0.662A/A
17800,2026-06-03 16:45:09,19.7000,6.80,1.149,11.995,A,#4,HOLDING,0.496A/A
17801,2026-06-03 16:45:10,19.5750,6.80,0.515,2.797,A,#4,HOLDING,0.326A/A
17802,2026-06-03 16:45:13,19.4625,6.80,0.515,2.797,A,#4,HOLDING,0.110A/A
17803,2026-06-03 16:45:14,19.3375,6.80,0.515,2.797,OFF,#4,HOLDING,0.000A/OFF
17804,2026-06-03 16:45:15,19.3375,6.80,0.515,2.797,OFF,#4,HOLDING,0.134A/B
17805,2026-06-03 16:45:17,19.2125,6.25,0.081,2.797,B,#4,HOLDING,0.291A/B
17806,2026-06-03 16:45:19,19.1125,6.25,0.081,1.668,B,#4,HOLDING,0.473A/B
17807,2026-06-03 16:45:20,19.0000,6.25,0.081,1.668,B,#4,HOLDING,0.642A/B
17808,2026-06-03 16:45:22,18.9500,6.25,0.081,1.668,B,#4,HOLDING,0.801A/B
17809,2026-06-03 16:45:24,18.8750,5.77,0.081,1.668,B,#4,HOLDING,0.995A/B
17810,2026-06-03 16:45:26,18.8250,5.77,0.995,7.422,B,#4,HOLDING,1.186A/B
17811,2026-06-03 16:45:28,18.8125,5.77,0.995,7.422,B,#4,HOLDING,1.000A/B
17812,2026-06-03 16:45:30,18.8125,5.77,0.995,7.422,B,#4,HOLDING,1.428A/B
17813,2026-06-03 16:45:32,18.8250,1.40,0.995,7.422,A,#1,APPROACH,0.214A/A
17814,2026-06-03 16:45:34,18.9250,1.40,0.000,7.422,A,#1,APPROACH,0.340A/A
17815,2026-06-03 16:45:36,18.9750,1.40,0.000,0.000,A,#1,APPROACH,0.453A/A
17816,2026-06-03 16:45:38,19.0500,1.40,0.000,0.000,A,#1,APPROACH,0.576A/A
17817,2026-06-03 16:45:39,19.1375,1.40,0.000,0.000,A,#1,APPROACH,0.669A/A
17818,2026-06-03 16:45:41,19.2125,5.91,0.000,0.000,A,#1,APPROACH,0.784A/A
17819,2026-06-03 16:45:43,19.3125,5.91,0.723,5.440,A,#1,APPROACH,0.901A/A
17820,2026-06-03 16:45:46,19.3625,5.91,0.723,5.440,A,#1,APPROACH,1.036A/A
17821,2026-06-03 16:45:47,19.4125,5.91,0.723,5.440,A,#1,APPROACH,1.000A/A
17822,2026-06-03 16:45:49,19.4625,8.49,0.723,5.440,A,#1,APPROACH,1.116A/A
17823,2026-06-03 16:45:51,19.5125,8.49,1.055,10.546,A,#1,APPROACH,1.234A/A
17824,2026-06-03 16:45:53,19.5625,8.49,1.055,10.546,A,#1,APPROACH,1.386A/A
17825,2026-06-03 16:45:55,19.5625,8.49,1.055,10.546,A,#1,APPROACH,1.485A/A
17826,2026-06-03 16:45:57,19.5625,11.75,1.055,10.546,A,#1,APPROACH,1.602A/A
17827,2026-06-03 16:45:59,19.5625,11.75,1.499,17.772,A,#1,APPROACH,1.500A/A
17828,2026-06-03 16:46:01,19.5375,11.75,1.499,17.772,A,#1,APPROACH,1.000A/A
17829,2026-06-03 16:46:03,19.5000,11.75,1.499,17.772,A,#1,APPROACH,1.000A/A
17830,2026-06-03 16:46:04,19.4750,8.90,1.499,17.772,A,#1,APPROACH,1.710A/A
17831,2026-06-03 16:46:06,19.4000,8.90,1.234,17.472,A,#1,APPROACH,1.000A/A
17832,2026-06-03 16:46:09,19.3750,8.90,1.234,17.472,A,#1,APPROACH,1.500A/A
17833,2026-06-03 16:46:10,19.3125,8.90,1.234,17.472,A,#1,APPROACH,1.000A/A
17834,2026-06-03 16:46:12,19.2375,9.00,1.234,17.472,A,#1,APPROACH,1.793A/A
17835,2026-06-03 16:46:14,19.1500,9.00,1.229,17.280,A,#1,APPROACH,1.883A/A
17836,2026-06-03 16:46:16,19.0750,9.00,1.229,17.280,A,#1,APPROACH,1.000A/A
17837,2026-06-03 16:46:18,18.9875,9.00,1.229,17.280,A,#1,APPROACH,1.500A/A
17838,2026-06-03 16:46:20,18.9125,12.00,1.229,17.280,A,#1,APPROACH,1.998A/A
17839,2026-06-03 16:46:22,18.8375,12.00,1.439,17.112,A,#1,APPROACH,1.000A/A
17840,2026-06-03 16:46:24,18.7625,12.00,1.439,17.112,A,#1,APPROACH,2.000A/A
17841,2026-06-03 16:46:26,18.6500,12.00,1.439,17.112,A,#1,APPROACH,2.071A/A
17842,2026-06-03 16:46:27,18.5500,12.00,1.439,17.112,A,#1,APPROACH,2.000A/A
17843,2026-06-03 16:46:29,18.4625,12.00,1.430,16.980,A,#1,APPROACH,2.000A/A
17844,2026-06-03 16:46:32,18.3625,12.00,1.430,16.980,A,#1,APPROACH,1.500A/A
17845,2026-06-03 16:46:33,18.2750,12.00,1.430,16.980,A,#1,APPROACH,2.132A/A
17846,2026-06-03 16:46:35,18.1500,12.00,1.430,16.980,A,#1,APPROACH,2.188A/A
17847,2026-06-03 16:46:37,18.0875,12.00,1.415,16.836,A,#1,APPROACH,2.249A/A
17848,2026-06-03 16:46:39,17.9625,12.00,1.415,16.836,A,#1,APPROACH,2.318A/A
17849,2026-06-03 16:46:41,17.8625,12.00,1.415,16.836,A,#1,APPROACH,2.361A/A
17850,2026-06-03 16:46:43,17.7375,12.00,1.415,16.836,A,#1,APPROACH,2.000A/A
17851,2026-06-03 16:46:45,17.6500,12.00,1.400,16.668,A,#1,APPROACH,2.000A/A
17852,2026-06-03 16:46:47,17.5250,12.00,1.400,16.668,A,#1,APPROACH,1.000A/A
17853,2026-06-03 16:46:49,17.4500,12.00,1.400,16.668,A,#1,APPROACH,2.000A/A
17854,2026-06-03 16:46:50,17.3250,12.00,1.400,16.668,A,#1,HOLDING,2.334A/A
17855,2026-06-03 16:46:52,17.2375,12.00,1.401,16.668,OFF,#1,HOLDING,0.000A/OFF
17856,2026-06-03 16:46:53,17.2375,12.00,1.401,16.728,OFF,#1,HOLDING,0.000A/OFF
17857,2026-06-03 16:46:54,17.1375,12.00,1.401,16.728,OFF,#1,HOLDING,0.000A/OFF
17858,2026-06-03 16:46:55,17.1375,12.00,1.401,16.728,OFF,#1,HOLDING,0.000A/OFF
17859,2026-06-03 16:46:56,17.0500,12.00,1.401,16.728,OFF,#1,HOLDING,0.000A/OFF
17860,2026-06-03 16:46:57,17.0500,12.00,1.401,16.728,OFF,#1,HOLDING,0.000A/OFF
17861,2026-06-03 16:46:58,16.9500,12.00,1.401,16.728,OFF,#1,HOLDING,0.000A/OFF
17862,2026-06-03 16:46:59,16.9500,12.00,0.000,0.000,A,#1,HOLDING,0.109A/A
17863,2026-06-03 16:47:01,16.8750,12.00,0.000,0.000,A,#1,HOLDING,0.120A/A
17864,2026-06-03 16:47:03,16.8250,12.00,0.000,0.000,A,#1,HOLDING,0.145A/A
17865,2026-06-03 16:47:05,16.8000,2.08,0.000,0.000,A,#1,HOLDING,0.158A/A
17866,2026-06-03 16:47:07,16.7500,2.08,0.158,0.346,A,#1,HOLDING,0.173A/A
17867,2026-06-03 16:47:09,16.7875,2.08,0.158,0.346,A,#1,HOLDING,0.199A/A
17868,2026-06-03 16:47:10,16.7625,2.08,0.158,0.346,A,#1,HOLDING,0.211A/A
17869,2026-06-03 16:47:12,16.7500,2.49,0.158,0.346,A,#1,HOLDING,0.227A/A
17870,2026-06-03 16:47:14,16.7750,2.49,0.227,0.603,A,#1,HOLDING,0.241A/A
17871,2026-06-03 16:47:17,16.8125,2.49,0.227,0.603,A,#1,HOLDING,0.266A/A
17872,2026-06-03 16:47:18,16.8625,2.49,0.227,0.603,A,#1,HOLDING,0.287A/A
17873,2026-06-03 16:47:20,16.9375,3.10,0.227,0.603,A,#1,HOLDING,0.312A/A
17874,2026-06-03 16:47:22,16.9625,3.10,0.312,1.051,A,#1,HOLDING,0.332A/A
17875,2026-06-03 16:47:24,17.0125,3.10,0.312,1.051,A,#1,HOLDING,0.360A/A
17876,2026-06-03 16:47:26,17.0625,3.10,0.312,1.051,A,#1,HOLDING,0.379A/A
17877,2026-06-03 16:47:28,17.1000,3.76,0.312,1.051,A,#1,HOLDING,0.407A/A
17878,2026-06-03 16:47:30,17.1250,3.76,0.407,1.689,A,#1,HOLDING,0.432A/A
17879,2026-06-03 16:47:32,17.2000,3.76,0.407,1.689,A,#1,HOLDING,0.470A/A
17880,2026-06-03 16:47:34,17.2500,3.76,0.407,1.689,A,#1,HOLDING,0.500A/A
17881,2026-06-03 16:47:35,17.2625,4.78,0.407,1.689,A,#1,HOLDING,0.530A/A
17882,2026-06-03 16:47:37,17.3125,4.78,0.530,2.761,A,#1,HOLDING,0.563A/A
17883,2026-06-03 16:47:40,17.3125,4.78,0.530,2.761,A,#1,HOLDING,0.601A/A
17884,2026-06-03 16:47:41,17.3375,4.78,0.530,2.761,A,#1,HOLDING,0.633A/A
17885,2026-06-03 16:47:43,17.3750,5.91,0.530,2.761,A,#1,HOLDING,0.668A/A
17886,2026-06-03 16:47:45,17.4250,5.91,0.653,4.215,A,#1,HOLDING,0.763A/A
17887,2026-06-03 16:47:47,17.4375,5.91,0.653,4.215,A,#1,HOLDING,0.811A/A
17888,2026-06-03 16:47:49,17.4375,5.91,0.653,4.215,A,#1,HOLDING,0.840A/A
17889,2026-06-03 16:47:51,17.4375,7.55,0.653,4.215,A,#1,HOLDING,0.873A/A
17890,2026-06-03 16:47:53,17.4375,7.55,0.873,6.905,A,#1,HOLDING,0.911A/A
17891,2026-06-03 16:47:55,17.4625,7.55,0.873,6.905,A,#1,HOLDING,0.965A/A
17892,2026-06-03 16:47:57,17.4875,7.55,0.873,6.905,A,#1,HOLDING,1.004A/A
17893,2026-06-03 16:47:58,17.4750,8.72,0.873,6.905,A,#1,HOLDING,1.000A/A
17894,2026-06-03 16:48:00,17.4500,8.72,1.000,8.910,A,#1,HOLDING,1.036A/A
17895,2026-06-03 16:48:03,17.4375,8.72,1.000,8.910,A,#1,HOLDING,1.080A/A
17896,2026-06-03 16:48:04,17.4375,8.72,1.000,8.910,A,#1,HOLDING,1.115A/A
17897,2026-06-03 16:48:06,17.4000,9.53,1.000,8.910,A,#1,HOLDING,1.149A/A
17898,2026-06-03 16:48:08,17.3750,9.53,1.149,11.524,A,#1,HOLDING,1.134A/A
17899,2026-06-03 16:48:10,17.3625,9.53,1.149,11.524,A,#1,HOLDING,1.000A/A
17900,2026-06-03 16:48:12,17.3125,9.53,1.149,11.524,A,#2,APPROACH,1.177A/A
17901,2026-06-03 16:48:14,17.3000,4.58,1.149,11.524,B,#2,APPROACH,0.359A/B
17902,2026-06-03 16:48:16,17.2250,4.58,0.000,11.524,B,#2,APPROACH,0.404A/B
17903,2026-06-03 16:48:18,17.1875,4.58,0.000,0.000,B,#2,APPROACH,0.463A/B
17904,2026-06-03 16:48:20,17.1625,4.58,0.000,0.000,B,#2,APPROACH,0.542A/B
17905,2026-06-03 16:48:22,17.1250,4.58,0.000,0.000,B,#2,APPROACH,0.612A/B
17906,2026-06-03 16:48:24,17.1250,4.51,0.000,0.000,B,#2,APPROACH,0.704A/B
17907,2026-06-03 16:48:26,17.1250,4.51,0.704,3.836,B,#2,APPROACH,0.811A/B
17908,2026-06-03 16:48:28,17.1250,4.51,0.704,3.836,B,#2,APPROACH,0.970A/B
17909,2026-06-03 16:48:29,17.1625,4.51,0.704,3.836,B,#2,APPROACH,1.082A/B
17910,2026-06-03 16:48:31,17.2375,8.24,0.704,3.836,B,#2,APPROACH,1.223A/B
17911,2026-06-03 16:48:33,17.2875,8.24,1.223,11.594,B,#2,APPROACH,1.376A/B
17912,2026-06-03 16:48:36,17.3875,8.24,1.223,11.594,B,#2,APPROACH,1.592A/B
17913,2026-06-03 16:48:37,17.4875,8.24,1.223,11.594,B,#2,APPROACH,1.742A/B
17914,2026-06-03 16:48:39,17.6375,12.00,1.223,11.594,B,#2,APPROACH,1.500A/B
17915,2026-06-03 16:48:41,17.7875,12.00,1.500,17.430,B,#2,APPROACH,1.908A/B
17916,2026-06-03 16:48:43,17.9375,12.00,1.500,17.430,B,#2,APPROACH,1.000A/B
17917,2026-06-03 16:48:45,18.1125,12.00,1.500,17.430,B,#2,APPROACH,1.000A/B
17918,2026-06-03 16:48:47,18.3125,8.42,1.500,17.430,B,#2,APPROACH,2.000A/B
17919,2026-06-03 16:48:49,18.5500,8.42,1.259,18.036,B,#2,APPROACH,2.125A/B
17920,2026-06-03 16:48:51,18.7500,8.42,1.259,18.036,B,#2,APPROACH,2.000A/B
17921,2026-06-03 16:48:53,19.0000,8.42,1.259,18.036,B,#2,APPROACH,2.360A/B
17922,2026-06-03 16:48:54,19.2500,12.00,1.259,18.036,B,#2,APPROACH,1.000A/B
17923,2026-06-03 16:48:56,19.5250,12.00,1.017,8.880,B,#2,APPROACH,1.500A/B
17924,2026-06-03 16:48:59,19.7750,12.00,1.017,8.880,B,#2,APPROACH,2.507A/B
17925,2026-06-03 16:49:00,20.0375,12.00,1.017,8.880,B,#2,APPROACH,1.000A/B
17926,2026-06-03 16:49:02,20.3125,8.92,1.017,8.880,B,#2,APPROACH,2.500A/B
17927,2026-06-03 16:49:04,20.5875,8.92,1.439,17.076,B,#2,APPROACH,2.594A/B
17928,2026-06-03 16:49:06,20.8375,8.92,1.439,17.076,B,#2,APPROACH,1.000A/B
17929,2026-06-03 16:49:08,21.1500,8.92,1.439,17.076,B,#2,APPROACH,1.000A/B
17930,2026-06-03 16:49:10,21.4250,9.13,1.439,17.076,B,#2,APPROACH,2.000A/B
17931,2026-06-03 16:49:12,21.7250,9.13,1.203,16.716,B,#2,APPROACH,2.500A/B
17932,2026-06-03 16:49:14,22.0000,9.13,1.203,16.716,B,#2,APPROACH,2.629A/B
17933,2026-06-03 16:49:16,22.3125,9.13,1.203,16.716,B,#2,APPROACH,2.500A/B
17934,2026-06-03 16:49:17,22.5875,12.00,1.203,16.716,B,#2,APPROACH,1.500A/B
17935,2026-06-03 16:49:19,22.9000,12.00,1.385,16.416,B,#2,APPROACH,2.000A/B
17936,2026-06-03 16:49:22,23.1750,12.00,1.385,16.416,B,#2,APPROACH,1.000A/B
17937,2026-06-03 16:49:23,23.4625,12.00,1.385,16.416,B,#2,HOLDING,2.000A/B
17938,2026-06-03 16:49:25,23.7625,12.00,1.385,16.416,OFF,#2,HOLDING,0.000A/OFF
17939,2026-06-03 16:49:26,23.7625,12.00,1.385,16.416,OFF,#2,HOLDING,0.000A/OFF
17940,2026-06-03 16:49:27,24.0625,12.00,1.366,16.416,OFF,#2,HOLDING,0.000A/OFF
17941,2026-06-03 16:49:28,24.0625,12.00,1.366,16.224,OFF,#2,HOLDING,0.000A/OFF
17942,2026-06-03 16:49:29,24.3625,12.00,1.366,16.224,OFF,#2,HOLDING,0.000A/OFF
17943,2026-06-03 16:49:30,24.3625,12.00,1.366,16.224,OFF,#2,HOLDING,0.000A/OFF
17944,2026-06-03 16:49:31,24.6500,12.00,1.366,16.224,OFF,#2,HOLDING,0.000A/OFF
17945,2026-06-03 16:49:32,24.9250,12.00,1.366,16.224,OFF,#2,HOLDING,0.000A/OFF
17946,2026-06-03 16:49:33,24.9250,12.00,0.000,0.000,A,#2,HOLDING,0.112A/A
17947,2026-06-03 16:49:36,25.1875,12.00,0.000,0.000,A,#2,HOLDING,0.131A/A
17948,2026-06-03 16:49:37,25.4625,12.00,0.000,0.000,A,#2,HOLDING,0.217A/A
17949,2026-06-03 16:49:39,25.6750,0.94,0.000,0.000,A,#2,HOLDING,0.305A/A
17950,2026-06-03 16:49:41,25.8750,0.94,0.287,0.561,A,#2,HOLDING,0.378A/A
17951,2026-06-03 16:49:43,26.0500,0.94,0.287,0.561,A,#2,HOLDING,0.457A/A
17952,2026-06-03 16:49:45,26.2500,0.94,0.287,0.561,A,#2,HOLDING,0.536A/A
17953,2026-06-03 16:49:47,26.4125,3.89,0.287,0.561,A,#2,HOLDING,0.623A/A
17954,2026-06-03 16:49:49,26.5125,3.89,0.605,3.002,A,#2,HOLDING,0.710A/A
17955,2026-06-03 16:49:51,26.6625,3.89,0.605,3.002,A,#2,HOLDING,0.823A/A
17956,2026-06-03 16:49:53,26.7375,3.89,0.605,3.002,A,#2,HOLDING,0.900A/A
17957,2026-06-03 16:49:54,26.7875,6.95,0.605,3.002,A,#2,HOLDING,0.993A/A
17958,2026-06-03 16:49:56,26.8375,6.95,0.978,7.884,A,#2,HOLDING,1.087A/A
17959,2026-06-03 16:49:59,26.8750,6.95,0.978,7.884,A,#2,HOLDING,1.209A/A
17960,2026-06-03 16:50:00,26.8750,6.95,0.978,7.884,A,#2,HOLDING,1.290A/A
17961,2026-06-03 16:50:02,26.9000,10.00,0.978,7.884,A,#2,HOLDING,1.388A/A
17962,2026-06-03 16:50:04,26.8500,10.00,1.377,15.184,A,#2,HOLDING,1.474A/A
17963,2026-06-03 16:50:06,26.8125,10.00,1.377,15.184,A,#2,HOLDING,1.593A/A
17964,2026-06-03 16:50:08,26.7625,10.00,1.377,15.184,A,#2,HOLDING,1.663A/A
17965,2026-06-03 16:50:10,26.6500,12.00,1.377,15.184,A,#2,HOLDING,1.000A/A
17966,2026-06-03 16:50:12,26.5750,12.00,1.037,8.580,A,#2,HOLDING,1.735A/A
17967,2026-06-03 16:50:14,26.4625,12.00,1.037,8.580,A,#2,HOLDING,1.833A/A
17968,2026-06-03 16:50:16,26.3375,12.00,1.037,8.580,A,#2,HOLDING,1.000A/A
17969,2026-06-03 16:50:17,26.2000,8.62,1.037,8.580,A,#2,HOLDING,1.879A/A
17970,2026-06-03 16:50:19,26.0500,8.62,1.490,17.724,A,#2,HOLDING,1.000A/A
17971,2026-06-03 16:50:22,25.9000,8.62,1.490,17.724,A,#2,HOLDING,1.930A/A
17972,2026-06-03 16:50:23,25.7750,8.62,1.490,17.724,A,#2,HOLDING,1.000A/A
17973,2026-06-03 16:50:25,25.5750,8.78,1.490,17.724,A,#2,HOLDING,1.500A/A
17974,2026-06-03 16:50:27,25.4000,8.78,1.470,17.496,A,#2,HOLDING,1.946A/A
17975,2026-06-03 16:50:29,25.2625,8.78,1.470,17.496,A,#2,HOLDING,1.500A/A
17976,2026-06-03 16:50:31,25.0625,8.78,1.470,17.496,A,#2,HOLDING,1.500A/A
17977,2026-06-03 16:50:33,24.8875,12.00,1.470,17.496,A,#2,HOLDING,1.939A/A
17978,2026-06-03 16:50:35,24.6875,12.00,1.445,17.196,A,#2,HOLDING,1.948A/A
17979,2026-06-03 16:50:37,24.5125,12.00,1.445,17.196,A,#2,HOLDING,1.000A/A
17980,2026-06-03 16:50:39,24.3125,12.00,1.445,17.196,A,#2,HOLDING,1.500A/A
17981,2026-06-03 16:50:41,24.1375,12.00,1.445,17.196,A,#2,HOLDING,1.971A/A
17982,2026-06-03 16:50:42,23.9375,12.00,1.432,17.040,A,#2,HOLDING,1.954A/A
17983,2026-06-03 16:50:45,23.7500,12.00,1.432,17.040,A,#2,HOLDING,1.940A/A
17984,2026-06-03 16:50:46,23.5500,12.00,1.432,17.040,A,#2,HOLDING,1.500A/A
17985,2026-06-03 16:50:48,23.3250,12.00,1.432,17.040,A,#2,HOLDING,1.910A/A
17986,2026-06-03 16:50:50,23.1250,12.00,1.423,16.956,A,#2,HOLDING,1.000A/A
17987,2026-06-03 16:50:52,22.9500,12.00,1.423,16.956,A,#2,HOLDING,1.810A/A
17988,2026-06-03 16:50:54,22.7500,12.00,1.423,16.956,A,#2,HOLDING,1.000A/A
17989,2026-06-03 16:50:56,22.5125,9.15,1.423,16.956,A,#2,HOLDING,1.500A/A
17990,2026-06-03 16:50:58,22.3625,9.15,1.416,16.860,A,#2,HOLDING,1.500A/A
17991,2026-06-03 16:51:00,22.1375,9.15,1.416,16.860,A,#2,HOLDING,1.000A/A
17992,2026-06-03 16:51:02,21.9625,9.15,1.416,16.860,A,#2,HOLDING,1.500A/A
17993,2026-06-03 16:51:04,21.7875,12.00,1.416,16.860,A,#2,HOLDING,1.701A/A
17994,2026-06-03 16:51:05,21.5875,12.00,1.412,16.812,A,#2,HOLDING,1.592A/A
17995,2026-06-03 16:51:08,21.4500,12.00,1.412,16.812,A,#2,HOLDING,1.464A/A
17996,2026-06-03 16:51:09,21.2500,12.00,1.412,16.812,A,#2,HOLDING,1.352A/A
17997,2026-06-03 16:51:11,21.0750,11.59,1.412,16.812,A,#2,HOLDING,1.000A/A
17998,2026-06-03 16:51:13,20.8750,11.59,1.176,9.330,A,#2,HOLDING,1.000A/A
17999,2026-06-03 16:51:16,20.7250,11.59,1.176,9.330,A,#2,HOLDING,1.251A/A
18000,2026-06-03 16:51:17,20.5500,11.59,1.176,9.330,A,#2,HOLDING,1.000A/A
18001,2026-06-03 16:51:19,20.4000,9.23,1.176,9.330,A,#2,HOLDING,1.000A/A
18002,2026-06-03 16:51:21,20.2500,9.23,1.000,9.330,A,#2,HOLDING,1.110A/A
18003,2026-06-03 16:51:23,20.0875,9.23,1.000,9.330,A,#2,HOLDING,0.909A/A
18004,2026-06-03 16:51:25,19.9625,9.23,1.000,9.330,A,#2,HOLDING,0.767A/A
18005,2026-06-03 16:51:27,19.8250,7.54,1.000,9.330,A,#2,HOLDING,0.599A/A
18006,2026-06-03 16:51:28,19.6750,7.54,0.682,3.791,A,#2,HOLDING,0.425A/A
18007,2026-06-03 16:51:31,19.5250,7.54,0.682,3.791,A,#2,HOLDING,0.198A/A
18008,2026-06-03 16:51:32,19.4000,7.54,0.682,3.791,OFF,#2,HOLDING,0.000A/OFF
18009,2026-06-03 16:51:33,19.3000,7.54,0.682,3.791,OFF,#2,HOLDING,0.000A/OFF
18010,2026-06-03 16:51:34,19.3000,12.00,0.000,3.791,B,#2,HOLDING,0.162A/B
18011,2026-06-03 16:51:36,19.2000,12.00,0.000,0.961,B,#2,HOLDING,0.359A/B
18012,2026-06-03 16:51:38,19.1125,12.00,0.000,0.961,B,#2,HOLDING,0.525A/B
18013,2026-06-03 16:51:40,19.0125,12.00,0.000,0.961,B,#2,HOLDING,0.700A/B
18014,2026-06-03 16:51:41,18.9625,4.92,0.000,0.961,B,#2,HOLDING,0.895A/B
18015,2026-06-03 16:51:43,18.8875,4.92,0.794,5.960,B,#2,HOLDING,1.000A/B
18016,2026-06-03 16:51:46,18.8750,4.92,0.794,5.960,B,#2,HOLDING,1.090A/B
18017,2026-06-03 16:51:47,18.8500,4.92,0.794,5.960,B,#2,HOLDING,1.264A/B
18018,2026-06-03 16:51:49,18.8500,9.43,0.794,5.960,B,#2,HOLDING,1.457A/B
18019,2026-06-03 16:51:51,18.9000,9.43,1.360,16.012,B,#2,HOLDING,1.000A/B
18020,2026-06-03 16:51:53,18.9500,9.43,1.360,16.012,B,#2,HOLDING,1.644A/B
18021,2026-06-03 16:51:55,19.0250,9.43,1.360,16.012,B,#2,HOLDING,1.500A/B
18022,2026-06-03 16:51:57,19.1625,11.41,1.360,16.012,B,#2,HOLDING,1.791A/B
18023,2026-06-03 16:51:59,19.3125,11.41,1.531,18.504,B,#2,HOLDING,1.500A/B
18024,2026-06-03 16:52:01,19.4250,11.41,1.531,18.504,B,#2,HOLDING,1.000A/B
18025,2026-06-03 16:52:03,19.6250,11.41,1.531,18.504,B,#2,HOLDING,1.940A/B
18026,2026-06-03 16:52:05,19.8125,12.00,1.531,18.504,B,#2,HOLDING,1.000A/B
18027,2026-06-03 16:52:06,20.0375,12.00,1.259,8.710,B,#2,HOLDING,1.500A/B
18028,2026-06-03 16:52:09,20.2375,12.00,1.259,8.710,B,#2,HOLDING,1.000A/B
18029,2026-06-03 16:52:10,20.4625,12.00,1.259,8.710,B,#2,HOLDING,1.000A/B
18030,2026-06-03 16:52:12,20.6750,8.81,1.259,8.710,B,#2,HOLDING,2.000A/B
18031,2026-06-03 16:52:14,20.9250,8.81,1.232,17.364,B,#2,HOLDING,2.032A/B
18032,2026-06-03 16:52:16,21.1625,8.81,1.232,17.364,B,#2,HOLDING,2.168A/B
18033,2026-06-03 16:52:18,21.4125,8.81,1.232,17.364,B,#2,HOLDING,1.000A/B
18034,2026-06-03 16:52:20,21.6500,9.06,1.232,17.364,B,#2,HOLDING,1.000A/B
18035,2026-06-03 16:52:22,21.9250,9.06,1.000,9.210,B,#2,HOLDING,2.155A/B
18036,2026-06-03 16:52:24,22.1875,9.06,1.000,9.210,B,#2,HOLDING,1.000A/B
18037,2026-06-03 16:52:26,22.4625,9.06,1.000,9.210,B,#2,HOLDING,1.000A/B
18038,2026-06-03 16:52:28,22.7125,9.18,1.000,9.210,B,#2,HOLDING,1.500A/B
18039,2026-06-03 16:52:29,22.9875,9.18,1.405,16.692,B,#2,HOLDING,1.500A/B
18040,2026-06-03 16:52:32,23.2500,9.18,1.405,16.692,B,#2,HOLDING,2.152A/B
18041,2026-06-03 16:52:33,23.5250,9.18,1.405,16.692,B,#2,HOLDING,1.000A/B
18042,2026-06-03 16:52:35,23.8125,9.31,1.405,16.692,B,#2,HOLDING,2.000A/B
18043,2026-06-03 16:52:37,24.0875,9.31,1.192,16.440,B,#2,HOLDING,2.164A/B
18044,2026-06-03 16:52:40,24.3125,9.31,1.192,16.440,B,#2,HOLDING,2.172A/B
18045,2026-06-03 16:52:41,24.6375,9.31,1.192,16.440,B,#2,HOLDING,2.000A/B
18046,2026-06-03 16:52:43,24.8750,12.00,1.192,16.440,B,#2,HOLDING,2.150A/B
18047,2026-06-03 16:52:45,25.1500,12.00,1.359,16.140,B,#2,HOLDING,2.104A/B
18048,2026-06-03 16:52:47,25.4000,12.00,1.359,16.140,B,#2,HOLDING,2.003A/B
18049,2026-06-03 16:52:49,25.6750,12.00,1.359,16.140,B,#2,HOLDING,1.933A/B
18050,2026-06-03 16:52:51,25.9625,12.00,1.359,16.140,B,#2,HOLDING,1.500A/B
18051,2026-06-03 16:52:52,26.2125,12.00,1.342,15.924,B,#2,HOLDING,1.500A/B
18052,2026-06-03 16:52:55,26.4625,12.00,1.342,15.924,B,#2,HOLDING,1.500A/B
18053,2026-06-03 16:52:56,26.7625,12.00,1.342,15.924,B,#2,HOLDING,1.000A/B
18054,2026-06-03 16:52:58,27.0250,9.65,1.342,15.924,B,#2,HOLDING,1.791A/B
18055,2026-06-03 16:53:00,27.3000,9.65,1.161,15.696,B,#2,HOLDING,1.720A/B
18056,2026-06-03 16:53:03,27.5625,9.65,1.161,15.696,B,#2,HOLDING,1.000A/B
18057,2026-06-03 16:53:04,27.8125,9.65,1.161,15.696,B,#2,HOLDING,1.537A/B
18058,2026-06-03 16:53:06,28.0875,12.00,1.161,15.696,B,#2,HOLDING,1.379A/B
18059,2026-06-03 16:53:08,28.3625,12.00,1.315,15.600,B,#2,HOLDING,1.209A/B
18060,2026-06-03 16:53:10,28.5875,12.00,1.315,15.600,B,#2,HOLDING,0.992A/B
18061,2026-06-03 16:53:12,28.8625,12.00,1.315,15.600,B,#2,HOLDING,0.827A/B
18062,2026-06-03 16:53:14,29.1250,8.48,1.315,15.600,B,#2,HOLDING,0.632A/B
18063,2026-06-03 16:53:16,29.3750,8.48,0.722,4.487,B,#2,HOLDING,0.426A/B
18064,2026-06-03 16:53:18,29.6250,8.48,0.722,4.487,B,#2,HOLDING,0.158A/B
18065,2026-06-03 16:53:20,29.8750,8.48,0.722,4.487,OFF,#2,HOLDING,0.000A/OFF
18066,2026-06-03 16:53:21,29.8750,8.48,0.722,4.487,OFF,#2,HOLDING,0.143A/A
18067,2026-06-03 16:53:22,30.0625,8.20,0.143,4.487,A,#2,HOLDING,0.334A/A
18068,2026-06-03 16:53:24,30.2375,8.20,0.143,0.000,A,#2,HOLDING,0.561A/A
18069,2026-06-03 16:53:26,30.4250,8.20,0.143,0.000,A,#2,HOLDING,0.780A/A
18070,2026-06-03 16:53:27,30.6250,8.20,0.143,0.000,A,#2,HOLDING,0.996A/A
18071,2026-06-03 16:53:29,30.8000,7.08,0.143,0.000,A,#2,HOLDING,1.252A/A
18072,2026-06-03 16:53:31,30.9500,7.08,1.155,11.568,A,#2,HOLDING,1.506A/A
18073,2026-06-03 16:53:33,31.0375,7.08,1.155,11.568,A,#2,HOLDING,1.830A/A
18074,2026-06-03 16:53:35,31.1125,7.08,1.155,11.568,A,#2,HOLDING,2.051A/A
18075,2026-06-03 16:53:37,31.1500,12.00,1.155,11.568,A,#2,HOLDING,1.000A/A
18076,2026-06-03 16:53:39,31.1750,12.00,1.163,7.930,A,#2,HOLDING,1.500A/A
18077,2026-06-03 16:53:41,31.1875,12.00,1.163,7.930,A,#2,HOLDING,2.305A/A
18078,2026-06-03 16:53:43,31.1375,12.00,1.163,7.930,A,#2,HOLDING,2.521A/A
18079,2026-06-03 16:53:44,31.0750,12.00,1.163,7.930,A,#2,HOLDING,1.000A/A
18080,2026-06-03 16:53:46,30.9500,12.00,1.147,8.250,A,#2,HOLDING,1.000A/A
18081,2026-06-03 16:53:49,30.8375,12.00,1.147,8.250,A,#2,HOLDING,1.000A/A
18082,2026-06-03 16:53:50,30.6875,12.00,1.147,8.250,A,#2,HOLDING,2.740A/A
18083,2026-06-03 16:53:52,30.5500,12.00,1.147,8.250,A,#2,HOLDING,1.500A/A
18084,2026-06-03 16:53:54,30.3750,12.00,1.513,17.940,A,#2,HOLDING,2.952A/A
18085,2026-06-03 16:53:56,30.2375,12.00,1.513,17.940,A,#2,HOLDING,2.000A/A
18086,2026-06-03 16:53:58,30.0625,12.00,1.513,17.940,A,#2,HOLDING,2.000A/A
18087,2026-06-03 16:54:00,29.8875,12.00,1.513,17.940,A,#2,HOLDING,2.000A/A
18088,2026-06-03 16:54:02,29.6875,12.00,1.492,17.652,A,#2,HOLDING,1.500A/A
18089,2026-06-03 16:54:04,29.4500,12.00,1.492,17.652,A,#2,HOLDING,3.000A/A
18090,2026-06-03 16:54:06,29.2500,12.00,1.492,17.652,A,#2,HOLDING,3.000A/A
18091,2026-06-03 16:54:07,29.0125,12.00,1.492,17.652,A,#2,HOLDING,3.000A/A
18092,2026-06-03 16:54:09,28.7875,12.00,1.457,17.304,A,#2,HOLDING,3.000A/A
18093,2026-06-03 16:54:12,28.5625,12.00,1.457,17.304,A,#2,HOLDING,1.000A/A
18094,2026-06-03 16:54:13,28.3125,12.00,1.457,17.304,A,#2,HOLDING,3.000A/A
18095,2026-06-03 16:54:15,28.0625,12.00,1.457,17.304,A,#2,HOLDING,1.500A/A
18096,2026-06-03 16:54:17,27.8125,12.00,1.434,17.076,A,#2,HOLDING,2.000A/A
18097,2026-06-03 16:54:19,27.5625,12.00,1.434,17.076,A,#2,HOLDING,1.000A/A
18098,2026-06-03 16:54:21,27.2875,12.00,1.434,17.076,A,#2,HOLDING,2.000A/A
18099,2026-06-03 16:54:23,27.0625,12.00,1.434,17.076,A,#2,HOLDING,1.000A/A
18100,2026-06-03 16:54:25,26.7875,12.00,1.218,9.170,A,#2,HOLDING,2.988A/A
18101,2026-06-03 16:54:27,26.5625,12.00,1.218,9.170,A,#2,HOLDING,2.500A/A
18102,2026-06-03 16:54:29,26.3125,12.00,1.218,9.170,A,#2,HOLDING,1.000A/A
18103,2026-06-03 16:54:30,26.0750,9.12,1.218,9.170,A,#2,HOLDING,1.000A/A
18104,2026-06-03 16:54:32,25.8250,9.12,1.000,9.230,A,#2,HOLDING,1.500A/A
18105,2026-06-03 16:54:35,25.5750,9.12,1.000,9.230,A,#2,HOLDING,1.500A/A
18106,2026-06-03 16:54:36,25.3750,9.12,1.000,9.230,A,#2,HOLDING,1.500A/A
18107,2026-06-03 16:54:38,25.1375,12.00,1.000,9.230,A,#2,HOLDING,1.500A/A
18108,2026-06-03 16:54:40,24.9375,12.00,1.425,16.944,A,#2,HOLDING,2.937A/A
18109,2026-06-03 16:54:42,24.7000,12.00,1.425,16.944,A,#2,HOLDING,1.000A/A
18110,2026-06-03 16:54:44,24.5000,12.00,1.425,16.944,A,#2,HOLDING,2.000A/A
18111,2026-06-03 16:54:46,24.2625,12.00,1.425,16.944,A,#2,HOLDING,1.000A/A
18112,2026-06-03 16:54:48,24.0625,12.00,1.210,9.230,A,#2,HOLDING,1.000A/A
18113,2026-06-03 16:54:50,23.8500,12.00,1.210,9.230,A,#3,APPROACH,2.944A/A
18114,2026-06-03 16:54:52,23.6250,12.00,1.210,9.230,B,#3,APPROACH,0.242A/B
18115,2026-06-03 16:54:53,23.6250,12.00,1.210,9.230,B,#3,APPROACH,0.270A/B
18116,2026-06-03 16:54:55,23.2000,7.56,1.210,9.230,B,#3,APPROACH,0.378A/B
18117,2026-06-03 16:54:58,23.0125,7.56,1.078,1.039,B,#3,APPROACH,0.494A/B
18118,2026-06-03 16:55:00,22.8625,7.56,1.078,1.039,B,#3,APPROACH,0.647A/B
18119,2026-06-03 16:55:02,22.7750,7.56,1.078,1.039,B,#3,APPROACH,0.748A/B
18120,2026-06-03 16:55:03,22.6750,5.77,1.078,1.039,B,#3,APPROACH,0.896A/B
18121,2026-06-03 16:55:05,22.6125,5.77,0.818,6.379,B,#3,APPROACH,1.053A/B
18122,2026-06-03 16:55:08,22.5625,5.77,0.818,6.379,B,#3,APPROACH,1.000A/B
18123,2026-06-03 16:55:09,22.5625,5.77,0.818,6.379,B,#3,APPROACH,1.000A/B
18124,2026-06-03 16:55:11,22.5625,7.99,0.818,6.379,B,#3,APPROACH,1.276A/B
18125,2026-06-03 16:55:13,22.5875,7.99,1.134,12.811,B,#3,APPROACH,1.000A/B
18126,2026-06-03 16:55:15,22.6125,7.99,1.134,12.811,B,#3,APPROACH,1.000A/B
18127,2026-06-03 16:55:17,22.6375,7.99,1.134,12.811,B,#3,APPROACH,1.000A/B
18128,2026-06-03 16:55:19,22.7375,8.34,1.134,12.811,B,#3,APPROACH,1.464A/B
18129,2026-06-03 16:55:21,22.8500,8.34,1.464,17.055,B,#3,APPROACH,1.650A/B
18130,2026-06-03 16:55:23,22.9500,8.34,1.464,17.055,B,#3,APPROACH,1.889A/B
18131,2026-06-03 16:55:25,23.0500,8.34,1.464,17.055,B,#3,APPROACH,2.000A/B
18132,2026-06-03 16:55:26,23.2000,12.00,1.464,17.055,B,#3,APPROACH,2.000A/B
18133,2026-06-03 16:55:28,23.3625,12.00,1.479,17.484,B,#3,APPROACH,1.000A/B
18134,2026-06-03 16:55:31,23.5125,12.00,1.479,17.484,B,#3,APPROACH,1.500A/B
18135,2026-06-03 16:55:32,23.6875,12.00,1.479,17.484,B,#3,APPROACH,1.000A/B
18136,2026-06-03 16:55:34,23.9125,8.93,1.479,17.484,B,#3,APPROACH,1.992A/B
18137,2026-06-03 16:55:36,24.1125,8.93,1.215,16.980,B,#3,APPROACH,1.500A/B
18138,2026-06-03 16:55:38,24.3125,8.93,1.215,16.980,B,#3,APPROACH,2.000A/B
18139,2026-06-03 16:55:40,24.5000,8.93,1.215,16.980,B,#3,APPROACH,2.000A/B
18140,2026-06-03 16:55:42,24.7000,12.00,1.215,16.980,B,#3,APPROACH,1.500A/B
18141,2026-06-03 16:55:44,24.9375,12.00,1.391,16.452,B,#3,APPROACH,2.000A/B
18142,2026-06-03 16:55:46,25.1875,12.00,1.391,16.452,B,#3,APPROACH,2.000A/B
18143,2026-06-03 16:55:48,25.4000,12.00,1.391,16.452,B,#3,APPROACH,2.000A/B
18144,2026-06-03 16:55:50,25.6250,12.00,1.391,16.452,B,#3,APPROACH,1.500A/B
18145,2026-06-03 16:55:51,25.8500,12.00,1.371,16.248,B,#3,APPROACH,1.987A/B
18146,2026-06-03 16:55:54,26.1000,12.00,1.371,16.248,B,#3,APPROACH,2.076A/B
18147,2026-06-03 16:55:55,26.3375,12.00,1.371,16.248,B,#3,APPROACH,2.116A/B
18148,2026-06-03 16:55:57,26.5875,12.00,1.371,16.248,B,#3,APPROACH,1.000A/B
18149,2026-06-03 16:55:59,26.8375,12.00,1.179,9.600,B,#3,APPROACH,2.142A/B
18150,2026-06-03 16:56:01,27.0875,12.00,1.179,9.600,B,#3,APPROACH,2.187A/B
18151,2026-06-03 16:56:03,27.3375,12.00,1.179,9.600,B,#3,HOLDING,2.000A/B
18152,2026-06-03 16:56:05,27.5625,12.00,1.179,9.600,OFF,#3,HOLDING,0.000A/OFF
18153,2026-06-03 16:56:06,27.5625,12.00,1.179,9.600,OFF,#3,HOLDING,0.000A/OFF
18154,2026-06-03 16:56:07,27.8000,12.00,1.340,9.600,OFF,#3,HOLDING,0.000A/OFF
18155,2026-06-03 16:56:08,27.8000,12.00,1.340,15.912,OFF,#3,HOLDING,0.000A/OFF
18156,2026-06-03 16:56:09,28.0250,12.00,1.340,15.912,OFF,#3,HOLDING,0.000A/OFF
18157,2026-06-03 16:56:10,28.0250,12.00,1.340,15.912,OFF,#3,HOLDING,0.000A/OFF
18158,2026-06-03 16:56:11,28.2750,12.00,1.340,15.912,OFF,#3,HOLDING,0.000A/OFF
18159,2026-06-03 16:56:12,28.2750,12.00,1.340,15.912,OFF,#3,HOLDING,0.000A/OFF
18160,2026-06-03 16:56:13,28.5250,12.00,0.000,15.912,OFF,#3,HOLDING,0.000A/OFF
18161,2026-06-03 16:56:14,28.5250,12.00,0.000,0.000,OFF,#3,HOLDING,0.000A/OFF
18162,2026-06-03 16:56:15,28.7375,12.00,0.000,0.000,OFF,#3,HOLDING,0.000A/OFF
18163,2026-06-03 16:56:16,28.9375,12.00,0.000,0.000,OFF,#3,HOLDING,0.000A/OFF
18164,2026-06-03 16:56:17,28.9375,12.00,0.000,0.000,OFF,#3,HOLDING,0.000A/OFF
18165,2026-06-03 16:56:18,29.1125,12.00,0.000,0.000,A,#3,HOLDING,0.163A/A
18166,2026-06-03 16:56:20,29.2625,12.00,0.081,0.071,A,#3,HOLDING,0.193A/A
18167,2026-06-03 16:56:22,29.4250,12.00,0.081,0.071,A,#3,HOLDING,0.278A/A
18168,2026-06-03 16:56:24,29.5250,12.00,0.081,0.071,A,#3,HOLDING,0.309A/A
18169,2026-06-03 16:56:26,29.6375,1.85,0.081,0.071,A,#3,HOLDING,0.368A/A
18170,2026-06-03 16:56:28,29.6875,1.85,0.336,0.916,A,#3,HOLDING,0.421A/A
18171,2026-06-03 16:56:30,29.7625,1.85,0.336,0.916,A,#3,HOLDING,0.499A/A
18172,2026-06-03 16:56:31,29.8375,1.85,0.336,0.916,A,#3,HOLDING,0.555A/A
18173,2026-06-03 16:56:33,29.8500,4.14,0.336,0.916,A,#3,HOLDING,0.617A/A
18174,2026-06-03 16:56:35,29.8500,4.14,0.617,2.980,A,#3,HOLDING,0.676A/A
18175,2026-06-03 16:56:38,29.8750,4.14,0.617,2.980,A,#3,HOLDING,0.755A/A
18176,2026-06-03 16:56:39,29.8750,4.14,0.617,2.980,A,#3,HOLDING,0.811A/A
18177,2026-06-03 16:56:41,29.8125,6.42,0.617,2.980,A,#3,HOLDING,0.865A/A
18178,2026-06-03 16:56:43,29.7625,6.42,0.865,6.106,A,#3,HOLDING,0.917A/A
18179,2026-06-03 16:56:45,29.6875,6.42,0.865,6.106,A,#3,HOLDING,0.983A/A
18180,2026-06-03 16:56:47,29.6125,6.42,0.865,6.106,A,#3,HOLDING,1.025A/A
18181,2026-06-03 16:56:49,29.5125,8.30,0.865,6.106,A,#3,HOLDING,1.067A/A
18182,2026-06-03 16:56:51,29.3875,8.30,1.044,9.368,A,#3,HOLDING,1.102A/A
18183,2026-06-03 16:56:53,29.2750,8.30,1.044,9.368,A,#3,HOLDING,1.153A/A
18184,2026-06-03 16:56:55,29.1500,8.30,1.044,9.368,A,#3,HOLDING,1.176A/A
18185,2026-06-03 16:56:56,29.0125,9.58,1.044,9.368,A,#3,HOLDING,1.157A/A
18186,2026-06-03 16:56:58,28.8625,9.58,1.157,11.118,A,#3,HOLDING,1.179A/A
18187,2026-06-03 16:57:01,28.7000,9.58,1.157,11.118,A,#3,HOLDING,1.210A/A
18188,2026-06-03 16:57:02,28.5000,9.58,1.157,11.118,A,#3,HOLDING,1.215A/A
18189,2026-06-03 16:57:04,28.3250,10.05,1.157,11.118,A,#3,HOLDING,1.222A/A
18190,2026-06-03 16:57:06,28.1250,10.05,1.222,12.537,A,#3,HOLDING,1.217A/A
18191,2026-06-03 16:57:08,27.9500,10.05,1.222,12.537,A,#3,HOLDING,1.218A/A
18192,2026-06-03 16:57:10,27.7500,10.05,1.222,12.537,A,#3,HOLDING,1.000A/A
18193,2026-06-03 16:57:12,27.5375,8.71,1.222,12.537,A,#3,HOLDING,1.198A/A
18194,2026-06-03 16:57:14,27.3125,8.71,1.198,12.291,A,#3,HOLDING,1.160A/A
18195,2026-06-03 16:57:16,27.1375,8.71,1.198,12.291,A,#3,HOLDING,1.122A/A
18196,2026-06-03 16:57:18,26.9125,8.71,1.198,12.291,A,#3,HOLDING,1.019A/A
18197,2026-06-03 16:57:20,26.7000,8.96,1.198,12.291,A,#3,HOLDING,0.957A/A
18198,2026-06-03 16:57:21,26.4750,8.96,0.957,8.278,A,#3,HOLDING,0.875A/A
18199,2026-06-03 16:57:24,26.2625,8.96,0.957,8.278,A,#3,HOLDING,0.786A/A
18200,2026-06-03 16:57:25,26.0375,8.96,0.957,8.278,A,#3,HOLDING,0.702A/A
18201,2026-06-03 16:57:27,25.8250,6.63,0.957,8.278,A,#3,HOLDING,0.607A/A
18202,2026-06-03 16:57:29,25.6250,6.63,0.607,3.648,A,#3,HOLDING,0.500A/A
18203,2026-06-03 16:57:31,25.4375,6.63,0.607,3.648,A,#3,HOLDING,0.375A/A
18204,2026-06-03 16:57:33,25.1875,6.63,0.607,3.648,A,#3,HOLDING,0.259A/A
18205,2026-06-03 16:57:35,25.0125,3.08,0.607,3.648,A,#3,HOLDING,0.186A/A
18206,2026-06-03 16:57:37,24.8125,3.08,0.186,3.648,OFF,#3,HOLDING,0.000A/OFF
18207,2026-06-03 16:57:38,24.8125,3.08,0.186,0.470,OFF,#3,HOLDING,0.000A/OFF
18208,2026-06-03 16:57:39,24.6500,3.08,0.186,0.470,OFF,#3,HOLDING,0.000A/OFF
18209,2026-06-03 16:57:40,24.6500,3.08,0.186,0.470,B,#3,HOLDING,0.151A/B
18210,2026-06-03 16:57:42,24.5000,3.08,0.186,0.470,B,#3,HOLDING,0.306A/B
18211,2026-06-03 16:57:43,24.3375,4.37,0.306,0.470,B,#3,HOLDING,0.431A/B
18212,2026-06-03 16:57:45,24.1875,4.37,0.306,1.456,B,#3,HOLDING,0.587A/B
18213,2026-06-03 16:57:47,24.0875,4.37,0.306,1.456,B,#3,HOLDING,0.721A/B
18214,2026-06-03 16:57:48,23.9875,4.37,0.306,1.456,B,#3,HOLDING,0.855A/B
18215,2026-06-03 16:57:50,23.9000,6.87,0.306,1.456,B,#3,HOLDING,1.013A/B
18216,2026-06-03 16:57:52,23.8250,6.87,0.940,8.278,B,#3,HOLDING,1.174A/B
18217,2026-06-03 16:57:55,23.7500,6.87,0.940,8.278,B,#3,HOLDING,1.383A/B
18218,2026-06-03 16:57:56,23.7250,6.87,0.940,8.278,B,#3,HOLDING,1.000A/B
18219,2026-06-03 16:57:58,23.7500,8.29,0.940,8.278,B,#3,HOLDING,1.518A/B
18220,2026-06-03 16:58:00,23.7500,8.29,1.269,18.049,B,#3,HOLDING,1.676A/B
18221,2026-06-03 16:58:02,23.7625,8.29,1.269,18.049,B,#3,HOLDING,1.500A/B
18222,2026-06-03 16:58:04,23.8125,8.29,1.269,18.049,B,#3,HOLDING,1.877A/B
18223,2026-06-03 16:58:06,23.8875,12.00,1.269,18.049,B,#3,HOLDING,2.029A/B
18224,2026-06-03 16:58:08,24.0125,12.00,1.496,17.688,B,#3,HOLDING,2.170A/B
18225,2026-06-03 16:58:10,24.1000,12.00,1.496,17.688,B,#3,HOLDING,2.354A/B
18226,2026-06-03 16:58:12,24.2250,12.00,1.496,17.688,B,#3,HOLDING,2.470A/B
18227,2026-06-03 16:58:13,24.3875,12.00,1.496,17.688,B,#3,HOLDING,2.596A/B
18228,2026-06-03 16:58:15,24.5625,12.00,1.441,17.088,B,#3,HOLDING,2.000A/B
18229,2026-06-03 16:58:18,24.7250,12.00,1.441,17.088,B,#3,HOLDING,1.500A/B
18230,2026-06-03 16:58:19,24.8750,12.00,1.441,17.088,B,#3,HOLDING,2.500A/B
18231,2026-06-03 16:58:21,25.0625,12.00,1.441,17.088,B,#3,HOLDING,1.000A/B
18232,2026-06-03 16:58:23,25.3125,12.00,1.173,9.320,B,#3,HOLDING,1.000A/B
18233,2026-06-03 16:58:25,25.4625,12.00,1.173,9.320,B,#3,HOLDING,2.000A/B
18234,2026-06-03 16:58:27,25.6875,12.00,1.173,9.320,B,#3,HOLDING,2.607A/B
18235,2026-06-03 16:58:29,25.9000,12.00,1.173,9.320,B,#3,HOLDING,1.500A/B
18236,2026-06-03 16:58:31,26.1000,12.00,1.384,16.428,B,#3,HOLDING,2.500A/B
18237,2026-06-03 16:58:33,26.3000,12.00,1.384,16.428,B,#3,HOLDING,1.000A/B
18238,2026-06-03 16:58:35,26.5000,12.00,1.384,16.428,B,#3,HOLDING,2.656A/B
18239,2026-06-03 16:58:36,26.7125,12.00,1.384,16.428,B,#3,HOLDING,2.500A/B
18240,2026-06-03 16:58:38,26.9375,12.00,1.357,16.092,B,#3,HOLDING,2.500A/B
18241,2026-06-03 16:58:41,27.1750,12.00,1.357,16.092,B,#3,HOLDING,2.000A/B
18242,2026-06-03 16:58:42,27.3750,12.00,1.357,16.092,B,#3,HOLDING,1.500A/B
18243,2026-06-03 16:58:44,27.6125,12.00,1.357,16.092,B,#3,HOLDING,1.000A/B
18244,2026-06-03 16:58:46,27.8375,12.00,1.120,9.710,B,#3,HOLDING,2.500A/B
18245,2026-06-03 16:58:48,28.0500,12.00,1.120,9.710,B,#3,HOLDING,2.500A/B
18246,2026-06-03 16:58:50,28.3000,12.00,1.120,9.710,B,#3,HOLDING,2.000A/B
18247,2026-06-03 16:58:52,28.5000,12.00,1.120,9.710,B,#3,HOLDING,2.000A/B
18248,2026-06-03 16:58:54,28.7500,12.00,1.324,15.744,B,#3,HOLDING,2.500A/B
18249,2026-06-03 16:58:56,28.9625,12.00,1.324,15.744,B,#3,HOLDING,1.500A/B
18250,2026-06-03 16:58:58,29.1875,12.00,1.324,15.744,B,#3,HOLDING,2.000A/B
18251,2026-06-03 16:58:59,29.3750,12.00,1.324,15.744,B,#3,HOLDING,2.562A/B
18252,2026-06-03 16:59:01,29.6250,12.00,1.309,15.540,B,#3,HOLDING,2.000A/B
18253,2026-06-03 16:59:04,29.8000,12.00,1.309,15.540,B,#3,HOLDING,2.487A/B
18254,2026-06-03 16:59:05,30.0000,12.00,1.309,15.540,B,#3,HOLDING,1.000A/B
18255,2026-06-03 16:59:07,30.2125,9.78,1.309,15.540,B,#3,HOLDING,2.000A/B
18256,2026-06-03 16:59:09,30.4375,9.78,1.300,15.444,B,#3,HOLDING,1.000A/B
18257,2026-06-03 16:59:11,30.6500,9.78,1.300,15.444,B,#3,HOLDING,2.376A/B
18258,2026-06-03 16:59:13,30.8750,9.78,1.300,15.444,B,#3,HOLDING,1.500A/B
18259,2026-06-03 16:59:15,31.0500,12.00,1.300,15.444,B,#3,HOLDING,1.000A/B
18260,2026-06-03 16:59:17,31.2500,12.00,1.142,9.960,B,#3,HOLDING,2.000A/B
18261,2026-06-03 16:59:19,31.4375,12.00,1.142,9.960,B,#3,HOLDING,2.295A/B
18262,2026-06-03 16:59:21,31.6375,12.00,1.142,9.960,B,#3,HOLDING,2.000A/B
18263,2026-06-03 16:59:23,31.8000,12.00,1.142,9.960,B,#3,HOLDING,2.163A/B
18264,2026-06-03 16:59:24,32.0250,12.00,1.290,15.324,B,#3,HOLDING,2.000A/B
18265,2026-06-03 16:59:27,32.1750,12.00,1.290,15.324,B,#3,HOLDING,1.999A/B
18266,2026-06-03 16:59:28,32.3500,12.00,1.290,15.324,B,#3,HOLDING,1.852A/B
18267,2026-06-03 16:59:30,32.5500,12.00,1.290,15.324,B,#3,HOLDING,1.500A/B
18268,2026-06-03 16:59:32,32.7000,12.00,1.282,15.228,B,#3,HOLDING,1.667A/B
18269,2026-06-03 16:59:35,32.8875,12.00,1.282,15.228,B,#3,HOLDING,1.432A/B
18270,2026-06-03 16:59:36,33.0625,12.00,1.282,15.228,B,#3,HOLDING,1.263A/B
18271,2026-06-03 16:59:38,33.2250,11.81,1.282,15.228,B,#3,HOLDING,1.065A/B
18272,2026-06-03 16:59:40,33.3750,11.81,1.163,11.214,B,#3,HOLDING,0.863A/B
18273,2026-06-03 16:59:42,33.5000,11.81,1.163,11.214,B,#3,HOLDING,0.604A/B
18274,2026-06-03 16:59:44,33.6500,11.81,1.163,11.214,B,#3,HOLDING,0.416A/B
18275,2026-06-03 16:59:46,33.8000,5.49,1.163,11.214,B,#3,HOLDING,0.199A/B
18276,2026-06-03 16:59:48,33.9250,5.49,0.306,11.214,OFF,#3,HOLDING,0.000A/OFF
18277,2026-06-03 16:59:49,33.9250,5.49,0.306,0.718,OFF,#3,HOLDING,0.136A/A
18278,2026-06-03 16:59:50,34.0500,5.49,0.306,0.718,A,#3,HOLDING,0.325A/A
18279,2026-06-03 16:59:52,34.1750,5.49,0.306,0.718,A,#3,HOLDING,0.526A/A
18280,2026-06-03 16:59:54,34.2875,3.38,0.306,0.718,A,#3,HOLDING,0.765A/A
18281,2026-06-03 16:59:55,34.3875,3.38,0.643,4.284,A,#3,HOLDING,0.999A/A
18282,2026-06-03 16:59:58,34.4375,3.38,0.643,4.284,A,#3,HOLDING,1.298A/A
18283,2026-06-03 16:59:59,34.4875,3.38,0.643,4.284,A,#3,HOLDING,1.000A/A
18284,2026-06-03 17:00:01,34.5625,7.58,0.643,4.284,A,#3,HOLDING,1.500A/A
18285,2026-06-03 17:00:03,34.5375,7.58,1.246,16.815,A,#3,HOLDING,1.502A/A
18286,2026-06-03 17:00:05,34.5625,7.58,1.246,16.815,A,#3,HOLDING,1.810A/A
18287,2026-06-03 17:00:07,34.5125,7.58,1.246,16.815,A,#3,HOLDING,1.500A/A
18288,2026-06-03 17:00:09,34.4000,11.36,1.246,16.815,A,#3,HOLDING,1.998A/A
18289,2026-06-03 17:00:11,34.3250,11.36,1.552,18.564,A,#3,HOLDING,2.220A/A
18290,2026-06-03 17:00:13,34.1875,11.36,1.552,18.564,A,#3,HOLDING,2.500A/A
18291,2026-06-03 17:00:15,34.0625,11.36,1.552,18.564,A,#3,HOLDING,1.500A/A
18292,2026-06-03 17:00:17,33.8875,11.75,1.552,18.564,A,#3,HOLDING,2.482A/A
18293,2026-06-03 17:00:18,33.6875,11.75,1.527,18.192,A,#3,HOLDING,2.000A/A
18294,2026-06-03 17:00:21,33.4750,11.75,1.527,18.192,A,#3,HOLDING,1.000A/A
18295,2026-06-03 17:00:22,33.2500,11.75,1.527,18.192,A,#3,HOLDING,1.500A/A
18296,2026-06-03 17:00:24,33.0000,11.95,1.527,18.192,A,#3,HOLDING,2.000A/A
18297,2026-06-03 17:00:26,32.7500,11.95,1.491,17.664,A,#3,HOLDING,1.500A/A
18298,2026-06-03 17:00:28,32.5125,11.95,1.491,17.664,A,#3,HOLDING,2.610A/A
18299,2026-06-03 17:00:30,32.2625,11.95,1.491,17.664,A,#3,HOLDING,1.000A/A
18300,2026-06-03 17:00:32,31.9750,8.87,1.491,17.664,A,#3,HOLDING,2.000A/A
18301,2026-06-03 17:00:34,31.7000,8.87,1.284,17.292,A,#3,HOLDING,2.000A/A
18302,2026-06-03 17:00:36,31.4125,8.87,1.284,17.292,A,#3,HOLDING,1.500A/A
18303,2026-06-03 17:00:38,31.1375,8.87,1.284,17.292,A,#3,HOLDING,2.500A/A
18304,2026-06-03 17:00:40,30.8750,12.00,1.284,17.292,A,#3,HOLDING,2.598A/A
18305,2026-06-03 17:00:41,30.5750,12.00,1.440,17.160,A,#3,HOLDING,1.500A/A
18306,2026-06-03 17:00:44,30.3125,12.00,1.440,17.160,A,#3,HOLDING,1.500A/A
18307,2026-06-03 17:00:45,30.0125,12.00,1.440,17.160,A,#3,HOLDING,2.646A/A
18308,2026-06-03 17:00:47,29.7250,12.00,1.440,17.160,A,#3,HOLDING,1.500A/A
18309,2026-06-03 17:00:49,29.4250,12.00,1.428,17.016,A,#3,HOLDING,1.500A/A
18310,2026-06-03 17:00:52,29.1250,12.00,1.428,17.016,A,#3,HOLDING,2.500A/A
18311,2026-06-03 17:00:53,28.8000,12.00,1.428,17.016,A,#3,HOLDING,2.611A/A
18312,2026-06-03 17:00:55,28.5375,12.00,1.428,17.016,A,#3,HOLDING,2.500A/A
18313,2026-06-03 17:00:57,28.2375,12.00,1.413,16.836,A,#3,HOLDING,2.629A/A
18314,2026-06-03 17:00:59,27.9500,12.00,1.413,16.836,A,#4,APPROACH,2.635A/A
18315,2026-06-03 17:01:01,27.6750,12.00,1.413,16.836,A,#4,APPROACH,0.250A/A
18316,2026-06-03 17:01:02,27.4000,12.00,1.413,16.836,A,#4,APPROACH,0.222A/A
18317,2026-06-03 17:01:05,27.1000,12.00,1.413,16.836,A,#4,APPROACH,0.212A/A
18318,2026-06-03 17:01:07,26.8250,12.00,0.795,0.676,A,#4,APPROACH,0.206A/A
18319,2026-06-03 17:01:09,26.5750,12.00,0.795,0.676,A,#4,APPROACH,0.226A/A
18320,2026-06-03 17:01:11,26.3250,12.00,0.795,0.676,A,#4,APPROACH,0.234A/A
18321,2026-06-03 17:01:13,26.0500,3.16,0.795,0.676,A,#4,APPROACH,0.247A/A
18322,2026-06-03 17:01:14,25.8250,3.16,0.247,0.815,A,#4,APPROACH,0.268A/A
18323,2026-06-03 17:01:17,25.6250,3.16,0.247,0.815,A,#4,APPROACH,0.268A/A
18324,2026-06-03 17:01:18,25.4500,3.16,0.247,0.815,A,#4,APPROACH,0.310A/A
18325,2026-06-03 17:01:20,25.2500,3.67,0.247,0.815,A,#4,APPROACH,0.360A/A
18326,2026-06-03 17:01:22,25.0750,3.67,0.348,1.468,A,#4,APPROACH,0.412A/A
18327,2026-06-03 17:01:24,24.8750,3.67,0.348,1.468,A,#4,APPROACH,0.501A/A
18328,2026-06-03 17:01:26,24.7000,3.67,0.348,1.468,A,#4,APPROACH,0.556A/A
18329,2026-06-03 17:01:28,24.5500,5.52,0.348,1.468,A,#4,APPROACH,0.621A/A
18330,2026-06-03 17:01:30,24.4250,5.52,0.601,3.825,A,#4,APPROACH,0.682A/A
18331,2026-06-03 17:01:32,24.3000,5.52,0.601,3.825,A,#4,APPROACH,0.763A/A
18332,2026-06-03 17:01:34,24.1375,5.52,0.601,3.825,A,#4,APPROACH,0.797A/A
18333,2026-06-03 17:01:36,23.9875,7.42,0.601,3.825,A,#4,APPROACH,0.836A/A
18334,2026-06-03 17:01:37,23.9000,7.42,0.824,6.529,A,#4,APPROACH,0.877A/A
18335,2026-06-03 17:01:40,23.7500,7.42,0.824,6.529,A,#4,APPROACH,0.927A/A
18336,2026-06-03 17:01:41,23.6375,7.42,0.824,6.529,A,#4,HOLDING,0.906A/A
18337,2026-06-03 17:01:43,23.4875,7.42,0.824,6.529,OFF,#4,HOLDING,0.000A/OFF
18338,2026-06-03 17:01:44,23.3875,8.25,0.824,6.529,OFF,#4,HOLDING,0.000A/OFF
18339,2026-06-03 17:01:45,23.3875,8.25,0.906,6.529,OFF,#4,HOLDING,0.000A/OFF
18340,2026-06-03 17:01:46,23.2375,8.25,0.906,0.000,OFF,#4,HOLDING,0.000A/OFF
18341,2026-06-03 17:01:47,23.2375,8.25,0.906,0.000,OFF,#4,HOLDING,0.000A/OFF
18342,2026-06-03 17:01:48,23.0875,8.25,0.906,0.000,OFF,#4,HOLDING,0.000A/OFF
18343,2026-06-03 17:01:49,23.0875,8.25,0.906,0.000,OFF,#4,HOLDING,0.000A/OFF
18344,2026-06-03 17:01:50,22.9875,12.00,0.906,0.000,OFF,#4,HOLDING,0.000A/OFF
18345,2026-06-03 17:01:51,22.9875,12.00,0.000,0.000,OFF,#4,HOLDING,0.000A/OFF
18346,2026-06-03 17:01:52,22.8875,12.00,0.000,0.000,OFF,#4,HOLDING,0.000A/OFF
18347,2026-06-03 17:01:53,22.8875,12.00,0.000,0.000,OFF,#4,HOLDING,0.000A/OFF
18348,2026-06-03 17:01:54,22.7375,12.00,0.000,0.000,OFF,#4,HOLDING,0.000A/OFF
18349,2026-06-03 17:01:55,22.7375,12.00,0.000,0.000,OFF,#4,HOLDING,0.000A/OFF
18350,2026-06-03 17:01:56,22.6500,12.00,0.000,0.000,OFF,#4,HOLDING,0.000A/OFF
18351,2026-06-03 17:01:57,22.6500,12.00,0.000,0.000,OFF,#4,HOLDING,0.000A/OFF
18352,2026-06-03 17:01:58,22.5750,12.00,0.000,0.000,OFF,#4,HOLDING,0.000A/OFF
18353,2026-06-03 17:01:59,22.5750,12.00,0.000,0.000,OFF,#4,HOLDING,0.000A/OFF
18354,2026-06-03 17:02:00,22.5250,12.00,0.000,0.000,OFF,#4,HOLDING,0.000A/OFF
18355,2026-06-03 17:02:01,22.4500,12.00,0.000,0.000,OFF,#4,HOLDING,0.000A/OFF
18356,2026-06-03 17:02:02,22.4500,12.00,0.000,0.000,OFF,#4,HOLDING,0.000A/OFF
18357,2026-06-03 17:02:03,22.4000,12.00,0.000,0.000,OFF,#4,HOLDING,0.000A/OFF
18358,2026-06-03 17:02:04,22.4000,12.00,0.000,0.000,OFF,#4,HOLDING,0.000A/OFF
18359,2026-06-03 17:02:05,22.3500,12.00,0.000,0.000,OFF,#4,HOLDING,0.000A/OFF
18360,2026-06-03 17:02:06,22.3500,12.00,0.000,0.000,OFF,#4,HOLDING,0.000A/OFF
18361,2026-06-03 17:02:08,22.3125,12.00,0.000,0.000,OFF,#4,HOLDING,0.000A/OFF
18362,2026-06-03 17:02:09,22.3125,12.00,0.000,0.000,OFF,#4,HOLDING,0.000A/OFF
18363,2026-06-03 17:02:10,22.2625,12.00,0.000,0.000,OFF,#4,HOLDING,0.000A/OFF
18364,2026-06-03 17:02:11,22.2625,12.00,0.000,0.000,OFF,#4,HOLDING,0.000A/OFF
18365,2026-06-03 17:02:12,22.2500,12.00,0.000,0.000,OFF,#4,HOLDING,0.000A/OFF
18366,2026-06-03 17:02:13,22.2500,12.00,0.000,0.000,OFF,#4,HOLDING,0.000A/OFF
18367,2026-06-03 17:02:14,22.2000,12.00,0.000,0.000,OFF,#4,HOLDING,0.000A/OFF
18368,2026-06-03 17:02:15,22.2000,12.00,0.000,0.000,OFF,#4,HOLDING,0.000A/OFF
18369,2026-06-03 17:02:16,22.1875,12.00,0.000,0.000,OFF,#4,HOLDING,0.000A/OFF
18370,2026-06-03 17:02:17,22.1875,12.00,0.000,0.000,OFF,#4,HOLDING,0.000A/OFF
18371,2026-06-03 17:02:18,22.1875,12.00,0.000,0.000,OFF,#4,HOLDING,0.000A/OFF
18372,2026-06-03 17:02:19,22.1875,12.00,0.000,0.000,OFF,#4,HOLDING,0.000A/OFF
18373,2026-06-03 17:02:20,22.1875,12.00,0.000,0.000,OFF,#4,HOLDING,0.000A/OFF
18374,2026-06-03 17:02:21,22.1875,12.00,0.000,0.000,OFF,#4,HOLDING,0.000A/OFF
18375,2026-06-03 17:02:22,22.1375,12.00,0.000,0.000,OFF,#4,HOLDING,0.000A/OFF
18376,2026-06-03 17:02:23,22.1375,12.00,0.000,0.000,OFF,#4,HOLDING,0.000A/OFF
18377,2026-06-03 17:02:24,22.1750,12.00,0.000,0.000,B,#4,HOLDING,0.103A/B
18378,2026-06-03 17:02:25,22.1500,12.00,0.000,0.000,B,#4,HOLDING,0.115A/B
18379,2026-06-03 17:02:27,22.1250,12.00,0.000,0.000,B,#4,HOLDING,0.137A/B
18380,2026-06-03 17:02:29,22.1250,12.00,0.000,0.000,B,#4,HOLDING,0.162A/B
18381,2026-06-03 17:02:30,22.1250,1.36,0.000,0.000,B,#4,HOLDING,0.183A/B
18382,2026-06-03 17:02:32,22.1250,1.36,0.171,0.290,B,#4,HOLDING,0.199A/B
18383,2026-06-03 17:02:35,22.1375,1.36,0.171,0.290,B,#4,HOLDING,0.225A/B
18384,2026-06-03 17:02:36,22.1875,1.36,0.171,0.290,B,#4,HOLDING,0.236A/B
18385,2026-06-03 17:02:38,22.1875,2.08,0.171,0.290,B,#4,HOLDING,0.255A/B
18386,2026-06-03 17:02:40,22.1875,2.08,0.255,0.583,B,#4,HOLDING,0.274A/B
18387,2026-06-03 17:02:42,22.1875,2.08,0.255,0.583,B,#5,APPROACH,0.304A/B
18388,2026-06-03 17:02:44,22.2375,2.08,0.255,0.583,B,#5,APPROACH,0.229A/B
18389,2026-06-03 17:02:46,22.2375,2.08,0.255,0.583,B,#5,APPROACH,0.249A/B
18390,2026-06-03 17:02:48,22.2500,7.24,0.255,0.583,B,#5,APPROACH,0.294A/B
18391,2026-06-03 17:02:50,22.2875,7.24,0.382,0.902,B,#5,APPROACH,0.354A/B
18392,2026-06-03 17:02:52,22.3375,7.24,0.382,0.902,B,#5,APPROACH,0.436A/B
18393,2026-06-03 17:02:54,22.3875,7.24,0.382,0.902,B,#5,APPROACH,0.495A/B
18394,2026-06-03 17:02:56,22.4875,4.63,0.382,0.902,B,#5,APPROACH,0.571A/B
18395,2026-06-03 17:02:57,22.5750,4.63,0.531,3.060,B,#5,APPROACH,0.663A/B
18396,2026-06-03 17:03:00,22.6500,4.63,0.531,3.060,B,#5,APPROACH,0.805A/B
18397,2026-06-03 17:03:01,22.7250,4.63,0.531,3.060,B,#5,APPROACH,0.909A/B
18398,2026-06-03 17:03:03,22.8000,7.85,0.531,3.060,B,#5,APPROACH,1.040A/B
18399,2026-06-03 17:03:05,22.8875,7.85,1.040,9.287,B,#5,APPROACH,1.173A/B
18400,2026-06-03 17:03:08,22.9875,7.85,1.040,9.287,B,#5,APPROACH,1.343A/B
18401,2026-06-03 17:03:09,23.1000,7.85,1.040,9.287,B,#5,APPROACH,1.449A/B
18402,2026-06-03 17:03:11,23.2000,11.67,1.040,9.287,B,#5,APPROACH,1.500A/B
18403,2026-06-03 17:03:13,23.3250,11.67,1.480,17.580,B,#5,APPROACH,1.566A/B
18404,2026-06-03 17:03:15,23.4500,11.67,1.480,17.580,B,#5,APPROACH,1.718A/B
18405,2026-06-03 17:03:17,23.5750,11.67,1.480,17.580,B,#5,APPROACH,1.801A/B
18406,2026-06-03 17:03:19,23.7500,12.00,1.480,17.580,B,#5,APPROACH,1.857A/B
18407,2026-06-03 17:03:21,23.9250,12.00,1.438,17.040,B,#5,APPROACH,1.937A/B
18408,2026-06-03 17:03:23,24.1000,12.00,1.438,17.040,B,#5,APPROACH,1.500A/B
18409,2026-06-03 17:03:25,24.2500,12.00,1.438,17.040,B,#5,APPROACH,2.000A/B
18410,2026-06-03 17:03:26,24.4750,12.00,1.438,17.040,B,#5,APPROACH,2.000A/B
18411,2026-06-03 17:03:28,24.6750,12.00,1.401,16.620,B,#5,APPROACH,2.010A/B
18412,2026-06-03 17:03:31,24.8750,12.00,1.401,16.620,B,#5,APPROACH,2.086A/B
18413,2026-06-03 17:03:32,25.1125,12.00,1.401,16.620,B,#5,APPROACH,2.000A/B
18414,2026-06-03 17:03:34,25.3375,12.00,1.401,16.620,B,#5,APPROACH,1.000A/B
18415,2026-06-03 17:03:36,25.5625,12.00,1.051,9.440,B,#5,APPROACH,2.000A/B
18416,2026-06-03 17:03:38,25.8125,12.00,1.051,9.440,B,#5,HOLDING,1.500A/B
18417,2026-06-03 17:03:40,26.0500,12.00,1.051,9.440,OFF,#5,HOLDING,0.000A/OFF
18418,2026-06-03 17:03:41,26.0500,12.00,1.051,9.440,OFF,#5,HOLDING,0.000A/OFF
18419,2026-06-03 17:03:42,26.2750,12.00,1.051,9.440,OFF,#5,HOLDING,0.000A/OFF
18420,2026-06-03 17:03:43,26.2750,12.00,0.000,0.000,B,#1,APPROACH,0.283A/B
18421,2026-06-03 17:03:45,26.6875,12.00,0.000,0.000,B,#1,APPROACH,0.406A/B
18422,2026-06-03 17:03:48,26.9250,12.00,0.000,0.000,B,#1,APPROACH,0.515A/B
18423,2026-06-03 17:03:49,27.0750,12.00,0.000,0.000,B,#1,APPROACH,0.540A/B
18424,2026-06-03 17:03:51,27.0750,5.80,0.000,0.000,B,#1,APPROACH,0.666A/B
18425,2026-06-03 17:03:53,27.2375,5.80,0.666,4.528,B,#1,APPROACH,0.764A/B
18426,2026-06-03 17:03:55,27.3875,5.80,0.666,4.528,B,#1,APPROACH,0.888A/B
18427,2026-06-03 17:03:57,27.5500,5.80,0.666,4.528,B,#1,APPROACH,0.937A/B
18428,2026-06-03 17:03:58,27.6750,8.77,0.666,4.528,B,#1,APPROACH,1.023A/B
18429,2026-06-03 17:04:00,27.8250,8.77,0.977,9.729,B,#1,APPROACH,1.092A/B
18430,2026-06-03 17:04:03,27.9500,8.77,0.977,9.729,B,#1,APPROACH,1.192A/B
18431,2026-06-03 17:04:04,28.1000,8.77,0.977,9.729,B,#1,APPROACH,1.000A/B
18432,2026-06-03 17:04:06,28.2500,9.31,0.977,9.729,B,#1,APPROACH,1.000A/B
18433,2026-06-03 17:04:08,28.3625,9.31,1.000,9.440,B,#1,APPROACH,1.000A/B
18434,2026-06-03 17:04:10,28.5125,9.31,1.000,9.440,B,#1,APPROACH,1.225A/B
18435,2026-06-03 17:04:12,28.6125,9.31,1.000,9.440,B,#1,APPROACH,1.269A/B
18436,2026-06-03 17:04:14,28.7625,11.19,1.000,9.440,B,#1,APPROACH,1.304A/B
18437,2026-06-03 17:04:16,28.9125,11.19,1.304,15.165,B,#1,APPROACH,1.334A/B
18438,2026-06-03 17:04:18,29.1750,11.19,1.304,15.165,B,#1,HOLDING,1.311A/B
18439,2026-06-03 17:04:20,29.1750,11.19,1.304,15.165,OFF,#1,HOLDING,0.000A/OFF
18440,2026-06-03 17:04:21,29.3250,11.19,1.304,15.165,OFF,#1,HOLDING,0.000A/OFF
18441,2026-06-03 17:04:22,29.3250,12.00,1.304,15.165,OFF,#1,HOLDING,0.000A/OFF
18442,2026-06-03 17:04:23,29.4875,12.00,0.000,15.165,OFF,#1,HOLDING,0.000A/OFF
18443,2026-06-03 17:04:24,29.4875,12.00,0.000,0.000,OFF,#1,HOLDING,0.000A/OFF
18444,2026-06-03 17:04:25,29.6375,12.00,0.000,0.000,OFF,#1,HOLDING,0.000A/OFF
18445,2026-06-03 17:04:26,29.6375,12.00,0.000,0.000,OFF,#1,HOLDING,0.000A/OFF
18446,2026-06-03 17:04:27,29.8000,12.00,0.000,0.000,OFF,#1,HOLDING,0.000A/OFF
18447,2026-06-03 17:04:28,29.9250,12.00,0.000,0.000,OFF,#1,HOLDING,0.000A/OFF
18448,2026-06-03 17:04:29,29.9250,12.00,0.000,0.000,OFF,#1,HOLDING,0.000A/OFF
18449,2026-06-03 17:04:30,30.0375,12.00,0.000,0.000,OFF,#1,HOLDING,0.000A/OFF
18450,2026-06-03 17:04:31,30.0375,12.00,0.000,0.000,OFF,#1,HOLDING,0.000A/OFF
18451,2026-06-03 17:04:32,30.1375,12.00,0.000,0.000,OFF,#1,HOLDING,0.000A/OFF
18452,2026-06-03 17:04:33,30.1375,12.00,0.000,0.000,OFF,#1,HOLDING,0.000A/OFF
18453,2026-06-03 17:04:34,30.2000,12.00,0.000,0.000,OFF,#1,HOLDING,0.000A/OFF
18454,2026-06-03 17:04:35,30.2000,12.00,0.000,0.000,OFF,#1,HOLDING,0.000A/OFF
18455,2026-06-03 17:04:36,30.2500,12.00,0.000,0.000,OFF,#1,HOLDING,0.000A/OFF
18456,2026-06-03 17:04:37,30.2500,12.00,0.000,0.000,OFF,#1,HOLDING,0.000A/OFF
18457,2026-06-03 17:04:38,30.2875,12.00,0.000,0.000,OFF,#1,HOLDING,0.000A/OFF
18458,2026-06-03 17:04:39,30.2875,12.00,0.000,0.000,OFF,#1,HOLDING,0.000A/OFF
18459,2026-06-03 17:04:40,30.3625,12.00,0.000,0.000,OFF,#1,HOLDING,0.000A/OFF
18460,2026-06-03 17:04:41,30.3625,12.00,0.000,0.000,OFF,#1,HOLDING,0.000A/OFF
18461,2026-06-03 17:04:42,30.3750,12.00,0.000,0.000,OFF,#1,HOLDING,0.000A/OFF
18462,2026-06-03 17:04:43,30.3750,12.00,0.000,0.000,OFF,#1,HOLDING,0.000A/OFF
18463,2026-06-03 17:04:44,30.3750,12.00,0.000,0.000,OFF,#1,HOLDING,0.000A/OFF
18464,2026-06-03 17:04:45,30.3750,12.00,0.000,0.000,OFF,#1,HOLDING,0.000A/OFF
18465,2026-06-03 17:04:46,30.3750,12.00,0.000,0.000,OFF,#1,HOLDING,0.000A/OFF
18466,2026-06-03 17:04:47,30.3500,12.00,0.000,0.000,OFF,#1,HOLDING,0.000A/OFF
18467,2026-06-03 17:04:48,30.3500,12.00,0.000,0.000,OFF,#1,HOLDING,0.000A/OFF
18468,2026-06-03 17:04:49,30.3375,12.00,0.000,0.000,OFF,#1,HOLDING,0.000A/OFF
18469,2026-06-03 17:04:50,30.3375,12.00,0.000,0.000,OFF,#1,HOLDING,0.000A/OFF
18470,2026-06-03 17:04:51,30.2875,12.00,0.000,0.000,OFF,#1,HOLDING,0.000A/OFF
18471,2026-06-03 17:04:52,30.2875,12.00,0.000,0.000,OFF,#1,HOLDING,0.000A/OFF
18472,2026-06-03 17:04:53,30.2500,12.00,0.000,0.000,OFF,#1,HOLDING,0.000A/OFF
18473,2026-06-03 17:04:54,30.2500,12.00,0.000,0.000,OFF,#1,HOLDING,0.000A/OFF
18474,2026-06-03 17:04:55,30.1750,12.00,0.000,0.000,OFF,#1,HOLDING,0.000A/OFF
18475,2026-06-03 17:04:56,30.1750,12.00,0.000,0.000,OFF,#1,HOLDING,0.000A/OFF
18476,2026-06-03 17:04:57,30.1125,12.00,0.000,0.000,OFF,#1,HOLDING,0.000A/OFF
18477,2026-06-03 17:04:58,30.1125,12.00,0.000,0.000,OFF,#1,HOLDING,0.000A/OFF
18478,2026-06-03 17:04:59,30.0375,12.00,0.000,0.000,OFF,#1,HOLDING,0.000A/OFF
18479,2026-06-03 17:05:00,30.0375,12.00,0.000,0.000,OFF,#1,HOLDING,0.000A/OFF
18480,2026-06-03 17:05:01,29.9625,12.00,0.000,0.000,OFF,#1,HOLDING,0.000A/OFF
18481,2026-06-03 17:05:02,29.8875,12.00,0.000,0.000,OFF,#1,HOLDING,0.000A/OFF
18482,2026-06-03 17:05:03,29.8875,12.00,0.000,0.000,OFF,#1,HOLDING,0.000A/OFF
18483,2026-06-03 17:05:04,29.8125,12.00,0.000,0.000,OFF,#1,HOLDING,0.000A/OFF
18484,2026-06-03 17:05:05,29.8125,12.00,0.000,0.000,OFF,#1,HOLDING,0.000A/OFF
18485,2026-06-03 17:05:06,29.7375,12.00,0.000,0.000,OFF,#1,HOLDING,0.000A/OFF
18486,2026-06-03 17:05:07,29.7375,12.00,0.000,0.000,OFF,#1,HOLDING,0.000A/OFF
18487,2026-06-03 17:05:08,29.6500,12.00,0.000,0.000,OFF,#1,HOLDING,0.000A/OFF
18488,2026-06-03 17:05:09,29.6500,12.00,0.000,0.000,OFF,#1,HOLDING,0.000A/OFF
18489,2026-06-03 17:05:10,29.5500,12.00,0.000,0.000,OFF,#1,HOLDING,0.000A/OFF
18490,2026-06-03 17:05:11,29.5500,12.00,0.000,0.000,OFF,#1,HOLDING,0.000A/OFF
18491,2026-06-03 17:05:12,29.4625,12.00,0.000,0.000,OFF,#1,HOLDING,0.000A/OFF
18492,2026-06-03 17:05:13,29.4625,12.00,0.000,0.000,OFF,#1,HOLDING,0.000A/OFF
18493,2026-06-03 17:05:14,29.3625,12.00,0.000,0.000,OFF,#1,HOLDING,0.000A/OFF
18494,2026-06-03 17:05:15,29.3625,12.00,0.000,0.000,OFF,#1,HOLDING,0.000A/OFF
18495,2026-06-03 17:05:16,29.3000,12.00,0.000,0.000,OFF,#1,HOLDING,0.000A/OFF
18496,2026-06-03 17:05:17,29.3000,12.00,0.000,0.000,OFF,#1,HOLDING,0.000A/OFF
18497,2026-06-03 17:05:18,29.2000,12.00,0.000,0.000,B,#2,APPROACH,0.120A/B
18498,2026-06-03 17:05:20,29.1125,12.00,0.000,0.000,OFF,#2,HOLDING,0.000A/OFF
18499,2026-06-03 17:05:21,29.1125,12.00,0.000,0.000,OFF,#2,HOLDING,0.000A/OFF
18500,2026-06-03 17:05:22,29.0125,12.00,0.000,0.000,OFF,#2,HOLDING,0.000A/OFF
18501,2026-06-03 17:05:23,29.0125,12.00,0.000,0.000,OFF,#2,HOLDING,0.000A/OFF
18502,2026-06-03 17:05:24,28.9375,12.00,0.000,0.000,OFF,#2,HOLDING,0.000A/OFF
18503,2026-06-03 17:05:25,28.8375,12.00,0.000,0.000,OFF,#2,HOLDING,0.000A/OFF
18504,2026-06-03 17:05:26,28.8375,12.00,0.000,0.000,OFF,#2,HOLDING,0.000A/OFF
18505,2026-06-03 17:05:27,28.7375,12.00,0.000,0.000,OFF,#2,HOLDING,0.000A/OFF
18506,2026-06-03 17:05:28,28.7375,12.00,0.000,0.000,OFF,#2,HOLDING,0.000A/OFF
18507,2026-06-03 17:05:29,28.6375,12.00,0.000,0.000,OFF,#2,HOLDING,0.000A/OFF
18508,2026-06-03 17:05:30,28.6375,12.00,0.000,0.000,OFF,#2,HOLDING,0.000A/OFF
18509,2026-06-03 17:05:31,28.5875,12.00,0.000,0.000,OFF,#2,HOLDING,0.000A/OFF
18510,2026-06-03 17:05:32,28.5875,12.00,0.000,0.000,A,#2,HOLDING,0.106A/A
18511,2026-06-03 17:05:34,28.5125,12.00,0.000,0.000,A,#2,HOLDING,0.105A/A
18512,2026-06-03 17:05:36,28.4375,0.64,0.000,0.000,A,#2,HOLDING,0.112A/A
18513,2026-06-03 17:05:38,28.3625,0.64,0.112,0.087,A,#2,HOLDING,0.107A/A
18514,2026-06-03 17:05:40,28.3000,0.64,0.112,0.087,A,#2,HOLDING,0.110A/A
18515,2026-06-03 17:05:42,28.2000,0.64,0.112,0.087,A,#2,HOLDING,0.103A/A
18516,2026-06-03 17:05:43,28.1375,0.64,0.112,0.087,OFF,#2,HOLDING,0.000A/OFF
18517,2026-06-03 17:05:44,28.0375,0.70,0.112,0.087,OFF,#2,HOLDING,0.000A/OFF
18518,2026-06-03 17:05:45,28.0375,0.70,0.103,0.087,OFF,#2,HOLDING,0.000A/OFF
18519,2026-06-03 17:05:46,27.9500,0.70,0.103,0.614,OFF,#2,HOLDING,0.000A/OFF
18520,2026-06-03 17:05:47,27.9500,0.70,0.103,0.614,OFF,#2,HOLDING,0.000A/OFF
18521,2026-06-03 17:05:48,27.8250,0.70,0.103,0.614,OFF,#2,HOLDING,0.000A/OFF
18522,2026-06-03 17:05:49,27.8250,0.70,0.103,0.614,OFF,#2,HOLDING,0.000A/OFF
18523,2026-06-03 17:05:50,27.7625,12.00,0.103,0.614,OFF,#2,HOLDING,0.000A/OFF
18524,2026-06-03 17:05:52,27.7625,12.00,0.000,0.614,OFF,#2,HOLDING,0.000A/OFF
18525,2026-06-03 17:05:53,27.6375,12.00,0.000,0.000,OFF,#2,HOLDING,0.000A/OFF
18526,2026-06-03 17:05:54,27.6375,12.00,0.000,0.000,OFF,#2,HOLDING,0.000A/OFF
18527,2026-06-03 17:05:55,27.5750,12.00,0.000,0.000,OFF,#2,HOLDING,0.000A/OFF
18528,2026-06-03 17:05:56,27.5750,12.00,0.000,0.000,OFF,#2,HOLDING,0.000A/OFF
18529,2026-06-03 17:05:57,27.4500,12.00,0.000,0.000,OFF,#2,HOLDING,0.000A/OFF
18530,2026-06-03 17:05:58,27.4500,12.00,0.000,0.000,OFF,#2,HOLDING,0.000A/OFF
18531,2026-06-03 17:05:59,27.3625,12.00,0.000,0.000,OFF,#2,HOLDING,0.000A/OFF
18532,2026-06-03 17:06:00,27.3625,12.00,0.000,0.000,OFF,#2,HOLDING,0.000A/OFF
18533,2026-06-03 17:06:01,27.2875,12.00,0.000,0.000,B,#2,HOLDING,0.175A/B
18534,2026-06-03 17:06:02,27.2125,12.00,0.000,0.000,B,#2,HOLDING,0.206A/B
18535,2026-06-03 17:06:04,27.1125,2.01,0.000,0.000,B,#2,HOLDING,0.260A/B
18536,2026-06-03 17:06:06,27.0500,2.01,0.260,0.665,B,#2,HOLDING,0.302A/B
18537,2026-06-03 17:06:08,26.9500,2.01,0.260,0.665,B,#2,HOLDING,0.370A/B
18538,2026-06-03 17:06:10,26.8625,2.01,0.260,0.665,B,#2,HOLDING,0.420A/B
18539,2026-06-03 17:06:11,26.7625,3.86,0.260,0.665,B,#2,HOLDING,0.485A/B
18540,2026-06-03 17:06:13,26.7125,3.86,0.485,2.187,B,#2,HOLDING,0.544A/B
18541,2026-06-03 17:06:16,26.6375,3.86,0.485,2.187,B,#2,HOLDING,0.623A/B
18542,2026-06-03 17:06:17,26.6125,3.86,0.485,2.187,B,#2,HOLDING,0.671A/B
18543,2026-06-03 17:06:19,26.5375,5.94,0.485,2.187,B,#2,HOLDING,0.742A/B
18544,2026-06-03 17:06:21,26.5000,5.94,0.742,4.949,B,#2,HOLDING,0.809A/B
18545,2026-06-03 17:06:23,26.4500,5.94,0.742,4.949,B,#2,HOLDING,0.900A/B
18546,2026-06-03 17:06:25,26.4500,5.94,0.742,4.949,B,#2,HOLDING,0.951A/B
18547,2026-06-03 17:06:27,26.4500,8.19,0.742,4.949,B,#2,HOLDING,1.016A/B
18548,2026-06-03 17:06:29,26.4500,8.19,0.980,8.950,B,#2,HOLDING,1.080A/B
18549,2026-06-03 17:06:31,26.5000,8.19,0.980,8.950,B,#2,HOLDING,1.159A/B
18550,2026-06-03 17:06:33,26.5000,8.19,0.980,8.950,B,#2,HOLDING,1.000A/B
18551,2026-06-03 17:06:34,26.5000,8.74,0.980,8.950,B,#2,HOLDING,1.216A/B
18552,2026-06-03 17:06:36,26.5375,8.74,1.104,12.646,B,#2,HOLDING,1.280A/B
18553,2026-06-03 17:06:39,26.6125,8.74,1.104,12.646,B,#2,HOLDING,1.350A/B
18554,2026-06-03 17:06:40,26.6375,8.74,1.104,12.646,B,#2,HOLDING,1.399A/B
18555,2026-06-03 17:06:42,26.7125,11.66,1.104,12.646,B,#2,HOLDING,1.451A/B
18556,2026-06-03 17:06:44,26.7875,11.66,1.415,17.028,B,#2,HOLDING,1.501A/B
18557,2026-06-03 17:06:46,26.8625,11.66,1.415,17.028,B,#2,HOLDING,1.563A/B
18558,2026-06-03 17:06:48,26.9875,11.66,1.415,17.028,B,#2,HOLDING,1.000A/B
18559,2026-06-03 17:06:50,27.0875,9.16,1.415,17.028,B,#2,HOLDING,1.500A/B
18560,2026-06-03 17:06:52,27.2000,9.16,1.231,16.644,B,#2,HOLDING,1.000A/B
18561,2026-06-03 17:06:54,27.3250,9.16,1.231,16.644,B,#2,HOLDING,1.524A/B
18562,2026-06-03 17:06:56,27.4875,9.16,1.231,16.644,B,#2,HOLDING,1.000A/B
18563,2026-06-03 17:06:57,27.6375,9.29,1.231,16.644,B,#2,HOLDING,1.539A/B
18564,2026-06-03 17:06:59,27.8000,9.29,1.250,16.404,B,#2,HOLDING,1.551A/B
18565,2026-06-03 17:07:02,27.9500,9.29,1.250,16.404,B,#2,HOLDING,1.000A/B
18566,2026-06-03 17:07:03,28.1125,9.29,1.250,16.404,B,#2,HOLDING,1.000A/B
18567,2026-06-03 17:07:05,28.2625,9.45,1.250,16.404,B,#2,HOLDING,1.000A/B
18568,2026-06-03 17:07:07,28.2625,9.45,1.000,9.560,B,#2,HOLDING,1.000A/B
18569,2026-06-03 17:07:09,28.6000,9.45,1.000,9.560,B,#2,HOLDING,1.000A/B
18570,2026-06-03 17:07:11,28.7375,9.45,1.000,9.560,B,#2,HOLDING,1.573A/B
18571,2026-06-03 17:07:13,28.8875,12.00,1.000,9.560,B,#3,APPROACH,1.537A/B
18572,2026-06-03 17:07:15,28.8875,12.00,1.353,0.000,A,#3,APPROACH,0.114A/A
18573,2026-06-03 17:07:17,29.2000,12.00,1.353,0.000,A,#3,APPROACH,0.230A/A
18574,2026-06-03 17:07:19,29.3500,12.00,1.353,0.000,A,#3,APPROACH,0.317A/A
18575,2026-06-03 17:07:21,29.4750,12.00,1.353,0.000,A,#3,APPROACH,0.412A/A
18576,2026-06-03 17:07:23,29.6125,2.70,1.353,0.000,A,#3,APPROACH,0.500A/A
18577,2026-06-03 17:07:25,29.7125,2.70,0.474,1.775,A,#3,APPROACH,0.606A/A
18578,2026-06-03 17:07:27,29.8500,2.70,0.474,1.775,A,#3,APPROACH,0.750A/A
18579,2026-06-03 17:07:28,29.9000,2.70,0.474,1.775,A,#3,APPROACH,0.839A/A
18580,2026-06-03 17:07:30,29.9375,6.41,0.474,1.775,A,#3,APPROACH,0.935A/A
18581,2026-06-03 17:07:32,29.9625,6.41,0.910,6.853,A,#3,APPROACH,1.042A/A
18582,2026-06-03 17:07:35,30.0000,6.41,0.910,6.853,A,#3,APPROACH,1.191A/A
18583,2026-06-03 17:07:36,30.0000,6.41,0.910,6.853,A,#3,APPROACH,1.292A/A
18584,2026-06-03 17:07:38,29.9625,9.93,0.910,6.853,A,#3,APPROACH,1.398A/A
18585,2026-06-03 17:07:40,29.8875,9.93,1.367,15.224,A,#3,APPROACH,1.493A/A
18586,2026-06-03 17:07:42,29.8375,9.93,1.367,15.224,A,#3,APPROACH,1.000A/A
18587,2026-06-03 17:07:44,29.7375,9.93,1.367,15.224,A,#3,APPROACH,1.000A/A
18588,2026-06-03 17:07:46,29.6250,8.20,1.367,15.224,A,#3,APPROACH,1.000A/A
18589,2026-06-03 17:07:48,29.5250,8.20,1.000,8.430,A,#3,APPROACH,1.000A/A
18590,2026-06-03 17:07:50,29.3250,8.20,1.000,8.430,A,#3,APPROACH,1.574A/A
18591,2026-06-03 17:07:52,29.1750,8.20,1.000,8.430,A,#3,APPROACH,1.500A/A
18592,2026-06-03 17:07:53,29.0125,11.72,1.000,8.430,A,#3,APPROACH,1.619A/A
18593,2026-06-03 17:07:55,28.8625,11.72,1.512,17.988,A,#3,APPROACH,1.685A/A
18594,2026-06-03 17:07:58,28.6375,11.72,1.512,17.988,A,#3,APPROACH,1.756A/A
18595,2026-06-03 17:07:59,28.4375,11.72,1.512,17.988,A,#3,APPROACH,1.789A/A
18596,2026-06-03 17:08:01,28.2625,12.00,1.512,17.988,A,#3,APPROACH,1.500A/A
18597,2026-06-03 17:08:03,28.0375,12.00,1.489,17.664,A,#3,APPROACH,1.000A/A
18598,2026-06-03 17:08:05,27.8125,12.00,1.489,17.664,A,#3,HOLDING,1.763A/A
18599,2026-06-03 17:08:07,27.5875,12.00,1.489,17.664,OFF,#3,HOLDING,0.000A/OFF
18600,2026-06-03 17:08:08,27.5875,12.00,1.489,17.664,OFF,#3,HOLDING,0.000A/OFF
18601,2026-06-03 17:08:09,27.3750,12.00,1.489,17.664,OFF,#3,HOLDING,0.000A/OFF
18602,2026-06-03 17:08:10,27.3750,12.00,1.465,17.664,OFF,#3,HOLDING,0.000A/OFF
18603,2026-06-03 17:08:11,27.1250,12.00,1.465,0.000,OFF,#3,HOLDING,0.000A/OFF
18604,2026-06-03 17:08:12,27.1250,12.00,1.465,0.000,OFF,#3,HOLDING,0.000A/OFF
18605,2026-06-03 17:08:13,26.8875,12.00,1.465,0.000,OFF,#3,HOLDING,0.000A/OFF
18606,2026-06-03 17:08:14,26.8875,12.00,1.465,0.000,OFF,#3,HOLDING,0.000A/OFF
18607,2026-06-03 17:08:15,26.6875,12.00,1.465,0.000,OFF,#3,HOLDING,0.000A/OFF
18608,2026-06-03 17:08:16,26.6875,12.00,0.000,0.000,OFF,#3,HOLDING,0.000A/OFF
18609,2026-06-03 17:08:17,26.4500,12.00,0.000,0.000,OFF,#3,HOLDING,0.000A/OFF
18610,2026-06-03 17:08:18,26.3000,12.00,0.000,0.000,OFF,#3,HOLDING,0.000A/OFF
18611,2026-06-03 17:08:19,26.3000,12.00,0.000,0.000,OFF,#3,HOLDING,0.000A/OFF
18612,2026-06-03 17:08:20,26.0750,12.00,0.000,0.000,OFF,#3,HOLDING,0.000A/OFF
18613,2026-06-03 17:08:21,26.0750,12.00,0.000,0.000,OFF,#3,HOLDING,0.000A/OFF
18614,2026-06-03 17:08:22,25.9250,12.00,0.000,0.000,OFF,#3,HOLDING,0.000A/OFF
18615,2026-06-03 17:08:23,25.9250,12.00,0.000,0.000,OFF,#3,HOLDING,0.000A/OFF
18616,2026-06-03 17:08:24,25.7625,12.00,0.000,0.000,B,#3,HOLDING,0.188A/B
18617,2026-06-03 17:08:26,25.6375,12.00,0.000,0.000,B,#3,HOLDING,0.229A/B
18618,2026-06-03 17:08:28,25.6375,12.00,0.000,0.000,B,#3,HOLDING,0.267A/B
18619,2026-06-03 17:08:29,25.5125,2.10,0.000,0.000,B,#3,HOLDING,0.303A/B
18620,2026-06-03 17:08:31,25.3875,2.10,0.303,0.766,B,#3,HOLDING,0.366A/B
18621,2026-06-03 17:08:33,25.2000,2.10,0.303,0.766,B,#3,HOLDING,0.472A/B
18622,2026-06-03 17:08:35,25.2000,2.10,0.303,0.766,B,#3,HOLDING,0.511A/B
18623,2026-06-03 17:08:37,25.1250,4.25,0.303,0.766,B,#3,HOLDING,0.576A/B
18624,2026-06-03 17:08:39,25.0500,4.25,0.576,2.862,B,#3,HOLDING,0.641A/B
18625,2026-06-03 17:08:41,24.9500,4.25,0.576,2.862,B,#3,HOLDING,0.747A/B
18626,2026-06-03 17:08:43,24.9500,4.25,0.576,2.862,B,#3,HOLDING,0.802A/B
18627,2026-06-03 17:08:45,24.9000,6.71,0.576,2.862,B,#3,HOLDING,0.876A/B
18628,2026-06-03 17:08:46,24.8750,6.71,0.876,6.543,B,#3,HOLDING,0.947A/B
18629,2026-06-03 17:08:49,24.8500,6.71,0.876,6.543,B,#3,HOLDING,1.048A/B
18630,2026-06-03 17:08:50,24.8500,6.71,0.876,6.543,B,#3,HOLDING,1.109A/B
18631,2026-06-03 17:08:52,24.8750,9.13,0.876,6.543,B,#3,HOLDING,1.178A/B
18632,2026-06-03 17:08:54,24.9000,9.13,1.178,11.626,B,#3,HOLDING,1.245A/B
18633,2026-06-03 17:08:56,24.9625,9.13,1.178,11.626,B,#3,HOLDING,1.330A/B
18634,2026-06-03 17:08:58,24.9625,9.13,1.178,11.626,B,#3,HOLDING,1.000A/B
18635,2026-06-03 17:09:00,25.0375,8.71,1.178,11.626,B,#3,HOLDING,1.385A/B
18636,2026-06-03 17:09:02,25.1375,8.71,1.356,15.955,B,#3,HOLDING,1.440A/B
18637,2026-06-03 17:09:04,25.2750,8.71,1.356,15.955,B,#3,HOLDING,1.499A/B
18638,2026-06-03 17:09:06,25.2750,8.71,1.356,15.955,B,#3,HOLDING,1.000A/B
18639,2026-06-03 17:09:08,25.3875,8.94,1.356,15.955,B,#3,HOLDING,1.552A/B
18640,2026-06-03 17:09:09,25.5125,8.94,1.439,17.064,B,#3,HOLDING,1.595A/B
18641,2026-06-03 17:09:12,25.7625,8.94,1.439,17.064,B,#3,HOLDING,1.618A/B
18642,2026-06-03 17:09:13,25.7625,8.94,1.439,17.064,B,#3,HOLDING,1.666A/B
18643,2026-06-03 17:09:15,25.9250,12.00,1.439,17.064,B,#3,HOLDING,1.642A/B
18644,2026-06-03 17:09:17,26.0750,12.00,1.401,16.620,B,#3,HOLDING,1.500A/B
18645,2026-06-03 17:09:19,26.4125,12.00,1.401,16.620,B,#3,HOLDING,1.000A/B
18646,2026-06-03 17:09:21,26.4125,12.00,1.401,16.620,B,#3,HOLDING,1.668A/B
18647,2026-06-03 17:09:23,26.5500,12.00,1.401,16.620,B,#3,HOLDING,1.000A/B
18648,2026-06-03 17:09:25,26.7500,12.00,1.012,9.430,B,#3,HOLDING,1.500A/B
18649,2026-06-03 17:09:27,27.1875,12.00,1.012,9.430,B,#3,HOLDING,1.657A/B
18650,2026-06-03 17:09:29,27.1875,12.00,1.012,9.430,B,#3,HOLDING,1.660A/B
18651,2026-06-03 17:09:31,27.3625,12.00,1.012,9.430,B,#3,HOLDING,1.645A/B
18652,2026-06-03 17:09:32,27.5625,12.00,1.357,16.116,B,#3,HOLDING,1.000A/B
18653,2026-06-03 17:09:35,27.9375,12.00,1.357,16.116,B,#3,HOLDING,1.552A/B
18654,2026-06-03 17:09:36,27.9375,12.00,1.357,16.116,B,#3,HOLDING,1.535A/B
18655,2026-06-03 17:09:38,28.1250,12.00,1.357,16.116,B,#3,HOLDING,1.481A/B
18656,2026-06-03 17:09:40,28.3750,12.00,1.341,15.936,B,#3,HOLDING,1.417A/B
18657,2026-06-03 17:09:43,28.7500,12.00,1.341,15.936,B,#3,HOLDING,1.279A/B
18658,2026-06-03 17:09:44,28.7500,12.00,1.341,15.936,B,#3,HOLDING,1.239A/B
18659,2026-06-03 17:09:46,28.9250,11.27,1.341,15.936,B,#3,HOLDING,1.000A/B
18660,2026-06-03 17:09:48,29.1500,11.27,1.000,9.710,B,#3,HOLDING,1.157A/B
18661,2026-06-03 17:09:50,29.6250,11.27,1.000,9.710,B,#3,HOLDING,0.962A/B
18662,2026-06-03 17:09:52,29.6250,11.27,1.000,9.710,B,#3,HOLDING,0.893A/B
18663,2026-06-03 17:09:54,29.8000,8.87,1.000,9.710,B,#3,HOLDING,0.781A/B
18664,2026-06-03 17:09:56,30.0000,8.87,0.781,6.365,B,#3,HOLDING,0.705A/B
18665,2026-06-03 17:09:58,30.3875,8.87,0.781,6.365,B,#3,HOLDING,0.509A/B
18666,2026-06-03 17:10:00,30.3875,8.87,0.781,6.365,B,#3,HOLDING,0.404A/B
18667,2026-06-03 17:10:01,30.5500,5.05,0.781,6.365,B,#3,HOLDING,0.260A/B
18668,2026-06-03 17:10:03,30.7500,5.05,0.260,1.006,B,#3,HOLDING,0.111A/B
18669,2026-06-03 17:10:06,31.0625,5.05,0.260,1.006,A,#3,HOLDING,0.112A/A
18670,2026-06-03 17:10:07,31.0625,5.05,0.260,1.006,A,#3,HOLDING,0.239A/A
18671,2026-06-03 17:10:09,31.2375,1.09,0.260,1.006,A,#3,HOLDING,0.411A/A
18672,2026-06-03 17:10:11,31.3625,1.09,0.380,1.154,A,#3,HOLDING,0.579A/A
18673,2026-06-03 17:10:13,31.5500,1.09,0.380,1.154,A,#3,HOLDING,0.816A/A
18674,2026-06-03 17:10:15,31.5500,1.09,0.380,1.154,A,#3,HOLDING,0.960A/A
18675,2026-06-03 17:10:17,31.6250,7.22,0.380,1.154,A,#3,HOLDING,1.136A/A
18676,2026-06-03 17:10:19,31.6250,7.22,1.099,9.894,A,#3,HOLDING,1.306A/A
18677,2026-06-03 17:10:21,31.6375,7.22,1.099,9.894,A,#3,HOLDING,1.532A/A
18678,2026-06-03 17:10:23,31.6375,7.22,1.099,9.894,A,#3,HOLDING,1.500A/A
18679,2026-06-03 17:10:25,31.6250,11.26,1.099,9.894,A,#3,HOLDING,1.500A/A
18680,2026-06-03 17:10:26,31.5750,11.26,1.500,17.280,A,#3,HOLDING,1.000A/A
18681,2026-06-03 17:10:29,31.4375,11.26,1.500,17.280,A,#3,HOLDING,1.664A/A
18682,2026-06-03 17:10:30,31.4375,11.26,1.500,17.280,A,#3,HOLDING,1.500A/A
18683,2026-06-03 17:10:32,31.3250,11.58,1.500,17.280,A,#3,HOLDING,1.500A/A
18684,2026-06-03 17:10:34,31.1750,11.58,1.500,17.745,A,#3,HOLDING,1.795A/A
18685,2026-06-03 17:10:36,30.8750,11.58,1.500,17.745,A,#3,HOLDING,1.961A/A
18686,2026-06-03 17:10:38,30.8750,11.58,1.500,17.745,A,#3,HOLDING,1.000A/A
18687,2026-06-03 17:10:40,30.7000,8.51,1.500,17.745,A,#3,HOLDING,2.000A/A
18688,2026-06-03 17:10:42,30.5000,8.51,1.471,17.892,A,#3,HOLDING,1.000A/A
18689,2026-06-03 17:10:44,30.0875,8.51,1.471,17.892,A,#3,HOLDING,1.000A/A
18690,2026-06-03 17:10:46,30.0875,8.51,1.471,17.892,A,#3,HOLDING,2.000A/A
18691,2026-06-03 17:10:48,29.8750,12.00,1.471,17.892,A,#3,HOLDING,1.500A/A
18692,2026-06-03 17:10:49,29.6250,12.00,1.479,17.580,A,#3,HOLDING,1.000A/A
18693,2026-06-03 17:10:52,29.1625,12.00,1.479,17.580,A,#3,HOLDING,1.932A/A
18694,2026-06-03 17:10:53,29.1625,12.00,1.479,17.580,A,#3,HOLDING,1.500A/A
18695,2026-06-03 17:10:55,28.9375,12.00,1.479,17.580,A,#3,HOLDING,2.000A/A
18696,2026-06-03 17:10:57,28.6625,12.00,1.465,17.412,A,#3,HOLDING,1.500A/A
18697,2026-06-03 17:10:59,28.1875,12.00,1.465,17.412,A,#3,HOLDING,1.000A/A
18698,2026-06-03 17:11:01,28.1875,12.00,1.465,17.412,A,#3,HOLDING,1.500A/A
18699,2026-06-03 17:11:03,27.9375,12.00,1.465,17.412,A,#3,HOLDING,1.500A/A
18700,2026-06-03 17:11:05,27.6875,12.00,1.436,17.076,A,#3,HOLDING,1.000A/A
18701,2026-06-03 17:11:07,27.1625,12.00,1.436,17.076,A,#3,HOLDING,1.893A/A
18702,2026-06-03 17:11:09,27.1625,12.00,1.436,17.076,A,#3,HOLDING,1.925A/A
18703,2026-06-03 17:11:11,26.9375,12.00,1.436,17.076,A,#3,HOLDING,1.929A/A
18704,2026-06-03 17:11:12,26.6375,12.00,1.428,17.004,A,#3,HOLDING,1.928A/A
18705,2026-06-03 17:11:15,26.1375,12.00,1.428,17.004,A,#3,HOLDING,1.852A/A
18706,2026-06-03 17:11:16,26.1375,12.00,1.428,17.004,A,#3,HOLDING,1.849A/A
18707,2026-06-03 17:11:18,25.9375,12.00,1.428,17.004,A,#3,HOLDING,1.822A/A
18708,2026-06-03 17:11:20,25.6625,12.00,1.409,16.788,A,#3,HOLDING,1.000A/A
18709,2026-06-03 17:11:22,25.1625,12.00,1.409,16.788,A,#3,HOLDING,1.658A/A
18710,2026-06-03 17:11:24,25.1625,12.00,1.409,16.788,A,#3,HOLDING,1.622A/A
18711,2026-06-03 17:11:26,24.9375,12.00,1.409,16.788,A,#3,HOLDING,1.000A/A
18712,2026-06-03 17:11:28,24.6875,12.00,1.204,9.230,A,#3,HOLDING,1.544A/A
18713,2026-06-03 17:11:30,24.2000,12.00,1.204,9.230,A,#3,HOLDING,1.347A/A
18714,2026-06-03 17:11:32,24.2000,12.00,1.204,9.230,A,#3,HOLDING,1.286A/A
18715,2026-06-03 17:11:34,24.0125,11.13,1.204,9.230,A,#3,HOLDING,1.174A/A
18716,2026-06-03 17:11:35,23.7625,11.13,1.174,12.280,A,#3,HOLDING,1.093A/A
18717,2026-06-03 17:11:38,23.3625,11.13,1.174,12.280,A,#3,HOLDING,0.890A/A
18718,2026-06-03 17:11:39,23.3625,11.13,1.174,12.280,A,#3,HOLDING,0.782A/A
18719,2026-06-03 17:11:41,23.1375,7.55,1.174,12.280,A,#3,HOLDING,0.633A/A
18720,2026-06-03 17:11:43,22.9375,7.55,0.633,4.082,A,#3,HOLDING,0.478A/A
18721,2026-06-03 17:11:46,22.5625,7.55,0.633,4.082,A,#3,HOLDING,0.236A/A
18722,2026-06-03 17:11:47,22.5625,7.55,0.633,4.082,A,#3,HOLDING,0.113A/A
18723,2026-06-03 17:11:49,22.3875,7.55,0.633,4.082,OFF,#3,HOLDING,0.000A/OFF
18724,2026-06-03 17:11:50,22.1875,2.05,0.113,4.082,OFF,#3,HOLDING,0.176A/B
18725,2026-06-03 17:11:52,22.0250,2.05,0.113,0.000,B,#3,HOLDING,0.346A/B
18726,2026-06-03 17:11:53,21.8750,2.05,0.113,0.000,B,#3,HOLDING,0.511A/B
18727,2026-06-03 17:11:55,21.8750,2.05,0.113,0.000,B,#3,HOLDING,0.659A/B
18728,2026-06-03 17:11:57,21.7625,4.74,0.113,0.000,B,#3,HOLDING,0.855A/B
18729,2026-06-03 17:11:59,21.6375,4.74,0.837,5.625,B,#3,HOLDING,1.000A/B
18730,2026-06-03 17:12:01,21.4500,4.74,0.837,5.625,B,#3,HOLDING,1.064A/B
18731,2026-06-03 17:12:03,21.4500,4.74,0.837,5.625,B,#3,HOLDING,1.000A/B
18732,2026-06-03 17:12:04,21.4250,7.83,0.837,5.625,B,#3,HOLDING,1.231A/B
18733,2026-06-03 17:12:06,21.3750,7.83,1.218,11.842,B,#3,HOLDING,1.433A/B
18734,2026-06-03 17:12:09,21.3750,7.83,1.218,11.842,B,#3,HOLDING,1.697A/B
18735,2026-06-03 17:12:10,21.3750,7.83,1.218,11.842,B,#3,HOLDING,1.872A/B
18736,2026-06-03 17:12:12,21.4250,12.00,1.218,11.842,B,#3,HOLDING,2.071A/B
18737,2026-06-03 17:12:14,21.5000,12.00,1.555,18.396,B,#3,HOLDING,1.000A/B
18738,2026-06-03 17:12:16,21.7000,12.00,1.555,18.396,B,#3,HOLDING,2.000A/B
18739,2026-06-03 17:12:18,21.7000,12.00,1.555,18.396,B,#3,HOLDING,2.000A/B
18740,2026-06-03 17:12:20,21.8500,12.00,1.555,18.396,B,#3,HOLDING,1.500A/B
18741,2026-06-03 17:12:22,22.0000,12.00,1.496,17.712,B,#3,HOLDING,2.235A/B
18742,2026-06-03 17:12:24,22.3125,12.00,1.496,17.712,B,#3,HOLDING,1.000A/B
18743,2026-06-03 17:12:26,22.3125,12.00,1.496,17.712,B,#3,HOLDING,1.000A/B
18744,2026-06-03 17:12:28,22.5000,8.83,1.496,17.712,B,#3,HOLDING,1.500A/B
18745,2026-06-03 17:12:29,22.7250,8.83,1.416,17.196,B,#3,HOLDING,1.500A/B
18746,2026-06-03 17:12:32,23.1250,8.83,1.416,17.196,B,#3,HOLDING,1.500A/B
18747,2026-06-03 17:12:33,23.1250,8.83,1.416,17.196,B,#3,HOLDING,1.500A/B
18748,2026-06-03 17:12:35,23.3375,12.00,1.416,17.196,B,#3,HOLDING,2.379A/B
18749,2026-06-03 17:12:37,23.5875,12.00,1.411,16.752,B,#3,HOLDING,2.492A/B
18750,2026-06-03 17:12:39,24.0875,12.00,1.411,16.752,B,#3,HOLDING,2.000A/B
18751,2026-06-03 17:12:41,24.0875,12.00,1.411,16.752,B,#3,HOLDING,1.000A/B
18752,2026-06-03 17:12:43,24.3000,9.26,1.411,16.752,B,#3,HOLDING,1.000A/B
18753,2026-06-03 17:12:45,24.5500,9.26,1.000,9.440,B,#3,HOLDING,1.500A/B
18754,2026-06-03 17:12:47,25.0875,9.26,1.000,9.440,B,#3,HOLDING,1.000A/B
18755,2026-06-03 17:12:49,25.0875,9.26,1.000,9.440,B,#3,HOLDING,2.496A/B
18756,2026-06-03 17:12:51,25.3375,12.00,1.000,9.440,B,#3,HOLDING,1.500A/B
18757,2026-06-03 17:12:52,25.5625,12.00,1.370,16.272,B,#3,HOLDING,2.000A/B
18758,2026-06-03 17:12:55,26.0625,12.00,1.370,16.272,B,#3,HOLDING,2.449A/B
18759,2026-06-03 17:12:56,26.0625,12.00,1.370,16.272,B,#3,HOLDING,1.500A/B
18760,2026-06-03 17:12:58,26.3125,12.00,1.370,16.272,B,#3,HOLDING,1.000A/B
18761,2026-06-03 17:13:00,26.5625,12.00,1.061,9.590,B,#3,HOLDING,1.000A/B
18762,2026-06-03 17:13:02,27.0375,12.00,1.061,9.590,B,#4,APPROACH,2.478A/B
18763,2026-06-03 17:13:04,27.0375,12.00,1.061,9.590,A,#4,APPROACH,0.102A/A
18764,2026-06-03 17:13:06,27.3125,12.00,1.061,9.590,A,#4,APPROACH,0.196A/A
18765,2026-06-03 17:13:08,27.5625,6.37,1.061,9.590,A,#4,APPROACH,0.283A/A
18766,2026-06-03 17:13:10,27.8000,6.37,0.319,0.506,A,#4,APPROACH,0.413A/A
18767,2026-06-03 17:13:12,28.2375,6.37,0.319,0.506,A,#4,APPROACH,0.526A/A
18768,2026-06-03 17:13:14,28.4125,6.37,0.319,0.506,A,#4,APPROACH,0.637A/A
18769,2026-06-03 17:13:16,28.4125,4.71,0.319,0.506,A,#4,APPROACH,0.749A/A
18770,2026-06-03 17:13:18,28.5125,4.71,0.749,4.396,A,#4,APPROACH,0.868A/A
18771,2026-06-03 17:13:20,28.7250,4.71,0.749,4.396,A,#4,APPROACH,1.047A/A
18772,2026-06-03 17:13:22,28.8000,4.71,0.749,4.396,A,#4,APPROACH,1.169A/A
18773,2026-06-03 17:13:23,28.8000,8.92,0.749,4.396,A,#4,APPROACH,1.301A/A
18774,2026-06-03 17:13:25,28.8500,8.92,1.232,13.153,A,#4,APPROACH,1.434A/A
18775,2026-06-03 17:13:28,28.8750,8.92,1.232,13.153,A,#4,APPROACH,1.500A/A
18776,2026-06-03 17:13:29,28.8750,8.92,1.232,13.153,A,#4,APPROACH,1.606A/A
18777,2026-06-03 17:13:31,28.8750,12.00,1.232,13.153,A,#4,APPROACH,1.739A/A
18778,2026-06-03 17:13:33,28.8000,12.00,1.562,18.432,A,#4,APPROACH,1.864A/A
18779,2026-06-03 17:13:35,28.7000,12.00,1.562,18.432,A,#4,APPROACH,2.022A/A
18780,2026-06-03 17:13:37,28.5500,12.00,1.562,18.432,A,#4,APPROACH,2.000A/A
18781,2026-06-03 17:13:39,28.5500,12.00,1.562,18.432,A,#4,APPROACH,1.500A/A
18782,2026-06-03 17:13:41,28.4500,12.00,1.505,17.868,A,#4,APPROACH,2.111A/A
18783,2026-06-03 17:13:43,28.1500,12.00,1.505,17.868,A,#4,APPROACH,1.000A/A
18784,2026-06-03 17:13:45,27.9500,12.00,1.505,17.868,A,#4,APPROACH,1.500A/A
18785,2026-06-03 17:13:46,27.9500,12.00,1.505,17.868,A,#4,APPROACH,1.500A/A
18786,2026-06-03 17:13:48,27.6000,12.00,1.473,17.472,A,#4,APPROACH,2.157A/A
18787,2026-06-03 17:13:51,27.4250,12.00,1.473,17.472,A,#4,APPROACH,2.265A/A
18788,2026-06-03 17:13:52,27.2000,12.00,1.473,17.472,A,#4,APPROACH,2.291A/A
18789,2026-06-03 17:13:54,27.2000,12.00,1.473,17.472,A,#4,APPROACH,2.000A/A
18790,2026-06-03 17:13:56,26.8125,12.00,1.445,17.184,A,#4,APPROACH,1.500A/A
18791,2026-06-03 17:13:58,26.5750,12.00,1.445,17.184,A,#4,APPROACH,2.355A/A
18792,2026-06-03 17:14:00,26.3750,12.00,1.445,17.184,A,#4,APPROACH,1.500A/A
18793,2026-06-03 17:14:02,26.1375,12.00,1.445,17.184,A,#4,HOLDING,1.000A/A
18794,2026-06-03 17:14:04,25.9375,12.00,1.224,17.184,OFF,#4,HOLDING,0.000A/OFF
18795,2026-06-03 17:14:05,25.9375,12.00,1.224,9.120,OFF,#4,HOLDING,0.000A/OFF
18796,2026-06-03 17:14:06,25.7000,12.00,1.224,9.120,OFF,#4,HOLDING,0.000A/OFF
18797,2026-06-03 17:14:07,25.7000,12.00,1.224,9.120,OFF,#4,HOLDING,0.000A/OFF
18798,2026-06-03 17:14:08,25.4750,12.00,1.224,9.120,OFF,#4,HOLDING,0.000A/OFF
18799,2026-06-03 17:14:09,25.4750,12.00,1.224,9.120,OFF,#4,HOLDING,0.000A/OFF
18800,2026-06-03 17:14:10,25.2875,12.00,1.224,9.120,OFF,#4,HOLDING,0.000A/OFF
18801,2026-06-03 17:14:11,25.2875,12.00,0.000,9.120,OFF,#4,HOLDING,0.000A/OFF
18802,2026-06-03 17:14:12,25.0625,12.00,0.000,0.000,OFF,#4,HOLDING,0.000A/OFF
18803,2026-06-03 17:14:13,25.0625,12.00,0.000,0.000,OFF,#4,HOLDING,0.000A/OFF
18804,2026-06-03 17:14:14,24.8875,12.00,0.000,0.000,OFF,#4,HOLDING,0.000A/OFF
18805,2026-06-03 17:14:15,24.8875,12.00,0.000,0.000,OFF,#4,HOLDING,0.000A/OFF
18806,2026-06-03 17:14:16,24.7375,12.00,0.000,0.000,OFF,#4,HOLDING,0.000A/OFF
18807,2026-06-03 17:14:17,24.7375,12.00,0.000,0.000,OFF,#4,HOLDING,0.000A/OFF
18808,2026-06-03 17:14:18,24.5875,12.00,0.000,0.000,OFF,#4,HOLDING,0.000A/OFF
18809,2026-06-03 17:14:19,24.5875,12.00,0.000,0.000,OFF,#4,HOLDING,0.000A/OFF
18810,2026-06-03 17:14:20,24.4875,12.00,0.000,0.000,OFF,#4,HOLDING,0.000A/OFF
18811,2026-06-03 17:14:21,24.4875,12.00,0.000,0.000,OFF,#4,HOLDING,0.000A/OFF
18812,2026-06-03 17:14:22,24.3250,12.00,0.000,0.000,OFF,#4,HOLDING,0.000A/OFF
18813,2026-06-03 17:14:23,24.3250,12.00,0.000,0.000,OFF,#4,HOLDING,0.000A/OFF
18814,2026-06-03 17:14:24,24.2250,12.00,0.000,0.000,B,#4,HOLDING,0.116A/B
18815,2026-06-03 17:14:26,24.1250,12.00,0.000,0.000,B,#4,HOLDING,0.191A/B
18816,2026-06-03 17:14:27,24.0500,12.00,0.000,0.000,B,#4,HOLDING,0.240A/B
18817,2026-06-03 17:14:29,23.9625,1.89,0.000,0.000,B,#4,HOLDING,0.282A/B
18818,2026-06-03 17:14:31,23.8875,1.89,0.262,0.662,B,#4,HOLDING,0.331A/B
18819,2026-06-03 17:14:33,23.8125,1.89,0.262,0.662,B,#4,HOLDING,0.398A/B
18820,2026-06-03 17:14:35,23.7625,1.89,0.262,0.662,B,#4,HOLDING,0.444A/B
18821,2026-06-03 17:14:37,23.7125,3.77,0.262,0.662,B,#4,HOLDING,0.500A/B
18822,2026-06-03 17:14:39,23.6875,3.77,0.472,2.165,B,#4,HOLDING,0.554A/B
18823,2026-06-03 17:14:41,23.6875,3.77,0.472,2.165,B,#4,HOLDING,0.620A/B
18824,2026-06-03 17:14:43,23.6375,3.77,0.472,2.165,B,#4,HOLDING,0.673A/B
18825,2026-06-03 17:14:45,23.6750,5.70,0.472,2.165,B,#4,HOLDING,0.722A/B
18826,2026-06-03 17:14:47,23.6250,5.70,0.695,4.505,B,#4,HOLDING,0.788A/B
18827,2026-06-03 17:14:49,23.6500,5.70,0.695,4.505,B,#4,HOLDING,0.852A/B
18828,2026-06-03 17:14:50,23.6500,5.70,0.695,4.505,B,#4,HOLDING,0.905A/B
18829,2026-06-03 17:14:52,23.7250,7.63,0.695,4.505,B,#4,HOLDING,0.944A/B
18830,2026-06-03 17:14:54,23.7500,7.63,0.924,7.618,B,#4,HOLDING,0.995A/B
18831,2026-06-03 17:14:57,23.7875,7.63,0.924,7.618,B,#4,HOLDING,1.000A/B
18832,2026-06-03 17:14:58,23.8625,7.63,0.924,7.618,B,#4,HOLDING,1.053A/B
18833,2026-06-03 17:15:00,23.9375,8.89,0.924,7.618,B,#4,HOLDING,1.092A/B
18834,2026-06-03 17:15:02,23.9875,8.89,1.076,10.155,B,#4,HOLDING,1.132A/B
18835,2026-06-03 17:15:04,24.1000,8.89,1.076,10.155,B,#4,HOLDING,1.179A/B
18836,2026-06-03 17:15:06,24.2000,8.89,1.076,10.155,B,#4,HOLDING,1.000A/B
18837,2026-06-03 17:15:08,24.3000,8.76,1.076,10.155,B,#4,HOLDING,1.147A/B
18838,2026-06-03 17:15:10,24.4500,8.76,1.073,11.343,B,#4,HOLDING,1.169A/B
18839,2026-06-03 17:15:12,24.5500,8.76,1.073,11.343,B,#4,HOLDING,1.204A/B
18840,2026-06-03 17:15:14,24.7000,8.76,1.073,11.343,B,#4,HOLDING,1.000A/B
18841,2026-06-03 17:15:15,24.8500,8.95,1.073,11.343,B,#4,HOLDING,1.000A/B
18842,2026-06-03 17:15:17,25.0000,8.95,1.000,9.050,B,#4,HOLDING,1.208A/B
18843,2026-06-03 17:15:20,25.1125,8.95,1.000,9.050,B,#4,HOLDING,1.000A/B
18844,2026-06-03 17:15:21,25.2625,8.95,1.000,9.050,B,#4,HOLDING,1.218A/B
18845,2026-06-03 17:15:23,25.4250,10.55,1.000,9.050,B,#4,HOLDING,1.208A/B
18846,2026-06-03 17:15:25,25.6000,10.55,1.208,12.865,B,#4,HOLDING,1.184A/B
18847,2026-06-03 17:15:27,25.7500,10.55,1.208,12.865,B,#4,HOLDING,1.163A/B
18848,2026-06-03 17:15:29,25.9500,10.55,1.208,12.865,B,#4,HOLDING,1.131A/B
18849,2026-06-03 17:15:31,26.1125,10.13,1.208,12.865,B,#4,HOLDING,1.096A/B
18850,2026-06-03 17:15:33,26.2625,10.13,1.110,10.970,B,#4,HOLDING,1.001A/B
18851,2026-06-03 17:15:35,26.4750,10.13,1.110,10.970,B,#4,HOLDING,0.936A/B
18852,2026-06-03 17:15:37,26.6250,10.13,1.110,10.970,B,#4,HOLDING,0.881A/B
18853,2026-06-03 17:15:38,26.8000,8.46,1.110,10.970,B,#4,HOLDING,0.810A/B
18854,2026-06-03 17:15:40,26.9750,8.46,0.843,6.504,B,#4,HOLDING,0.735A/B
18855,2026-06-03 17:15:43,27.1625,8.46,0.843,6.504,B,#4,HOLDING,0.633A/B
18856,2026-06-03 17:15:44,27.3125,8.46,0.843,6.504,B,#4,HOLDING,0.558A/B
18857,2026-06-03 17:15:46,27.4875,6.03,0.843,6.504,B,#4,HOLDING,0.464A/B
18858,2026-06-03 17:15:48,27.6625,6.03,0.509,2.477,B,#4,HOLDING,0.360A/B
18859,2026-06-03 17:15:50,27.8250,6.03,0.509,2.477,B,#4,HOLDING,0.233A/B
18860,2026-06-03 17:15:52,28.0000,6.03,0.509,2.477,B,#4,HOLDING,0.131A/B
18861,2026-06-03 17:15:54,28.1125,6.03,0.509,2.477,OFF,#4,HOLDING,0.000A/OFF
18862,2026-06-03 17:15:55,28.1125,2.47,0.509,2.477,OFF,#4,HOLDING,0.000A/OFF
18863,2026-06-03 17:15:56,28.2625,2.47,0.131,2.477,OFF,#4,HOLDING,0.000A/OFF
18864,2026-06-03 17:15:57,28.2625,2.47,0.131,0.320,A,#4,HOLDING,0.128A/A
18865,2026-06-03 17:15:59,28.3625,2.47,0.131,0.320,A,#4,HOLDING,0.243A/A
18866,2026-06-03 17:16:00,28.4875,2.47,0.131,0.320,A,#4,HOLDING,0.346A/A
18867,2026-06-03 17:16:02,28.5750,2.35,0.131,0.320,A,#4,HOLDING,0.463A/A
18868,2026-06-03 17:16:04,28.7000,2.35,0.402,1.634,A,#4,HOLDING,0.599A/A
18869,2026-06-03 17:16:06,28.7625,2.35,0.402,1.634,A,#4,HOLDING,0.768A/A
18870,2026-06-03 17:16:08,28.8125,2.35,0.402,1.634,A,#4,HOLDING,0.884A/A
18871,2026-06-03 17:16:09,28.8125,6.91,0.402,1.634,A,#4,HOLDING,1.016A/A
18872,2026-06-03 17:16:11,28.8125,6.91,0.947,8.209,A,#4,HOLDING,1.148A/A
18873,2026-06-03 17:16:14,28.8125,6.91,0.947,8.209,A,#4,HOLDING,1.317A/A
18874,2026-06-03 17:16:15,28.7625,6.91,0.947,8.209,A,#4,HOLDING,1.426A/A
18875,2026-06-03 17:16:17,28.7375,10.87,0.947,8.209,A,#4,HOLDING,1.500A/A
18876,2026-06-03 17:16:19,28.6625,10.87,1.461,17.505,A,#4,HOLDING,1.500A/A
18877,2026-06-03 17:16:21,28.5750,10.87,1.461,17.505,A,#4,HOLDING,1.545A/A
18878,2026-06-03 17:16:23,28.4500,10.87,1.461,17.505,A,#4,HOLDING,1.638A/A
18879,2026-06-03 17:16:25,28.3375,12.00,1.461,17.505,A,#4,HOLDING,1.000A/A
18880,2026-06-03 17:16:27,28.1875,12.00,1.263,8.560,A,#4,HOLDING,1.707A/A
18881,2026-06-03 17:16:29,28.0125,12.00,1.263,8.560,A,#4,HOLDING,1.500A/A
18882,2026-06-03 17:16:31,27.8375,12.00,1.263,8.560,A,#4,HOLDING,1.500A/A
18883,2026-06-03 17:16:32,27.6375,11.90,1.263,8.560,A,#4,HOLDING,1.800A/A
18884,2026-06-03 17:16:34,27.4875,11.90,1.497,17.772,A,#4,HOLDING,1.000A/A
18885,2026-06-03 17:16:37,27.3000,11.90,1.497,17.772,A,#4,HOLDING,1.873A/A
18886,2026-06-03 17:16:38,27.1250,11.90,1.497,17.772,A,#4,HOLDING,1.927A/A
18887,2026-06-03 17:16:40,26.9375,12.00,1.497,17.772,A,#4,HOLDING,1.979A/A
18888,2026-06-03 17:16:42,26.7125,12.00,1.473,17.484,A,#4,HOLDING,1.000A/A
18889,2026-06-03 17:16:44,26.5125,12.00,1.473,17.484,A,#4,HOLDING,2.000A/A
18890,2026-06-03 17:16:46,26.3125,12.00,1.473,17.484,A,#4,HOLDING,1.000A/A
18891,2026-06-03 17:16:48,26.1000,8.91,1.473,17.484,A,#4,HOLDING,1.945A/A
18892,2026-06-03 17:16:50,25.8750,8.91,1.227,17.316,A,#4,HOLDING,1.965A/A
18893,2026-06-03 17:16:52,25.6375,8.91,1.227,17.316,A,#4,HOLDING,1.991A/A
18894,2026-06-03 17:16:54,25.4375,8.91,1.227,17.316,A,#4,HOLDING,1.997A/A
18895,2026-06-03 17:16:56,25.2250,12.00,1.227,17.316,A,#4,HOLDING,2.000A/A
18896,2026-06-03 17:16:57,24.9750,12.00,1.448,17.160,A,#4,HOLDING,1.994A/A
18897,2026-06-03 17:17:00,24.7625,12.00,1.448,17.160,A,#5,APPROACH,1.978A/A
18898,2026-06-03 17:17:01,24.5125,12.00,1.448,17.160,A,#5,APPROACH,0.308A/A
18899,2026-06-03 17:17:03,24.3125,12.00,1.448,17.160,A,#5,APPROACH,0.291A/A
18900,2026-06-03 17:17:05,24.0875,8.88,1.448,17.160,A,#5,APPROACH,0.294A/A
18901,2026-06-03 17:17:07,23.8875,8.88,0.332,1.134,A,#5,APPROACH,0.304A/A
18902,2026-06-03 17:17:10,23.6875,8.88,0.332,1.134,A,#5,APPROACH,0.341A/A
18903,2026-06-03 17:17:11,23.4750,8.88,0.332,1.134,A,#5,APPROACH,0.361A/A
18904,2026-06-03 17:17:13,23.2750,4.13,0.332,1.134,A,#5,APPROACH,0.394A/A
18905,2026-06-03 17:17:15,23.0750,4.13,0.394,1.765,A,#5,APPROACH,0.432A/A
18906,2026-06-03 17:17:17,22.9250,4.13,0.394,1.765,A,#5,APPROACH,0.509A/A
18907,2026-06-03 17:17:19,22.7625,4.13,0.394,1.765,A,#5,APPROACH,0.561A/A
18908,2026-06-03 17:17:21,22.6125,5.62,0.394,1.765,A,#5,APPROACH,0.633A/A
18909,2026-06-03 17:17:23,22.4625,5.62,0.633,4.032,A,#5,APPROACH,0.709A/A
18910,2026-06-03 17:17:25,22.3375,5.62,0.633,4.032,A,#5,APPROACH,0.832A/A
18911,2026-06-03 17:17:27,22.2000,5.62,0.633,4.032,A,#5,APPROACH,0.914A/A
18912,2026-06-03 17:17:29,22.0750,8.18,0.633,4.032,A,#5,APPROACH,1.023A/A
18913,2026-06-03 17:17:30,21.9500,8.18,1.007,9.341,A,#5,APPROACH,1.000A/A
18914,2026-06-03 17:17:33,21.8250,8.18,1.007,9.341,A,#5,APPROACH,1.000A/A
18915,2026-06-03 17:17:34,21.7125,8.18,1.007,9.341,A,#5,APPROACH,1.128A/A
18916,2026-06-03 17:17:36,21.6125,9.76,1.007,9.341,A,#5,APPROACH,1.243A/A
18917,2026-06-03 17:17:38,21.4625,9.76,1.230,13.374,A,#5,APPROACH,1.348A/A
18918,2026-06-03 17:17:40,21.3625,9.76,1.230,13.374,A,#5,APPROACH,1.460A/A
18919,2026-06-03 17:17:42,21.2375,9.76,1.230,13.374,A,#5,APPROACH,1.542A/A
18920,2026-06-03 17:17:44,21.1125,12.00,1.230,13.374,A,#5,APPROACH,1.641A/A
18921,2026-06-03 17:17:46,20.9875,12.00,1.462,17.364,A,#5,APPROACH,1.727A/A
18922,2026-06-03 17:17:48,20.8375,12.00,1.462,17.364,A,#5,APPROACH,1.500A/A
18923,2026-06-03 17:17:50,20.7000,12.00,1.462,17.364,A,#5,APPROACH,1.829A/A
18924,2026-06-03 17:17:52,20.5500,12.00,1.462,17.364,A,#5,APPROACH,1.500A/A
18925,2026-06-03 17:17:53,20.4250,12.00,1.442,17.160,A,#5,APPROACH,1.500A/A
18926,2026-06-03 17:17:56,20.2750,12.00,1.442,17.160,A,#5,APPROACH,1.500A/A
18927,2026-06-03 17:17:57,20.1500,12.00,1.442,17.160,A,#5,APPROACH,1.885A/A
18928,2026-06-03 17:17:59,20.0000,12.00,1.442,17.160,A,#5,APPROACH,1.936A/A
18929,2026-06-03 17:18:01,19.8875,12.00,1.430,17.064,A,#5,APPROACH,1.982A/A
18930,2026-06-03 17:18:04,19.7375,12.00,1.430,17.064,A,#5,APPROACH,1.500A/A
18931,2026-06-03 17:18:05,19.5750,12.00,1.430,17.064,A,#5,APPROACH,1.000A/A
18932,2026-06-03 17:18:07,19.4250,9.07,1.430,17.064,A,#5,APPROACH,1.500A/A
18933,2026-06-03 17:18:09,19.2625,9.07,1.380,16.848,A,#5,HOLDING,1.963A/A
18934,2026-06-03 17:18:11,19.1125,9.07,1.380,16.848,OFF,#5,HOLDING,0.000A/OFF
18935,2026-06-03 17:18:12,19.0125,9.07,1.380,16.848,OFF,#5,HOLDING,0.000A/OFF
18936,2026-06-03 17:18:13,19.0125,9.07,1.380,16.848,OFF,#5,HOLDING,0.000A/OFF
18937,2026-06-03 17:18:14,18.8625,9.07,1.380,16.848,OFF,#5,HOLDING,0.000A/OFF
18938,2026-06-03 17:18:15,18.8625,12.00,0.000,16.848,OFF,#5,HOLDING,0.000A/OFF
18939,2026-06-03 17:18:16,18.7250,12.00,0.000,16.848,OFF,#5,HOLDING,0.000A/OFF
18940,2026-06-03 17:18:17,18.7250,12.00,0.000,0.000,OFF,#5,HOLDING,0.000A/OFF
18941,2026-06-03 17:18:18,18.5750,12.00,0.000,0.000,OFF,#5,HOLDING,0.000A/OFF
18942,2026-06-03 17:18:19,18.5750,12.00,0.000,0.000,OFF,#5,HOLDING,0.000A/OFF
18943,2026-06-03 17:18:20,18.4875,12.00,0.000,0.000,OFF,#5,HOLDING,0.000A/OFF
18944,2026-06-03 17:18:21,18.4875,12.00,0.000,0.000,OFF,#5,HOLDING,0.000A/OFF
18945,2026-06-03 17:18:22,18.4125,12.00,0.000,0.000,OFF,#5,HOLDING,0.000A/OFF
18946,2026-06-03 17:18:23,18.4125,12.00,0.000,0.000,OFF,#5,HOLDING,0.000A/OFF
18947,2026-06-03 17:18:24,18.3375,12.00,0.000,0.000,OFF,#5,HOLDING,0.000A/OFF
18948,2026-06-03 17:18:25,18.2875,12.00,0.000,0.000,OFF,#5,HOLDING,0.000A/OFF
18949,2026-06-03 17:18:26,18.2875,12.00,0.000,0.000,OFF,#5,HOLDING,0.000A/OFF
18950,2026-06-03 17:18:27,18.2500,12.00,0.000,0.000,OFF,#5,HOLDING,0.000A/OFF
18951,2026-06-03 17:18:28,18.2500,12.00,0.000,0.000,OFF,#5,HOLDING,0.000A/OFF
18952,2026-06-03 17:18:29,18.2500,12.00,0.000,0.000,OFF,#5,HOLDING,0.000A/OFF
18953,2026-06-03 17:18:30,18.2500,12.00,0.000,0.000,OFF,#5,HOLDING,0.000A/OFF
18954,2026-06-03 17:18:31,18.2500,12.00,0.000,0.000,OFF,#5,HOLDING,0.000A/OFF
18955,2026-06-03 17:18:32,18.2500,12.00,0.000,0.000,OFF,#5,HOLDING,0.000A/OFF
18956,2026-06-03 17:18:33,18.2500,12.00,0.000,0.000,OFF,#5,HOLDING,0.000A/OFF
18957,2026-06-03 17:18:34,18.2500,12.00,0.000,0.000,OFF,#5,HOLDING,0.000A/OFF
18958,2026-06-03 17:18:35,18.2500,12.00,0.000,0.000,OFF,#5,HOLDING,0.000A/OFF
18959,2026-06-03 17:18:36,18.2500,12.00,0.000,0.000,OFF,#5,HOLDING,0.000A/OFF
18960,2026-06-03 17:18:37,18.2750,12.00,0.000,0.000,OFF,#5,HOLDING,0.000A/OFF
18961,2026-06-03 17:18:38,18.2750,12.00,0.000,0.000,OFF,#5,HOLDING,0.000A/OFF
18962,2026-06-03 17:18:39,18.3125,12.00,0.000,0.000,OFF,#5,HOLDING,0.000A/OFF
18963,2026-06-03 17:18:41,18.3125,12.00,0.000,0.000,OFF,#5,HOLDING,0.000A/OFF
18964,2026-06-03 17:18:42,18.3375,12.00,0.000,0.000,OFF,#5,HOLDING,0.000A/OFF
18965,2026-06-03 17:18:43,18.3375,12.00,0.000,0.000,OFF,#5,HOLDING,0.000A/OFF
18966,2026-06-03 17:18:44,18.3750,12.00,0.000,0.000,OFF,#5,HOLDING,0.000A/OFF
18967,2026-06-03 17:18:45,18.4250,12.00,0.000,0.000,OFF,#5,HOLDING,0.000A/OFF
18968,2026-06-03 17:18:46,18.4250,12.00,0.000,0.000,OFF,#5,HOLDING,0.000A/OFF
18969,2026-06-03 17:18:47,18.5000,12.00,0.000,0.000,OFF,#5,HOLDING,0.000A/OFF
18970,2026-06-03 17:18:48,18.5000,12.00,0.000,0.000,OFF,#5,HOLDING,0.000A/OFF
18971,2026-06-03 17:18:49,18.5500,12.00,0.000,0.000,OFF,#5,HOLDING,0.000A/OFF
18972,2026-06-03 17:18:50,18.5500,12.00,0.000,0.000,OFF,#5,HOLDING,0.000A/OFF
18973,2026-06-03 17:18:51,18.6000,12.00,0.000,0.000,OFF,#5,HOLDING,0.000A/OFF
18974,2026-06-03 17:18:52,18.6000,12.00,0.000,0.000,OFF,#5,HOLDING,0.000A/OFF
18975,2026-06-03 17:18:53,18.6750,12.00,0.000,0.000,A,#5,HOLDING,0.100A/A
18976,2026-06-03 17:18:55,18.7000,12.00,0.000,0.000,A,#5,HOLDING,0.106A/A
18977,2026-06-03 17:18:56,18.8000,12.00,0.000,0.129,A,#5,HOLDING,0.130A/A
18978,2026-06-03 17:18:58,18.8000,12.00,0.000,0.129,A,#5,HOLDING,0.130A/A
18979,2026-06-03 17:19:00,18.8500,12.00,0.000,0.129,A,#5,HOLDING,0.148A/A
18980,2026-06-03 17:19:02,18.9250,1.59,0.000,0.129,A,#5,HOLDING,0.165A/A
18981,2026-06-03 17:19:03,18.9750,1.59,0.165,0.295,A,#5,HOLDING,0.191A/A
18982,2026-06-03 17:19:06,19.0250,1.59,0.165,0.295,A,#5,HOLDING,0.219A/A
18983,2026-06-03 17:19:07,19.0750,1.59,0.165,0.295,A,#5,HOLDING,0.240A/A
18984,2026-06-03 17:19:09,19.1250,2.46,0.165,0.295,OFF,--,DONE,0.267A/A
18985,2026-06-03 17:19:11,19.2000,2.46,0.252,0.295,OFF,--,DONE,--
18986,2026-06-03 17:19:12,19.2500,2.46,0.252,0.000,OFF,--,DONE,--
18987,2026-06-03 17:19:13,19.2500,2.46,0.252,0.000,OFF,--,DONE,--
18988,2026-06-03 17:19:14,19.2625,0.15,0.252,0.000,OFF,--,DONE,--
18989,2026-06-03 17:19:15,19.3375,0.15,0.000,0.000,OFF,--,DONE,--
18990,2026-06-03 17:19:16,19.3375,0.15,0.000,0.000,OFF,--,DONE,--
18991,2026-06-03 17:19:17,19.3750,0.00,0.000,0.000,OFF,--,DONE,--
18992,2026-06-03 17:19:18,19.3750,0.00,0.000,0.000,OFF,--,DONE,--
18993,2026-06-03 17:19:19,19.4250,0.00,0.000,0.000,OFF,--,DONE,--
18994,2026-06-03 17:19:20,19.4250,0.00,0.000,0.000,OFF,--,DONE,--
18995,2026-06-03 17:19:21,19.4750,0.00,0.000,0.000,OFF,--,DONE,--
18996,2026-06-03 17:19:22,19.4750,0.00,0.000,0.000,OFF,--,DONE,--
18997,2026-06-03 17:19:23,19.5000,0.00,0.000,0.000,OFF,--,DONE,--
18998,2026-06-03 17:19:24,19.5000,0.00,0.000,0.000,OFF,--,DONE,--
18999,2026-06-03 17:19:25,19.5375,0.00,0.000,0.000,OFF,--,DONE,--
19000,2026-06-03 17:19:26,19.5375,0.00,0.000,0.000,OFF,--,DONE,--
19001,2026-06-03 17:19:27,19.5875,0.00,0.000,0.000,OFF,--,DONE,--
19002,2026-06-03 17:19:29,19.5875,0.00,0.000,0.000,OFF,--,DONE,--
19003,2026-06-03 17:19:30,19.6625,0.00,0.000,0.000,OFF,--,DONE,--
19004,2026-06-03 17:19:31,19.6625,0.00,0.000,0.000,OFF,--,DONE,--
19005,2026-06-03 17:19:32,19.6875,0.00,0.000,0.000,OFF,--,DONE,--
19006,2026-06-03 17:19:33,19.6875,0.00,0.000,0.000,OFF,--,DONE,--
19007,2026-06-03 17:19:34,19.7250,0.00,0.000,0.000,OFF,--,DONE,--
19008,2026-06-03 17:19:35,19.7250,0.00,0.000,0.000,OFF,--,DONE,--
19009,2026-06-03 17:19:36,19.7500,0.00,0.000,0.000,OFF,--,DONE,--
19010,2026-06-03 17:19:37,19.7500,0.00,0.000,0.000,OFF,--,DONE,--
19011,2026-06-03 17:19:38,19.8125,0.00,0.000,0.000,OFF,--,DONE,--
19012,2026-06-03 17:19:39,19.8375,0.00,0.000,0.000,OFF,--,DONE,--
19013,2026-06-03 17:19:40,19.8375,0.00,0.000,0.000,OFF,--,DONE,--
19014,2026-06-03 17:19:41,19.9375,0.00,0.000,0.000,OFF,--,DONE,--
19015,2026-06-03 17:19:42,19.9375,0.00,0.000,0.000,OFF,--,DONE,--
19016,2026-06-03 17:19:43,19.9375,0.00,0.000,0.000,OFF,--,DONE,--
19017,2026-06-03 17:19:44,19.9375,0.00,0.000,0.000,OFF,--,DONE,--
19018,2026-06-03 17:19:45,20.0000,0.00,0.000,0.000,OFF,--,DONE,--
19019,2026-06-03 17:19:46,20.0000,0.00,0.000,0.000,OFF,--,DONE,--
19020,2026-06-03 17:19:47,20.0500,0.00,0.000,0.000,OFF,--,DONE,--
19021,2026-06-03 17:19:48,20.0500,0.00,0.000,0.000,OFF,--,DONE,--
19022,2026-06-03 17:19:49,20.0750,0.00,0.000,0.000,OFF,--,DONE,--
19023,2026-06-03 17:19:50,20.0750,0.00,0.000,0.000,OFF,--,DONE,--
19024,2026-06-03 17:19:51,20.1250,0.00,0.000,0.000,OFF,--,DONE,--
19025,2026-06-03 17:19:52,20.1250,0.00,0.000,0.000,OFF,--,DONE,--
19026,2026-06-03 17:19:53,20.1625,0.00,0.000,0.000,OFF,--,DONE,--
19027,2026-06-03 17:19:54,20.1625,0.00,0.000,0.000,OFF,--,DONE,--
19028,2026-06-03 17:19:55,20.2125,0.00,0.000,0.000,OFF,--,DONE,--
19029,2026-06-03 17:19:56,20.2125,0.00,0.000,0.000,OFF,--,DONE,--
19030,2026-06-03 17:19:57,20.2500,0.00,0.000,0.000,OFF,--,DONE,--
19031,2026-06-03 17:19:58,20.3000,0.00,0.000,0.000,OFF,--,DONE,--
19032,2026-06-03 17:19:59,20.3000,0.00,0.000,0.000,OFF,--,DONE,--
19033,2026-06-03 17:20:00,20.3500,0.00,0.000,0.000,OFF,--,DONE,--
19034,2026-06-03 17:20:01,20.3500,0.00,0.000,0.000,OFF,--,DONE,--
19035,2026-06-03 17:20:02,20.3750,0.00,0.000,0.000,OFF,--,DONE,--
19036,2026-06-03 17:20:03,20.3750,0.00,0.000,0.000,OFF,--,DONE,--
19037,2026-06-03 17:20:04,20.4125,0.00,0.000,0.000,OFF,--,DONE,--
19038,2026-06-03 17:20:05,20.4125,0.00,0.000,0.000,OFF,--,DONE,--
19039,2026-06-03 17:20:06,20.4375,0.00,0.000,0.000,OFF,--,DONE,--
19040,2026-06-03 17:20:07,20.4375,0.00,0.000,0.000,OFF,--,DONE,--
19041,2026-06-03 17:20:08,20.5000,0.00,0.000,0.000,OFF,--,DONE,--
19042,2026-06-03 17:20:09,20.5000,0.00,0.000,0.000,OFF,--,DONE,--
19043,2026-06-03 17:20:10,20.5000,0.00,0.000,0.000,OFF,--,DONE,--
19044,2026-06-03 17:20:11,20.5000,0.00,0.000,0.000,OFF,--,DONE,--
19045,2026-06-03 17:20:12,20.5625,0.00,0.000,0.000,OFF,--,DONE,--
19046,2026-06-03 17:20:13,20.5625,0.00,0.000,0.000,OFF,--,DONE,--
19047,2026-06-03 17:20:14,20.5625,0.00,0.000,0.000,OFF,--,DONE,--
19048,2026-06-03 17:20:15,20.5625,0.00,0.000,0.000,OFF,--,DONE,--
19049,2026-06-03 17:20:16,20.6250,0.00,0.000,0.000,OFF,--,DONE,--
19050,2026-06-03 17:20:17,20.6250,0.00,0.000,0.000,OFF,--,DONE,--
19051,2026-06-03 17:20:18,20.6250,0.00,0.000,0.000,OFF,--,DONE,--
19052,2026-06-03 17:20:19,20.6875,0.00,0.000,0.000,OFF,--,DONE,--
19053,2026-06-03 17:20:20,20.6875,0.00,0.000,0.000,OFF,--,DONE,--
19054,2026-06-03 17:20:21,20.6875,0.00,0.000,0.000,OFF,--,DONE,--
19055,2026-06-03 17:20:22,20.6875,0.00,0.000,0.000,OFF,--,DONE,--
19056,2026-06-03 17:20:23,20.7250,0.00,0.000,0.000,OFF,--,DONE,--
19057,2026-06-03 17:20:24,20.7250,0.00,0.000,0.000,OFF,--,DONE,--
19058,2026-06-03 17:20:25,20.7500,0.00,0.000,0.000,OFF,--,DONE,--
19059,2026-06-03 17:20:26,20.7500,0.00,0.000,0.000,OFF,--,DONE,--
19060,2026-06-03 17:20:27,20.8125,0.00,0.000,0.000,OFF,--,DONE,--
19061,2026-06-03 17:20:28,20.8125,0.00,0.000,0.000,OFF,--,DONE,--
19062,2026-06-03 17:20:29,20.8125,0.00,0.000,0.000,OFF,--,DONE,--
19063,2026-06-03 17:20:30,20.8125,0.00,0.000,0.000,OFF,--,DONE,--
19064,2026-06-03 17:20:31,20.8250,0.00,0.000,0.000,OFF,--,DONE,--
19065,2026-06-03 17:20:32,20.8250,0.00,0.000,0.000,OFF,--,DONE,--
19066,2026-06-03 17:20:33,20.8750,0.00,0.000,0.000,OFF,--,DONE,--
19067,2026-06-03 17:20:34,20.8750,0.00,0.000,0.000,OFF,--,DONE,--
19068,2026-06-03 17:20:36,20.8875,0.00,0.000,0.000,OFF,--,DONE,--
19069,2026-06-03 17:20:37,20.9375,0.00,0.000,0.000,OFF,--,DONE,--
19070,2026-06-03 17:20:38,20.9375,0.00,0.000,0.000,OFF,--,DONE,--
19071,2026-06-03 17:20:39,20.9625,0.00,0.000,0.000,OFF,--,DONE,--
19072,2026-06-03 17:20:40,20.9625,0.00,0.000,0.000,OFF,--,DONE,--
19073,2026-06-03 17:20:41,20.9625,0.00,0.000,0.000,OFF,--,DONE,--
19074,2026-06-03 17:20:42,20.9625,0.00,0.000,0.000,OFF,--,DONE,--
19075,2026-06-03 17:20:43,21.0000,0.00,0.000,0.000,OFF,--,DONE,--
19076,2026-06-03 17:20:44,21.0000,0.00,0.000,0.000,OFF,--,DONE,--
19077,2026-06-03 17:20:45,21.0000,0.00,0.000,0.000,OFF,--,DONE,--
19078,2026-06-03 17:20:46,21.0000,0.00,0.000,0.000,OFF,--,DONE,--
19079,2026-06-03 17:20:47,21.0375,0.00,0.000,0.000,OFF,--,DONE,--
19080,2026-06-03 17:20:48,21.0375,0.00,0.000,0.000,OFF,--,DONE,--
19081,2026-06-03 17:20:49,21.0625,0.00,0.000,0.000,OFF,--,DONE,--
19082,2026-06-03 17:20:50,21.0625,0.00,0.000,0.000,OFF,--,DONE,--
19083,2026-06-03 17:20:51,21.0625,0.00,0.000,0.000,OFF,--,DONE,--
19084,2026-06-03 17:20:52,21.0875,0.00,0.000,0.000,OFF,--,DONE,--
19085,2026-06-03 17:20:53,21.0875,0.00,0.000,0.000,A,#1,APPROACH,1.970A/A
19086,2026-06-03 17:20:55,21.1250,0.00,0.000,0.000,A,#1,APPROACH,1.319A/A
19087,2026-06-03 17:20:58,21.1250,0.00,0.000,0.000,A,#1,APPROACH,1.333A/A
19088,2026-06-03 17:21:00,21.1875,0.00,0.000,0.000,A,#1,APPROACH,1.500A/A
19089,2026-06-03 17:21:01,21.1875,11.42,0.000,0.000,A,#1,APPROACH,1.000A/A
19090,2026-06-03 17:21:03,21.1875,11.42,1.187,8.390,A,#1,APPROACH,2.000A/A
19091,2026-06-03 17:21:06,21.1875,11.42,1.187,8.390,A,#1,APPROACH,1.488A/A
19092,2026-06-03 17:21:07,21.1875,11.42,1.187,8.390,A,#1,APPROACH,1.929A/A
19093,2026-06-03 17:21:09,21.1875,12.00,1.187,8.390,A,#1,APPROACH,2.089A/A
19094,2026-06-03 17:21:11,21.1000,12.00,1.538,18.252,A,#1,APPROACH,2.213A/A
19095,2026-06-03 17:21:13,21.0500,12.00,1.538,18.252,A,#1,APPROACH,2.500A/A
19096,2026-06-03 17:21:15,20.9750,12.00,1.538,18.252,A,#1,APPROACH,1.500A/A
19097,2026-06-03 17:21:17,20.9750,11.87,1.538,18.252,A,#1,APPROACH,1.000A/A
19098,2026-06-03 17:21:19,20.9000,11.87,1.045,8.890,A,#1,APPROACH,1.000A/A
19099,2026-06-03 17:21:21,20.7000,11.87,1.045,8.890,A,#1,APPROACH,3.000A/A
19100,2026-06-03 17:21:23,20.5750,11.87,1.045,8.890,A,#1,APPROACH,1.000A/A
19101,2026-06-03 17:21:25,20.5750,8.76,1.045,8.890,A,#1,APPROACH,2.500A/A
19102,2026-06-03 17:21:26,20.4875,8.76,1.481,17.592,A,#1,APPROACH,2.000A/A
19103,2026-06-03 17:21:29,20.2625,8.76,1.481,17.592,A,#1,APPROACH,3.000A/A
19104,2026-06-03 17:21:30,20.1125,8.76,1.481,17.592,A,#1,APPROACH,3.000A/A
19105,2026-06-03 17:21:32,20.1125,12.00,1.481,17.592,A,#1,APPROACH,1.000A/A
19106,2026-06-03 17:21:34,20.0250,12.00,1.131,9.180,A,#1,APPROACH,3.000A/A
19107,2026-06-03 17:21:36,19.7500,12.00,1.131,9.180,A,#1,APPROACH,1.000A/A
19108,2026-06-03 17:21:38,19.6500,12.00,1.131,9.180,A,#1,APPROACH,2.000A/A
19109,2026-06-03 17:21:40,19.6500,12.00,1.131,9.180,A,#1,APPROACH,3.000A/A
19110,2026-06-03 17:21:42,19.5250,12.00,1.445,17.148,A,#1,APPROACH,1.000A/A
19111,2026-06-03 17:21:44,19.2750,12.00,1.445,17.148,A,#1,APPROACH,2.974A/A
19112,2026-06-03 17:21:46,19.1250,12.00,1.445,17.148,A,#1,APPROACH,1.500A/A
19113,2026-06-03 17:21:48,19.1250,12.00,1.445,17.148,A,#1,APPROACH,2.005A/A
19114,2026-06-03 17:21:49,18.9875,12.00,1.428,16.944,A,#1,APPROACH,2.000A/A
19115,2026-06-03 17:21:52,18.7375,12.00,1.428,16.944,A,#1,APPROACH,2.000A/A
19116,2026-06-03 17:21:53,18.7375,12.00,1.428,16.944,A,#1,APPROACH,1.500A/A
19117,2026-06-03 17:21:55,18.6125,12.00,1.428,16.944,A,#1,APPROACH,2.000A/A
19118,2026-06-03 17:21:57,18.4875,12.00,1.410,16.800,A,#1,APPROACH,2.108A/A
19119,2026-06-03 17:21:59,18.2375,12.00,1.410,16.800,A,#1,APPROACH,1.793A/A
19120,2026-06-03 17:22:01,18.2375,12.00,1.410,16.800,A,#1,APPROACH,1.971A/A
19121,2026-06-03 17:22:03,18.1125,12.00,1.410,16.800,A,#1,APPROACH,1.000A/A
19122,2026-06-03 17:22:05,18.0125,12.00,1.215,9.390,A,#1,APPROACH,1.948A/A
19123,2026-06-03 17:22:07,17.7625,12.00,1.215,9.390,A,#1,HOLDING,1.500A/A
19124,2026-06-03 17:22:09,17.7625,12.00,1.215,9.390,A,#1,HOLDING,0.228A/A
19125,2026-06-03 17:22:11,17.6125,3.46,1.215,9.390,A,#1,HOLDING,0.162A/A
19126,2026-06-03 17:22:12,17.5125,3.46,0.193,0.464,A,#1,HOLDING,0.143A/A
19127,2026-06-03 17:22:15,17.2750,3.46,0.193,0.464,OFF,#1,HOLDING,0.000A/OFF
19128,2026-06-03 17:22:16,17.2750,3.46,0.193,0.464,OFF,#1,HOLDING,0.126A/A
19129,2026-06-03 17:22:18,17.2000,3.46,0.193,0.464,A,#1,HOLDING,0.140A/A
19130,2026-06-03 17:22:19,17.1250,12.00,0.000,0.464,A,#1,HOLDING,0.153A/A
19131,2026-06-03 17:22:21,17.0750,12.00,0.000,0.354,A,#1,HOLDING,0.154A/A
19132,2026-06-03 17:22:23,17.0000,12.00,0.000,0.354,A,#1,HOLDING,0.123A/A
19133,2026-06-03 17:22:24,17.0000,12.00,0.000,0.354,A,#1,HOLDING,0.141A/A
19134,2026-06-03 17:22:26,17.0000,2.07,0.000,0.354,A,#1,HOLDING,0.149A/A
19135,2026-06-03 17:22:28,16.9750,2.07,0.149,0.317,A,#1,HOLDING,0.149A/A
19136,2026-06-03 17:22:30,16.9875,2.07,0.149,0.317,A,#1,HOLDING,0.159A/A
19137,2026-06-03 17:22:32,16.9625,2.07,0.149,0.317,A,#1,HOLDING,0.154A/A
19138,2026-06-03 17:22:34,16.9625,2.07,0.149,0.317,A,#1,HOLDING,0.153A/A
19139,2026-06-03 17:22:36,17.0000,2.07,0.153,0.313,A,#1,HOLDING,0.162A/A
19140,2026-06-03 17:22:38,17.0375,2.07,0.153,0.313,A,#1,HOLDING,0.181A/A
19141,2026-06-03 17:22:40,17.0625,2.07,0.153,0.313,A,#1,HOLDING,0.187A/A
19142,2026-06-03 17:22:42,17.0625,2.26,0.153,0.313,A,#1,HOLDING,0.182A/A
19143,2026-06-03 17:22:43,17.0750,2.26,0.182,0.405,A,#1,HOLDING,0.188A/A
19144,2026-06-03 17:22:46,17.1625,2.26,0.182,0.405,A,#1,HOLDING,0.205A/A
19145,2026-06-03 17:22:47,17.1625,2.26,0.182,0.405,A,#1,HOLDING,0.215A/A
19146,2026-06-03 17:22:49,17.2125,2.45,0.182,0.405,A,#1,HOLDING,0.239A/A
19147,2026-06-03 17:22:51,17.2625,2.45,0.239,0.645,A,#1,HOLDING,0.259A/A
19148,2026-06-03 17:22:53,17.3250,2.45,0.239,0.645,A,#1,HOLDING,0.281A/A
19149,2026-06-03 17:22:55,17.3250,2.45,0.239,0.645,A,#1,HOLDING,0.284A/A
19150,2026-06-03 17:22:57,17.4000,3.03,0.239,0.645,A,#1,HOLDING,0.313A/A
19151,2026-06-03 17:22:59,17.4375,3.03,0.301,1.045,A,#1,HOLDING,0.349A/A
19152,2026-06-03 17:23:01,17.5000,3.03,0.301,1.045,A,#1,HOLDING,0.400A/A
19153,2026-06-03 17:23:03,17.5000,3.03,0.301,1.045,A,#1,HOLDING,0.442A/A
19154,2026-06-03 17:23:05,17.5500,4.36,0.301,1.045,A,#1,HOLDING,0.501A/A
19155,2026-06-03 17:23:06,17.5625,4.36,0.484,2.494,A,#1,HOLDING,0.556A/A
19156,2026-06-03 17:23:09,17.6625,4.36,0.484,2.494,A,#2,APPROACH,0.718A/A
19157,2026-06-03 17:23:10,17.6625,4.36,0.484,2.494,B,#2,APPROACH,0.298A/B
19158,2026-06-03 17:23:12,17.6875,4.36,0.484,2.494,B,#2,APPROACH,0.670A/B
19159,2026-06-03 17:23:14,17.7250,12.00,0.484,2.494,B,#2,APPROACH,1.000A/B
19160,2026-06-03 17:23:16,17.7500,12.00,1.318,7.910,B,#2,APPROACH,2.481A/B
19161,2026-06-03 17:23:19,17.8625,12.00,1.318,7.910,B,#2,APPROACH,3.000A/B
19162,2026-06-03 17:23:20,17.8625,12.00,1.318,7.910,B,#2,APPROACH,2.000A/B
19163,2026-06-03 17:23:22,17.9500,12.00,1.318,7.910,B,#2,APPROACH,1.000A/B
19164,2026-06-03 17:23:24,18.0750,12.00,1.250,8.270,B,#2,APPROACH,1.500A/B
19165,2026-06-03 17:23:26,18.3875,12.00,1.250,8.270,B,#2,APPROACH,2.000A/B
19166,2026-06-03 17:23:28,18.3875,12.00,1.250,8.270,B,#2,APPROACH,2.500A/B
19167,2026-06-03 17:23:30,18.5500,12.00,1.250,8.270,B,#2,APPROACH,2.500A/B
19168,2026-06-03 17:23:32,18.7500,12.00,1.524,18.048,B,#2,HOLDING,1.000A/B
19169,2026-06-03 17:23:34,19.1750,12.00,1.524,18.048,B,#2,HOLDING,1.500A/B
19170,2026-06-03 17:23:36,19.1750,12.00,1.524,18.048,B,#2,HOLDING,1.000A/B
19171,2026-06-03 17:23:38,19.4000,8.73,1.524,18.048,B,#2,HOLDING,1.603A/B
19172,2026-06-03 17:23:39,19.6500,8.73,1.399,17.580,A,#2,HOLDING,0.226A/A
19173,2026-06-03 17:23:42,20.1250,8.73,1.399,17.580,A,#2,HOLDING,1.735A/A
19174,2026-06-03 17:23:43,20.1250,8.73,1.399,17.580,A,#2,HOLDING,2.556A/A
19175,2026-06-03 17:23:45,20.3500,12.00,1.399,17.580,A,#2,HOLDING,2.000A/A
19176,2026-06-03 17:23:47,20.6500,12.00,1.677,19.812,A,#2,HOLDING,2.000A/A
19177,2026-06-03 17:23:49,21.1000,12.00,1.677,19.812,A,#2,HOLDING,2.000A/A
19178,2026-06-03 17:23:51,21.1000,12.00,1.677,19.812,A,#2,HOLDING,2.000A/A
19179,2026-06-03 17:23:53,21.3000,12.00,1.677,19.812,A,#2,HOLDING,2.500A/A
19180,2026-06-03 17:23:55,21.4500,12.00,1.591,18.876,A,#2,HOLDING,2.500A/A
19181,2026-06-03 17:23:57,21.7000,12.00,1.591,18.876,A,#2,HOLDING,1.500A/A
19182,2026-06-03 17:23:59,21.7000,12.00,1.591,18.876,A,#2,HOLDING,3.000A/A
19183,2026-06-03 17:24:01,21.7875,12.00,1.591,18.876,A,#2,HOLDING,1.500A/A
19184,2026-06-03 17:24:02,21.8125,12.00,1.519,17.820,A,#2,HOLDING,1.500A/A
19185,2026-06-03 17:24:05,21.8750,12.00,1.519,17.820,A,#2,HOLDING,1.000A/A
19186,2026-06-03 17:24:06,21.8750,12.00,1.519,17.820,A,#2,HOLDING,1.000A/A
19187,2026-06-03 17:24:08,21.8625,8.53,1.519,17.820,A,#2,HOLDING,2.968A/A
19188,2026-06-03 17:24:10,21.8375,8.53,1.510,17.928,A,#2,HOLDING,1.000A/A
19189,2026-06-03 17:24:13,21.7500,8.53,1.510,17.928,A,#2,HOLDING,3.000A/A
19190,2026-06-03 17:24:14,21.7500,8.53,1.510,17.928,A,#2,HOLDING,2.000A/A
19191,2026-06-03 17:24:16,21.6875,12.00,1.510,17.928,A,#2,HOLDING,1.500A/A
19192,2026-06-03 17:24:18,21.6125,12.00,1.479,17.580,A,#2,HOLDING,1.000A/A
19193,2026-06-03 17:24:20,21.4500,12.00,1.479,17.580,A,#2,HOLDING,2.000A/A
19194,2026-06-03 17:24:22,21.4500,12.00,1.479,17.580,A,#2,HOLDING,1.500A/A
19195,2026-06-03 17:24:24,21.3625,12.00,1.479,17.580,A,#2,HOLDING,1.868A/A
19196,2026-06-03 17:24:26,21.2375,12.00,1.461,17.364,A,#2,HOLDING,1.024A/A
19197,2026-06-03 17:24:28,21.0125,12.00,1.461,17.364,A,#2,HOLDING,1.109A/A
19198,2026-06-03 17:24:30,21.0125,12.00,1.461,17.364,A,#2,HOLDING,1.500A/A
19199,2026-06-03 17:24:31,20.9250,12.00,1.461,17.364,A,#2,HOLDING,0.917A/A
19200,2026-06-03 17:24:33,20.8000,12.00,1.132,7.941,A,#2,HOLDING,1.158A/A
19201,2026-06-03 17:24:36,20.5750,12.00,1.132,7.941,A,#2,HOLDING,0.668A/A
19202,2026-06-03 17:24:37,20.5750,12.00,1.132,7.941,A,#2,HOLDING,0.707A/A
19203,2026-06-03 17:24:39,20.4500,6.90,1.132,7.941,A,#2,HOLDING,0.764A/A
19204,2026-06-03 17:24:41,20.3250,6.90,0.737,5.653,A,#2,HOLDING,0.884A/A
19205,2026-06-03 17:24:43,20.1375,6.90,0.737,5.653,A,#2,HOLDING,0.784A/A
19206,2026-06-03 17:24:45,20.1375,6.90,0.737,5.653,A,#2,HOLDING,0.812A/A
19207,2026-06-03 17:24:47,20.0000,7.68,0.737,5.653,A,#2,HOLDING,0.859A/A
19208,2026-06-03 17:24:49,19.9000,7.68,0.833,6.966,A,#2,HOLDING,0.850A/A
19209,2026-06-03 17:24:51,19.6750,7.68,0.833,6.966,A,#2,HOLDING,0.562A/A
19210,2026-06-03 17:24:53,19.6750,7.68,0.833,6.966,A,#2,HOLDING,0.587A/A
19211,2026-06-03 17:24:55,19.5875,6.04,0.833,6.966,A,#2,HOLDING,0.529A/A
19212,2026-06-03 17:24:56,19.5125,6.04,0.556,3.020,A,#2,HOLDING,0.510A/A
19213,2026-06-03 17:24:59,19.3500,6.04,0.556,3.020,A,#2,HOLDING,0.445A/A
19214,2026-06-03 17:25:00,19.3500,6.04,0.556,3.020,A,#2,HOLDING,0.426A/A
19215,2026-06-03 17:25:02,19.2750,4.72,0.556,3.020,A,#2,HOLDING,0.384A/A
19216,2026-06-03 17:25:04,19.1750,4.72,0.403,1.701,A,#2,HOLDING,0.290A/A
19217,2026-06-03 17:25:06,19.0750,4.72,0.403,1.701,A,#2,HOLDING,0.271A/A
19218,2026-06-03 17:25:08,19.0750,4.72,0.403,1.701,A,#2,HOLDING,0.357A/A
19219,2026-06-03 17:25:10,19.0000,4.05,0.403,1.701,A,#2,HOLDING,0.378A/A
19220,2026-06-03 17:25:12,18.9500,4.05,0.378,1.625,A,#2,HOLDING,0.367A/A
19221,2026-06-03 17:25:14,18.8750,4.05,0.378,1.625,A,#2,HOLDING,0.308A/A
19222,2026-06-03 17:25:16,18.8750,4.05,0.378,1.625,A,#2,HOLDING,0.324A/A
19223,2026-06-03 17:25:18,18.8500,3.72,0.378,1.625,A,#2,HOLDING,0.281A/A
19224,2026-06-03 17:25:19,18.8250,3.72,0.281,0.969,A,#2,HOLDING,0.241A/A
19225,2026-06-03 17:25:22,18.7500,3.72,0.281,0.969,A,#3,APPROACH,0.188A/A
19226,2026-06-03 17:25:23,18.7500,3.72,0.281,0.969,B,#3,APPROACH,0.107A/B
19227,2026-06-03 17:25:25,18.7500,3.72,0.281,0.969,B,#3,APPROACH,0.148A/B
19228,2026-06-03 17:25:27,18.7250,6.52,0.281,0.969,B,#3,APPROACH,0.193A/B
19229,2026-06-03 17:25:29,18.7000,6.52,0.443,0.318,B,#3,APPROACH,0.297A/B
19230,2026-06-03 17:25:32,18.7250,6.52,0.443,0.318,B,#3,APPROACH,0.361A/B
19231,2026-06-03 17:25:33,18.8000,6.52,0.443,0.318,B,#3,APPROACH,0.407A/B
19232,2026-06-03 17:25:35,18.8000,3.40,0.443,0.318,B,#3,APPROACH,0.480A/B
19233,2026-06-03 17:25:37,18.8625,3.40,0.480,2.001,B,#3,APPROACH,0.489A/B
19234,2026-06-03 17:25:39,19.0125,3.40,0.480,2.001,B,#3,APPROACH,0.550A/B
19235,2026-06-03 17:25:41,19.1125,3.40,0.480,2.001,B,#3,APPROACH,0.581A/B
19236,2026-06-03 17:25:43,19.1125,4.92,0.480,2.001,B,#3,APPROACH,0.659A/B
19237,2026-06-03 17:25:45,19.2250,4.92,0.647,3.782,B,#3,APPROACH,0.675A/B
19238,2026-06-03 17:25:47,19.4125,4.92,0.647,3.782,B,#3,HOLDING,0.632A/B
19239,2026-06-03 17:25:49,19.5125,4.92,0.647,3.782,OFF,#3,HOLDING,0.000A/OFF
19240,2026-06-03 17:25:50,19.5125,4.92,0.647,3.782,OFF,#3,HOLDING,0.000A/OFF
19241,2026-06-03 17:25:51,19.6375,12.00,0.647,3.782,OFF,#3,HOLDING,0.000A/OFF
19242,2026-06-03 17:25:52,19.6375,12.00,0.000,3.782,OFF,#3,HOLDING,0.000A/OFF
19243,2026-06-03 17:25:53,19.7625,12.00,0.000,0.000,OFF,#3,HOLDING,0.000A/OFF
19244,2026-06-03 17:25:54,19.7625,12.00,0.000,0.000,OFF,#3,HOLDING,0.000A/OFF
19245,2026-06-03 17:25:55,19.8875,12.00,0.000,0.000,OFF,#3,HOLDING,0.000A/OFF
19246,2026-06-03 17:25:56,19.8875,12.00,0.000,0.000,B,#3,HOLDING,0.108A/B
19247,2026-06-03 17:25:58,20.0125,12.00,0.108,0.000,B,#3,HOLDING,0.109A/B
19248,2026-06-03 17:26:00,20.1375,12.00,0.108,0.123,B,#3,HOLDING,0.128A/B
19249,2026-06-03 17:26:01,20.2375,12.00,0.108,0.123,B,#3,HOLDING,0.121A/B
19250,2026-06-03 17:26:03,20.3500,12.00,0.108,0.123,B,#3,HOLDING,0.122A/B
19251,2026-06-03 17:26:05,20.4250,1.24,0.108,0.123,B,#3,HOLDING,0.125A/B
19252,2026-06-03 17:26:06,20.5375,1.24,0.125,0.160,B,#3,HOLDING,0.118A/B
19253,2026-06-03 17:26:09,20.6375,1.24,0.125,0.160,B,#3,HOLDING,0.110A/B
19254,2026-06-03 17:26:10,20.7250,1.24,0.125,0.160,OFF,#3,HOLDING,0.000A/OFF
19255,2026-06-03 17:26:11,20.7250,1.24,0.125,0.160,OFF,#3,HOLDING,0.101A/B
19256,2026-06-03 17:26:13,20.8250,6.90,0.125,0.160,OFF,#3,HOLDING,0.000A/OFF
19257,2026-06-03 17:26:14,20.8875,6.90,0.099,0.160,OFF,#3,HOLDING,0.000A/OFF
19258,2026-06-03 17:26:15,20.8875,6.90,0.099,0.000,OFF,#3,HOLDING,0.000A/OFF
19259,2026-06-03 17:26:16,20.9875,6.90,0.099,0.000,OFF,#3,HOLDING,0.000A/OFF
19260,2026-06-03 17:26:17,20.9875,6.90,0.099,0.000,OFF,#3,HOLDING,0.000A/OFF
19261,2026-06-03 17:26:18,21.0750,6.90,0.099,0.000,OFF,#3,HOLDING,0.000A/OFF
19262,2026-06-03 17:26:19,21.0750,6.90,0.099,0.000,OFF,#3,HOLDING,0.000A/OFF
19263,2026-06-03 17:26:20,21.1500,12.00,0.000,0.000,OFF,#3,HOLDING,0.000A/OFF
19264,2026-06-03 17:26:21,21.1500,12.00,0.000,0.000,OFF,#3,HOLDING,0.000A/OFF
19265,2026-06-03 17:26:22,21.2250,12.00,0.000,0.000,OFF,#3,HOLDING,0.000A/OFF
19266,2026-06-03 17:26:23,21.2250,12.00,0.000,0.000,OFF,#3,HOLDING,0.000A/OFF
19267,2026-06-03 17:26:24,21.3000,12.00,0.000,0.000,OFF,#3,HOLDING,0.000A/OFF
19268,2026-06-03 17:26:25,21.3000,12.00,0.000,0.000,OFF,#3,HOLDING,0.000A/OFF
19269,2026-06-03 17:26:26,21.3750,12.00,0.000,0.000,A,#3,HOLDING,0.113A/A
19270,2026-06-03 17:26:28,21.4250,12.00,0.000,0.000,A,#3,HOLDING,0.193A/A
19271,2026-06-03 17:26:30,21.5125,12.00,0.000,0.000,A,#3,HOLDING,0.242A/A
19272,2026-06-03 17:26:31,21.5625,12.00,0.000,0.000,A,#3,HOLDING,0.274A/A
19273,2026-06-03 17:26:33,21.6250,2.37,0.000,0.000,A,#3,HOLDING,0.324A/A
19274,2026-06-03 17:26:35,21.6500,2.37,0.297,0.946,A,#3,HOLDING,0.364A/A
19275,2026-06-03 17:26:37,21.7250,2.37,0.297,0.946,A,#3,HOLDING,0.431A/A
19276,2026-06-03 17:26:39,21.7500,2.37,0.297,0.946,A,#3,HOLDING,0.473A/A
19277,2026-06-03 17:26:41,21.7500,4.12,0.297,0.946,A,#3,HOLDING,0.521A/A
19278,2026-06-03 17:26:43,21.7750,4.12,0.495,2.412,A,#3,HOLDING,0.570A/A
19279,2026-06-03 17:26:45,21.7875,4.12,0.495,2.412,A,#3,HOLDING,0.633A/A
19280,2026-06-03 17:26:47,21.8125,4.12,0.495,2.412,A,#3,HOLDING,0.682A/A
19281,2026-06-03 17:26:48,21.8125,5.89,0.495,2.412,A,#3,HOLDING,0.732A/A
19282,2026-06-03 17:26:50,21.8125,5.89,0.708,4.699,A,#3,HOLDING,0.784A/A
19283,2026-06-03 17:26:53,21.7750,5.89,0.708,4.699,A,#3,HOLDING,0.843A/A
19284,2026-06-03 17:26:54,21.7500,5.89,0.708,4.699,A,#3,HOLDING,0.884A/A
19285,2026-06-03 17:26:56,21.7500,7.54,0.708,4.699,A,#3,HOLDING,0.937A/A
19286,2026-06-03 17:26:58,21.7125,7.54,0.909,7.533,A,#3,HOLDING,0.986A/A
19287,2026-06-03 17:27:00,21.6125,7.54,0.909,7.533,A,#3,HOLDING,1.000A/A
19288,2026-06-03 17:27:02,21.5625,7.54,0.909,7.533,A,#3,HOLDING,1.000A/A
19289,2026-06-03 17:27:04,21.5625,8.52,0.909,7.533,A,#3,HOLDING,1.000A/A
19290,2026-06-03 17:27:06,21.4875,8.52,1.000,8.650,A,#3,HOLDING,1.000A/A
19291,2026-06-03 17:27:08,21.3375,8.52,1.000,8.650,A,#3,HOLDING,0.957A/A
19292,2026-06-03 17:27:10,21.2375,8.52,1.000,8.650,A,#3,HOLDING,0.974A/A
19293,2026-06-03 17:27:12,21.2375,8.48,1.000,8.650,A,#3,HOLDING,1.013A/A
19294,2026-06-03 17:27:13,21.1500,8.48,0.990,8.966,A,#3,HOLDING,1.043A/A
19295,2026-06-03 17:27:16,20.9875,8.48,0.990,8.966,A,#3,HOLDING,1.070A/A
19296,2026-06-03 17:27:17,20.8625,8.48,0.990,8.966,A,#3,HOLDING,1.070A/A
19297,2026-06-03 17:27:19,20.8625,9.22,0.990,8.966,A,#3,HOLDING,1.096A/A
19298,2026-06-03 17:27:21,20.7375,9.22,1.096,10.444,A,#3,HOLDING,1.108A/A
19299,2026-06-03 17:27:23,20.5250,9.22,1.096,10.444,A,#3,HOLDING,1.112A/A
19300,2026-06-03 17:27:25,20.4250,9.22,1.096,10.444,A,#3,HOLDING,1.103A/A
19301,2026-06-03 17:27:27,20.4250,9.56,1.096,10.444,A,#4,APPROACH,1.000A/A
19302,2026-06-03 17:27:29,20.3250,9.56,1.000,0.000,B,#4,APPROACH,0.232A/B
19303,2026-06-03 17:27:31,20.1125,9.56,1.000,0.000,B,#4,APPROACH,0.316A/B
19304,2026-06-03 17:27:34,19.9875,9.56,1.000,0.000,B,#4,APPROACH,0.400A/B
19305,2026-06-03 17:27:35,19.8875,9.56,1.000,0.000,B,#4,APPROACH,0.479A/B
19306,2026-06-03 17:27:37,19.7875,3.62,1.000,0.000,B,#4,APPROACH,0.568A/B
19307,2026-06-03 17:27:39,19.7125,3.62,0.568,2.527,B,#4,APPROACH,0.685A/B
19308,2026-06-03 17:27:41,19.6375,3.62,0.568,2.527,B,#4,APPROACH,0.859A/B
19309,2026-06-03 17:27:43,19.6500,3.62,0.568,2.527,B,#4,APPROACH,0.976A/B
19310,2026-06-03 17:27:44,19.6250,7.53,0.568,2.527,B,#4,APPROACH,1.000A/B
19311,2026-06-03 17:27:46,19.6250,7.53,1.000,7.970,B,#4,APPROACH,1.140A/B
19312,2026-06-03 17:27:49,19.6750,7.53,1.000,7.970,B,#4,APPROACH,1.375A/B
19313,2026-06-03 17:27:50,19.7250,7.53,1.000,7.970,B,#4,APPROACH,1.000A/B
19314,2026-06-03 17:27:52,19.8000,8.13,1.000,7.970,B,#4,APPROACH,1.524A/B
19315,2026-06-03 17:27:54,19.9125,8.13,1.495,17.937,B,#4,APPROACH,1.696A/B
19316,2026-06-03 17:27:56,20.0125,8.13,1.495,17.937,B,#4,APPROACH,1.904A/B
19317,2026-06-03 17:27:58,20.1125,8.13,1.495,17.937,B,#4,APPROACH,2.000A/B
19318,2026-06-03 17:28:00,20.2625,12.00,1.495,17.937,B,#4,APPROACH,1.500A/B
19319,2026-06-03 17:28:02,20.4250,12.00,1.500,17.976,B,#4,APPROACH,2.009A/B
19320,2026-06-03 17:28:04,20.5750,12.00,1.500,17.976,B,#4,APPROACH,2.190A/B
19321,2026-06-03 17:28:06,20.7500,12.00,1.500,17.976,B,#4,APPROACH,2.000A/B
19322,2026-06-03 17:28:08,21.0000,12.00,1.500,17.976,B,#4,APPROACH,2.289A/B
19323,2026-06-03 17:28:09,21.1875,12.00,1.464,17.364,B,#4,APPROACH,2.403A/B
19324,2026-06-03 17:28:12,21.4125,12.00,1.464,17.364,B,#4,APPROACH,1.000A/B
19325,2026-06-03 17:28:13,21.6500,12.00,1.464,17.364,B,#4,APPROACH,2.000A/B
19326,2026-06-03 17:28:15,21.9000,12.00,1.464,17.364,B,#4,APPROACH,2.464A/B
19327,2026-06-03 17:28:17,21.9000,12.00,1.424,16.896,B,#4,APPROACH,1.000A/B
19328,2026-06-03 17:28:19,22.4000,12.00,1.424,16.896,B,#4,APPROACH,2.500A/B
19329,2026-06-03 17:28:21,22.6250,12.00,1.424,16.896,B,#4,APPROACH,2.000A/B
19330,2026-06-03 17:28:23,22.9000,12.00,1.424,16.896,B,#4,APPROACH,2.495A/B
19331,2026-06-03 17:28:25,23.1875,12.00,1.397,16.596,B,#4,APPROACH,2.545A/B
19332,2026-06-03 17:28:27,23.4375,12.00,1.397,16.596,B,#4,APPROACH,2.500A/B
19333,2026-06-03 17:28:29,23.7125,12.00,1.397,16.596,B,#4,HOLDING,1.500A/B
19334,2026-06-03 17:28:31,23.9875,12.00,1.397,16.596,OFF,#4,HOLDING,0.000A/OFF
19335,2026-06-03 17:28:32,23.9875,12.00,1.397,16.596,OFF,#4,HOLDING,0.000A/OFF
19336,2026-06-03 17:28:33,24.2500,12.00,0.716,16.596,OFF,#4,HOLDING,0.000A/OFF
19337,2026-06-03 17:28:34,24.2500,12.00,0.716,0.000,OFF,#4,HOLDING,0.000A/OFF
19338,2026-06-03 17:28:35,24.5250,12.00,0.716,0.000,OFF,#4,HOLDING,0.000A/OFF
19339,2026-06-03 17:28:36,24.5250,12.00,0.716,0.000,OFF,#4,HOLDING,0.000A/OFF
19340,2026-06-03 17:28:37,24.7750,12.00,0.716,0.000,OFF,#4,HOLDING,0.000A/OFF
19341,2026-06-03 17:28:38,24.7750,12.00,0.716,0.000,OFF,#4,HOLDING,0.000A/OFF
19342,2026-06-03 17:28:39,25.0500,12.00,0.000,0.000,OFF,#4,HOLDING,0.000A/OFF
19343,2026-06-03 17:28:40,25.0500,12.00,0.000,0.000,OFF,#4,HOLDING,0.000A/OFF
19344,2026-06-03 17:28:41,25.2500,12.00,0.000,0.000,OFF,#4,HOLDING,0.000A/OFF
19345,2026-06-03 17:28:42,25.2500,12.00,0.000,0.000,OFF,#4,HOLDING,0.000A/OFF
19346,2026-06-03 17:28:43,25.4750,12.00,0.000,0.000,OFF,#4,HOLDING,0.000A/OFF
19347,2026-06-03 17:28:44,25.4750,12.00,0.000,0.000,OFF,#4,HOLDING,0.000A/OFF
19348,2026-06-03 17:28:45,25.6750,12.00,0.000,0.000,A,#4,HOLDING,0.187A/A
19349,2026-06-03 17:28:46,25.8750,12.00,0.000,0.000,A,#4,HOLDING,0.221A/A
19350,2026-06-03 17:28:48,25.9875,12.00,0.000,0.000,A,#4,HOLDING,0.285A/A
19351,2026-06-03 17:28:50,25.9875,12.00,0.000,0.000,A,#4,HOLDING,0.292A/A
19352,2026-06-03 17:28:51,26.1625,1.97,0.000,0.000,A,#4,HOLDING,0.354A/A
19353,2026-06-03 17:28:53,26.2875,1.97,0.321,0.945,A,#4,HOLDING,0.422A/A
19354,2026-06-03 17:28:56,26.4750,1.97,0.321,0.945,A,#4,HOLDING,0.537A/A
19355,2026-06-03 17:28:57,26.4750,1.97,0.321,0.945,A,#4,HOLDING,0.579A/A
19356,2026-06-03 17:28:59,26.5500,4.57,0.321,0.945,A,#4,HOLDING,0.649A/A
19357,2026-06-03 17:29:01,26.6000,4.57,0.612,3.452,A,#4,HOLDING,0.716A/A
19358,2026-06-03 17:29:03,26.7000,4.57,0.612,3.452,A,#4,HOLDING,0.830A/A
19359,2026-06-03 17:29:05,26.7000,4.57,0.612,3.452,A,#4,HOLDING,0.889A/A
19360,2026-06-03 17:29:07,26.7250,7.19,0.612,3.452,A,#4,HOLDING,0.968A/A
19361,2026-06-03 17:29:09,26.6875,7.19,0.926,7.705,A,#4,HOLDING,1.000A/A
19362,2026-06-03 17:29:11,26.6875,7.19,0.926,7.705,A,#4,HOLDING,1.031A/A
19363,2026-06-03 17:29:13,26.6875,7.19,0.926,7.705,A,#4,HOLDING,1.000A/A
19364,2026-06-03 17:29:15,26.6125,8.25,0.926,7.705,A,#4,HOLDING,1.087A/A
19365,2026-06-03 17:29:16,26.5250,8.25,1.041,9.783,A,#4,HOLDING,1.145A/A
19366,2026-06-03 17:29:19,26.3625,8.25,1.041,9.783,A,#4,HOLDING,1.208A/A
19367,2026-06-03 17:29:20,26.3625,8.25,1.041,9.783,A,#4,HOLDING,1.273A/A
19368,2026-06-03 17:29:22,26.2375,10.29,1.041,9.783,A,#4,HOLDING,1.000A/A
19369,2026-06-03 17:29:24,26.1125,10.29,1.136,8.610,A,#4,HOLDING,1.000A/A
19370,2026-06-03 17:29:26,25.8875,10.29,1.136,8.610,A,#4,HOLDING,1.290A/A
19371,2026-06-03 17:29:28,25.8875,10.29,1.136,8.610,A,#4,HOLDING,1.343A/A
19372,2026-06-03 17:29:30,25.7375,10.91,1.136,8.610,A,#4,HOLDING,1.376A/A
19373,2026-06-03 17:29:32,25.5750,10.91,1.357,15.548,A,#4,HOLDING,1.357A/A
19374,2026-06-03 17:29:34,25.2875,10.91,1.357,15.548,A,#4,HOLDING,1.369A/A
19375,2026-06-03 17:29:36,25.2875,10.91,1.357,15.548,A,#4,HOLDING,1.000A/A
19376,2026-06-03 17:29:38,25.1125,8.78,1.357,15.548,A,#4,HOLDING,1.405A/A
19377,2026-06-03 17:29:39,24.9750,8.78,1.198,16.326,A,#4,HOLDING,1.427A/A
19378,2026-06-03 17:29:42,24.6375,8.78,1.198,16.326,A,#4,HOLDING,1.405A/A
19379,2026-06-03 17:29:43,24.4375,8.78,1.198,16.326,A,#4,HOLDING,1.395A/A
19380,2026-06-03 17:29:45,24.4375,11.51,1.198,16.326,A,#4,HOLDING,1.401A/A
19381,2026-06-03 17:29:47,24.2625,11.51,1.401,16.447,A,#4,HOLDING,1.396A/A
19382,2026-06-03 17:29:50,23.8750,11.51,1.401,16.447,A,#4,HOLDING,1.353A/A
19383,2026-06-03 17:29:51,23.8750,11.51,1.401,16.447,A,#4,HOLDING,1.330A/A
19384,2026-06-03 17:29:53,23.6750,11.25,1.401,16.447,A,#4,HOLDING,1.000A/A
19385,2026-06-03 17:29:55,23.4750,11.25,1.165,9.190,A,#4,HOLDING,1.246A/A
19386,2026-06-03 17:29:57,23.1000,11.25,1.165,9.190,A,#4,HOLDING,1.125A/A
19387,2026-06-03 17:29:59,23.1000,11.25,1.165,9.190,A,#4,HOLDING,1.097A/A
19388,2026-06-03 17:30:01,22.8750,9.71,1.165,9.190,A,#4,HOLDING,1.018A/A
19389,2026-06-03 17:30:03,22.7000,9.71,1.055,9.508,A,#4,HOLDING,0.951A/A
19390,2026-06-03 17:30:05,22.3625,9.71,1.055,9.508,A,#4,HOLDING,0.799A/A
19391,2026-06-03 17:30:07,22.3625,9.71,1.055,9.508,A,#4,HOLDING,0.750A/A
19392,2026-06-03 17:30:08,22.1875,7.27,1.055,9.508,A,#4,HOLDING,0.651A/A
19393,2026-06-03 17:30:10,21.9625,7.27,0.699,4.335,A,#4,HOLDING,0.546A/A
19394,2026-06-03 17:30:13,21.6625,7.27,0.699,4.335,A,#4,HOLDING,0.364A/A
19395,2026-06-03 17:30:14,21.6625,7.27,0.699,4.335,A,#4,HOLDING,0.290A/A
19396,2026-06-03 17:30:16,21.4875,3.67,0.699,4.335,A,#4,HOLDING,0.202A/A
19397,2026-06-03 17:30:18,21.3625,3.67,0.244,4.335,OFF,#4,HOLDING,0.000A/OFF
19398,2026-06-03 17:30:19,21.2125,3.67,0.244,0.593,OFF,#4,HOLDING,0.000A/OFF
19399,2026-06-03 17:30:20,21.2125,3.67,0.244,0.593,OFF,#4,HOLDING,0.000A/OFF
19400,2026-06-03 17:30:21,21.0875,3.67,0.244,0.593,B,#4,HOLDING,0.150A/B
19401,2026-06-03 17:30:23,20.9375,3.67,0.244,0.593,B,#4,HOLDING,0.297A/B
19402,2026-06-03 17:30:25,20.8625,7.31,0.297,0.593,B,#4,HOLDING,0.424A/B
19403,2026-06-03 17:30:26,20.7625,7.31,0.297,1.373,B,#4,HOLDING,0.567A/B
19404,2026-06-03 17:30:28,20.7125,7.31,0.297,1.373,B,#4,HOLDING,0.693A/B
19405,2026-06-03 17:30:30,20.7125,7.31,0.297,1.373,B,#4,HOLDING,0.814A/B
19406,2026-06-03 17:30:31,20.6625,6.32,0.297,1.373,B,#4,HOLDING,0.961A/B
19407,2026-06-03 17:30:33,20.6250,6.32,0.961,7.322,B,#4,HOLDING,1.000A/B
19408,2026-06-03 17:30:36,20.6250,6.32,0.961,7.322,B,#4,HOLDING,1.111A/B
19409,2026-06-03 17:30:37,20.6250,6.32,0.961,7.322,B,#4,HOLDING,1.235A/B
19410,2026-06-03 17:30:39,20.6250,9.52,0.961,7.322,B,#4,HOLDING,1.384A/B
19411,2026-06-03 17:30:41,20.6875,9.52,1.364,14.988,B,#4,HOLDING,1.524A/B
19412,2026-06-03 17:30:43,20.8250,9.52,1.364,14.988,B,#4,HOLDING,1.691A/B
19413,2026-06-03 17:30:45,20.8250,9.52,1.364,14.988,B,#4,HOLDING,1.000A/B
19414,2026-06-03 17:30:47,20.9500,8.42,1.364,14.988,B,#4,HOLDING,1.000A/B
19415,2026-06-03 17:30:49,21.0500,8.42,1.000,8.640,B,#4,HOLDING,1.800A/B
19416,2026-06-03 17:30:51,21.3500,8.42,1.000,8.640,B,#4,HOLDING,1.500A/B
19417,2026-06-03 17:30:53,21.3500,8.42,1.000,8.640,B,#4,HOLDING,1.935A/B
19418,2026-06-03 17:30:55,21.5000,12.00,1.000,8.640,B,#4,HOLDING,2.000A/B
19419,2026-06-03 17:30:56,21.6750,12.00,1.487,17.616,B,#4,HOLDING,2.010A/B
19420,2026-06-03 17:30:59,22.0250,12.00,1.487,17.616,B,#4,HOLDING,1.500A/B
19421,2026-06-03 17:31:00,22.0250,12.00,1.487,17.616,B,#4,HOLDING,2.104A/B
19422,2026-06-03 17:31:02,22.2500,12.00,1.487,17.616,B,#4,HOLDING,2.175A/B
19423,2026-06-03 17:31:04,22.4625,12.00,1.438,17.052,B,#4,HOLDING,1.000A/B
19424,2026-06-03 17:31:06,22.9000,12.00,1.438,17.052,B,#4,HOLDING,2.195A/B
19425,2026-06-03 17:31:08,22.9000,12.00,1.438,17.052,B,#4,HOLDING,1.500A/B
19426,2026-06-03 17:31:10,23.1500,12.00,1.438,17.052,B,#4,HOLDING,1.000A/B
19427,2026-06-03 17:31:12,23.4000,12.00,1.037,9.300,B,#4,HOLDING,2.255A/B
19428,2026-06-03 17:31:14,23.9000,12.00,1.037,9.300,B,#4,HOLDING,2.000A/B
19429,2026-06-03 17:31:16,23.9000,12.00,1.037,9.300,B,#4,HOLDING,2.000A/B
19430,2026-06-03 17:31:18,24.1500,12.00,1.037,9.300,B,#4,HOLDING,2.217A/B
19431,2026-06-03 17:31:19,24.4000,12.00,1.386,16.440,B,#4,HOLDING,1.000A/B
19432,2026-06-03 17:31:22,24.8625,12.00,1.386,16.440,B,#4,HOLDING,1.000A/B
19433,2026-06-03 17:31:23,24.8625,12.00,1.386,16.440,B,#4,HOLDING,1.500A/B
19434,2026-06-03 17:31:25,25.1125,12.00,1.386,16.440,B,#4,HOLDING,2.000A/B
19435,2026-06-03 17:31:27,25.3375,12.00,1.366,16.248,B,#4,HOLDING,1.000A/B
19436,2026-06-03 17:31:30,25.8625,12.00,1.366,16.248,B,#4,HOLDING,1.000A/B
19437,2026-06-03 17:31:31,25.8625,12.00,1.366,16.248,B,#4,HOLDING,1.000A/B
19438,2026-06-03 17:31:33,26.1125,9.50,1.366,16.248,B,#4,HOLDING,2.000A/B
19439,2026-06-03 17:31:35,26.3750,9.50,1.356,16.092,B,#4,HOLDING,1.000A/B
19440,2026-06-03 17:31:37,26.8625,9.50,1.356,16.092,B,#4,HOLDING,2.075A/B
19441,2026-06-03 17:31:39,26.8625,9.50,1.356,16.092,B,#4,HOLDING,2.030A/B
19442,2026-06-03 17:31:41,27.0875,12.00,1.356,16.092,B,#4,HOLDING,1.929A/B
19443,2026-06-03 17:31:43,27.3125,12.00,1.337,15.900,B,#4,HOLDING,1.833A/B
19444,2026-06-03 17:31:45,27.8125,12.00,1.337,15.900,B,#4,HOLDING,1.676A/B
19445,2026-06-03 17:31:46,27.8125,12.00,1.337,15.900,B,#4,HOLDING,1.581A/B
19446,2026-06-03 17:31:48,28.0875,12.00,1.337,15.900,B,#4,HOLDING,1.434A/B
19447,2026-06-03 17:31:50,28.3125,12.00,1.324,15.744,B,#4,HOLDING,1.292A/B
19448,2026-06-03 17:31:53,28.7500,12.00,1.324,15.744,B,#4,HOLDING,1.058A/B
19449,2026-06-03 17:31:54,28.7500,12.00,1.324,15.744,B,#4,HOLDING,0.935A/B
19450,2026-06-03 17:31:56,29.0250,9.34,1.324,15.744,B,#4,HOLDING,0.752A/B
19451,2026-06-03 17:31:58,29.2500,9.34,0.790,6.098,B,#4,HOLDING,0.575A/B
19452,2026-06-03 17:32:00,29.6875,9.34,0.790,6.098,B,#4,HOLDING,0.298A/B
19453,2026-06-03 17:32:02,29.6875,9.34,0.790,6.098,B,#4,HOLDING,0.146A/B
19454,2026-06-03 17:32:04,29.9125,9.34,0.790,6.098,OFF,#4,HOLDING,0.000A/OFF
19455,2026-06-03 17:32:05,30.1125,2.94,0.146,6.098,OFF,#4,HOLDING,0.187A/A
19456,2026-06-03 17:32:06,30.3125,2.94,0.146,0.000,A,#4,HOLDING,0.388A/A
19457,2026-06-03 17:32:08,30.4750,2.94,0.146,0.000,A,#4,HOLDING,0.581A/A
19458,2026-06-03 17:32:10,30.4750,2.94,0.146,0.000,A,#4,HOLDING,0.758A/A
19459,2026-06-03 17:32:11,30.6250,5.38,0.146,0.000,A,#4,HOLDING,0.989A/A
19460,2026-06-03 17:32:13,30.7625,5.38,0.872,7.328,A,#4,HOLDING,1.222A/A
19461,2026-06-03 17:32:16,30.9500,5.38,0.872,7.328,A,#4,HOLDING,1.537A/A
19462,2026-06-03 17:32:17,30.9500,5.38,0.872,7.328,A,#4,HOLDING,1.738A/A
19463,2026-06-03 17:32:19,31.0250,12.00,0.872,7.328,A,#4,HOLDING,1.976A/A
19464,2026-06-03 17:32:21,31.0375,12.00,1.629,19.260,A,#4,HOLDING,2.209A/A
19465,2026-06-03 17:32:23,31.0250,12.00,1.629,19.260,A,#4,HOLDING,2.500A/A
19466,2026-06-03 17:32:25,31.0250,12.00,1.629,19.260,A,#4,HOLDING,2.508A/A
19467,2026-06-03 17:32:27,30.9500,12.00,1.629,19.260,A,#4,HOLDING,2.000A/A
19468,2026-06-03 17:32:29,30.8625,12.00,1.556,18.420,A,#4,HOLDING,2.000A/A
19469,2026-06-03 17:32:31,30.5875,12.00,1.556,18.420,A,#4,HOLDING,1.500A/A
19470,2026-06-03 17:32:33,30.5875,12.00,1.556,18.420,A,#4,HOLDING,2.500A/A
19471,2026-06-03 17:32:34,30.4375,12.00,1.556,18.420,A,#4,HOLDING,2.705A/A
19472,2026-06-03 17:32:36,30.2625,12.00,1.516,18.060,A,#4,HOLDING,1.500A/A
19473,2026-06-03 17:32:39,29.8875,12.00,1.516,18.060,A,#4,HOLDING,1.500A/A
19474,2026-06-03 17:32:40,29.8875,12.00,1.516,18.060,A,#4,HOLDING,2.000A/A
19475,2026-06-03 17:32:42,29.6875,12.00,1.516,18.060,A,#4,HOLDING,1.000A/A
19476,2026-06-03 17:32:44,29.5125,12.00,1.095,8.900,A,#4,HOLDING,1.500A/A
19477,2026-06-03 17:32:46,29.0750,12.00,1.095,8.900,A,#4,HOLDING,1.500A/A
19478,2026-06-03 17:32:48,29.0750,12.00,1.095,8.900,A,#4,HOLDING,1.500A/A
19479,2026-06-03 17:32:50,28.8500,12.00,1.095,8.900,A,#4,HOLDING,2.824A/A
19480,2026-06-03 17:32:52,28.6375,12.00,1.466,17.412,A,#4,HOLDING,2.969A/A
19481,2026-06-03 17:32:54,28.2000,12.00,1.466,17.412,A,#4,HOLDING,1.500A/A
19482,2026-06-03 17:32:56,27.9500,12.00,1.466,17.412,A,#4,HOLDING,3.000A/A
19483,2026-06-03 17:32:58,27.9500,12.00,1.466,17.412,A,#4,HOLDING,1.500A/A
19484,2026-06-03 17:32:59,27.7250,12.00,1.440,17.124,A,#4,HOLDING,2.000A/A
19485,2026-06-03 17:33:02,27.2500,12.00,1.440,17.124,A,#4,HOLDING,1.000A/A
19486,2026-06-03 17:33:03,27.0000,12.00,1.440,17.124,A,#4,HOLDING,2.979A/A
19487,2026-06-03 17:33:05,27.0000,12.00,1.440,17.124,A,#4,HOLDING,3.000A/A
19488,2026-06-03 17:33:07,26.7875,12.00,1.429,16.992,A,#4,HOLDING,2.000A/A
19489,2026-06-03 17:33:09,26.2625,12.00,1.429,16.992,A,#4,HOLDING,3.000A/A
19490,2026-06-03 17:33:11,26.0625,12.00,1.429,16.992,A,#4,HOLDING,2.988A/A
19491,2026-06-03 17:33:13,26.0625,12.00,1.429,16.992,A,#4,HOLDING,3.000A/A
19492,2026-06-03 17:33:15,25.7875,12.00,1.416,16.848,A,#4,HOLDING,1.000A/A
19493,2026-06-03 17:33:17,25.3125,12.00,1.416,16.848,A,#4,HOLDING,1.000A/A
19494,2026-06-03 17:33:19,25.0625,12.00,1.416,16.848,A,#4,HOLDING,2.500A/A
19495,2026-06-03 17:33:21,25.0625,12.00,1.416,16.848,A,#4,HOLDING,2.000A/A
19496,2026-06-03 17:33:23,24.8125,12.00,1.425,16.968,A,#5,APPROACH,1.000A/A
19497,2026-06-03 17:33:25,24.3500,12.00,1.425,16.968,B,#5,APPROACH,0.132A/B
19498,2026-06-03 17:33:27,24.1250,12.00,1.425,16.968,B,#5,APPROACH,0.242A/B
19499,2026-06-03 17:33:29,23.9125,12.00,1.425,16.968,B,#5,APPROACH,0.356A/B
19500,2026-06-03 17:33:31,23.6875,4.08,0.356,16.968,B,#5,APPROACH,0.492A/B
19501,2026-06-03 17:33:33,23.5125,4.08,0.356,1.790,B,#5,APPROACH,0.595A/B
19502,2026-06-03 17:33:35,23.3375,4.08,0.356,1.790,B,#5,APPROACH,0.695A/B
19503,2026-06-03 17:33:36,23.1750,4.08,0.356,1.790,B,#5,APPROACH,0.796A/B
19504,2026-06-03 17:33:38,23.1000,6.18,0.356,1.790,B,#5,APPROACH,0.902A/B
19505,2026-06-03 17:33:40,22.9875,6.18,0.854,6.566,B,#5,APPROACH,0.983A/B
19506,2026-06-03 17:33:42,22.9375,6.18,0.854,6.566,B,#5,APPROACH,1.132A/B
19507,2026-06-03 17:33:44,22.9000,6.18,0.854,6.566,B,#5,APPROACH,1.000A/B
19508,2026-06-03 17:33:46,22.8750,8.11,0.854,6.566,B,#5,APPROACH,1.000A/B
19509,2026-06-03 17:33:48,22.8875,8.11,1.000,8.300,B,#5,APPROACH,1.231A/B
19510,2026-06-03 17:33:50,22.9375,8.11,1.000,8.300,B,#5,APPROACH,1.377A/B
19511,2026-06-03 17:33:52,22.9750,8.11,1.000,8.300,B,#5,APPROACH,1.000A/B
19512,2026-06-03 17:33:54,23.0250,8.51,1.000,8.300,B,#5,APPROACH,1.469A/B
19513,2026-06-03 17:33:55,23.0750,8.51,1.270,17.172,B,#5,APPROACH,1.578A/B
19514,2026-06-03 17:33:58,23.1500,8.51,1.270,17.172,B,#5,APPROACH,1.702A/B
19515,2026-06-03 17:33:59,23.2875,8.51,1.270,17.172,B,#5,APPROACH,1.773A/B
19516,2026-06-03 17:34:01,23.3875,12.00,1.270,17.172,B,#5,APPROACH,1.000A/B
19517,2026-06-03 17:34:03,23.5500,12.00,1.242,8.870,B,#5,APPROACH,1.500A/B
19518,2026-06-03 17:34:06,23.7000,12.00,1.242,8.870,B,#5,APPROACH,1.843A/B
19519,2026-06-03 17:34:07,23.8625,12.00,1.242,8.870,B,#5,APPROACH,1.897A/B
19520,2026-06-03 17:34:09,24.0375,12.00,1.242,8.870,B,#5,APPROACH,1.966A/B
19521,2026-06-03 17:34:11,24.2375,12.00,1.440,17.028,B,#5,APPROACH,1.500A/B
19522,2026-06-03 17:34:13,24.3875,12.00,1.440,17.028,B,#5,APPROACH,2.017A/B
19523,2026-06-03 17:34:15,24.5750,12.00,1.440,17.028,B,#5,APPROACH,1.000A/B
19524,2026-06-03 17:34:17,24.8000,9.20,1.440,17.028,B,#5,APPROACH,2.039A/B
19525,2026-06-03 17:34:19,25.0000,9.20,1.199,16.584,B,#5,APPROACH,2.062A/B
19526,2026-06-03 17:34:21,25.2250,9.20,1.199,16.584,B,#5,HOLDING,1.500A/B
19527,2026-06-03 17:34:23,25.4375,9.20,1.199,16.584,OFF,#5,HOLDING,0.000A/OFF
19528,2026-06-03 17:34:24,25.4375,9.20,1.199,16.584,OFF,#5,HOLDING,0.000A/OFF
19529,2026-06-03 17:34:25,25.6625,12.00,1.199,16.584,OFF,#5,HOLDING,0.000A/OFF
19530,2026-06-03 17:34:26,25.6625,12.00,0.000,16.584,OFF,#5,HOLDING,0.000A/OFF
19531,2026-06-03 17:34:27,25.8875,12.00,0.000,0.000,OFF,#5,HOLDING,0.000A/OFF
19532,2026-06-03 17:34:28,25.8875,12.00,0.000,0.000,OFF,#5,HOLDING,0.000A/OFF
19533,2026-06-03 17:34:29,26.1125,12.00,0.000,0.000,OFF,#5,HOLDING,0.000A/OFF
19534,2026-06-03 17:34:30,26.1125,12.00,0.000,0.000,OFF,#5,HOLDING,0.000A/OFF
19535,2026-06-03 17:34:31,26.3000,12.00,0.000,0.000,OFF,#5,HOLDING,0.000A/OFF
19536,2026-06-03 17:34:32,26.3000,12.00,0.000,0.000,OFF,#5,HOLDING,0.000A/OFF
19537,2026-06-03 17:34:33,26.5000,12.00,0.000,0.000,OFF,#5,HOLDING,0.000A/OFF
19538,2026-06-03 17:34:34,26.5000,12.00,0.000,0.000,OFF,#5,HOLDING,0.000A/OFF
19539,2026-06-03 17:34:35,26.6750,12.00,0.000,0.000,OFF,#5,HOLDING,0.000A/OFF
19540,2026-06-03 17:34:36,26.8250,12.00,0.000,0.000,OFF,#5,HOLDING,0.000A/OFF
19541,2026-06-03 17:34:37,26.8250,12.00,0.000,0.000,OFF,#5,HOLDING,0.000A/OFF
19542,2026-06-03 17:34:38,26.9500,12.00,0.000,0.000,OFF,#5,HOLDING,0.000A/OFF
19543,2026-06-03 17:34:39,26.9500,12.00,0.000,0.000,OFF,#5,HOLDING,0.000A/OFF
19544,2026-06-03 17:34:40,27.0750,12.00,0.000,0.000,A,#5,HOLDING,0.104A/A
19545,2026-06-03 17:34:42,27.1562,12.00,0.000,0.000,A,#5,HOLDING,0.184A/A
19546,2026-06-03 17:34:43,27.2500,12.00,0.000,0.000,A,#5,HOLDING,0.235A/A
19547,2026-06-03 17:34:45,27.3250,1.55,0.000,0.000,A,#5,HOLDING,0.264A/A
19548,2026-06-03 17:34:47,27.3250,1.55,0.264,0.514,A,#5,HOLDING,0.301A/A
19549,2026-06-03 17:34:49,27.4375,1.55,0.264,0.514,A,#5,HOLDING,0.368A/A
19550,2026-06-03 17:34:51,27.4750,1.55,0.264,0.514,A,#5,HOLDING,0.410A/A
19551,2026-06-03 17:34:53,27.5000,3.14,0.264,0.514,A,#5,HOLDING,0.466A/A
19552,2026-06-03 17:34:54,27.5000,3.14,0.466,1.756,A,#5,HOLDING,0.509A/A
19553,2026-06-03 17:34:57,27.5000,3.14,0.466,1.756,A,#5,HOLDING,0.570A/A
19554,2026-06-03 17:34:58,27.5000,3.14,0.466,1.756,A,#5,HOLDING,0.613A/A
19555,2026-06-03 17:35:00,27.5000,4.98,0.466,1.756,A,#5,HOLDING,0.664A/A
19556,2026-06-03 17:35:02,27.5000,4.98,0.664,3.691,A,#5,HOLDING,0.716A/A
19557,2026-06-03 17:35:04,27.3875,4.98,0.664,3.691,A,#5,HOLDING,0.763A/A
19558,2026-06-03 17:35:06,27.3375,4.98,0.664,3.691,A,#5,HOLDING,0.795A/A
19559,2026-06-03 17:35:08,27.2375,6.59,0.664,3.691,A,#5,HOLDING,0.822A/A
19560,2026-06-03 17:35:10,27.2375,6.59,0.822,5.745,A,#5,HOLDING,0.873A/A
19561,2026-06-03 17:35:12,27.0750,6.59,0.822,5.745,A,#5,HOLDING,0.856A/A
19562,2026-06-03 17:35:14,26.9875,6.59,0.822,5.745,A,#5,HOLDING,0.884A/A
19563,2026-06-03 17:35:16,26.8625,7.44,0.822,5.745,A,#5,HOLDING,0.901A/A
19564,2026-06-03 17:35:17,26.8625,7.44,0.901,6.973,A,#5,HOLDING,0.941A/A
19565,2026-06-03 17:35:20,26.6500,7.44,0.901,6.973,A,#5,HOLDING,0.962A/A
19566,2026-06-03 17:35:21,26.5250,7.44,0.901,6.973,A,#5,HOLDING,0.974A/A
19567,2026-06-03 17:35:23,26.3750,8.25,0.901,6.973,A,#5,HOLDING,0.970A/A
19568,2026-06-03 17:35:25,26.3750,8.25,0.970,8.186,A,#5,HOLDING,0.996A/A
19569,2026-06-03 17:35:27,26.1125,8.25,0.970,8.186,A,#5,HOLDING,0.991A/A
19570,2026-06-03 17:35:29,25.9875,8.25,0.970,8.186,A,#5,HOLDING,0.988A/A
19571,2026-06-03 17:35:31,25.8125,8.57,0.970,8.186,A,#5,HOLDING,0.961A/A
19572,2026-06-03 17:35:33,25.8125,8.57,0.961,8.226,A,#5,HOLDING,0.969A/A
19573,2026-06-03 17:35:35,25.4875,8.57,0.961,8.226,A,#5,HOLDING,0.929A/A
19574,2026-06-03 17:35:37,25.3250,8.57,0.961,8.226,A,#5,HOLDING,0.902A/A
19575,2026-06-03 17:35:39,25.1250,8.07,0.961,8.226,A,#5,HOLDING,0.846A/A
19576,2026-06-03 17:35:40,25.1250,8.07,0.846,6.573,A,#5,HOLDING,0.835A/A
19577,2026-06-03 17:35:43,24.7750,8.07,0.846,6.573,A,#5,HOLDING,0.696A/A
19578,2026-06-03 17:35:44,24.6375,8.07,0.846,6.573,A,#5,HOLDING,0.646A/A
19579,2026-06-03 17:35:46,24.4625,6.23,0.846,6.573,A,#5,HOLDING,0.558A/A
19580,2026-06-03 17:35:48,24.4625,6.23,0.558,3.169,A,#5,HOLDING,0.525A/A
19581,2026-06-03 17:35:51,24.1125,6.23,0.558,3.169,A,#5,HOLDING,0.400A/A
19582,2026-06-03 17:35:52,23.9750,6.23,0.558,3.169,A,#5,HOLDING,0.326A/A
19583,2026-06-03 17:35:54,23.8000,3.70,0.558,3.169,A,#5,HOLDING,0.212A/A
19584,2026-06-03 17:35:56,23.8000,3.70,0.212,0.602,A,#5,HOLDING,0.157A/A
19585,2026-06-03 17:35:58,23.4875,3.70,0.212,0.602,OFF,#5,HOLDING,0.000A/OFF
19586,2026-06-03 17:35:59,23.4875,3.70,0.212,0.602,OFF,#5,HOLDING,0.000A/OFF
19587,2026-06-03 17:36:00,23.3625,3.70,0.212,0.602,B,#5,HOLDING,0.114A/B
19588,2026-06-03 17:36:02,23.2375,12.00,0.000,0.602,B,#5,HOLDING,0.219A/B
19589,2026-06-03 17:36:04,23.1125,12.00,0.000,0.335,B,#5,HOLDING,0.350A/B
19590,2026-06-03 17:36:06,22.9875,12.00,0.000,0.335,B,#5,HOLDING,0.416A/B
19591,2026-06-03 17:36:07,22.9875,12.00,0.000,0.335,B,#5,HOLDING,0.513A/B
19592,2026-06-03 17:36:09,22.9000,4.09,0.000,0.335,B,#5,HOLDING,0.635A/B
19593,2026-06-03 17:36:11,22.8250,4.09,0.635,3.340,B,#5,HOLDING,0.759A/B
19594,2026-06-03 17:36:13,22.6625,4.09,0.635,3.340,B,#5,HOLDING,0.935A/B
19595,2026-06-03 17:36:15,22.6625,4.09,0.635,3.340,B,#5,HOLDING,1.000A/B
19596,2026-06-03 17:36:17,22.6000,8.07,0.635,3.340,B,#5,HOLDING,1.046A/B
19597,2026-06-03 17:36:19,22.6000,8.07,1.046,9.006,B,#5,HOLDING,1.000A/B
19598,2026-06-03 17:36:21,22.5625,8.07,1.046,9.006,B,#5,HOLDING,1.000A/B
19599,2026-06-03 17:36:23,22.5625,8.07,1.046,9.006,B,#5,HOLDING,1.172A/B
19600,2026-06-03 17:36:25,22.6250,9.61,1.046,9.006,B,#5,HOLDING,1.299A/B
19601,2026-06-03 17:36:26,22.6500,9.61,1.299,13.782,B,#5,HOLDING,1.424A/B
19602,2026-06-03 17:36:29,22.7750,9.61,1.299,13.782,B,#5,HOLDING,1.500A/B
19603,2026-06-03 17:36:30,22.7750,9.61,1.299,13.782,B,#5,HOLDING,1.500A/B
19604,2026-06-03 17:36:32,22.8500,11.94,1.299,13.782,B,#5,HOLDING,1.570A/B
19605,2026-06-03 17:36:34,22.9500,11.94,1.481,17.520,B,#5,HOLDING,1.682A/B
19606,2026-06-03 17:36:36,23.2000,11.94,1.481,17.520,B,#5,HOLDING,1.775A/B
19607,2026-06-03 17:36:38,23.2000,11.94,1.481,17.520,B,#5,HOLDING,1.879A/B
19608,2026-06-03 17:36:40,23.3625,12.00,1.481,17.520,B,#5,HOLDING,1.959A/B
19609,2026-06-03 17:36:42,23.5125,12.00,1.439,17.004,B,#5,HOLDING,1.000A/B
19610,2026-06-03 17:36:44,23.8750,12.00,1.439,17.004,B,#5,HOLDING,2.003A/B
19611,2026-06-03 17:36:46,23.8750,12.00,1.439,17.004,B,#5,HOLDING,2.000A/B
19612,2026-06-03 17:36:48,24.0625,12.00,1.439,17.004,B,#5,HOLDING,2.077A/B
19613,2026-06-03 17:36:49,24.2875,12.00,1.400,16.572,B,#5,HOLDING,1.000A/B
19614,2026-06-03 17:36:52,24.6875,12.00,1.400,16.572,B,#5,HOLDING,1.500A/B
19615,2026-06-03 17:36:53,24.6875,12.00,1.400,16.572,B,#5,HOLDING,1.000A/B
19616,2026-06-03 17:36:55,24.8750,9.41,1.400,16.572,B,#5,HOLDING,2.103A/B
19617,2026-06-03 17:36:57,25.1250,9.41,1.189,16.380,B,#5,HOLDING,2.085A/B
19618,2026-06-03 17:36:59,25.5625,9.41,1.189,16.380,B,#5,HOLDING,1.000A/B
19619,2026-06-03 17:37:01,25.5625,9.41,1.189,16.380,B,#5,HOLDING,2.000A/B
19620,2026-06-03 17:37:03,25.7750,12.00,1.189,16.380,B,#5,HOLDING,2.101A/B
19621,2026-06-03 17:37:05,26.0000,12.00,1.357,16.068,B,#5,HOLDING,1.500A/B
19622,2026-06-03 17:37:07,26.4625,12.00,1.357,16.068,OFF,--,DONE,1.000A/B
19623,2026-06-03 17:37:09,26.7125,12.00,1.357,16.068,OFF,--,DONE,--
19624,2026-06-03 17:37:10,26.7125,12.00,1.357,16.068,OFF,--,DONE,--
19625,2026-06-03 17:37:11,26.9375,12.00,1.357,16.068,OFF,--,DONE,--
19626,2026-06-03 17:37:12,26.9375,12.00,0.000,16.068,OFF,--,DONE,--
19627,2026-06-03 17:37:13,27.1750,12.00,0.000,0.000,OFF,--,DONE,--
19628,2026-06-03 17:37:14,27.1750,12.00,0.000,0.000,OFF,--,DONE,--
19629,2026-06-03 17:37:15,27.3750,12.00,0.000,0.000,OFF,--,DONE,--
19630,2026-06-03 17:37:16,27.3750,12.00,0.000,0.000,OFF,--,DONE,--
19631,2026-06-03 17:37:17,27.6125,12.00,0.000,0.000,OFF,--,DONE,--
19632,2026-06-03 17:37:18,27.6125,12.00,0.000,0.000,OFF,--,DONE,--
19633,2026-06-03 17:37:19,27.7625,12.00,0.000,0.000,OFF,--,DONE,--
19634,2026-06-03 17:37:20,27.7625,12.00,0.000,0.000,OFF,--,DONE,--
19635,2026-06-03 17:37:21,27.9250,12.00,0.000,0.000,OFF,--,DONE,--
19636,2026-06-03 17:37:22,27.9250,12.00,0.000,0.000,OFF,--,DONE,--
19637,2026-06-03 17:37:23,28.0500,12.00,0.000,0.000,OFF,--,DONE,--
19638,2026-06-03 17:37:24,28.0500,12.00,0.000,0.000,OFF,--,DONE,--
19639,2026-06-03 17:37:25,28.1750,12.00,0.000,0.000,OFF,--,DONE,--
19640,2026-06-03 17:37:26,28.1750,12.00,0.000,0.000,OFF,--,DONE,--
19641,2026-06-03 17:37:27,28.2750,12.00,0.000,0.000,OFF,--,DONE,--
19642,2026-06-03 17:37:28,28.2750,12.00,0.000,0.000,OFF,--,DONE,--
19643,2026-06-03 17:37:29,28.3625,12.00,0.000,0.000,OFF,--,DONE,--
19644,2026-06-03 17:37:30,28.4375,12.00,0.000,0.000,OFF,--,DONE,--
19645,2026-06-03 17:37:31,28.4375,12.00,0.000,0.000,OFF,--,DONE,--
19646,2026-06-03 17:37:32,28.5125,12.00,0.000,0.000,OFF,--,DONE,--
19647,2026-06-03 17:37:33,28.5125,12.00,0.000,0.000,OFF,--,DONE,--
19648,2026-06-03 17:37:34,28.5625,12.00,0.000,0.000,OFF,--,DONE,--
19649,2026-06-03 17:37:35,28.5625,12.00,0.000,0.000,OFF,--,DONE,--
19650,2026-06-03 17:37:36,28.5750,12.00,0.000,0.000,OFF,--,DONE,--
19651,2026-06-03 17:37:37,28.5750,12.00,0.000,0.000,OFF,--,DONE,--
19652,2026-06-03 17:37:38,28.5750,12.00,0.000,0.000,OFF,--,DONE,--
19653,2026-06-03 17:37:39,28.5750,12.00,0.000,0.000,OFF,--,DONE,--
19654,2026-06-03 17:37:40,28.5625,12.00,0.000,0.000,OFF,--,DONE,--
19655,2026-06-03 17:37:41,28.5625,12.00,0.000,0.000,OFF,--,DONE,--
19656,2026-06-03 17:37:42,28.5625,12.00,0.000,0.000,OFF,--,DONE,--
19657,2026-06-03 17:37:44,28.5625,12.00,0.000,0.000,OFF,--,DONE,--
19658,2026-06-03 17:37:45,28.5625,12.00,0.000,0.000,OFF,--,DONE,--
19659,2026-06-03 17:37:46,28.5125,12.00,0.000,0.000,OFF,--,DONE,--
19660,2026-06-03 17:37:47,28.5125,12.00,0.000,0.000,OFF,--,DONE,--
19661,2026-06-03 17:37:48,28.4625,12.00,0.000,0.000,OFF,--,DONE,--
19662,2026-06-03 17:37:49,28.4625,12.00,0.000,0.000,OFF,--,DONE,--
19663,2026-06-03 17:37:50,28.4375,12.00,0.000,0.000,OFF,--,DONE,--
19664,2026-06-03 17:37:51,28.4375,12.00,0.000,0.000,OFF,--,DONE,--
19665,2026-06-03 17:37:52,28.4375,12.00,0.000,0.000,OFF,--,DONE,--
19666,2026-06-03 17:37:53,28.4375,12.00,0.000,0.000,OFF,--,DONE,--
19667,2026-06-03 17:37:54,28.4125,12.00,0.000,0.000,OFF,--,DONE,--
19668,2026-06-03 17:37:55,28.4125,12.00,0.000,0.000,OFF,--,DONE,--
19669,2026-06-03 17:37:56,28.3375,12.00,0.000,0.000,OFF,--,DONE,--
19670,2026-06-03 17:37:57,28.3375,12.00,0.000,0.000,OFF,--,DONE,--
19671,2026-06-03 17:37:58,28.3125,12.00,0.000,0.000,OFF,--,DONE,--
19672,2026-06-03 17:37:59,28.2750,12.00,0.000,0.000,OFF,--,DONE,--
19673,2026-06-03 17:38:00,28.2750,12.00,0.000,0.000,OFF,--,DONE,--
19674,2026-06-03 17:38:01,28.2250,12.00,0.000,0.000,OFF,--,DONE,--
19675,2026-06-03 17:38:02,28.2250,12.00,0.000,0.000,OFF,--,DONE,--
19676,2026-06-03 17:38:03,28.1875,12.00,0.000,0.000,OFF,--,DONE,--
19677,2026-06-03 17:38:04,28.1875,12.00,0.000,0.000,OFF,--,DONE,--
19678,2026-06-03 17:38:05,28.1125,12.00,0.000,0.000,OFF,--,DONE,--
19679,2026-06-03 17:38:06,28.1125,12.00,0.000,0.000,OFF,--,DONE,--
19680,2026-06-03 17:38:07,28.0500,12.00,0.000,0.000,OFF,--,DONE,--
19681,2026-06-03 17:38:08,28.0500,12.00,0.000,0.000,OFF,--,DONE,--
19682,2026-06-03 17:38:09,27.9750,12.00,0.000,0.000,OFF,--,DONE,--
19683,2026-06-03 17:38:10,27.9750,12.00,0.000,0.000,OFF,--,DONE,--
19684,2026-06-03 17:38:11,27.9250,12.00,0.000,0.000,OFF,--,DONE,--
19685,2026-06-03 17:38:12,27.8250,12.00,0.000,0.000,OFF,--,DONE,--
19686,2026-06-03 17:38:13,27.8250,12.00,0.000,0.000,OFF,--,DONE,--
19687,2026-06-03 17:38:14,27.7500,12.00,0.000,0.000,OFF,--,DONE,--
19688,2026-06-03 17:38:15,27.7500,12.00,0.000,0.000,OFF,--,DONE,--
19689,2026-06-03 17:38:16,27.6750,12.00,0.000,0.000,OFF,--,DONE,--
19690,2026-06-03 17:38:17,27.6750,12.00,0.000,0.000,OFF,--,DONE,--
19691,2026-06-03 17:38:18,27.6125,12.00,0.000,0.000,OFF,--,DONE,--
19692,2026-06-03 17:38:20,27.6125,12.00,0.000,0.000,OFF,--,DONE,--
19693,2026-06-03 17:38:21,27.5125,12.00,0.000,0.000,OFF,--,DONE,--
19694,2026-06-03 17:38:22,27.5125,12.00,0.000,0.000,OFF,--,DONE,--
19695,2026-06-03 17:38:23,27.4875,12.00,0.000,0.000,OFF,--,DONE,--
19696,2026-06-03 17:38:24,27.4875,12.00,0.000,0.000,OFF,--,DONE,--
19697,2026-06-03 17:38:25,27.3875,12.00,0.000,0.000,OFF,--,DONE,--
19698,2026-06-03 17:38:26,27.3875,12.00,0.000,0.000,OFF,--,DONE,--
19699,2026-06-03 17:38:27,27.3375,12.00,0.000,0.000,OFF,--,DONE,--
19700,2026-06-03 17:38:28,27.2625,12.00,0.000,0.000,OFF,--,DONE,--
19701,2026-06-03 17:38:29,27.2625,12.00,0.000,0.000,OFF,--,DONE,--
19702,2026-06-03 17:38:30,27.1750,12.00,0.000,0.000,A,#1,APPROACH,1.907A/A
19703,2026-06-03 17:38:32,27.0750,12.00,0.000,0.000,A,#1,APPROACH,1.000A/A
19704,2026-06-03 17:38:33,27.0750,12.00,0.000,0.000,A,#1,APPROACH,1.425A/A
19705,2026-06-03 17:38:36,26.9500,12.00,0.000,0.000,A,#1,APPROACH,1.306A/A
19706,2026-06-03 17:38:37,26.9500,11.15,1.306,0.000,A,#1,APPROACH,1.077A/A
19707,2026-06-03 17:38:39,26.8625,11.15,1.306,9.682,A,#1,APPROACH,1.000A/A
19708,2026-06-03 17:38:41,26.7375,11.15,1.306,9.682,A,#1,APPROACH,1.156A/A
19709,2026-06-03 17:38:42,26.6125,11.15,1.306,9.682,A,#1,APPROACH,1.000A/A
19710,2026-06-03 17:38:44,26.4375,8.53,1.306,9.682,A,#1,APPROACH,1.459A/A
19711,2026-06-03 17:38:46,26.2750,8.53,1.252,17.099,A,#1,APPROACH,1.413A/A
19712,2026-06-03 17:38:48,26.1250,8.53,1.252,17.099,A,#1,APPROACH,1.355A/A
19713,2026-06-03 17:38:50,25.9750,8.53,1.252,17.099,A,#1,APPROACH,1.000A/A
19714,2026-06-03 17:38:52,25.8000,8.76,1.252,17.099,A,#1,APPROACH,1.391A/A
19715,2026-06-03 17:38:54,25.6375,8.76,1.279,16.038,A,#1,APPROACH,1.000A/A
19716,2026-06-03 17:38:56,25.4375,8.76,1.279,16.038,A,#1,APPROACH,1.367A/A
19717,2026-06-03 17:38:58,25.2625,8.76,1.279,16.038,A,#1,APPROACH,1.436A/A
19718,2026-06-03 17:38:59,25.0625,11.57,1.279,16.038,A,#1,APPROACH,1.468A/A
19719,2026-06-03 17:39:01,24.8750,11.57,1.468,17.508,A,#1,APPROACH,1.541A/A
19720,2026-06-03 17:39:04,24.6750,11.57,1.468,17.508,A,#1,APPROACH,1.000A/A
19721,2026-06-03 17:39:05,24.5000,11.57,1.468,17.508,A,#1,APPROACH,1.557A/A
19722,2026-06-03 17:39:07,24.3000,12.00,1.468,17.508,A,#1,APPROACH,1.500A/A
19723,2026-06-03 17:39:09,24.0750,12.00,1.448,17.208,A,#1,HOLDING,1.533A/A
19724,2026-06-03 17:39:11,23.8750,12.00,1.448,17.208,OFF,#1,HOLDING,0.000A/OFF
19725,2026-06-03 17:39:12,23.7000,12.00,1.448,17.208,OFF,#1,HOLDING,0.000A/OFF
19726,2026-06-03 17:39:13,23.7000,12.00,1.448,17.208,OFF,#1,HOLDING,0.000A/OFF
19727,2026-06-03 17:39:14,23.4500,12.00,1.448,17.208,OFF,#1,HOLDING,0.000A/OFF
19728,2026-06-03 17:39:15,23.4500,12.00,0.000,17.208,OFF,#1,HOLDING,0.000A/OFF
19729,2026-06-03 17:39:16,23.2500,12.00,0.000,17.208,OFF,#1,HOLDING,0.000A/OFF
19730,2026-06-03 17:39:17,23.2500,12.00,0.000,0.000,OFF,#1,HOLDING,0.000A/OFF
19731,2026-06-03 17:39:18,23.0250,12.00,0.000,0.000,OFF,#1,HOLDING,0.000A/OFF
19732,2026-06-03 17:39:19,23.0250,12.00,0.000,0.000,OFF,#1,HOLDING,0.000A/OFF
19733,2026-06-03 17:39:20,22.8375,12.00,0.000,0.000,OFF,#1,HOLDING,0.000A/OFF
19734,2026-06-03 17:39:21,22.8375,12.00,0.000,0.000,OFF,#1,HOLDING,0.000A/OFF
19735,2026-06-03 17:39:22,22.6875,12.00,0.000,0.000,OFF,#1,HOLDING,0.000A/OFF
19736,2026-06-03 17:39:23,22.6875,12.00,0.000,0.000,OFF,#1,HOLDING,0.000A/OFF
19737,2026-06-03 17:39:24,22.5500,12.00,0.000,0.000,OFF,#1,HOLDING,0.000A/OFF
19738,2026-06-03 17:39:25,22.4250,12.00,0.000,0.000,OFF,#1,HOLDING,0.000A/OFF
19739,2026-06-03 17:39:26,22.4250,12.00,0.000,0.000,OFF,#1,HOLDING,0.000A/OFF
19740,2026-06-03 17:39:27,22.3000,12.00,0.000,0.000,OFF,#1,HOLDING,0.000A/OFF
19741,2026-06-03 17:39:28,22.3000,12.00,0.000,0.000,OFF,#1,HOLDING,0.000A/OFF
19742,2026-06-03 17:39:29,22.1750,12.00,0.000,0.000,OFF,#1,HOLDING,0.000A/OFF
19743,2026-06-03 17:39:30,22.1750,12.00,0.000,0.000,OFF,#1,HOLDING,0.000A/OFF
19744,2026-06-03 17:39:31,22.1125,12.00,0.000,0.000,B,#1,HOLDING,0.132A/B
19745,2026-06-03 17:39:33,22.1125,12.00,0.000,0.000,B,#1,HOLDING,0.145A/B
19746,2026-06-03 17:39:35,22.0125,0.98,0.000,0.000,B,#1,HOLDING,0.256A/B
19747,2026-06-03 17:39:36,21.9375,0.98,0.201,0.529,B,#1,HOLDING,0.282A/B
19748,2026-06-03 17:39:39,21.8875,0.98,0.201,0.529,B,#1,HOLDING,0.357A/B
19749,2026-06-03 17:39:40,21.8375,0.98,0.201,0.529,B,#1,HOLDING,0.395A/B
19750,2026-06-03 17:39:42,21.8125,3.14,0.201,0.529,B,#1,HOLDING,0.448A/B
19751,2026-06-03 17:39:44,21.7500,3.14,0.448,1.715,B,#1,HOLDING,0.494A/B
19752,2026-06-03 17:39:46,21.7500,3.14,0.448,1.715,B,#1,HOLDING,0.561A/B
19753,2026-06-03 17:39:48,21.7500,3.14,0.448,1.715,B,#1,HOLDING,0.581A/B
19754,2026-06-03 17:39:50,21.7500,4.93,0.448,1.715,B,#1,HOLDING,0.624A/B
19755,2026-06-03 17:39:52,21.7500,4.93,0.624,3.375,B,#1,HOLDING,0.684A/B
19756,2026-06-03 17:39:54,21.7500,4.93,0.624,3.375,B,#1,HOLDING,0.757A/B
19757,2026-06-03 17:39:56,21.8125,4.93,0.624,3.375,B,#1,HOLDING,0.776A/B
19758,2026-06-03 17:39:58,21.8125,6.66,0.624,3.375,B,#1,HOLDING,0.810A/B
19759,2026-06-03 17:39:59,21.8875,6.66,0.810,5.734,B,#1,HOLDING,0.837A/B
19760,2026-06-03 17:40:02,21.9375,6.66,0.810,5.734,B,#1,HOLDING,0.894A/B
19761,2026-06-03 17:40:03,22.0000,6.66,0.810,5.734,B,#1,HOLDING,0.915A/B
19762,2026-06-03 17:40:05,22.0750,7.92,0.810,5.734,B,#1,HOLDING,0.948A/B
19763,2026-06-03 17:40:07,22.1375,7.92,0.948,7.821,B,#1,HOLDING,0.929A/B
19764,2026-06-03 17:40:09,22.2375,7.92,0.948,7.821,B,#1,HOLDING,0.969A/B
19765,2026-06-03 17:40:11,22.3250,7.92,0.948,7.821,B,#1,HOLDING,0.991A/B
19766,2026-06-03 17:40:13,22.4500,8.62,0.948,7.821,B,#1,HOLDING,1.010A/B
19767,2026-06-03 17:40:15,22.5500,8.62,1.010,8.968,B,#1,HOLDING,1.028A/B
19768,2026-06-03 17:40:17,22.7000,8.62,1.010,8.968,B,#1,HOLDING,1.046A/B
19769,2026-06-03 17:40:19,22.8000,8.62,1.010,8.968,B,#1,HOLDING,1.057A/B
19770,2026-06-03 17:40:21,22.9500,9.28,1.010,8.968,B,#1,HOLDING,1.000A/B
19771,2026-06-03 17:40:22,23.0750,9.28,1.000,8.960,B,#1,HOLDING,1.058A/B
19772,2026-06-03 17:40:25,23.2000,9.28,1.000,8.960,B,#1,HOLDING,1.055A/B
19773,2026-06-03 17:40:26,23.3625,9.28,1.000,8.960,B,#1,HOLDING,1.042A/B
19774,2026-06-03 17:40:28,23.5625,9.29,1.000,8.960,B,#1,HOLDING,1.017A/B
19775,2026-06-03 17:40:30,23.7125,9.29,1.016,9.367,B,#1,HOLDING,0.989A/B
19776,2026-06-03 17:40:33,23.8875,9.29,1.016,9.367,B,#1,HOLDING,0.956A/B
19777,2026-06-03 17:40:34,24.0500,9.29,1.016,9.367,B,#1,HOLDING,0.926A/B
19778,2026-06-03 17:40:36,24.2000,8.59,1.016,9.367,B,#1,HOLDING,0.830A/B
19779,2026-06-03 17:40:38,24.3750,8.59,0.830,6.606,B,#1,HOLDING,0.769A/B
19780,2026-06-03 17:40:40,24.5500,8.59,0.830,6.606,B,#1,HOLDING,0.696A/B
19781,2026-06-03 17:40:42,24.7375,8.59,0.830,6.606,B,#1,HOLDING,0.628A/B
19782,2026-06-03 17:40:44,24.8875,6.39,0.830,6.606,B,#1,HOLDING,0.556A/B
19783,2026-06-03 17:40:46,25.0500,6.39,0.556,3.258,B,#1,HOLDING,0.472A/B
19784,2026-06-03 17:40:48,25.2000,6.39,0.556,3.258,B,#1,HOLDING,0.375A/B
19785,2026-06-03 17:40:50,25.3625,6.39,0.556,3.258,B,#1,HOLDING,0.290A/B
19786,2026-06-03 17:40:51,25.5375,3.61,0.556,3.258,B,#1,HOLDING,0.188A/B
19787,2026-06-03 17:40:53,25.6750,3.61,0.188,3.258,OFF,#1,HOLDING,0.000A/OFF
19788,2026-06-03 17:40:54,25.8250,3.61,0.188,0.522,OFF,#1,HOLDING,0.000A/OFF
19789,2026-06-03 17:40:55,25.8250,3.61,0.188,0.522,OFF,#1,HOLDING,0.000A/OFF
19790,2026-06-03 17:40:56,25.9750,3.61,0.188,0.522,A,#1,HOLDING,0.107A/A
19791,2026-06-03 17:40:58,26.1000,3.61,0.188,0.522,A,#1,HOLDING,0.214A/A
19792,2026-06-03 17:41:00,26.2250,2.74,0.214,0.522,A,#1,HOLDING,0.297A/A
19793,2026-06-03 17:41:02,26.3250,2.74,0.214,0.617,A,#1,HOLDING,0.414A/A
19794,2026-06-03 17:41:03,26.3250,2.74,0.214,0.617,A,#1,HOLDING,0.513A/A
19795,2026-06-03 17:41:05,26.4125,2.74,0.214,0.617,A,#1,HOLDING,0.622A/A
19796,2026-06-03 17:41:07,26.4875,4.86,0.214,0.617,A,#1,HOLDING,0.751A/A
19797,2026-06-03 17:41:09,26.5375,4.86,0.713,4.663,A,#1,HOLDING,0.883A/A
19798,2026-06-03 17:41:11,26.5875,4.86,0.713,4.663,A,#1,HOLDING,1.049A/A
19799,2026-06-03 17:41:13,26.6250,4.86,0.713,4.663,A,#1,HOLDING,1.000A/A
19800,2026-06-03 17:41:14,26.6250,7.97,0.713,4.663,A,#1,HOLDING,1.000A/A
19801,2026-06-03 17:41:16,26.5625,7.97,1.000,8.330,A,#1,HOLDING,1.155A/A
19802,2026-06-03 17:41:19,26.5625,7.97,1.000,8.330,A,#1,HOLDING,1.319A/A
19803,2026-06-03 17:41:20,26.5250,7.97,1.000,8.330,A,#1,HOLDING,1.000A/A
19804,2026-06-03 17:41:22,26.4500,8.26,1.000,8.330,A,#1,HOLDING,1.420A/A
19805,2026-06-03 17:41:24,26.3625,8.26,1.370,16.003,A,#1,HOLDING,1.534A/A
19806,2026-06-03 17:41:26,26.2375,8.26,1.370,16.003,A,#1,HOLDING,1.675A/A
19807,2026-06-03 17:41:28,26.1375,8.26,1.370,16.003,A,#1,HOLDING,1.767A/A
19808,2026-06-03 17:41:30,26.0125,12.00,1.370,16.003,A,#1,HOLDING,1.840A/A
19809,2026-06-03 17:41:32,25.9000,12.00,1.515,17.964,A,#1,HOLDING,1.937A/A
19810,2026-06-03 17:41:34,25.7500,12.00,1.515,17.964,A,#1,HOLDING,1.000A/A
19811,2026-06-03 17:41:36,25.6125,12.00,1.515,17.964,A,#1,HOLDING,1.000A/A
19812,2026-06-03 17:41:37,25.4375,8.80,1.515,17.964,A,#1,HOLDING,2.000A/A
19813,2026-06-03 17:41:39,25.2625,8.80,1.480,17.544,A,#1,HOLDING,2.000A/A
19814,2026-06-03 17:41:42,25.0625,8.80,1.480,17.544,A,#1,HOLDING,1.000A/A
19815,2026-06-03 17:41:43,24.9250,8.80,1.480,17.544,A,#1,HOLDING,2.002A/A
19816,2026-06-03 17:41:45,24.7250,12.00,1.480,17.544,A,#1,HOLDING,1.000A/A
19817,2026-06-03 17:41:47,24.5250,12.00,1.020,9.180,A,#1,HOLDING,1.500A/A
19818,2026-06-03 17:41:49,24.3250,12.00,1.020,9.180,A,#1,HOLDING,2.027A/A
19819,2026-06-03 17:41:51,24.1375,12.00,1.020,9.180,A,#1,HOLDING,2.050A/A
19820,2026-06-03 17:41:53,23.9625,12.00,1.020,9.180,A,#1,HOLDING,2.034A/A
19821,2026-06-03 17:41:55,23.7625,12.00,1.435,17.076,A,#1,HOLDING,1.000A/A
19822,2026-06-03 17:41:57,23.5625,12.00,1.435,17.076,A,#1,HOLDING,2.062A/A
19823,2026-06-03 17:41:59,23.3875,12.00,1.435,17.076,A,#2,APPROACH,1.500A/A
19824,2026-06-03 17:42:01,23.1875,3.07,1.435,17.076,B,#2,APPROACH,0.242A/B
19825,2026-06-03 17:42:03,22.9750,3.07,0.036,17.076,B,#2,APPROACH,0.315A/B
19826,2026-06-03 17:42:05,22.7750,3.07,0.036,0.000,B,#2,APPROACH,0.406A/B
19827,2026-06-03 17:42:07,22.4375,3.07,0.036,0.000,B,#2,APPROACH,0.546A/B
19828,2026-06-03 17:42:09,22.4375,3.07,0.036,0.000,B,#2,APPROACH,0.633A/B
19829,2026-06-03 17:42:10,22.3000,4.79,0.036,0.000,B,#2,APPROACH,0.768A/B
19830,2026-06-03 17:42:12,22.1750,4.79,0.746,4.746,B,#2,APPROACH,0.913A/B
19831,2026-06-03 17:42:15,21.9750,4.79,0.746,4.746,B,#2,APPROACH,1.147A/B
19832,2026-06-03 17:42:16,21.9750,4.79,0.746,4.746,B,#2,APPROACH,1.300A/B
19833,2026-06-03 17:42:18,21.9000,9.81,0.746,4.746,B,#2,APPROACH,1.501A/B
19834,2026-06-03 17:42:20,21.8500,9.81,1.475,17.201,B,#2,APPROACH,1.500A/B
19835,2026-06-03 17:42:22,21.8125,9.81,1.475,17.201,B,#2,APPROACH,1.500A/B
19836,2026-06-03 17:42:24,21.8125,9.81,1.475,17.201,B,#2,APPROACH,1.500A/B
19837,2026-06-03 17:42:26,21.8750,11.55,1.475,17.201,B,#2,APPROACH,1.500A/B
19838,2026-06-03 17:42:28,21.9250,11.55,1.500,17.835,B,#2,APPROACH,1.000A/B
19839,2026-06-03 17:42:30,22.1375,11.55,1.500,17.835,B,#2,APPROACH,1.684A/B
19840,2026-06-03 17:42:32,22.1375,11.55,1.500,17.835,B,#2,APPROACH,1.861A/B
19841,2026-06-03 17:42:33,22.2375,12.00,1.500,17.835,B,#2,APPROACH,1.000A/B
19842,2026-06-03 17:42:35,22.3875,12.00,1.041,8.770,B,#2,APPROACH,2.047A/B
19843,2026-06-03 17:42:38,22.7250,12.00,1.041,8.770,B,#2,APPROACH,2.252A/B
19844,2026-06-03 17:42:39,22.7250,12.00,1.041,8.770,B,#2,APPROACH,2.410A/B
19845,2026-06-03 17:42:41,22.8625,12.00,1.041,8.770,B,#2,APPROACH,2.500A/B
19846,2026-06-03 17:42:43,23.0625,12.00,1.450,17.160,B,#2,APPROACH,2.572A/B
19847,2026-06-03 17:42:45,23.2750,12.00,1.450,17.160,B,#2,APPROACH,1.500A/B
19848,2026-06-03 17:42:47,23.4500,12.00,1.450,17.160,B,#2,APPROACH,2.751A/B
19849,2026-06-03 17:42:49,23.6750,12.00,1.450,17.160,B,#2,APPROACH,2.000A/B
19850,2026-06-03 17:42:51,23.9000,12.00,1.407,16.704,B,#2,APPROACH,1.000A/B
19851,2026-06-03 17:42:53,24.1250,12.00,1.407,16.704,B,#2,APPROACH,2.000A/B
19852,2026-06-03 17:42:55,24.3750,12.00,1.407,16.704,B,#2,APPROACH,1.000A/B
19853,2026-06-03 17:42:57,24.5625,9.24,1.407,16.704,B,#2,APPROACH,1.000A/B
19854,2026-06-03 17:42:58,24.8375,9.24,1.000,9.420,B,#2,APPROACH,1.500A/B
19855,2026-06-03 17:43:01,25.0625,9.24,1.000,9.420,B,#2,APPROACH,2.500A/B
19856,2026-06-03 17:43:02,25.3125,9.24,1.000,9.420,B,#2,APPROACH,2.500A/B
19857,2026-06-03 17:43:04,25.5625,12.00,1.000,9.420,B,#2,APPROACH,1.000A/B
19858,2026-06-03 17:43:06,25.7875,12.00,1.034,9.510,B,#2,APPROACH,2.000A/B
19859,2026-06-03 17:43:08,26.0250,12.00,1.034,9.510,B,#2,APPROACH,2.500A/B
19860,2026-06-03 17:43:10,26.2750,12.00,1.034,9.510,B,#2,APPROACH,1.500A/B
19861,2026-06-03 17:43:12,26.4875,12.00,1.034,9.510,B,#2,APPROACH,2.000A/B
19862,2026-06-03 17:43:14,26.7125,12.00,1.352,16.056,B,#2,HOLDING,2.639A/B
19863,2026-06-03 17:43:16,27.2125,12.00,1.352,16.056,OFF,#2,HOLDING,0.000A/OFF
19864,2026-06-03 17:43:17,27.2125,12.00,1.352,16.056,OFF,#2,HOLDING,0.000A/OFF
19865,2026-06-03 17:43:18,27.4375,12.00,1.352,16.056,OFF,#2,HOLDING,0.000A/OFF
19866,2026-06-03 17:43:19,27.4375,12.00,1.352,16.056,OFF,#2,HOLDING,0.000A/OFF
19867,2026-06-03 17:43:20,27.6875,12.00,0.000,16.056,OFF,#2,HOLDING,0.000A/OFF
19868,2026-06-03 17:43:21,27.6875,12.00,0.000,16.056,OFF,#2,HOLDING,0.000A/OFF
19869,2026-06-03 17:43:22,27.9000,12.00,0.000,0.000,OFF,#2,HOLDING,0.000A/OFF
19870,2026-06-03 17:43:23,27.9000,12.00,0.000,0.000,OFF,#2,HOLDING,0.000A/OFF
19871,2026-06-03 17:43:24,28.1250,12.00,0.000,0.000,OFF,#2,HOLDING,0.000A/OFF
19872,2026-06-03 17:43:25,28.1250,12.00,0.000,0.000,OFF,#2,HOLDING,0.000A/OFF
19873,2026-06-03 17:43:26,28.3375,12.00,0.000,0.000,OFF,#2,HOLDING,0.000A/OFF
19874,2026-06-03 17:43:27,28.3375,12.00,0.000,0.000,OFF,#2,HOLDING,0.000A/OFF
19875,2026-06-03 17:43:28,28.5125,12.00,0.000,0.000,A,#2,HOLDING,0.121A/A
19876,2026-06-03 17:43:30,28.6625,12.00,0.000,0.000,A,#2,HOLDING,0.187A/A
19877,2026-06-03 17:43:31,28.6625,12.00,0.000,0.000,A,#2,HOLDING,0.221A/A
19878,2026-06-03 17:43:33,28.8125,1.27,0.000,0.000,A,#2,HOLDING,0.258A/A
19879,2026-06-03 17:43:35,28.9250,1.27,0.241,0.446,A,#2,HOLDING,0.306A/A
19880,2026-06-03 17:43:37,29.1000,1.27,0.241,0.446,A,#2,HOLDING,0.400A/A
19881,2026-06-03 17:43:39,29.1000,1.27,0.241,0.446,A,#2,HOLDING,0.433A/A
19882,2026-06-03 17:43:41,29.2000,3.30,0.241,0.446,A,#2,HOLDING,0.497A/A
19883,2026-06-03 17:43:43,29.2250,3.30,0.477,1.978,A,#2,HOLDING,0.547A/A
19884,2026-06-03 17:43:45,29.2500,3.30,0.477,1.978,A,#2,HOLDING,0.628A/A
19885,2026-06-03 17:43:47,29.2500,3.30,0.477,1.978,A,#2,HOLDING,0.671A/A
19886,2026-06-03 17:43:49,29.2750,5.47,0.477,1.978,A,#2,HOLDING,0.735A/A
19887,2026-06-03 17:43:50,29.2500,5.47,0.711,4.527,A,#2,HOLDING,0.790A/A
19888,2026-06-03 17:43:53,29.1875,5.47,0.711,4.527,A,#2,HOLDING,0.858A/A
19889,2026-06-03 17:43:54,29.1875,5.47,0.711,4.527,A,#2,HOLDING,0.907A/A
19890,2026-06-03 17:43:56,29.1375,7.49,0.711,4.527,A,#2,HOLDING,0.959A/A
19891,2026-06-03 17:43:58,29.0250,7.49,0.935,7.719,A,#2,HOLDING,1.000A/A
19892,2026-06-03 17:44:01,28.8625,7.49,0.935,7.719,A,#2,HOLDING,1.038A/A
19893,2026-06-03 17:44:02,28.8625,7.49,0.935,7.719,A,#2,HOLDING,1.000A/A
19894,2026-06-03 17:44:04,28.7625,8.39,0.935,7.719,A,#2,HOLDING,1.000A/A
19895,2026-06-03 17:44:06,28.6625,8.39,1.000,8.550,A,#2,HOLDING,1.078A/A
19896,2026-06-03 17:44:08,28.3625,8.39,1.000,8.550,A,#2,HOLDING,1.039A/A
19897,2026-06-03 17:44:10,28.2125,8.39,1.000,8.550,A,#2,HOLDING,1.052A/A
19898,2026-06-03 17:44:12,28.2125,8.92,1.000,8.550,A,#2,HOLDING,1.084A/A
19899,2026-06-03 17:44:14,28.0500,8.92,1.066,10.070,A,#2,HOLDING,1.108A/A
19900,2026-06-03 17:44:16,27.7000,8.92,1.066,10.070,A,#2,HOLDING,1.000A/A
19901,2026-06-03 17:44:18,27.5250,8.92,1.066,10.070,A,#2,HOLDING,1.087A/A
19902,2026-06-03 17:44:19,27.5250,9.32,1.066,10.070,A,#2,HOLDING,1.099A/A
19903,2026-06-03 17:44:21,27.3250,9.32,1.099,10.484,A,#2,HOLDING,1.000A/A
19904,2026-06-03 17:44:24,26.9500,9.32,1.099,10.484,A,#2,HOLDING,1.085A/A
19905,2026-06-03 17:44:25,26.7500,9.32,1.099,10.484,A,#2,HOLDING,1.000A/A
19906,2026-06-03 17:44:27,26.7500,8.82,1.099,10.484,A,#2,HOLDING,1.054A/A
19907,2026-06-03 17:44:29,26.5750,8.82,1.054,9.833,A,#2,HOLDING,0.975A/A
19908,2026-06-03 17:44:31,26.1375,8.82,1.054,9.833,A,#2,HOLDING,0.871A/A
19909,2026-06-03 17:44:33,25.9375,8.82,1.054,9.833,A,#2,HOLDING,0.783A/A
19910,2026-06-03 17:44:35,25.9375,7.31,1.054,9.833,A,#2,HOLDING,0.739A/A
19911,2026-06-03 17:44:37,25.7625,7.31,0.739,5.276,A,#2,HOLDING,0.678A/A
19912,2026-06-03 17:44:39,25.3750,7.31,0.739,5.276,A,#2,HOLDING,0.544A/A
19913,2026-06-03 17:44:41,25.1250,7.31,0.739,5.276,A,#2,HOLDING,0.419A/A
19914,2026-06-03 17:44:43,25.1250,4.53,0.739,5.276,A,#2,HOLDING,0.348A/A
19915,2026-06-03 17:44:44,24.9500,4.53,0.348,1.402,A,#2,HOLDING,0.254A/A
19916,2026-06-03 17:44:47,24.5750,4.53,0.348,1.402,A,#2,HOLDING,0.124A/A
19917,2026-06-03 17:44:48,24.3750,4.53,0.348,1.402,OFF,#2,HOLDING,0.000A/OFF
19918,2026-06-03 17:44:49,24.3750,4.53,0.348,1.402,OFF,#2,HOLDING,0.000A/OFF
19919,2026-06-03 17:44:50,24.2625,12.00,0.000,1.402,B,#2,HOLDING,0.132A/B
19920,2026-06-03 17:44:52,24.1125,12.00,0.000,0.104,B,#2,HOLDING,0.275A/B
19921,2026-06-03 17:44:54,24.1125,12.00,0.000,0.104,B,#2,HOLDING,0.389A/B
19922,2026-06-03 17:44:56,23.9500,12.00,0.000,0.104,B,#2,HOLDING,0.523A/B
19923,2026-06-03 17:44:57,23.8000,4.13,0.000,0.104,B,#2,HOLDING,0.687A/B
19924,2026-06-03 17:44:59,23.7000,4.13,0.687,3.902,B,#2,HOLDING,0.851A/B
19925,2026-06-03 17:45:02,23.6000,4.13,0.687,3.902,B,#2,HOLDING,1.000A/B
19926,2026-06-03 17:45:03,23.5250,4.13,0.687,3.902,B,#2,HOLDING,1.033A/B
19927,2026-06-03 17:45:05,23.4500,8.26,0.687,3.902,B,#2,HOLDING,1.000A/B
19928,2026-06-03 17:45:07,23.3750,8.26,1.000,8.290,B,#2,HOLDING,1.000A/B
19929,2026-06-03 17:45:09,23.3750,8.26,1.000,8.290,B,#2,HOLDING,1.162A/B
19930,2026-06-03 17:45:11,23.3750,8.26,1.000,8.290,B,#2,HOLDING,1.298A/B
19931,2026-06-03 17:45:13,23.3750,10.34,1.000,8.290,B,#2,HOLDING,1.460A/B
19932,2026-06-03 17:45:15,23.3875,10.34,1.460,17.067,B,#2,HOLDING,1.602A/B
19933,2026-06-03 17:45:17,23.4375,10.34,1.460,17.067,B,#2,HOLDING,1.792A/B
19934,2026-06-03 17:45:19,23.4750,10.34,1.460,17.067,B,#2,HOLDING,1.925A/B
19935,2026-06-03 17:45:20,23.5750,12.00,1.460,17.067,B,#2,HOLDING,2.070A/B
19936,2026-06-03 17:45:22,23.6750,12.00,1.471,17.412,B,#2,HOLDING,1.000A/B
19937,2026-06-03 17:45:25,23.8250,12.00,1.471,17.412,B,#2,HOLDING,1.000A/B
19938,2026-06-03 17:45:26,23.9500,12.00,1.471,17.412,B,#2,HOLDING,2.185A/B
19939,2026-06-03 17:45:28,24.0750,12.00,1.471,17.412,B,#2,HOLDING,2.000A/B
19940,2026-06-03 17:45:30,24.2375,12.00,1.431,16.980,B,#2,HOLDING,2.309A/B
19941,2026-06-03 17:45:32,24.3875,12.00,1.431,16.980,B,#2,HOLDING,1.500A/B
19942,2026-06-03 17:45:34,24.5500,12.00,1.431,16.980,B,#2,HOLDING,1.000A/B
19943,2026-06-03 17:45:36,24.7500,9.21,1.431,16.980,B,#2,HOLDING,2.411A/B
19944,2026-06-03 17:45:38,24.9250,9.21,1.397,16.608,B,#2,HOLDING,2.501A/B
19945,2026-06-03 17:45:40,25.1250,9.21,1.397,16.608,B,#2,HOLDING,1.500A/B
19946,2026-06-03 17:45:42,25.3000,9.21,1.397,16.608,B,#2,HOLDING,2.000A/B
19947,2026-06-03 17:45:43,25.5250,12.00,1.397,16.608,B,#2,HOLDING,2.576A/B
19948,2026-06-03 17:45:45,25.7500,12.00,1.372,16.260,B,#2,HOLDING,1.500A/B
19949,2026-06-03 17:45:48,25.9750,12.00,1.372,16.260,B,#2,HOLDING,1.000A/B
19950,2026-06-03 17:45:49,26.1750,12.00,1.372,16.260,B,#2,HOLDING,2.000A/B
19951,2026-06-03 17:45:51,26.4000,12.00,1.372,16.260,B,#2,HOLDING,1.000A/B
19952,2026-06-03 17:45:53,26.6125,12.00,1.177,9.640,B,#2,HOLDING,1.000A/B
19953,2026-06-03 17:45:55,26.8375,12.00,1.177,9.640,B,#2,HOLDING,1.000A/B
19954,2026-06-03 17:45:57,27.0500,12.00,1.177,9.640,B,#2,HOLDING,1.000A/B
19955,2026-06-03 17:45:59,27.2500,9.54,1.177,9.640,B,#2,HOLDING,2.521A/B
19956,2026-06-03 17:46:01,27.5250,9.54,1.170,15.984,B,#2,HOLDING,1.000A/B
19957,2026-06-03 17:46:03,27.7250,9.54,1.170,15.984,B,#2,HOLDING,1.000A/B
19958,2026-06-03 17:46:05,27.9375,9.54,1.170,15.984,B,#2,HOLDING,1.000A/B
19959,2026-06-03 17:46:07,28.1375,9.61,1.170,15.984,B,#2,HOLDING,1.000A/B
19960,2026-06-03 17:46:08,28.3625,9.61,1.000,9.740,B,#2,HOLDING,1.500A/B
19961,2026-06-03 17:46:11,28.5875,9.61,1.000,9.740,B,#2,HOLDING,1.500A/B
19962,2026-06-03 17:46:12,28.8000,9.61,1.000,9.740,B,#2,HOLDING,2.448A/B
19963,2026-06-03 17:46:14,29.0000,12.00,1.000,9.740,B,#2,HOLDING,2.387A/B
19964,2026-06-03 17:46:16,29.1875,12.00,1.326,15.732,B,#2,HOLDING,1.000A/B
19965,2026-06-03 17:46:18,29.3875,12.00,1.326,15.732,B,#2,HOLDING,2.000A/B
19966,2026-06-03 17:46:20,29.6125,12.00,1.326,15.732,B,#2,HOLDING,1.000A/B
19967,2026-06-03 17:46:22,29.7875,9.71,1.326,15.732,B,#2,HOLDING,1.000A/B
19968,2026-06-03 17:46:24,29.9875,9.71,1.000,9.840,B,#2,HOLDING,2.275A/B
19969,2026-06-03 17:46:26,30.1875,9.71,1.000,9.840,B,#2,HOLDING,1.000A/B
19970,2026-06-03 17:46:28,30.3625,9.71,1.000,9.840,B,#2,HOLDING,1.500A/B
19971,2026-06-03 17:46:30,30.5625,12.00,1.000,9.840,B,#2,HOLDING,2.000A/B
19972,2026-06-03 17:46:31,30.7375,12.00,1.311,15.588,B,#2,HOLDING,1.000A/B
19973,2026-06-03 17:46:34,30.9125,12.00,1.311,15.588,B,#2,HOLDING,1.500A/B
19974,2026-06-03 17:46:35,31.0875,12.00,1.311,15.588,B,#2,HOLDING,2.000A/B
19975,2026-06-03 17:46:37,31.2625,12.00,1.311,15.588,B,#2,HOLDING,2.000A/B
19976,2026-06-03 17:46:39,31.4250,12.00,1.304,15.480,B,#2,HOLDING,2.132A/B
19977,2026-06-03 17:46:41,31.6000,12.00,1.304,15.480,B,#2,HOLDING,1.500A/B
19978,2026-06-03 17:46:43,31.7875,12.00,1.304,15.480,B,#2,HOLDING,1.000A/B
19979,2026-06-03 17:46:45,31.9375,9.82,1.304,15.480,B,#2,HOLDING,1.000A/B
19980,2026-06-03 17:46:47,32.1125,9.82,1.000,9.950,B,#2,HOLDING,1.905A/B
19981,2026-06-03 17:46:49,32.2625,9.82,1.000,9.950,B,#2,HOLDING,1.679A/B
19982,2026-06-03 17:46:51,32.4125,9.82,1.000,9.950,B,#2,HOLDING,1.000A/B
19983,2026-06-03 17:46:53,32.5625,9.81,1.000,9.950,B,#2,HOLDING,1.508A/B
19984,2026-06-03 17:46:54,32.7000,9.81,1.297,15.444,B,#2,HOLDING,1.312A/B
19985,2026-06-03 17:46:57,32.8250,9.81,1.297,15.444,B,#2,HOLDING,1.059A/B
19986,2026-06-03 17:46:58,32.9250,9.81,1.297,15.444,B,#2,HOLDING,0.884A/B
19987,2026-06-03 17:47:00,33.1250,8.98,1.297,15.444,B,#2,HOLDING,0.666A/B
19988,2026-06-03 17:47:02,33.2375,8.98,0.666,4.961,B,#2,HOLDING,0.453A/B
19989,2026-06-03 17:47:05,33.3875,8.98,0.666,4.961,B,#2,HOLDING,0.168A/B
19990,2026-06-03 17:47:06,33.5500,8.98,0.666,4.961,OFF,#2,HOLDING,0.000A/OFF
19991,2026-06-03 17:47:07,33.7000,8.98,0.666,4.961,OFF,#2,HOLDING,0.167A/A
19992,2026-06-03 17:47:09,33.8250,12.00,0.000,4.961,A,#2,HOLDING,0.365A/A
19993,2026-06-03 17:47:11,33.9250,12.00,0.000,0.635,A,#2,HOLDING,0.601A/A
19994,2026-06-03 17:47:12,33.9250,12.00,0.000,0.635,A,#2,HOLDING,0.793A/A
19995,2026-06-03 17:47:14,34.0375,12.00,0.000,0.635,A,#2,HOLDING,1.006A/A
19996,2026-06-03 17:47:16,34.1375,7.11,0.000,0.635,A,#2,HOLDING,1.253A/A
19997,2026-06-03 17:47:17,34.1625,7.11,1.125,11.540,A,#2,HOLDING,1.498A/A
19998,2026-06-03 17:47:20,34.1875,7.11,1.125,11.540,A,#2,HOLDING,1.500A/A
19999,2026-06-03 17:47:21,34.2125,7.11,1.125,11.540,A,#2,HOLDING,1.500A/A
20000,2026-06-03 17:47:23,34.1875,11.00,1.125,11.540,A,#2,HOLDING,1.000A/A
20001,2026-06-03 17:47:25,34.1250,11.00,1.249,7.920,A,#2,HOLDING,1.500A/A
20002,2026-06-03 17:47:28,34.0500,11.00,1.249,7.920,A,#2,HOLDING,1.000A/A
20003,2026-06-03 17:47:29,33.9250,11.00,1.249,7.920,A,#2,HOLDING,1.778A/A
20004,2026-06-03 17:47:31,33.8000,12.00,1.249,7.920,A,#2,HOLDING,2.000A/A
20005,2026-06-03 17:47:33,33.6750,12.00,1.576,18.672,A,#2,HOLDING,1.500A/A
20006,2026-06-03 17:47:35,33.5000,12.00,1.576,18.672,A,#2,HOLDING,2.206A/A
20007,2026-06-03 17:47:37,33.3250,12.00,1.576,18.672,A,#2,HOLDING,2.378A/A
20008,2026-06-03 17:47:39,33.1250,12.00,1.576,18.672,A,#2,HOLDING,2.000A/A
20009,2026-06-03 17:47:41,32.9250,12.00,1.529,18.144,A,#2,HOLDING,2.559A/A
20010,2026-06-03 17:47:43,32.7250,12.00,1.529,18.144,A,#2,HOLDING,2.500A/A
20011,2026-06-03 17:47:45,32.5000,12.00,1.529,18.144,A,#2,HOLDING,2.500A/A
20012,2026-06-03 17:47:46,32.2500,12.00,1.529,18.144,A,#2,HOLDING,2.500A/A
20013,2026-06-03 17:47:48,32.0000,12.00,1.493,17.724,A,#2,HOLDING,2.000A/A
20014,2026-06-03 17:47:51,31.7250,12.00,1.493,17.724,A,#2,HOLDING,2.740A/A
20015,2026-06-03 17:47:52,31.4750,12.00,1.493,17.724,A,#2,HOLDING,1.500A/A
20016,2026-06-03 17:47:54,31.1750,12.00,1.493,17.724,A,#2,HOLDING,2.500A/A
20017,2026-06-03 17:47:56,30.9125,12.00,1.465,17.364,A,#2,HOLDING,2.000A/A
20018,2026-06-03 17:47:58,30.6125,12.00,1.465,17.364,A,#2,HOLDING,2.500A/A
20019,2026-06-03 17:48:00,30.3750,12.00,1.465,17.364,A,#2,HOLDING,2.500A/A
20020,2026-06-03 17:48:02,30.0500,12.00,1.465,17.364,A,#2,HOLDING,2.716A/A
20021,2026-06-03 17:48:04,29.7500,12.00,1.443,17.160,A,#2,HOLDING,1.500A/A
20022,2026-06-03 17:48:06,29.4500,12.00,1.443,17.160,A,#2,HOLDING,2.766A/A
20023,2026-06-03 17:48:08,29.1625,12.00,1.443,17.160,A,#2,HOLDING,1.000A/A
20024,2026-06-03 17:48:09,28.8875,8.91,1.443,17.160,A,#2,HOLDING,2.000A/A
20025,2026-06-03 17:48:11,28.6000,8.91,1.441,17.136,A,#2,HOLDING,2.775A/A
20026,2026-06-03 17:48:14,28.3250,8.91,1.441,17.136,A,#2,HOLDING,2.500A/A
20027,2026-06-03 17:48:15,28.0250,8.91,1.441,17.136,A,#3,APPROACH,2.500A/A
20028,2026-06-03 17:48:17,27.7250,6.09,1.441,17.136,A,#3,APPROACH,0.534A/A
20029,2026-06-03 17:48:19,27.4625,6.09,0.000,17.136,A,#3,APPROACH,0.518A/A
20030,2026-06-03 17:48:21,26.9125,6.09,0.000,0.000,A,#3,APPROACH,0.482A/A
20031,2026-06-03 17:48:24,26.6625,6.09,0.000,0.000,A,#3,APPROACH,0.474A/A
20032,2026-06-03 17:48:25,26.6625,6.09,0.000,0.000,A,#3,APPROACH,0.502A/A
20033,2026-06-03 17:48:27,26.4500,5.15,0.000,0.000,A,#3,APPROACH,0.531A/A
20034,2026-06-03 17:48:29,26.2500,5.15,0.515,2.904,A,#3,APPROACH,0.556A/A
20035,2026-06-03 17:48:31,25.8625,5.15,0.515,2.904,A,#3,APPROACH,0.574A/A
20036,2026-06-03 17:48:33,25.8625,5.15,0.515,2.904,A,#3,APPROACH,0.625A/A
20037,2026-06-03 17:48:35,25.6500,6.08,0.515,2.904,A,#3,APPROACH,0.672A/A
20038,2026-06-03 17:48:37,25.5000,6.08,0.647,4.341,A,#3,APPROACH,0.734A/A
20039,2026-06-03 17:48:39,25.1250,6.08,0.647,4.341,A,#3,APPROACH,0.791A/A
20040,2026-06-03 17:48:41,25.1250,6.08,0.647,4.341,A,#3,APPROACH,0.869A/A
20041,2026-06-03 17:48:42,24.9500,7.85,0.647,4.341,A,#3,APPROACH,0.947A/A
20042,2026-06-03 17:48:44,24.8000,7.85,0.906,8.087,A,#3,APPROACH,1.039A/A
20043,2026-06-03 17:48:47,24.4875,7.85,0.906,8.087,A,#3,APPROACH,1.144A/A
20044,2026-06-03 17:48:48,24.4875,7.85,0.906,8.087,A,#3,APPROACH,1.249A/A
20045,2026-06-03 17:48:50,24.3250,10.47,0.906,8.087,A,#3,APPROACH,1.362A/A
20046,2026-06-03 17:48:52,24.1750,10.47,1.303,15.554,A,#3,APPROACH,1.487A/A
20047,2026-06-03 17:48:54,23.8625,10.47,1.303,15.554,A,#3,APPROACH,1.500A/A
20048,2026-06-03 17:48:56,23.8625,10.47,1.303,15.554,A,#3,APPROACH,1.000A/A
20049,2026-06-03 17:48:58,23.6750,8.99,1.303,15.554,A,#3,APPROACH,1.632A/A
20050,2026-06-03 17:49:00,23.5000,8.99,1.460,17.340,A,#3,APPROACH,1.500A/A
20051,2026-06-03 17:49:02,23.1750,8.99,1.460,17.340,A,#3,APPROACH,1.000A/A
20052,2026-06-03 17:49:04,23.1750,8.99,1.460,17.340,A,#3,APPROACH,1.767A/A
20053,2026-06-03 17:49:05,23.0125,12.00,1.460,17.340,A,#3,APPROACH,1.948A/A
20054,2026-06-03 17:49:07,22.8125,12.00,1.441,17.100,A,#3,APPROACH,1.500A/A
20055,2026-06-03 17:49:10,22.4625,12.00,1.441,17.100,A,#3,APPROACH,1.500A/A
20056,2026-06-03 17:49:11,22.4625,12.00,1.441,17.100,A,#3,APPROACH,1.000A/A
20057,2026-06-03 17:49:13,22.2875,9.08,1.441,17.100,A,#3,APPROACH,1.000A/A
20058,2026-06-03 17:49:15,22.0875,9.08,1.000,9.240,A,#3,APPROACH,2.094A/A
20059,2026-06-03 17:49:17,21.7500,9.08,1.000,9.240,A,#3,APPROACH,2.286A/A
20060,2026-06-03 17:49:19,21.7500,9.08,1.000,9.240,A,#3,APPROACH,2.000A/A
20061,2026-06-03 17:49:21,21.5500,12.00,1.000,9.240,A,#3,APPROACH,1.500A/A
20062,2026-06-03 17:49:23,21.4000,12.00,1.431,17.028,A,#3,APPROACH,1.000A/A
20063,2026-06-03 17:49:25,21.0625,12.00,1.431,17.028,A,#3,APPROACH,2.406A/A
20064,2026-06-03 17:49:27,21.0625,12.00,1.431,17.028,A,#3,APPROACH,1.000A/A
20065,2026-06-03 17:49:29,20.9000,9.19,1.431,17.028,A,#3,APPROACH,1.500A/A
20066,2026-06-03 17:49:30,20.7500,9.19,1.418,16.872,A,#3,APPROACH,1.000A/A
20067,2026-06-03 17:49:33,20.4500,9.19,1.418,16.872,A,#3,APPROACH,2.000A/A
20068,2026-06-03 17:49:34,20.4500,9.19,1.418,16.872,A,#3,APPROACH,1.500A/A
20069,2026-06-03 17:49:36,20.3000,12.00,1.418,16.872,A,#3,APPROACH,2.502A/A
20070,2026-06-03 17:49:38,20.1250,12.00,1.426,16.968,A,#3,APPROACH,2.500A/A
20071,2026-06-03 17:49:41,19.8625,12.00,1.426,16.968,A,#3,APPROACH,2.500A/A
20072,2026-06-03 17:49:42,19.8625,12.00,1.426,16.968,A,#3,APPROACH,2.500A/A
20073,2026-06-03 17:49:44,19.7125,12.00,1.426,16.968,A,#3,APPROACH,1.000A/A
20074,2026-06-03 17:49:46,19.5625,12.00,1.140,9.350,A,#3,APPROACH,2.000A/A
20075,2026-06-03 17:49:48,19.2750,12.00,1.140,9.350,A,#3,APPROACH,1.500A/A
20076,2026-06-03 17:49:50,19.2750,12.00,1.140,9.350,A,#3,APPROACH,1.500A/A
20077,2026-06-03 17:49:52,19.1375,12.00,1.140,9.350,A,#3,APPROACH,2.500A/A
20078,2026-06-03 17:49:54,18.9875,12.00,1.419,16.896,A,#3,APPROACH,1.000A/A
20079,2026-06-03 17:49:56,18.7625,12.00,1.419,16.896,A,#3,APPROACH,2.000A/A
20080,2026-06-03 17:49:58,18.7625,12.00,1.419,16.896,A,#3,APPROACH,1.500A/A
20081,2026-06-03 17:49:59,18.6375,12.00,1.419,16.896,A,#3,APPROACH,2.000A/A
20082,2026-06-03 17:50:01,18.4875,12.00,1.413,16.836,A,#3,APPROACH,1.000A/A
20083,2026-06-03 17:50:04,18.2375,12.00,1.413,16.836,A,#3,APPROACH,2.478A/A
20084,2026-06-03 17:50:05,18.2375,12.00,1.413,16.836,A,#3,APPROACH,2.500A/A
20085,2026-06-03 17:50:07,18.1375,12.00,1.413,16.836,A,#3,APPROACH,2.000A/A
20086,2026-06-03 17:50:09,18.0125,12.00,1.412,16.800,A,#3,HOLDING,2.000A/A
20087,2026-06-03 17:50:11,17.7875,12.00,1.412,16.800,OFF,#3,HOLDING,0.000A/OFF
20088,2026-06-03 17:50:12,17.7875,12.00,1.412,16.800,OFF,#3,HOLDING,0.000A/OFF
20089,2026-06-03 17:50:13,17.6750,12.00,1.412,16.800,OFF,#3,HOLDING,0.000A/OFF
20090,2026-06-03 17:50:14,17.6750,12.00,1.412,16.800,OFF,#3,HOLDING,0.000A/OFF
20091,2026-06-03 17:50:15,17.5500,12.00,0.000,16.800,OFF,#3,HOLDING,0.000A/OFF
20092,2026-06-03 17:50:16,17.5500,12.00,0.000,16.800,OFF,#3,HOLDING,0.000A/OFF
20093,2026-06-03 17:50:17,17.4625,12.00,0.000,0.000,OFF,#3,HOLDING,0.000A/OFF
20094,2026-06-03 17:50:18,17.4625,12.00,0.000,0.000,OFF,#3,HOLDING,0.000A/OFF
20095,2026-06-03 17:50:19,17.3625,12.00,0.000,0.000,OFF,#3,HOLDING,0.000A/OFF
20096,2026-06-03 17:50:20,17.3625,12.00,0.000,0.000,OFF,#3,HOLDING,0.000A/OFF
20097,2026-06-03 17:50:21,17.3125,12.00,0.000,0.000,OFF,#3,HOLDING,0.000A/OFF
20098,2026-06-03 17:50:22,17.3125,12.00,0.000,0.000,A,#3,HOLDING,0.114A/A
20099,2026-06-03 17:50:25,17.1875,12.00,0.000,0.000,A,#3,HOLDING,0.108A/A
20100,2026-06-03 17:50:26,17.1875,12.00,0.000,0.000,A,#3,HOLDING,0.119A/A
20101,2026-06-03 17:50:28,17.1875,1.82,0.000,0.000,A,#3,HOLDING,0.123A/A
20102,2026-06-03 17:50:30,17.1875,1.82,0.123,0.225,A,#3,HOLDING,0.135A/A
20103,2026-06-03 17:50:32,17.2000,1.82,0.123,0.225,A,#3,HOLDING,0.141A/A
20104,2026-06-03 17:50:34,17.2000,1.82,0.123,0.225,A,#3,HOLDING,0.144A/A
20105,2026-06-03 17:50:36,17.2500,1.89,0.123,0.225,A,#3,HOLDING,0.154A/A
20106,2026-06-03 17:50:38,17.2500,1.89,0.154,0.304,A,#3,HOLDING,0.159A/A
20107,2026-06-03 17:50:40,17.2750,1.89,0.154,0.304,A,#3,HOLDING,0.169A/A
20108,2026-06-03 17:50:42,17.3250,1.89,0.154,0.304,A,#3,HOLDING,0.177A/A
20109,2026-06-03 17:50:44,17.3750,2.07,0.154,0.304,A,#3,HOLDING,0.192A/A
20110,2026-06-03 17:50:45,17.4375,2.07,0.192,0.432,A,#3,HOLDING,0.208A/A
20111,2026-06-03 17:50:48,17.4375,2.07,0.192,0.432,A,#3,HOLDING,0.219A/A
20112,2026-06-03 17:50:49,17.5000,2.07,0.192,0.432,A,#3,HOLDING,0.234A/A
20113,2026-06-03 17:50:51,17.5500,2.52,0.192,0.432,A,#3,HOLDING,0.249A/A
20114,2026-06-03 17:50:53,17.6000,2.52,0.249,0.677,A,#3,HOLDING,0.273A/A
20115,2026-06-03 17:50:55,17.6500,2.52,0.249,0.677,A,#3,HOLDING,0.296A/A
20116,2026-06-03 17:50:57,17.6875,2.52,0.249,0.677,A,#3,HOLDING,0.314A/A
20117,2026-06-03 17:50:59,17.7375,3.15,0.249,0.677,A,#3,HOLDING,0.338A/A
20118,2026-06-03 17:51:01,17.7875,3.15,0.338,1.159,A,#3,HOLDING,0.364A/A
20119,2026-06-03 17:51:03,17.8125,3.15,0.338,1.159,A,#3,HOLDING,0.396A/A
20120,2026-06-03 17:51:05,17.8750,3.15,0.338,1.159,A,#3,HOLDING,0.423A/A
20121,2026-06-03 17:51:07,17.9250,4.04,0.338,1.159,A,#3,HOLDING,0.454A/A
20122,2026-06-03 17:51:08,17.9750,4.04,0.454,2.002,A,#3,HOLDING,0.489A/A
20123,2026-06-03 17:51:11,18.0000,4.04,0.454,2.002,A,#4,APPROACH,0.527A/A
20124,2026-06-03 17:51:12,18.0125,4.04,0.454,2.002,OFF,#4,HOLDING,0.000A/OFF
20125,2026-06-03 17:51:13,18.0625,4.04,0.454,2.002,OFF,#4,HOLDING,0.000A/OFF
20126,2026-06-03 17:51:14,18.0625,4.04,0.454,2.002,OFF,#4,HOLDING,0.000A/OFF
20127,2026-06-03 17:51:15,18.0750,12.00,0.454,2.002,OFF,#4,HOLDING,0.000A/OFF
20128,2026-06-03 17:51:16,18.0750,12.00,0.000,2.002,OFF,#4,HOLDING,0.000A/OFF
20129,2026-06-03 17:51:17,18.1250,12.00,0.000,2.002,OFF,#4,HOLDING,0.000A/OFF
20130,2026-06-03 17:51:19,18.1250,12.00,0.000,0.000,OFF,#4,HOLDING,0.000A/OFF
20131,2026-06-03 17:51:20,18.1375,12.00,0.000,0.000,OFF,#4,HOLDING,0.000A/OFF
20132,2026-06-03 17:51:21,18.1625,12.00,0.000,0.000,OFF,#4,HOLDING,0.000A/OFF
20133,2026-06-03 17:51:22,18.1625,12.00,0.000,0.000,OFF,#4,HOLDING,0.000A/OFF
20134,2026-06-03 17:51:23,18.2250,12.00,0.000,0.000,OFF,#4,HOLDING,0.000A/OFF
20135,2026-06-03 17:51:24,18.2250,12.00,0.000,0.000,OFF,#4,HOLDING,0.000A/OFF
20136,2026-06-03 17:51:25,18.2500,12.00,0.000,0.000,OFF,#4,HOLDING,0.000A/OFF
20137,2026-06-03 17:51:26,18.2500,12.00,0.000,0.000,OFF,#4,HOLDING,0.000A/OFF
20138,2026-06-03 17:51:27,18.3125,12.00,0.000,0.000,OFF,#4,HOLDING,0.000A/OFF
20139,2026-06-03 17:51:28,18.3125,12.00,0.000,0.000,OFF,#4,HOLDING,0.000A/OFF
20140,2026-06-03 17:51:29,18.3625,12.00,0.000,0.000,OFF,#4,HOLDING,0.000A/OFF
20141,2026-06-03 17:51:30,18.3625,12.00,0.000,0.000,OFF,#4,HOLDING,0.000A/OFF
20142,2026-06-03 17:51:31,18.4125,12.00,0.000,0.000,OFF,#4,HOLDING,0.000A/OFF
20143,2026-06-03 17:51:32,18.4125,12.00,0.000,0.000,OFF,#4,HOLDING,0.000A/OFF
20144,2026-06-03 17:51:33,18.4375,12.00,0.000,0.000,OFF,#4,HOLDING,0.000A/OFF
20145,2026-06-03 17:51:34,18.4375,12.00,0.000,0.000,OFF,#4,HOLDING,0.000A/OFF
20146,2026-06-03 17:51:35,18.5125,12.00,0.000,0.000,OFF,#4,HOLDING,0.000A/OFF
20147,2026-06-03 17:51:36,18.5125,12.00,0.000,0.000,OFF,#4,HOLDING,0.000A/OFF
20148,2026-06-03 17:51:37,18.5625,12.00,0.000,0.000,A,#4,HOLDING,0.115A/A
20149,2026-06-03 17:51:39,18.6375,12.00,0.000,0.000,A,#4,HOLDING,0.135A/A
20150,2026-06-03 17:51:40,18.6875,12.00,0.000,0.000,A,#4,HOLDING,0.162A/A
20151,2026-06-03 17:51:42,18.7500,1.61,0.000,0.000,A,#4,HOLDING,0.188A/A
20152,2026-06-03 17:51:44,18.8000,1.61,0.188,0.372,A,#4,HOLDING,0.216A/A
20153,2026-06-03 17:51:46,18.8500,1.61,0.188,0.372,A,#4,HOLDING,0.255A/A
20154,2026-06-03 17:51:48,18.9250,1.61,0.188,0.372,A,#4,HOLDING,0.287A/A
20155,2026-06-03 17:51:50,18.9375,2.76,0.188,0.372,A,#4,HOLDING,0.318A/A
20156,2026-06-03 17:51:52,18.9875,2.76,0.307,0.995,A,#4,HOLDING,0.356A/A
20157,2026-06-03 17:51:54,19.0375,2.76,0.307,0.995,A,#4,HOLDING,0.400A/A
20158,2026-06-03 17:51:56,19.0875,2.76,0.307,0.995,A,#4,HOLDING,0.440A/A
20159,2026-06-03 17:51:58,19.1250,4.19,0.307,0.995,A,#4,HOLDING,0.481A/A
20160,2026-06-03 17:51:59,19.1500,4.19,0.465,2.255,A,#4,HOLDING,0.522A/A
20161,2026-06-03 17:52:02,19.1875,4.19,0.465,2.255,A,#4,HOLDING,0.576A/A
20162,2026-06-03 17:52:03,19.1875,4.19,0.465,2.255,A,#4,HOLDING,0.610A/A
20163,2026-06-03 17:52:05,19.2375,5.71,0.465,2.255,A,#4,HOLDING,0.659A/A
20164,2026-06-03 17:52:07,19.2375,5.71,0.635,4.052,A,#4,HOLDING,0.702A/A
20165,2026-06-03 17:52:10,19.2500,5.71,0.635,4.052,A,#4,HOLDING,0.762A/A
20166,2026-06-03 17:52:11,19.2500,5.71,0.635,4.052,A,#4,HOLDING,0.797A/A
20167,2026-06-03 17:52:13,19.2500,7.06,0.635,4.052,A,#5,APPROACH,0.844A/A
20168,2026-06-03 17:52:15,19.2500,7.06,0.819,0.000,B,#5,APPROACH,0.646A/B
20169,2026-06-03 17:52:18,19.2375,7.06,0.819,0.000,B,#5,APPROACH,0.696A/B
20170,2026-06-03 17:52:20,19.1875,7.06,0.819,0.000,B,#5,APPROACH,0.759A/B
20171,2026-06-03 17:52:21,19.1875,7.06,0.819,0.000,B,#5,APPROACH,0.814A/B
20172,2026-06-03 17:52:23,19.1625,6.32,0.819,0.000,B,#5,APPROACH,0.883A/B
20173,2026-06-03 17:52:25,19.1625,6.32,0.847,6.189,B,#5,APPROACH,0.971A/B
20174,2026-06-03 17:52:27,19.1875,6.32,0.847,6.189,B,#5,APPROACH,1.107A/B
20175,2026-06-03 17:52:29,19.2250,6.32,0.847,6.189,B,#5,APPROACH,1.204A/B
20176,2026-06-03 17:52:31,19.3000,9.40,0.847,6.189,B,#5,APPROACH,1.325A/B
20177,2026-06-03 17:52:32,19.3875,9.40,1.262,13.846,B,#5,APPROACH,1.457A/B
20178,2026-06-03 17:52:35,19.4875,9.40,1.262,13.846,B,#5,APPROACH,1.647A/B
20179,2026-06-03 17:52:36,19.6000,9.40,1.262,13.846,B,#5,APPROACH,1.778A/B
20180,2026-06-03 17:52:38,19.7500,12.00,1.262,13.846,B,#5,APPROACH,1.000A/B
20181,2026-06-03 17:52:40,19.8625,12.00,1.269,8.500,B,#5,APPROACH,1.932A/B
20182,2026-06-03 17:52:42,20.0375,12.00,1.269,8.500,B,#5,APPROACH,2.000A/B
20183,2026-06-03 17:52:44,20.2250,12.00,1.269,8.500,B,#5,APPROACH,2.151A/B
20184,2026-06-03 17:52:46,20.3750,12.00,1.269,8.500,B,#5,APPROACH,2.345A/B
20185,2026-06-03 17:52:48,20.6125,12.00,1.484,17.604,B,#5,APPROACH,1.500A/B
20186,2026-06-03 17:52:50,20.8125,12.00,1.484,17.604,B,#5,APPROACH,2.500A/B
20187,2026-06-03 17:52:52,21.0250,12.00,1.484,17.604,B,#5,APPROACH,2.516A/B
20188,2026-06-03 17:52:54,21.2500,12.00,1.484,17.604,B,#5,APPROACH,1.500A/B
20189,2026-06-03 17:52:55,21.4875,12.00,1.439,17.100,B,#5,APPROACH,2.500A/B
20190,2026-06-03 17:52:58,21.7125,12.00,1.439,17.100,B,#5,APPROACH,2.000A/B
20191,2026-06-03 17:52:59,21.9625,12.00,1.439,17.100,B,#5,APPROACH,2.000A/B
20192,2026-06-03 17:53:01,22.2375,12.00,1.439,17.100,B,#5,APPROACH,2.680A/B
20193,2026-06-03 17:53:03,22.5000,12.00,1.399,16.584,B,#5,APPROACH,2.500A/B
20194,2026-06-03 17:53:06,22.7500,12.00,1.399,16.584,B,#5,APPROACH,1.000A/B
20195,2026-06-03 17:53:07,23.0250,12.00,1.399,16.584,B,#5,APPROACH,2.892A/B
20196,2026-06-03 17:53:09,23.3000,12.00,1.399,16.584,B,#5,APPROACH,2.500A/B
20197,2026-06-03 17:53:11,23.5625,12.00,1.374,16.308,B,#5,APPROACH,1.500A/B
20198,2026-06-03 17:53:13,23.8375,12.00,1.374,16.308,B,#5,APPROACH,3.000A/B
20199,2026-06-03 17:53:15,24.1250,12.00,1.374,16.308,B,#5,APPROACH,1.500A/B
20200,2026-06-03 17:53:17,24.4000,12.00,1.374,16.308,B,#5,APPROACH,3.000A/B
20201,2026-06-03 17:53:19,24.6750,12.00,1.361,16.176,B,#5,APPROACH,2.000A/B
20202,2026-06-03 17:53:21,24.9500,12.00,1.361,16.176,B,#5,APPROACH,1.500A/B
20203,2026-06-03 17:53:23,25.2125,12.00,1.361,16.176,B,#5,APPROACH,1.500A/B
20204,2026-06-03 17:53:24,25.4875,12.00,1.361,16.176,B,#5,APPROACH,1.000A/B
20205,2026-06-03 17:53:26,25.7750,12.00,1.149,9.660,B,#5,APPROACH,3.000A/B
20206,2026-06-03 17:53:29,26.0750,12.00,1.149,9.660,B,#5,APPROACH,3.000A/B
20207,2026-06-03 17:53:30,26.3375,12.00,1.149,9.660,B,#5,APPROACH,1.500A/B
20208,2026-06-03 17:53:32,26.5875,12.00,1.149,9.660,B,#5,APPROACH,2.000A/B
20209,2026-06-03 17:53:34,26.8375,12.00,1.334,15.816,B,#5,APPROACH,1.000A/B
20210,2026-06-03 17:53:36,27.0875,12.00,1.334,15.816,B,#5,APPROACH,2.000A/B
20211,2026-06-03 17:53:38,27.3625,12.00,1.334,15.816,B,#5,APPROACH,2.000A/B
20212,2026-06-03 17:53:40,27.5875,12.00,1.334,15.816,B,#5,APPROACH,1.000A/B
20213,2026-06-03 17:53:42,27.8500,12.00,1.164,9.810,B,#5,APPROACH,2.000A/B
20214,2026-06-03 17:53:44,28.1250,12.00,1.164,9.810,B,#5,APPROACH,2.000A/B
20215,2026-06-03 17:53:46,28.3500,12.00,1.164,9.810,B,#5,APPROACH,2.000A/B
20216,2026-06-03 17:53:47,28.6000,12.00,1.164,9.810,B,#5,APPROACH,2.887A/B
20217,2026-06-03 17:53:49,28.8375,12.00,1.313,15.588,B,#5,APPROACH,2.987A/B
20218,2026-06-03 17:53:52,29.0875,12.00,1.313,15.588,B,#5,APPROACH,2.500A/B
20219,2026-06-03 17:53:53,29.3375,12.00,1.313,15.588,B,#5,APPROACH,2.500A/B
20220,2026-06-03 17:53:55,29.5875,12.00,1.313,15.588,B,#5,APPROACH,1.000A/B
20221,2026-06-03 17:53:57,29.8125,12.00,1.163,9.910,B,#5,APPROACH,3.000A/B
20222,2026-06-03 17:53:59,30.0625,12.00,1.163,9.910,B,#5,APPROACH,1.500A/B
20223,2026-06-03 17:54:01,30.2500,12.00,1.163,9.910,B,#5,APPROACH,2.500A/B
20224,2026-06-03 17:54:03,30.4750,12.00,1.163,9.910,B,#5,APPROACH,2.500A/B
20225,2026-06-03 17:54:05,30.6500,12.00,1.298,15.444,B,#5,APPROACH,2.500A/B
20226,2026-06-03 17:54:07,30.8750,12.00,1.298,15.444,B,#5,APPROACH,2.000A/B
20227,2026-06-03 17:54:09,31.0500,12.00,1.298,15.444,B,#5,HOLDING,1.500A/B
20228,2026-06-03 17:54:11,31.2500,12.00,1.298,15.444,OFF,#5,HOLDING,0.000A/OFF
20229,2026-06-03 17:54:12,31.2500,12.00,1.298,15.444,OFF,#5,HOLDING,0.000A/OFF
20230,2026-06-03 17:54:13,31.4375,12.00,1.292,15.444,OFF,#5,HOLDING,0.000A/OFF
20231,2026-06-03 17:54:14,31.4375,12.00,1.292,15.372,OFF,#5,HOLDING,0.000A/OFF
20232,2026-06-03 17:54:15,31.6375,12.00,1.292,15.372,OFF,#5,HOLDING,0.000A/OFF
20233,2026-06-03 17:54:16,31.6375,12.00,1.292,15.372,OFF,#5,HOLDING,0.000A/OFF
20234,2026-06-03 17:54:17,31.8000,12.00,1.292,15.372,OFF,#5,HOLDING,0.000A/OFF
20235,2026-06-03 17:54:18,32.0000,12.00,1.292,15.372,OFF,#5,HOLDING,0.000A/OFF
20236,2026-06-03 17:54:19,32.0000,12.00,0.000,15.372,OFF,#5,HOLDING,0.000A/OFF
20237,2026-06-03 17:54:20,32.1750,12.00,0.000,0.000,OFF,#5,HOLDING,0.000A/OFF
20238,2026-06-03 17:54:21,32.1750,12.00,0.000,0.000,OFF,#5,HOLDING,0.000A/OFF
20239,2026-06-03 17:54:22,32.3250,12.00,0.000,0.000,OFF,#5,HOLDING,0.000A/OFF
20240,2026-06-03 17:54:23,32.3250,12.00,0.000,0.000,OFF,#5,HOLDING,0.000A/OFF
20241,2026-06-03 17:54:24,32.4500,12.00,0.000,0.000,OFF,#5,HOLDING,0.000A/OFF
20242,2026-06-03 17:54:25,32.4500,12.00,0.000,0.000,OFF,#5,HOLDING,0.000A/OFF
20243,2026-06-03 17:54:26,32.5500,12.00,0.000,0.000,OFF,#5,HOLDING,0.000A/OFF
20244,2026-06-03 17:54:27,32.5500,12.00,0.000,0.000,OFF,#5,HOLDING,0.000A/OFF
20245,2026-06-03 17:54:28,32.6000,12.00,0.000,0.000,OFF,#5,HOLDING,0.000A/OFF
20246,2026-06-03 17:54:29,32.6000,12.00,0.000,0.000,OFF,#5,HOLDING,0.000A/OFF
20247,2026-06-03 17:54:30,32.6750,12.00,0.000,0.000,OFF,#5,HOLDING,0.000A/OFF
20248,2026-06-03 17:54:31,32.6750,12.00,0.000,0.000,OFF,#5,HOLDING,0.000A/OFF
20249,2026-06-03 17:54:32,32.7000,12.00,0.000,0.000,A,#5,HOLDING,0.106A/A
20250,2026-06-03 17:54:34,32.7500,12.00,0.000,0.000,A,#5,HOLDING,0.137A/A
20251,2026-06-03 17:54:36,32.7625,12.00,0.000,0.000,A,#5,HOLDING,0.166A/A
20252,2026-06-03 17:54:38,32.7625,0.66,0.000,0.000,A,#5,HOLDING,0.194A/A
20253,2026-06-03 17:54:40,32.7625,0.66,0.194,0.201,A,#5,HOLDING,0.222A/A
20254,2026-06-03 17:54:42,32.7625,0.66,0.194,0.201,A,#5,HOLDING,0.262A/A
20255,2026-06-03 17:54:44,32.7375,0.66,0.194,0.201,A,#5,HOLDING,0.286A/A
20256,2026-06-03 17:54:45,32.6875,1.91,0.194,0.201,A,#5,HOLDING,0.310A/A
20257,2026-06-03 17:54:47,32.6250,1.91,0.310,0.700,A,#5,HOLDING,0.331A/A
20258,2026-06-03 17:54:50,32.5750,1.91,0.310,0.700,A,#5,HOLDING,0.362A/A
20259,2026-06-03 17:54:51,32.5000,1.91,0.310,0.700,A,#5,HOLDING,0.378A/A
20260,2026-06-03 17:54:53,32.4250,2.85,0.310,0.700,A,#5,HOLDING,0.397A/A
20261,2026-06-03 17:54:55,32.3250,2.85,0.397,1.258,A,#5,HOLDING,0.407A/A
20262,2026-06-03 17:54:57,32.2000,2.85,0.397,1.258,A,#5,HOLDING,0.420A/A
20263,2026-06-03 17:54:59,32.0750,2.85,0.397,1.258,A,#5,HOLDING,0.420A/A
20264,2026-06-03 17:55:01,31.9250,3.41,0.397,1.258,A,#5,HOLDING,0.417A/A
20265,2026-06-03 17:55:03,31.8000,3.41,0.417,1.501,A,#5,HOLDING,0.410A/A
20266,2026-06-03 17:55:05,31.6500,3.41,0.417,1.501,A,#5,HOLDING,0.400A/A
20267,2026-06-03 17:55:07,31.5500,3.41,0.417,1.501,A,#5,HOLDING,0.391A/A
20268,2026-06-03 17:55:08,31.4000,3.45,0.417,1.501,A,#5,HOLDING,0.370A/A
20269,2026-06-03 17:55:10,31.2375,3.45,0.370,1.269,OFF,--,DONE,0.341A/A
20270,2026-06-03 17:55:13,31.0875,3.45,0.370,1.269,OFF,--,DONE,--
20271,2026-06-03 17:55:14,30.9250,2.03,0.000,1.269,OFF,--,DONE,--
20272,2026-06-03 17:55:15,30.9250,2.03,0.000,1.269,OFF,--,DONE,--
20273,2026-06-03 17:55:16,30.7500,2.03,0.000,0.000,OFF,--,DONE,--
20274,2026-06-03 17:55:17,30.7500,0.00,0.000,0.000,OFF,--,DONE,--
20275,2026-06-03 17:55:18,30.5750,0.00,0.000,0.000,OFF,--,DONE,--
20276,2026-06-03 17:55:19,30.4250,0.00,0.000,0.000,OFF,--,DONE,--
20277,2026-06-03 17:55:20,30.4250,0.00,0.000,0.000,OFF,--,DONE,--
20278,2026-06-03 17:55:21,30.2625,0.00,0.000,0.000,OFF,--,DONE,--
20279,2026-06-03 17:55:22,30.2625,0.00,0.000,0.000,OFF,--,DONE,--
20280,2026-06-03 17:55:23,30.1125,0.00,0.000,0.000,OFF,--,DONE,--
20281,2026-06-03 17:55:24,30.1125,0.00,0.000,0.000,OFF,--,DONE,--
20282,2026-06-03 17:55:25,29.9500,0.00,0.000,0.000,OFF,--,DONE,--
20283,2026-06-03 17:55:26,29.9500,0.00,0.000,0.000,OFF,--,DONE,--
20284,2026-06-03 17:55:27,29.8000,0.00,0.000,0.000,OFF,--,DONE,--
20285,2026-06-03 17:55:28,29.8000,0.00,0.000,0.000,OFF,--,DONE,--
20286,2026-06-03 17:55:29,29.6750,0.00,0.000,0.000,OFF,--,DONE,--
20287,2026-06-03 17:55:30,29.6750,0.00,0.000,0.000,OFF,--,DONE,--
20288,2026-06-03 17:55:31,29.5000,0.00,0.000,0.000,OFF,--,DONE,--
20289,2026-06-03 17:55:32,29.5000,0.00,0.000,0.000,OFF,--,DONE,--
20290,2026-06-03 17:55:33,29.3500,0.00,0.000,0.000,OFF,--,DONE,--
20291,2026-06-03 17:55:34,29.3500,0.00,0.000,0.000,OFF,--,DONE,--
20292,2026-06-03 17:55:35,29.2000,0.00,0.000,0.000,OFF,--,DONE,--
20293,2026-06-03 17:55:36,29.2000,0.00,0.000,0.000,OFF,--,DONE,--
20294,2026-06-03 17:55:37,29.0750,0.00,0.000,0.000,OFF,--,DONE,--
20295,2026-06-03 17:55:38,28.9250,0.00,0.000,0.000,OFF,--,DONE,--
20296,2026-06-03 17:55:39,28.9250,0.00,0.000,0.000,OFF,--,DONE,--
20297,2026-06-03 17:55:40,28.8000,0.00,0.000,0.000,OFF,--,DONE,--
20298,2026-06-03 17:55:41,28.8000,0.00,0.000,0.000,OFF,--,DONE,--
20299,2026-06-03 17:55:42,28.6750,0.00,0.000,0.000,OFF,--,DONE,--
20300,2026-06-03 17:55:43,28.6750,0.00,0.000,0.000,OFF,--,DONE,--
20301,2026-06-03 17:55:44,28.5500,0.00,0.000,0.000,OFF,--,DONE,--
20302,2026-06-03 17:55:45,28.5500,0.00,0.000,0.000,OFF,--,DONE,--
20303,2026-06-03 17:55:46,28.4000,0.00,0.000,0.000,OFF,--,DONE,--
20304,2026-06-03 17:55:47,28.4000,0.00,0.000,0.000,OFF,--,DONE,--
20305,2026-06-03 17:55:48,28.3000,0.00,0.000,0.000,OFF,--,DONE,--
20306,2026-06-03 17:55:49,28.3000,0.00,0.000,0.000,OFF,--,DONE,--
20307,2026-06-03 17:55:50,28.1750,0.00,0.000,0.000,OFF,--,DONE,--
20308,2026-06-03 17:55:51,28.1750,0.00,0.000,0.000,OFF,--,DONE,--
20309,2026-06-03 17:55:52,28.0750,0.00,0.000,0.000,OFF,--,DONE,--
20310,2026-06-03 17:55:53,28.0750,0.00,0.000,0.000,OFF,--,DONE,--
20311,2026-06-03 17:55:54,27.9500,0.00,0.000,0.000,OFF,--,DONE,--
20312,2026-06-03 17:55:55,27.9500,0.00,0.000,0.000,OFF,--,DONE,--
20313,2026-06-03 17:55:56,27.8625,0.00,0.000,0.000,OFF,--,DONE,--
20314,2026-06-03 17:55:57,27.7375,0.00,0.000,0.000,OFF,--,DONE,--
20315,2026-06-03 17:55:58,27.7375,0.00,0.000,0.000,OFF,--,DONE,--
20316,2026-06-03 17:55:59,27.6500,0.00,0.000,0.000,OFF,--,DONE,--
20317,2026-06-03 17:56:01,27.6500,0.00,0.000,0.000,OFF,--,DONE,--
20318,2026-06-03 17:56:02,27.5250,0.00,0.000,0.000,OFF,--,DONE,--
20319,2026-06-03 17:56:03,27.5250,0.00,0.000,0.000,OFF,--,DONE,--
20320,2026-06-03 17:56:04,27.4375,0.00,0.000,0.000,OFF,--,DONE,--
20321,2026-06-03 17:56:05,27.4375,0.00,0.000,0.000,OFF,--,DONE,--
20322,2026-06-03 17:56:06,27.3375,0.00,0.000,0.000,OFF,--,DONE,--
20323,2026-06-03 17:56:07,27.3375,0.00,0.000,0.000,OFF,--,DONE,--
20324,2026-06-03 17:56:08,27.2125,0.00,0.000,0.000,OFF,--,DONE,--
20325,2026-06-03 17:56:09,27.2125,0.00,0.000,0.000,OFF,--,DONE,--
20326,2026-06-03 17:56:10,27.1125,0.00,0.000,0.000,OFF,--,DONE,--
20327,2026-06-03 17:56:11,27.1125,0.00,0.000,0.000,B,#1,APPROACH,1.583A/B
20328,2026-06-03 17:56:13,27.0125,0.00,0.000,0.000,B,#1,APPROACH,1.433A/B
20329,2026-06-03 17:56:14,26.8875,0.00,0.000,0.000,B,#1,APPROACH,1.337A/B
20330,2026-06-03 17:56:16,26.8000,0.00,0.000,0.000,B,#1,APPROACH,1.000A/B
20331,2026-06-03 17:56:18,26.7250,10.13,1.000,0.000,B,#1,APPROACH,1.126A/B
20332,2026-06-03 17:56:20,26.6250,10.13,1.000,10.764,B,#1,APPROACH,1.400A/B
20333,2026-06-03 17:56:21,26.5750,10.13,1.000,10.764,B,#1,APPROACH,1.000A/B
20334,2026-06-03 17:56:23,26.5625,10.13,1.000,10.764,B,#1,APPROACH,1.256A/B
20335,2026-06-03 17:56:25,26.5625,10.56,1.000,10.764,B,#1,APPROACH,1.545A/B
20336,2026-06-03 17:56:27,26.5625,10.56,1.365,17.436,B,#1,APPROACH,1.902A/B
20337,2026-06-03 17:56:29,26.5875,10.56,1.365,17.436,B,#1,APPROACH,2.399A/B
20338,2026-06-03 17:56:31,26.6375,10.56,1.365,17.436,B,#1,APPROACH,1.500A/B
20339,2026-06-03 17:56:33,26.7125,12.00,1.365,17.436,B,#1,APPROACH,2.000A/B
20340,2026-06-03 17:56:34,26.8000,12.00,1.427,16.956,B,#1,APPROACH,1.980A/B
20341,2026-06-03 17:56:37,26.9000,12.00,1.427,16.956,B,#1,APPROACH,1.500A/B
20342,2026-06-03 17:56:38,27.0125,12.00,1.427,16.956,B,#1,APPROACH,2.307A/B
20343,2026-06-03 17:56:40,27.1375,12.00,1.427,16.956,B,#1,APPROACH,2.266A/B
20344,2026-06-03 17:56:42,27.2375,12.00,1.392,16.524,B,#1,APPROACH,2.169A/B
20345,2026-06-03 17:56:44,27.3875,12.00,1.392,16.524,B,#1,APPROACH,2.000A/B
20346,2026-06-03 17:56:46,27.5500,12.00,1.392,16.524,B,#1,APPROACH,1.000A/B
20347,2026-06-03 17:56:48,27.7000,9.42,1.392,16.524,B,#1,APPROACH,2.000A/B
20348,2026-06-03 17:56:50,27.8625,9.42,1.237,16.236,B,#1,APPROACH,2.268A/B
20349,2026-06-03 17:56:52,28.0125,9.42,1.237,16.236,B,#1,APPROACH,2.326A/B
20350,2026-06-03 17:56:54,28.1750,9.42,1.237,16.236,B,#1,APPROACH,2.416A/B
20351,2026-06-03 17:56:56,28.3500,12.00,1.237,16.236,B,#1,APPROACH,1.000A/B
20352,2026-06-03 17:56:57,28.5250,12.00,1.173,9.660,B,#1,APPROACH,2.000A/B
20353,2026-06-03 17:57:00,28.7000,12.00,1.173,9.660,B,#1,APPROACH,2.464A/B
20354,2026-06-03 17:57:01,28.8625,12.00,1.173,9.660,B,#1,APPROACH,1.000A/B
20355,2026-06-03 17:57:03,29.0625,9.52,1.173,9.660,B,#1,APPROACH,1.500A/B
20356,2026-06-03 17:57:05,29.2375,9.52,1.335,15.888,B,#1,APPROACH,2.000A/B
20357,2026-06-03 17:57:07,29.4125,9.52,1.335,15.888,B,#1,APPROACH,1.500A/B
20358,2026-06-03 17:57:09,29.6125,9.52,1.335,15.888,B,#1,HOLDING,2.289A/B
20359,2026-06-03 17:57:11,29.7875,9.52,1.335,15.888,OFF,#1,HOLDING,0.000A/OFF
20360,2026-06-03 17:57:12,29.7875,12.00,1.335,15.888,OFF,#1,HOLDING,0.000A/OFF
20361,2026-06-03 17:57:13,29.9500,12.00,1.324,15.888,OFF,#1,HOLDING,0.000A/OFF
20362,2026-06-03 17:57:14,29.9500,12.00,1.324,15.732,OFF,#1,HOLDING,0.000A/OFF
20363,2026-06-03 17:57:15,30.1250,12.00,1.324,15.732,OFF,#1,HOLDING,0.000A/OFF
20364,2026-06-03 17:57:16,30.1250,12.00,1.324,15.732,OFF,#1,HOLDING,0.000A/OFF
20365,2026-06-03 17:57:17,30.3125,12.00,1.324,15.732,OFF,#1,HOLDING,0.000A/OFF
20366,2026-06-03 17:57:18,30.5125,12.00,1.324,15.732,OFF,#1,HOLDING,0.000A/OFF
20367,2026-06-03 17:57:19,30.5125,12.00,0.000,15.732,OFF,#1,HOLDING,0.000A/OFF
20368,2026-06-03 17:57:20,30.6750,12.00,0.000,0.000,OFF,#1,HOLDING,0.000A/OFF
20369,2026-06-03 17:57:21,30.6750,12.00,0.000,0.000,OFF,#1,HOLDING,0.000A/OFF
20370,2026-06-03 17:57:22,30.8000,12.00,0.000,0.000,OFF,#1,HOLDING,0.000A/OFF
20371,2026-06-03 17:57:23,30.8000,12.00,0.000,0.000,OFF,#1,HOLDING,0.000A/OFF
20372,2026-06-03 17:57:24,30.9125,12.00,0.000,0.000,OFF,#1,HOLDING,0.000A/OFF
20373,2026-06-03 17:57:25,30.9125,12.00,0.000,0.000,OFF,#1,HOLDING,0.000A/OFF
20374,2026-06-03 17:57:26,30.9875,12.00,0.000,0.000,OFF,#1,HOLDING,0.000A/OFF
20375,2026-06-03 17:57:27,30.9875,12.00,0.000,0.000,OFF,#1,HOLDING,0.000A/OFF
20376,2026-06-03 17:57:28,31.0750,12.00,0.000,0.000,OFF,#1,HOLDING,0.000A/OFF
20377,2026-06-03 17:57:29,31.0750,12.00,0.000,0.000,OFF,#1,HOLDING,0.000A/OFF
20378,2026-06-03 17:57:30,31.1500,12.00,0.000,0.000,OFF,#1,HOLDING,0.000A/OFF
20379,2026-06-03 17:57:31,31.1500,12.00,0.000,0.000,OFF,#1,HOLDING,0.000A/OFF
20380,2026-06-03 17:57:32,31.1875,12.00,0.000,0.000,OFF,#1,HOLDING,0.000A/OFF
20381,2026-06-03 17:57:33,31.1875,12.00,0.000,0.000,OFF,#1,HOLDING,0.000A/OFF
20382,2026-06-03 17:57:34,31.2375,12.00,0.000,0.000,OFF,#1,HOLDING,0.000A/OFF
20383,2026-06-03 17:57:35,31.2375,12.00,0.000,0.000,OFF,#1,HOLDING,0.000A/OFF
20384,2026-06-03 17:57:36,31.2500,12.00,0.000,0.000,OFF,#1,HOLDING,0.000A/OFF
20385,2026-06-03 17:57:37,31.2500,12.00,0.000,0.000,OFF,#1,HOLDING,0.000A/OFF
20386,2026-06-03 17:57:38,31.2500,12.00,0.000,0.000,OFF,#1,HOLDING,0.000A/OFF
20387,2026-06-03 17:57:39,31.2500,12.00,0.000,0.000,OFF,#1,HOLDING,0.000A/OFF
20388,2026-06-03 17:57:40,31.2500,12.00,0.000,0.000,OFF,#1,HOLDING,0.000A/OFF
20389,2026-06-03 17:57:41,31.2250,12.00,0.000,0.000,A,#1,HOLDING,0.105A/A
20390,2026-06-03 17:57:43,31.2250,12.00,0.000,0.000,A,#1,HOLDING,0.124A/A
20391,2026-06-03 17:57:44,31.1875,0.70,0.000,0.000,A,#1,HOLDING,0.139A/A
20392,2026-06-03 17:57:46,31.1375,0.70,0.139,0.136,A,#1,HOLDING,0.159A/A
20393,2026-06-03 17:57:49,31.0875,0.70,0.139,0.136,A,#1,HOLDING,0.178A/A
20394,2026-06-03 17:57:50,31.0125,0.70,0.139,0.136,A,#1,HOLDING,0.186A/A
20395,2026-06-03 17:57:52,30.9625,1.45,0.139,0.136,A,#1,HOLDING,0.199A/A
20396,2026-06-03 17:57:54,30.9125,1.45,0.199,0.336,A,#1,HOLDING,0.209A/A
20397,2026-06-03 17:57:56,30.8375,1.45,0.199,0.336,A,#1,HOLDING,0.223A/A
20398,2026-06-03 17:57:58,30.7625,1.45,0.199,0.336,A,#1,HOLDING,0.225A/A
20399,2026-06-03 17:58:00,30.6750,1.93,0.199,0.336,A,#1,HOLDING,0.224A/A
20400,2026-06-03 17:58:02,30.5750,1.93,0.224,0.452,A,#1,HOLDING,0.220A/A
20401,2026-06-03 17:58:04,30.4875,1.93,0.224,0.452,A,#1,HOLDING,0.216A/A
20402,2026-06-03 17:58:06,30.3625,1.93,0.224,0.452,A,#1,HOLDING,0.203A/A
20403,2026-06-03 17:58:07,30.2750,1.87,0.224,0.452,A,#1,HOLDING,0.192A/A
20404,2026-06-03 17:58:09,30.1750,1.87,0.192,0.353,A,#2,APPROACH,0.173A/A
20405,2026-06-03 17:58:12,30.0625,1.87,0.192,0.353,A,#2,APPROACH,0.540A/A
20406,2026-06-03 17:58:14,29.8250,1.87,0.192,0.353,A,#2,APPROACH,0.540A/A
20407,2026-06-03 17:58:16,29.6750,1.87,0.192,0.353,A,#2,APPROACH,0.568A/A
20408,2026-06-03 17:58:18,29.5750,8.58,0.568,0.353,A,#2,APPROACH,0.608A/A
20409,2026-06-03 17:58:20,29.4250,8.58,0.568,3.185,A,#2,APPROACH,0.654A/A
20410,2026-06-03 17:58:21,29.2750,8.58,0.568,3.185,A,#2,APPROACH,0.695A/A
20411,2026-06-03 17:58:23,29.2750,8.58,0.568,3.185,A,#2,APPROACH,0.758A/A
20412,2026-06-03 17:58:25,29.1250,6.45,0.568,3.185,A,#2,APPROACH,0.828A/A
20413,2026-06-03 17:58:27,28.9500,6.45,0.828,5.936,A,#2,APPROACH,0.903A/A
20414,2026-06-03 17:58:29,28.6125,6.45,0.828,5.936,A,#2,APPROACH,0.990A/A
20415,2026-06-03 17:58:31,28.6125,6.45,0.828,5.936,A,#2,APPROACH,1.000A/A
20416,2026-06-03 17:58:33,28.4375,8.33,0.828,5.936,A,#2,APPROACH,1.000A/A
20417,2026-06-03 17:58:34,28.2875,8.33,1.000,8.600,A,#2,APPROACH,1.073A/A
20418,2026-06-03 17:58:37,27.8875,8.33,1.000,8.600,A,#2,APPROACH,1.192A/A
20419,2026-06-03 17:58:38,27.8875,8.33,1.000,8.600,A,#2,APPROACH,1.314A/A
20420,2026-06-03 17:58:40,27.7375,10.62,1.000,8.600,A,#2,APPROACH,1.447A/A
20421,2026-06-03 17:58:42,27.5125,10.62,1.447,17.002,A,#2,APPROACH,1.585A/A
20422,2026-06-03 17:58:44,27.1250,10.62,1.447,17.002,A,#2,APPROACH,1.500A/A
20423,2026-06-03 17:58:46,27.1250,10.62,1.447,17.002,A,#2,APPROACH,1.500A/A
20424,2026-06-03 17:58:48,26.8750,11.98,1.447,17.002,A,#2,APPROACH,1.737A/A
20425,2026-06-03 17:58:50,26.7000,11.98,1.486,17.616,A,#2,APPROACH,1.000A/A
20426,2026-06-03 17:58:52,26.2375,11.98,1.486,17.616,A,#2,APPROACH,1.868A/A
20427,2026-06-03 17:58:54,26.2375,11.98,1.486,17.616,A,#2,APPROACH,2.000A/A
20428,2026-06-03 17:58:56,26.0125,12.00,1.486,17.616,A,#2,APPROACH,2.000A/A
20429,2026-06-03 17:58:57,25.7625,12.00,1.465,17.388,A,#2,APPROACH,2.016A/A
20430,2026-06-03 17:59:00,25.2875,12.00,1.465,17.388,A,#2,APPROACH,1.500A/A
20431,2026-06-03 17:59:01,25.2875,12.00,1.465,17.388,A,#2,APPROACH,2.234A/A
20432,2026-06-03 17:59:03,25.0375,12.00,1.465,17.388,A,#2,APPROACH,2.421A/A
20433,2026-06-03 17:59:05,24.8250,12.00,1.444,17.136,A,#2,APPROACH,1.500A/A
20434,2026-06-03 17:59:07,24.3250,12.00,1.444,17.136,A,#2,APPROACH,2.000A/A
20435,2026-06-03 17:59:09,24.3250,12.00,1.444,17.136,A,#2,APPROACH,2.581A/A
20436,2026-06-03 17:59:11,24.1000,12.00,1.444,17.136,A,#2,APPROACH,1.000A/A
20437,2026-06-03 17:59:13,23.8875,12.00,1.215,9.290,A,#2,APPROACH,2.000A/A
20438,2026-06-03 17:59:15,23.3875,12.00,1.215,9.290,A,#2,APPROACH,1.500A/A
20439,2026-06-03 17:59:17,23.3875,12.00,1.215,9.290,A,#2,APPROACH,2.500A/A
20440,2026-06-03 17:59:19,23.1875,12.00,1.215,9.290,A,#2,APPROACH,2.693A/A
20441,2026-06-03 17:59:20,22.9750,12.00,1.424,16.944,A,#2,APPROACH,1.000A/A
20442,2026-06-03 17:59:23,22.5375,12.00,1.424,16.944,A,#2,APPROACH,2.000A/A
20443,2026-06-03 17:59:24,22.5375,12.00,1.424,16.944,A,#2,APPROACH,2.744A/A
20444,2026-06-03 17:59:26,22.3125,12.00,1.424,16.944,A,#2,APPROACH,2.832A/A
20445,2026-06-03 17:59:28,22.1000,12.00,1.419,16.908,A,#2,APPROACH,1.500A/A
20446,2026-06-03 17:59:31,21.7000,12.00,1.419,16.908,A,#2,APPROACH,2.877A/A
20447,2026-06-03 17:59:32,21.7000,12.00,1.419,16.908,A,#2,APPROACH,2.500A/A
20448,2026-06-03 17:59:34,21.5000,12.00,1.419,16.908,A,#2,APPROACH,2.000A/A
20449,2026-06-03 17:59:36,21.3250,12.00,1.413,16.848,A,#2,APPROACH,2.966A/A
20450,2026-06-03 17:59:38,21.1250,12.00,1.413,16.848,A,#2,APPROACH,3.000A/A
20451,2026-06-03 17:59:40,20.9375,12.00,1.413,16.848,A,#2,APPROACH,2.500A/A
20452,2026-06-03 17:59:42,20.7375,12.00,1.413,16.848,A,#2,APPROACH,1.500A/A
20453,2026-06-03 17:59:43,20.5375,12.00,1.409,16.788,A,#2,HOLDING,1.000A/A
20454,2026-06-03 17:59:46,20.3625,12.00,1.409,16.788,OFF,#2,HOLDING,0.000A/OFF
20455,2026-06-03 17:59:47,20.2000,12.00,1.409,16.788,OFF,#2,HOLDING,0.000A/OFF
20456,2026-06-03 17:59:48,20.0250,12.00,1.409,16.788,OFF,#2,HOLDING,0.000A/OFF
20457,2026-06-03 17:59:49,20.0250,12.00,1.409,16.788,OFF,#2,HOLDING,0.000A/OFF
20458,2026-06-03 17:59:50,19.8250,12.00,0.000,16.788,OFF,#2,HOLDING,0.000A/OFF
20459,2026-06-03 17:59:51,19.8250,12.00,0.000,16.788,OFF,#2,HOLDING,0.000A/OFF
20460,2026-06-03 17:59:52,19.6750,12.00,0.000,0.000,OFF,#2,HOLDING,0.000A/OFF
20461,2026-06-03 17:59:53,19.6750,12.00,0.000,0.000,OFF,#2,HOLDING,0.000A/OFF
20462,2026-06-03 17:59:54,19.5750,12.00,0.000,0.000,OFF,#2,HOLDING,0.000A/OFF
20463,2026-06-03 17:59:55,19.5750,12.00,0.000,0.000,OFF,#2,HOLDING,0.000A/OFF
20464,2026-06-03 17:59:56,19.4250,12.00,0.000,0.000,OFF,#2,HOLDING,0.000A/OFF
20465,2026-06-03 17:59:57,19.4250,12.00,0.000,0.000,OFF,#2,HOLDING,0.000A/OFF
20466,2026-06-03 17:59:58,19.3250,12.00,0.000,0.000,OFF,#2,HOLDING,0.000A/OFF
20467,2026-06-03 17:59:59,19.3250,12.00,0.000,0.000,OFF,#2,HOLDING,0.000A/OFF
20468,2026-06-03 18:00:00,19.2500,12.00,0.000,0.000,OFF,#2,HOLDING,0.000A/OFF
20469,2026-06-03 18:00:01,19.2500,12.00,0.000,0.000,OFF,#2,HOLDING,0.000A/OFF
20470,2026-06-03 18:00:02,19.1875,12.00,0.000,0.000,OFF,#2,HOLDING,0.000A/OFF
20471,2026-06-03 18:00:03,19.1875,12.00,0.000,0.000,OFF,#2,HOLDING,0.000A/OFF
20472,2026-06-03 18:00:04,19.1375,12.00,0.000,0.000,OFF,#2,HOLDING,0.000A/OFF
20473,2026-06-03 18:00:05,19.1375,12.00,0.000,0.000,OFF,#2,HOLDING,0.000A/OFF
20474,2026-06-03 18:00:06,19.1125,12.00,0.000,0.000,OFF,#2,HOLDING,0.000A/OFF
20475,2026-06-03 18:00:07,19.0625,12.00,0.000,0.000,OFF,#2,HOLDING,0.000A/OFF
20476,2026-06-03 18:00:08,19.0625,12.00,0.000,0.000,OFF,#2,HOLDING,0.000A/OFF
20477,2026-06-03 18:00:09,19.0625,12.00,0.000,0.000,OFF,#2,HOLDING,0.000A/OFF
20478,2026-06-03 18:00:10,19.0625,12.00,0.000,0.000,OFF,#2,HOLDING,0.000A/OFF
20479,2026-06-03 18:00:11,19.0625,12.00,0.000,0.000,OFF,#2,HOLDING,0.000A/OFF
20480,2026-06-03 18:00:12,19.0625,12.00,0.000,0.000,OFF,#2,HOLDING,0.000A/OFF
20481,2026-06-03 18:00:13,19.0625,12.00,0.000,0.000,OFF,#2,HOLDING,0.000A/OFF
20482,2026-06-03 18:00:14,19.0625,12.00,0.000,0.000,OFF,#2,HOLDING,0.000A/OFF
20483,2026-06-03 18:00:15,19.1125,12.00,0.000,0.000,OFF,#2,HOLDING,0.000A/OFF
20484,2026-06-03 18:00:16,19.1125,12.00,0.000,0.000,B,#2,HOLDING,0.105A/B
20485,2026-06-03 18:00:18,19.0875,12.00,0.000,0.000,B,#2,HOLDING,0.126A/B
20486,2026-06-03 18:00:19,19.1125,12.00,0.000,0.000,B,#2,HOLDING,0.151A/B
20487,2026-06-03 18:00:21,19.1625,12.00,0.000,0.000,B,#2,HOLDING,0.163A/B
20488,2026-06-03 18:00:23,19.1625,1.13,0.000,0.000,B,#2,HOLDING,0.177A/B
20489,2026-06-03 18:00:25,19.2250,1.13,0.177,0.233,B,#2,HOLDING,0.185A/B
20490,2026-06-03 18:00:27,19.2750,1.13,0.177,0.233,B,#2,HOLDING,0.207A/B
20491,2026-06-03 18:00:29,19.3125,1.13,0.177,0.233,B,#2,HOLDING,0.218A/B
20492,2026-06-03 18:00:30,19.3625,1.73,0.177,0.233,B,#2,HOLDING,0.233A/B
20493,2026-06-03 18:00:32,19.4375,1.73,0.233,0.447,B,#2,HOLDING,0.217A/B
20494,2026-06-03 18:00:35,19.4625,1.73,0.233,0.447,B,#2,HOLDING,0.224A/B
20495,2026-06-03 18:00:36,19.5375,1.73,0.233,0.447,B,#2,HOLDING,0.216A/B
20496,2026-06-03 18:00:38,19.6125,1.84,0.233,0.447,B,#2,HOLDING,0.214A/B
20497,2026-06-03 18:00:40,19.6625,1.84,0.214,0.400,B,#2,HOLDING,0.208A/B
20498,2026-06-03 18:00:42,19.7125,1.84,0.214,0.400,B,#2,HOLDING,0.207A/B
20499,2026-06-03 18:00:44,19.8125,1.84,0.214,0.400,B,#3,APPROACH,0.196A/B
20500,2026-06-03 18:00:46,19.8875,0.37,0.214,0.400,B,#3,APPROACH,0.133A/B
20501,2026-06-03 18:00:48,19.9750,0.37,0.000,0.400,B,#3,APPROACH,0.146A/B
20502,2026-06-03 18:00:50,20.0250,0.37,0.000,0.000,B,#3,APPROACH,0.186A/B
20503,2026-06-03 18:00:52,20.1000,0.37,0.000,0.000,B,#3,APPROACH,0.235A/B
20504,2026-06-03 18:00:54,20.1500,0.37,0.000,0.000,B,#3,APPROACH,0.287A/B
20505,2026-06-03 18:00:56,20.2250,2.46,0.000,0.000,B,#3,APPROACH,0.358A/B
20506,2026-06-03 18:00:57,20.3000,2.46,0.358,1.181,B,#3,APPROACH,0.431A/B
20507,2026-06-03 18:01:00,20.3750,2.46,0.358,1.181,B,#3,APPROACH,0.521A/B
20508,2026-06-03 18:01:01,20.4250,2.46,0.358,1.181,B,#3,APPROACH,0.588A/B
20509,2026-06-03 18:01:03,20.5000,5.02,0.358,1.181,B,#3,APPROACH,0.650A/B
20510,2026-06-03 18:01:05,20.5750,5.02,0.650,3.711,B,#3,APPROACH,0.708A/B
20511,2026-06-03 18:01:08,20.6375,5.02,0.650,3.711,B,#3,APPROACH,0.774A/B
20512,2026-06-03 18:01:09,20.7125,5.02,0.650,3.711,B,#3,APPROACH,0.824A/B
20513,2026-06-03 18:01:11,20.8250,6.98,0.650,3.711,B,#3,APPROACH,0.872A/B
20514,2026-06-03 18:01:13,20.9500,6.98,0.872,6.566,B,#3,APPROACH,0.914A/B
20515,2026-06-03 18:01:15,21.0375,6.98,0.872,6.566,B,#3,APPROACH,0.981A/B
20516,2026-06-03 18:01:17,21.1375,6.98,0.872,6.566,B,#3,APPROACH,1.000A/B
20517,2026-06-03 18:01:19,21.2375,8.43,0.872,6.566,B,#3,APPROACH,1.012A/B
20518,2026-06-03 18:01:21,21.3875,8.43,1.012,8.763,B,#3,HOLDING,0.980A/B
20519,2026-06-03 18:01:23,21.5250,8.43,1.012,8.763,OFF,#3,HOLDING,0.000A/OFF
20520,2026-06-03 18:01:24,21.5250,8.43,1.012,8.763,OFF,#3,HOLDING,0.000A/OFF
20521,2026-06-03 18:01:25,21.6500,8.43,1.012,8.763,OFF,#3,HOLDING,0.000A/OFF
20522,2026-06-03 18:01:26,21.6500,8.43,1.012,8.763,OFF,#3,HOLDING,0.000A/OFF
20523,2026-06-03 18:01:27,21.7875,12.00,0.000,8.763,OFF,#3,HOLDING,0.000A/OFF
20524,2026-06-03 18:01:28,21.9375,12.00,0.000,8.763,OFF,#3,HOLDING,0.000A/OFF
20525,2026-06-03 18:01:29,21.9375,12.00,0.000,0.000,OFF,#3,HOLDING,0.000A/OFF
20526,2026-06-03 18:01:30,22.1000,12.00,0.000,0.000,OFF,#3,HOLDING,0.000A/OFF
20527,2026-06-03 18:01:31,22.1000,12.00,0.000,0.000,OFF,#3,HOLDING,0.000A/OFF
20528,2026-06-03 18:01:32,22.2500,12.00,0.000,0.000,OFF,#3,HOLDING,0.000A/OFF
20529,2026-06-03 18:01:33,22.2500,12.00,0.000,0.000,OFF,#3,HOLDING,0.000A/OFF
20530,2026-06-03 18:01:34,22.3625,12.00,0.000,0.000,OFF,#3,HOLDING,0.000A/OFF
20531,2026-06-03 18:01:35,22.3625,12.00,0.000,0.000,OFF,#3,HOLDING,0.000A/OFF
20532,2026-06-03 18:01:36,22.4875,12.00,0.000,0.000,OFF,#3,HOLDING,0.000A/OFF
20533,2026-06-03 18:01:37,22.4875,12.00,0.000,0.000,OFF,#3,HOLDING,0.000A/OFF
20534,2026-06-03 18:01:38,22.6000,12.00,0.000,0.000,OFF,#3,HOLDING,0.000A/OFF
20535,2026-06-03 18:01:39,22.6000,12.00,0.000,0.000,OFF,#3,HOLDING,0.000A/OFF
20536,2026-06-03 18:01:40,22.7000,12.00,0.000,0.000,OFF,#3,HOLDING,0.000A/OFF
20537,2026-06-03 18:01:41,22.7000,12.00,0.000,0.000,OFF,#3,HOLDING,0.000A/OFF
20538,2026-06-03 18:01:42,22.7875,12.00,0.000,0.000,OFF,#3,HOLDING,0.000A/OFF
20539,2026-06-03 18:01:43,22.7875,12.00,0.000,0.000,OFF,#3,HOLDING,0.000A/OFF
20540,2026-06-03 18:01:44,22.8625,12.00,0.000,0.000,OFF,#3,HOLDING,0.000A/OFF
20541,2026-06-03 18:01:45,22.8625,12.00,0.000,0.000,OFF,#3,HOLDING,0.000A/OFF
20542,2026-06-03 18:01:46,22.9500,12.00,0.000,0.000,OFF,#3,HOLDING,0.000A/OFF
20543,2026-06-03 18:01:47,22.9500,12.00,0.000,0.000,OFF,#3,HOLDING,0.000A/OFF
20544,2026-06-03 18:01:48,23.0250,12.00,0.000,0.000,OFF,#3,HOLDING,0.000A/OFF
20545,2026-06-03 18:01:49,23.0250,12.00,0.000,0.000,OFF,#3,HOLDING,0.000A/OFF
20546,2026-06-03 18:01:50,23.0625,12.00,0.000,0.000,OFF,#3,HOLDING,0.000A/OFF
20547,2026-06-03 18:01:51,23.1125,12.00,0.000,0.000,OFF,#3,HOLDING,0.000A/OFF
20548,2026-06-03 18:01:52,23.1125,12.00,0.000,0.000,OFF,#3,HOLDING,0.000A/OFF
20549,2026-06-03 18:01:53,23.1625,12.00,0.000,0.000,A,#3,HOLDING,0.109A/A
20550,2026-06-03 18:01:55,23.1625,12.00,0.000,0.091,A,#3,HOLDING,0.128A/A
20551,2026-06-03 18:01:56,23.2125,12.00,0.000,0.091,A,#3,HOLDING,0.163A/A
20552,2026-06-03 18:01:58,23.2250,12.00,0.000,0.091,A,#3,HOLDING,0.184A/A
20553,2026-06-03 18:02:00,23.2500,1.51,0.000,0.091,A,#3,HOLDING,0.221A/A
20554,2026-06-03 18:02:02,23.2625,1.51,0.221,0.430,A,#3,HOLDING,0.253A/A
20555,2026-06-03 18:02:04,23.3125,1.51,0.221,0.430,A,#3,HOLDING,0.354A/A
20556,2026-06-03 18:02:06,23.3125,1.51,0.221,0.430,A,#3,HOLDING,0.385A/A
20557,2026-06-03 18:02:07,23.3125,3.36,0.221,0.430,A,#3,HOLDING,0.420A/A
20558,2026-06-03 18:02:09,23.3125,3.36,0.420,1.612,A,#3,HOLDING,0.453A/A
20559,2026-06-03 18:02:12,23.3125,3.36,0.420,1.612,A,#3,HOLDING,0.500A/A
20560,2026-06-03 18:02:13,23.3125,3.36,0.420,1.612,A,#3,HOLDING,0.532A/A
20561,2026-06-03 18:02:15,23.2625,4.76,0.420,1.612,A,#3,HOLDING,0.512A/A
20562,2026-06-03 18:02:17,23.2500,4.76,0.512,2.467,A,#3,HOLDING,0.547A/A
20563,2026-06-03 18:02:19,23.2250,4.76,0.512,2.467,A,#3,HOLDING,0.589A/A
20564,2026-06-03 18:02:21,23.1875,4.76,0.512,2.467,A,#3,HOLDING,0.618A/A
20565,2026-06-03 18:02:23,23.1375,5.59,0.512,2.467,A,#3,HOLDING,0.645A/A
20566,2026-06-03 18:02:25,23.0875,5.59,0.645,3.844,A,#3,HOLDING,0.671A/A
20567,2026-06-03 18:02:27,23.0125,5.59,0.645,3.844,A,#3,HOLDING,0.704A/A
20568,2026-06-03 18:02:29,22.9625,5.59,0.645,3.844,A,#3,HOLDING,0.725A/A
20569,2026-06-03 18:02:31,22.8875,6.52,0.645,3.844,A,#3,HOLDING,0.744A/A
20570,2026-06-03 18:02:32,22.8375,6.52,0.744,5.103,A,#4,APPROACH,0.765A/A
20571,2026-06-03 18:02:35,22.7625,6.52,0.744,5.103,OFF,#4,APPROACH,0.000A/OFF
20572,2026-06-03 18:02:36,22.6750,6.52,0.744,5.103,OFF,#4,APPROACH,0.000A/OFF
20573,2026-06-03 18:02:37,22.6750,6.52,0.744,5.103,OFF,#4,APPROACH,0.000A/OFF
20574,2026-06-03 18:02:38,22.5750,6.52,0.744,5.103,OFF,#4,APPROACH,0.000A/OFF
20575,2026-06-03 18:02:39,22.5750,6.52,0.744,5.103,A,#4,APPROACH,0.118A/A
20576,2026-06-03 18:02:40,22.5125,12.00,0.118,5.103,A,#4,APPROACH,0.139A/A
20577,2026-06-03 18:02:42,22.3875,12.00,0.118,0.219,A,#4,HOLDING,0.127A/A
20578,2026-06-03 18:02:44,22.3250,12.00,0.118,0.219,OFF,#4,HOLDING,0.000A/OFF
20579,2026-06-03 18:02:45,22.3250,12.00,0.118,0.219,OFF,#4,HOLDING,0.000A/OFF
20580,2026-06-03 18:02:46,22.2500,12.00,0.118,0.219,OFF,#4,HOLDING,0.000A/OFF
20581,2026-06-03 18:02:47,22.2500,12.00,0.118,0.219,OFF,#4,HOLDING,0.000A/OFF
20582,2026-06-03 18:02:48,22.1750,12.00,0.000,0.219,OFF,#4,HOLDING,0.000A/OFF
20583,2026-06-03 18:02:49,22.1000,12.00,0.000,0.219,OFF,#4,HOLDING,0.000A/OFF
20584,2026-06-03 18:02:50,22.1000,12.00,0.000,0.000,OFF,#4,HOLDING,0.000A/OFF
20585,2026-06-03 18:02:51,22.0500,12.00,0.000,0.000,A,#4,HOLDING,0.101A/A
20586,2026-06-03 18:02:52,22.0500,12.00,0.000,0.000,A,#4,HOLDING,0.131A/A
20587,2026-06-03 18:02:54,21.9750,1.34,0.000,0.000,A,#4,HOLDING,0.138A/A
20588,2026-06-03 18:02:56,21.9375,1.34,0.138,0.200,A,#4,HOLDING,0.159A/A
20589,2026-06-03 18:02:58,21.8875,1.34,0.138,0.200,A,#4,HOLDING,0.174A/A
20590,2026-06-03 18:03:00,21.8375,1.34,0.138,0.200,A,#4,HOLDING,0.187A/A
20591,2026-06-03 18:03:02,21.8125,1.84,0.138,0.200,A,#4,HOLDING,0.200A/A
20592,2026-06-03 18:03:04,21.7500,1.84,0.200,0.406,A,#4,HOLDING,0.207A/A
20593,2026-06-03 18:03:06,21.7250,1.84,0.200,0.406,A,#4,HOLDING,0.221A/A
20594,2026-06-03 18:03:08,21.6875,1.84,0.200,0.406,A,#4,HOLDING,0.226A/A
20595,2026-06-03 18:03:09,21.6375,2.20,0.200,0.406,A,#4,HOLDING,0.232A/A
20596,2026-06-03 18:03:11,21.6250,2.20,0.232,0.540,A,#4,HOLDING,0.237A/A
20597,2026-06-03 18:03:14,21.5750,2.20,0.232,0.540,A,#4,HOLDING,0.241A/A
20598,2026-06-03 18:03:15,21.5500,2.20,0.232,0.540,A,#4,HOLDING,0.245A/A
20599,2026-06-03 18:03:17,21.5000,2.40,0.232,0.540,A,#4,HOLDING,0.242A/A
20600,2026-06-03 18:03:19,21.5000,2.40,0.242,0.592,A,#4,HOLDING,0.245A/A
20601,2026-06-03 18:03:21,21.4500,2.40,0.242,0.592,A,#4,HOLDING,0.242A/A
20602,2026-06-03 18:03:23,21.3750,2.40,0.242,0.592,A,#4,HOLDING,0.234A/A
20603,2026-06-03 18:03:25,21.3750,2.38,0.242,0.592,A,#4,HOLDING,0.230A/A
20604,2026-06-03 18:03:27,21.3375,2.38,0.230,0.552,A,#4,HOLDING,0.224A/A
20605,2026-06-03 18:03:29,21.3125,2.38,0.230,0.552,A,#4,HOLDING,0.221A/A
20606,2026-06-03 18:03:31,21.2500,2.38,0.230,0.552,A,#4,HOLDING,0.206A/A
20607,2026-06-03 18:03:33,21.2250,2.16,0.230,0.552,A,#4,HOLDING,0.197A/A
20608,2026-06-03 18:03:34,21.1875,2.16,0.197,0.419,A,#4,HOLDING,0.184A/A
20609,2026-06-03 18:03:37,21.1875,2.16,0.197,0.419,A,#4,HOLDING,0.176A/A
20610,2026-06-03 18:03:38,21.1250,2.16,0.197,0.419,A,#4,HOLDING,0.159A/A
20611,2026-06-03 18:03:40,21.1250,1.73,0.197,0.419,A,#4,HOLDING,0.149A/A
20612,2026-06-03 18:03:42,21.0625,1.73,0.149,0.248,A,#4,HOLDING,0.127A/A
20613,2026-06-03 18:03:44,21.0375,1.73,0.149,0.248,A,#5,APPROACH,0.109A/A
20614,2026-06-03 18:03:46,21.0000,1.73,0.149,0.248,B,#5,APPROACH,0.262A/B
20615,2026-06-03 18:03:48,20.9750,1.73,0.149,0.248,B,#5,APPROACH,0.287A/B
20616,2026-06-03 18:03:50,20.9375,10.21,0.149,0.248,B,#5,APPROACH,0.341A/B
20617,2026-06-03 18:03:52,20.9375,10.21,0.982,1.091,B,#5,APPROACH,0.408A/B
20618,2026-06-03 18:03:54,20.9375,10.21,0.982,1.091,B,#5,APPROACH,0.506A/B
20619,2026-06-03 18:03:56,20.9375,10.21,0.982,1.091,B,#5,APPROACH,0.580A/B
20620,2026-06-03 18:03:58,20.9750,5.08,0.982,1.091,B,#5,APPROACH,0.680A/B
20621,2026-06-03 18:04:00,21.0250,5.08,0.627,4.100,B,#5,APPROACH,0.789A/B
20622,2026-06-03 18:04:02,21.1250,5.08,0.627,4.100,B,#5,APPROACH,0.945A/B
20623,2026-06-03 18:04:04,21.1250,5.08,0.627,4.100,B,#5,APPROACH,1.000A/B
20624,2026-06-03 18:04:05,21.2000,8.38,0.627,4.100,B,#5,APPROACH,1.060A/B
20625,2026-06-03 18:04:07,21.3000,8.38,1.028,9.497,B,#5,APPROACH,1.211A/B
20626,2026-06-03 18:04:10,21.4625,8.38,1.028,9.497,B,#5,APPROACH,1.414A/B
20627,2026-06-03 18:04:11,21.4625,8.38,1.028,9.497,B,#5,APPROACH,1.562A/B
20628,2026-06-03 18:04:13,21.5750,12.00,1.028,9.497,B,#5,APPROACH,1.722A/B
20629,2026-06-03 18:04:15,21.7000,12.00,1.500,17.700,B,#5,APPROACH,1.500A/B
20630,2026-06-03 18:04:17,21.9500,12.00,1.500,17.700,B,#5,APPROACH,1.855A/B
20631,2026-06-03 18:04:19,21.9500,12.00,1.500,17.700,B,#5,APPROACH,1.500A/B
20632,2026-06-03 18:04:21,22.1000,12.00,1.500,17.700,B,#5,APPROACH,1.000A/B
20633,2026-06-03 18:04:23,22.2500,12.00,1.226,9.030,B,#5,APPROACH,1.976A/B
20634,2026-06-03 18:04:25,22.6375,12.00,1.226,9.030,B,#5,APPROACH,2.107A/B
20635,2026-06-03 18:04:27,22.6375,12.00,1.226,9.030,B,#5,APPROACH,1.500A/B
20636,2026-06-03 18:04:29,22.8125,12.00,1.226,9.030,B,#5,APPROACH,1.500A/B
20637,2026-06-03 18:04:30,23.0375,12.00,1.420,16.836,B,#5,APPROACH,1.000A/B
20638,2026-06-03 18:04:33,23.4375,12.00,1.420,16.836,B,#5,APPROACH,1.000A/B
20639,2026-06-03 18:04:34,23.4375,12.00,1.420,16.836,B,#5,APPROACH,2.137A/B
20640,2026-06-03 18:04:36,23.6750,12.00,1.420,16.836,B,#5,APPROACH,2.212A/B
20641,2026-06-03 18:04:38,23.9000,12.00,1.391,16.488,B,#5,APPROACH,1.000A/B
20642,2026-06-03 18:04:40,24.3750,12.00,1.391,16.488,B,#5,APPROACH,1.500A/B
20643,2026-06-03 18:04:42,24.3750,12.00,1.391,16.488,B,#5,APPROACH,1.000A/B
20644,2026-06-03 18:04:44,24.6125,9.30,1.391,16.488,B,#5,APPROACH,2.239A/B
20645,2026-06-03 18:04:46,24.8625,9.30,1.381,16.440,B,#5,APPROACH,2.281A/B
20646,2026-06-03 18:04:48,25.3125,9.30,1.381,16.440,B,#5,HOLDING,2.225A/B
20647,2026-06-03 18:04:50,25.3125,9.30,1.381,16.440,OFF,#5,HOLDING,0.000A/OFF
20648,2026-06-03 18:04:51,25.5500,9.30,1.381,16.440,OFF,#5,HOLDING,0.000A/OFF
20649,2026-06-03 18:04:52,25.5500,12.00,1.381,16.440,OFF,#5,HOLDING,0.000A/OFF
20650,2026-06-03 18:04:53,25.7750,12.00,0.000,16.440,OFF,#5,HOLDING,0.000A/OFF
20651,2026-06-03 18:04:54,25.7750,12.00,0.000,0.000,OFF,#5,HOLDING,0.000A/OFF
20652,2026-06-03 18:04:55,25.9875,12.00,0.000,0.000,OFF,#5,HOLDING,0.000A/OFF
20653,2026-06-03 18:04:56,26.2125,12.00,0.000,0.000,OFF,#5,HOLDING,0.000A/OFF
20654,2026-06-03 18:04:57,26.2125,12.00,0.000,0.000,OFF,#5,HOLDING,0.000A/OFF
20655,2026-06-03 18:04:58,26.4250,12.00,0.000,0.000,OFF,#5,HOLDING,0.000A/OFF
20656,2026-06-03 18:04:59,26.4250,12.00,0.000,0.000,OFF,#5,HOLDING,0.000A/OFF
20657,2026-06-03 18:05:00,26.6250,12.00,0.000,0.000,OFF,#5,HOLDING,0.000A/OFF
20658,2026-06-03 18:05:01,26.6250,12.00,0.000,0.000,OFF,#5,HOLDING,0.000A/OFF
20659,2026-06-03 18:05:02,26.7750,12.00,0.000,0.000,OFF,#5,HOLDING,0.000A/OFF
20660,2026-06-03 18:05:03,26.7750,12.00,0.000,0.000,OFF,#5,HOLDING,0.000A/OFF
20661,2026-06-03 18:05:04,26.9500,12.00,0.000,0.000,A,#5,HOLDING,0.110A/A
20662,2026-06-03 18:05:05,26.9500,12.00,0.000,0.000,A,#5,HOLDING,0.113A/A
20663,2026-06-03 18:05:07,27.0750,12.00,0.000,0.030,A,#5,HOLDING,0.219A/A
20664,2026-06-03 18:05:09,27.2000,12.00,0.000,0.030,A,#5,HOLDING,0.246A/A
20665,2026-06-03 18:05:11,27.2875,12.00,0.000,0.030,A,#5,HOLDING,0.302A/A
20666,2026-06-03 18:05:12,27.3875,2.03,0.000,0.030,A,#5,HOLDING,0.356A/A
20667,2026-06-03 18:05:14,27.4875,2.03,0.356,0.943,A,#5,HOLDING,0.412A/A
20668,2026-06-03 18:05:17,27.5625,2.03,0.356,0.943,A,#5,HOLDING,0.486A/A
20669,2026-06-03 18:05:18,27.5625,2.03,0.356,0.943,A,#5,HOLDING,0.526A/A
20670,2026-06-03 18:05:20,27.6125,4.10,0.356,0.943,A,#5,HOLDING,0.583A/A
20671,2026-06-03 18:05:22,27.6250,4.10,0.583,2.769,A,#5,HOLDING,0.639A/A
20672,2026-06-03 18:05:24,27.6250,4.10,0.583,2.769,A,#5,HOLDING,0.717A/A
20673,2026-06-03 18:05:26,27.6375,4.10,0.583,2.769,A,#5,HOLDING,0.766A/A
20674,2026-06-03 18:05:28,27.6125,6.22,0.583,2.769,A,#5,HOLDING,0.821A/A
20675,2026-06-03 18:05:30,27.5875,6.22,0.821,5.623,A,#5,HOLDING,0.876A/A
20676,2026-06-03 18:05:32,27.5375,6.22,0.821,5.623,A,#5,HOLDING,0.942A/A
20677,2026-06-03 18:05:34,27.4875,6.22,0.821,5.623,A,#5,HOLDING,0.984A/A
20678,2026-06-03 18:05:35,27.4125,8.03,0.821,5.623,A,#5,HOLDING,1.027A/A
20679,2026-06-03 18:05:37,27.3000,8.03,1.027,8.780,A,#5,HOLDING,1.000A/A
20680,2026-06-03 18:05:40,27.2000,8.03,1.027,8.780,A,#5,HOLDING,1.056A/A
20681,2026-06-03 18:05:41,27.1125,8.03,1.027,8.780,A,#5,HOLDING,1.085A/A
20682,2026-06-03 18:05:43,26.9875,8.96,1.027,8.780,A,#5,HOLDING,1.000A/A
20683,2026-06-03 18:05:45,26.8375,8.96,1.000,8.530,A,#5,HOLDING,1.058A/A
20684,2026-06-03 18:05:47,26.7125,8.96,1.000,8.530,A,#5,HOLDING,1.092A/A
20685,2026-06-03 18:05:49,26.5750,8.96,1.000,8.530,A,#5,HOLDING,1.000A/A
20686,2026-06-03 18:05:51,26.4250,8.55,1.000,8.530,A,#5,HOLDING,1.108A/A
20687,2026-06-03 18:05:53,26.2625,8.55,1.108,10.481,A,#5,HOLDING,1.000A/A
20688,2026-06-03 18:05:55,26.1125,8.55,1.108,10.481,A,#5,HOLDING,1.117A/A
20689,2026-06-03 18:05:57,25.9500,8.55,1.108,10.481,A,#5,HOLDING,1.112A/A
20690,2026-06-03 18:05:58,25.7500,9.44,1.108,10.481,A,#5,HOLDING,1.000A/A
20691,2026-06-03 18:06:00,25.5750,9.44,1.000,8.810,A,#5,HOLDING,1.092A/A
20692,2026-06-03 18:06:03,25.4000,9.44,1.000,8.810,A,#5,HOLDING,1.068A/A
20693,2026-06-03 18:06:04,25.2000,9.44,1.000,8.810,A,#5,HOLDING,1.038A/A
20694,2026-06-03 18:06:06,25.0500,9.03,1.000,8.810,A,#5,HOLDING,1.005A/A
20695,2026-06-03 18:06:08,24.8250,9.03,1.004,8.985,A,#5,HOLDING,0.893A/A
20696,2026-06-03 18:06:10,24.6750,9.03,1.004,8.985,A,#5,HOLDING,0.833A/A
20697,2026-06-03 18:06:12,24.5000,9.03,1.004,8.985,A,#5,HOLDING,0.771A/A
20698,2026-06-03 18:06:14,24.2750,7.17,1.004,8.985,A,#5,HOLDING,0.694A/A
20699,2026-06-03 18:06:16,24.1375,7.17,0.694,4.642,A,#5,HOLDING,0.616A/A
20700,2026-06-03 18:06:18,23.9375,7.17,0.694,4.642,A,#5,HOLDING,0.511A/A
20701,2026-06-03 18:06:20,23.7625,7.17,0.694,4.642,A,#5,HOLDING,0.433A/A
20702,2026-06-03 18:06:22,23.5625,4.55,0.694,4.642,A,#5,HOLDING,0.325A/A
20703,2026-06-03 18:06:23,23.3875,4.55,0.325,1.248,A,#5,HOLDING,0.217A/A
20704,2026-06-03 18:06:26,23.2375,4.55,0.325,1.248,OFF,#5,HOLDING,0.000A/OFF
20705,2026-06-03 18:06:27,23.0750,4.55,0.325,1.248,OFF,#5,HOLDING,0.000A/OFF
20706,2026-06-03 18:06:28,23.0750,4.55,0.325,1.248,OFF,#5,HOLDING,0.000A/OFF
20707,2026-06-03 18:06:29,22.9250,4.55,0.325,1.248,OFF,#5,HOLDING,0.000A/OFF
20708,2026-06-03 18:06:30,22.9250,12.00,0.000,1.248,B,#5,HOLDING,0.128A/B
20709,2026-06-03 18:06:31,22.8250,12.00,0.000,0.857,B,#5,HOLDING,0.234A/B
20710,2026-06-03 18:06:33,22.6750,12.00,0.000,0.857,B,#5,HOLDING,0.345A/B
20711,2026-06-03 18:06:35,22.5500,12.00,0.000,0.857,B,#5,HOLDING,0.467A/B
20712,2026-06-03 18:06:36,22.4500,3.53,0.000,0.857,B,#5,HOLDING,0.604A/B
20713,2026-06-03 18:06:38,22.3625,3.53,0.538,2.917,B,#5,HOLDING,0.740A/B
20714,2026-06-03 18:06:41,22.2625,3.53,0.538,2.917,B,#5,HOLDING,0.921A/B
20715,2026-06-03 18:06:42,22.2125,3.53,0.538,2.917,B,#5,HOLDING,1.000A/B
20716,2026-06-03 18:06:44,22.1875,7.87,0.538,2.917,B,#5,HOLDING,1.042A/B
20717,2026-06-03 18:06:46,22.1250,7.87,1.021,8.763,B,#5,HOLDING,1.000A/B
20718,2026-06-03 18:06:48,22.1500,7.87,1.021,8.763,B,#5,HOLDING,1.183A/B
20719,2026-06-03 18:06:50,22.1250,7.87,1.021,8.763,B,#5,HOLDING,1.308A/B
20720,2026-06-03 18:06:52,22.1500,10.25,1.021,8.763,B,#5,HOLDING,1.449A/B
20721,2026-06-03 18:06:54,22.2250,10.25,1.386,16.533,B,#5,HOLDING,1.581A/B
20722,2026-06-03 18:06:56,22.2750,10.25,1.386,16.533,B,#5,HOLDING,1.000A/B
20723,2026-06-03 18:06:58,22.3500,10.25,1.386,16.533,B,#5,HOLDING,1.747A/B
20724,2026-06-03 18:06:59,22.4500,12.00,1.386,16.533,B,#5,HOLDING,1.500A/B
20725,2026-06-03 18:07:01,22.6000,12.00,1.502,17.832,B,#5,HOLDING,1.862A/B
20726,2026-06-03 18:07:04,22.7000,12.00,1.502,17.832,B,#5,HOLDING,1.500A/B
20727,2026-06-03 18:07:05,22.8625,12.00,1.502,17.832,B,#5,HOLDING,1.500A/B
20728,2026-06-03 18:07:07,23.0375,12.00,1.502,17.832,B,#5,HOLDING,1.500A/B
20729,2026-06-03 18:07:09,23.2375,12.00,1.452,17.220,B,#5,HOLDING,1.935A/B
20730,2026-06-03 18:07:11,23.3875,12.00,1.452,17.220,B,#5,HOLDING,2.000A/B
20731,2026-06-03 18:07:13,23.6250,12.00,1.452,17.220,B,#5,HOLDING,1.500A/B
20732,2026-06-03 18:07:15,23.8500,12.00,1.452,17.220,B,#5,HOLDING,2.000A/B
20733,2026-06-03 18:07:17,24.0625,12.00,1.410,16.752,B,#5,HOLDING,2.005A/B
20734,2026-06-03 18:07:19,24.2875,12.00,1.410,16.752,B,#5,HOLDING,1.000A/B
20735,2026-06-03 18:07:21,24.5000,12.00,1.410,16.752,B,#5,HOLDING,1.000A/B
20736,2026-06-03 18:07:23,24.7500,9.33,1.410,16.752,B,#5,HOLDING,1.000A/B
20737,2026-06-03 18:07:24,25.0000,9.33,1.000,9.440,B,#5,HOLDING,1.000A/B
20738,2026-06-03 18:07:27,25.2250,9.33,1.000,9.440,B,#5,HOLDING,1.000A/B
20739,2026-06-03 18:07:28,25.4625,9.33,1.000,9.440,B,#5,HOLDING,1.999A/B
20740,2026-06-03 18:07:30,25.6875,12.00,1.000,9.440,B,#5,HOLDING,2.014A/B
20741,2026-06-03 18:07:32,25.9250,12.00,1.372,16.296,B,#5,HOLDING,2.000A/B
20742,2026-06-03 18:07:34,26.1250,12.00,1.372,16.296,B,#5,HOLDING,1.000A/B
20743,2026-06-03 18:07:36,26.3625,12.00,1.372,16.296,B,#5,HOLDING,2.000A/B
20744,2026-06-03 18:07:38,26.6125,12.00,1.372,16.296,B,#5,HOLDING,1.000A/B
20745,2026-06-03 18:07:40,26.8625,12.00,1.176,9.580,B,#5,HOLDING,2.000A/B
20746,2026-06-03 18:07:42,27.0625,12.00,1.176,9.580,B,#5,HOLDING,1.500A/B
20747,2026-06-03 18:07:44,27.2750,12.00,1.176,9.580,B,#5,HOLDING,1.500A/B
20748,2026-06-03 18:07:46,27.5250,12.00,1.176,9.580,B,#5,HOLDING,1.935A/B
20749,2026-06-03 18:07:48,27.7500,12.00,1.341,15.900,B,#5,HOLDING,1.851A/B
20750,2026-06-03 18:07:50,27.9750,12.00,1.341,15.900,B,#5,HOLDING,1.753A/B
20751,2026-06-03 18:07:51,28.1875,12.00,1.341,15.900,B,#5,HOLDING,1.672A/B
20752,2026-06-03 18:07:53,28.4375,12.00,1.341,15.900,B,#5,HOLDING,1.500A/B
20753,2026-06-03 18:07:55,28.6250,12.00,1.325,15.720,B,#5,HOLDING,1.553A/B
20754,2026-06-03 18:07:58,28.8500,12.00,1.325,15.720,B,#5,HOLDING,1.000A/B
20755,2026-06-03 18:07:59,29.0500,12.00,1.325,15.720,B,#5,HOLDING,1.451A/B
20756,2026-06-03 18:08:01,29.2750,12.00,1.325,15.720,B,#5,HOLDING,1.317A/B
20757,2026-06-03 18:08:03,29.5000,12.00,1.311,15.588,B,#5,HOLDING,1.175A/B
20758,2026-06-03 18:08:05,29.7250,12.00,1.311,15.588,B,#5,HOLDING,0.988A/B
20759,2026-06-03 18:08:07,29.9250,12.00,1.311,15.588,B,#5,HOLDING,0.853A/B
20760,2026-06-03 18:08:09,30.1500,8.71,1.311,15.588,B,#5,HOLDING,0.686A/B
20761,2026-06-03 18:08:11,30.3750,8.71,0.764,5.165,B,#5,HOLDING,0.510A/B
20762,2026-06-03 18:08:13,30.5750,8.71,0.764,5.165,B,#5,HOLDING,0.285A/B
20763,2026-06-03 18:08:15,30.8000,8.71,0.764,5.165,B,#5,HOLDING,0.117A/B
20764,2026-06-03 18:08:16,30.9500,8.71,0.764,5.165,OFF,#5,HOLDING,0.000A/OFF
20765,2026-06-03 18:08:17,30.9500,2.65,0.117,5.165,OFF,#5,HOLDING,0.165A/A
20766,2026-06-03 18:08:19,31.1375,2.65,0.117,0.793,A,#5,HOLDING,0.340A/A
20767,2026-06-03 18:08:21,31.2625,2.65,0.117,0.793,A,#5,HOLDING,0.514A/A
20768,2026-06-03 18:08:22,31.4250,2.65,0.117,0.793,A,#5,HOLDING,0.703A/A
20769,2026-06-03 18:08:24,31.5250,4.74,0.117,0.793,A,#5,HOLDING,0.911A/A
20770,2026-06-03 18:08:26,31.6625,4.74,0.911,6.103,A,#5,HOLDING,1.126A/A
20771,2026-06-03 18:08:28,31.7375,4.74,0.911,6.103,A,#5,HOLDING,1.399A/A
20772,2026-06-03 18:08:30,31.7500,4.74,0.911,6.103,A,#5,HOLDING,1.581A/A
20773,2026-06-03 18:08:32,31.7500,11.45,0.911,6.103,A,#5,HOLDING,1.500A/A
20774,2026-06-03 18:08:34,31.7750,11.45,1.500,16.890,A,#5,HOLDING,1.500A/A
20775,2026-06-03 18:08:36,31.7500,11.45,1.500,16.890,A,#5,HOLDING,1.789A/A
20776,2026-06-03 18:08:38,31.7125,11.45,1.500,16.890,A,#5,HOLDING,1.500A/A
20777,2026-06-03 18:08:40,31.6375,11.40,1.500,16.890,A,#5,HOLDING,1.000A/A
20778,2026-06-03 18:08:41,31.5500,11.40,1.018,8.330,A,#5,HOLDING,1.953A/A
20779,2026-06-03 18:08:44,31.4250,11.40,1.018,8.330,A,#5,HOLDING,2.203A/A
20780,2026-06-03 18:08:45,31.3250,11.40,1.018,8.330,A,#5,HOLDING,1.000A/A
20781,2026-06-03 18:08:47,31.1750,8.29,1.018,8.330,A,#5,HOLDING,2.000A/A
20782,2026-06-03 18:08:49,31.0125,8.29,1.531,18.180,A,#5,HOLDING,2.348A/A
20783,2026-06-03 18:08:51,30.8125,8.29,1.531,18.180,A,#5,HOLDING,2.500A/A
20784,2026-06-03 18:08:53,30.6375,8.29,1.531,18.180,A,#5,HOLDING,2.554A/A
20785,2026-06-03 18:08:55,30.4375,12.00,1.531,18.180,A,#5,HOLDING,1.000A/A
20786,2026-06-03 18:08:57,30.2500,12.00,1.033,8.710,A,#5,HOLDING,1.000A/A
20787,2026-06-03 18:08:59,30.0250,12.00,1.033,8.710,A,#5,HOLDING,1.000A/A
20788,2026-06-03 18:09:01,29.8125,12.00,1.033,8.710,A,#5,HOLDING,1.000A/A
20789,2026-06-03 18:09:03,29.5625,8.62,1.033,8.710,A,#5,HOLDING,2.662A/A
20790,2026-06-03 18:09:04,29.3875,8.62,1.495,17.772,A,#5,HOLDING,1.000A/A
20791,2026-06-03 18:09:07,29.1375,8.62,1.495,17.772,A,#5,HOLDING,2.000A/A
20792,2026-06-03 18:09:08,28.9375,8.62,1.495,17.772,A,#5,HOLDING,1.500A/A
20793,2026-06-03 18:09:10,28.6875,12.00,1.495,17.772,A,#5,HOLDING,2.694A/A
20794,2026-06-03 18:09:12,28.4500,12.00,1.473,17.520,A,#5,HOLDING,1.000A/A
20795,2026-06-03 18:09:15,28.2000,12.00,1.473,17.520,A,#5,HOLDING,1.500A/A
20796,2026-06-03 18:09:16,27.9500,12.00,1.473,17.520,A,#5,HOLDING,1.500A/A
20797,2026-06-03 18:09:18,27.7000,12.00,1.473,17.520,A,#5,HOLDING,2.000A/A
20798,2026-06-03 18:09:20,27.4500,12.00,1.456,17.316,A,#5,HOLDING,1.000A/A
20799,2026-06-03 18:09:22,27.1750,12.00,1.456,17.316,A,#5,HOLDING,1.000A/A
20800,2026-06-03 18:09:24,26.9375,12.00,1.456,17.316,OFF,--,DONE,1.500A/A
20801,2026-06-03 18:09:26,26.6875,12.00,1.456,17.316,OFF,--,DONE,--
20802,2026-06-03 18:09:27,26.4375,11.58,1.456,17.316,OFF,--,DONE,--
20803,2026-06-03 18:09:28,26.4375,11.58,0.000,17.316,OFF,--,DONE,--
20804,2026-06-03 18:09:29,26.1875,11.58,0.000,0.000,OFF,--,DONE,--
20805,2026-06-03 18:09:30,26.1875,4.54,0.000,0.000,OFF,--,DONE,--
20806,2026-06-03 18:09:31,25.9750,4.54,0.000,0.000,OFF,--,DONE,--
20807,2026-06-03 18:09:32,25.9750,4.54,0.000,0.000,OFF,--,DONE,--
20808,2026-06-03 18:09:33,25.7500,4.54,0.000,0.000,OFF,--,DONE,--
20809,2026-06-03 18:09:34,25.7500,1.84,0.000,0.000,OFF,--,DONE,--
20810,2026-06-03 18:09:35,25.5750,1.84,0.000,0.000,OFF,--,DONE,--
20811,2026-06-03 18:09:36,25.5750,1.84,0.000,0.000,OFF,--,DONE,--
20812,2026-06-03 18:09:37,25.3750,1.84,0.000,0.000,OFF,--,DONE,--
20813,2026-06-03 18:09:38,25.3750,0.71,0.000,0.000,OFF,--,DONE,--
20814,2026-06-03 18:09:39,25.2625,0.71,0.000,0.000,OFF,--,DONE,--
20815,2026-06-03 18:09:40,25.0625,0.71,0.000,0.000,OFF,--,DONE,--
20816,2026-06-03 18:09:41,25.0625,0.22,0.000,0.000,OFF,--,DONE,--
20817,2026-06-03 18:09:42,24.9500,0.22,0.000,0.000,OFF,--,DONE,--
20818,2026-06-03 18:09:43,24.9500,0.22,0.000,0.000,OFF,--,DONE,--
20819,2026-06-03 18:09:44,24.8000,0.22,0.000,0.000,OFF,--,DONE,--
20820,2026-06-03 18:09:45,24.8000,0.00,0.000,0.000,OFF,--,DONE,--
20821,2026-06-03 18:09:46,24.7125,0.00,0.000,0.000,OFF,--,DONE,--
20822,2026-06-03 18:09:47,24.7125,0.00,0.000,0.000,OFF,--,DONE,--
20823,2026-06-03 18:09:48,24.6125,0.00,0.000,0.000,OFF,--,DONE,--
20824,2026-06-03 18:09:49,24.6125,0.00,0.000,0.000,OFF,--,DONE,--
20825,2026-06-03 18:09:50,24.5000,0.00,0.000,0.000,OFF,--,DONE,--
20826,2026-06-03 18:09:51,24.5000,0.00,0.000,0.000,OFF,--,DONE,--
20827,2026-06-03 18:09:52,24.4500,0.00,0.000,0.000,OFF,--,DONE,--
20828,2026-06-03 18:09:53,24.4500,0.00,0.000,0.000,OFF,--,DONE,--
20829,2026-06-03 18:09:54,24.3625,0.00,0.000,0.000,OFF,--,DONE,--
20830,2026-06-03 18:09:55,24.3625,0.00,0.000,0.000,OFF,--,DONE,--
20831,2026-06-03 18:09:57,24.2625,0.00,0.000,0.000,OFF,--,DONE,--
20832,2026-06-03 18:09:58,24.1875,0.00,0.000,0.000,OFF,--,DONE,--
20833,2026-06-03 18:09:59,24.1875,0.00,0.000,0.000,OFF,--,DONE,--
20834,2026-06-03 18:10:00,24.1375,0.00,0.000,0.000,OFF,--,DONE,--
20835,2026-06-03 18:10:01,24.1375,0.00,0.000,0.000,OFF,--,DONE,--
20836,2026-06-03 18:10:02,24.0875,0.00,0.000,0.000,OFF,--,DONE,--
20837,2026-06-03 18:10:03,24.0875,0.00,0.000,0.000,OFF,--,DONE,--
20838,2026-06-03 18:10:04,24.0125,0.00,0.000,0.000,OFF,--,DONE,--
20839,2026-06-03 18:10:05,24.0125,0.00,0.000,0.000,OFF,--,DONE,--
20840,2026-06-03 18:10:06,23.9875,0.00,0.000,0.000,OFF,--,DONE,--
20841,2026-06-03 18:10:07,23.9875,0.00,0.000,0.000,OFF,--,DONE,--
20842,2026-06-03 18:10:08,23.9375,0.00,0.000,0.000,OFF,--,DONE,--
20843,2026-06-03 18:10:09,23.9375,0.00,0.000,0.000,OFF,--,DONE,--
20844,2026-06-03 18:10:10,23.8750,0.00,0.000,0.000,OFF,--,DONE,--
20845,2026-06-03 18:10:11,23.8250,0.00,0.000,0.000,OFF,--,DONE,--
20846,2026-06-03 18:10:12,23.8250,0.00,0.000,0.000,OFF,--,DONE,--
20847,2026-06-03 18:10:13,23.8125,0.00,0.000,0.000,OFF,--,DONE,--
20848,2026-06-03 18:10:14,23.8125,0.00,0.000,0.000,OFF,--,DONE,--
20849,2026-06-03 18:10:15,23.7625,0.00,0.000,0.000,OFF,--,DONE,--
20850,2026-06-03 18:10:16,23.7625,0.00,0.000,0.000,OFF,--,DONE,--
20851,2026-06-03 18:10:17,23.7500,0.00,0.000,0.000,OFF,--,DONE,--
20852,2026-06-03 18:10:18,23.7500,0.00,0.000,0.000,OFF,--,DONE,--
20853,2026-06-03 18:10:19,23.7000,0.00,0.000,0.000,OFF,--,DONE,--
20854,2026-06-03 18:10:20,23.7000,0.00,0.000,0.000,OFF,--,DONE,--
20855,2026-06-03 18:10:21,23.6875,0.00,0.000,0.000,OFF,--,DONE,--
20856,2026-06-03 18:10:22,23.6875,0.00,0.000,0.000,OFF,--,DONE,--
20857,2026-06-03 18:10:23,23.6375,0.00,0.000,0.000,OFF,--,DONE,--
20858,2026-06-03 18:10:24,23.6375,0.00,0.000,0.000,OFF,--,DONE,--
20859,2026-06-03 18:10:25,23.6250,0.00,0.000,0.000,OFF,--,DONE,--
20860,2026-06-03 18:10:26,23.6000,0.00,0.000,0.000,OFF,--,DONE,--
20861,2026-06-03 18:10:27,23.6000,0.00,0.000,0.000,OFF,--,DONE,--
20862,2026-06-03 18:10:28,23.5875,0.00,0.000,0.000,OFF,--,DONE,--
20863,2026-06-03 18:10:29,23.5875,0.00,0.000,0.000,OFF,--,DONE,--
20864,2026-06-03 18:10:30,23.5625,0.00,0.000,0.000,OFF,--,DONE,--
20865,2026-06-03 18:10:32,23.5625,0.00,0.000,0.000,OFF,--,DONE,--
20866,2026-06-03 18:10:33,23.5375,0.00,0.000,0.000,OFF,--,DONE,--
20867,2026-06-03 18:10:34,23.5375,0.00,0.000,0.000,OFF,--,DONE,--
20868,2026-06-03 18:10:35,23.5125,0.00,0.000,0.000,OFF,--,DONE,--
20869,2026-06-03 18:10:36,23.5125,0.00,0.000,0.000,OFF,--,DONE,--
20870,2026-06-03 18:10:37,23.5000,0.00,0.000,0.000,OFF,--,DONE,--
20871,2026-06-03 18:10:38,23.5000,0.00,0.000,0.000,OFF,--,DONE,--
20872,2026-06-03 18:10:39,23.4750,0.00,0.000,0.000,OFF,--,DONE,--
20873,2026-06-03 18:10:40,23.4750,0.00,0.000,0.000,OFF,--,DONE,--
20874,2026-06-03 18:10:41,23.4375,0.00,0.000,0.000,OFF,--,DONE,--
20875,2026-06-03 18:10:42,23.4375,0.00,0.000,0.000,OFF,--,DONE,--
20876,2026-06-03 18:10:43,23.4375,0.00,0.000,0.000,OFF,--,DONE,--
20877,2026-06-03 18:10:44,23.4250,0.00,0.000,0.000,OFF,--,DONE,--
20878,2026-06-03 18:10:45,23.4250,0.00,0.000,0.000,OFF,--,DONE,--
20879,2026-06-03 18:10:46,23.3750,0.00,0.000,0.000,OFF,--,DONE,--
20880,2026-06-03 18:10:47,23.3750,0.00,0.000,0.000,OFF,--,DONE,--
20881,2026-06-03 18:10:48,23.3750,0.00,0.000,0.000,OFF,--,DONE,--
20882,2026-06-03 18:10:49,23.3750,0.00,0.000,0.000,OFF,--,DONE,--
20883,2026-06-03 18:10:50,23.3500,0.00,0.000,0.000,OFF,--,DONE,--
20884,2026-06-03 18:10:51,23.3500,0.00,0.000,0.000,OFF,--,DONE,--
20885,2026-06-03 18:10:52,23.3625,0.00,0.000,0.000,OFF,--,DONE,--
20886,2026-06-03 18:10:53,23.3625,0.00,0.000,0.000,OFF,--,DONE,--
20887,2026-06-03 18:10:54,23.3125,0.00,0.000,0.000,OFF,--,DONE,--
20888,2026-06-03 18:10:55,23.3125,0.00,0.000,0.000,OFF,--,DONE,--
20889,2026-06-03 18:10:56,23.3000,0.00,0.000,0.000,OFF,--,DONE,--
20890,2026-06-03 18:10:57,23.2500,0.00,0.000,0.000,OFF,--,DONE,--
20891,2026-06-03 18:10:58,23.2500,0.00,0.000,0.000,OFF,--,DONE,--
20892,2026-06-03 18:10:59,23.2500,0.00,0.000,0.000,OFF,--,DONE,--
20893,2026-06-03 18:11:00,23.2500,0.00,0.000,0.000,OFF,--,DONE,--
20894,2026-06-03 18:11:01,23.2500,0.00,0.000,0.000,OFF,--,DONE,--
20895,2026-06-03 18:11:02,23.2500,0.00,0.000,0.000,OFF,--,DONE,--
20896,2026-06-03 18:11:03,23.1875,0.00,0.000,0.000,OFF,--,DONE,--
20897,2026-06-03 18:11:04,23.1875,0.00,0.000,0.000,OFF,--,DONE,--
20898,2026-06-03 18:11:05,23.1875,0.00,0.000,0.000,OFF,--,DONE,--
20899,2026-06-03 18:11:06,23.1875,0.00,0.000,0.000,OFF,--,DONE,--
20900,2026-06-03 18:11:08,23.1875,0.00,0.000,0.000,OFF,--,DONE,--
20901,2026-06-03 18:11:09,23.1875,0.00,0.000,0.000,OFF,--,DONE,--
20902,2026-06-03 18:11:10,23.1625,0.00,0.000,0.000,OFF,--,DONE,--
20903,2026-06-03 18:11:11,23.1625,0.00,0.000,0.000,OFF,--,DONE,--
20904,2026-06-03 18:11:12,23.1375,0.00,0.000,0.000,OFF,--,DONE,--
20905,2026-06-03 18:11:13,23.1375,0.00,0.000,0.000,OFF,--,DONE,--
20906,2026-06-03 18:11:14,23.1375,0.00,0.000,0.000,OFF,--,DONE,--
20907,2026-06-03 18:11:15,23.1250,0.00,0.000,0.000,OFF,--,DONE,--
20908,2026-06-03 18:11:16,23.1250,0.00,0.000,0.000,OFF,--,DONE,--
20909,2026-06-03 18:11:17,23.0750,0.00,0.000,0.000,OFF,--,DONE,--
20910,2026-06-03 18:11:18,23.0750,0.00,0.000,0.000,OFF,--,DONE,--
20911,2026-06-03 18:11:19,23.0875,0.00,0.000,0.000,OFF,--,DONE,--
20912,2026-06-03 18:11:20,23.0875,0.00,0.000,0.000,OFF,--,DONE,--
20913,2026-06-03 18:11:21,23.0625,0.00,0.000,0.000,OFF,--,DONE,--
20914,2026-06-03 18:11:22,23.0625,0.00,0.000,0.000,OFF,--,DONE,--
20915,2026-06-03 18:11:23,23.0625,0.00,0.000,0.000,OFF,--,DONE,--
20916,2026-06-03 18:11:24,23.0625,0.00,0.000,0.000,OFF,--,DONE,--
20917,2026-06-03 18:11:25,23.0125,0.00,0.000,0.000,OFF,--,DONE,--
20918,2026-06-03 18:11:26,23.0000,0.00,0.000,0.000,OFF,--,DONE,--
20919,2026-06-03 18:11:27,23.0000,0.00,0.000,0.000,OFF,--,DONE,--
20920,2026-06-03 18:11:28,23.0000,0.00,0.000,0.000,OFF,--,DONE,--
20921,2026-06-03 18:11:29,23.0000,0.00,0.000,0.000,A,#1,APPROACH,1.378A/A
20922,2026-06-03 18:11:31,23.0000,0.00,0.000,0.000,A,#1,APPROACH,2.000A/A
20923,2026-06-03 18:11:33,22.9750,0.00,0.000,0.000,A,#1,APPROACH,2.073A/A
20924,2026-06-03 18:11:35,22.9375,0.00,0.000,0.000,A,#1,APPROACH,3.000A/A
20925,2026-06-03 18:11:37,22.9375,12.00,1.554,0.000,A,#1,APPROACH,1.749A/A
20926,2026-06-03 18:11:38,22.9250,12.00,1.554,18.360,A,#1,APPROACH,1.000A/A
20927,2026-06-03 18:11:40,22.8750,12.00,1.554,18.360,A,#1,APPROACH,1.500A/A
20928,2026-06-03 18:11:42,22.8000,12.00,1.554,18.360,A,#1,APPROACH,2.259A/A
20929,2026-06-03 18:11:43,22.7000,12.00,1.554,18.360,A,#1,APPROACH,2.000A/A
20930,2026-06-03 18:11:45,22.7000,12.00,1.522,18.036,A,#1,APPROACH,1.878A/A
20931,2026-06-03 18:11:48,22.4875,12.00,1.522,18.036,A,#1,APPROACH,2.428A/A
20932,2026-06-03 18:11:49,22.3625,12.00,1.522,18.036,A,#1,APPROACH,2.000A/A
20933,2026-06-03 18:11:51,22.2375,12.00,1.522,18.036,A,#1,APPROACH,2.661A/A
20934,2026-06-03 18:11:53,22.2375,12.00,1.480,17.556,A,#1,APPROACH,1.000A/A
20935,2026-06-03 18:11:55,21.9375,12.00,1.480,17.556,A,#1,APPROACH,1.482A/A
20936,2026-06-03 18:11:57,21.9375,12.00,1.480,17.556,A,#1,APPROACH,1.708A/A
20937,2026-06-03 18:11:59,21.6500,12.00,1.480,17.556,A,#1,APPROACH,1.000A/A
20938,2026-06-03 18:12:01,21.6500,12.00,1.000,9.070,A,#1,APPROACH,1.000A/A
20939,2026-06-03 18:12:03,21.3625,12.00,1.000,9.070,A,#1,APPROACH,1.615A/A
20940,2026-06-03 18:12:04,21.3625,12.00,1.000,9.070,A,#1,APPROACH,1.371A/A
20941,2026-06-03 18:12:06,21.2000,11.38,1.000,9.070,A,#1,APPROACH,1.427A/A
20942,2026-06-03 18:12:08,21.0250,11.38,1.397,17.052,A,#1,APPROACH,1.263A/A
20943,2026-06-03 18:12:11,20.7375,11.38,1.397,17.052,A,#1,HOLDING,1.158A/A
20944,2026-06-03 18:12:12,20.7375,11.38,1.397,17.052,OFF,#1,HOLDING,0.000A/OFF
20945,2026-06-03 18:12:13,20.5750,11.38,1.397,17.052,OFF,#1,HOLDING,0.000A/OFF
20946,2026-06-03 18:12:14,20.4250,12.00,1.397,17.052,OFF,#1,HOLDING,0.000A/OFF
20947,2026-06-03 18:12:15,20.4250,12.00,0.000,17.052,OFF,#1,HOLDING,0.000A/OFF
20948,2026-06-03 18:12:16,20.2625,12.00,0.000,0.000,OFF,#1,HOLDING,0.000A/OFF
20949,2026-06-03 18:12:17,20.2625,12.00,0.000,0.000,OFF,#1,HOLDING,0.000A/OFF
20950,2026-06-03 18:12:18,20.1125,12.00,0.000,0.000,OFF,#1,HOLDING,0.000A/OFF
20951,2026-06-03 18:12:19,20.1125,12.00,0.000,0.000,OFF,#1,HOLDING,0.000A/OFF
20952,2026-06-03 18:12:20,20.0125,12.00,0.000,0.000,OFF,#1,HOLDING,0.000A/OFF
20953,2026-06-03 18:12:21,20.0125,12.00,0.000,0.000,OFF,#1,HOLDING,0.000A/OFF
20954,2026-06-03 18:12:22,19.9125,12.00,0.000,0.000,OFF,#1,HOLDING,0.000A/OFF
20955,2026-06-03 18:12:23,19.9125,12.00,0.000,0.000,OFF,#1,HOLDING,0.000A/OFF
20956,2026-06-03 18:12:24,19.8000,12.00,0.000,0.000,OFF,#1,HOLDING,0.000A/OFF
20957,2026-06-03 18:12:25,19.8000,12.00,0.000,0.000,OFF,#1,HOLDING,0.000A/OFF
20958,2026-06-03 18:12:26,19.7500,12.00,0.000,0.000,OFF,#1,HOLDING,0.000A/OFF
20959,2026-06-03 18:12:27,19.7500,12.00,0.000,0.000,OFF,#1,HOLDING,0.000A/OFF
20960,2026-06-03 18:12:28,19.6500,12.00,0.000,0.000,OFF,#1,HOLDING,0.000A/OFF
20961,2026-06-03 18:12:29,19.6500,12.00,0.000,0.000,OFF,#1,HOLDING,0.000A/OFF
20962,2026-06-03 18:12:30,19.6250,12.00,0.000,0.000,OFF,#1,HOLDING,0.000A/OFF
20963,2026-06-03 18:12:31,19.6250,12.00,0.000,0.000,OFF,#1,HOLDING,0.000A/OFF
20964,2026-06-03 18:12:32,19.5875,12.00,0.000,0.000,OFF,#1,HOLDING,0.000A/OFF
20965,2026-06-03 18:12:33,19.5875,12.00,0.000,0.000,OFF,#1,HOLDING,0.000A/OFF
20966,2026-06-03 18:12:34,19.5625,12.00,0.000,0.000,OFF,#1,HOLDING,0.000A/OFF
20967,2026-06-03 18:12:35,19.5625,12.00,0.000,0.000,OFF,#1,HOLDING,0.000A/OFF
20968,2026-06-03 18:12:36,19.5250,12.00,0.000,0.000,OFF,#1,HOLDING,0.000A/OFF
20969,2026-06-03 18:12:37,19.5000,12.00,0.000,0.000,OFF,#1,HOLDING,0.000A/OFF
20970,2026-06-03 18:12:38,19.5000,12.00,0.000,0.000,OFF,#1,HOLDING,0.000A/OFF
20971,2026-06-03 18:12:39,19.5000,12.00,0.000,0.000,OFF,#1,HOLDING,0.000A/OFF
20972,2026-06-03 18:12:40,19.5000,12.00,0.000,0.000,OFF,#1,HOLDING,0.000A/OFF
20973,2026-06-03 18:12:41,19.5000,12.00,0.000,0.000,OFF,#1,HOLDING,0.000A/OFF
20974,2026-06-03 18:12:42,19.5000,12.00,0.000,0.000,OFF,#1,HOLDING,0.000A/OFF
20975,2026-06-03 18:12:43,19.5375,12.00,0.000,0.000,OFF,#1,HOLDING,0.000A/OFF
20976,2026-06-03 18:12:44,19.5375,12.00,0.000,0.000,OFF,#1,HOLDING,0.000A/OFF
20977,2026-06-03 18:12:45,19.5125,12.00,0.000,0.000,OFF,#1,HOLDING,0.000A/OFF
20978,2026-06-03 18:12:46,19.5125,12.00,0.000,0.000,OFF,#1,HOLDING,0.000A/OFF
20979,2026-06-03 18:12:47,19.5500,12.00,0.000,0.000,OFF,#1,HOLDING,0.000A/OFF
20980,2026-06-03 18:12:48,19.5500,12.00,0.000,0.000,OFF,#1,HOLDING,0.000A/OFF
20981,2026-06-03 18:12:49,19.5500,12.00,0.000,0.000,OFF,#1,HOLDING,0.000A/OFF
20982,2026-06-03 18:12:50,19.5500,12.00,0.000,0.000,OFF,#1,HOLDING,0.000A/OFF
20983,2026-06-03 18:12:51,19.5750,12.00,0.000,0.000,OFF,#1,HOLDING,0.000A/OFF
20984,2026-06-03 18:12:52,19.5750,12.00,0.000,0.000,OFF,#1,HOLDING,0.000A/OFF
20985,2026-06-03 18:12:53,19.6000,12.00,0.000,0.000,OFF,#1,HOLDING,0.000A/OFF
20986,2026-06-03 18:12:54,19.6000,12.00,0.000,0.000,B,#1,HOLDING,0.105A/B
20987,2026-06-03 18:12:56,19.6375,12.00,0.000,0.000,B,#1,HOLDING,0.114A/B
20988,2026-06-03 18:12:58,19.6625,12.00,0.000,0.000,B,#1,HOLDING,0.121A/B
20989,2026-06-03 18:13:00,19.7000,0.83,0.000,0.000,B,#1,HOLDING,0.125A/B
20990,2026-06-03 18:13:02,19.7500,0.83,0.125,0.116,B,#1,HOLDING,0.129A/B
20991,2026-06-03 18:13:04,19.7625,0.83,0.125,0.116,B,#1,HOLDING,0.137A/B
20992,2026-06-03 18:13:06,19.8125,0.83,0.125,0.116,B,#1,HOLDING,0.137A/B
20993,2026-06-03 18:13:07,19.8750,1.05,0.125,0.116,B,#1,HOLDING,0.136A/B
20994,2026-06-03 18:13:09,19.9000,1.05,0.136,0.148,B,#1,HOLDING,0.135A/B
20995,2026-06-03 18:13:12,19.9500,1.05,0.136,0.148,B,#2,APPROACH,0.134A/B
20996,2026-06-03 18:13:13,20.0000,1.05,0.136,0.148,B,#2,APPROACH,0.129A/B
20997,2026-06-03 18:13:15,20.0375,1.05,0.136,0.148,B,#2,APPROACH,0.138A/B
20998,2026-06-03 18:13:17,20.1125,6.67,0.136,0.148,B,#2,APPROACH,0.169A/B
20999,2026-06-03 18:13:19,20.1250,6.67,0.217,0.294,B,#2,APPROACH,0.221A/B
21000,2026-06-03 18:13:21,20.1750,6.67,0.217,0.294,B,#2,APPROACH,0.303A/B
21001,2026-06-03 18:13:23,20.2625,6.67,0.217,0.294,B,#2,APPROACH,0.359A/B
21002,2026-06-03 18:13:25,20.3625,3.34,0.217,0.294,B,#2,APPROACH,0.424A/B
21003,2026-06-03 18:13:27,20.4500,3.34,0.396,1.674,B,#2,APPROACH,0.491A/B
21004,2026-06-03 18:13:29,20.5500,3.34,0.396,1.674,B,#2,APPROACH,0.580A/B
21005,2026-06-03 18:13:31,20.6625,3.34,0.396,1.674,B,#2,APPROACH,0.624A/B
21006,2026-06-03 18:13:32,20.7625,5.49,0.396,1.674,B,#2,APPROACH,0.687A/B
21007,2026-06-03 18:13:34,20.8500,5.49,0.687,4.211,B,#2,APPROACH,0.737A/B
21008,2026-06-03 18:13:37,20.9500,5.49,0.687,4.211,B,#2,APPROACH,0.816A/B
21009,2026-06-03 18:13:38,21.0500,5.49,0.687,4.211,B,#2,APPROACH,0.858A/B
21010,2026-06-03 18:13:40,21.1500,7.40,0.687,4.211,B,#2,APPROACH,0.875A/B
21011,2026-06-03 18:13:42,21.2875,7.40,0.864,6.685,B,#2,APPROACH,0.901A/B
21012,2026-06-03 18:13:44,21.3875,7.40,0.864,6.685,B,#2,APPROACH,0.938A/B
21013,2026-06-03 18:13:46,21.5125,7.40,0.864,6.685,B,#2,HOLDING,0.912A/B
21014,2026-06-03 18:13:48,21.6375,7.40,0.864,6.685,OFF,#2,HOLDING,0.000A/OFF
21015,2026-06-03 18:13:49,21.6375,7.90,0.864,6.685,OFF,#2,HOLDING,0.000A/OFF
21016,2026-06-03 18:13:50,21.7875,7.90,0.912,6.685,OFF,#2,HOLDING,0.000A/OFF
21017,2026-06-03 18:13:51,21.9125,7.90,0.912,4.684,OFF,#2,HOLDING,0.000A/OFF
21018,2026-06-03 18:13:52,21.9125,7.90,0.912,4.684,OFF,#2,HOLDING,0.000A/OFF
21019,2026-06-03 18:13:53,22.0500,7.90,0.912,4.684,OFF,#2,HOLDING,0.000A/OFF
21020,2026-06-03 18:13:54,22.0500,7.90,0.912,4.684,OFF,#2,HOLDING,0.000A/OFF
21021,2026-06-03 18:13:55,22.2000,12.00,0.912,4.684,OFF,#2,HOLDING,0.000A/OFF
21022,2026-06-03 18:13:56,22.2000,12.00,0.000,4.684,OFF,#2,HOLDING,0.000A/OFF
21023,2026-06-03 18:13:57,22.3625,12.00,0.000,0.000,OFF,#2,HOLDING,0.000A/OFF
21024,2026-06-03 18:13:58,22.3625,12.00,0.000,0.000,OFF,#2,HOLDING,0.000A/OFF
21025,2026-06-03 18:13:59,22.4625,12.00,0.000,0.000,OFF,#2,HOLDING,0.000A/OFF
21026,2026-06-03 18:14:00,22.4625,12.00,0.000,0.000,OFF,#2,HOLDING,0.000A/OFF
21027,2026-06-03 18:14:01,22.5750,12.00,0.000,0.000,OFF,#2,HOLDING,0.000A/OFF
21028,2026-06-03 18:14:02,22.5750,12.00,0.000,0.000,OFF,#2,HOLDING,0.000A/OFF
21029,2026-06-03 18:14:03,22.7000,12.00,0.000,0.000,OFF,#2,HOLDING,0.000A/OFF
21030,2026-06-03 18:14:04,22.7000,12.00,0.000,0.000,OFF,#2,HOLDING,0.000A/OFF
21031,2026-06-03 18:14:05,22.7875,12.00,0.000,0.000,OFF,#2,HOLDING,0.000A/OFF
21032,2026-06-03 18:14:06,22.7875,12.00,0.000,0.000,OFF,#2,HOLDING,0.000A/OFF
21033,2026-06-03 18:14:07,22.8625,12.00,0.000,0.000,OFF,#2,HOLDING,0.000A/OFF
21034,2026-06-03 18:14:08,22.8625,12.00,0.000,0.000,OFF,#2,HOLDING,0.000A/OFF
21035,2026-06-03 18:14:09,22.9500,12.00,0.000,0.000,OFF,#2,HOLDING,0.000A/OFF
21036,2026-06-03 18:14:10,23.0250,12.00,0.000,0.000,OFF,#2,HOLDING,0.000A/OFF
21037,2026-06-03 18:14:11,23.0250,12.00,0.000,0.000,OFF,#2,HOLDING,0.000A/OFF
21038,2026-06-03 18:14:12,23.0750,12.00,0.000,0.000,OFF,#2,HOLDING,0.000A/OFF
21039,2026-06-03 18:14:13,23.0750,12.00,0.000,0.000,OFF,#2,HOLDING,0.000A/OFF
21040,2026-06-03 18:14:14,23.1500,12.00,0.000,0.000,OFF,#2,HOLDING,0.000A/OFF
21041,2026-06-03 18:14:15,23.1500,12.00,0.000,0.000,OFF,#2,HOLDING,0.000A/OFF
21042,2026-06-03 18:14:16,23.1875,12.00,0.000,0.000,OFF,#2,HOLDING,0.000A/OFF
21043,2026-06-03 18:14:17,23.1875,12.00,0.000,0.000,OFF,#2,HOLDING,0.000A/OFF
21044,2026-06-03 18:14:18,23.2375,12.00,0.000,0.000,A,#2,HOLDING,0.115A/A
21045,2026-06-03 18:14:19,23.2375,12.00,0.000,0.000,A,#2,HOLDING,0.133A/A
21046,2026-06-03 18:14:21,23.2500,0.96,0.000,0.000,A,#2,HOLDING,0.162A/A
21047,2026-06-03 18:14:23,23.3000,0.96,0.162,0.215,A,#2,HOLDING,0.191A/A
21048,2026-06-03 18:14:25,23.3500,0.96,0.162,0.215,A,#2,HOLDING,0.239A/A
21049,2026-06-03 18:14:27,23.3750,0.96,0.162,0.215,A,#2,HOLDING,0.271A/A
21050,2026-06-03 18:14:28,23.3750,2.33,0.162,0.215,A,#2,HOLDING,0.302A/A
21051,2026-06-03 18:14:30,23.3750,2.33,0.284,0.815,A,#2,HOLDING,0.334A/A
21052,2026-06-03 18:14:33,23.3750,2.33,0.284,0.815,A,#2,HOLDING,0.377A/A
21053,2026-06-03 18:14:34,23.3750,2.33,0.284,0.815,A,#2,HOLDING,0.408A/A
21054,2026-06-03 18:14:36,23.3750,3.63,0.284,0.815,A,#2,HOLDING,0.444A/A
21055,2026-06-03 18:14:38,23.3750,3.63,0.432,1.793,A,#2,HOLDING,0.480A/A
21056,2026-06-03 18:14:40,23.3125,3.63,0.432,1.793,A,#2,HOLDING,0.518A/A
21057,2026-06-03 18:14:42,23.3125,3.63,0.432,1.793,A,#2,HOLDING,0.547A/A
21058,2026-06-03 18:14:44,23.2750,4.80,0.432,1.793,A,#2,HOLDING,0.575A/A
21059,2026-06-03 18:14:45,23.2250,4.80,0.559,2.978,A,#2,HOLDING,0.605A/A
21060,2026-06-03 18:14:48,23.1875,4.80,0.559,2.978,A,#3,APPROACH,0.640A/A
21061,2026-06-03 18:14:49,23.1125,4.80,0.559,2.978,OFF,#3,HOLDING,0.000A/OFF
21062,2026-06-03 18:14:50,23.0875,4.80,0.559,2.978,OFF,#3,HOLDING,0.000A/OFF
21063,2026-06-03 18:14:51,23.0875,4.80,0.559,2.978,OFF,#3,HOLDING,0.000A/OFF
21064,2026-06-03 18:14:52,23.0125,12.00,0.559,2.978,OFF,#3,HOLDING,0.000A/OFF
21065,2026-06-03 18:14:53,23.0125,12.00,0.000,2.978,OFF,#3,HOLDING,0.000A/OFF
21066,2026-06-03 18:14:54,22.9375,12.00,0.000,0.000,OFF,#3,HOLDING,0.000A/OFF
21067,2026-06-03 18:14:55,22.9375,12.00,0.000,0.000,OFF,#3,HOLDING,0.000A/OFF
21068,2026-06-03 18:14:56,22.8625,12.00,0.000,0.000,OFF,#3,HOLDING,0.000A/OFF
21069,2026-06-03 18:14:57,22.8625,12.00,0.000,0.000,OFF,#3,HOLDING,0.000A/OFF
21070,2026-06-03 18:14:58,22.8125,12.00,0.000,0.000,OFF,#3,HOLDING,0.000A/OFF
21071,2026-06-03 18:15:00,22.8125,12.00,0.000,0.000,OFF,#3,HOLDING,0.000A/OFF
21072,2026-06-03 18:15:01,22.7625,12.00,0.000,0.000,OFF,#3,HOLDING,0.000A/OFF
21073,2026-06-03 18:15:02,22.7625,12.00,0.000,0.000,OFF,#3,HOLDING,0.000A/OFF
21074,2026-06-03 18:15:03,22.7375,12.00,0.000,0.000,OFF,#3,HOLDING,0.000A/OFF
21075,2026-06-03 18:15:04,22.7375,12.00,0.000,0.000,OFF,#3,HOLDING,0.000A/OFF
21076,2026-06-03 18:15:05,22.6875,12.00,0.000,0.000,B,#3,HOLDING,0.108A/B
21077,2026-06-03 18:15:06,22.6500,12.00,0.000,0.000,B,#3,HOLDING,0.125A/B
21078,2026-06-03 18:15:08,22.6000,12.00,0.000,0.125,B,#3,HOLDING,0.152A/B
21079,2026-06-03 18:15:10,22.5625,12.00,0.000,0.125,B,#3,HOLDING,0.167A/B
21080,2026-06-03 18:15:11,22.5625,12.00,0.000,0.125,B,#3,HOLDING,0.183A/B
21081,2026-06-03 18:15:13,22.5625,1.53,0.000,0.125,B,#3,HOLDING,0.201A/B
21082,2026-06-03 18:15:15,22.5000,1.53,0.201,0.347,B,#3,HOLDING,0.228A/B
21083,2026-06-03 18:15:17,22.4625,1.53,0.201,0.347,B,#3,HOLDING,0.265A/B
21084,2026-06-03 18:15:19,22.4625,1.53,0.201,0.347,B,#3,HOLDING,0.288A/B
21085,2026-06-03 18:15:21,22.4375,2.49,0.201,0.347,B,#3,HOLDING,0.312A/B
21086,2026-06-03 18:15:22,22.4375,2.49,0.298,0.864,B,#3,HOLDING,0.336A/B
21087,2026-06-03 18:15:25,22.4375,2.49,0.298,0.864,B,#3,HOLDING,0.372A/B
21088,2026-06-03 18:15:26,22.4375,2.49,0.298,0.864,B,#3,HOLDING,0.393A/B
21089,2026-06-03 18:15:28,22.4375,3.48,0.298,0.864,B,#3,HOLDING,0.421A/B
21090,2026-06-03 18:15:30,22.4375,3.48,0.409,1.587,B,#3,HOLDING,0.448A/B
21091,2026-06-03 18:15:32,22.4375,3.48,0.409,1.587,B,#3,HOLDING,0.484A/B
21092,2026-06-03 18:15:34,22.4500,3.48,0.409,1.587,B,#3,HOLDING,0.506A/B
21093,2026-06-03 18:15:36,22.4750,4.43,0.409,1.587,B,#3,HOLDING,0.530A/B
21094,2026-06-03 18:15:38,22.5000,4.43,0.530,2.533,B,#3,HOLDING,0.552A/B
21095,2026-06-03 18:15:40,22.5500,4.43,0.530,2.533,B,#3,HOLDING,0.580A/B
21096,2026-06-03 18:15:42,22.5625,4.43,0.530,2.533,B,#3,HOLDING,0.601A/B
21097,2026-06-03 18:15:44,22.6125,5.35,0.530,2.533,B,#3,HOLDING,0.620A/B
21098,2026-06-03 18:15:45,22.6625,5.35,0.608,3.478,B,#3,HOLDING,0.638A/B
21099,2026-06-03 18:15:48,22.6875,5.35,0.608,3.478,B,#3,HOLDING,0.661A/B
21100,2026-06-03 18:15:49,22.7500,5.35,0.608,3.478,B,#3,HOLDING,0.673A/B
21101,2026-06-03 18:15:51,22.8000,6.06,0.608,3.478,B,#4,APPROACH,0.687A/B
21102,2026-06-03 18:15:53,22.8875,6.06,0.687,0.000,B,#4,APPROACH,0.101A/B
21103,2026-06-03 18:15:56,22.9375,6.06,0.687,0.000,B,#4,APPROACH,0.133A/B
21104,2026-06-03 18:15:58,23.0875,6.06,0.687,0.000,B,#4,APPROACH,0.157A/B
21105,2026-06-03 18:15:59,23.0875,6.06,0.687,0.000,B,#4,APPROACH,0.200A/B
21106,2026-06-03 18:16:01,23.1625,2.30,0.687,0.000,B,#4,APPROACH,0.240A/B
21107,2026-06-03 18:16:03,23.2375,2.30,0.218,0.638,B,#4,APPROACH,0.295A/B
21108,2026-06-03 18:16:05,23.2875,2.30,0.218,0.638,B,#4,APPROACH,0.355A/B
21109,2026-06-03 18:16:07,23.3625,2.30,0.218,0.638,B,#4,APPROACH,0.394A/B
21110,2026-06-03 18:16:08,23.4125,3.90,0.218,0.638,B,#4,APPROACH,0.441A/B
21111,2026-06-03 18:16:10,23.4875,3.90,0.425,1.913,B,#4,APPROACH,0.478A/B
21112,2026-06-03 18:16:13,23.5625,3.90,0.425,1.913,B,#4,APPROACH,0.531A/B
21113,2026-06-03 18:16:14,23.6125,3.90,0.425,1.913,B,#4,APPROACH,0.563A/B
21114,2026-06-03 18:16:16,23.6875,5.24,0.425,1.913,B,#4,APPROACH,0.597A/B
21115,2026-06-03 18:16:18,23.7375,5.24,0.597,3.361,B,#4,HOLDING,0.582A/B
21116,2026-06-03 18:16:20,23.8250,5.24,0.597,3.361,OFF,#4,HOLDING,0.000A/OFF
21117,2026-06-03 18:16:21,23.8750,5.24,0.597,3.361,OFF,#4,HOLDING,0.000A/OFF
21118,2026-06-03 18:16:22,23.8750,5.24,0.597,3.361,OFF,#4,HOLDING,0.000A/OFF
21119,2026-06-03 18:16:23,23.9375,5.24,0.597,3.361,OFF,#4,HOLDING,0.000A/OFF
21120,2026-06-03 18:16:24,23.9375,12.00,0.000,3.361,OFF,#4,HOLDING,0.000A/OFF
21121,2026-06-03 18:16:25,23.9875,12.00,0.000,0.000,B,#4,HOLDING,0.100A/B
21122,2026-06-03 18:16:27,24.1000,12.00,0.000,0.000,B,#4,HOLDING,0.121A/B
21123,2026-06-03 18:16:29,24.1500,12.00,0.000,0.000,B,#4,HOLDING,0.133A/B
21124,2026-06-03 18:16:30,24.1875,1.58,0.000,0.000,B,#4,HOLDING,0.157A/B
21125,2026-06-03 18:16:32,24.2375,1.58,0.143,0.285,B,#4,HOLDING,0.180A/B
21126,2026-06-03 18:16:35,24.2875,1.58,0.143,0.285,B,#4,HOLDING,0.202A/B
21127,2026-06-03 18:16:36,24.3125,1.58,0.143,0.285,B,#4,HOLDING,0.215A/B
21128,2026-06-03 18:16:38,24.3750,2.30,0.143,0.285,B,#4,HOLDING,0.225A/B
21129,2026-06-03 18:16:40,24.3750,2.30,0.225,0.544,B,#4,HOLDING,0.241A/B
21130,2026-06-03 18:16:42,24.4125,2.30,0.225,0.544,B,#4,HOLDING,0.255A/B
21131,2026-06-03 18:16:44,24.4375,2.30,0.225,0.544,B,#4,HOLDING,0.266A/B
21132,2026-06-03 18:16:46,24.4500,2.71,0.225,0.544,B,#4,HOLDING,0.274A/B
21133,2026-06-03 18:16:48,24.4750,2.71,0.274,0.775,B,#4,HOLDING,0.282A/B
21134,2026-06-03 18:16:50,24.5000,2.71,0.274,0.775,B,#4,HOLDING,0.293A/B
21135,2026-06-03 18:16:51,24.5000,2.71,0.274,0.775,B,#4,HOLDING,0.300A/B
21136,2026-06-03 18:16:53,24.5000,3.03,0.274,0.775,B,#4,HOLDING,0.310A/B
21137,2026-06-03 18:16:55,24.5375,3.03,0.310,0.979,B,#4,HOLDING,0.314A/B
21138,2026-06-03 18:16:57,24.5875,3.03,0.310,0.979,B,#4,HOLDING,0.316A/B
21139,2026-06-03 18:16:59,24.6125,3.03,0.310,0.979,B,#4,HOLDING,0.316A/B
21140,2026-06-03 18:17:01,24.6125,3.19,0.310,0.979,B,#4,HOLDING,0.323A/B
21141,2026-06-03 18:17:03,24.6250,3.19,0.323,1.062,B,#4,HOLDING,0.328A/B
21142,2026-06-03 18:17:05,24.6875,3.19,0.323,1.062,B,#4,HOLDING,0.327A/B
21143,2026-06-03 18:17:07,24.6875,3.19,0.323,1.062,B,#4,HOLDING,0.327A/B
21144,2026-06-03 18:17:09,24.6875,3.28,0.323,1.062,B,#4,HOLDING,0.329A/B
21145,2026-06-03 18:17:10,24.7000,3.28,0.329,1.102,B,#4,HOLDING,0.332A/B
21146,2026-06-03 18:17:13,24.7500,3.28,0.329,1.102,B,#4,HOLDING,0.326A/B
21147,2026-06-03 18:17:14,24.7500,3.28,0.329,1.102,B,#4,HOLDING,0.324A/B
21148,2026-06-03 18:17:16,24.7500,3.29,0.329,1.102,B,#4,HOLDING,0.324A/B
21149,2026-06-03 18:17:18,24.7875,3.29,0.324,1.078,B,#5,APPROACH,0.320A/B
21150,2026-06-03 18:17:20,24.8125,3.29,0.324,1.078,B,#5,APPROACH,0.291A/B
21151,2026-06-03 18:17:22,24.8375,3.29,0.324,1.078,B,#5,APPROACH,0.324A/B
21152,2026-06-03 18:17:25,24.8500,3.29,0.324,1.078,B,#5,APPROACH,0.376A/B
21153,2026-06-03 18:17:27,24.8750,8.18,0.376,1.078,B,#5,APPROACH,0.443A/B
21154,2026-06-03 18:17:28,24.8875,8.18,0.376,1.935,B,#5,APPROACH,0.516A/B
21155,2026-06-03 18:17:30,24.9375,8.18,0.376,1.935,B,#5,APPROACH,0.584A/B
21156,2026-06-03 18:17:32,24.9375,8.18,0.376,1.935,B,#5,APPROACH,0.667A/B
21157,2026-06-03 18:17:34,24.9500,6.11,0.376,1.935,B,#5,APPROACH,0.776A/B
21158,2026-06-03 18:17:35,25.0000,6.11,0.719,5.478,B,#5,APPROACH,0.893A/B
21159,2026-06-03 18:17:38,25.0875,6.11,0.719,5.478,B,#5,APPROACH,1.057A/B
21160,2026-06-03 18:17:39,25.0875,6.11,0.719,5.478,B,#5,APPROACH,1.183A/B
21161,2026-06-03 18:17:41,25.1125,9.88,0.719,5.478,B,#5,APPROACH,1.342A/B
21162,2026-06-03 18:17:43,25.2125,9.88,1.312,14.923,B,#5,APPROACH,1.500A/B
21163,2026-06-03 18:17:45,25.3000,9.88,1.312,14.923,B,#5,APPROACH,1.496A/B
21164,2026-06-03 18:17:47,25.3000,9.88,1.312,14.923,B,#5,APPROACH,1.651A/B
21165,2026-06-03 18:17:49,25.3625,12.00,1.312,14.923,B,#5,APPROACH,1.000A/B
21166,2026-06-03 18:17:51,25.4625,12.00,1.228,9.000,B,#5,APPROACH,1.822A/B
21167,2026-06-03 18:17:53,25.7250,12.00,1.228,9.000,B,#5,APPROACH,2.011A/B
21168,2026-06-03 18:17:54,25.7250,12.00,1.228,9.000,B,#5,APPROACH,1.000A/B
21169,2026-06-03 18:17:56,25.8500,9.06,1.228,9.000,B,#5,APPROACH,2.148A/B
21170,2026-06-03 18:17:58,25.9500,9.06,1.419,16.896,B,#5,APPROACH,1.000A/B
21171,2026-06-03 18:18:01,26.1125,9.06,1.419,16.896,B,#5,APPROACH,2.291A/B
21172,2026-06-03 18:18:02,26.2625,9.06,1.419,16.896,B,#5,APPROACH,1.500A/B
21173,2026-06-03 18:18:04,26.3625,12.00,1.419,16.896,B,#5,APPROACH,2.401A/B
21174,2026-06-03 18:18:06,26.5375,12.00,1.398,16.572,B,#5,APPROACH,1.500A/B
21175,2026-06-03 18:18:08,26.6750,12.00,1.398,16.572,B,#5,APPROACH,1.000A/B
21176,2026-06-03 18:18:10,26.8750,12.00,1.398,16.572,B,#5,APPROACH,1.000A/B
21177,2026-06-03 18:18:12,26.9875,9.39,1.398,16.572,B,#5,APPROACH,2.000A/B
21178,2026-06-03 18:18:13,27.1875,9.39,1.282,16.332,B,#5,APPROACH,1.000A/B
21179,2026-06-03 18:18:16,27.3625,9.39,1.282,16.332,B,#5,APPROACH,1.000A/B
21180,2026-06-03 18:18:17,27.5125,9.39,1.282,16.332,B,#5,APPROACH,2.000A/B
21181,2026-06-03 18:18:19,27.7125,12.00,1.282,16.332,B,#5,APPROACH,1.500A/B
21182,2026-06-03 18:18:21,27.9125,12.00,1.357,16.116,B,#5,APPROACH,1.500A/B
21183,2026-06-03 18:18:23,28.1125,12.00,1.357,16.116,B,#5,APPROACH,1.000A/B
21184,2026-06-03 18:18:25,28.3125,12.00,1.357,16.116,B,#5,APPROACH,2.389A/B
21185,2026-06-03 18:18:27,28.4875,12.00,1.357,16.116,B,#5,APPROACH,2.447A/B
21186,2026-06-03 18:18:29,28.6875,12.00,1.340,15.924,B,#5,APPROACH,1.500A/B
21187,2026-06-03 18:18:31,28.8750,12.00,1.340,15.924,B,#5,APPROACH,2.489A/B
21188,2026-06-03 18:18:33,29.0750,12.00,1.340,15.924,B,#5,APPROACH,2.509A/B
21189,2026-06-03 18:18:34,29.3000,12.00,1.340,15.924,B,#5,HOLDING,2.485A/B
21190,2026-06-03 18:18:36,29.5000,12.00,1.323,15.924,OFF,#5,HOLDING,0.000A/OFF
21191,2026-06-03 18:18:37,29.7125,12.00,1.323,15.732,OFF,#5,HOLDING,0.000A/OFF
21192,2026-06-03 18:18:38,29.7125,12.00,1.323,15.732,OFF,#5,HOLDING,0.000A/OFF
21193,2026-06-03 18:18:39,29.8875,12.00,1.323,15.732,OFF,#5,HOLDING,0.000A/OFF
21194,2026-06-03 18:18:40,29.8875,12.00,1.323,15.732,OFF,#5,HOLDING,0.000A/OFF
21195,2026-06-03 18:18:41,30.1125,12.00,1.323,15.732,OFF,#5,HOLDING,0.000A/OFF
21196,2026-06-03 18:18:42,30.1125,12.00,1.323,15.732,OFF,#5,HOLDING,0.000A/OFF
21197,2026-06-03 18:18:43,30.3125,12.00,0.000,15.732,OFF,#5,HOLDING,0.000A/OFF
21198,2026-06-03 18:18:44,30.3125,12.00,0.000,0.000,OFF,#5,HOLDING,0.000A/OFF
21199,2026-06-03 18:18:45,30.4875,12.00,0.000,0.000,OFF,#5,HOLDING,0.000A/OFF
21200,2026-06-03 18:18:46,30.4875,12.00,0.000,0.000,OFF,#5,HOLDING,0.000A/OFF
21201,2026-06-03 18:18:47,30.6625,12.00,0.000,0.000,OFF,#5,HOLDING,0.000A/OFF
21202,2026-06-03 18:18:48,30.6625,12.00,0.000,0.000,OFF,#5,HOLDING,0.000A/OFF
21203,2026-06-03 18:18:49,30.8000,12.00,0.000,0.000,OFF,#5,HOLDING,0.000A/OFF
21204,2026-06-03 18:18:50,30.8000,12.00,0.000,0.000,OFF,#5,HOLDING,0.000A/OFF
21205,2026-06-03 18:18:51,30.9000,12.00,0.000,0.000,OFF,#5,HOLDING,0.000A/OFF
21206,2026-06-03 18:18:52,30.9000,12.00,0.000,0.000,OFF,#5,HOLDING,0.000A/OFF
21207,2026-06-03 18:18:53,31.0375,12.00,0.000,0.000,OFF,#5,HOLDING,0.000A/OFF
21208,2026-06-03 18:18:54,31.0875,12.00,0.000,0.000,OFF,#5,HOLDING,0.000A/OFF
21209,2026-06-03 18:18:55,31.0875,12.00,0.000,0.000,A,#5,HOLDING,0.112A/A
21210,2026-06-03 18:18:57,31.1375,12.00,0.000,0.000,A,#5,HOLDING,0.122A/A
21211,2026-06-03 18:18:59,31.1875,12.00,0.000,0.000,A,#5,HOLDING,0.151A/A
21212,2026-06-03 18:19:00,31.1875,12.00,0.000,0.000,A,#5,HOLDING,0.182A/A
21213,2026-06-03 18:19:02,31.2500,0.95,0.000,0.000,A,#5,HOLDING,0.274A/A
21214,2026-06-03 18:19:04,31.2500,0.95,0.274,0.520,A,#5,HOLDING,0.307A/A
21215,2026-06-03 18:19:06,31.2500,0.95,0.274,0.520,A,#5,HOLDING,0.357A/A
21216,2026-06-03 18:19:08,31.2500,0.95,0.274,0.520,A,#5,HOLDING,0.385A/A
21217,2026-06-03 18:19:10,31.2250,2.92,0.274,0.520,A,#5,HOLDING,0.419A/A
21218,2026-06-03 18:19:11,31.2250,2.92,0.400,1.391,A,#5,HOLDING,0.457A/A
21219,2026-06-03 18:19:14,31.1375,2.92,0.400,1.391,A,#5,HOLDING,0.443A/A
21220,2026-06-03 18:19:15,31.0500,2.92,0.400,1.391,A,#5,HOLDING,0.463A/A
21221,2026-06-03 18:19:17,30.9500,3.74,0.400,1.391,A,#5,HOLDING,0.482A/A
21222,2026-06-03 18:19:19,30.9500,3.74,0.471,1.932,A,#5,HOLDING,0.516A/A
21223,2026-06-03 18:19:22,30.7625,3.74,0.471,1.932,A,#5,HOLDING,0.539A/A
21224,2026-06-03 18:19:23,30.6500,3.74,0.471,1.932,A,#5,HOLDING,0.551A/A
21225,2026-06-03 18:19:25,30.5250,4.64,0.471,1.932,A,#5,HOLDING,0.552A/A
21226,2026-06-03 18:19:27,30.5250,4.64,0.552,2.638,A,#5,HOLDING,0.577A/A
21227,2026-06-03 18:19:29,30.2500,4.64,0.552,2.638,A,#5,HOLDING,0.572A/A
21228,2026-06-03 18:19:31,30.1125,4.64,0.552,2.638,A,#5,HOLDING,0.566A/A
21229,2026-06-03 18:19:33,29.9625,4.92,0.552,2.638,A,#5,HOLDING,0.543A/A
21230,2026-06-03 18:19:35,29.9625,4.92,0.543,2.633,A,#5,HOLDING,0.554A/A
21231,2026-06-03 18:19:37,29.6500,4.92,0.543,2.633,A,#5,HOLDING,0.519A/A
21232,2026-06-03 18:19:39,29.4875,4.92,0.543,2.633,A,#5,HOLDING,0.492A/A
21233,2026-06-03 18:19:40,29.3375,4.45,0.543,2.633,A,#5,HOLDING,0.445A/A
21234,2026-06-03 18:19:42,29.3375,4.45,0.445,1.855,A,#5,HOLDING,0.437A/A
21235,2026-06-03 18:19:45,29.0000,4.45,0.445,1.855,A,#5,HOLDING,0.310A/A
21236,2026-06-03 18:19:46,28.8250,4.45,0.445,1.855,A,#5,HOLDING,0.251A/A
21237,2026-06-03 18:19:48,28.6250,2.57,0.445,1.855,A,#5,HOLDING,0.159A/A
21238,2026-06-03 18:19:50,28.4500,2.57,0.159,1.855,OFF,#5,HOLDING,0.000A/OFF
21239,2026-06-03 18:19:51,28.4500,2.57,0.159,0.294,OFF,#5,HOLDING,0.000A/OFF
21240,2026-06-03 18:19:52,28.3000,2.57,0.159,0.294,OFF,#5,HOLDING,0.000A/OFF
21241,2026-06-03 18:19:53,28.3000,2.57,0.159,0.294,OFF,#5,HOLDING,0.000A/OFF
21242,2026-06-03 18:19:54,28.1375,2.57,0.159,0.294,OFF,#5,HOLDING,0.000A/OFF
21243,2026-06-03 18:19:55,28.1375,2.57,0.159,0.294,OFF,#5,HOLDING,0.000A/OFF
21244,2026-06-03 18:19:56,27.9875,12.00,0.000,0.294,B,#5,HOLDING,0.169A/B
21245,2026-06-03 18:19:58,27.9875,12.00,0.000,0.000,B,#5,HOLDING,0.208A/B
21246,2026-06-03 18:19:59,27.8250,12.00,0.000,0.000,B,#5,HOLDING,0.312A/B
21247,2026-06-03 18:20:01,27.6750,12.00,0.000,0.000,B,#5,HOLDING,0.391A/B
21248,2026-06-03 18:20:03,27.5125,3.35,0.000,0.000,B,#5,HOLDING,0.517A/B
21249,2026-06-03 18:20:05,27.3625,3.35,0.517,2.321,B,#5,HOLDING,0.628A/B
21250,2026-06-03 18:20:07,27.2375,3.35,0.517,2.321,B,#5,HOLDING,0.765A/B
21251,2026-06-03 18:20:08,27.1125,3.35,0.517,2.321,B,#5,HOLDING,0.835A/B
21252,2026-06-03 18:20:10,27.0125,6.99,0.517,2.321,B,#5,HOLDING,0.959A/B
21253,2026-06-03 18:20:12,26.8875,6.99,0.959,7.815,B,#5,HOLDING,1.088A/B
21254,2026-06-03 18:20:15,26.8000,6.99,0.959,7.815,B,#5,HOLDING,1.252A/B
21255,2026-06-03 18:20:16,26.7500,6.99,0.959,7.815,B,#5,HOLDING,1.363A/B
21256,2026-06-03 18:20:18,26.7125,10.89,0.959,7.815,B,#5,HOLDING,1.000A/B
21257,2026-06-03 18:20:20,26.6875,10.89,1.000,8.660,B,#5,HOLDING,1.492A/B
21258,2026-06-03 18:20:22,26.6875,10.89,1.000,8.660,B,#5,HOLDING,1.000A/B
21259,2026-06-03 18:20:24,26.6875,10.89,1.000,8.660,B,#5,HOLDING,1.000A/B
21260,2026-06-03 18:20:26,26.7250,8.79,1.000,8.660,B,#5,HOLDING,1.000A/B
21261,2026-06-03 18:20:28,26.7500,8.79,1.000,8.960,B,#5,HOLDING,1.651A/B
21262,2026-06-03 18:20:30,26.7875,8.79,1.000,8.960,B,#5,HOLDING,1.500A/B
21263,2026-06-03 18:20:32,26.8375,8.79,1.000,8.960,B,#5,HOLDING,1.805A/B
21264,2026-06-03 18:20:33,26.9125,12.00,1.000,8.960,B,#5,HOLDING,1.921A/B
21265,2026-06-03 18:20:35,26.9625,12.00,1.434,17.028,B,#5,HOLDING,1.500A/B
21266,2026-06-03 18:20:38,27.0500,12.00,1.434,17.028,B,#5,HOLDING,2.032A/B
21267,2026-06-03 18:20:39,27.1500,12.00,1.434,17.028,B,#5,HOLDING,2.123A/B
21268,2026-06-03 18:20:41,27.2375,12.00,1.434,17.028,B,#5,HOLDING,1.500A/B
21269,2026-06-03 18:20:43,27.3625,12.00,1.396,16.572,B,#5,HOLDING,1.000A/B
21270,2026-06-03 18:20:45,27.4750,12.00,1.396,16.572,B,#5,HOLDING,2.000A/B
21271,2026-06-03 18:20:47,27.5750,12.00,1.396,16.572,B,#5,HOLDING,2.184A/B
21272,2026-06-03 18:20:49,27.7375,12.00,1.396,16.572,B,#5,HOLDING,1.000A/B
21273,2026-06-03 18:20:51,27.8875,12.00,1.051,9.430,B,#5,HOLDING,2.250A/B
21274,2026-06-03 18:20:53,28.0500,12.00,1.051,9.430,B,#5,HOLDING,2.000A/B
21275,2026-06-03 18:20:55,28.2250,12.00,1.051,9.430,B,#5,HOLDING,1.000A/B
21276,2026-06-03 18:20:57,28.3625,9.36,1.051,9.430,B,#5,HOLDING,1.500A/B
21277,2026-06-03 18:20:58,28.5375,9.36,1.357,16.152,B,#5,HOLDING,1.000A/B
21278,2026-06-03 18:21:01,28.7125,9.36,1.357,16.152,B,#5,HOLDING,2.311A/B
21279,2026-06-03 18:21:02,28.8875,9.36,1.357,16.152,B,#5,HOLDING,2.338A/B
21280,2026-06-03 18:21:04,29.0500,12.00,1.357,16.152,B,#5,HOLDING,2.000A/B
21281,2026-06-03 18:21:06,29.2500,12.00,1.342,15.948,B,#5,HOLDING,1.000A/B
21282,2026-06-03 18:21:08,29.4250,12.00,1.342,15.948,OFF,--,DONE,1.500A/B
21283,2026-06-03 18:21:10,29.5750,12.00,1.342,15.948,OFF,--,DONE,--
21284,2026-06-03 18:21:11,29.7750,12.00,1.342,15.948,OFF,--,DONE,--
21285,2026-06-03 18:21:12,29.7750,12.00,1.342,15.948,OFF,--,DONE,--
21286,2026-06-03 18:21:13,29.9500,12.00,0.000,15.948,OFF,--,DONE,--
21287,2026-06-03 18:21:14,29.9500,12.00,0.000,0.000,OFF,--,DONE,--
21288,2026-06-03 18:21:15,30.1375,12.00,0.000,0.000,OFF,--,DONE,--
21289,2026-06-03 18:21:16,30.3125,12.00,0.000,0.000,OFF,--,DONE,--
21290,2026-06-03 18:21:17,30.3125,12.00,0.000,0.000,OFF,--,DONE,--
21291,2026-06-03 18:21:18,30.4500,12.00,0.000,0.000,OFF,--,DONE,--
21292,2026-06-03 18:21:19,30.4500,12.00,0.000,0.000,OFF,--,DONE,--
21293,2026-06-03 18:21:20,30.5750,12.00,0.000,0.000,OFF,--,DONE,--
21294,2026-06-03 18:21:21,30.5750,12.00,0.000,0.000,OFF,--,DONE,--
21295,2026-06-03 18:21:22,30.6750,12.00,0.000,0.000,OFF,--,DONE,--
21296,2026-06-03 18:21:23,30.6750,12.00,0.000,0.000,OFF,--,DONE,--
21297,2026-06-03 18:21:24,30.8000,12.00,0.000,0.000,OFF,--,DONE,--
21298,2026-06-03 18:21:25,30.8000,12.00,0.000,0.000,OFF,--,DONE,--
21299,2026-06-03 18:21:27,30.8250,12.00,0.000,0.000,OFF,--,DONE,--
21300,2026-06-03 18:21:28,30.8250,12.00,0.000,0.000,OFF,--,DONE,--
21301,2026-06-03 18:21:29,30.8750,12.00,0.000,0.000,OFF,--,DONE,--
21302,2026-06-03 18:21:30,30.8750,12.00,0.000,0.000,OFF,--,DONE,--
21303,2026-06-03 18:21:31,30.9375,12.00,0.000,0.000,OFF,--,DONE,--
21304,2026-06-03 18:21:32,30.9375,12.00,0.000,0.000,OFF,--,DONE,--
21305,2026-06-03 18:21:33,30.9375,12.00,0.000,0.000,OFF,--,DONE,--
21306,2026-06-03 18:21:34,30.9375,12.00,0.000,0.000,OFF,--,DONE,--
21307,2026-06-03 18:21:35,30.9375,12.00,0.000,0.000,OFF,--,DONE,--
21308,2026-06-03 18:21:36,30.9375,12.00,0.000,0.000,OFF,--,DONE,--
21309,2026-06-03 18:21:37,30.9375,12.00,0.000,0.000,OFF,--,DONE,--
21310,2026-06-03 18:21:38,30.9250,12.00,0.000,0.000,OFF,--,DONE,--
21311,2026-06-03 18:21:39,30.9250,12.00,0.000,0.000,OFF,--,DONE,--
21312,2026-06-03 18:21:40,30.9000,12.00,0.000,0.000,OFF,--,DONE,--
21313,2026-06-03 18:21:41,30.9000,12.00,0.000,0.000,OFF,--,DONE,--
21314,2026-06-03 18:21:42,30.8750,12.00,0.000,0.000,OFF,--,DONE,--
21315,2026-06-03 18:21:43,30.8750,12.00,0.000,0.000,OFF,--,DONE,--
21316,2026-06-03 18:21:44,30.8250,12.00,0.000,0.000,OFF,--,DONE,--
21317,2026-06-03 18:21:45,30.8250,12.00,0.000,0.000,OFF,--,DONE,--
21318,2026-06-03 18:21:46,30.7500,12.00,0.000,0.000,OFF,--,DONE,--
21319,2026-06-03 18:21:47,30.7000,12.00,0.000,0.000,OFF,--,DONE,--
21320,2026-06-03 18:21:48,30.7000,12.00,0.000,0.000,OFF,--,DONE,--
21321,2026-06-03 18:21:49,30.6500,12.00,0.000,0.000,OFF,--,DONE,--
21322,2026-06-03 18:21:50,30.6500,12.00,0.000,0.000,OFF,--,DONE,--
21323,2026-06-03 18:21:51,30.5750,12.00,0.000,0.000,OFF,--,DONE,--
21324,2026-06-03 18:21:52,30.5750,12.00,0.000,0.000,OFF,--,DONE,--
21325,2026-06-03 18:21:53,30.4875,12.00,0.000,0.000,OFF,--,DONE,--
21326,2026-06-03 18:21:54,30.4875,12.00,0.000,0.000,OFF,--,DONE,--
21327,2026-06-03 18:21:55,30.3875,12.00,0.000,0.000,OFF,--,DONE,--
21328,2026-06-03 18:21:56,30.3875,12.00,0.000,0.000,OFF,--,DONE,--
21329,2026-06-03 18:21:57,30.2750,12.00,0.000,0.000,OFF,--,DONE,--
21330,2026-06-03 18:21:58,30.2750,12.00,0.000,0.000,OFF,--,DONE,--
21331,2026-06-03 18:21:59,30.2000,12.00,0.000,0.000,OFF,--,DONE,--
21332,2026-06-03 18:22:00,30.2000,12.00,0.000,0.000,OFF,--,DONE,--
21333,2026-06-03 18:22:01,30.0875,12.00,0.000,0.000,OFF,--,DONE,--
21334,2026-06-03 18:22:02,30.0125,12.00,0.000,0.000,OFF,--,DONE,--
21335,2026-06-03 18:22:03,30.0125,12.00,0.000,0.000,OFF,--,DONE,--
21336,2026-06-03 18:22:04,29.9250,12.00,0.000,0.000,OFF,--,DONE,--
21337,2026-06-03 18:22:05,29.9250,12.00,0.000,0.000,OFF,--,DONE,--
21338,2026-06-03 18:22:06,29.8250,12.00,0.000,0.000,OFF,--,DONE,--
21339,2026-06-03 18:22:08,29.8250,12.00,0.000,0.000,OFF,--,DONE,--
21340,2026-06-03 18:22:09,29.7375,12.00,0.000,0.000,OFF,--,DONE,--
21341,2026-06-03 18:22:10,29.7375,12.00,0.000,0.000,OFF,--,DONE,--
21342,2026-06-03 18:22:11,29.6375,12.00,0.000,0.000,OFF,--,DONE,--
21343,2026-06-03 18:22:12,29.6375,12.00,0.000,0.000,OFF,--,DONE,--
21344,2026-06-03 18:22:13,29.5250,12.00,0.000,0.000,OFF,--,DONE,--
21345,2026-06-03 18:22:14,29.5250,12.00,0.000,0.000,OFF,--,DONE,--
21346,2026-06-03 18:22:15,29.4250,12.00,0.000,0.000,OFF,--,DONE,--
21347,2026-06-03 18:22:16,29.4250,12.00,0.000,0.000,OFF,--,DONE,--
21348,2026-06-03 18:22:17,29.3000,12.00,0.000,0.000,OFF,--,DONE,--
21349,2026-06-03 18:22:18,29.1500,12.00,0.000,0.000,OFF,--,DONE,--
21350,2026-06-03 18:22:19,29.1500,12.00,0.000,0.000,OFF,--,DONE,--
21351,2026-06-03 18:22:20,29.0500,12.00,0.000,0.000,OFF,--,DONE,--
21352,2026-06-03 18:22:21,29.0500,12.00,0.000,0.000,OFF,--,DONE,--
21353,2026-06-03 18:22:22,28.9250,12.00,0.000,0.000,OFF,--,DONE,--
21354,2026-06-03 18:22:23,28.9250,12.00,0.000,0.000,OFF,--,DONE,--
21355,2026-06-03 18:22:24,28.8000,12.00,0.000,0.000,OFF,--,DONE,--
21356,2026-06-03 18:22:25,28.8000,12.00,0.000,0.000,OFF,--,DONE,--
21357,2026-06-03 18:22:26,28.6750,12.00,0.000,0.000,OFF,--,DONE,--
21358,2026-06-03 18:22:27,28.6750,12.00,0.000,0.000,OFF,--,DONE,--
21359,2026-06-03 18:22:28,28.5250,12.00,0.000,0.000,OFF,--,DONE,--
21360,2026-06-03 18:22:29,28.5250,12.00,0.000,0.000,OFF,--,DONE,--
21361,2026-06-03 18:22:30,28.4250,12.00,0.000,0.000,OFF,--,DONE,--
21362,2026-06-03 18:22:31,28.4250,12.00,0.000,0.000,OFF,--,DONE,--
21363,2026-06-03 18:22:32,28.3000,12.00,0.000,0.000,OFF,--,DONE,--
21364,2026-06-03 18:22:33,28.1750,12.00,0.000,0.000,OFF,--,DONE,--
21365,2026-06-03 18:22:34,28.1750,12.00,0.000,0.000,OFF,--,DONE,--
21366,2026-06-03 18:22:35,28.0875,12.00,0.000,0.000,OFF,--,DONE,--
21367,2026-06-03 18:22:36,28.0875,12.00,0.000,0.000,OFF,--,DONE,--
21368,2026-06-03 18:22:37,27.9625,12.00,0.000,0.000,OFF,--,DONE,--
21369,2026-06-03 18:22:38,27.9625,12.00,0.000,0.000,OFF,--,DONE,--
21370,2026-06-03 18:22:39,27.8625,12.00,0.000,0.000,OFF,--,DONE,--
21371,2026-06-03 18:22:40,27.8625,12.00,0.000,0.000,OFF,--,DONE,--
21372,2026-06-03 18:22:41,27.7625,12.00,0.000,0.000,OFF,--,DONE,--
21373,2026-06-03 18:22:42,27.7625,12.00,0.000,0.000,OFF,--,DONE,--
21374,2026-06-03 18:22:44,27.6500,12.00,0.000,0.000,OFF,--,DONE,--
21375,2026-06-03 18:22:45,27.5500,12.00,0.000,0.000,OFF,--,DONE,--
21376,2026-06-03 18:22:46,27.5500,12.00,0.000,0.000,OFF,--,DONE,--
21377,2026-06-03 18:22:47,27.4625,12.00,0.000,0.000,OFF,--,DONE,--
21378,2026-06-03 18:22:48,27.4625,12.00,0.000,0.000,OFF,--,DONE,--
21379,2026-06-03 18:22:49,27.3875,12.00,0.000,0.000,OFF,--,DONE,--
21380,2026-06-03 18:22:50,27.3875,12.00,0.000,0.000,OFF,--,DONE,--
21381,2026-06-03 18:22:51,27.2750,12.00,0.000,0.000,OFF,--,DONE,--
21382,2026-06-03 18:22:52,27.2750,12.00,0.000,0.000,OFF,--,DONE,--
21383,2026-06-03 18:22:53,27.2000,12.00,0.000,0.000,OFF,--,DONE,--
21384,2026-06-03 18:22:54,27.2000,12.00,0.000,0.000,OFF,--,DONE,--
21385,2026-06-03 18:22:55,27.0875,12.00,0.000,0.000,OFF,--,DONE,--
21386,2026-06-03 18:22:56,27.0875,12.00,0.000,0.000,OFF,--,DONE,--
21387,2026-06-03 18:22:57,26.9875,12.00,0.000,0.000,OFF,--,DONE,--
21388,2026-06-03 18:22:58,26.9875,12.00,0.000,0.000,OFF,--,DONE,--
21389,2026-06-03 18:22:59,26.9000,12.00,0.000,0.000,OFF,--,DONE,--
21390,2026-06-03 18:23:00,26.8000,12.00,0.000,0.000,OFF,--,DONE,--
21391,2026-06-03 18:23:01,26.8000,12.00,0.000,0.000,OFF,--,DONE,--
21392,2026-06-03 18:23:02,26.7375,12.00,0.000,0.000,OFF,--,DONE,--
21393,2026-06-03 18:23:03,26.7375,12.00,0.000,0.000,OFF,--,DONE,--
21394,2026-06-03 18:23:04,26.6375,12.00,0.000,0.000,OFF,--,DONE,--
21395,2026-06-03 18:23:05,26.6375,12.00,0.000,0.000,OFF,--,DONE,--
21396,2026-06-03 18:23:06,26.5250,12.00,0.000,0.000,OFF,--,DONE,--
21397,2026-06-03 18:23:07,26.5250,12.00,0.000,0.000,OFF,--,DONE,--
21398,2026-06-03 18:23:08,26.4500,12.00,0.000,0.000,OFF,--,DONE,--
21399,2026-06-03 18:23:09,26.4500,12.00,0.000,0.000,OFF,--,DONE,--
21400,2026-06-03 18:23:10,26.3875,12.00,0.000,0.000,OFF,--,DONE,--
21401,2026-06-03 18:23:11,26.3875,12.00,0.000,0.000,OFF,--,DONE,--
21402,2026-06-03 18:23:12,26.2875,12.00,0.000,0.000,OFF,--,DONE,--
21403,2026-06-03 18:23:13,26.2875,12.00,0.000,0.000,A,#1,APPROACH,3.000A/A
21404,2026-06-03 18:23:16,26.1125,12.00,0.000,0.000,A,#1,APPROACH,2.000A/A
21405,2026-06-03 18:23:18,26.0500,12.00,0.000,0.000,A,#1,APPROACH,1.500A/A
21406,2026-06-03 18:23:20,25.9500,12.00,0.000,0.000,A,#1,APPROACH,1.602A/A
21407,2026-06-03 18:23:22,25.8625,12.00,0.000,0.000,A,#1,APPROACH,1.533A/A
21408,2026-06-03 18:23:23,25.7875,12.00,1.528,18.144,A,#1,APPROACH,2.181A/A
21409,2026-06-03 18:23:26,25.6750,12.00,1.528,18.144,A,#1,APPROACH,2.478A/A
21410,2026-06-03 18:23:27,25.5250,12.00,1.528,18.144,A,#1,APPROACH,2.500A/A
21411,2026-06-03 18:23:29,25.3875,12.00,1.528,18.144,A,#1,APPROACH,1.500A/A
21412,2026-06-03 18:23:31,25.2375,12.00,1.489,17.700,A,#1,APPROACH,1.000A/A
21413,2026-06-03 18:23:33,25.0750,12.00,1.489,17.700,A,#1,APPROACH,2.000A/A
21414,2026-06-03 18:23:35,24.8750,12.00,1.489,17.700,A,#1,APPROACH,2.000A/A
21415,2026-06-03 18:23:37,24.7000,12.00,1.489,17.700,A,#1,APPROACH,1.000A/A
21416,2026-06-03 18:23:39,24.5000,12.00,1.245,8.900,A,#1,APPROACH,2.400A/A
21417,2026-06-03 18:23:41,24.3250,12.00,1.245,8.900,A,#1,APPROACH,2.000A/A
21418,2026-06-03 18:23:43,24.1250,12.00,1.245,8.900,A,#1,APPROACH,2.802A/A
21419,2026-06-03 18:23:45,23.9500,12.00,1.245,8.900,A,#1,APPROACH,1.500A/A
21420,2026-06-03 18:23:46,23.7250,12.00,1.470,17.484,A,#1,APPROACH,1.000A/A
21421,2026-06-03 18:23:49,23.5125,12.00,1.470,17.484,A,#1,APPROACH,2.000A/A
21422,2026-06-03 18:23:50,23.3125,12.00,1.470,17.484,A,#1,APPROACH,2.066A/A
21423,2026-06-03 18:23:52,23.1375,12.00,1.470,17.484,A,#1,APPROACH,1.500A/A
21424,2026-06-03 18:23:54,22.9375,12.00,1.454,17.292,A,#1,APPROACH,1.000A/A
21425,2026-06-03 18:23:56,22.7625,12.00,1.454,17.292,A,#1,APPROACH,2.565A/A
21426,2026-06-03 18:23:58,22.5625,12.00,1.454,17.292,A,#1,APPROACH,2.337A/A
21427,2026-06-03 18:24:00,22.3750,12.00,1.454,17.292,A,#1,APPROACH,2.000A/A
21428,2026-06-03 18:24:02,22.1750,12.00,1.442,17.136,A,#1,APPROACH,2.409A/A
21429,2026-06-03 18:24:04,21.9750,12.00,1.442,17.136,A,#1,APPROACH,2.000A/A
21430,2026-06-03 18:24:06,21.7750,12.00,1.442,17.136,A,#1,APPROACH,1.000A/A
21431,2026-06-03 18:24:08,21.5750,9.13,1.442,17.136,A,#1,APPROACH,2.000A/A
21432,2026-06-03 18:24:09,21.3750,9.13,1.215,16.896,A,#1,APPROACH,1.000A/A
21433,2026-06-03 18:24:12,21.2000,9.13,1.215,16.896,A,#1,APPROACH,2.240A/A
21434,2026-06-03 18:24:13,21.0250,9.13,1.215,16.896,A,#1,APPROACH,2.286A/A
21435,2026-06-03 18:24:15,20.8250,12.00,1.215,16.896,A,#1,APPROACH,2.000A/A
21436,2026-06-03 18:24:17,20.6750,12.00,1.425,16.968,A,#1,APPROACH,1.000A/A
21437,2026-06-03 18:24:20,20.5000,12.00,1.425,16.968,A,#1,APPROACH,2.000A/A
21438,2026-06-03 18:24:21,20.3000,12.00,1.425,16.968,A,#1,APPROACH,2.316A/A
21439,2026-06-03 18:24:23,20.1375,12.00,1.425,16.968,A,#1,APPROACH,1.000A/A
21440,2026-06-03 18:24:25,20.0125,12.00,1.211,9.300,A,#1,APPROACH,2.000A/A
21441,2026-06-03 18:24:27,19.8250,12.00,1.211,9.300,A,#1,HOLDING,1.500A/A
21442,2026-06-03 18:24:29,19.6750,12.00,1.211,9.300,OFF,#1,HOLDING,0.000A/OFF
21443,2026-06-03 18:24:30,19.6750,12.00,1.211,9.300,OFF,#1,HOLDING,0.000A/OFF
21444,2026-06-03 18:24:31,19.5125,12.00,1.211,9.300,OFF,#1,HOLDING,0.000A/OFF
21445,2026-06-03 18:24:32,19.5125,12.00,1.423,9.300,OFF,#1,HOLDING,0.000A/OFF
21446,2026-06-03 18:24:33,19.3625,12.00,1.423,0.000,OFF,#1,HOLDING,0.000A/OFF
21447,2026-06-03 18:24:34,19.3625,12.00,1.423,0.000,OFF,#1,HOLDING,0.000A/OFF
21448,2026-06-03 18:24:35,19.2125,12.00,1.423,0.000,OFF,#1,HOLDING,0.000A/OFF
21449,2026-06-03 18:24:36,19.2125,12.00,1.423,0.000,OFF,#1,HOLDING,0.000A/OFF
21450,2026-06-03 18:24:37,19.0875,12.00,1.423,0.000,OFF,#1,HOLDING,0.000A/OFF
21451,2026-06-03 18:24:38,19.0875,12.00,0.000,0.000,OFF,#1,HOLDING,0.000A/OFF
21452,2026-06-03 18:24:39,18.9625,12.00,0.000,0.000,OFF,#1,HOLDING,0.000A/OFF
21453,2026-06-03 18:24:40,18.9625,12.00,0.000,0.000,OFF,#1,HOLDING,0.000A/OFF
21454,2026-06-03 18:24:41,18.8625,12.00,0.000,0.000,OFF,#1,HOLDING,0.000A/OFF
21455,2026-06-03 18:24:42,18.8625,12.00,0.000,0.000,OFF,#1,HOLDING,0.000A/OFF
21456,2026-06-03 18:24:43,18.8000,12.00,0.000,0.000,OFF,#1,HOLDING,0.000A/OFF
21457,2026-06-03 18:24:44,18.7000,12.00,0.000,0.000,OFF,#1,HOLDING,0.000A/OFF
21458,2026-06-03 18:24:45,18.7000,12.00,0.000,0.000,OFF,#1,HOLDING,0.000A/OFF
21459,2026-06-03 18:24:46,18.6750,12.00,0.000,0.000,OFF,#1,HOLDING,0.000A/OFF
21460,2026-06-03 18:24:47,18.6750,12.00,0.000,0.000,OFF,#1,HOLDING,0.000A/OFF
21461,2026-06-03 18:24:48,18.6250,12.00,0.000,0.000,OFF,#1,HOLDING,0.000A/OFF
21462,2026-06-03 18:24:49,18.6250,12.00,0.000,0.000,OFF,#1,HOLDING,0.000A/OFF
21463,2026-06-03 18:24:50,18.6250,12.00,0.000,0.000,OFF,#1,HOLDING,0.000A/OFF
21464,2026-06-03 18:24:51,18.6250,12.00,0.000,0.000,OFF,#1,HOLDING,0.000A/OFF
21465,2026-06-03 18:24:52,18.6250,12.00,0.000,0.000,OFF,#1,HOLDING,0.000A/OFF
21466,2026-06-03 18:24:53,18.6250,12.00,0.000,0.000,OFF,#1,HOLDING,0.000A/OFF
21467,2026-06-03 18:24:54,18.5750,12.00,0.000,0.000,OFF,#1,HOLDING,0.000A/OFF
21468,2026-06-03 18:24:55,18.5750,12.00,0.000,0.000,OFF,#1,HOLDING,0.000A/OFF
21469,2026-06-03 18:24:56,18.6000,12.00,0.000,0.000,OFF,#1,HOLDING,0.000A/OFF
21470,2026-06-03 18:24:57,18.6000,12.00,0.000,0.000,OFF,#1,HOLDING,0.000A/OFF
21471,2026-06-03 18:24:58,18.6250,12.00,0.000,0.000,OFF,#1,HOLDING,0.000A/OFF
21472,2026-06-03 18:24:59,18.6250,12.00,0.000,0.000,OFF,#1,HOLDING,0.000A/OFF
21473,2026-06-03 18:25:00,18.6250,12.00,0.000,0.000,OFF,#1,HOLDING,0.000A/OFF
21474,2026-06-03 18:25:01,18.6250,12.00,0.000,0.000,OFF,#1,HOLDING,0.000A/OFF
21475,2026-06-03 18:25:02,18.6625,12.00,0.000,0.000,OFF,#1,HOLDING,0.000A/OFF
21476,2026-06-03 18:25:03,18.6875,12.00,0.000,0.000,OFF,#1,HOLDING,0.000A/OFF
21477,2026-06-03 18:25:04,18.6875,12.00,0.000,0.000,OFF,#1,HOLDING,0.000A/OFF
21478,2026-06-03 18:25:05,18.7500,12.00,0.000,0.000,OFF,#1,HOLDING,0.000A/OFF
21479,2026-06-03 18:25:06,18.7500,12.00,0.000,0.000,OFF,#1,HOLDING,0.000A/OFF
21480,2026-06-03 18:25:07,18.7750,12.00,0.000,0.000,OFF,#1,HOLDING,0.000A/OFF
21481,2026-06-03 18:25:08,18.7750,12.00,0.000,0.000,OFF,#1,HOLDING,0.000A/OFF
21482,2026-06-03 18:25:09,18.8375,12.00,0.000,0.000,OFF,#1,HOLDING,0.000A/OFF
21483,2026-06-03 18:25:10,18.8375,12.00,0.000,0.000,OFF,#1,HOLDING,0.000A/OFF
21484,2026-06-03 18:25:11,18.8625,12.00,0.000,0.000,OFF,#1,HOLDING,0.000A/OFF
21485,2026-06-03 18:25:12,18.8625,12.00,0.000,0.000,OFF,#1,HOLDING,0.000A/OFF
21486,2026-06-03 18:25:13,18.8875,12.00,0.000,0.000,OFF,#1,HOLDING,0.000A/OFF
21487,2026-06-03 18:25:14,18.8875,12.00,0.000,0.000,OFF,#1,HOLDING,0.000A/OFF
21488,2026-06-03 18:25:15,18.9625,12.00,0.000,0.000,OFF,#1,HOLDING,0.000A/OFF
21489,2026-06-03 18:25:16,18.9625,12.00,0.000,0.000,OFF,#1,HOLDING,0.000A/OFF
21490,2026-06-03 18:25:17,19.0000,12.00,0.000,0.000,OFF,#1,HOLDING,0.000A/OFF
21491,2026-06-03 18:25:18,19.0000,12.00,0.000,0.000,OFF,#1,HOLDING,0.000A/OFF
21492,2026-06-03 18:25:19,19.0500,12.00,0.000,0.000,OFF,#1,HOLDING,0.000A/OFF
21493,2026-06-03 18:25:20,19.0500,12.00,0.000,0.000,OFF,#1,HOLDING,0.000A/OFF
21494,2026-06-03 18:25:21,19.1000,12.00,0.000,0.000,OFF,#1,HOLDING,0.000A/OFF
21495,2026-06-03 18:25:22,19.1000,12.00,0.000,0.000,OFF,#1,HOLDING,0.000A/OFF
21496,2026-06-03 18:25:23,19.1750,12.00,0.000,0.000,OFF,#1,HOLDING,0.000A/OFF
21497,2026-06-03 18:25:24,19.1750,12.00,0.000,0.000,OFF,#1,HOLDING,0.000A/OFF
21498,2026-06-03 18:25:25,19.2250,12.00,0.000,0.000,OFF,#1,HOLDING,0.000A/OFF
21499,2026-06-03 18:25:26,19.2500,12.00,0.000,0.000,OFF,#1,HOLDING,0.000A/OFF
21500,2026-06-03 18:25:27,19.2500,12.00,0.000,0.000,OFF,#2,APPROACH,0.000A/OFF
21501,2026-06-03 18:25:28,19.3250,12.00,0.000,0.000,B,#2,APPROACH,0.631A/B
21502,2026-06-03 18:25:30,19.4000,5.20,0.000,0.000,B,#2,APPROACH,0.643A/B
21503,2026-06-03 18:25:33,19.4125,5.20,1.132,0.000,B,#2,APPROACH,0.680A/B
21504,2026-06-03 18:25:35,19.4875,5.20,1.132,4.018,B,#2,APPROACH,0.725A/B
21505,2026-06-03 18:25:36,19.5625,5.20,1.132,4.018,B,#2,APPROACH,0.767A/B
21506,2026-06-03 18:25:38,19.6375,5.20,1.132,4.018,B,#2,APPROACH,0.816A/B
21507,2026-06-03 18:25:40,19.6375,6.94,1.132,4.018,B,#2,APPROACH,0.897A/B
21508,2026-06-03 18:25:42,19.7875,6.94,0.897,6.924,B,#2,APPROACH,0.970A/B
21509,2026-06-03 18:25:44,20.0375,6.94,0.897,6.924,B,#2,APPROACH,1.073A/B
21510,2026-06-03 18:25:46,20.1375,6.94,0.897,6.924,B,#2,APPROACH,1.153A/B
21511,2026-06-03 18:25:47,20.1375,9.49,0.897,6.924,B,#2,APPROACH,1.274A/B
21512,2026-06-03 18:25:49,20.3000,9.49,1.210,13.313,B,#2,APPROACH,1.389A/B
21513,2026-06-03 18:25:52,20.6125,9.49,1.210,13.313,B,#2,APPROACH,1.500A/B
21514,2026-06-03 18:25:53,20.6125,9.49,1.210,13.313,B,#2,APPROACH,1.532A/B
21515,2026-06-03 18:25:55,20.7625,12.00,1.210,13.313,B,#2,APPROACH,1.672A/B
21516,2026-06-03 18:25:57,20.9625,12.00,1.481,17.508,B,#2,APPROACH,1.000A/B
21517,2026-06-03 18:25:59,21.3625,12.00,1.481,17.508,B,#2,APPROACH,1.786A/B
21518,2026-06-03 18:26:01,21.3625,12.00,1.481,17.508,B,#2,APPROACH,1.000A/B
21519,2026-06-03 18:26:03,21.5625,8.95,1.481,17.508,B,#2,APPROACH,1.927A/B
21520,2026-06-03 18:26:05,21.7750,8.95,1.221,17.112,B,#2,APPROACH,2.000A/B
21521,2026-06-03 18:26:07,22.2125,8.95,1.221,17.112,B,#2,APPROACH,1.000A/B
21522,2026-06-03 18:26:09,22.2125,8.95,1.221,17.112,B,#2,APPROACH,2.075A/B
21523,2026-06-03 18:26:10,22.4375,12.00,1.221,17.112,B,#2,APPROACH,2.265A/B
21524,2026-06-03 18:26:12,22.6875,12.00,1.409,16.692,B,#2,APPROACH,1.000A/B
21525,2026-06-03 18:26:15,23.1875,12.00,1.409,16.692,B,#2,APPROACH,2.421A/B
21526,2026-06-03 18:26:16,23.1875,12.00,1.409,16.692,B,#2,APPROACH,2.000A/B
21527,2026-06-03 18:26:18,23.4375,12.00,1.409,16.692,B,#2,APPROACH,2.500A/B
21528,2026-06-03 18:26:20,23.7125,12.00,1.384,16.416,B,#2,APPROACH,2.500A/B
21529,2026-06-03 18:26:22,24.2125,12.00,1.384,16.416,B,#2,APPROACH,1.500A/B
21530,2026-06-03 18:26:24,24.2125,12.00,1.384,16.416,B,#2,APPROACH,2.000A/B
21531,2026-06-03 18:26:26,24.4875,12.00,1.384,16.416,B,#2,APPROACH,1.500A/B
21532,2026-06-03 18:26:28,24.7500,12.00,1.362,16.164,B,#2,APPROACH,2.537A/B
21533,2026-06-03 18:26:30,25.2750,12.00,1.362,16.164,B,#2,APPROACH,2.803A/B
21534,2026-06-03 18:26:32,25.2750,12.00,1.362,16.164,B,#2,APPROACH,1.500A/B
21535,2026-06-03 18:26:33,25.5500,12.00,1.362,16.164,B,#2,APPROACH,1.000A/B
21536,2026-06-03 18:26:35,25.8375,12.00,1.167,9.610,B,#2,APPROACH,1.000A/B
21537,2026-06-03 18:26:38,26.3375,12.00,1.167,9.610,B,#2,APPROACH,1.500A/B
21538,2026-06-03 18:26:39,26.3375,12.00,1.167,9.610,B,#2,APPROACH,2.973A/B
21539,2026-06-03 18:26:41,26.6125,12.00,1.167,9.610,B,#2,APPROACH,1.500A/B
21540,2026-06-03 18:26:43,26.8750,12.00,1.338,15.900,B,#2,APPROACH,2.500A/B
21541,2026-06-03 18:26:45,27.3625,12.00,1.338,15.900,B,#2,APPROACH,2.500A/B
21542,2026-06-03 18:26:47,27.3625,12.00,1.338,15.900,B,#2,APPROACH,1.500A/B
21543,2026-06-03 18:26:49,27.6125,12.00,1.338,15.900,B,#2,APPROACH,2.500A/B
21544,2026-06-03 18:26:51,27.8375,12.00,1.324,15.744,B,#2,APPROACH,1.500A/B
21545,2026-06-03 18:26:53,28.3375,12.00,1.324,15.744,B,#2,APPROACH,2.000A/B
21546,2026-06-03 18:26:55,28.3375,12.00,1.324,15.744,B,#2,APPROACH,1.000A/B
21547,2026-06-03 18:26:57,28.5625,9.75,1.324,15.744,B,#2,APPROACH,1.000A/B
21548,2026-06-03 18:26:58,28.8125,9.75,1.000,9.840,B,#2,APPROACH,1.000A/B
21549,2026-06-03 18:27:01,29.2750,9.75,1.000,9.840,B,#2,APPROACH,1.000A/B
21550,2026-06-03 18:27:02,29.2750,9.75,1.000,9.840,B,#2,APPROACH,2.500A/B
21551,2026-06-03 18:27:04,29.5000,12.00,1.000,9.840,B,#2,APPROACH,1.000A/B
21552,2026-06-03 18:27:06,29.7500,12.00,1.158,9.780,B,#2,APPROACH,2.000A/B
21553,2026-06-03 18:27:08,30.1500,12.00,1.158,9.780,B,#2,APPROACH,2.922A/B
21554,2026-06-03 18:27:10,30.1500,12.00,1.158,9.780,B,#2,APPROACH,3.000A/B
21555,2026-06-03 18:27:12,30.3750,12.00,1.158,9.780,B,#2,APPROACH,1.000A/B
21556,2026-06-03 18:27:14,30.5625,12.00,1.156,9.810,B,#2,APPROACH,2.998A/B
21557,2026-06-03 18:27:16,30.9250,12.00,1.156,9.810,B,#2,HOLDING,1.000A/B
21558,2026-06-03 18:27:18,30.9250,12.00,1.156,9.810,OFF,#2,HOLDING,0.000A/OFF
21559,2026-06-03 18:27:19,31.0750,12.00,1.156,9.810,OFF,#2,HOLDING,0.000A/OFF
21560,2026-06-03 18:27:20,31.0750,12.00,1.156,9.810,OFF,#2,HOLDING,0.000A/OFF
21561,2026-06-03 18:27:21,31.2375,12.00,0.000,9.810,OFF,#2,HOLDING,0.000A/OFF
21562,2026-06-03 18:27:22,31.3875,12.00,0.000,0.000,OFF,#2,HOLDING,0.000A/OFF
21563,2026-06-03 18:27:23,31.3875,12.00,0.000,0.000,OFF,#2,HOLDING,0.000A/OFF
21564,2026-06-03 18:27:24,31.5500,12.00,0.000,0.000,OFF,#2,HOLDING,0.000A/OFF
21565,2026-06-03 18:27:25,31.5500,12.00,0.000,0.000,OFF,#2,HOLDING,0.000A/OFF
21566,2026-06-03 18:27:26,31.7000,12.00,0.000,0.000,OFF,#2,HOLDING,0.000A/OFF
21567,2026-06-03 18:27:27,31.7000,12.00,0.000,0.000,OFF,#2,HOLDING,0.000A/OFF
21568,2026-06-03 18:27:28,31.8000,12.00,0.000,0.000,OFF,#2,HOLDING,0.000A/OFF
21569,2026-06-03 18:27:29,31.8000,12.00,0.000,0.000,B,#2,HOLDING,0.108A/B
21570,2026-06-03 18:27:30,31.9250,12.00,0.000,0.000,B,#2,HOLDING,0.000A/OFF
21571,2026-06-03 18:27:31,32.0125,12.00,0.000,0.000,OFF,#2,HOLDING,0.000A/OFF
21572,2026-06-03 18:27:32,32.0125,12.00,0.000,0.000,OFF,#2,HOLDING,0.000A/OFF
21573,2026-06-03 18:27:33,32.0625,12.00,0.000,0.000,OFF,#2,HOLDING,0.000A/OFF
21574,2026-06-03 18:27:34,32.0625,12.00,0.000,0.000,B,#2,HOLDING,0.105A/B
21575,2026-06-03 18:27:37,32.1375,12.00,0.000,0.000,OFF,#2,HOLDING,0.000A/OFF
21576,2026-06-03 18:27:38,32.1875,12.00,0.000,0.000,OFF,#2,HOLDING,0.000A/OFF
21577,2026-06-03 18:27:39,32.1875,12.00,0.000,0.000,OFF,#2,HOLDING,0.000A/OFF
21578,2026-06-03 18:27:40,32.1875,12.00,0.000,0.000,OFF,#2,HOLDING,0.000A/OFF
21579,2026-06-03 18:27:41,32.1875,12.00,0.000,0.000,OFF,#2,HOLDING,0.000A/OFF
21580,2026-06-03 18:27:42,32.1875,12.00,0.000,0.000,OFF,#2,HOLDING,0.000A/OFF
21581,2026-06-03 18:27:43,32.1875,12.00,0.000,0.000,OFF,#2,HOLDING,0.000A/OFF
21582,2026-06-03 18:27:44,32.2125,12.00,0.000,0.000,OFF,#2,HOLDING,0.000A/OFF
21583,2026-06-03 18:27:45,32.1375,12.00,0.000,0.000,OFF,#2,HOLDING,0.000A/OFF
21584,2026-06-03 18:27:46,32.1375,12.00,0.000,0.000,OFF,#2,HOLDING,0.000A/OFF
21585,2026-06-03 18:27:47,32.1250,12.00,0.000,0.000,OFF,#2,HOLDING,0.000A/OFF
21586,2026-06-03 18:27:48,32.1250,12.00,0.000,0.000,OFF,#2,HOLDING,0.000A/OFF
21587,2026-06-03 18:27:49,32.1000,12.00,0.000,0.000,OFF,#2,HOLDING,0.000A/OFF
21588,2026-06-03 18:27:50,32.1000,12.00,0.000,0.000,OFF,#2,HOLDING,0.000A/OFF
21589,2026-06-03 18:27:51,32.0500,12.00,0.000,0.000,OFF,#2,HOLDING,0.000A/OFF
21590,2026-06-03 18:27:52,32.0500,12.00,0.000,0.000,OFF,#2,HOLDING,0.000A/OFF
21591,2026-06-03 18:27:53,31.9750,12.00,0.000,0.000,OFF,#2,HOLDING,0.000A/OFF
21592,2026-06-03 18:27:54,31.9750,12.00,0.000,0.000,OFF,#2,HOLDING,0.000A/OFF
21593,2026-06-03 18:27:55,31.9000,12.00,0.000,0.000,OFF,#2,HOLDING,0.000A/OFF
21594,2026-06-03 18:27:56,31.9000,12.00,0.000,0.000,OFF,#2,HOLDING,0.000A/OFF
21595,2026-06-03 18:27:57,31.8250,12.00,0.000,0.000,OFF,#2,HOLDING,0.000A/OFF
21596,2026-06-03 18:27:58,31.8250,12.00,0.000,0.000,OFF,#2,HOLDING,0.000A/OFF
21597,2026-06-03 18:27:59,31.7375,12.00,0.000,0.000,OFF,#2,HOLDING,0.000A/OFF
21598,2026-06-03 18:28:00,31.7375,12.00,0.000,0.000,OFF,#2,HOLDING,0.000A/OFF
21599,2026-06-03 18:28:01,31.6625,12.00,0.000,0.000,OFF,#2,HOLDING,0.000A/OFF
21600,2026-06-03 18:28:02,31.6625,12.00,0.000,0.000,OFF,#2,HOLDING,0.000A/OFF
21601,2026-06-03 18:28:03,31.5875,12.00,0.000,0.000,OFF,#2,HOLDING,0.000A/OFF
21602,2026-06-03 18:28:04,31.4875,12.00,0.000,0.000,OFF,#2,HOLDING,0.000A/OFF
21603,2026-06-03 18:28:05,31.4875,12.00,0.000,0.000,OFF,#2,HOLDING,0.000A/OFF
21604,2026-06-03 18:28:06,31.3875,12.00,0.000,0.000,B,#2,HOLDING,0.112A/B
21605,2026-06-03 18:28:08,31.2625,12.00,0.125,0.171,B,#2,HOLDING,0.130A/B
21606,2026-06-03 18:28:10,31.1750,12.00,0.125,0.171,B,#2,HOLDING,0.171A/B
21607,2026-06-03 18:28:12,31.0500,12.00,0.125,0.171,B,#2,HOLDING,0.195A/B
21608,2026-06-03 18:28:14,30.9625,2.24,0.125,0.171,B,#2,HOLDING,0.226A/B
21609,2026-06-03 18:28:15,30.8375,2.24,0.208,0.578,B,#2,HOLDING,0.325A/B
21610,2026-06-03 18:28:18,30.7375,2.24,0.208,0.578,B,#2,HOLDING,0.379A/B
21611,2026-06-03 18:28:19,30.6375,2.24,0.208,0.578,B,#2,HOLDING,0.428A/B
21612,2026-06-03 18:28:21,30.5250,4.22,0.208,0.578,B,#2,HOLDING,0.483A/B
21613,2026-06-03 18:28:23,30.4500,4.22,0.483,2.289,B,#2,HOLDING,0.540A/B
21614,2026-06-03 18:28:26,30.3375,4.22,0.483,2.289,B,#2,HOLDING,0.617A/B
21615,2026-06-03 18:28:27,30.2375,4.22,0.483,2.289,B,#2,HOLDING,0.676A/B
21616,2026-06-03 18:28:29,30.1750,6.23,0.483,2.289,B,#2,HOLDING,0.742A/B
21617,2026-06-03 18:28:31,30.0750,6.23,0.742,5.097,B,#2,HOLDING,0.816A/B
21618,2026-06-03 18:28:33,29.9875,6.23,0.742,5.097,B,#2,HOLDING,0.907A/B
21619,2026-06-03 18:28:35,29.9375,6.23,0.742,5.097,B,#2,HOLDING,0.972A/B
21620,2026-06-03 18:28:37,29.9250,8.51,0.742,5.097,B,#2,HOLDING,1.038A/B
21621,2026-06-03 18:28:39,29.8750,8.51,1.038,9.539,B,#2,HOLDING,1.114A/B
21622,2026-06-03 18:28:41,29.8750,8.51,1.038,9.539,B,#2,HOLDING,1.000A/B
21623,2026-06-03 18:28:43,29.8250,8.51,1.038,9.539,B,#2,HOLDING,1.211A/B
21624,2026-06-03 18:28:44,29.8125,10.35,1.038,9.539,B,#2,HOLDING,1.286A/B
21625,2026-06-03 18:28:46,29.8125,10.35,1.286,14.261,B,#2,HOLDING,1.363A/B
21626,2026-06-03 18:28:49,29.8125,10.35,1.286,14.261,B,#2,HOLDING,1.455A/B
21627,2026-06-03 18:28:50,29.8375,10.35,1.286,14.261,B,#2,HOLDING,1.516A/B
21628,2026-06-03 18:28:52,29.8750,12.00,1.286,14.261,B,#2,HOLDING,1.000A/B
21629,2026-06-03 18:28:54,29.9250,12.00,1.031,9.240,B,#2,HOLDING,1.500A/B
21630,2026-06-03 18:28:56,29.9750,12.00,1.031,9.240,B,#2,HOLDING,1.575A/B
21631,2026-06-03 18:28:58,30.0500,12.00,1.031,9.240,B,#2,HOLDING,1.625A/B
21632,2026-06-03 18:29:00,30.1000,12.00,1.031,9.240,B,#2,HOLDING,1.689A/B
21633,2026-06-03 18:29:02,30.1500,12.00,1.378,16.356,B,#2,HOLDING,1.750A/B
21634,2026-06-03 18:29:04,30.2250,12.00,1.378,16.356,B,#2,HOLDING,1.829A/B
21635,2026-06-03 18:29:06,30.3000,12.00,1.378,16.356,B,#2,HOLDING,1.873A/B
21636,2026-06-03 18:29:07,30.3875,12.00,1.378,16.356,B,#2,HOLDING,1.920A/B
21637,2026-06-03 18:29:09,30.4875,12.00,1.350,16.044,B,#2,HOLDING,1.964A/B
21638,2026-06-03 18:29:12,30.6125,12.00,1.350,16.044,B,#2,HOLDING,2.000A/B
21639,2026-06-03 18:29:13,30.7375,12.00,1.350,16.044,B,#2,HOLDING,2.000A/B
21640,2026-06-03 18:29:15,30.8625,12.00,1.350,16.044,B,#2,HOLDING,1.999A/B
21641,2026-06-03 18:29:17,31.0125,12.00,1.331,15.816,B,#2,HOLDING,1.974A/B
21642,2026-06-03 18:29:19,31.1500,12.00,1.331,15.816,B,#3,APPROACH,2.000A/B
21643,2026-06-03 18:29:21,31.2750,12.00,1.331,15.816,A,#3,APPROACH,0.593A/A
21644,2026-06-03 18:29:23,31.4250,12.00,1.331,15.816,A,#3,APPROACH,0.640A/A
21645,2026-06-03 18:29:25,31.5750,8.03,1.331,15.816,A,#3,APPROACH,0.713A/A
21646,2026-06-03 18:29:27,31.6875,8.03,0.968,3.629,A,#3,APPROACH,0.809A/A
21647,2026-06-03 18:29:29,31.8375,8.03,0.968,3.629,A,#3,APPROACH,0.941A/A
21648,2026-06-03 18:29:31,31.9375,8.03,0.968,3.629,A,#3,APPROACH,1.044A/A
21649,2026-06-03 18:29:33,31.9875,7.66,0.968,3.629,A,#3,APPROACH,1.000A/A
21650,2026-06-03 18:29:35,32.0375,7.66,1.000,7.730,A,#3,APPROACH,1.174A/A
21651,2026-06-03 18:29:37,32.0375,7.66,1.000,7.730,A,#3,APPROACH,1.380A/A
21652,2026-06-03 18:29:38,32.0000,7.66,1.000,7.730,A,#3,APPROACH,1.500A/A
21653,2026-06-03 18:29:40,31.9500,11.10,1.000,7.730,A,#3,APPROACH,1.516A/A
21654,2026-06-03 18:29:42,31.8750,11.10,1.516,17.691,A,#3,APPROACH,1.703A/A
21655,2026-06-03 18:29:45,31.8000,11.10,1.516,17.691,A,#3,APPROACH,1.500A/A
21656,2026-06-03 18:29:46,31.7125,11.10,1.516,17.691,A,#3,APPROACH,1.964A/A
21657,2026-06-03 18:29:48,31.5875,12.00,1.516,17.691,A,#3,APPROACH,1.000A/A
21658,2026-06-03 18:29:50,31.4250,12.00,1.024,8.420,A,#3,APPROACH,1.500A/A
21659,2026-06-03 18:29:52,31.2500,12.00,1.024,8.420,A,#3,APPROACH,1.000A/A
21660,2026-06-03 18:29:54,31.0750,12.00,1.024,8.420,A,#3,APPROACH,1.500A/A
21661,2026-06-03 18:29:56,30.8750,11.79,1.024,8.420,A,#3,APPROACH,2.140A/A
21662,2026-06-03 18:29:58,30.6375,11.79,1.501,17.868,A,#3,APPROACH,2.000A/A
21663,2026-06-03 18:30:00,30.4375,11.79,1.501,17.868,A,#3,APPROACH,1.000A/A
21664,2026-06-03 18:30:02,30.2500,11.79,1.501,17.868,A,#3,APPROACH,2.000A/A
21665,2026-06-03 18:30:03,30.0000,12.00,1.501,17.868,A,#3,APPROACH,2.000A/A
21666,2026-06-03 18:30:05,29.7875,12.00,1.473,17.508,A,#3,APPROACH,2.345A/A
21667,2026-06-03 18:30:08,29.5125,12.00,1.473,17.508,A,#3,APPROACH,2.716A/A
21668,2026-06-03 18:30:09,29.2875,12.00,1.473,17.508,A,#3,APPROACH,1.000A/A
21669,2026-06-03 18:30:11,29.0125,8.79,1.473,17.508,A,#3,APPROACH,1.500A/A
21670,2026-06-03 18:30:13,28.7625,8.79,1.433,17.280,A,#3,APPROACH,2.500A/A
21671,2026-06-03 18:30:15,28.5125,8.79,1.433,17.280,A,#3,APPROACH,1.500A/A
21672,2026-06-03 18:30:17,28.2500,8.79,1.433,17.280,A,#3,APPROACH,1.500A/A
21673,2026-06-03 18:30:19,28.0000,12.00,1.433,17.280,A,#3,APPROACH,2.000A/A
21674,2026-06-03 18:30:21,27.7000,12.00,1.438,17.112,A,#3,APPROACH,2.500A/A
21675,2026-06-03 18:30:23,27.4500,12.00,1.438,17.112,A,#3,APPROACH,1.000A/A
21676,2026-06-03 18:30:25,27.2000,12.00,1.438,17.112,A,#3,APPROACH,2.858A/A
21677,2026-06-03 18:30:27,26.9500,12.00,1.438,17.112,A,#3,APPROACH,2.000A/A
21678,2026-06-03 18:30:28,26.6875,12.00,1.426,16.980,A,#3,APPROACH,1.500A/A
21679,2026-06-03 18:30:31,26.4125,12.00,1.426,16.980,A,#3,APPROACH,1.500A/A
21680,2026-06-03 18:30:32,26.1875,12.00,1.426,16.980,A,#3,APPROACH,2.000A/A
21681,2026-06-03 18:30:34,25.9125,12.00,1.426,16.980,A,#3,APPROACH,1.000A/A
21682,2026-06-03 18:30:36,25.6875,12.00,1.088,9.200,A,#3,APPROACH,2.000A/A
21683,2026-06-03 18:30:38,25.4125,12.00,1.088,9.200,A,#3,APPROACH,2.000A/A
21684,2026-06-03 18:30:40,25.1625,12.00,1.088,9.200,A,#3,APPROACH,1.000A/A
21685,2026-06-03 18:30:42,24.9375,9.08,1.088,9.200,A,#3,APPROACH,1.500A/A
21686,2026-06-03 18:30:44,24.6625,9.08,1.424,17.004,A,#3,APPROACH,2.000A/A
21687,2026-06-03 18:30:46,24.4375,9.08,1.424,17.004,A,#3,APPROACH,2.997A/A
21688,2026-06-03 18:30:48,24.2250,9.08,1.424,17.004,A,#3,APPROACH,2.000A/A
21689,2026-06-03 18:30:50,24.0000,12.00,1.424,17.004,A,#3,APPROACH,3.000A/A
21690,2026-06-03 18:30:51,23.7625,12.00,1.429,17.016,A,#3,APPROACH,1.000A/A
21691,2026-06-03 18:30:54,23.5625,12.00,1.429,17.016,A,#3,APPROACH,1.500A/A
21692,2026-06-03 18:30:55,23.3500,12.00,1.429,17.016,A,#3,APPROACH,2.000A/A
21693,2026-06-03 18:30:57,23.1250,12.00,1.429,17.016,A,#3,APPROACH,2.500A/A
21694,2026-06-03 18:30:59,22.9375,12.00,1.427,17.004,A,#3,APPROACH,2.500A/A
21695,2026-06-03 18:31:01,22.6875,12.00,1.427,17.004,A,#3,APPROACH,2.500A/A
21696,2026-06-03 18:31:03,22.5125,12.00,1.427,17.004,A,#3,APPROACH,1.500A/A
21697,2026-06-03 18:31:05,22.3125,12.00,1.427,17.004,A,#3,APPROACH,2.000A/A
21698,2026-06-03 18:31:07,22.0750,12.00,1.423,16.956,A,#3,APPROACH,1.000A/A
21699,2026-06-03 18:31:09,21.9000,12.00,1.423,16.956,A,#3,APPROACH,1.500A/A
21700,2026-06-03 18:31:11,21.7000,12.00,1.423,16.956,A,#3,APPROACH,1.500A/A
21701,2026-06-03 18:31:13,21.5000,12.00,1.423,16.956,A,#3,APPROACH,2.500A/A
21702,2026-06-03 18:31:14,21.3250,12.00,1.423,16.944,A,#3,APPROACH,1.000A/A
21703,2026-06-03 18:31:17,21.1250,12.00,1.423,16.944,A,#3,APPROACH,2.500A/A
21704,2026-06-03 18:31:18,20.9500,12.00,1.423,16.944,A,#3,APPROACH,1.500A/A
21705,2026-06-03 18:31:20,20.7500,12.00,1.423,16.944,A,#3,APPROACH,2.500A/A
21706,2026-06-03 18:31:22,20.6250,12.00,1.422,16.932,A,#3,HOLDING,1.000A/A
21707,2026-06-03 18:31:25,20.4250,12.00,1.422,16.932,OFF,#3,HOLDING,0.000A/OFF
21708,2026-06-03 18:31:26,20.2875,12.00,1.422,16.932,OFF,#3,HOLDING,0.000A/OFF
21709,2026-06-03 18:31:27,20.2875,12.00,1.422,16.932,OFF,#3,HOLDING,0.000A/OFF
21710,2026-06-03 18:31:28,20.1125,12.00,1.422,16.932,OFF,#3,HOLDING,0.000A/OFF
21711,2026-06-03 18:31:29,20.1125,12.00,0.000,16.932,OFF,#3,HOLDING,0.000A/OFF
21712,2026-06-03 18:31:30,19.9500,12.00,0.000,16.932,OFF,#3,HOLDING,0.000A/OFF
21713,2026-06-03 18:31:31,19.9500,12.00,0.000,0.000,OFF,#3,HOLDING,0.000A/OFF
21714,2026-06-03 18:31:32,19.8000,12.00,0.000,0.000,OFF,#3,HOLDING,0.000A/OFF
21715,2026-06-03 18:31:33,19.8000,12.00,0.000,0.000,OFF,#3,HOLDING,0.000A/OFF
21716,2026-06-03 18:31:34,19.6750,12.00,0.000,0.000,OFF,#3,HOLDING,0.000A/OFF
21717,2026-06-03 18:31:35,19.6750,12.00,0.000,0.000,OFF,#3,HOLDING,0.000A/OFF
21718,2026-06-03 18:31:36,19.5750,12.00,0.000,0.000,OFF,#3,HOLDING,0.000A/OFF
21719,2026-06-03 18:31:37,19.5750,12.00,0.000,0.000,OFF,#3,HOLDING,0.000A/OFF
21720,2026-06-03 18:31:38,19.5000,12.00,0.000,0.000,OFF,#3,HOLDING,0.000A/OFF
21721,2026-06-03 18:31:39,19.5000,12.00,0.000,0.000,OFF,#3,HOLDING,0.000A/OFF
21722,2026-06-03 18:31:40,19.4250,12.00,0.000,0.000,OFF,#3,HOLDING,0.000A/OFF
21723,2026-06-03 18:31:41,19.4250,12.00,0.000,0.000,OFF,#3,HOLDING,0.000A/OFF
21724,2026-06-03 18:31:42,19.3625,12.00,0.000,0.000,OFF,#3,HOLDING,0.000A/OFF
21725,2026-06-03 18:31:43,19.3125,12.00,0.000,0.000,OFF,#3,HOLDING,0.000A/OFF
21726,2026-06-03 18:31:44,19.3125,12.00,0.000,0.000,OFF,#3,HOLDING,0.000A/OFF
21727,2026-06-03 18:31:45,19.3125,12.00,0.000,0.000,OFF,#3,HOLDING,0.000A/OFF
21728,2026-06-03 18:31:46,19.3125,12.00,0.000,0.000,OFF,#3,HOLDING,0.000A/OFF
21729,2026-06-03 18:31:47,19.3125,12.00,0.000,0.000,OFF,#3,HOLDING,0.000A/OFF
21730,2026-06-03 18:31:48,19.3125,12.00,0.000,0.000,OFF,#3,HOLDING,0.000A/OFF
21731,2026-06-03 18:31:49,19.2875,12.00,0.000,0.000,OFF,#3,HOLDING,0.000A/OFF
21732,2026-06-03 18:31:50,19.2875,12.00,0.000,0.000,OFF,#3,HOLDING,0.000A/OFF
21733,2026-06-03 18:31:51,19.2625,12.00,0.000,0.000,OFF,#3,HOLDING,0.000A/OFF
21734,2026-06-03 18:31:52,19.2625,12.00,0.000,0.000,OFF,#3,HOLDING,0.000A/OFF
21735,2026-06-03 18:31:53,19.3125,12.00,0.000,0.000,OFF,#3,HOLDING,0.000A/OFF
21736,2026-06-03 18:31:54,19.3125,12.00,0.000,0.000,OFF,#3,HOLDING,0.000A/OFF
21737,2026-06-03 18:31:55,19.3125,12.00,0.000,0.000,OFF,#3,HOLDING,0.000A/OFF
21738,2026-06-03 18:31:56,19.3125,12.00,0.000,0.000,OFF,#3,HOLDING,0.000A/OFF
21739,2026-06-03 18:31:57,19.3250,12.00,0.000,0.000,OFF,#3,HOLDING,0.000A/OFF
21740,2026-06-03 18:31:58,19.3250,12.00,0.000,0.000,OFF,#3,HOLDING,0.000A/OFF
21741,2026-06-03 18:31:59,19.3750,12.00,0.000,0.000,OFF,#3,HOLDING,0.000A/OFF
21742,2026-06-03 18:32:00,19.3750,12.00,0.000,0.000,OFF,#3,HOLDING,0.000A/OFF
21743,2026-06-03 18:32:01,19.3750,12.00,0.000,0.000,OFF,#3,HOLDING,0.000A/OFF
21744,2026-06-03 18:32:02,19.3750,12.00,0.000,0.000,OFF,#3,HOLDING,0.000A/OFF
21745,2026-06-03 18:32:03,19.4250,12.00,0.000,0.000,OFF,#3,HOLDING,0.000A/OFF
21746,2026-06-03 18:32:04,19.4250,12.00,0.000,0.000,OFF,#3,HOLDING,0.000A/OFF
21747,2026-06-03 18:32:05,19.4750,12.00,0.000,0.000,OFF,#3,HOLDING,0.000A/OFF
21748,2026-06-03 18:32:06,19.5000,12.00,0.000,0.000,B,#3,HOLDING,0.104A/B
21749,2026-06-03 18:32:08,19.5625,5.69,0.104,0.000,B,#3,HOLDING,0.104A/B
21750,2026-06-03 18:32:10,19.6125,5.69,0.104,0.084,B,#3,HOLDING,0.111A/B
21751,2026-06-03 18:32:11,19.6125,5.69,0.104,0.084,B,#3,HOLDING,0.118A/B
21752,2026-06-03 18:32:13,19.6375,5.69,0.104,0.084,B,#3,HOLDING,0.123A/B
21753,2026-06-03 18:32:15,19.7125,1.02,0.104,0.084,B,#3,HOLDING,0.120A/B
21754,2026-06-03 18:32:17,19.7625,1.02,0.120,0.123,B,#3,HOLDING,0.113A/B
21755,2026-06-03 18:32:19,19.8375,1.02,0.120,0.123,B,#3,HOLDING,0.104A/B
21756,2026-06-03 18:32:21,19.8875,1.02,0.120,0.123,OFF,#3,HOLDING,0.000A/OFF
21757,2026-06-03 18:32:22,19.9625,1.02,0.120,0.123,OFF,#3,HOLDING,0.000A/OFF
21758,2026-06-03 18:32:23,19.9625,12.00,0.120,0.123,OFF,#4,APPROACH,0.000A/OFF
21759,2026-06-03 18:32:24,20.0250,12.00,0.000,0.000,B,#4,APPROACH,0.447A/B
21760,2026-06-03 18:32:26,20.0500,12.00,0.000,0.000,B,#4,APPROACH,0.474A/B
21761,2026-06-03 18:32:28,20.1625,12.00,0.000,0.000,B,#4,APPROACH,0.504A/B
21762,2026-06-03 18:32:30,20.2125,12.00,0.000,0.000,B,#4,APPROACH,0.537A/B
21763,2026-06-03 18:32:31,20.2875,4.75,0.000,0.000,B,#4,APPROACH,0.577A/B
21764,2026-06-03 18:32:33,20.3875,4.75,0.562,2.971,B,#4,APPROACH,0.634A/B
21765,2026-06-03 18:32:36,20.4500,4.75,0.562,2.971,B,#4,APPROACH,0.731A/B
21766,2026-06-03 18:32:37,20.5750,4.75,0.562,2.971,B,#4,APPROACH,0.796A/B
21767,2026-06-03 18:32:39,20.6750,6.81,0.562,2.971,B,#4,APPROACH,0.886A/B
21768,2026-06-03 18:32:41,20.8000,6.81,0.875,6.760,B,#4,APPROACH,0.980A/B
21769,2026-06-03 18:32:43,20.9125,6.81,0.875,6.760,B,#4,APPROACH,1.126A/B
21770,2026-06-03 18:32:45,21.0125,6.81,0.875,6.760,B,#4,APPROACH,1.000A/B
21771,2026-06-03 18:32:47,21.1750,8.46,0.875,6.760,B,#4,APPROACH,1.221A/B
21772,2026-06-03 18:32:49,21.3000,8.46,1.210,12.344,B,#4,APPROACH,1.355A/B
21773,2026-06-03 18:32:51,21.4250,8.46,1.210,12.344,B,#4,APPROACH,1.500A/B
21774,2026-06-03 18:32:52,21.5750,8.46,1.210,12.344,B,#4,APPROACH,1.541A/B
21775,2026-06-03 18:32:54,21.7375,12.00,1.210,12.344,B,#4,APPROACH,1.500A/B
21776,2026-06-03 18:32:56,21.8875,12.00,1.483,17.508,B,#4,APPROACH,1.000A/B
21777,2026-06-03 18:32:59,22.0750,12.00,1.483,17.508,B,#4,APPROACH,1.684A/B
21778,2026-06-03 18:33:00,22.2750,12.00,1.483,17.508,B,#4,APPROACH,1.835A/B
21779,2026-06-03 18:33:02,22.4875,12.00,1.483,17.508,B,#4,APPROACH,2.021A/B
21780,2026-06-03 18:33:04,22.6875,12.00,1.438,17.052,B,#4,APPROACH,2.000A/B
21781,2026-06-03 18:33:06,22.9000,12.00,1.438,17.052,B,#4,APPROACH,1.000A/B
21782,2026-06-03 18:33:08,23.1250,12.00,1.438,17.052,B,#4,APPROACH,1.500A/B
21783,2026-06-03 18:33:10,23.3375,12.00,1.438,17.052,B,#4,APPROACH,2.000A/B
21784,2026-06-03 18:33:11,23.5625,12.00,1.406,16.692,B,#4,APPROACH,2.000A/B
21785,2026-06-03 18:33:14,23.8125,12.00,1.406,16.692,B,#4,APPROACH,1.500A/B
21786,2026-06-03 18:33:15,24.0625,12.00,1.406,16.692,B,#4,APPROACH,1.500A/B
21787,2026-06-03 18:33:17,24.3000,12.00,1.406,16.692,B,#4,APPROACH,1.000A/B
21788,2026-06-03 18:33:19,24.5250,12.00,1.000,9.490,B,#4,APPROACH,2.119A/B
21789,2026-06-03 18:33:21,24.7750,12.00,1.000,9.490,B,#4,APPROACH,2.000A/B
21790,2026-06-03 18:33:23,25.0500,12.00,1.000,9.490,B,#4,APPROACH,1.500A/B
21791,2026-06-03 18:33:25,25.2875,12.00,1.000,9.490,B,#4,APPROACH,1.000A/B
21792,2026-06-03 18:33:27,25.5625,12.00,1.188,9.480,B,#4,APPROACH,1.000A/B
21793,2026-06-03 18:33:29,25.8000,12.00,1.188,9.480,B,#4,APPROACH,2.251A/B
21794,2026-06-03 18:33:31,26.0250,12.00,1.188,9.480,B,#4,APPROACH,2.000A/B
21795,2026-06-03 18:33:33,26.0250,12.00,1.188,9.480,B,#4,APPROACH,1.500A/B
21796,2026-06-03 18:33:34,26.5000,12.00,1.363,16.200,B,#4,APPROACH,1.000A/B
21797,2026-06-03 18:33:37,26.7750,12.00,1.363,16.200,B,#4,APPROACH,1.000A/B
21798,2026-06-03 18:33:38,27.0000,12.00,1.363,16.200,B,#4,APPROACH,2.208A/B
21799,2026-06-03 18:33:40,27.0000,12.00,1.363,16.200,B,#4,APPROACH,2.328A/B
21800,2026-06-03 18:33:42,27.4875,12.00,1.348,16.032,B,#4,APPROACH,1.000A/B
21801,2026-06-03 18:33:44,27.7375,12.00,1.348,16.032,B,#4,APPROACH,1.000A/B
21802,2026-06-03 18:33:46,27.9625,12.00,1.348,16.032,B,#4,HOLDING,2.000A/B
21803,2026-06-03 18:33:48,28.2125,12.00,1.348,16.032,OFF,#4,HOLDING,0.000A/OFF
21804,2026-06-03 18:33:49,28.2125,12.00,1.348,16.032,OFF,#4,HOLDING,0.000A/OFF
21805,2026-06-03 18:33:50,28.4625,12.00,1.340,16.032,OFF,#4,HOLDING,0.000A/OFF
21806,2026-06-03 18:33:51,28.4625,12.00,1.340,0.000,OFF,#4,HOLDING,0.000A/OFF
21807,2026-06-03 18:33:52,28.7125,12.00,1.340,0.000,OFF,#4,HOLDING,0.000A/OFF
21808,2026-06-03 18:33:53,28.7125,12.00,1.340,0.000,OFF,#4,HOLDING,0.000A/OFF
21809,2026-06-03 18:33:54,28.9375,12.00,1.340,0.000,OFF,#4,HOLDING,0.000A/OFF
21810,2026-06-03 18:33:55,28.9375,12.00,1.340,0.000,OFF,#4,HOLDING,0.000A/OFF
21811,2026-06-03 18:33:56,29.1375,12.00,0.000,0.000,OFF,#4,HOLDING,0.000A/OFF
21812,2026-06-03 18:33:57,29.1375,12.00,0.000,0.000,OFF,#4,HOLDING,0.000A/OFF
21813,2026-06-03 18:33:58,29.3125,12.00,0.000,0.000,OFF,#4,HOLDING,0.000A/OFF
21814,2026-06-03 18:33:59,29.3125,12.00,0.000,0.000,OFF,#4,HOLDING,0.000A/OFF
21815,2026-06-03 18:34:00,29.4875,12.00,0.000,0.000,OFF,#4,HOLDING,0.000A/OFF
21816,2026-06-03 18:34:01,29.4875,12.00,0.000,0.000,OFF,#4,HOLDING,0.000A/OFF
21817,2026-06-03 18:34:02,29.6375,12.00,0.000,0.000,OFF,#4,HOLDING,0.000A/OFF
21818,2026-06-03 18:34:03,29.6375,12.00,0.000,0.000,OFF,#4,HOLDING,0.000A/OFF
21819,2026-06-03 18:34:04,29.7250,12.00,0.000,0.000,OFF,#4,HOLDING,0.000A/OFF
21820,2026-06-03 18:34:05,29.8250,12.00,0.000,0.000,OFF,#4,HOLDING,0.000A/OFF
21821,2026-06-03 18:34:06,29.8250,12.00,0.000,0.000,A,#4,HOLDING,0.104A/A
21822,2026-06-03 18:34:08,29.8875,4.77,0.000,0.000,A,#4,HOLDING,0.134A/A
21823,2026-06-03 18:34:10,29.9625,4.77,0.117,0.065,A,#4,HOLDING,0.216A/A
21824,2026-06-03 18:34:12,30.0000,4.77,0.117,0.065,A,#4,HOLDING,0.272A/A
21825,2026-06-03 18:34:14,30.0250,4.77,0.117,0.065,A,#4,HOLDING,0.307A/A
21826,2026-06-03 18:34:16,30.0625,2.12,0.117,0.065,A,#4,HOLDING,0.349A/A
21827,2026-06-03 18:34:18,30.0625,2.12,0.326,0.903,A,#4,HOLDING,0.389A/A
21828,2026-06-03 18:34:20,30.0000,2.12,0.326,0.903,A,#4,HOLDING,0.430A/A
21829,2026-06-03 18:34:22,29.9750,2.12,0.326,0.903,A,#4,HOLDING,0.457A/A
21830,2026-06-03 18:34:23,29.9375,3.60,0.326,0.903,A,#4,HOLDING,0.490A/A
21831,2026-06-03 18:34:25,29.8875,3.60,0.471,1.984,A,#4,HOLDING,0.474A/A
21832,2026-06-03 18:34:28,29.8375,3.60,0.471,1.984,A,#4,HOLDING,0.518A/A
21833,2026-06-03 18:34:29,29.7875,3.60,0.471,1.984,A,#4,HOLDING,0.544A/A
21834,2026-06-03 18:34:31,29.6875,4.47,0.471,1.984,A,#4,HOLDING,0.569A/A
21835,2026-06-03 18:34:33,29.6375,4.47,0.554,2.742,A,#4,HOLDING,0.595A/A
21836,2026-06-03 18:34:35,29.5250,4.47,0.554,2.742,A,#4,HOLDING,0.622A/A
21837,2026-06-03 18:34:37,29.4500,4.47,0.554,2.742,A,#4,HOLDING,0.641A/A
21838,2026-06-03 18:34:39,29.3375,5.41,0.554,2.742,A,#4,HOLDING,0.652A/A
21839,2026-06-03 18:34:41,29.2125,5.41,0.652,3.677,A,#4,HOLDING,0.661A/A
21840,2026-06-03 18:34:43,29.0875,5.41,0.652,3.677,A,#4,HOLDING,0.669A/A
21841,2026-06-03 18:34:45,28.9625,5.41,0.652,3.677,A,#4,HOLDING,0.668A/A
21842,2026-06-03 18:34:47,28.8250,5.73,0.652,3.677,A,#4,HOLDING,0.664A/A
21843,2026-06-03 18:34:48,28.6750,5.73,0.664,3.897,A,#4,HOLDING,0.651A/A
21844,2026-06-03 18:34:51,28.5125,5.73,0.664,3.897,A,#4,HOLDING,0.633A/A
21845,2026-06-03 18:34:52,28.3625,5.73,0.664,3.897,A,#4,HOLDING,0.612A/A
21846,2026-06-03 18:34:54,28.2125,5.43,0.664,3.897,A,#4,HOLDING,0.586A/A
21847,2026-06-03 18:34:56,28.0625,5.43,0.586,3.152,A,#4,HOLDING,0.552A/A
21848,2026-06-03 18:34:59,27.8875,5.43,0.586,3.152,A,#4,HOLDING,0.456A/A
21849,2026-06-03 18:35:00,27.6875,5.43,0.586,3.152,A,#4,HOLDING,0.399A/A
21850,2026-06-03 18:35:02,27.5125,3.84,0.586,3.152,A,#4,HOLDING,0.335A/A
21851,2026-06-03 18:35:04,27.3625,3.84,0.335,1.155,A,#4,HOLDING,0.269A/A
21852,2026-06-03 18:35:06,27.2000,3.84,0.335,1.155,A,#4,HOLDING,0.190A/A
21853,2026-06-03 18:35:08,27.0250,3.84,0.335,1.155,A,#4,HOLDING,0.118A/A
21854,2026-06-03 18:35:10,26.8875,3.84,0.335,1.155,OFF,#4,HOLDING,0.000A/OFF
21855,2026-06-03 18:35:11,26.7125,1.61,0.335,1.155,OFF,#4,HOLDING,0.000A/OFF
21856,2026-06-03 18:35:12,26.7125,1.61,0.118,1.155,OFF,#4,HOLDING,0.000A/OFF
21857,2026-06-03 18:35:13,26.5750,1.61,0.118,0.677,B,#4,HOLDING,0.126A/B
21858,2026-06-03 18:35:14,26.4000,1.61,0.118,0.677,B,#4,HOLDING,0.205A/B
21859,2026-06-03 18:35:16,26.4000,1.61,0.118,0.677,B,#4,HOLDING,0.282A/B
21860,2026-06-03 18:35:17,26.2625,2.26,0.118,0.677,B,#4,HOLDING,0.364A/B
21861,2026-06-03 18:35:19,26.1125,2.26,0.320,1.110,B,#4,HOLDING,0.469A/B
21862,2026-06-03 18:35:22,25.9875,2.26,0.320,1.110,B,#4,HOLDING,0.625A/B
21863,2026-06-03 18:35:23,25.8625,2.26,0.320,1.110,B,#4,HOLDING,0.697A/B
21864,2026-06-03 18:35:25,25.8000,5.81,0.320,1.110,B,#4,HOLDING,0.811A/B
21865,2026-06-03 18:35:27,25.6750,5.81,0.751,5.563,B,#4,HOLDING,0.938A/B
21866,2026-06-03 18:35:29,25.6125,5.81,0.751,5.563,B,#4,HOLDING,1.093A/B
21867,2026-06-03 18:35:31,25.5125,5.81,0.751,5.563,B,#4,HOLDING,1.000A/B
21868,2026-06-03 18:35:33,25.4625,8.28,0.751,5.563,B,#4,HOLDING,1.208A/B
21869,2026-06-03 18:35:35,25.4375,8.28,1.100,11.983,B,#4,HOLDING,1.337A/B
21870,2026-06-03 18:35:37,25.3875,8.28,1.100,11.983,B,#4,HOLDING,1.503A/B
21871,2026-06-03 18:35:39,25.3875,8.28,1.100,11.983,B,#4,HOLDING,1.000A/B
21872,2026-06-03 18:35:41,25.3750,8.62,1.100,11.983,B,#4,HOLDING,1.615A/B
21873,2026-06-03 18:35:42,25.4000,8.62,1.247,17.712,B,#4,HOLDING,1.740A/B
21874,2026-06-03 18:35:45,25.4500,8.62,1.247,17.712,B,#4,HOLDING,1.500A/B
21875,2026-06-03 18:35:46,25.5000,8.62,1.247,17.712,B,#4,HOLDING,1.895A/B
21876,2026-06-03 18:35:48,25.5750,12.00,1.247,17.712,B,#4,HOLDING,2.000A/B
21877,2026-06-03 18:35:50,25.7000,12.00,1.444,17.160,B,#4,HOLDING,2.006A/B
21878,2026-06-03 18:35:52,25.7875,12.00,1.444,17.160,B,#4,HOLDING,1.000A/B
21879,2026-06-03 18:35:54,25.9125,12.00,1.444,17.160,B,#4,HOLDING,1.500A/B
21880,2026-06-03 18:35:56,26.0375,12.00,1.444,17.160,B,#4,HOLDING,1.500A/B
21881,2026-06-03 18:35:58,26.1875,12.00,1.409,16.716,B,#4,HOLDING,2.000A/B
21882,2026-06-03 18:36:00,26.3375,12.00,1.409,16.716,B,#4,HOLDING,2.088A/B
21883,2026-06-03 18:36:02,26.4875,12.00,1.409,16.716,B,#4,HOLDING,2.000A/B
21884,2026-06-03 18:36:04,26.6500,12.00,1.409,16.716,B,#4,HOLDING,2.143A/B
21885,2026-06-03 18:36:05,26.8250,12.00,1.378,16.368,B,#4,HOLDING,1.000A/B
21886,2026-06-03 18:36:08,26.9875,12.00,1.378,16.368,B,#4,HOLDING,1.500A/B
21887,2026-06-03 18:36:09,27.1875,12.00,1.378,16.368,B,#4,HOLDING,2.000A/B
21888,2026-06-03 18:36:11,27.3625,12.00,1.378,16.368,B,#4,HOLDING,2.000A/B
21889,2026-06-03 18:36:13,27.5625,12.00,1.359,16.140,B,#4,HOLDING,2.000A/B
21890,2026-06-03 18:36:16,27.7750,12.00,1.359,16.140,B,#4,HOLDING,2.000A/B
21891,2026-06-03 18:36:17,27.9750,12.00,1.359,16.140,B,#4,HOLDING,2.098A/B
21892,2026-06-03 18:36:19,28.1750,12.00,1.359,16.140,B,#4,HOLDING,2.125A/B
21893,2026-06-03 18:36:21,28.3750,12.00,1.341,15.936,B,#5,APPROACH,1.500A/B
21894,2026-06-03 18:36:23,28.5875,12.00,1.341,15.936,OFF,#5,HOLDING,0.000A/OFF
21895,2026-06-03 18:36:24,28.8125,12.00,1.341,15.936,OFF,#5,HOLDING,0.000A/OFF
21896,2026-06-03 18:36:25,28.8125,12.00,1.341,15.936,OFF,#5,HOLDING,0.000A/OFF
21897,2026-06-03 18:36:26,28.9875,12.00,1.341,15.936,OFF,#5,HOLDING,0.000A/OFF
21898,2026-06-03 18:36:27,29.1875,12.00,1.341,15.936,OFF,#5,HOLDING,0.000A/OFF
21899,2026-06-03 18:36:28,29.1875,12.00,1.341,15.936,OFF,#5,HOLDING,0.000A/OFF
21900,2026-06-03 18:36:29,29.4000,12.00,0.000,15.936,OFF,#5,HOLDING,0.000A/OFF
21901,2026-06-03 18:36:30,29.4000,12.00,0.000,0.000,OFF,#5,HOLDING,0.000A/OFF
21902,2026-06-03 18:36:31,29.5750,12.00,0.000,0.000,OFF,#5,HOLDING,0.000A/OFF
21903,2026-06-03 18:36:32,29.5750,12.00,0.000,0.000,OFF,#5,HOLDING,0.000A/OFF
21904,2026-06-03 18:36:33,29.8000,12.00,0.000,0.000,A,#5,HOLDING,0.126A/A
21905,2026-06-03 18:36:35,29.9500,4.32,0.126,0.000,A,#5,HOLDING,0.145A/A
21906,2026-06-03 18:36:37,30.0750,4.32,0.126,0.047,A,#5,HOLDING,0.252A/A
21907,2026-06-03 18:36:39,30.0750,4.32,0.126,0.047,A,#5,HOLDING,0.245A/A
21908,2026-06-03 18:36:40,30.1750,4.32,0.126,0.047,A,#5,HOLDING,0.285A/A
21909,2026-06-03 18:36:42,30.2875,1.77,0.126,0.047,A,#5,HOLDING,0.337A/A
21910,2026-06-03 18:36:44,30.3375,1.77,0.309,0.785,A,#5,HOLDING,0.395A/A
21911,2026-06-03 18:36:46,30.3875,1.77,0.309,0.785,A,#5,HOLDING,0.455A/A
21912,2026-06-03 18:36:48,30.4375,1.77,0.309,0.785,A,#5,HOLDING,0.499A/A
21913,2026-06-03 18:36:50,30.4375,3.76,0.309,0.785,A,#5,HOLDING,0.548A/A
21914,2026-06-03 18:36:52,30.4375,3.76,0.521,2.367,A,#5,HOLDING,0.597A/A
21915,2026-06-03 18:36:54,30.3875,3.76,0.521,2.367,A,#5,HOLDING,0.651A/A
21916,2026-06-03 18:36:56,30.3875,3.76,0.521,2.367,A,#5,HOLDING,0.696A/A
21917,2026-06-03 18:36:58,30.3375,5.52,0.521,2.367,A,#5,HOLDING,0.738A/A
21918,2026-06-03 18:36:59,30.2375,5.52,0.715,4.464,A,#5,HOLDING,0.773A/A
21919,2026-06-03 18:37:02,30.0750,5.52,0.715,4.464,A,#5,HOLDING,0.804A/A
21920,2026-06-03 18:37:03,30.0750,5.52,0.715,4.464,A,#5,HOLDING,0.843A/A
21921,2026-06-03 18:37:05,29.9500,6.85,0.715,4.464,A,#5,HOLDING,0.823A/A
21922,2026-06-03 18:37:07,29.8250,6.85,0.823,5.662,A,#5,HOLDING,0.854A/A
21923,2026-06-03 18:37:09,29.6125,6.85,0.823,5.662,A,#5,HOLDING,0.867A/A
21924,2026-06-03 18:37:11,29.6125,6.85,0.823,5.662,A,#5,HOLDING,0.899A/A
21925,2026-06-03 18:37:13,29.4625,7.45,0.823,5.662,A,#5,HOLDING,0.914A/A
21926,2026-06-03 18:37:15,29.3125,7.45,0.914,7.074,A,#5,HOLDING,0.927A/A
21927,2026-06-03 18:37:17,29.0000,7.45,0.914,7.074,A,#5,HOLDING,0.906A/A
21928,2026-06-03 18:37:19,29.0000,7.45,0.914,7.074,A,#5,HOLDING,0.919A/A
21929,2026-06-03 18:37:21,28.8250,7.75,0.914,7.074,A,#5,HOLDING,0.910A/A
21930,2026-06-03 18:37:22,28.6250,7.75,0.910,7.152,A,#5,HOLDING,0.900A/A
21931,2026-06-03 18:37:25,28.3125,7.75,0.910,7.152,A,#5,HOLDING,0.843A/A
21932,2026-06-03 18:37:26,28.3125,7.75,0.910,7.152,A,#5,HOLDING,0.837A/A
21933,2026-06-03 18:37:28,28.1250,7.28,0.910,7.152,A,#5,HOLDING,0.805A/A
21934,2026-06-03 18:37:30,27.8750,7.28,0.805,5.787,A,#5,HOLDING,0.706A/A
21935,2026-06-03 18:37:33,27.5250,7.28,0.805,5.787,A,#5,HOLDING,0.590A/A
21936,2026-06-03 18:37:34,27.5250,7.28,0.805,5.787,A,#5,HOLDING,0.562A/A
21937,2026-06-03 18:37:36,27.3250,5.36,0.805,5.787,A,#5,HOLDING,0.494A/A
21938,2026-06-03 18:37:38,27.1250,5.36,0.494,2.415,A,#5,HOLDING,0.421A/A
21939,2026-06-03 18:37:40,26.7375,5.36,0.494,2.415,A,#5,HOLDING,0.261A/A
21940,2026-06-03 18:37:42,26.7375,5.36,0.494,2.415,A,#5,HOLDING,0.210A/A
21941,2026-06-03 18:37:44,26.5500,2.43,0.494,2.415,A,#5,HOLDING,0.110A/A
21942,2026-06-03 18:37:45,26.3750,2.43,0.110,2.415,OFF,#5,HOLDING,0.000A/OFF
21943,2026-06-03 18:37:47,26.2000,2.43,0.110,0.160,OFF,#5,HOLDING,0.000A/OFF
21944,2026-06-03 18:37:48,26.2000,2.43,0.110,0.160,B,#5,HOLDING,0.119A/B
21945,2026-06-03 18:37:49,26.0000,2.43,0.110,0.160,B,#5,HOLDING,0.235A/B
21946,2026-06-03 18:37:51,25.8250,1.75,0.110,0.160,B,#5,HOLDING,0.315A/B
21947,2026-06-03 18:37:53,25.6750,1.75,0.293,0.812,B,#5,HOLDING,0.450A/B
21948,2026-06-03 18:37:55,25.5250,1.75,0.293,0.812,B,#5,HOLDING,0.620A/B
21949,2026-06-03 18:37:57,25.3750,1.75,0.293,0.812,B,#5,HOLDING,0.743A/B
21950,2026-06-03 18:37:59,25.2625,6.04,0.293,0.812,B,#5,HOLDING,0.886A/B
21951,2026-06-03 18:38:01,25.1625,6.04,0.864,6.547,B,#5,HOLDING,1.032A/B
21952,2026-06-03 18:38:03,25.0500,6.04,0.864,6.547,B,#5,HOLDING,1.222A/B
21953,2026-06-03 18:38:05,24.9750,6.04,0.864,6.547,B,#5,HOLDING,1.355A/B
21954,2026-06-03 18:38:06,24.9000,10.50,0.864,6.547,B,#5,HOLDING,1.508A/B
21955,2026-06-03 18:38:08,24.8750,10.50,1.495,17.839,B,#5,HOLDING,1.660A/B
21956,2026-06-03 18:38:11,24.8375,10.50,1.495,17.839,B,#5,HOLDING,1.500A/B
21957,2026-06-03 18:38:12,24.8125,10.50,1.495,17.839,B,#5,HOLDING,1.857A/B
21958,2026-06-03 18:38:14,24.8250,12.00,1.495,17.839,B,#5,HOLDING,1.500A/B
21959,2026-06-03 18:38:16,24.9000,12.00,1.488,17.592,B,#5,HOLDING,2.001A/B
21960,2026-06-03 18:38:18,24.9500,12.00,1.488,17.592,B,#5,HOLDING,2.000A/B
21961,2026-06-03 18:38:20,25.0250,12.00,1.488,17.592,B,#5,HOLDING,2.184A/B
21962,2026-06-03 18:38:22,25.1375,12.00,1.488,17.592,B,#5,HOLDING,2.320A/B
21963,2026-06-03 18:38:24,25.2625,12.00,1.435,17.076,B,#5,HOLDING,2.450A/B
21964,2026-06-03 18:38:26,25.4125,12.00,1.435,17.076,B,#5,HOLDING,1.000A/B
21965,2026-06-03 18:38:28,25.5125,12.00,1.435,17.076,B,#5,HOLDING,1.500A/B
21966,2026-06-03 18:38:29,25.6750,12.00,1.435,17.076,B,#5,HOLDING,2.000A/B
21967,2026-06-03 18:38:31,25.8500,12.00,1.402,16.632,B,#5,HOLDING,2.500A/B
21968,2026-06-03 18:38:34,26.0125,12.00,1.402,16.632,B,#5,HOLDING,2.541A/B
21969,2026-06-03 18:38:35,26.1875,12.00,1.402,16.632,B,#5,HOLDING,2.619A/B
21970,2026-06-03 18:38:37,26.3625,12.00,1.402,16.632,B,#5,HOLDING,1.500A/B
21971,2026-06-03 18:38:39,26.5875,12.00,1.372,16.308,B,#5,HOLDING,1.000A/B
21972,2026-06-03 18:38:41,26.8000,12.00,1.372,16.308,B,#5,HOLDING,1.000A/B
21973,2026-06-03 18:38:43,26.9750,12.00,1.372,16.308,B,#5,HOLDING,2.000A/B
21974,2026-06-03 18:38:45,27.1750,12.00,1.372,16.308,B,#5,HOLDING,2.000A/B
21975,2026-06-03 18:38:47,27.3750,12.00,1.357,16.104,B,#5,HOLDING,2.651A/B
21976,2026-06-03 18:38:49,27.6125,12.00,1.357,16.104,B,#5,HOLDING,2.500A/B
21977,2026-06-03 18:38:51,27.8125,12.00,1.357,16.104,B,#5,HOLDING,2.500A/B
21978,2026-06-03 18:38:52,28.0250,12.00,1.357,16.104,B,#5,HOLDING,2.500A/B
21979,2026-06-03 18:38:54,28.2500,12.00,1.338,15.888,B,#5,HOLDING,2.000A/B
21980,2026-06-03 18:38:57,28.4375,12.00,1.338,15.888,B,#5,HOLDING,1.000A/B
21981,2026-06-03 18:38:58,28.6875,12.00,1.338,15.888,B,#5,HOLDING,2.500A/B
21982,2026-06-03 18:39:00,28.8875,12.00,1.338,15.888,B,#5,HOLDING,2.500A/B
21983,2026-06-03 18:39:02,29.1375,12.00,1.322,15.708,B,#5,HOLDING,2.500A/B
21984,2026-06-03 18:39:04,29.3625,12.00,1.322,15.708,B,#5,HOLDING,2.000A/B
21985,2026-06-03 18:39:06,29.5625,12.00,1.322,15.708,B,#5,HOLDING,2.500A/B
21986,2026-06-03 18:39:08,29.8000,12.00,1.322,15.708,B,#5,HOLDING,1.000A/B
21987,2026-06-03 18:39:10,30.0250,12.00,1.159,9.830,B,#5,HOLDING,1.000A/B
21988,2026-06-03 18:39:12,30.2375,12.00,1.159,9.830,B,#5,HOLDING,2.572A/B
21989,2026-06-03 18:39:14,30.4375,12.00,1.159,9.830,B,#5,HOLDING,2.516A/B
21990,2026-06-03 18:39:15,30.6500,12.00,1.159,9.830,B,#5,HOLDING,2.445A/B
21991,2026-06-03 18:39:17,30.8750,12.00,1.309,15.552,B,#5,HOLDING,2.356A/B
21992,2026-06-03 18:39:20,31.0500,12.00,1.309,15.552,B,#5,HOLDING,2.000A/B
21993,2026-06-03 18:39:21,31.2500,12.00,1.309,15.552,B,#5,HOLDING,2.246A/B
21994,2026-06-03 18:39:23,31.4250,12.00,1.309,15.552,B,#5,HOLDING,2.000A/B
21995,2026-06-03 18:39:25,31.6250,12.00,1.299,15.432,B,#5,HOLDING,1.000A/B
21996,2026-06-03 18:39:27,31.7625,12.00,1.299,15.432,B,#5,HOLDING,1.000A/B
21997,2026-06-03 18:39:29,31.9375,12.00,1.299,15.432,B,#5,HOLDING,2.127A/B
21998,2026-06-03 18:39:31,32.1125,12.00,1.299,15.432,B,#5,HOLDING,1.000A/B
21999,2026-06-03 18:39:33,32.3125,12.00,1.149,9.930,B,#5,HOLDING,2.030A/B
22000,2026-06-03 18:39:35,32.4875,12.00,1.149,9.930,B,#5,HOLDING,1.857A/B
22001,2026-06-03 18:39:37,32.6375,12.00,1.149,9.930,B,#5,HOLDING,1.500A/B
22002,2026-06-03 18:39:39,32.8000,12.00,1.149,9.930,B,#5,HOLDING,1.727A/B
22003,2026-06-03 18:39:40,32.9500,12.00,1.290,15.324,B,#5,HOLDING,1.573A/B
22004,2026-06-03 18:39:43,33.0875,12.00,1.290,15.324,B,#5,HOLDING,1.373A/B
22005,2026-06-03 18:39:44,33.2625,12.00,1.290,15.324,B,#5,HOLDING,1.227A/B
22006,2026-06-03 18:39:46,33.4125,11.53,1.290,15.324,B,#5,HOLDING,1.054A/B
22007,2026-06-03 18:39:48,33.5375,11.53,1.138,10.972,B,#5,HOLDING,0.879A/B
22008,2026-06-03 18:39:50,33.7000,11.53,1.138,10.972,B,#5,HOLDING,0.651A/B
22009,2026-06-03 18:39:52,33.8250,11.53,1.138,10.972,B,#5,HOLDING,0.490A/B
22010,2026-06-03 18:39:54,33.9750,5.98,1.138,10.972,B,#5,HOLDING,0.294A/B
22011,2026-06-03 18:39:56,34.0750,5.98,0.294,1.278,B,#5,HOLDING,0.101A/B
22012,2026-06-03 18:39:58,34.2250,5.98,0.294,1.278,A,#5,HOLDING,0.154A/A
22013,2026-06-03 18:40:00,34.3250,5.98,0.294,1.278,A,#5,HOLDING,0.329A/A
22014,2026-06-03 18:40:02,34.4750,1.53,0.294,1.278,A,#5,HOLDING,0.542A/A
22015,2026-06-03 18:40:03,34.5750,1.53,0.542,1.924,A,#5,HOLDING,0.751A/A
22016,2026-06-03 18:40:06,34.6625,1.53,0.542,1.924,A,#5,HOLDING,1.023A/A
22017,2026-06-03 18:40:07,34.7375,1.53,0.542,1.924,A,#5,HOLDING,1.000A/A
22018,2026-06-03 18:40:09,34.7875,7.28,0.542,1.924,A,#5,HOLDING,1.209A/A
22019,2026-06-03 18:40:11,34.7875,7.28,1.209,10.989,A,#5,HOLDING,1.422A/A
22020,2026-06-03 18:40:14,34.7500,7.28,1.209,10.989,A,#5,HOLDING,1.688A/A
22021,2026-06-03 18:40:15,34.7500,7.28,1.209,10.989,A,#5,HOLDING,1.870A/A
22022,2026-06-03 18:40:17,34.6750,12.00,1.209,10.989,A,#5,HOLDING,1.000A/A
22023,2026-06-03 18:40:19,34.6000,12.00,1.014,7.950,A,#5,HOLDING,2.070A/A
22024,2026-06-03 18:40:21,34.3375,12.00,1.014,7.950,A,#5,HOLDING,2.303A/A
22025,2026-06-03 18:40:23,34.3375,12.00,1.014,7.950,A,#5,HOLDING,1.000A/A
22026,2026-06-03 18:40:25,34.2000,8.09,1.014,7.950,A,#5,HOLDING,1.500A/A
22027,2026-06-03 18:40:27,34.0000,8.09,1.245,17.550,A,#5,HOLDING,2.000A/A
22028,2026-06-03 18:40:29,33.6000,8.09,1.245,17.550,A,#5,HOLDING,2.425A/A
22029,2026-06-03 18:40:30,33.6000,8.09,1.245,17.550,A,#5,HOLDING,1.500A/A
22030,2026-06-03 18:40:32,33.3875,11.78,1.245,17.550,A,#5,HOLDING,1.000A/A
22031,2026-06-03 18:40:34,33.1625,11.78,1.250,8.540,A,#5,HOLDING,1.500A/A
22032,2026-06-03 18:40:37,32.6625,11.78,1.250,8.540,A,#5,HOLDING,1.000A/A
22033,2026-06-03 18:40:38,32.6625,11.78,1.250,8.540,A,#5,HOLDING,2.000A/A
22034,2026-06-03 18:40:40,32.4375,12.00,1.250,8.540,A,#5,HOLDING,1.500A/A
22035,2026-06-03 18:40:42,32.1375,12.00,1.494,17.760,A,#5,HOLDING,2.506A/A
22036,2026-06-03 18:40:44,31.6375,12.00,1.494,17.760,A,#5,HOLDING,2.523A/A
22037,2026-06-03 18:40:46,31.6375,12.00,1.494,17.760,A,#5,HOLDING,1.500A/A
22038,2026-06-03 18:40:48,31.3500,12.00,1.494,17.760,A,#5,HOLDING,2.621A/A
22039,2026-06-03 18:40:50,31.0500,12.00,1.473,17.532,A,#5,HOLDING,2.500A/A
22040,2026-06-03 18:40:52,30.4500,12.00,1.473,17.532,A,#5,HOLDING,2.500A/A
22041,2026-06-03 18:40:54,30.4500,12.00,1.473,17.532,A,#5,HOLDING,1.000A/A
22042,2026-06-03 18:40:55,30.1500,8.87,1.473,17.532,A,#5,HOLDING,2.000A/A
22043,2026-06-03 18:40:57,29.8500,8.87,1.452,17.340,A,#5,HOLDING,1.500A/A
22044,2026-06-03 18:41:00,29.2750,8.87,1.452,17.340,A,#5,HOLDING,1.000A/A
22045,2026-06-03 18:41:01,29.2750,8.87,1.452,17.340,A,#5,HOLDING,1.500A/A
22046,2026-06-03 18:41:03,29.0000,12.00,1.452,17.340,OFF,--,DONE,1.000A/A
22047,2026-06-03 18:41:05,28.7250,12.00,1.015,17.340,OFF,--,DONE,--
22048,2026-06-03 18:41:06,28.4375,12.00,1.015,0.000,OFF,--,DONE,--
22049,2026-06-03 18:41:07,28.1375,12.00,1.015,0.000,OFF,--,DONE,--
22050,2026-06-03 18:41:08,28.1375,0.71,1.015,0.000,OFF,--,DONE,--
22051,2026-06-03 18:41:09,27.8750,0.71,0.000,0.000,OFF,--,DONE,--
22052,2026-06-03 18:41:10,27.8750,0.71,0.000,0.000,OFF,--,DONE,--
22053,2026-06-03 18:41:11,27.6250,0.25,0.000,0.000,OFF,--,DONE,--
22054,2026-06-03 18:41:12,27.6250,0.25,0.000,0.000,OFF,--,DONE,--
22055,2026-06-03 18:41:13,27.4000,0.25,0.000,0.000,OFF,--,DONE,--
22056,2026-06-03 18:41:14,27.4000,0.25,0.000,0.000,OFF,--,DONE,--
22057,2026-06-03 18:41:15,27.1750,0.00,0.000,0.000,OFF,--,DONE,--
22058,2026-06-03 18:41:16,27.1750,0.00,0.000,0.000,OFF,--,DONE,--
22059,2026-06-03 18:41:17,26.9750,0.00,0.000,0.000,OFF,--,DONE,--
22060,2026-06-03 18:41:18,26.9750,0.00,0.000,0.000,OFF,--,DONE,--
22061,2026-06-03 18:41:19,26.7750,0.00,0.000,0.000,OFF,--,DONE,--
22062,2026-06-03 18:41:20,26.7750,0.00,0.000,0.000,OFF,--,DONE,--
22063,2026-06-03 18:41:21,26.6125,0.00,0.000,0.000,OFF,--,DONE,--
22064,2026-06-03 18:41:22,26.6125,0.00,0.000,0.000,OFF,--,DONE,--
22065,2026-06-03 18:41:23,26.4375,0.00,0.000,0.000,OFF,--,DONE,--
22066,2026-06-03 18:41:24,26.4375,0.00,0.000,0.000,OFF,--,DONE,--
22067,2026-06-03 18:41:25,26.2750,0.00,0.000,0.000,OFF,--,DONE,--
22068,2026-06-03 18:41:26,26.1250,0.00,0.000,0.000,OFF,--,DONE,--
22069,2026-06-03 18:41:28,26.1250,0.00,0.000,0.000,OFF,--,DONE,--
22070,2026-06-03 18:41:29,26.0125,0.00,0.000,0.000,OFF,--,DONE,--
22071,2026-06-03 18:41:30,26.0125,0.00,0.000,0.000,OFF,--,DONE,--
22072,2026-06-03 18:41:31,25.8625,0.00,0.000,0.000,OFF,--,DONE,--
22073,2026-06-03 18:41:32,25.8625,0.00,0.000,0.000,OFF,--,DONE,--
22074,2026-06-03 18:41:33,25.7750,0.00,0.000,0.000,OFF,--,DONE,--
22075,2026-06-03 18:41:34,25.7750,0.00,0.000,0.000,OFF,--,DONE,--
22076,2026-06-03 18:41:35,25.6750,0.00,0.000,0.000,OFF,--,DONE,--
22077,2026-06-03 18:41:36,25.6750,0.00,0.000,0.000,OFF,--,DONE,--
22078,2026-06-03 18:41:37,25.5875,0.00,0.000,0.000,A,#1,APPROACH,3.000A/A
22079,2026-06-03 18:41:39,25.4875,0.00,0.000,0.000,A,#1,APPROACH,2.500A/A
22080,2026-06-03 18:41:41,25.4000,0.00,0.000,0.000,A,#1,APPROACH,1.762A/A
22081,2026-06-03 18:41:43,25.3250,12.00,1.551,0.000,A,#1,APPROACH,2.003A/A
22082,2026-06-03 18:41:45,25.2500,12.00,1.551,18.348,A,#1,APPROACH,1.566A/A
22083,2026-06-03 18:41:46,25.1500,12.00,1.551,18.348,A,#1,APPROACH,1.582A/A
22084,2026-06-03 18:41:48,25.0250,12.00,1.551,18.348,A,#1,APPROACH,1.984A/A
22085,2026-06-03 18:41:50,24.9250,12.00,1.551,18.348,A,#1,APPROACH,2.528A/A
22086,2026-06-03 18:41:52,24.7375,12.00,1.507,17.892,A,#1,APPROACH,2.940A/A
22087,2026-06-03 18:41:54,24.5875,12.00,1.507,17.892,A,#1,APPROACH,3.000A/A
22088,2026-06-03 18:41:56,24.4500,12.00,1.507,17.892,A,#1,APPROACH,2.000A/A
22089,2026-06-03 18:41:58,24.2500,12.00,1.507,17.892,A,#1,APPROACH,2.500A/A
22090,2026-06-03 18:41:59,24.1125,12.00,1.481,17.580,A,#1,APPROACH,1.500A/A
22091,2026-06-03 18:42:02,23.9375,12.00,1.481,17.580,A,#1,APPROACH,2.844A/A
22092,2026-06-03 18:42:03,23.7375,12.00,1.481,17.580,A,#1,APPROACH,1.000A/A
22093,2026-06-03 18:42:05,23.5625,8.92,1.481,17.580,A,#1,APPROACH,2.249A/A
22094,2026-06-03 18:42:07,23.3625,8.92,1.230,17.376,A,#1,APPROACH,2.000A/A
22095,2026-06-03 18:42:09,23.1875,8.92,1.230,17.376,A,#1,APPROACH,2.297A/A
22096,2026-06-03 18:42:11,23.0125,8.92,1.230,17.376,A,#1,APPROACH,2.462A/A
22097,2026-06-03 18:42:13,22.8125,12.00,1.230,17.376,A,#1,APPROACH,2.660A/A
22098,2026-06-03 18:42:15,22.6375,12.00,1.454,17.280,A,#1,APPROACH,2.500A/A
22099,2026-06-03 18:42:17,22.4375,12.00,1.454,17.280,A,#1,APPROACH,1.500A/A
22100,2026-06-03 18:42:19,22.2625,12.00,1.454,17.280,A,#1,APPROACH,2.000A/A
22101,2026-06-03 18:42:21,22.0625,12.00,1.454,17.280,A,#1,APPROACH,2.000A/A
22102,2026-06-03 18:42:22,21.8875,12.00,1.436,17.100,A,#1,APPROACH,1.000A/A
22103,2026-06-03 18:42:25,21.7375,12.00,1.436,17.100,A,#1,APPROACH,2.558A/A
22104,2026-06-03 18:42:26,21.5750,12.00,1.436,17.100,A,#1,APPROACH,2.500A/A
22105,2026-06-03 18:42:28,21.3750,12.00,1.436,17.100,A,#1,APPROACH,2.699A/A
22106,2026-06-03 18:42:30,21.2000,12.00,1.428,17.004,A,#1,APPROACH,2.669A/A
22107,2026-06-03 18:42:32,21.0000,12.00,1.428,17.004,A,#1,APPROACH,2.000A/A
22108,2026-06-03 18:42:34,20.8375,12.00,1.428,17.004,A,#1,APPROACH,2.000A/A
22109,2026-06-03 18:42:36,20.6875,12.00,1.428,17.004,A,#1,APPROACH,2.000A/A
22110,2026-06-03 18:42:38,20.5125,12.00,1.429,17.016,A,#1,APPROACH,2.000A/A
22111,2026-06-03 18:42:40,20.3375,12.00,1.429,17.016,A,#1,APPROACH,2.000A/A
22112,2026-06-03 18:42:42,20.2000,12.00,1.429,17.016,A,#1,APPROACH,2.652A/A
22113,2026-06-03 18:42:44,20.0000,12.00,1.429,17.016,A,#1,HOLDING,1.500A/A
22114,2026-06-03 18:42:46,19.8625,12.00,1.419,17.016,OFF,#1,HOLDING,0.000A/OFF
22115,2026-06-03 18:42:47,19.8625,12.00,1.419,16.920,OFF,#1,HOLDING,0.000A/OFF
22116,2026-06-03 18:42:48,19.6875,12.00,1.419,16.920,OFF,#1,HOLDING,0.000A/OFF
22117,2026-06-03 18:42:49,19.6875,12.00,1.419,16.920,OFF,#1,HOLDING,0.000A/OFF
22118,2026-06-03 18:42:50,19.5500,12.00,1.419,16.920,OFF,#1,HOLDING,0.000A/OFF
22119,2026-06-03 18:42:51,19.5500,12.00,1.419,16.920,OFF,#1,HOLDING,0.000A/OFF
22120,2026-06-03 18:42:52,19.3750,12.00,1.419,16.920,OFF,#1,HOLDING,0.000A/OFF
22121,2026-06-03 18:42:53,19.3750,12.00,0.000,16.920,OFF,#1,HOLDING,0.000A/OFF
22122,2026-06-03 18:42:54,19.2625,12.00,0.000,0.000,OFF,#1,HOLDING,0.000A/OFF
22123,2026-06-03 18:42:55,19.2625,12.00,0.000,0.000,OFF,#1,HOLDING,0.000A/OFF
22124,2026-06-03 18:42:56,19.1375,12.00,0.000,0.000,OFF,#1,HOLDING,0.000A/OFF
22125,2026-06-03 18:42:57,19.1375,12.00,0.000,0.000,OFF,#1,HOLDING,0.000A/OFF
22126,2026-06-03 18:42:58,19.0625,12.00,0.000,0.000,OFF,#1,HOLDING,0.000A/OFF
22127,2026-06-03 18:42:59,19.0625,12.00,0.000,0.000,OFF,#1,HOLDING,0.000A/OFF
22128,2026-06-03 18:43:00,18.9875,12.00,0.000,0.000,OFF,#1,HOLDING,0.000A/OFF
22129,2026-06-03 18:43:01,18.9875,12.00,0.000,0.000,OFF,#1,HOLDING,0.000A/OFF
22130,2026-06-03 18:43:02,18.9250,12.00,0.000,0.000,OFF,#1,HOLDING,0.000A/OFF
22131,2026-06-03 18:43:03,18.8750,12.00,0.000,0.000,OFF,#1,HOLDING,0.000A/OFF
22132,2026-06-03 18:43:04,18.8750,12.00,0.000,0.000,OFF,#1,HOLDING,0.000A/OFF
22133,2026-06-03 18:43:05,18.8750,12.00,0.000,0.000,OFF,#1,HOLDING,0.000A/OFF
22134,2026-06-03 18:43:06,18.8750,12.00,0.000,0.000,OFF,#1,HOLDING,0.000A/OFF
22135,2026-06-03 18:43:07,18.8750,12.00,0.000,0.000,OFF,#1,HOLDING,0.000A/OFF
22136,2026-06-03 18:43:08,18.8750,12.00,0.000,0.000,OFF,#1,HOLDING,0.000A/OFF
22137,2026-06-03 18:43:09,18.8500,12.00,0.000,0.000,OFF,#1,HOLDING,0.000A/OFF
22138,2026-06-03 18:43:10,18.8500,12.00,0.000,0.000,OFF,#1,HOLDING,0.000A/OFF
22139,2026-06-03 18:43:11,18.8500,12.00,0.000,0.000,OFF,#1,HOLDING,0.000A/OFF
22140,2026-06-03 18:43:12,18.8500,12.00,0.000,0.000,OFF,#1,HOLDING,0.000A/OFF
22141,2026-06-03 18:43:13,18.8750,12.00,0.000,0.000,OFF,#1,HOLDING,0.000A/OFF
22142,2026-06-03 18:43:14,18.8750,12.00,0.000,0.000,OFF,#1,HOLDING,0.000A/OFF
22143,2026-06-03 18:43:15,18.8750,12.00,0.000,0.000,OFF,#1,HOLDING,0.000A/OFF
22144,2026-06-03 18:43:16,18.8750,12.00,0.000,0.000,OFF,#1,HOLDING,0.000A/OFF
22145,2026-06-03 18:43:17,18.9125,12.00,0.000,0.000,OFF,#1,HOLDING,0.000A/OFF
22146,2026-06-03 18:43:18,18.9125,12.00,0.000,0.000,OFF,#1,HOLDING,0.000A/OFF
22147,2026-06-03 18:43:19,18.9375,12.00,0.000,0.000,OFF,#1,HOLDING,0.000A/OFF
22148,2026-06-03 18:43:20,18.9375,12.00,0.000,0.000,OFF,#1,HOLDING,0.000A/OFF
22149,2026-06-03 18:43:21,19.0000,12.00,0.000,0.000,OFF,#1,HOLDING,0.000A/OFF
22150,2026-06-03 18:43:22,19.0000,12.00,0.000,0.000,OFF,#1,HOLDING,0.000A/OFF
22151,2026-06-03 18:43:23,19.0500,12.00,0.000,0.000,OFF,#1,HOLDING,0.000A/OFF
22152,2026-06-03 18:43:24,19.0500,12.00,0.000,0.000,OFF,#1,HOLDING,0.000A/OFF
22153,2026-06-03 18:43:25,19.0625,12.00,0.000,0.000,OFF,#1,HOLDING,0.000A/OFF
22154,2026-06-03 18:43:26,19.1125,12.00,0.000,0.000,OFF,#1,HOLDING,0.000A/OFF
22155,2026-06-03 18:43:27,19.1125,12.00,0.000,0.000,OFF,#1,HOLDING,0.000A/OFF
22156,2026-06-03 18:43:28,19.1625,12.00,0.000,0.000,OFF,#1,HOLDING,0.000A/OFF
22157,2026-06-03 18:43:29,19.1625,12.00,0.000,0.000,OFF,#1,HOLDING,0.000A/OFF
22158,2026-06-03 18:43:30,19.2375,12.00,0.000,0.000,OFF,#1,HOLDING,0.000A/OFF
22159,2026-06-03 18:43:31,19.2375,12.00,0.000,0.000,OFF,#1,HOLDING,0.000A/OFF
22160,2026-06-03 18:43:32,19.2875,12.00,0.000,0.000,OFF,#1,HOLDING,0.000A/OFF
22161,2026-06-03 18:43:33,19.2875,12.00,0.000,0.000,OFF,#1,HOLDING,0.000A/OFF
22162,2026-06-03 18:43:34,19.3125,12.00,0.000,0.000,OFF,#1,HOLDING,0.000A/OFF
22163,2026-06-03 18:43:35,19.3125,12.00,0.000,0.000,OFF,#1,HOLDING,0.000A/OFF
22164,2026-06-03 18:43:36,19.3875,12.00,0.000,0.000,OFF,#1,HOLDING,0.000A/OFF
22165,2026-06-03 18:43:37,19.3875,12.00,0.000,0.000,OFF,#1,HOLDING,0.000A/OFF
22166,2026-06-03 18:43:38,19.4375,12.00,0.000,0.000,OFF,#1,HOLDING,0.000A/OFF
22167,2026-06-03 18:43:39,19.4375,12.00,0.000,0.000,OFF,#1,HOLDING,0.000A/OFF
22168,2026-06-03 18:43:40,19.4750,12.00,0.000,0.000,OFF,#1,HOLDING,0.000A/OFF
22169,2026-06-03 18:43:41,19.4750,12.00,0.000,0.000,OFF,#1,HOLDING,0.000A/OFF
22170,2026-06-03 18:43:42,19.5250,12.00,0.000,0.000,OFF,#1,HOLDING,0.000A/OFF
22171,2026-06-03 18:43:43,19.5250,12.00,0.000,0.000,A,#1,HOLDING,0.101A/A
22172,2026-06-03 18:43:45,19.5750,12.00,0.000,0.102,A,#2,APPROACH,0.124A/A
22173,2026-06-03 18:43:47,19.6875,12.00,0.000,0.102,OFF,#2,APPROACH,0.000A/OFF
22174,2026-06-03 18:43:48,19.6875,12.00,0.000,0.102,OFF,#2,APPROACH,0.000A/OFF
22175,2026-06-03 18:43:49,19.7625,12.00,0.000,0.102,OFF,#2,APPROACH,0.000A/OFF
22176,2026-06-03 18:43:50,19.7625,12.00,0.000,0.102,B,#2,APPROACH,0.115A/B
22177,2026-06-03 18:43:52,19.8125,6.73,0.000,0.102,B,#2,APPROACH,0.155A/B
22178,2026-06-03 18:43:54,19.8625,6.73,0.155,0.192,B,#2,APPROACH,0.206A/B
22179,2026-06-03 18:43:56,19.9125,6.73,0.155,0.192,B,#2,APPROACH,0.244A/B
22180,2026-06-03 18:43:58,19.9875,6.73,0.155,0.192,B,#2,APPROACH,0.270A/B
22181,2026-06-03 18:44:00,20.0125,2.21,0.155,0.192,B,#2,HOLDING,0.261A/B
22182,2026-06-03 18:44:02,20.0875,2.21,0.261,0.192,OFF,#2,HOLDING,0.000A/OFF
22183,2026-06-03 18:44:03,20.1375,2.21,0.261,0.582,OFF,#2,HOLDING,0.000A/OFF
22184,2026-06-03 18:44:04,20.1375,2.21,0.261,0.582,OFF,#2,HOLDING,0.000A/OFF
22185,2026-06-03 18:44:05,20.1875,2.21,0.261,0.582,OFF,#2,HOLDING,0.000A/OFF
22186,2026-06-03 18:44:06,20.1875,2.21,0.261,0.582,OFF,#2,HOLDING,0.000A/OFF
22187,2026-06-03 18:44:07,20.2500,12.00,0.261,0.582,B,#2,HOLDING,0.104A/B
22188,2026-06-03 18:44:09,20.3000,12.00,0.154,0.100,B,#2,HOLDING,0.131A/B
22189,2026-06-03 18:44:11,20.3750,12.00,0.154,0.100,B,#2,HOLDING,0.153A/B
22190,2026-06-03 18:44:13,20.4250,12.00,0.154,0.100,B,#2,HOLDING,0.178A/B
22191,2026-06-03 18:44:14,20.5000,1.60,0.154,0.100,B,#2,HOLDING,0.192A/B
22192,2026-06-03 18:44:16,20.5750,1.60,0.192,0.339,B,#2,HOLDING,0.206A/B
22193,2026-06-03 18:44:19,20.6375,1.60,0.192,0.339,B,#2,HOLDING,0.224A/B
22194,2026-06-03 18:44:20,20.7125,1.60,0.192,0.339,B,#2,HOLDING,0.232A/B
22195,2026-06-03 18:44:22,20.7625,2.13,0.192,0.339,B,#2,HOLDING,0.243A/B
22196,2026-06-03 18:44:24,20.8375,2.13,0.243,0.554,B,#2,HOLDING,0.246A/B
22197,2026-06-03 18:44:26,20.8875,2.13,0.243,0.554,B,#2,HOLDING,0.256A/B
22198,2026-06-03 18:44:28,20.9625,2.13,0.243,0.554,B,#2,HOLDING,0.254A/B
22199,2026-06-03 18:44:30,21.0375,2.39,0.243,0.554,B,#2,HOLDING,0.253A/B
22200,2026-06-03 18:44:32,21.0875,2.39,0.253,0.612,B,#2,HOLDING,0.248A/B
22201,2026-06-03 18:44:34,21.1625,2.39,0.253,0.612,B,#2,HOLDING,0.243A/B
22202,2026-06-03 18:44:36,21.2375,2.39,0.253,0.612,B,#2,HOLDING,0.234A/B
22203,2026-06-03 18:44:37,21.2875,2.27,0.253,0.612,B,#2,HOLDING,0.224A/B
22204,2026-06-03 18:44:39,21.3625,2.27,0.224,0.495,B,#2,HOLDING,0.208A/B
22205,2026-06-03 18:44:42,21.4125,2.27,0.224,0.495,B,#2,HOLDING,0.193A/B
22206,2026-06-03 18:44:43,21.4875,2.27,0.224,0.495,B,#2,HOLDING,0.174A/B
22207,2026-06-03 18:44:45,21.5125,1.76,0.224,0.495,B,#2,HOLDING,0.159A/B
22208,2026-06-03 18:44:47,21.6125,1.76,0.159,0.262,B,#2,HOLDING,0.131A/B
22209,2026-06-03 18:44:49,21.6625,1.76,0.159,0.262,B,#2,HOLDING,0.103A/B
22210,2026-06-03 18:44:51,21.7375,1.76,0.159,0.262,OFF,#2,HOLDING,0.000A/OFF
22211,2026-06-03 18:44:52,21.7375,1.76,0.159,0.262,OFF,#2,HOLDING,0.000A/OFF
22212,2026-06-03 18:44:53,21.7625,12.00,0.159,0.262,OFF,#2,HOLDING,0.000A/OFF
22213,2026-06-03 18:44:54,21.7625,12.00,0.000,0.262,OFF,#2,HOLDING,0.000A/OFF
22214,2026-06-03 18:44:55,21.8125,12.00,0.000,0.000,OFF,#2,HOLDING,0.000A/OFF
22215,2026-06-03 18:44:56,21.8125,12.00,0.000,0.000,OFF,#2,HOLDING,0.000A/OFF
22216,2026-06-03 18:44:57,21.8875,12.00,0.000,0.000,OFF,#2,HOLDING,0.000A/OFF
22217,2026-06-03 18:44:58,21.8875,12.00,0.000,0.000,OFF,#2,HOLDING,0.000A/OFF
22218,2026-06-03 18:44:59,21.9375,12.00,0.000,0.000,OFF,#2,HOLDING,0.000A/OFF
22219,2026-06-03 18:45:00,21.9375,12.00,0.000,0.000,OFF,#3,APPROACH,0.000A/OFF
22220,2026-06-03 18:45:01,21.9750,12.00,0.000,0.000,B,#3,APPROACH,0.105A/B
22221,2026-06-03 18:45:03,22.0000,12.00,0.000,0.000,B,#3,APPROACH,0.127A/B
22222,2026-06-03 18:45:05,22.0625,12.00,0.000,0.000,B,#3,APPROACH,0.162A/B
22223,2026-06-03 18:45:07,22.0875,12.00,0.000,0.000,B,#3,APPROACH,0.201A/B
22224,2026-06-03 18:45:09,22.1250,1.99,0.000,0.000,B,#3,APPROACH,0.251A/B
22225,2026-06-03 18:45:10,22.1250,1.99,0.225,0.614,B,#3,APPROACH,0.339A/B
22226,2026-06-03 18:45:13,22.1875,1.99,0.225,0.614,B,#3,APPROACH,0.426A/B
22227,2026-06-03 18:45:14,22.2125,1.99,0.225,0.614,B,#3,APPROACH,0.474A/B
22228,2026-06-03 18:45:16,22.2625,4.27,0.225,0.614,B,#3,APPROACH,0.531A/B
22229,2026-06-03 18:45:18,22.3125,4.27,0.501,2.559,B,#3,APPROACH,0.596A/B
22230,2026-06-03 18:45:20,22.3500,4.27,0.501,2.559,B,#3,APPROACH,0.686A/B
22231,2026-06-03 18:45:22,22.4000,4.27,0.501,2.559,B,#3,APPROACH,0.743A/B
22232,2026-06-03 18:45:24,22.4500,6.46,0.501,2.559,B,#3,APPROACH,0.784A/B
22233,2026-06-03 18:45:26,22.5250,6.46,0.762,5.401,B,#3,APPROACH,0.846A/B
22234,2026-06-03 18:45:28,22.5750,6.46,0.762,5.401,B,#3,APPROACH,0.924A/B
22235,2026-06-03 18:45:30,22.6500,6.46,0.762,5.401,B,#3,APPROACH,0.972A/B
22236,2026-06-03 18:45:32,22.7375,8.27,0.762,5.401,B,#3,APPROACH,1.000A/B
22237,2026-06-03 18:45:33,22.8375,8.27,0.984,8.610,B,#3,APPROACH,0.987A/B
22238,2026-06-03 18:45:36,22.9125,8.27,0.984,8.610,B,#3,APPROACH,1.000A/B
22239,2026-06-03 18:45:37,22.9875,8.27,0.984,8.610,B,#3,APPROACH,1.000A/B
22240,2026-06-03 18:45:39,23.1125,8.66,0.984,8.610,B,#3,HOLDING,0.963A/B
22241,2026-06-03 18:45:41,23.2375,8.66,0.979,8.610,OFF,#3,HOLDING,0.000A/OFF
22242,2026-06-03 18:45:42,23.2375,8.66,0.979,8.204,OFF,#3,HOLDING,0.000A/OFF
22243,2026-06-03 18:45:43,23.3625,8.66,0.979,8.204,OFF,#3,HOLDING,0.000A/OFF
22244,2026-06-03 18:45:44,23.3625,8.66,0.979,8.204,OFF,#3,HOLDING,0.000A/OFF
22245,2026-06-03 18:45:45,23.4625,8.66,0.979,8.204,OFF,#3,HOLDING,0.000A/OFF
22246,2026-06-03 18:45:46,23.4625,12.00,0.979,8.204,B,#3,HOLDING,0.107A/B
22247,2026-06-03 18:45:48,23.6000,12.00,0.000,8.204,B,#3,HOLDING,0.000A/OFF
22248,2026-06-03 18:45:49,23.7500,12.00,0.000,0.173,OFF,#3,HOLDING,0.000A/OFF
22249,2026-06-03 18:45:50,23.7500,12.00,0.000,0.173,OFF,#3,HOLDING,0.000A/OFF
22250,2026-06-03 18:45:51,23.8625,12.00,0.000,0.173,OFF,#3,HOLDING,0.000A/OFF
22251,2026-06-03 18:45:52,23.8625,12.00,0.000,0.173,B,#3,HOLDING,0.105A/B
22252,2026-06-03 18:45:54,23.9875,7.94,0.000,0.173,OFF,#3,HOLDING,0.000A/OFF
22253,2026-06-03 18:45:55,24.0750,7.94,0.105,0.173,OFF,#3,HOLDING,0.000A/OFF
22254,2026-06-03 18:45:56,24.1750,7.94,0.105,0.451,OFF,#3,HOLDING,0.000A/OFF
22255,2026-06-03 18:45:57,24.1750,7.94,0.105,0.451,OFF,#3,HOLDING,0.000A/OFF
22256,2026-06-03 18:45:58,24.2625,7.94,0.105,0.451,OFF,#3,HOLDING,0.000A/OFF
22257,2026-06-03 18:45:59,24.2625,7.94,0.105,0.451,OFF,#3,HOLDING,0.000A/OFF
22258,2026-06-03 18:46:00,24.3625,7.94,0.105,0.451,OFF,#3,HOLDING,0.000A/OFF
22259,2026-06-03 18:46:01,24.3625,12.00,0.000,0.451,OFF,#3,HOLDING,0.000A/OFF
22260,2026-06-03 18:46:02,24.4125,12.00,0.000,0.451,OFF,#3,HOLDING,0.000A/OFF
22261,2026-06-03 18:46:03,24.4125,12.00,0.000,0.000,OFF,#3,HOLDING,0.000A/OFF
22262,2026-06-03 18:46:04,24.4875,12.00,0.000,0.000,OFF,#3,HOLDING,0.000A/OFF
22263,2026-06-03 18:46:05,24.4875,12.00,0.000,0.000,OFF,#3,HOLDING,0.000A/OFF
22264,2026-06-03 18:46:06,24.5000,12.00,0.000,0.000,OFF,#3,HOLDING,0.000A/OFF
22265,2026-06-03 18:46:07,24.5000,12.00,0.000,0.000,OFF,#3,HOLDING,0.000A/OFF
22266,2026-06-03 18:46:08,24.5500,12.00,0.000,0.000,OFF,#3,HOLDING,0.000A/OFF
22267,2026-06-03 18:46:09,24.5500,12.00,0.000,0.000,OFF,#3,HOLDING,0.000A/OFF
22268,2026-06-03 18:46:10,24.6000,12.00,0.000,0.000,OFF,#3,HOLDING,0.000A/OFF
22269,2026-06-03 18:46:11,24.6000,12.00,0.000,0.000,OFF,#3,HOLDING,0.000A/OFF
22270,2026-06-03 18:46:12,24.6250,12.00,0.000,0.000,OFF,#3,HOLDING,0.000A/OFF
22271,2026-06-03 18:46:13,24.6250,12.00,0.000,0.000,OFF,#3,HOLDING,0.000A/OFF
22272,2026-06-03 18:46:14,24.6375,12.00,0.000,0.000,OFF,#3,HOLDING,0.000A/OFF
22273,2026-06-03 18:46:15,24.6375,12.00,0.000,0.000,OFF,#3,HOLDING,0.000A/OFF
22274,2026-06-03 18:46:16,24.6625,12.00,0.000,0.000,OFF,#3,HOLDING,0.000A/OFF
22275,2026-06-03 18:46:17,24.6625,12.00,0.000,0.000,A,#3,HOLDING,0.102A/A
22276,2026-06-03 18:46:19,24.6875,12.00,0.000,0.000,A,#3,HOLDING,0.124A/A
22277,2026-06-03 18:46:20,24.6875,0.89,0.000,0.000,A,#3,HOLDING,0.140A/A
22278,2026-06-03 18:46:22,24.6875,0.89,0.140,0.151,A,#3,HOLDING,0.165A/A
22279,2026-06-03 18:46:25,24.6875,0.89,0.140,0.151,A,#3,HOLDING,0.195A/A
22280,2026-06-03 18:46:26,24.6875,0.89,0.140,0.151,A,#3,HOLDING,0.218A/A
22281,2026-06-03 18:46:28,24.6625,1.81,0.140,0.151,A,#3,HOLDING,0.240A/A
22282,2026-06-03 18:46:30,24.6500,1.81,0.227,0.494,A,#3,HOLDING,0.263A/A
22283,2026-06-03 18:46:32,24.6000,1.81,0.227,0.494,A,#3,HOLDING,0.287A/A
22284,2026-06-03 18:46:34,24.5875,1.81,0.227,0.494,A,#3,HOLDING,0.307A/A
22285,2026-06-03 18:46:36,24.5625,2.67,0.227,0.494,A,#3,HOLDING,0.328A/A
22286,2026-06-03 18:46:38,24.5000,2.67,0.315,0.961,A,#3,HOLDING,0.345A/A
22287,2026-06-03 18:46:40,24.4500,2.67,0.315,0.961,A,#4,APPROACH,0.364A/A
22288,2026-06-03 18:46:42,24.4250,2.67,0.315,0.961,OFF,#4,HOLDING,0.000A/OFF
22289,2026-06-03 18:46:43,24.3250,2.67,0.315,0.961,OFF,#4,HOLDING,0.000A/OFF
22290,2026-06-03 18:46:44,24.3250,2.67,0.315,0.961,OFF,#4,HOLDING,0.000A/OFF
22291,2026-06-03 18:46:45,24.3125,12.00,0.315,0.961,OFF,#4,HOLDING,0.000A/OFF
22292,2026-06-03 18:46:46,24.3125,12.00,0.000,0.961,OFF,#4,HOLDING,0.000A/OFF
22293,2026-06-03 18:46:47,24.2375,12.00,0.000,0.961,OFF,#4,HOLDING,0.000A/OFF
22294,2026-06-03 18:46:48,24.2375,12.00,0.000,0.000,OFF,#4,HOLDING,0.000A/OFF
22295,2026-06-03 18:46:49,24.1875,12.00,0.000,0.000,OFF,#4,HOLDING,0.000A/OFF
22296,2026-06-03 18:46:50,24.1875,12.00,0.000,0.000,OFF,#4,HOLDING,0.000A/OFF
22297,2026-06-03 18:46:51,24.1375,12.00,0.000,0.000,OFF,#4,HOLDING,0.000A/OFF
22298,2026-06-03 18:46:52,24.1375,12.00,0.000,0.000,OFF,#4,HOLDING,0.000A/OFF
22299,2026-06-03 18:46:53,24.0875,12.00,0.000,0.000,OFF,#4,HOLDING,0.000A/OFF
22300,2026-06-03 18:46:54,24.0875,12.00,0.000,0.000,A,#4,HOLDING,0.112A/A
22301,2026-06-03 18:46:56,24.0125,12.00,0.000,0.000,A,#4,HOLDING,0.116A/A
22302,2026-06-03 18:46:57,24.0000,12.00,0.000,0.000,A,#4,HOLDING,0.133A/A
22303,2026-06-03 18:46:59,23.9500,1.17,0.000,0.000,A,#4,HOLDING,0.135A/A
22304,2026-06-03 18:47:01,23.8750,1.17,0.135,0.166,A,#4,HOLDING,0.141A/A
22305,2026-06-03 18:47:03,23.8250,1.17,0.135,0.166,A,#4,HOLDING,0.145A/A
22306,2026-06-03 18:47:05,23.8125,1.17,0.135,0.166,A,#4,HOLDING,0.153A/A
22307,2026-06-03 18:47:06,23.7625,1.38,0.135,0.166,A,#4,HOLDING,0.157A/A
22308,2026-06-03 18:47:08,23.6875,1.38,0.157,0.227,A,#4,HOLDING,0.154A/A
22309,2026-06-03 18:47:11,23.6375,1.38,0.157,0.227,A,#4,HOLDING,0.148A/A
22310,2026-06-03 18:47:12,23.6125,1.38,0.157,0.227,A,#4,HOLDING,0.147A/A
22311,2026-06-03 18:47:14,23.5375,1.36,0.157,0.227,A,#4,HOLDING,0.141A/A
22312,2026-06-03 18:47:16,23.4875,1.36,0.141,0.187,A,#4,HOLDING,0.132A/A
22313,2026-06-03 18:47:18,23.4125,1.36,0.141,0.187,A,#4,HOLDING,0.116A/A
22314,2026-06-03 18:47:20,23.3625,1.36,0.141,0.187,A,#4,HOLDING,0.106A/A
22315,2026-06-03 18:47:22,23.3125,1.36,0.141,0.187,OFF,#4,HOLDING,0.000A/OFF
22316,2026-06-03 18:47:23,23.2750,1.00,0.141,0.187,OFF,#4,HOLDING,0.000A/OFF
22317,2026-06-03 18:47:24,23.2750,1.00,0.106,0.187,OFF,#4,HOLDING,0.000A/OFF
22318,2026-06-03 18:47:25,23.2000,1.00,0.106,0.668,OFF,#4,HOLDING,0.000A/OFF
22319,2026-06-03 18:47:26,23.2000,1.00,0.106,0.668,OFF,#4,HOLDING,0.000A/OFF
22320,2026-06-03 18:47:27,23.1750,1.00,0.106,0.668,OFF,#4,HOLDING,0.000A/OFF
22321,2026-06-03 18:47:28,23.1750,1.00,0.106,0.668,OFF,#4,HOLDING,0.000A/OFF
22322,2026-06-03 18:47:29,23.1000,12.00,0.106,0.668,OFF,#4,HOLDING,0.000A/OFF
22323,2026-06-03 18:47:30,23.1000,12.00,0.000,0.668,OFF,#4,HOLDING,0.000A/OFF
22324,2026-06-03 18:47:31,23.0625,12.00,0.000,0.000,OFF,#4,HOLDING,0.000A/OFF
22325,2026-06-03 18:47:32,23.0625,12.00,0.000,0.000,OFF,#4,HOLDING,0.000A/OFF
22326,2026-06-03 18:47:33,23.0125,12.00,0.000,0.000,OFF,#4,HOLDING,0.000A/OFF
22327,2026-06-03 18:47:34,23.0125,12.00,0.000,0.000,OFF,#4,HOLDING,0.000A/OFF
22328,2026-06-03 18:47:35,22.9750,12.00,0.000,0.000,OFF,#4,HOLDING,0.000A/OFF
22329,2026-06-03 18:47:36,22.9750,12.00,0.000,0.000,OFF,#4,HOLDING,0.000A/OFF
22330,2026-06-03 18:47:37,22.9500,12.00,0.000,0.000,OFF,#4,HOLDING,0.000A/OFF
22331,2026-06-03 18:47:38,22.9500,12.00,0.000,0.000,OFF,#4,HOLDING,0.000A/OFF
22332,2026-06-03 18:47:39,22.9250,12.00,0.000,0.000,B,#4,HOLDING,0.114A/B
22333,2026-06-03 18:47:41,22.8750,12.00,0.000,0.000,B,#4,HOLDING,0.140A/B
22334,2026-06-03 18:47:42,22.8125,1.18,0.000,0.000,B,#5,APPROACH,0.176A/B
22335,2026-06-03 18:47:44,22.8125,1.18,0.176,0.000,B,#5,APPROACH,0.363A/B
22336,2026-06-03 18:47:47,22.8000,1.18,0.176,0.000,B,#5,APPROACH,0.413A/B
22337,2026-06-03 18:47:49,22.7500,1.18,0.176,0.000,B,#5,APPROACH,0.476A/B
22338,2026-06-03 18:47:50,22.7500,1.18,0.176,0.000,B,#5,APPROACH,0.531A/B
22339,2026-06-03 18:47:52,22.7250,4.69,0.176,0.000,B,#5,APPROACH,0.599A/B
22340,2026-06-03 18:47:54,22.6875,4.69,0.599,3.180,B,#5,APPROACH,0.692A/B
22341,2026-06-03 18:47:56,22.6875,4.69,0.599,3.180,B,#5,APPROACH,0.832A/B
22342,2026-06-03 18:47:58,22.7500,4.69,0.599,3.180,B,#5,APPROACH,0.928A/B
22343,2026-06-03 18:48:00,22.7500,7.78,0.599,3.180,B,#5,APPROACH,1.059A/B
22344,2026-06-03 18:48:02,22.7875,7.78,1.059,9.393,B,#5,APPROACH,1.201A/B
22345,2026-06-03 18:48:04,22.8375,7.78,1.059,9.393,B,#5,APPROACH,1.404A/B
22346,2026-06-03 18:48:06,22.8875,7.78,1.059,9.393,B,#5,APPROACH,1.500A/B
22347,2026-06-03 18:48:07,22.9625,11.73,1.059,9.393,B,#5,APPROACH,1.000A/B
22348,2026-06-03 18:48:09,23.0625,11.73,1.000,8.660,B,#5,APPROACH,1.000A/B
22349,2026-06-03 18:48:12,23.1375,11.73,1.000,8.660,B,#5,APPROACH,1.533A/B
22350,2026-06-03 18:48:13,23.2250,11.73,1.000,8.660,B,#5,APPROACH,1.000A/B
22351,2026-06-03 18:48:15,23.3500,8.71,1.000,8.660,B,#5,APPROACH,1.706A/B
22352,2026-06-03 18:48:17,23.4875,8.71,1.479,17.556,B,#5,APPROACH,1.926A/B
22353,2026-06-03 18:48:19,23.6375,8.71,1.479,17.556,B,#5,APPROACH,2.210A/B
22354,2026-06-03 18:48:21,23.7375,8.71,1.479,17.556,B,#5,APPROACH,2.000A/B
22355,2026-06-03 18:48:23,23.8875,12.00,1.479,17.556,B,#5,APPROACH,2.000A/B
22356,2026-06-03 18:48:25,24.0750,12.00,1.434,17.028,B,#5,APPROACH,2.380A/B
22357,2026-06-03 18:48:27,24.2500,12.00,1.434,17.028,B,#5,APPROACH,2.000A/B
22358,2026-06-03 18:48:29,24.4000,12.00,1.434,17.028,B,#5,APPROACH,2.000A/B
22359,2026-06-03 18:48:30,24.6000,12.00,1.434,17.028,B,#5,APPROACH,2.500A/B
22360,2026-06-03 18:48:32,24.7750,12.00,1.399,16.644,B,#5,APPROACH,2.608A/B
22361,2026-06-03 18:48:35,25.0000,12.00,1.399,16.644,B,#5,APPROACH,2.827A/B
22362,2026-06-03 18:48:36,25.1750,12.00,1.399,16.644,B,#5,APPROACH,2.000A/B
22363,2026-06-03 18:48:38,25.4250,12.00,1.399,16.644,B,#5,APPROACH,1.000A/B
22364,2026-06-03 18:48:40,25.6125,12.00,1.064,9.440,B,#5,APPROACH,2.500A/B
22365,2026-06-03 18:48:42,25.8625,12.00,1.064,9.440,B,#5,APPROACH,2.000A/B
22366,2026-06-03 18:48:44,26.0500,12.00,1.064,9.440,B,#5,APPROACH,2.921A/B
22367,2026-06-03 18:48:46,26.3000,12.00,1.064,9.440,B,#5,APPROACH,1.000A/B
22368,2026-06-03 18:48:48,26.5000,12.00,1.123,9.500,B,#5,APPROACH,2.000A/B
22369,2026-06-03 18:48:50,26.7500,12.00,1.123,9.500,B,#5,APPROACH,1.500A/B
22370,2026-06-03 18:48:52,26.9250,12.00,1.123,9.500,B,#5,APPROACH,2.000A/B
22371,2026-06-03 18:48:54,27.1750,12.00,1.123,9.500,B,#5,APPROACH,2.500A/B
22372,2026-06-03 18:48:55,27.3750,12.00,1.348,16.020,B,#5,APPROACH,1.000A/B
22373,2026-06-03 18:48:58,27.5750,12.00,1.348,16.020,B,#5,APPROACH,1.500A/B
22374,2026-06-03 18:48:59,27.7750,12.00,1.348,16.020,B,#5,APPROACH,2.925A/B
22375,2026-06-03 18:49:01,28.0000,12.00,1.348,16.020,B,#5,APPROACH,2.979A/B
22376,2026-06-03 18:49:03,28.2125,12.00,1.335,15.888,B,#5,APPROACH,1.000A/B
22377,2026-06-03 18:49:05,28.4375,12.00,1.335,15.888,B,#5,APPROACH,3.000A/B
22378,2026-06-03 18:49:07,28.6125,12.00,1.335,15.888,B,#5,APPROACH,1.000A/B
22379,2026-06-03 18:49:09,28.8375,9.56,1.335,15.888,B,#5,HOLDING,1.000A/B
22380,2026-06-03 18:49:11,29.0500,9.56,1.000,15.888,OFF,#5,HOLDING,0.000A/OFF
22381,2026-06-03 18:49:12,29.0500,9.56,1.000,10.648,OFF,#5,HOLDING,0.000A/OFF
22382,2026-06-03 18:49:13,29.2500,9.56,1.000,10.648,OFF,#5,HOLDING,0.000A/OFF
22383,2026-06-03 18:49:14,29.2500,9.56,1.000,10.648,OFF,#5,HOLDING,0.000A/OFF
22384,2026-06-03 18:49:15,29.4250,9.56,1.000,10.648,OFF,#5,HOLDING,0.000A/OFF
22385,2026-06-03 18:49:16,29.4250,9.56,1.000,10.648,OFF,#5,HOLDING,0.000A/OFF
22386,2026-06-03 18:49:17,29.6250,12.00,1.000,10.648,OFF,#5,HOLDING,0.000A/OFF
22387,2026-06-03 18:49:18,29.6250,12.00,0.000,10.648,OFF,#5,HOLDING,0.000A/OFF
22388,2026-06-03 18:49:19,29.8000,12.00,0.000,0.000,OFF,#5,HOLDING,0.000A/OFF
22389,2026-06-03 18:49:20,29.8000,12.00,0.000,0.000,OFF,#5,HOLDING,0.000A/OFF
22390,2026-06-03 18:49:21,29.9500,12.00,0.000,0.000,OFF,#5,HOLDING,0.000A/OFF
22391,2026-06-03 18:49:22,29.9500,12.00,0.000,0.000,OFF,#5,HOLDING,0.000A/OFF
22392,2026-06-03 18:49:23,30.1000,12.00,0.000,0.000,OFF,#5,HOLDING,0.000A/OFF
22393,2026-06-03 18:49:24,30.2000,12.00,0.000,0.000,OFF,#5,HOLDING,0.000A/OFF
22394,2026-06-03 18:49:25,30.2000,12.00,0.000,0.000,OFF,#5,HOLDING,0.000A/OFF
22395,2026-06-03 18:49:26,30.3000,12.00,0.000,0.000,OFF,#5,HOLDING,0.000A/OFF
22396,2026-06-03 18:49:27,30.3000,12.00,0.000,0.000,OFF,#5,HOLDING,0.000A/OFF
22397,2026-06-03 18:49:28,30.4250,12.00,0.000,0.000,OFF,#5,HOLDING,0.000A/OFF
22398,2026-06-03 18:49:29,30.4250,12.00,0.000,0.000,OFF,#5,HOLDING,0.000A/OFF
22399,2026-06-03 18:49:30,30.5125,12.00,0.000,0.000,OFF,#5,HOLDING,0.000A/OFF
22400,2026-06-03 18:49:31,30.5125,12.00,0.000,0.000,OFF,#5,HOLDING,0.000A/OFF
22401,2026-06-03 18:49:32,30.5625,12.00,0.000,0.000,OFF,#5,HOLDING,0.000A/OFF
22402,2026-06-03 18:49:33,30.5625,12.00,0.000,0.000,OFF,#5,HOLDING,0.000A/OFF
22403,2026-06-03 18:49:34,30.5625,12.00,0.000,0.000,OFF,#5,HOLDING,0.000A/OFF
22404,2026-06-03 18:49:35,30.5625,12.00,0.000,0.000,OFF,#5,HOLDING,0.000A/OFF
22405,2026-06-03 18:49:36,30.6125,12.00,0.000,0.000,A,#5,HOLDING,0.102A/A
22406,2026-06-03 18:49:38,30.6250,12.00,0.000,0.000,A,#5,HOLDING,0.129A/A
22407,2026-06-03 18:49:40,30.6250,12.00,0.000,0.000,A,#5,HOLDING,0.168A/A
22408,2026-06-03 18:49:42,30.6000,12.00,0.000,0.000,A,#5,HOLDING,0.183A/A
22409,2026-06-03 18:49:43,30.6000,1.10,0.000,0.000,A,#5,HOLDING,0.211A/A
22410,2026-06-03 18:49:45,30.5625,1.10,0.211,0.299,A,#5,HOLDING,0.235A/A
22411,2026-06-03 18:49:48,30.5125,1.10,0.211,0.299,A,#5,HOLDING,0.268A/A
22412,2026-06-03 18:49:49,30.4625,1.10,0.211,0.299,A,#5,HOLDING,0.284A/A
22413,2026-06-03 18:49:51,30.3875,2.10,0.211,0.299,A,#5,HOLDING,0.302A/A
22414,2026-06-03 18:49:53,30.3625,2.10,0.302,0.703,A,#5,HOLDING,0.325A/A
22415,2026-06-03 18:49:55,30.2625,2.10,0.302,0.703,A,#5,HOLDING,0.345A/A
22416,2026-06-03 18:49:57,30.1500,2.10,0.302,0.703,A,#5,HOLDING,0.351A/A
22417,2026-06-03 18:49:59,30.0500,2.78,0.302,0.703,A,#5,HOLDING,0.354A/A
22418,2026-06-03 18:50:01,29.9500,2.78,0.354,1.026,A,#5,HOLDING,0.357A/A
22419,2026-06-03 18:50:03,29.8250,2.78,0.354,1.026,A,#5,HOLDING,0.362A/A
22420,2026-06-03 18:50:05,29.7375,2.78,0.354,1.026,A,#5,HOLDING,0.360A/A
22421,2026-06-03 18:50:07,29.5875,2.96,0.354,1.026,A,#5,HOLDING,0.347A/A
22422,2026-06-03 18:50:08,29.4500,2.96,0.347,1.027,A,#5,HOLDING,0.330A/A
22423,2026-06-03 18:50:11,29.3250,2.96,0.347,1.027,OFF,--,DONE,0.307A/A
22424,2026-06-03 18:50:13,29.2000,2.96,0.347,1.027,OFF,--,DONE,--
22425,2026-06-03 18:50:14,29.0250,2.96,0.347,1.027,OFF,--,DONE,--
22426,2026-06-03 18:50:15,29.0250,12.00,0.347,1.027,OFF,--,DONE,--
22427,2026-06-03 18:50:16,28.9250,12.00,0.000,1.027,OFF,--,DONE,--
22428,2026-06-03 18:50:17,28.9250,12.00,0.000,0.000,OFF,--,DONE,--
22429,2026-06-03 18:50:18,28.8000,12.00,0.000,0.000,OFF,--,DONE,--
22430,2026-06-03 18:50:19,28.8000,12.00,0.000,0.000,OFF,--,DONE,--
22431,2026-06-03 18:50:20,28.6375,12.00,0.000,0.000,OFF,--,DONE,--
22432,2026-06-03 18:50:21,28.6375,12.00,0.000,0.000,OFF,--,DONE,--
22433,2026-06-03 18:50:22,28.4875,12.00,0.000,0.000,OFF,--,DONE,--
22434,2026-06-03 18:50:23,28.4875,12.00,0.000,0.000,OFF,--,DONE,--
22435,2026-06-03 18:50:24,28.3875,12.00,0.000,0.000,OFF,--,DONE,--
22436,2026-06-03 18:50:25,28.3875,12.00,0.000,0.000,OFF,--,DONE,--
22437,2026-06-03 18:50:26,28.2375,12.00,0.000,0.000,OFF,--,DONE,--
22438,2026-06-03 18:50:27,28.2375,12.00,0.000,0.000,OFF,--,DONE,--
22439,2026-06-03 18:50:28,28.1375,12.00,0.000,0.000,OFF,--,DONE,--
22440,2026-06-03 18:50:29,28.1375,12.00,0.000,0.000,OFF,--,DONE,--
22441,2026-06-03 18:50:30,27.9875,12.00,0.000,0.000,OFF,--,DONE,--
22442,2026-06-03 18:50:31,27.9875,12.00,0.000,0.000,OFF,--,DONE,--
22443,2026-06-03 18:50:32,27.8875,12.00,0.000,0.000,OFF,--,DONE,--
22444,2026-06-03 18:50:33,27.7625,12.00,0.000,0.000,OFF,--,DONE,--
22445,2026-06-03 18:50:34,27.7625,12.00,0.000,0.000,OFF,--,DONE,--
22446,2026-06-03 18:50:35,27.6375,12.00,0.000,0.000,OFF,--,DONE,--
22447,2026-06-03 18:50:36,27.6375,12.00,0.000,0.000,OFF,--,DONE,--
22448,2026-06-03 18:50:37,27.5125,12.00,0.000,0.000,OFF,--,DONE,--
22449,2026-06-03 18:50:38,27.5125,12.00,0.000,0.000,OFF,--,DONE,--
22450,2026-06-03 18:50:39,27.4000,12.00,0.000,0.000,OFF,--,DONE,--
22451,2026-06-03 18:50:40,27.4000,12.00,0.000,0.000,OFF,--,DONE,--
22452,2026-06-03 18:50:41,27.3000,12.00,0.000,0.000,OFF,--,DONE,--
22453,2026-06-03 18:50:42,27.3000,12.00,0.000,0.000,OFF,--,DONE,--
22454,2026-06-03 18:50:43,27.1750,12.00,0.000,0.000,OFF,--,DONE,--
22455,2026-06-03 18:50:44,27.1750,12.00,0.000,0.000,OFF,--,DONE,--
22456,2026-06-03 18:50:45,27.0500,12.00,0.000,0.000,OFF,--,DONE,--
22457,2026-06-03 18:50:46,27.0500,12.00,0.000,0.000,OFF,--,DONE,--
22458,2026-06-03 18:50:47,26.9625,12.00,0.000,0.000,OFF,--,DONE,--
22459,2026-06-03 18:50:48,26.9625,12.00,0.000,0.000,OFF,--,DONE,--
22460,2026-06-03 18:50:49,26.8875,12.00,0.000,0.000,OFF,--,DONE,--
22461,2026-06-03 18:50:50,26.8875,12.00,0.000,0.000,OFF,--,DONE,--
22462,2026-06-03 18:50:51,26.7750,12.00,0.000,0.000,OFF,--,DONE,--
22463,2026-06-03 18:50:52,26.6750,12.00,0.000,0.000,OFF,--,DONE,--
22464,2026-06-03 18:50:53,26.6750,12.00,0.000,0.000,OFF,--,DONE,--
22465,2026-06-03 18:50:54,26.5875,12.00,0.000,0.000,OFF,--,DONE,--
22466,2026-06-03 18:50:55,26.5875,12.00,0.000,0.000,OFF,--,DONE,--
22467,2026-06-03 18:50:56,26.4875,12.00,0.000,0.000,OFF,--,DONE,--
22468,2026-06-03 18:50:57,26.4875,12.00,0.000,0.000,OFF,--,DONE,--
22469,2026-06-03 18:50:58,26.4250,12.00,0.000,0.000,OFF,--,DONE,--
22470,2026-06-03 18:50:59,26.4250,12.00,0.000,0.000,OFF,--,DONE,--
22471,2026-06-03 18:51:00,26.3250,12.00,0.000,0.000,OFF,--,DONE,--
22472,2026-06-03 18:51:01,26.3250,12.00,0.000,0.000,OFF,--,DONE,--
22473,2026-06-03 18:51:02,26.2375,12.00,0.000,0.000,OFF,--,DONE,--
22474,2026-06-03 18:51:04,26.2375,12.00,0.000,0.000,OFF,--,DONE,--
22475,2026-06-03 18:51:05,26.1625,12.00,0.000,0.000,OFF,--,DONE,--
22476,2026-06-03 18:51:06,26.1625,12.00,0.000,0.000,OFF,--,DONE,--
22477,2026-06-03 18:51:07,26.0750,12.00,0.000,0.000,OFF,--,DONE,--
22478,2026-06-03 18:51:08,25.9750,12.00,0.000,0.000,OFF,--,DONE,--
22479,2026-06-03 18:51:09,25.9750,12.00,0.000,0.000,OFF,--,DONE,--
22480,2026-06-03 18:51:10,25.9000,12.00,0.000,0.000,OFF,--,DONE,--
22481,2026-06-03 18:51:11,25.9000,12.00,0.000,0.000,OFF,--,DONE,--
22482,2026-06-03 18:51:12,25.8250,12.00,0.000,0.000,OFF,--,DONE,--
22483,2026-06-03 18:51:13,25.8250,12.00,0.000,0.000,OFF,--,DONE,--
22484,2026-06-03 18:51:14,25.7500,12.00,0.000,0.000,OFF,--,DONE,--
22485,2026-06-03 18:51:15,25.7500,12.00,0.000,0.000,OFF,--,DONE,--
22486,2026-06-03 18:51:16,25.6750,12.00,0.000,0.000,OFF,--,DONE,--
22487,2026-06-03 18:51:17,25.6750,12.00,0.000,0.000,OFF,--,DONE,--
22488,2026-06-03 18:51:18,25.6125,12.00,0.000,0.000,OFF,--,DONE,--
22489,2026-06-03 18:51:19,25.6125,12.00,0.000,0.000,OFF,--,DONE,--
22490,2026-06-03 18:51:20,25.5375,12.00,0.000,0.000,OFF,--,DONE,--
22491,2026-06-03 18:51:21,25.5375,12.00,0.000,0.000,OFF,--,DONE,--
22492,2026-06-03 18:51:22,25.4375,12.00,0.000,0.000,OFF,--,DONE,--
22493,2026-06-03 18:51:23,25.3875,12.00,0.000,0.000,OFF,--,DONE,--
22494,2026-06-03 18:51:24,25.3875,12.00,0.000,0.000,OFF,--,DONE,--
22495,2026-06-03 18:51:25,25.3125,12.00,0.000,0.000,OFF,--,DONE,--
22496,2026-06-03 18:51:26,25.3125,12.00,0.000,0.000,OFF,--,DONE,--
22497,2026-06-03 18:51:27,25.2625,12.00,0.000,0.000,OFF,--,DONE,--
22498,2026-06-03 18:51:28,25.2625,12.00,0.000,0.000,OFF,--,DONE,--
22499,2026-06-03 18:51:29,25.1875,12.00,0.000,0.000,OFF,--,DONE,--
22500,2026-06-03 18:51:30,25.1875,12.00,0.000,0.000,OFF,--,DONE,--
22501,2026-06-03 18:51:31,25.1125,12.00,0.000,0.000,OFF,--,DONE,--
22502,2026-06-03 18:51:32,25.1125,12.00,0.000,0.000,OFF,--,DONE,--
22503,2026-06-03 18:51:33,25.0500,12.00,0.000,0.000,OFF,--,DONE,--
22504,2026-06-03 18:51:34,25.0500,12.00,0.000,0.000,OFF,--,DONE,--
22505,2026-06-03 18:51:35,24.9750,12.00,0.000,0.000,OFF,--,DONE,--
22506,2026-06-03 18:51:36,24.9750,12.00,0.000,0.000,OFF,--,DONE,--
22507,2026-06-03 18:51:37,24.9250,12.00,0.000,0.000,OFF,--,DONE,--
22508,2026-06-03 18:51:38,24.8750,12.00,0.000,0.000,OFF,--,DONE,--
22509,2026-06-03 18:51:39,24.8750,12.00,0.000,0.000,OFF,--,DONE,--
22510,2026-06-03 18:51:40,24.8125,12.00,0.000,0.000,OFF,--,DONE,--
22511,2026-06-03 18:51:41,24.8125,12.00,0.000,0.000,OFF,--,DONE,--
22512,2026-06-03 18:51:42,24.7375,12.00,0.000,0.000,OFF,--,DONE,--
22513,2026-06-03 18:51:43,24.7375,12.00,0.000,0.000,OFF,--,DONE,--
22514,2026-06-03 18:51:44,24.6875,12.00,0.000,0.000,OFF,--,DONE,--
22515,2026-06-03 18:51:45,24.6875,12.00,0.000,0.000,OFF,--,DONE,--
22516,2026-06-03 18:51:46,24.6375,12.00,0.000,0.000,OFF,--,DONE,--
22517,2026-06-03 18:51:47,24.6375,12.00,0.000,0.000,OFF,--,DONE,--
22518,2026-06-03 18:51:48,24.5875,12.00,0.000,0.000,OFF,--,DONE,--
22519,2026-06-03 18:51:49,24.5875,12.00,0.000,0.000,OFF,--,DONE,--
22520,2026-06-03 18:51:50,24.5375,12.00,0.000,0.000,OFF,--,DONE,--
22521,2026-06-03 18:51:52,24.5375,12.00,0.000,0.000,OFF,--,DONE,--
22522,2026-06-03 18:51:53,24.4875,12.00,0.000,0.000,OFF,--,DONE,--
22523,2026-06-03 18:51:54,24.4375,12.00,0.000,0.000,OFF,--,DONE,--
22524,2026-06-03 18:51:55,24.4375,12.00,0.000,0.000,OFF,--,DONE,--
22525,2026-06-03 18:51:56,24.4000,12.00,0.000,0.000,OFF,--,DONE,--
22526,2026-06-03 18:51:57,24.4000,12.00,0.000,0.000,OFF,--,DONE,--
22527,2026-06-03 18:51:58,24.3250,12.00,0.000,0.000,OFF,--,DONE,--
22528,2026-06-03 18:51:59,24.3250,12.00,0.000,0.000,OFF,--,DONE,--
22529,2026-06-03 18:52:00,24.2750,12.00,0.000,0.000,OFF,--,DONE,--
22530,2026-06-03 18:52:01,24.2750,12.00,0.000,0.000,OFF,--,DONE,--
22531,2026-06-03 18:52:02,24.2250,12.00,0.000,0.000,OFF,--,DONE,--
22532,2026-06-03 18:52:03,24.2250,12.00,0.000,0.000,OFF,--,DONE,--
22533,2026-06-03 18:52:04,24.1875,12.00,0.000,0.000,OFF,--,DONE,--
22534,2026-06-03 18:52:05,24.1875,12.00,0.000,0.000,OFF,--,DONE,--
22535,2026-06-03 18:52:06,24.1375,12.00,0.000,0.000,OFF,--,DONE,--
22536,2026-06-03 18:52:07,24.1375,12.00,0.000,0.000,OFF,--,DONE,--
22537,2026-06-03 18:52:08,24.1125,12.00,0.000,0.000,OFF,--,DONE,--
22538,2026-06-03 18:52:09,24.1125,12.00,0.000,0.000,OFF,--,DONE,--
22539,2026-06-03 18:52:10,24.0125,12.00,0.000,0.000,OFF,--,DONE,--
22540,2026-06-03 18:52:11,24.0125,12.00,0.000,0.000,OFF,--,DONE,--
22541,2026-06-03 18:52:12,24.0000,12.00,0.000,0.000,OFF,--,DONE,--
22542,2026-06-03 18:52:13,23.9500,12.00,0.000,0.000,OFF,--,DONE,--
22543,2026-06-03 18:52:14,23.9500,12.00,0.000,0.000,OFF,--,DONE,--
22544,2026-06-03 18:52:15,23.9000,12.00,0.000,0.000,B,#1,HOLDING,0.308A/B
22545,2026-06-03 18:52:17,23.8750,12.00,0.000,0.000,B,#1,HOLDING,0.337A/B
22546,2026-06-03 18:52:19,23.8125,12.00,0.000,0.000,B,#1,HOLDING,0.245A/B
22547,2026-06-03 18:52:21,23.7875,12.00,0.000,0.000,B,#1,HOLDING,0.427A/B
22548,2026-06-03 18:52:23,23.7500,12.00,0.000,0.000,B,#1,HOLDING,0.539A/B
22549,2026-06-03 18:52:24,23.7000,8.33,0.539,0.000,B,#1,HOLDING,0.761A/B
22550,2026-06-03 18:52:26,23.7000,8.33,0.539,5.053,B,#1,HOLDING,1.052A/B
22551,2026-06-03 18:52:28,23.6875,8.33,0.539,5.053,B,#1,HOLDING,1.000A/B
22552,2026-06-03 18:52:29,23.6625,8.33,0.539,5.053,B,#1,HOLDING,1.000A/B
22553,2026-06-03 18:52:31,23.6875,8.46,0.539,5.053,B,#1,HOLDING,1.760A/B
22554,2026-06-03 18:52:33,23.7125,8.46,1.282,18.132,B,#1,HOLDING,2.000A/B
22555,2026-06-03 18:52:35,23.7500,8.46,1.282,18.132,B,#1,HOLDING,1.000A/B
22556,2026-06-03 18:52:37,23.8000,8.46,1.282,18.132,B,#1,HOLDING,1.000A/B
22557,2026-06-03 18:52:39,23.8875,8.67,1.282,18.132,B,#1,HOLDING,0.651A/B
22558,2026-06-03 18:52:41,23.9875,8.67,0.696,4.133,B,#1,HOLDING,0.552A/B
22559,2026-06-03 18:52:43,24.0750,8.67,0.696,4.133,B,#1,HOLDING,0.664A/B
22560,2026-06-03 18:52:45,24.1750,8.67,0.696,4.133,B,#1,HOLDING,0.567A/B
22561,2026-06-03 18:52:47,24.2875,5.64,0.696,4.133,B,#1,HOLDING,0.630A/B
22562,2026-06-03 18:52:48,24.3875,5.64,0.630,3.918,B,#1,HOLDING,0.492A/B
22563,2026-06-03 18:52:51,24.5125,5.64,0.630,3.918,B,#1,HOLDING,0.476A/B
22564,2026-06-03 18:52:52,24.6125,5.64,0.630,3.918,B,#1,HOLDING,0.447A/B
22565,2026-06-03 18:52:54,24.7250,4.75,0.630,3.918,B,#1,HOLDING,0.425A/B
22566,2026-06-03 18:52:56,24.8250,4.75,0.425,1.959,B,#1,HOLDING,0.409A/B
22567,2026-06-03 18:52:58,24.9250,4.75,0.425,1.959,B,#1,HOLDING,0.374A/B
22568,2026-06-03 18:53:00,25.0250,4.75,0.425,1.959,B,#1,HOLDING,0.353A/B
22569,2026-06-03 18:53:02,25.1625,3.95,0.425,1.959,B,#1,HOLDING,0.345A/B
22570,2026-06-03 18:53:04,25.2375,3.95,0.345,1.348,B,#1,HOLDING,0.345A/B
22571,2026-06-03 18:53:06,25.3250,3.95,0.345,1.348,B,#1,HOLDING,0.320A/B
22572,2026-06-03 18:53:08,25.4250,3.95,0.345,1.348,B,#1,HOLDING,0.314A/B
22573,2026-06-03 18:53:09,25.5125,3.53,0.345,1.348,B,#1,HOLDING,0.273A/B
22574,2026-06-03 18:53:11,25.5875,3.53,0.273,0.887,B,#1,HOLDING,0.248A/B
22575,2026-06-03 18:53:14,25.6625,3.53,0.273,0.887,B,#1,HOLDING,0.217A/B
22576,2026-06-03 18:53:15,25.7375,3.53,0.273,0.887,B,#1,HOLDING,0.179A/B
22577,2026-06-03 18:53:17,25.8125,3.53,0.273,0.887,OFF,#1,HOLDING,0.000A/OFF
22578,2026-06-03 18:53:18,25.8625,2.38,0.273,0.887,OFF,#1,HOLDING,0.000A/OFF
22579,2026-06-03 18:53:19,25.8625,2.38,0.179,0.887,OFF,#1,HOLDING,0.000A/OFF
22580,2026-06-03 18:53:20,25.8625,2.38,0.179,0.850,OFF,#1,HOLDING,0.000A/OFF
22581,2026-06-03 18:53:21,25.8875,2.38,0.179,0.850,OFF,#1,HOLDING,0.000A/OFF
22582,2026-06-03 18:53:22,25.9625,2.38,0.179,0.850,OFF,#1,HOLDING,0.000A/OFF
22583,2026-06-03 18:53:23,25.9625,2.38,0.179,0.850,OFF,#1,HOLDING,0.000A/OFF
22584,2026-06-03 18:53:24,26.0000,12.00,0.179,0.850,A,#1,HOLDING,0.103A/A
22585,2026-06-03 18:53:26,26.0000,12.00,0.048,0.050,A,#1,HOLDING,0.155A/A
22586,2026-06-03 18:53:28,26.0625,12.00,0.048,0.050,A,#1,HOLDING,0.182A/A
22587,2026-06-03 18:53:30,26.0625,12.00,0.048,0.050,A,#1,HOLDING,0.193A/A
22588,2026-06-03 18:53:32,26.0625,1.33,0.048,0.050,A,#1,HOLDING,0.239A/A
22589,2026-06-03 18:53:33,26.0625,1.33,0.239,0.439,A,#1,HOLDING,0.286A/A
22590,2026-06-03 18:53:36,26.0000,1.33,0.239,0.439,A,#1,HOLDING,0.341A/A
22591,2026-06-03 18:53:37,26.0000,1.33,0.239,0.439,A,#1,HOLDING,0.370A/A
22592,2026-06-03 18:53:39,26.0000,2.98,0.239,0.439,A,#1,HOLDING,0.415A/A
22593,2026-06-03 18:53:41,25.9875,2.98,0.415,1.452,A,#1,HOLDING,0.455A/A
22594,2026-06-03 18:53:43,25.8750,2.98,0.415,1.452,A,#1,HOLDING,0.482A/A
22595,2026-06-03 18:53:45,25.8750,2.98,0.415,1.452,A,#1,HOLDING,0.512A/A
22596,2026-06-03 18:53:47,25.8250,4.30,0.415,1.452,A,#1,HOLDING,0.543A/A
22597,2026-06-03 18:53:49,25.7750,4.30,0.543,2.552,A,#1,HOLDING,0.532A/A
22598,2026-06-03 18:53:51,25.6500,4.30,0.543,2.552,A,#1,HOLDING,0.563A/A
22599,2026-06-03 18:53:53,25.6500,4.30,0.543,2.552,A,#1,HOLDING,0.597A/A
22600,2026-06-03 18:53:55,25.5750,5.10,0.543,2.552,A,#1,HOLDING,0.625A/A
22601,2026-06-03 18:53:56,25.4875,5.10,0.625,3.418,A,#1,HOLDING,0.653A/A
22602,2026-06-03 18:53:59,25.3250,5.10,0.625,3.418,A,#1,HOLDING,0.667A/A
22603,2026-06-03 18:54:00,25.3250,5.10,0.625,3.418,A,#1,HOLDING,0.686A/A
22604,2026-06-03 18:54:02,25.2000,5.91,0.625,3.418,A,#1,HOLDING,0.697A/A
22605,2026-06-03 18:54:04,25.1125,5.91,0.697,4.279,A,#2,APPROACH,0.711A/A
22606,2026-06-03 18:54:06,24.8625,5.91,0.697,4.279,B,#2,APPROACH,0.358A/B
22607,2026-06-03 18:54:09,24.7875,5.91,0.697,4.279,B,#2,APPROACH,0.417A/B
22608,2026-06-03 18:54:11,24.6375,5.91,0.697,4.279,B,#2,APPROACH,0.505A/B
22609,2026-06-03 18:54:13,24.5125,8.40,0.505,4.279,B,#2,APPROACH,0.622A/B
22610,2026-06-03 18:54:15,24.4000,8.40,0.505,3.296,B,#2,APPROACH,0.730A/B
22611,2026-06-03 18:54:16,24.3000,8.40,0.505,3.296,B,#2,APPROACH,0.844A/B
22612,2026-06-03 18:54:18,24.2125,8.40,0.505,3.296,B,#2,APPROACH,0.959A/B
22613,2026-06-03 18:54:20,24.1875,7.76,0.505,3.296,B,#2,APPROACH,1.107A/B
22614,2026-06-03 18:54:22,24.1875,7.76,1.107,10.040,B,#2,APPROACH,1.000A/B
22615,2026-06-03 18:54:24,24.1250,7.76,1.107,10.040,B,#2,APPROACH,1.267A/B
22616,2026-06-03 18:54:26,24.1000,7.76,1.107,10.040,B,#2,APPROACH,1.439A/B
22617,2026-06-03 18:54:27,24.1250,11.24,1.107,10.040,B,#2,APPROACH,1.649A/B
22618,2026-06-03 18:54:29,24.1250,11.24,1.519,17.976,B,#2,APPROACH,1.000A/B
22619,2026-06-03 18:54:32,24.1875,11.24,1.519,17.976,B,#2,APPROACH,1.500A/B
22620,2026-06-03 18:54:33,24.2625,11.24,1.519,17.976,B,#2,APPROACH,1.500A/B
22621,2026-06-03 18:54:35,24.3625,12.00,1.519,17.976,B,#2,APPROACH,1.500A/B
22622,2026-06-03 18:54:37,24.3625,12.00,1.473,17.448,B,#2,APPROACH,1.846A/B
22623,2026-06-03 18:54:39,24.5500,12.00,1.473,17.448,B,#2,APPROACH,2.000A/B
22624,2026-06-03 18:54:41,24.6750,12.00,1.473,17.448,B,#2,APPROACH,1.000A/B
22625,2026-06-03 18:54:43,24.8250,9.03,1.473,17.448,B,#2,APPROACH,2.128A/B
22626,2026-06-03 18:54:45,24.8250,9.03,1.214,16.944,B,#2,APPROACH,2.366A/B
22627,2026-06-03 18:54:47,25.1375,9.03,1.214,16.944,B,#2,APPROACH,1.500A/B
22628,2026-06-03 18:54:49,25.1375,9.03,1.214,16.944,B,#2,APPROACH,2.000A/B
22629,2026-06-03 18:54:50,25.4500,12.00,1.214,16.944,B,#2,APPROACH,2.613A/B
22630,2026-06-03 18:54:52,25.4500,12.00,1.398,16.560,B,#2,APPROACH,2.000A/B
22631,2026-06-03 18:54:55,25.8250,12.00,1.398,16.560,B,#2,APPROACH,2.805A/B
22632,2026-06-03 18:54:56,26.0250,12.00,1.398,16.560,B,#2,APPROACH,2.966A/B
22633,2026-06-03 18:54:58,26.2250,12.00,1.398,16.560,B,#2,APPROACH,2.000A/B
22634,2026-06-03 18:55:00,26.2250,12.00,1.366,16.212,B,#2,APPROACH,2.500A/B
22635,2026-06-03 18:55:02,26.6000,12.00,1.366,16.212,B,#2,APPROACH,2.000A/B
22636,2026-06-03 18:55:04,26.6000,12.00,1.366,16.212,B,#2,APPROACH,2.000A/B
22637,2026-06-03 18:55:06,27.0250,12.00,1.366,16.212,B,#2,APPROACH,1.000A/B
22638,2026-06-03 18:55:08,27.0250,12.00,1.172,9.620,B,#2,APPROACH,2.500A/B
22639,2026-06-03 18:55:10,27.5000,12.00,1.172,9.620,B,#2,APPROACH,2.000A/B
22640,2026-06-03 18:55:12,27.5000,12.00,1.172,9.620,B,#2,APPROACH,1.000A/B
22641,2026-06-03 18:55:13,27.9000,9.58,1.172,9.620,B,#2,APPROACH,1.000A/B
22642,2026-06-03 18:55:15,27.9000,9.58,1.000,9.700,B,#2,APPROACH,1.500A/B
22643,2026-06-03 18:55:18,28.3125,9.58,1.000,9.700,B,#2,APPROACH,2.500A/B
22644,2026-06-03 18:55:19,28.3125,9.58,1.000,9.700,B,#2,APPROACH,1.500A/B
22645,2026-06-03 18:55:21,28.7500,12.00,1.000,9.700,B,#2,APPROACH,2.000A/B
22646,2026-06-03 18:55:23,28.7500,12.00,1.329,15.780,B,#2,APPROACH,1.500A/B
22647,2026-06-03 18:55:25,29.1625,12.00,1.329,15.780,B,#2,APPROACH,2.000A/B
22648,2026-06-03 18:55:27,29.1625,12.00,1.329,15.780,B,#2,APPROACH,2.977A/B
22649,2026-06-03 18:55:29,29.3625,12.00,1.329,15.780,B,#2,APPROACH,2.500A/B
22650,2026-06-03 18:55:31,29.5625,12.00,1.314,15.624,B,#2,APPROACH,1.000A/B
22651,2026-06-03 18:55:33,29.9750,12.00,1.314,15.624,B,#2,APPROACH,2.000A/B
22652,2026-06-03 18:55:35,29.9750,12.00,1.314,15.624,B,#2,APPROACH,2.000A/B
22653,2026-06-03 18:55:36,30.1500,12.00,1.314,15.624,B,#2,APPROACH,1.000A/B
22654,2026-06-03 18:55:38,30.3750,12.00,1.039,9.860,B,#2,HOLDING,2.500A/B
22655,2026-06-03 18:55:41,30.7500,12.00,1.039,9.860,OFF,#2,HOLDING,0.000A/OFF
22656,2026-06-03 18:55:42,30.7500,12.00,1.039,9.860,OFF,#2,HOLDING,0.000A/OFF
22657,2026-06-03 18:55:43,30.9250,12.00,1.039,9.860,OFF,#2,HOLDING,0.000A/OFF
22658,2026-06-03 18:55:44,30.9250,12.00,1.039,9.860,OFF,#2,HOLDING,0.000A/OFF
22659,2026-06-03 18:55:45,31.1250,12.00,0.000,9.860,OFF,#2,HOLDING,0.000A/OFF
22660,2026-06-03 18:55:46,31.1250,12.00,0.000,9.860,OFF,#2,HOLDING,0.000A/OFF
22661,2026-06-03 18:55:47,31.3000,12.00,0.000,0.000,OFF,#2,HOLDING,0.000A/OFF
22662,2026-06-03 18:55:48,31.3000,12.00,0.000,0.000,OFF,#2,HOLDING,0.000A/OFF
22663,2026-06-03 18:55:49,31.4500,12.00,0.000,0.000,OFF,#2,HOLDING,0.000A/OFF
22664,2026-06-03 18:55:50,31.4500,12.00,0.000,0.000,OFF,#2,HOLDING,0.000A/OFF
22665,2026-06-03 18:55:51,31.5750,12.00,0.000,0.000,OFF,#2,HOLDING,0.000A/OFF
22666,2026-06-03 18:55:52,31.5750,12.00,0.000,0.000,OFF,#2,HOLDING,0.000A/OFF
22667,2026-06-03 18:55:53,31.6750,12.00,0.000,0.000,OFF,#2,HOLDING,0.000A/OFF
22668,2026-06-03 18:55:54,31.6750,12.00,0.000,0.000,OFF,#2,HOLDING,0.000A/OFF
22669,2026-06-03 18:55:55,31.7875,12.00,0.000,0.000,OFF,#2,HOLDING,0.000A/OFF
22670,2026-06-03 18:55:56,31.8625,12.00,0.000,0.000,OFF,#2,HOLDING,0.000A/OFF
22671,2026-06-03 18:55:57,31.8625,12.00,0.000,0.000,OFF,#2,HOLDING,0.000A/OFF
22672,2026-06-03 18:55:58,31.9375,12.00,0.000,0.000,OFF,#2,HOLDING,0.000A/OFF
22673,2026-06-03 18:55:59,31.9375,12.00,0.000,0.000,OFF,#2,HOLDING,0.000A/OFF
22674,2026-06-03 18:56:00,31.9875,12.00,0.000,0.000,A,#2,HOLDING,0.110A/A
22675,2026-06-03 18:56:01,31.9875,12.00,0.000,0.000,A,#2,HOLDING,0.122A/A
22676,2026-06-03 18:56:03,32.0000,12.00,0.000,0.000,A,#2,HOLDING,0.148A/A
22677,2026-06-03 18:56:05,32.0500,0.64,0.000,0.000,A,#2,HOLDING,0.173A/A
22678,2026-06-03 18:56:06,32.0625,0.64,0.159,0.167,A,#2,HOLDING,0.206A/A
22679,2026-06-03 18:56:09,32.0625,0.64,0.159,0.167,A,#2,HOLDING,0.245A/A
22680,2026-06-03 18:56:10,32.0500,0.64,0.159,0.167,A,#2,HOLDING,0.266A/A
22681,2026-06-03 18:56:12,32.0000,1.87,0.159,0.167,A,#2,HOLDING,0.289A/A
22682,2026-06-03 18:56:14,31.9500,1.87,0.275,0.632,A,#2,HOLDING,0.312A/A
22683,2026-06-03 18:56:17,31.9250,1.87,0.275,0.632,A,#2,HOLDING,0.346A/A
22684,2026-06-03 18:56:18,31.8375,1.87,0.275,0.632,A,#2,HOLDING,0.362A/A
22685,2026-06-03 18:56:20,31.7875,2.82,0.275,0.632,A,#2,HOLDING,0.384A/A
22686,2026-06-03 18:56:22,31.6750,2.82,0.384,1.198,A,#2,HOLDING,0.393A/A
22687,2026-06-03 18:56:24,31.5750,2.82,0.384,1.198,A,#2,HOLDING,0.413A/A
22688,2026-06-03 18:56:26,31.4875,2.82,0.384,1.198,A,#2,HOLDING,0.418A/A
22689,2026-06-03 18:56:28,31.3625,3.42,0.384,1.198,A,#2,HOLDING,0.423A/A
22690,2026-06-03 18:56:30,31.2125,3.42,0.423,1.522,A,#2,HOLDING,0.417A/A
22691,2026-06-03 18:56:32,31.0875,3.42,0.423,1.522,A,#2,HOLDING,0.412A/A
22692,2026-06-03 18:56:34,30.9875,3.42,0.423,1.522,A,#2,HOLDING,0.406A/A
22693,2026-06-03 18:56:35,30.8625,3.45,0.423,1.522,A,#2,HOLDING,0.395A/A
22694,2026-06-03 18:56:37,30.7000,3.45,0.395,1.378,A,#2,HOLDING,0.370A/A
22695,2026-06-03 18:56:40,30.5500,3.45,0.395,1.378,A,#3,APPROACH,0.339A/A
22696,2026-06-03 18:56:41,30.4125,3.45,0.395,1.378,A,#3,APPROACH,0.332A/A
22697,2026-06-03 18:56:43,30.2375,3.45,0.395,1.378,A,#3,APPROACH,0.322A/A
22698,2026-06-03 18:56:45,30.0750,8.47,0.395,1.378,A,#3,APPROACH,0.337A/A
22699,2026-06-03 18:56:47,29.8750,8.47,0.367,1.105,A,#3,APPROACH,0.356A/A
22700,2026-06-03 18:56:49,29.5625,8.47,0.367,1.105,A,#3,APPROACH,0.385A/A
22701,2026-06-03 18:56:51,29.5625,8.47,0.367,1.105,A,#3,APPROACH,0.433A/A
22702,2026-06-03 18:56:53,29.3875,4.07,0.367,1.105,A,#3,APPROACH,0.479A/A
22703,2026-06-03 18:56:55,29.1875,4.07,0.454,2.136,A,#3,APPROACH,0.533A/A
22704,2026-06-03 18:56:57,28.8375,4.07,0.454,2.136,A,#3,APPROACH,0.591A/A
22705,2026-06-03 18:56:59,28.8375,4.07,0.454,2.136,A,#3,APPROACH,0.665A/A
22706,2026-06-03 18:57:01,28.6375,5.81,0.454,2.136,A,#3,APPROACH,0.741A/A
22707,2026-06-03 18:57:02,28.4375,5.81,0.741,4.831,A,#3,APPROACH,0.825A/A
22708,2026-06-03 18:57:05,28.0625,5.81,0.741,4.831,A,#3,APPROACH,0.918A/A
22709,2026-06-03 18:57:06,28.0625,5.81,0.741,4.831,A,#3,APPROACH,1.017A/A
22710,2026-06-03 18:57:08,27.8875,8.45,0.741,4.831,A,#3,APPROACH,1.000A/A
22711,2026-06-03 18:57:10,27.6875,8.45,1.000,8.550,A,#3,APPROACH,1.118A/A
22712,2026-06-03 18:57:13,27.3125,8.45,1.000,8.550,A,#3,APPROACH,1.250A/A
22713,2026-06-03 18:57:14,27.3125,8.45,1.000,8.550,A,#3,APPROACH,1.365A/A
22714,2026-06-03 18:57:16,27.1000,11.00,1.000,8.550,A,#3,APPROACH,1.000A/A
22715,2026-06-03 18:57:18,26.8750,11.00,1.000,8.680,A,#3,APPROACH,1.430A/A
22716,2026-06-03 18:57:20,26.5000,11.00,1.000,8.680,A,#3,APPROACH,1.504A/A
22717,2026-06-03 18:57:22,26.5000,11.00,1.000,8.680,A,#3,APPROACH,1.000A/A
22718,2026-06-03 18:57:24,26.2625,8.70,1.000,8.680,A,#3,APPROACH,1.598A/A
22719,2026-06-03 18:57:26,26.0625,8.70,1.477,17.592,A,#3,APPROACH,1.678A/A
22720,2026-06-03 18:57:28,25.6250,8.70,1.477,17.592,A,#3,APPROACH,1.705A/A
22721,2026-06-03 18:57:30,25.6250,8.70,1.477,17.592,A,#3,APPROACH,1.785A/A
22722,2026-06-03 18:57:31,25.3875,12.00,1.477,17.592,A,#3,APPROACH,1.825A/A
22723,2026-06-03 18:57:33,25.1875,12.00,1.455,17.316,A,#3,APPROACH,1.000A/A
22724,2026-06-03 18:57:36,24.7500,12.00,1.455,17.316,A,#3,HOLDING,1.500A/A
22725,2026-06-03 18:57:37,24.7500,12.00,1.455,17.316,OFF,#3,HOLDING,0.000A/OFF
22726,2026-06-03 18:57:38,24.5125,12.00,1.455,17.316,OFF,#3,HOLDING,0.000A/OFF
22727,2026-06-03 18:57:39,24.5125,12.00,1.455,17.316,OFF,#3,HOLDING,0.000A/OFF
22728,2026-06-03 18:57:40,24.3125,12.00,0.000,17.316,OFF,#3,HOLDING,0.000A/OFF
22729,2026-06-03 18:57:41,24.3125,12.00,0.000,0.000,OFF,#3,HOLDING,0.000A/OFF
22730,2026-06-03 18:57:42,24.0750,12.00,0.000,0.000,OFF,#3,HOLDING,0.000A/OFF
22731,2026-06-03 18:57:43,23.8500,12.00,0.000,0.000,OFF,#3,HOLDING,0.000A/OFF
22732,2026-06-03 18:57:44,23.8500,12.00,0.000,0.000,OFF,#3,HOLDING,0.000A/OFF
22733,2026-06-03 18:57:45,23.6875,12.00,0.000,0.000,OFF,#3,HOLDING,0.000A/OFF
22734,2026-06-03 18:57:46,23.6875,12.00,0.000,0.000,OFF,#3,HOLDING,0.000A/OFF
22735,2026-06-03 18:57:47,23.4625,12.00,0.000,0.000,OFF,#3,HOLDING,0.000A/OFF
22736,2026-06-03 18:57:48,23.4625,12.00,0.000,0.000,OFF,#3,HOLDING,0.000A/OFF
22737,2026-06-03 18:57:49,23.3250,12.00,0.000,0.000,OFF,#3,HOLDING,0.000A/OFF
22738,2026-06-03 18:57:50,23.3250,12.00,0.000,0.000,OFF,#3,HOLDING,0.000A/OFF
22739,2026-06-03 18:57:51,23.1750,12.00,0.000,0.000,OFF,#3,HOLDING,0.000A/OFF
22740,2026-06-03 18:57:52,23.1750,12.00,0.000,0.000,OFF,#3,HOLDING,0.000A/OFF
22741,2026-06-03 18:57:53,23.0750,12.00,0.000,0.000,OFF,#3,HOLDING,0.000A/OFF
22742,2026-06-03 18:57:54,23.0750,12.00,0.000,0.000,OFF,#3,HOLDING,0.000A/OFF
22743,2026-06-03 18:57:55,22.9500,12.00,0.000,0.000,B,#3,HOLDING,0.101A/B
22744,2026-06-03 18:57:57,22.8375,12.00,0.000,0.000,B,#3,HOLDING,0.183A/B
22745,2026-06-03 18:57:59,22.7625,1.37,0.000,0.000,B,#3,HOLDING,0.236A/B
22746,2026-06-03 18:58:01,22.6750,1.37,0.214,0.448,B,#3,HOLDING,0.272A/B
22747,2026-06-03 18:58:03,22.5750,1.37,0.214,0.448,B,#3,HOLDING,0.334A/B
22748,2026-06-03 18:58:05,22.5250,1.37,0.214,0.448,B,#3,HOLDING,0.380A/B
22749,2026-06-03 18:58:06,22.4750,3.18,0.214,0.448,B,#3,HOLDING,0.431A/B
22750,2026-06-03 18:58:08,22.4375,3.18,0.417,1.599,B,#3,HOLDING,0.483A/B
22751,2026-06-03 18:58:11,22.3875,3.18,0.417,1.599,B,#3,HOLDING,0.556A/B
22752,2026-06-03 18:58:12,22.4000,3.18,0.417,1.599,B,#3,HOLDING,0.597A/B
22753,2026-06-03 18:58:14,22.3750,5.05,0.417,1.599,B,#3,HOLDING,0.655A/B
22754,2026-06-03 18:58:16,22.3750,5.05,0.630,3.713,B,#3,HOLDING,0.708A/B
22755,2026-06-03 18:58:18,22.3750,5.05,0.630,3.713,B,#3,HOLDING,0.780A/B
22756,2026-06-03 18:58:20,22.3750,5.05,0.630,3.713,B,#3,HOLDING,0.826A/B
22757,2026-06-03 18:58:22,22.4250,7.03,0.630,3.713,B,#3,HOLDING,0.875A/B
22758,2026-06-03 18:58:24,22.4750,7.03,0.849,6.597,B,#3,HOLDING,0.919A/B
22759,2026-06-03 18:58:26,22.5250,7.03,0.849,6.597,B,#3,HOLDING,0.979A/B
22760,2026-06-03 18:58:28,22.5750,7.03,0.849,6.597,B,#3,HOLDING,1.000A/B
22761,2026-06-03 18:58:30,22.6500,8.50,0.849,6.597,B,#3,HOLDING,1.012A/B
22762,2026-06-03 18:58:31,22.7250,8.50,1.012,8.834,B,#3,HOLDING,1.048A/B
22763,2026-06-03 18:58:34,22.8000,8.50,1.012,8.834,B,#3,HOLDING,1.097A/B
22764,2026-06-03 18:58:35,22.8875,8.50,1.012,8.834,B,#3,HOLDING,1.123A/B
22765,2026-06-03 18:58:37,22.9875,9.51,1.012,8.834,B,#3,HOLDING,1.000A/B
22766,2026-06-03 18:58:39,23.1125,9.51,1.059,8.820,B,#3,HOLDING,1.000A/B
22767,2026-06-03 18:58:41,23.2375,9.51,1.059,8.820,B,#3,HOLDING,1.098A/B
22768,2026-06-03 18:58:43,23.3625,9.51,1.059,8.820,B,#3,HOLDING,1.111A/B
22769,2026-06-03 18:58:45,23.5125,9.63,1.059,8.820,B,#3,HOLDING,1.000A/B
22770,2026-06-03 18:58:47,23.6375,9.63,1.054,8.990,B,#3,HOLDING,1.122A/B
22771,2026-06-03 18:58:49,23.7875,9.63,1.054,8.990,B,#3,HOLDING,1.000A/B
22772,2026-06-03 18:58:51,23.9250,9.63,1.054,8.990,B,#3,HOLDING,1.130A/B
22773,2026-06-03 18:58:53,24.1000,9.93,1.054,8.990,B,#3,HOLDING,1.117A/B
22774,2026-06-03 18:58:55,24.2375,9.93,1.117,11.158,B,#3,HOLDING,1.000A/B
22775,2026-06-03 18:58:57,24.3875,9.93,1.117,11.158,B,#3,HOLDING,1.105A/B
22776,2026-06-03 18:58:58,24.5500,9.93,1.117,11.158,B,#3,HOLDING,1.083A/B
22777,2026-06-03 18:59:00,24.7000,9.72,1.117,11.158,B,#3,HOLDING,1.051A/B
22778,2026-06-03 18:59:02,24.8750,9.72,1.051,10.142,B,#3,HOLDING,1.009A/B
22779,2026-06-03 18:59:05,25.0750,9.72,1.051,10.142,B,#3,HOLDING,0.897A/B
22780,2026-06-03 18:59:06,25.2375,9.72,1.051,10.142,B,#3,HOLDING,0.841A/B
22781,2026-06-03 18:59:08,25.4125,8.04,1.051,10.142,B,#3,HOLDING,0.775A/B
22782,2026-06-03 18:59:10,25.5875,8.04,0.775,5.967,B,#3,HOLDING,0.701A/B
22783,2026-06-03 18:59:12,25.7625,8.04,0.775,5.967,B,#3,HOLDING,0.608A/B
22784,2026-06-03 18:59:14,25.9250,8.04,0.775,5.967,B,#3,HOLDING,0.533A/B
22785,2026-06-03 18:59:16,26.1250,5.75,0.775,5.967,B,#3,HOLDING,0.437A/B
22786,2026-06-03 18:59:18,26.2750,5.75,0.437,2.198,B,#3,HOLDING,0.340A/B
22787,2026-06-03 18:59:20,26.4500,5.75,0.437,2.198,B,#3,HOLDING,0.215A/B
22788,2026-06-03 18:59:22,26.6125,5.75,0.437,2.198,B,#3,HOLDING,0.120A/B
22789,2026-06-03 18:59:23,26.7875,5.75,0.437,2.198,OFF,#3,HOLDING,0.000A/OFF
22790,2026-06-03 18:59:24,26.7875,2.22,0.437,2.198,OFF,#3,HOLDING,0.000A/OFF
22791,2026-06-03 18:59:25,26.9000,2.22,0.120,0.000,A,#3,HOLDING,0.114A/A
22792,2026-06-03 18:59:27,27.0500,2.22,0.120,0.000,A,#3,HOLDING,0.214A/A
22793,2026-06-03 18:59:29,27.0500,2.22,0.120,0.000,A,#3,HOLDING,0.315A/A
22794,2026-06-03 18:59:31,27.1750,2.18,0.120,0.000,A,#3,HOLDING,0.443A/A
22795,2026-06-03 18:59:33,27.3000,2.18,0.377,1.492,A,#3,HOLDING,0.573A/A
22796,2026-06-03 18:59:35,27.4250,2.18,0.377,1.492,A,#3,HOLDING,0.746A/A
22797,2026-06-03 18:59:37,27.4250,2.18,0.377,1.492,A,#3,HOLDING,0.857A/A
22798,2026-06-03 18:59:39,27.4750,6.79,0.377,1.492,A,#3,HOLDING,0.991A/A
22799,2026-06-03 18:59:40,27.5000,6.79,0.922,7.928,A,#3,HOLDING,1.122A/A
22800,2026-06-03 18:59:43,27.5125,6.79,0.922,7.928,A,#3,HOLDING,1.296A/A
22801,2026-06-03 18:59:44,27.5125,6.79,0.922,7.928,A,#3,HOLDING,1.412A/A
22802,2026-06-03 18:59:46,27.5000,10.86,0.922,7.928,A,#3,HOLDING,1.540A/A
22803,2026-06-03 18:59:48,27.4500,10.86,1.476,18.418,A,#3,HOLDING,1.663A/A
22804,2026-06-03 18:59:50,27.3250,10.86,1.476,18.418,A,#3,HOLDING,1.815A/A
22805,2026-06-03 18:59:52,27.3250,10.86,1.476,18.418,A,#3,HOLDING,1.500A/A
22806,2026-06-03 18:59:54,27.2125,11.77,1.476,18.418,A,#3,HOLDING,1.916A/A
22807,2026-06-03 18:59:56,27.0875,11.77,1.513,18.012,A,#3,HOLDING,2.027A/A
22808,2026-06-03 18:59:58,26.8125,11.77,1.513,18.012,A,#3,HOLDING,1.000A/A
22809,2026-06-03 19:00:00,26.8125,11.77,1.513,18.012,A,#3,HOLDING,2.000A/A
22810,2026-06-03 19:00:02,26.5000,12.00,1.513,18.012,A,#3,HOLDING,2.000A/A
22811,2026-06-03 19:00:03,26.5000,12.00,1.483,17.616,A,#3,HOLDING,2.110A/A
22812,2026-06-03 19:00:06,26.1250,12.00,1.483,17.616,A,#3,HOLDING,2.165A/A
22813,2026-06-03 19:00:07,26.1250,12.00,1.483,17.616,A,#3,HOLDING,2.270A/A
22814,2026-06-03 19:00:09,25.9375,12.00,1.483,17.616,A,#3,HOLDING,1.000A/A
22815,2026-06-03 19:00:11,25.7375,12.00,1.168,8.990,A,#3,HOLDING,1.000A/A
22816,2026-06-03 19:00:13,25.3125,12.00,1.168,8.990,A,#3,HOLDING,2.265A/A
22817,2026-06-03 19:00:15,25.3125,12.00,1.168,8.990,A,#3,HOLDING,2.329A/A
22818,2026-06-03 19:00:17,25.1375,12.00,1.168,8.990,A,#3,HOLDING,1.500A/A
22819,2026-06-03 19:00:19,24.9375,12.00,1.450,17.268,A,#3,HOLDING,1.000A/A
22820,2026-06-03 19:00:21,24.5000,12.00,1.450,17.268,A,#3,HOLDING,1.000A/A
22821,2026-06-03 19:00:23,24.5000,12.00,1.450,17.268,A,#3,HOLDING,2.306A/A
22822,2026-06-03 19:00:25,24.3250,12.00,1.450,17.268,A,#3,HOLDING,2.000A/A
22823,2026-06-03 19:00:26,24.1250,12.00,1.440,17.148,A,#3,HOLDING,2.338A/A
22824,2026-06-03 19:00:29,23.6875,12.00,1.440,17.148,A,#3,HOLDING,1.000A/A
22825,2026-06-03 19:00:30,23.6875,12.00,1.440,17.148,A,#3,HOLDING,2.312A/A
22826,2026-06-03 19:00:32,23.4875,12.00,1.440,17.148,A,#4,APPROACH,2.000A/A
22827,2026-06-03 19:00:34,23.2875,12.00,1.420,17.148,OFF,#4,HOLDING,0.000A/OFF
22828,2026-06-03 19:00:35,23.0750,12.00,1.420,17.148,OFF,#4,HOLDING,0.000A/OFF
22829,2026-06-03 19:00:36,23.0750,12.00,1.420,0.000,OFF,#4,HOLDING,0.000A/OFF
22830,2026-06-03 19:00:37,22.8750,12.00,1.420,0.000,OFF,#4,HOLDING,0.000A/OFF
22831,2026-06-03 19:00:38,22.8750,12.00,1.420,0.000,OFF,#4,HOLDING,0.000A/OFF
22832,2026-06-03 19:00:39,22.6750,12.00,1.420,0.000,B,#4,HOLDING,0.126A/B
22833,2026-06-03 19:00:41,22.5000,12.00,1.420,0.000,B,#4,HOLDING,0.144A/B
22834,2026-06-03 19:00:43,22.3250,12.00,0.144,0.076,B,#4,HOLDING,0.205A/B
22835,2026-06-03 19:00:45,22.1750,12.00,0.144,0.076,B,#4,HOLDING,0.244A/B
22836,2026-06-03 19:00:47,22.0500,12.00,0.144,0.076,B,#4,HOLDING,0.284A/B
22837,2026-06-03 19:00:48,21.9250,1.88,0.144,0.076,B,#4,HOLDING,0.391A/B
22838,2026-06-03 19:00:50,21.8375,1.88,0.391,1.137,B,#4,HOLDING,0.454A/B
22839,2026-06-03 19:00:53,21.7625,1.88,0.391,1.137,B,#4,HOLDING,0.531A/B
22840,2026-06-03 19:00:54,21.6875,1.88,0.391,1.137,B,#4,HOLDING,0.589A/B
22841,2026-06-03 19:00:56,21.6375,4.66,0.391,1.137,B,#4,HOLDING,0.656A/B
22842,2026-06-03 19:00:58,21.5875,4.66,0.656,3.529,B,#4,HOLDING,0.729A/B
22843,2026-06-03 19:01:00,21.5625,4.66,0.656,3.529,B,#4,HOLDING,0.815A/B
22844,2026-06-03 19:01:02,21.5625,4.66,0.656,3.529,B,#4,HOLDING,0.872A/B
22845,2026-06-03 19:01:04,21.5625,7.13,0.656,3.529,B,#4,HOLDING,0.938A/B
22846,2026-06-03 19:01:06,21.5625,7.13,0.902,7.335,B,#4,HOLDING,1.007A/B
22847,2026-06-03 19:01:08,21.6125,7.13,0.902,7.335,B,#4,HOLDING,1.000A/B
22848,2026-06-03 19:01:10,21.6625,7.13,0.902,7.335,B,#4,HOLDING,1.082A/B
22849,2026-06-03 19:01:12,21.7125,8.90,0.902,7.335,B,#4,HOLDING,1.142A/B
22850,2026-06-03 19:01:13,21.8250,8.90,1.109,10.883,B,#4,HOLDING,1.189A/B
22851,2026-06-03 19:01:16,21.9000,8.90,1.109,10.883,B,#4,HOLDING,1.262A/B
22852,2026-06-03 19:01:17,21.9875,8.90,1.109,10.883,B,#4,HOLDING,1.302A/B
22853,2026-06-03 19:01:19,22.1375,10.63,1.109,10.883,B,#4,HOLDING,1.000A/B
22854,2026-06-03 19:01:21,22.2375,10.63,1.150,8.780,B,#4,HOLDING,1.000A/B
22855,2026-06-03 19:01:23,22.3875,10.63,1.150,8.780,B,#4,HOLDING,1.291A/B
22856,2026-06-03 19:01:25,22.5250,10.63,1.150,8.780,B,#4,HOLDING,1.321A/B
22857,2026-06-03 19:01:27,22.7000,10.97,1.150,8.780,B,#4,HOLDING,1.344A/B
22858,2026-06-03 19:01:29,22.8625,10.97,1.330,15.254,B,#4,HOLDING,1.364A/B
22859,2026-06-03 19:01:31,23.0125,10.97,1.330,15.254,B,#4,HOLDING,1.390A/B
22860,2026-06-03 19:01:33,23.1750,10.97,1.330,15.254,OFF,#4,HOLDING,0.000A/OFF
22861,2026-06-03 19:01:34,23.1750,10.97,1.330,15.254,OFF,#4,HOLDING,0.000A/OFF
22862,2026-06-03 19:01:35,23.3250,12.00,1.330,15.254,OFF,#4,HOLDING,0.000A/OFF
22863,2026-06-03 19:01:36,23.3250,12.00,0.830,15.254,OFF,#4,HOLDING,0.000A/OFF
22864,2026-06-03 19:01:37,23.5500,12.00,0.830,0.000,OFF,#4,HOLDING,0.000A/OFF
22865,2026-06-03 19:01:38,23.7500,12.00,0.830,0.000,OFF,#4,HOLDING,0.000A/OFF
22866,2026-06-03 19:01:39,23.7500,12.00,0.830,0.000,OFF,#4,HOLDING,0.000A/OFF
22867,2026-06-03 19:01:40,23.9250,12.00,0.830,0.000,OFF,#4,HOLDING,0.000A/OFF
22868,2026-06-03 19:01:41,23.9250,12.00,0.830,0.000,OFF,#4,HOLDING,0.000A/OFF
22869,2026-06-03 19:01:42,24.1500,12.00,0.000,0.000,A,#4,HOLDING,0.173A/A
22870,2026-06-03 19:01:43,24.1500,12.00,0.000,0.143,A,#4,HOLDING,0.162A/A
22871,2026-06-03 19:01:45,24.3000,12.00,0.000,0.143,A,#4,HOLDING,0.213A/A
22872,2026-06-03 19:01:47,24.4750,12.00,0.000,0.143,A,#4,HOLDING,0.233A/A
22873,2026-06-03 19:01:48,24.6375,1.51,0.000,0.143,A,#4,HOLDING,0.301A/A
22874,2026-06-03 19:01:50,24.7625,1.51,0.265,0.665,A,#4,HOLDING,0.350A/A
22875,2026-06-03 19:01:53,24.8625,1.51,0.265,0.665,A,#4,HOLDING,0.408A/A
22876,2026-06-03 19:01:54,24.9875,1.51,0.265,0.665,A,#4,HOLDING,0.461A/A
22877,2026-06-03 19:01:56,25.0625,3.67,0.265,0.665,A,#4,HOLDING,0.518A/A
22878,2026-06-03 19:01:58,25.1375,3.67,0.488,2.237,A,#4,HOLDING,0.582A/A
22879,2026-06-03 19:02:00,25.1875,3.67,0.488,2.237,A,#4,HOLDING,0.655A/A
22880,2026-06-03 19:02:02,25.2125,3.67,0.488,2.237,A,#4,HOLDING,0.707A/A
22881,2026-06-03 19:02:04,25.2500,5.84,0.488,2.237,A,#4,HOLDING,0.770A/A
22882,2026-06-03 19:02:06,25.2250,5.84,0.736,4.989,A,#4,HOLDING,0.827A/A
22883,2026-06-03 19:02:08,25.2500,5.84,0.736,4.989,A,#4,HOLDING,0.911A/A
22884,2026-06-03 19:02:10,25.2500,5.84,0.736,4.989,A,#4,HOLDING,0.964A/A
22885,2026-06-03 19:02:12,25.2250,7.93,0.736,4.989,A,#4,HOLDING,1.028A/A
22886,2026-06-03 19:02:13,25.2000,7.93,1.028,8.830,A,#4,HOLDING,1.085A/A
22887,2026-06-03 19:02:16,25.1250,7.93,1.028,8.830,A,#4,HOLDING,1.000A/A
22888,2026-06-03 19:02:17,25.1000,7.93,1.028,8.830,A,#4,HOLDING,1.152A/A
22889,2026-06-03 19:02:19,25.0250,9.43,1.028,8.830,A,#4,HOLDING,1.201A/A
22890,2026-06-03 19:02:21,24.9250,9.43,1.201,11.973,A,#4,HOLDING,1.245A/A
22891,2026-06-03 19:02:23,24.8375,9.43,1.201,11.973,A,#4,HOLDING,1.302A/A
22892,2026-06-03 19:02:25,24.6875,9.43,1.201,11.973,A,#4,HOLDING,1.000A/A
22893,2026-06-03 19:02:27,24.6125,8.60,1.201,11.973,A,#4,HOLDING,1.323A/A
22894,2026-06-03 19:02:29,24.4375,8.60,1.309,14.500,A,#4,HOLDING,1.337A/A
22895,2026-06-03 19:02:31,24.3250,8.60,1.309,14.500,A,#4,HOLDING,1.379A/A
22896,2026-06-03 19:02:33,24.2000,8.60,1.309,14.500,A,#4,HOLDING,1.390A/A
22897,2026-06-03 19:02:35,24.0500,11.37,1.309,14.500,A,#4,HOLDING,1.406A/A
22898,2026-06-03 19:02:36,23.9250,11.37,1.406,16.379,A,#4,HOLDING,1.366A/A
22899,2026-06-03 19:02:39,23.7625,11.37,1.406,16.379,A,#4,HOLDING,1.000A/A
22900,2026-06-03 19:02:40,23.6125,11.37,1.406,16.379,A,#4,HOLDING,1.000A/A
22901,2026-06-03 19:02:42,23.4375,11.37,1.406,16.379,OFF,#4,HOLDING,0.000A/OFF
22902,2026-06-03 19:02:43,23.2375,8.87,1.406,16.379,OFF,#4,HOLDING,0.000A/OFF
22903,2026-06-03 19:02:44,23.2375,8.87,1.000,16.379,OFF,#4,HOLDING,0.000A/OFF
22904,2026-06-03 19:02:45,23.0750,8.87,1.000,0.012,OFF,#4,HOLDING,0.000A/OFF
22905,2026-06-03 19:02:46,23.0750,8.87,1.000,0.012,OFF,#4,HOLDING,0.000A/OFF
22906,2026-06-03 19:02:47,22.9000,8.87,1.000,0.012,OFF,#4,HOLDING,0.000A/OFF
22907,2026-06-03 19:02:48,22.9000,8.87,1.000,0.012,OFF,#4,HOLDING,0.000A/OFF
22908,2026-06-03 19:02:49,22.7625,12.00,1.000,0.012,B,#4,HOLDING,0.110A/B
22909,2026-06-03 19:02:51,22.6125,12.00,0.110,0.039,B,#4,HOLDING,0.125A/B
22910,2026-06-03 19:02:53,22.4875,12.00,0.110,0.039,B,#4,HOLDING,0.181A/B
22911,2026-06-03 19:02:55,22.3625,12.00,0.110,0.039,B,#4,HOLDING,0.207A/B
22912,2026-06-03 19:02:57,22.2375,1.28,0.110,0.039,B,#4,HOLDING,0.248A/B
22913,2026-06-03 19:02:59,22.1625,1.28,0.248,0.441,B,#4,HOLDING,0.296A/B
22914,2026-06-03 19:03:01,22.0875,1.28,0.248,0.441,B,#5,APPROACH,0.354A/B
22915,2026-06-03 19:03:03,22.0125,1.28,0.248,0.441,A,#5,APPROACH,0.169A/A
22916,2026-06-03 19:03:04,22.0125,1.28,0.248,0.441,A,#5,APPROACH,0.188A/A
22917,2026-06-03 19:03:06,21.9125,12.00,0.248,0.441,A,#5,APPROACH,0.220A/A
22918,2026-06-03 19:03:08,21.8750,12.00,0.739,0.552,A,#5,APPROACH,0.271A/A
22919,2026-06-03 19:03:11,21.8250,12.00,0.739,0.552,A,#5,APPROACH,0.350A/A
22920,2026-06-03 19:03:12,21.7500,12.00,0.739,0.552,A,#5,APPROACH,0.397A/A
22921,2026-06-03 19:03:14,21.7000,3.93,0.739,0.552,A,#5,APPROACH,0.480A/A
22922,2026-06-03 19:03:16,21.6500,3.93,0.446,2.260,A,#5,APPROACH,0.572A/A
22923,2026-06-03 19:03:19,21.6000,3.93,0.446,2.260,A,#5,APPROACH,0.706A/A
22924,2026-06-03 19:03:20,21.5500,3.93,0.446,2.260,A,#5,APPROACH,0.791A/A
22925,2026-06-03 19:03:22,21.5000,7.06,0.446,2.260,A,#5,APPROACH,0.887A/A
22926,2026-06-03 19:03:24,21.4375,7.06,0.838,6.989,A,#5,APPROACH,0.980A/A
22927,2026-06-03 19:03:26,21.3875,7.06,0.838,6.989,A,#5,APPROACH,1.102A/A
22928,2026-06-03 19:03:28,21.3250,7.06,0.838,6.989,A,#5,APPROACH,1.000A/A
22929,2026-06-03 19:03:30,21.2250,8.61,0.838,6.989,A,#5,APPROACH,1.170A/A
22930,2026-06-03 19:03:32,21.1500,8.61,1.082,11.664,A,#5,APPROACH,1.251A/A
22931,2026-06-03 19:03:34,21.0750,8.61,1.082,11.664,A,#5,APPROACH,1.357A/A
22932,2026-06-03 19:03:36,21.0125,8.61,1.082,11.664,A,#5,APPROACH,1.000A/A
22933,2026-06-03 19:03:37,20.8875,8.78,1.082,11.664,A,#5,APPROACH,1.000A/A
22934,2026-06-03 19:03:39,20.8250,8.78,1.000,8.910,A,#5,APPROACH,1.415A/A
22935,2026-06-03 19:03:42,20.7000,8.78,1.000,8.910,A,#5,APPROACH,1.499A/A
22936,2026-06-03 19:03:43,20.6125,8.78,1.000,8.910,A,#5,APPROACH,1.556A/A
22937,2026-06-03 19:03:45,20.4875,12.00,1.000,8.910,A,#5,APPROACH,1.606A/A
22938,2026-06-03 19:03:47,20.3875,12.00,1.472,17.472,A,#5,APPROACH,1.500A/A
22939,2026-06-03 19:03:49,20.2625,12.00,1.472,17.472,A,#5,APPROACH,1.654A/A
22940,2026-06-03 19:03:51,20.1750,12.00,1.472,17.472,A,#5,APPROACH,1.500A/A
22941,2026-06-03 19:03:53,20.0500,12.00,1.472,17.472,A,#5,APPROACH,1.682A/A
22942,2026-06-03 19:03:55,19.9250,12.00,1.449,17.244,A,#5,APPROACH,1.716A/A
22943,2026-06-03 19:03:57,19.8000,12.00,1.449,17.244,A,#5,HOLDING,1.757A/A
22944,2026-06-03 19:03:59,19.6500,12.00,1.449,17.244,OFF,#5,HOLDING,0.000A/OFF
22945,2026-06-03 19:04:00,19.6500,12.00,1.449,17.244,OFF,#5,HOLDING,0.000A/OFF
22946,2026-06-03 19:04:01,19.5000,12.00,1.449,17.244,OFF,#5,HOLDING,0.000A/OFF
22947,2026-06-03 19:04:02,19.5000,12.00,0.000,17.244,OFF,#5,HOLDING,0.000A/OFF
22948,2026-06-03 19:04:03,19.3625,12.00,0.000,0.000,OFF,#5,HOLDING,0.000A/OFF
22949,2026-06-03 19:04:04,19.3625,12.00,0.000,0.000,OFF,#5,HOLDING,0.000A/OFF
22950,2026-06-03 19:04:05,19.2375,12.00,0.000,0.000,OFF,#5,HOLDING,0.000A/OFF
22951,2026-06-03 19:04:06,19.2375,12.00,0.000,0.000,OFF,#5,HOLDING,0.000A/OFF
22952,2026-06-03 19:04:07,19.1500,12.00,0.000,0.000,OFF,#5,HOLDING,0.000A/OFF
22953,2026-06-03 19:04:08,19.1500,12.00,0.000,0.000,A,#5,HOLDING,0.113A/A
22954,2026-06-03 19:04:09,19.0500,12.00,0.000,0.794,A,#5,HOLDING,0.110A/A
22955,2026-06-03 19:04:11,18.9875,12.00,0.000,0.794,A,#5,HOLDING,0.124A/A
22956,2026-06-03 19:04:12,18.9375,12.00,0.000,0.794,A,#5,HOLDING,0.123A/A
22957,2026-06-03 19:04:14,18.8750,1.69,0.000,0.794,A,#5,HOLDING,0.131A/A
22958,2026-06-03 19:04:16,18.8500,1.69,0.131,0.229,A,#5,HOLDING,0.137A/A
22959,2026-06-03 19:04:19,18.8125,1.69,0.131,0.229,A,#5,HOLDING,0.140A/A
22960,2026-06-03 19:04:20,18.8125,1.69,0.131,0.229,A,#5,HOLDING,0.146A/A
22961,2026-06-03 19:04:22,18.8125,1.79,0.131,0.229,A,#5,HOLDING,0.149A/A
22962,2026-06-03 19:04:24,18.7875,1.79,0.149,0.272,A,#5,HOLDING,0.149A/A
22963,2026-06-03 19:04:26,18.8125,1.79,0.149,0.272,A,#5,HOLDING,0.151A/A
22964,2026-06-03 19:04:28,18.7625,1.79,0.149,0.272,A,#5,HOLDING,0.145A/A
22965,2026-06-03 19:04:30,18.8125,1.70,0.149,0.272,A,#5,HOLDING,0.152A/A
22966,2026-06-03 19:04:32,18.7875,1.70,0.152,0.270,A,#5,HOLDING,0.148A/A
22967,2026-06-03 19:04:34,18.7875,1.70,0.152,0.270,A,#5,HOLDING,0.152A/A
22968,2026-06-03 19:04:36,18.8125,1.70,0.152,0.270,A,#5,HOLDING,0.151A/A
22969,2026-06-03 19:04:37,18.8125,1.69,0.152,0.270,A,#5,HOLDING,0.153A/A
22970,2026-06-03 19:04:39,18.8375,1.69,0.153,0.266,A,#5,HOLDING,0.157A/A
22971,2026-06-03 19:04:42,18.8625,1.69,0.153,0.266,A,#5,HOLDING,0.159A/A
22972,2026-06-03 19:04:43,18.8625,1.69,0.153,0.266,A,#5,HOLDING,0.161A/A
22973,2026-06-03 19:04:45,18.8750,1.74,0.153,0.266,A,#5,HOLDING,0.163A/A
22974,2026-06-03 19:04:47,18.8750,1.74,0.163,0.293,A,#5,HOLDING,0.164A/A
22975,2026-06-03 19:04:49,18.9375,1.74,0.163,0.293,A,#5,HOLDING,0.175A/A
22976,2026-06-03 19:04:51,18.9375,1.74,0.163,0.293,A,#5,HOLDING,0.178A/A
22977,2026-06-03 19:04:53,18.9750,1.87,0.163,0.293,A,#5,HOLDING,0.188A/A
22978,2026-06-03 19:04:55,19.0000,1.87,0.188,0.376,A,#5,HOLDING,0.193A/A
22979,2026-06-03 19:04:57,19.0000,1.87,0.188,0.376,A,#5,HOLDING,0.203A/A
22980,2026-06-03 19:04:59,19.0500,1.87,0.188,0.376,OFF,--,DONE,0.213A/A
22981,2026-06-03 19:05:01,19.0375,1.87,0.188,0.376,OFF,--,DONE,--
22982,2026-06-03 19:05:02,19.0375,0.68,0.000,0.376,OFF,--,DONE,--
22983,2026-06-03 19:05:03,19.0625,0.68,0.000,0.376,OFF,--,DONE,--
22984,2026-06-03 19:05:04,19.0625,0.68,0.000,0.000,OFF,--,DONE,--
22985,2026-06-03 19:05:05,19.1000,0.00,0.000,0.000,OFF,--,DONE,--
22986,2026-06-03 19:05:06,19.1500,0.00,0.000,0.000,OFF,--,DONE,--
22987,2026-06-03 19:05:07,19.1500,0.00,0.000,0.000,OFF,--,DONE,--
22988,2026-06-03 19:05:08,19.1375,0.00,0.000,0.000,OFF,--,DONE,--
22989,2026-06-03 19:05:09,19.1375,0.00,0.000,0.000,OFF,--,DONE,--
22990,2026-06-03 19:05:10,19.1875,0.00,0.000,0.000,OFF,--,DONE,--
22991,2026-06-03 19:05:11,19.1875,0.00,0.000,0.000,OFF,--,DONE,--
22992,2026-06-03 19:05:12,19.2000,0.00,0.000,0.000,OFF,--,DONE,--
22993,2026-06-03 19:05:13,19.2000,0.00,0.000,0.000,OFF,--,DONE,--
22994,2026-06-03 19:05:14,19.2500,0.00,0.000,0.000,OFF,--,DONE,--
22995,2026-06-03 19:05:15,19.2500,0.00,0.000,0.000,OFF,--,DONE,--
22996,2026-06-03 19:05:16,19.2625,0.00,0.000,0.000,OFF,--,DONE,--
22997,2026-06-03 19:05:17,19.2625,0.00,0.000,0.000,OFF,--,DONE,--
22998,2026-06-03 19:05:18,19.3125,0.00,0.000,0.000,OFF,--,DONE,--
22999,2026-06-03 19:05:19,19.3125,0.00,0.000,0.000,OFF,--,DONE,--
23000,2026-06-03 19:05:20,19.3750,0.00,0.000,0.000,OFF,--,DONE,--
23001,2026-06-03 19:05:21,19.3750,0.00,0.000,0.000,OFF,--,DONE,--
23002,2026-06-03 19:05:22,19.4000,0.00,0.000,0.000,OFF,--,DONE,--
23003,2026-06-03 19:05:23,19.4000,0.00,0.000,0.000,OFF,--,DONE,--
23004,2026-06-03 19:05:24,19.4375,0.00,0.000,0.000,OFF,--,DONE,--
23005,2026-06-03 19:05:25,19.4625,0.00,0.000,0.000,OFF,--,DONE,--
23006,2026-06-03 19:05:26,19.4625,0.00,0.000,0.000,OFF,--,DONE,--
23007,2026-06-03 19:05:27,19.5125,0.00,0.000,0.000,OFF,--,DONE,--
23008,2026-06-03 19:05:28,19.5125,0.00,0.000,0.000,OFF,--,DONE,--
23009,2026-06-03 19:05:29,19.5625,0.00,0.000,0.000,OFF,--,DONE,--
23010,2026-06-03 19:05:30,19.5625,0.00,0.000,0.000,OFF,--,DONE,--
23011,2026-06-03 19:05:31,19.6250,0.00,0.000,0.000,OFF,--,DONE,--
23012,2026-06-03 19:05:32,19.6250,0.00,0.000,0.000,OFF,--,DONE,--
23013,2026-06-03 19:05:33,19.6500,0.00,0.000,0.000,OFF,--,DONE,--
23014,2026-06-03 19:05:34,19.6500,0.00,0.000,0.000,OFF,--,DONE,--
23015,2026-06-03 19:05:35,19.6875,0.00,0.000,0.000,OFF,--,DONE,--
23016,2026-06-03 19:05:36,19.6875,0.00,0.000,0.000,OFF,--,DONE,--
23017,2026-06-03 19:05:37,19.7375,0.00,0.000,0.000,OFF,--,DONE,--
23018,2026-06-03 19:05:38,19.7375,0.00,0.000,0.000,OFF,--,DONE,--
23019,2026-06-03 19:05:39,19.7500,0.00,0.000,0.000,OFF,--,DONE,--
23020,2026-06-03 19:05:40,19.7500,0.00,0.000,0.000,OFF,--,DONE,--
23021,2026-06-03 19:05:41,19.8000,0.00,0.000,0.000,OFF,--,DONE,--
23022,2026-06-03 19:05:42,19.8000,0.00,0.000,0.000,OFF,--,DONE,--
23023,2026-06-03 19:05:43,19.8500,0.00,0.000,0.000,OFF,--,DONE,--
23024,2026-06-03 19:05:45,19.8750,0.00,0.000,0.000,OFF,--,DONE,--
23025,2026-06-03 19:05:46,19.8750,0.00,0.000,0.000,OFF,--,DONE,--
23026,2026-06-03 19:05:47,19.9375,0.00,0.000,0.000,OFF,--,DONE,--
23027,2026-06-03 19:05:48,19.9375,0.00,0.000,0.000,OFF,--,DONE,--
23028,2026-06-03 19:05:49,19.9875,0.00,0.000,0.000,OFF,--,DONE,--
23029,2026-06-03 19:05:50,19.9875,0.00,0.000,0.000,OFF,--,DONE,--
23030,2026-06-03 19:05:51,20.0000,0.00,0.000,0.000,OFF,--,DONE,--
23031,2026-06-03 19:05:52,20.0000,0.00,0.000,0.000,OFF,--,DONE,--
23032,2026-06-03 19:05:53,20.0500,0.00,0.000,0.000,OFF,--,DONE,--
23033,2026-06-03 19:05:54,20.0500,0.00,0.000,0.000,OFF,--,DONE,--
23034,2026-06-03 19:05:55,20.1000,0.00,0.000,0.000,OFF,--,DONE,--
23035,2026-06-03 19:05:56,20.1000,0.00,0.000,0.000,OFF,--,DONE,--
23036,2026-06-03 19:05:57,20.1250,0.00,0.000,0.000,OFF,--,DONE,--
23037,2026-06-03 19:05:58,20.1250,0.00,0.000,0.000,OFF,--,DONE,--
23038,2026-06-03 19:05:59,20.1375,0.00,0.000,0.000,OFF,--,DONE,--
23039,2026-06-03 19:06:00,20.1875,0.00,0.000,0.000,OFF,--,DONE,--
23040,2026-06-03 19:06:01,20.1875,0.00,0.000,0.000,OFF,--,DONE,--
23041,2026-06-03 19:06:02,20.2500,0.00,0.000,0.000,OFF,--,DONE,--
23042,2026-06-03 19:06:03,20.2500,0.00,0.000,0.000,OFF,--,DONE,--
23043,2026-06-03 19:06:04,20.2500,0.00,0.000,0.000,OFF,--,DONE,--
23044,2026-06-03 19:06:05,20.2500,0.00,0.000,0.000,OFF,--,DONE,--
23045,2026-06-03 19:06:06,20.3125,0.00,0.000,0.000,OFF,--,DONE,--
23046,2026-06-03 19:06:07,20.3125,0.00,0.000,0.000,OFF,--,DONE,--
23047,2026-06-03 19:06:08,20.3625,0.00,0.000,0.000,OFF,--,DONE,--
23048,2026-06-03 19:06:09,20.3625,0.00,0.000,0.000,OFF,--,DONE,--
23049,2026-06-03 19:06:10,20.3750,0.00,0.000,0.000,OFF,--,DONE,--
23050,2026-06-03 19:06:11,20.3750,0.00,0.000,0.000,OFF,--,DONE,--
23051,2026-06-03 19:06:12,20.4000,0.00,0.000,0.000,OFF,--,DONE,--
23052,2026-06-03 19:06:13,20.4000,0.00,0.000,0.000,OFF,--,DONE,--
23053,2026-06-03 19:06:14,20.4375,0.00,0.000,0.000,OFF,--,DONE,--
23054,2026-06-03 19:06:15,20.4625,0.00,0.000,0.000,OFF,--,DONE,--
23055,2026-06-03 19:06:16,20.4625,0.00,0.000,0.000,OFF,--,DONE,--
23056,2026-06-03 19:06:17,20.5000,0.00,0.000,0.000,OFF,--,DONE,--
23057,2026-06-03 19:06:18,20.5000,0.00,0.000,0.000,OFF,--,DONE,--
23058,2026-06-03 19:06:19,20.5000,0.00,0.000,0.000,OFF,--,DONE,--
23059,2026-06-03 19:06:20,20.5000,0.00,0.000,0.000,OFF,--,DONE,--
23060,2026-06-03 19:06:21,20.5625,0.00,0.000,0.000,OFF,--,DONE,--
23061,2026-06-03 19:06:22,20.5625,0.00,0.000,0.000,OFF,--,DONE,--
23062,2026-06-03 19:06:24,20.5625,0.00,0.000,0.000,OFF,--,DONE,--
23063,2026-06-03 19:06:25,20.5625,0.00,0.000,0.000,OFF,--,DONE,--
23064,2026-06-03 19:06:26,20.6000,0.00,0.000,0.000,OFF,--,DONE,--
23065,2026-06-03 19:06:27,20.6000,0.00,0.000,0.000,OFF,--,DONE,--
23066,2026-06-03 19:06:28,20.6500,0.00,0.000,0.000,OFF,--,DONE,--
23067,2026-06-03 19:06:29,20.6500,0.00,0.000,0.000,OFF,--,DONE,--
23068,2026-06-03 19:06:30,20.6625,0.00,0.000,0.000,OFF,--,DONE,--
23069,2026-06-03 19:06:31,20.6875,0.00,0.000,0.000,OFF,--,DONE,--
23070,2026-06-03 19:06:32,20.6875,0.00,0.000,0.000,OFF,--,DONE,--
23071,2026-06-03 19:06:33,20.6875,0.00,0.000,0.000,OFF,--,DONE,--
23072,2026-06-03 19:06:34,20.6875,0.00,0.000,0.000,OFF,--,DONE,--
23073,2026-06-03 19:06:35,20.7375,0.00,0.000,0.000,OFF,--,DONE,--
23074,2026-06-03 19:06:36,20.7375,0.00,0.000,0.000,OFF,--,DONE,--
23075,2026-06-03 19:06:37,20.7500,0.00,0.000,0.000,OFF,--,DONE,--
23076,2026-06-03 19:06:38,20.7500,0.00,0.000,0.000,OFF,--,DONE,--
23077,2026-06-03 19:06:39,20.7500,0.00,0.000,0.000,OFF,--,DONE,--
23078,2026-06-03 19:06:40,20.7500,0.00,0.000,0.000,OFF,--,DONE,--
23079,2026-06-03 19:06:41,20.7875,0.00,0.000,0.000,OFF,--,DONE,--
23080,2026-06-03 19:06:42,20.7875,0.00,0.000,0.000,OFF,--,DONE,--
23081,2026-06-03 19:06:43,20.8125,0.00,0.000,0.000,OFF,--,DONE,--
23082,2026-06-03 19:06:44,20.8125,0.00,0.000,0.000,OFF,--,DONE,--
23083,2026-06-03 19:06:45,20.8250,0.00,0.000,0.000,OFF,--,DONE,--
23084,2026-06-03 19:06:46,20.8750,0.00,0.000,0.000,OFF,--,DONE,--
23085,2026-06-03 19:06:47,20.8750,0.00,0.000,0.000,OFF,--,DONE,--
23086,2026-06-03 19:06:48,20.8750,0.00,0.000,0.000,OFF,--,DONE,--
23087,2026-06-03 19:06:49,20.8750,0.00,0.000,0.000,OFF,--,DONE,--
23088,2026-06-03 19:06:50,20.8750,0.00,0.000,0.000,OFF,--,DONE,--
23089,2026-06-03 19:06:51,20.8750,0.00,0.000,0.000,OFF,--,DONE,--
23090,2026-06-03 19:06:52,20.9125,0.00,0.000,0.000,OFF,--,DONE,--
23091,2026-06-03 19:06:53,20.9125,0.00,0.000,0.000,OFF,--,DONE,--
23092,2026-06-03 19:06:54,20.9125,0.00,0.000,0.000,OFF,--,DONE,--
23093,2026-06-03 19:06:55,20.9125,0.00,0.000,0.000,OFF,--,DONE,--
23094,2026-06-03 19:06:56,20.9375,0.00,0.000,0.000,OFF,--,DONE,--
23095,2026-06-03 19:06:57,20.9375,0.00,0.000,0.000,OFF,--,DONE,--
23096,2026-06-03 19:06:58,20.9625,0.00,0.000,0.000,OFF,--,DONE,--
23097,2026-06-03 19:06:59,20.9625,0.00,0.000,0.000,OFF,--,DONE,--
23098,2026-06-03 19:07:00,21.0000,0.00,0.000,0.000,OFF,--,DONE,--
23099,2026-06-03 19:07:01,21.0000,0.00,0.000,0.000,OFF,--,DONE,--
23100,2026-06-03 19:07:03,21.0000,0.00,0.000,0.000,OFF,--,DONE,--
23101,2026-06-03 19:07:04,21.0000,0.00,0.000,0.000,A,#1,APPROACH,2.152A/A
23102,2026-06-03 19:07:05,21.0250,0.00,0.000,0.000,A,#1,APPROACH,1.500A/A
23103,2026-06-03 19:07:08,21.0375,0.00,0.000,0.000,A,#1,APPROACH,1.541A/A
23104,2026-06-03 19:07:10,21.0625,0.00,0.000,0.000,A,#1,APPROACH,1.481A/A
23105,2026-06-03 19:07:11,21.0625,11.76,1.481,0.000,A,#1,APPROACH,1.232A/A
23106,2026-06-03 19:07:13,21.0625,11.76,1.481,12.406,A,#1,APPROACH,1.498A/A
23107,2026-06-03 19:07:15,21.0625,11.76,1.481,12.406,A,#1,APPROACH,1.766A/A
23108,2026-06-03 19:07:16,21.0625,11.76,1.481,12.406,A,#1,APPROACH,1.500A/A
23109,2026-06-03 19:07:18,21.0125,11.81,1.481,12.406,A,#1,APPROACH,1.973A/A
23110,2026-06-03 19:07:20,20.9375,11.81,1.509,17.940,A,#1,APPROACH,2.000A/A
23111,2026-06-03 19:07:22,20.8625,11.81,1.509,17.940,A,#1,APPROACH,2.422A/A
23112,2026-06-03 19:07:24,20.8000,11.81,1.509,17.940,A,#1,APPROACH,2.500A/A
23113,2026-06-03 19:07:26,20.6750,12.00,1.509,17.940,A,#1,APPROACH,2.000A/A
23114,2026-06-03 19:07:28,20.5750,12.00,1.485,17.640,A,#1,APPROACH,1.500A/A
23115,2026-06-03 19:07:30,20.4500,12.00,1.485,17.640,A,#1,APPROACH,2.000A/A
23116,2026-06-03 19:07:32,20.3375,12.00,1.485,17.640,A,#1,APPROACH,1.500A/A
23117,2026-06-03 19:07:34,20.2125,12.00,1.485,17.640,A,#1,APPROACH,1.000A/A
23118,2026-06-03 19:07:35,20.0875,12.00,1.116,9.090,A,#1,APPROACH,2.000A/A
23119,2026-06-03 19:07:38,19.9875,12.00,1.116,9.090,A,#1,APPROACH,1.500A/A
23120,2026-06-03 19:07:39,19.8375,12.00,1.116,9.090,A,#1,APPROACH,2.077A/A
23121,2026-06-03 19:07:41,19.6875,12.00,1.116,9.090,A,#1,APPROACH,2.000A/A
23122,2026-06-03 19:07:43,19.5750,12.00,1.454,17.304,A,#1,APPROACH,1.500A/A
23123,2026-06-03 19:07:46,19.4250,12.00,1.454,17.304,A,#1,APPROACH,1.812A/A
23124,2026-06-03 19:07:47,19.3000,12.00,1.454,17.304,A,#1,APPROACH,1.884A/A
23125,2026-06-03 19:07:49,19.1750,12.00,1.454,17.304,A,#1,APPROACH,1.966A/A
23126,2026-06-03 19:07:51,19.0250,12.00,1.436,17.100,A,#1,APPROACH,1.000A/A
23127,2026-06-03 19:07:53,18.9250,12.00,1.436,17.100,A,#1,APPROACH,1.000A/A
23128,2026-06-03 19:07:55,18.7750,12.00,1.436,17.100,A,#1,APPROACH,2.071A/A
23129,2026-06-03 19:07:57,18.6250,12.00,1.436,17.100,A,#1,APPROACH,2.072A/A
23130,2026-06-03 19:07:58,18.4875,12.00,1.424,16.956,A,#1,APPROACH,2.000A/A
23131,2026-06-03 19:08:01,18.3625,12.00,1.424,16.956,A,#1,APPROACH,2.050A/A
23132,2026-06-03 19:08:02,18.2375,12.00,1.424,16.956,A,#1,APPROACH,1.500A/A
23133,2026-06-03 19:08:04,18.1125,12.00,1.424,16.956,A,#1,APPROACH,2.000A/A
23134,2026-06-03 19:08:06,17.9625,12.00,1.414,16.836,A,#1,APPROACH,1.000A/A
23135,2026-06-03 19:08:09,17.8375,12.00,1.414,16.836,A,#1,APPROACH,2.000A/A
23136,2026-06-03 19:08:10,17.7125,12.00,1.414,16.836,A,#1,APPROACH,2.053A/A
23137,2026-06-03 19:08:12,17.6125,12.00,1.414,16.836,A,#1,APPROACH,2.116A/A
23138,2026-06-03 19:08:14,17.4875,12.00,1.419,16.908,A,#1,HOLDING,1.000A/A
23139,2026-06-03 19:08:16,17.3625,12.00,1.419,16.908,A,#1,HOLDING,0.144A/A
23140,2026-06-03 19:08:18,17.2375,12.00,1.419,16.908,A,#1,HOLDING,0.115A/A
23141,2026-06-03 19:08:20,17.1125,2.34,1.419,16.908,A,#1,HOLDING,0.158A/A
23142,2026-06-03 19:08:22,17.0250,2.34,0.158,0.428,A,#1,HOLDING,0.163A/A
23143,2026-06-03 19:08:24,16.9000,2.34,0.158,0.428,A,#1,HOLDING,0.181A/A
23144,2026-06-03 19:08:25,16.8000,2.34,0.158,0.428,A,#1,HOLDING,0.186A/A
23145,2026-06-03 19:08:27,16.7500,2.73,0.158,0.428,A,#1,HOLDING,0.202A/A
23146,2026-06-03 19:08:29,16.6875,2.73,0.202,0.583,A,#1,HOLDING,0.176A/A
23147,2026-06-03 19:08:32,16.6375,2.73,0.202,0.583,A,#1,HOLDING,0.161A/A
23148,2026-06-03 19:08:33,16.6125,2.73,0.202,0.583,A,#1,HOLDING,0.167A/A
23149,2026-06-03 19:08:35,16.5625,2.37,0.202,0.583,A,#1,HOLDING,0.165A/A
23150,2026-06-03 19:08:37,16.5625,2.37,0.165,0.389,A,#1,HOLDING,0.165A/A
23151,2026-06-03 19:08:39,16.5625,2.37,0.165,0.389,A,#1,HOLDING,0.171A/A
23152,2026-06-03 19:08:41,16.5625,2.37,0.165,0.389,A,#1,HOLDING,0.180A/A
23153,2026-06-03 19:08:43,16.5625,2.34,0.165,0.389,A,#1,HOLDING,0.187A/A
23154,2026-06-03 19:08:45,16.5750,2.34,0.187,0.458,A,#1,HOLDING,0.194A/A
23155,2026-06-03 19:08:47,16.6250,2.34,0.187,0.458,A,#1,HOLDING,0.214A/A
23156,2026-06-03 19:08:49,16.6375,2.34,0.187,0.458,A,#1,HOLDING,0.222A/A
23157,2026-06-03 19:08:50,16.6875,2.63,0.187,0.458,A,#1,HOLDING,0.263A/A
23158,2026-06-03 19:08:52,16.6875,2.63,0.263,0.815,A,#1,HOLDING,0.297A/A
23159,2026-06-03 19:08:55,16.7375,2.63,0.263,0.815,A,#1,HOLDING,0.364A/A
23160,2026-06-03 19:08:56,16.7750,2.63,0.263,0.815,A,#1,HOLDING,0.479A/A
23161,2026-06-03 19:08:58,16.8000,4.70,0.263,0.815,A,#1,HOLDING,0.379A/A
23162,2026-06-03 19:09:00,16.8500,4.70,0.379,1.546,A,#1,HOLDING,0.456A/A
23163,2026-06-03 19:09:02,16.9000,4.70,0.379,1.546,A,#1,HOLDING,0.389A/A
23164,2026-06-03 19:09:04,16.9375,4.70,0.379,1.546,A,#1,HOLDING,0.479A/A
23165,2026-06-03 19:09:06,16.9625,4.75,0.379,1.546,A,#1,HOLDING,0.555A/A
23166,2026-06-03 19:09:08,17.0125,4.75,0.555,3.063,A,#1,HOLDING,0.534A/A
23167,2026-06-03 19:09:10,17.0375,4.75,0.555,3.063,A,#1,HOLDING,0.623A/A
23168,2026-06-03 19:09:12,17.0875,4.75,0.555,3.063,A,#1,HOLDING,0.747A/A
23169,2026-06-03 19:09:13,17.1125,6.75,0.555,3.063,A,#1,HOLDING,0.882A/A
23170,2026-06-03 19:09:15,17.1250,6.75,0.864,7.038,A,#2,APPROACH,0.664A/A
23171,2026-06-03 19:09:18,17.1250,6.75,0.864,7.038,B,#2,APPROACH,0.311A/B
23172,2026-06-03 19:09:20,17.1875,6.75,0.864,7.038,B,#2,APPROACH,0.581A/B
23173,2026-06-03 19:09:22,17.1875,6.75,0.864,7.038,B,#2,APPROACH,1.038A/B
23174,2026-06-03 19:09:24,17.1875,10.10,1.038,7.038,B,#2,APPROACH,1.342A/B
23175,2026-06-03 19:09:26,17.1875,10.10,1.038,13.352,B,#2,APPROACH,1.000A/B
23176,2026-06-03 19:09:28,17.2500,10.10,1.038,13.352,B,#2,APPROACH,1.285A/B
23177,2026-06-03 19:09:29,17.2750,10.10,1.038,13.352,B,#2,APPROACH,0.834A/B
23178,2026-06-03 19:09:31,17.3500,6.58,1.038,13.352,B,#2,APPROACH,0.623A/B
23179,2026-06-03 19:09:33,17.4500,6.58,0.623,3.289,B,#2,APPROACH,0.544A/B
23180,2026-06-03 19:09:35,17.5750,6.58,0.623,3.289,B,#2,APPROACH,0.556A/B
23181,2026-06-03 19:09:37,17.7250,6.58,0.623,3.289,B,#2,APPROACH,0.579A/B
23182,2026-06-03 19:09:39,17.8625,4.91,0.623,3.289,B,#2,HOLDING,0.564A/B
23183,2026-06-03 19:09:41,18.0125,4.91,0.564,3.289,OFF,#2,HOLDING,0.000A/OFF
23184,2026-06-03 19:09:42,18.0125,4.91,0.564,2.836,OFF,#2,HOLDING,0.000A/OFF
23185,2026-06-03 19:09:43,18.1750,4.91,0.564,2.836,OFF,#2,HOLDING,0.000A/OFF
23186,2026-06-03 19:09:44,18.3250,4.91,0.564,2.836,OFF,#2,HOLDING,0.000A/OFF
23187,2026-06-03 19:09:45,18.3250,4.91,0.564,2.836,OFF,#2,HOLDING,0.000A/OFF
23188,2026-06-03 19:09:46,18.4875,4.91,0.564,2.836,OFF,#2,HOLDING,0.000A/OFF
23189,2026-06-03 19:09:47,18.4875,12.00,0.564,2.836,OFF,#2,HOLDING,0.000A/OFF
23190,2026-06-03 19:09:48,18.6375,12.00,0.000,2.836,OFF,#2,HOLDING,0.000A/OFF
23191,2026-06-03 19:09:49,18.6375,12.00,0.000,0.000,OFF,#2,HOLDING,0.000A/OFF
23192,2026-06-03 19:09:50,18.7750,12.00,0.000,0.000,OFF,#2,HOLDING,0.000A/OFF
23193,2026-06-03 19:09:51,18.7750,12.00,0.000,0.000,OFF,#2,HOLDING,0.000A/OFF
23194,2026-06-03 19:09:52,18.9500,12.00,0.000,0.000,OFF,#2,HOLDING,0.000A/OFF
23195,2026-06-03 19:09:53,18.9500,12.00,0.000,0.000,OFF,#2,HOLDING,0.000A/OFF
23196,2026-06-03 19:09:54,19.0500,12.00,0.000,0.000,OFF,#2,HOLDING,0.000A/OFF
23197,2026-06-03 19:09:55,19.0500,12.00,0.000,0.000,OFF,#2,HOLDING,0.000A/OFF
23198,2026-06-03 19:09:56,19.2000,12.00,0.000,0.000,OFF,#2,HOLDING,0.000A/OFF
23199,2026-06-03 19:09:57,19.2000,12.00,0.000,0.000,OFF,#2,HOLDING,0.000A/OFF
23200,2026-06-03 19:09:58,19.3500,12.00,0.000,0.000,OFF,#2,HOLDING,0.000A/OFF
23201,2026-06-03 19:09:59,19.3500,12.00,0.000,0.000,OFF,#2,HOLDING,0.000A/OFF
23202,2026-06-03 19:10:00,19.5000,12.00,0.000,0.000,OFF,#2,HOLDING,0.000A/OFF
23203,2026-06-03 19:10:01,19.5000,12.00,0.000,0.000,OFF,#2,HOLDING,0.000A/OFF
23204,2026-06-03 19:10:02,19.6000,12.00,0.000,0.000,OFF,#2,HOLDING,0.000A/OFF
23205,2026-06-03 19:10:03,19.7000,12.00,0.000,0.000,OFF,#2,HOLDING,0.000A/OFF
23206,2026-06-03 19:10:04,19.7000,12.00,0.000,0.000,A,#2,HOLDING,0.101A/A
23207,2026-06-03 19:10:06,19.7875,4.30,0.000,0.000,A,#2,HOLDING,0.126A/A
23208,2026-06-03 19:10:08,19.8875,4.30,0.114,0.133,A,#2,HOLDING,0.209A/A
23209,2026-06-03 19:10:10,19.9875,4.30,0.114,0.133,A,#2,HOLDING,0.286A/A
23210,2026-06-03 19:10:12,20.0875,4.30,0.114,0.133,A,#2,HOLDING,0.331A/A
23211,2026-06-03 19:10:14,20.1625,2.90,0.114,0.133,A,#2,HOLDING,0.396A/A
23212,2026-06-03 19:10:15,20.2375,2.90,0.361,1.413,A,#2,HOLDING,0.446A/A
23213,2026-06-03 19:10:18,20.3125,2.90,0.361,1.413,A,#2,HOLDING,0.525A/A
23214,2026-06-03 19:10:19,20.3625,2.90,0.361,1.413,A,#2,HOLDING,0.586A/A
23215,2026-06-03 19:10:21,20.4125,5.08,0.361,1.413,A,#2,HOLDING,0.659A/A
23216,2026-06-03 19:10:23,20.4375,5.08,0.621,3.809,A,#2,HOLDING,0.703A/A
23217,2026-06-03 19:10:25,20.4750,5.08,0.621,3.809,A,#2,HOLDING,0.772A/A
23218,2026-06-03 19:10:27,20.5000,5.08,0.621,3.809,A,#2,HOLDING,0.817A/A
23219,2026-06-03 19:10:29,20.5000,6.93,0.621,3.809,A,#2,HOLDING,0.885A/A
23220,2026-06-03 19:10:31,20.5000,6.93,0.850,6.717,A,#2,HOLDING,0.928A/A
23221,2026-06-03 19:10:33,20.5000,6.93,0.850,6.717,A,#2,HOLDING,1.001A/A
23222,2026-06-03 19:10:35,20.5000,6.93,0.850,6.717,A,#2,HOLDING,1.061A/A
23223,2026-06-03 19:10:37,20.4625,8.87,0.850,6.717,A,#2,HOLDING,1.108A/A
23224,2026-06-03 19:10:38,20.4375,8.87,1.088,10.404,A,#2,HOLDING,1.160A/A
23225,2026-06-03 19:10:41,20.4250,8.87,1.088,10.404,A,#2,HOLDING,1.000A/A
23226,2026-06-03 19:10:42,20.3500,8.87,1.088,10.404,A,#2,HOLDING,1.224A/A
23227,2026-06-03 19:10:44,20.3125,10.09,1.088,10.404,A,#2,HOLDING,1.278A/A
23228,2026-06-03 19:10:46,20.2625,10.09,1.278,13.751,A,#2,HOLDING,1.327A/A
23229,2026-06-03 19:10:48,20.1500,10.09,1.278,13.751,A,#2,HOLDING,1.000A/A
23230,2026-06-03 19:10:50,20.1000,10.09,1.278,13.751,A,#2,HOLDING,1.381A/A
23231,2026-06-03 19:10:52,20.0000,11.33,1.278,13.751,A,#2,HOLDING,1.415A/A
23232,2026-06-03 19:10:54,19.9250,11.33,1.415,16.697,A,#2,HOLDING,1.454A/A
23233,2026-06-03 19:10:56,19.8375,11.33,1.415,16.697,A,#2,HOLDING,1.000A/A
23234,2026-06-03 19:10:58,19.7125,11.33,1.415,16.697,A,#2,HOLDING,1.442A/A
23235,2026-06-03 19:11:00,19.5875,11.91,1.415,16.697,A,#2,HOLDING,1.464A/A
23236,2026-06-03 19:11:01,19.4875,11.91,1.439,17.100,A,#2,HOLDING,1.487A/A
23237,2026-06-03 19:11:04,19.3375,11.91,1.439,17.100,A,#2,HOLDING,1.000A/A
23238,2026-06-03 19:11:05,19.2375,11.91,1.439,17.100,A,#2,HOLDING,1.500A/A
23239,2026-06-03 19:11:07,19.1375,12.00,1.439,17.100,A,#2,HOLDING,1.000A/A
23240,2026-06-03 19:11:09,18.9875,12.00,1.213,9.090,A,#2,HOLDING,1.515A/A
23241,2026-06-03 19:11:11,18.8625,12.00,1.213,9.090,A,#2,HOLDING,1.500A/A
23242,2026-06-03 19:11:13,18.7625,12.00,1.213,9.090,A,#2,HOLDING,1.515A/A
23243,2026-06-03 19:11:15,18.6500,12.00,1.213,9.090,A,#2,HOLDING,1.500A/A
23244,2026-06-03 19:11:17,18.5000,12.00,1.429,17.016,A,#2,HOLDING,1.507A/A
23245,2026-06-03 19:11:19,18.4000,12.00,1.429,17.016,A,#2,HOLDING,1.492A/A
23246,2026-06-03 19:11:21,18.2750,12.00,1.429,17.016,A,#2,HOLDING,1.000A/A
23247,2026-06-03 19:11:23,18.1375,9.19,1.429,17.016,A,#2,HOLDING,1.473A/A
23248,2026-06-03 19:11:24,18.0125,9.19,1.358,16.932,A,#2,HOLDING,1.439A/A
23249,2026-06-03 19:11:27,17.9000,9.19,1.358,16.932,A,#2,HOLDING,1.000A/A
23250,2026-06-03 19:11:28,17.8000,9.19,1.358,16.932,A,#2,HOLDING,1.000A/A
23251,2026-06-03 19:11:30,17.6750,9.14,1.358,16.932,A,#2,HOLDING,1.346A/A
23252,2026-06-03 19:11:32,17.5500,9.14,1.284,15.653,A,#2,HOLDING,1.290A/A
23253,2026-06-03 19:11:34,17.4250,9.14,1.284,15.653,A,#2,HOLDING,1.000A/A
23254,2026-06-03 19:11:36,17.3250,9.14,1.284,15.653,A,#2,HOLDING,1.215A/A
23255,2026-06-03 19:11:38,17.2375,10.58,1.284,15.653,A,#2,HOLDING,1.155A/A
23256,2026-06-03 19:11:40,17.1125,10.58,1.155,11.931,A,#2,HOLDING,1.083A/A
23257,2026-06-03 19:11:42,17.0250,10.58,1.155,11.931,A,#2,HOLDING,0.999A/A
23258,2026-06-03 19:11:44,16.9500,10.58,1.155,11.931,A,#2,HOLDING,0.936A/A
23259,2026-06-03 19:11:46,16.8375,8.76,1.155,11.931,A,#2,HOLDING,0.858A/A
23260,2026-06-03 19:11:47,16.7625,8.76,0.872,7.095,A,#2,HOLDING,0.779A/A
23261,2026-06-03 19:11:50,16.6500,8.76,0.872,7.095,A,#2,HOLDING,0.670A/A
23262,2026-06-03 19:11:51,16.5750,8.76,0.872,7.095,A,#2,HOLDING,0.597A/A
23263,2026-06-03 19:11:53,16.5250,6.29,0.872,7.095,A,#2,HOLDING,0.512A/A
23264,2026-06-03 19:11:55,16.4500,6.29,0.545,2.908,A,#2,HOLDING,0.423A/A
23265,2026-06-03 19:11:58,16.3625,6.29,0.545,2.908,A,#2,HOLDING,0.305A/A
23266,2026-06-03 19:11:59,16.2875,6.29,0.545,2.908,A,#2,HOLDING,0.215A/A
23267,2026-06-03 19:12:01,16.2500,3.16,0.545,2.908,A,#2,HOLDING,0.123A/A
23268,2026-06-03 19:12:03,16.2000,3.16,0.167,2.908,OFF,#2,HOLDING,0.000A/OFF
23269,2026-06-03 19:12:04,16.2000,3.16,0.167,0.279,OFF,#2,HOLDING,0.000A/OFF
23270,2026-06-03 19:12:05,16.1875,3.16,0.167,0.279,OFF,#2,HOLDING,0.000A/OFF
23271,2026-06-03 19:12:06,16.1875,3.16,0.167,0.279,B,#2,HOLDING,0.116A/B
23272,2026-06-03 19:12:08,16.1375,3.16,0.167,0.279,B,#2,HOLDING,0.230A/B
23273,2026-06-03 19:12:09,16.1250,4.72,0.230,0.279,B,#2,HOLDING,0.315A/B
23274,2026-06-03 19:12:11,16.1250,4.72,0.230,0.727,B,#2,HOLDING,0.412A/B
23275,2026-06-03 19:12:13,16.1625,4.72,0.230,0.727,B,#2,HOLDING,0.485A/B
23276,2026-06-03 19:12:14,16.1875,4.72,0.230,0.727,B,#2,HOLDING,0.563A/B
23277,2026-06-03 19:12:16,16.2250,4.35,0.230,0.727,B,#2,HOLDING,0.651A/B
23278,2026-06-03 19:12:18,16.3250,4.35,0.611,3.417,B,#2,HOLDING,0.732A/B
23279,2026-06-03 19:12:21,16.3875,4.35,0.611,3.417,B,#2,HOLDING,0.841A/B
23280,2026-06-03 19:12:22,16.4625,4.35,0.611,3.417,B,#2,HOLDING,0.907A/B
23281,2026-06-03 19:12:24,16.6000,7.18,0.611,3.417,B,#2,HOLDING,0.978A/B
23282,2026-06-03 19:12:26,16.7000,7.18,0.955,7.716,B,#2,HOLDING,1.000A/B
23283,2026-06-03 19:12:28,16.8250,7.18,0.955,7.716,B,#2,HOLDING,1.000A/B
23284,2026-06-03 19:12:30,16.9500,7.18,0.955,7.716,B,#2,HOLDING,1.032A/B
23285,2026-06-03 19:12:32,17.1125,8.38,0.955,7.716,B,#2,HOLDING,1.081A/B
23286,2026-06-03 19:12:34,17.3125,8.38,1.063,9.577,B,#2,HOLDING,1.116A/B
23287,2026-06-03 19:12:36,17.4250,8.38,1.063,9.577,B,#2,HOLDING,1.181A/B
23288,2026-06-03 19:12:38,17.6250,8.38,1.063,9.577,B,#2,HOLDING,1.203A/B
23289,2026-06-03 19:12:39,17.8125,9.69,1.063,9.577,B,#3,APPROACH,1.000A/B
23290,2026-06-03 19:12:41,18.0125,9.69,1.021,0.000,B,#3,APPROACH,0.161A/B
23291,2026-06-03 19:12:44,18.2375,9.69,1.021,0.000,B,#3,APPROACH,0.149A/B
23292,2026-06-03 19:12:46,18.4375,9.69,1.021,0.000,B,#3,APPROACH,0.158A/B
23293,2026-06-03 19:12:48,18.6250,9.69,1.021,0.000,B,#3,APPROACH,0.153A/B
23294,2026-06-03 19:12:49,18.8750,1.88,1.021,0.000,B,#3,APPROACH,0.156A/B
23295,2026-06-03 19:12:51,19.0625,1.88,0.156,0.293,B,#3,APPROACH,0.186A/B
23296,2026-06-03 19:12:53,19.3125,1.88,0.156,0.293,B,#3,APPROACH,0.240A/B
23297,2026-06-03 19:12:55,19.4875,1.88,0.156,0.293,B,#3,APPROACH,0.287A/B
23298,2026-06-03 19:12:57,19.6375,2.99,0.156,0.293,B,#3,APPROACH,0.339A/B
23299,2026-06-03 19:12:59,19.8500,2.99,0.339,1.189,B,#3,APPROACH,0.373A/B
23300,2026-06-03 19:13:01,20.0000,2.99,0.339,1.189,B,#3,APPROACH,0.427A/B
23301,2026-06-03 19:13:03,20.1750,2.99,0.339,1.189,B,#3,HOLDING,0.397A/B
23302,2026-06-03 19:13:05,20.3250,2.99,0.339,1.189,OFF,#3,HOLDING,0.000A/OFF
23303,2026-06-03 19:13:06,20.3250,3.86,0.339,1.189,OFF,#3,HOLDING,0.000A/OFF
23304,2026-06-03 19:13:07,20.4875,3.86,0.397,1.189,OFF,#3,HOLDING,0.000A/OFF
23305,2026-06-03 19:13:08,20.4875,3.86,0.397,1.580,OFF,#3,HOLDING,0.000A/OFF
23306,2026-06-03 19:13:09,20.6625,3.86,0.397,1.580,OFF,#3,HOLDING,0.000A/OFF
23307,2026-06-03 19:13:10,20.6625,3.86,0.397,1.580,OFF,#3,HOLDING,0.000A/OFF
23308,2026-06-03 19:13:11,20.8000,3.86,0.397,1.580,OFF,#3,HOLDING,0.000A/OFF
23309,2026-06-03 19:13:12,20.8000,12.00,0.397,1.580,OFF,#3,HOLDING,0.000A/OFF
23310,2026-06-03 19:13:13,20.9250,12.00,0.000,1.580,OFF,#3,HOLDING,0.000A/OFF
23311,2026-06-03 19:13:14,20.9250,12.00,0.000,0.000,OFF,#3,HOLDING,0.000A/OFF
23312,2026-06-03 19:13:15,21.0500,12.00,0.000,0.000,OFF,#3,HOLDING,0.000A/OFF
23313,2026-06-03 19:13:16,21.1750,12.00,0.000,0.000,OFF,#3,HOLDING,0.000A/OFF
23314,2026-06-03 19:13:17,21.1750,12.00,0.000,0.000,OFF,#3,HOLDING,0.000A/OFF
23315,2026-06-03 19:13:18,21.2875,12.00,0.000,0.000,OFF,#3,HOLDING,0.000A/OFF
23316,2026-06-03 19:13:19,21.2875,12.00,0.000,0.000,OFF,#3,HOLDING,0.000A/OFF
23317,2026-06-03 19:13:20,21.4125,12.00,0.000,0.000,OFF,#3,HOLDING,0.000A/OFF
23318,2026-06-03 19:13:21,21.4125,12.00,0.000,0.000,OFF,#3,HOLDING,0.000A/OFF
23319,2026-06-03 19:13:22,21.5125,12.00,0.000,0.000,OFF,#3,HOLDING,0.000A/OFF
23320,2026-06-03 19:13:23,21.5125,12.00,0.000,0.000,OFF,#3,HOLDING,0.000A/OFF
23321,2026-06-03 19:13:24,21.5875,12.00,0.000,0.000,OFF,#3,HOLDING,0.000A/OFF
23322,2026-06-03 19:13:25,21.5875,12.00,0.000,0.000,OFF,#3,HOLDING,0.000A/OFF
23323,2026-06-03 19:13:26,21.6875,12.00,0.000,0.000,OFF,#3,HOLDING,0.000A/OFF
23324,2026-06-03 19:13:27,21.6875,12.00,0.000,0.000,OFF,#3,HOLDING,0.000A/OFF
23325,2026-06-03 19:13:28,21.7375,12.00,0.000,0.000,OFF,#3,HOLDING,0.000A/OFF
23326,2026-06-03 19:13:29,21.7375,12.00,0.000,0.000,OFF,#3,HOLDING,0.000A/OFF
23327,2026-06-03 19:13:30,21.8250,12.00,0.000,0.000,OFF,#3,HOLDING,0.000A/OFF
23328,2026-06-03 19:13:31,21.8250,12.00,0.000,0.000,OFF,#3,HOLDING,0.000A/OFF
23329,2026-06-03 19:13:32,21.8750,12.00,0.000,0.000,OFF,#3,HOLDING,0.000A/OFF
23330,2026-06-03 19:13:33,21.8750,12.00,0.000,0.000,OFF,#3,HOLDING,0.000A/OFF
23331,2026-06-03 19:13:34,21.9500,12.00,0.000,0.000,A,#3,HOLDING,0.102A/A
23332,2026-06-03 19:13:36,22.0000,12.00,0.000,0.000,A,#3,HOLDING,0.128A/A
23333,2026-06-03 19:13:37,22.0375,12.00,0.000,0.000,A,#3,HOLDING,0.162A/A
23334,2026-06-03 19:13:39,22.0375,1.35,0.000,0.000,A,#3,HOLDING,0.179A/A
23335,2026-06-03 19:13:40,22.0875,1.35,0.179,0.284,A,#3,HOLDING,0.214A/A
23336,2026-06-03 19:13:43,22.1875,1.35,0.179,0.284,A,#3,HOLDING,0.323A/A
23337,2026-06-03 19:13:44,22.1875,1.35,0.179,0.284,A,#3,HOLDING,0.358A/A
23338,2026-06-03 19:13:46,22.1875,3.22,0.179,0.284,A,#3,HOLDING,0.394A/A
23339,2026-06-03 19:13:48,22.2375,3.22,0.394,1.442,A,#3,HOLDING,0.435A/A
23340,2026-06-03 19:13:51,22.2500,3.22,0.394,1.442,A,#3,HOLDING,0.492A/A
23341,2026-06-03 19:13:52,22.2500,3.22,0.394,1.442,A,#3,HOLDING,0.528A/A
23342,2026-06-03 19:13:54,22.2500,4.72,0.394,1.442,A,#3,HOLDING,0.566A/A
23343,2026-06-03 19:13:56,22.2500,4.72,0.545,2.909,A,#3,HOLDING,0.607A/A
23344,2026-06-03 19:13:58,22.2250,4.72,0.545,2.909,A,#3,HOLDING,0.657A/A
23345,2026-06-03 19:14:00,22.2250,4.72,0.545,2.909,A,#3,HOLDING,0.693A/A
23346,2026-06-03 19:14:02,22.1875,6.11,0.545,2.909,A,#3,HOLDING,0.728A/A
23347,2026-06-03 19:14:04,22.1875,6.11,0.708,4.753,A,#3,HOLDING,0.770A/A
23348,2026-06-03 19:14:06,22.0750,6.11,0.708,4.753,A,#3,HOLDING,0.754A/A
23349,2026-06-03 19:14:07,22.0750,6.11,0.708,4.753,A,#3,HOLDING,0.789A/A
23350,2026-06-03 19:14:09,22.0500,6.98,0.708,4.753,A,#3,HOLDING,0.822A/A
23351,2026-06-03 19:14:11,21.9500,6.98,0.803,6.041,A,#3,HOLDING,0.852A/A
23352,2026-06-03 19:14:14,21.8250,6.98,0.803,6.041,A,#3,HOLDING,0.877A/A
23353,2026-06-03 19:14:15,21.8250,6.98,0.803,6.041,A,#3,HOLDING,0.903A/A
23354,2026-06-03 19:14:17,21.7750,7.93,0.803,6.041,A,#3,HOLDING,0.933A/A
23355,2026-06-03 19:14:19,21.6750,7.93,0.933,7.725,A,#3,HOLDING,0.954A/A
23356,2026-06-03 19:14:21,21.5125,7.93,0.933,7.725,A,#3,HOLDING,0.962A/A
23357,2026-06-03 19:14:23,21.5125,7.93,0.933,7.725,A,#3,HOLDING,0.980A/A
23358,2026-06-03 19:14:25,21.4250,8.61,0.933,7.725,A,#3,HOLDING,0.993A/A
23359,2026-06-03 19:14:27,21.3250,8.61,0.993,8.867,A,#4,APPROACH,1.000A/A
23360,2026-06-03 19:14:29,21.1125,8.61,0.993,8.867,OFF,#4,APPROACH,0.000A/OFF
23361,2026-06-03 19:14:30,21.1125,8.61,0.993,8.867,OFF,#4,APPROACH,0.116A/B
23362,2026-06-03 19:14:32,21.0125,8.61,0.993,8.867,B,#4,APPROACH,0.178A/B
23363,2026-06-03 19:14:34,20.8875,8.61,0.993,8.867,B,#4,APPROACH,0.260A/B
23364,2026-06-03 19:14:35,20.7750,2.80,0.260,8.867,B,#4,APPROACH,0.331A/B
23365,2026-06-03 19:14:37,20.7000,2.80,0.260,0.830,B,#4,APPROACH,0.395A/B
23366,2026-06-03 19:14:39,20.6125,2.80,0.260,0.830,B,#4,APPROACH,0.457A/B
23367,2026-06-03 19:14:40,20.5625,2.80,0.260,0.830,B,#4,APPROACH,0.511A/B
23368,2026-06-03 19:14:42,20.5250,4.10,0.260,0.830,B,#4,APPROACH,0.579A/B
23369,2026-06-03 19:14:44,20.5000,4.10,0.555,2.773,B,#4,APPROACH,0.642A/B
23370,2026-06-03 19:14:47,20.5000,4.10,0.555,2.773,B,#4,APPROACH,0.726A/B
23371,2026-06-03 19:14:48,20.5000,4.10,0.555,2.773,B,#4,APPROACH,0.783A/B
23372,2026-06-03 19:14:50,20.5000,6.39,0.555,2.773,B,#4,APPROACH,0.852A/B
23373,2026-06-03 19:14:52,20.5375,6.39,0.834,6.057,B,#4,APPROACH,0.914A/B
23374,2026-06-03 19:14:54,20.5750,6.39,0.834,6.057,B,#4,APPROACH,0.996A/B
23375,2026-06-03 19:14:56,20.6500,6.39,0.834,6.057,B,#4,APPROACH,1.000A/B
23376,2026-06-03 19:14:58,20.6500,8.16,0.834,6.057,B,#4,APPROACH,1.042A/B
23377,2026-06-03 19:15:00,20.7250,8.16,1.042,9.065,B,#4,APPROACH,1.000A/B
23378,2026-06-03 19:15:02,20.8875,8.16,1.042,9.065,B,#4,APPROACH,1.084A/B
23379,2026-06-03 19:15:04,21.0125,8.16,1.042,9.065,B,#4,APPROACH,1.108A/B
23380,2026-06-03 19:15:05,21.0125,9.22,1.042,9.065,B,#4,APPROACH,1.168A/B
23381,2026-06-03 19:15:07,21.1000,9.22,1.145,11.434,B,#4,APPROACH,1.000A/B
23382,2026-06-03 19:15:10,21.3625,9.22,1.145,11.434,B,#4,APPROACH,1.000A/B
23383,2026-06-03 19:15:11,21.5125,9.22,1.145,11.434,B,#4,HOLDING,1.128A/B
23384,2026-06-03 19:15:13,21.5125,9.22,1.145,11.434,OFF,#4,HOLDING,0.000A/OFF
23385,2026-06-03 19:15:14,21.6750,9.52,1.145,11.434,OFF,#4,HOLDING,0.000A/OFF
23386,2026-06-03 19:15:15,21.8250,9.52,1.128,11.434,OFF,#4,HOLDING,0.000A/OFF
23387,2026-06-03 19:15:16,21.8250,9.52,1.128,0.000,OFF,#4,HOLDING,0.000A/OFF
23388,2026-06-03 19:15:17,21.9875,9.52,1.128,0.000,OFF,#4,HOLDING,0.000A/OFF
23389,2026-06-03 19:15:18,21.9875,9.52,1.128,0.000,OFF,#4,HOLDING,0.000A/OFF
23390,2026-06-03 19:15:19,22.1375,9.52,1.128,0.000,OFF,#4,HOLDING,0.000A/OFF
23391,2026-06-03 19:15:20,22.1375,12.00,1.128,0.000,OFF,#4,HOLDING,0.000A/OFF
23392,2026-06-03 19:15:21,22.3000,12.00,0.000,0.000,OFF,#4,HOLDING,0.000A/OFF
23393,2026-06-03 19:15:22,22.3000,12.00,0.000,0.000,OFF,#4,HOLDING,0.000A/OFF
23394,2026-06-03 19:15:23,22.4500,12.00,0.000,0.000,OFF,#4,HOLDING,0.000A/OFF
23395,2026-06-03 19:15:24,22.4500,12.00,0.000,0.000,OFF,#4,HOLDING,0.000A/OFF
23396,2026-06-03 19:15:25,22.5500,12.00,0.000,0.000,OFF,#4,HOLDING,0.000A/OFF
23397,2026-06-03 19:15:26,22.5500,12.00,0.000,0.000,OFF,#4,HOLDING,0.000A/OFF
23398,2026-06-03 19:15:27,22.6750,12.00,0.000,0.000,OFF,#4,HOLDING,0.000A/OFF
23399,2026-06-03 19:15:28,22.6750,12.00,0.000,0.000,OFF,#4,HOLDING,0.000A/OFF
23400,2026-06-03 19:15:29,22.7875,12.00,0.000,0.000,OFF,#4,HOLDING,0.000A/OFF
23401,2026-06-03 19:15:30,22.7875,12.00,0.000,0.000,OFF,#4,HOLDING,0.000A/OFF
23402,2026-06-03 19:15:31,22.8625,12.00,0.000,0.000,OFF,#4,HOLDING,0.000A/OFF
23403,2026-06-03 19:15:32,22.8625,12.00,0.000,0.000,OFF,#4,HOLDING,0.000A/OFF
23404,2026-06-03 19:15:33,22.9500,12.00,0.000,0.000,OFF,#4,HOLDING,0.000A/OFF
23405,2026-06-03 19:15:34,23.0750,12.00,0.000,0.000,OFF,#4,HOLDING,0.000A/OFF
23406,2026-06-03 19:15:35,23.0750,12.00,0.000,0.000,OFF,#4,HOLDING,0.000A/OFF
23407,2026-06-03 19:15:36,23.1250,12.00,0.000,0.000,OFF,#4,HOLDING,0.000A/OFF
23408,2026-06-03 19:15:37,23.1250,12.00,0.000,0.000,OFF,#4,HOLDING,0.000A/OFF
23409,2026-06-03 19:15:38,23.1750,12.00,0.000,0.000,OFF,#4,HOLDING,0.000A/OFF
23410,2026-06-03 19:15:39,23.1750,12.00,0.000,0.000,OFF,#4,HOLDING,0.000A/OFF
23411,2026-06-03 19:15:40,23.2500,12.00,0.000,0.000,OFF,#4,HOLDING,0.000A/OFF
23412,2026-06-03 19:15:41,23.2500,12.00,0.000,0.000,OFF,#4,HOLDING,0.000A/OFF
23413,2026-06-03 19:15:42,23.3000,12.00,0.000,0.000,A,#4,HOLDING,0.125A/A
23414,2026-06-03 19:15:44,23.3500,12.00,0.000,0.000,A,#4,HOLDING,0.149A/A
23415,2026-06-03 19:15:46,23.3500,12.00,0.000,0.000,A,#4,HOLDING,0.178A/A
23416,2026-06-03 19:15:47,23.3750,1.40,0.000,0.000,A,#4,HOLDING,0.203A/A
23417,2026-06-03 19:15:49,23.4375,1.40,0.203,0.351,A,#4,HOLDING,0.294A/A
23418,2026-06-03 19:15:51,23.4375,1.40,0.203,0.351,A,#4,HOLDING,0.343A/A
23419,2026-06-03 19:15:53,23.5000,1.40,0.203,0.351,A,#4,HOLDING,0.386A/A
23420,2026-06-03 19:15:55,23.5000,3.38,0.203,0.351,A,#4,HOLDING,0.421A/A
23421,2026-06-03 19:15:57,23.5000,3.38,0.421,1.608,A,#4,HOLDING,0.462A/A
23422,2026-06-03 19:15:59,23.5000,3.38,0.421,1.608,A,#4,HOLDING,0.507A/A
23423,2026-06-03 19:16:01,23.5250,3.38,0.421,1.608,A,#4,HOLDING,0.546A/A
23424,2026-06-03 19:16:03,23.5000,4.84,0.421,1.608,A,#4,HOLDING,0.584A/A
23425,2026-06-03 19:16:04,23.5000,4.84,0.584,3.106,A,#4,HOLDING,0.625A/A
23426,2026-06-03 19:16:07,23.5000,4.84,0.584,3.106,A,#4,HOLDING,0.674A/A
23427,2026-06-03 19:16:08,23.4250,4.84,0.584,3.106,A,#4,HOLDING,0.697A/A
23428,2026-06-03 19:16:10,23.3750,6.12,0.584,3.106,A,#4,HOLDING,0.677A/A
23429,2026-06-03 19:16:12,23.3375,6.12,0.677,4.217,A,#4,HOLDING,0.708A/A
23430,2026-06-03 19:16:14,23.2875,6.12,0.677,4.217,A,#4,HOLDING,0.755A/A
23431,2026-06-03 19:16:16,23.2125,6.12,0.677,4.217,A,#4,HOLDING,0.777A/A
23432,2026-06-03 19:16:18,23.1375,6.86,0.677,4.217,A,#4,HOLDING,0.801A/A
23433,2026-06-03 19:16:20,23.0625,6.86,0.801,5.759,A,#4,HOLDING,0.822A/A
23434,2026-06-03 19:16:22,23.0125,6.86,0.801,5.759,A,#4,HOLDING,0.856A/A
23435,2026-06-03 19:16:24,22.9000,6.86,0.801,5.759,A,#4,HOLDING,0.867A/A
23436,2026-06-03 19:16:26,22.8000,7.64,0.801,5.759,A,#4,HOLDING,0.880A/A
23437,2026-06-03 19:16:27,22.7125,7.64,0.880,6.934,A,#4,HOLDING,0.887A/A
23438,2026-06-03 19:16:30,22.6125,7.64,0.880,6.934,A,#4,HOLDING,0.902A/A
23439,2026-06-03 19:16:31,22.5500,7.64,0.880,6.934,A,#4,HOLDING,0.910A/A
23440,2026-06-03 19:16:33,22.4250,8.10,0.880,6.934,A,#5,APPROACH,0.907A/A
23441,2026-06-03 19:16:35,22.3000,8.10,0.907,6.934,OFF,#5,APPROACH,0.000A/OFF
23442,2026-06-03 19:16:36,22.2000,8.10,0.907,0.000,OFF,#5,APPROACH,0.122A/B
23443,2026-06-03 19:16:38,22.0875,8.10,0.907,0.000,B,#5,APPROACH,0.185A/B
23444,2026-06-03 19:16:40,21.9875,8.10,0.907,0.000,B,#5,APPROACH,0.260A/B
23445,2026-06-03 19:16:42,21.8375,8.10,0.907,0.000,B,#5,APPROACH,0.316A/B
23446,2026-06-03 19:16:44,21.7375,6.09,0.316,0.000,B,#5,APPROACH,0.377A/B
23447,2026-06-03 19:16:45,21.7375,6.09,0.316,1.195,B,#5,APPROACH,0.430A/B
23448,2026-06-03 19:16:47,21.6875,6.09,0.316,1.195,B,#5,APPROACH,0.475A/B
23449,2026-06-03 19:16:49,21.6375,6.09,0.316,1.195,B,#5,APPROACH,0.528A/B
23450,2026-06-03 19:16:51,21.6250,4.41,0.316,1.195,B,#5,APPROACH,0.596A/B
23451,2026-06-03 19:16:52,21.5750,4.41,0.560,3.051,B,#5,APPROACH,0.666A/B
23452,2026-06-03 19:16:55,21.5750,4.41,0.560,3.051,B,#5,APPROACH,0.747A/B
23453,2026-06-03 19:16:56,21.5750,4.41,0.560,3.051,B,#5,APPROACH,0.804A/B
23454,2026-06-03 19:16:58,21.5750,6.75,0.560,3.051,B,#5,APPROACH,0.867A/B
23455,2026-06-03 19:17:00,21.6250,6.75,0.833,6.389,B,#5,APPROACH,0.925A/B
23456,2026-06-03 19:17:02,21.6375,6.75,0.833,6.389,B,#5,APPROACH,1.007A/B
23457,2026-06-03 19:17:04,21.7125,6.75,0.833,6.389,B,#5,APPROACH,1.048A/B
23458,2026-06-03 19:17:06,21.7625,8.71,0.833,6.389,B,#5,APPROACH,1.107A/B
23459,2026-06-03 19:17:08,21.8375,8.71,1.075,10.284,B,#5,APPROACH,1.154A/B
23460,2026-06-03 19:17:10,21.9500,8.71,1.075,10.284,B,#5,APPROACH,1.217A/B
23461,2026-06-03 19:17:12,22.0250,8.71,1.075,10.284,B,#5,APPROACH,1.254A/B
23462,2026-06-03 19:17:14,22.1000,10.34,1.075,10.284,B,#5,APPROACH,1.299A/B
23463,2026-06-03 19:17:15,22.2250,10.34,1.274,14.042,B,#5,APPROACH,1.332A/B
23464,2026-06-03 19:17:18,22.3500,10.34,1.274,14.042,B,#5,APPROACH,1.375A/B
23465,2026-06-03 19:17:19,22.4750,10.34,1.274,14.042,B,#5,HOLDING,1.346A/B
23466,2026-06-03 19:17:21,22.6125,10.34,1.274,14.042,OFF,#5,HOLDING,0.000A/OFF
23467,2026-06-03 19:17:22,22.7625,11.18,1.274,14.042,OFF,#5,HOLDING,0.000A/OFF
23468,2026-06-03 19:17:23,22.7625,11.18,1.346,14.042,OFF,#5,HOLDING,0.000A/OFF
23469,2026-06-03 19:17:24,22.9750,11.18,1.346,0.000,OFF,#5,HOLDING,0.000A/OFF
23470,2026-06-03 19:17:25,22.9750,11.18,1.346,0.000,OFF,#5,HOLDING,0.000A/OFF
23471,2026-06-03 19:17:26,23.1250,11.18,1.346,0.000,OFF,#5,HOLDING,0.000A/OFF
23472,2026-06-03 19:17:27,23.1250,11.18,1.346,0.000,OFF,#5,HOLDING,0.000A/OFF
23473,2026-06-03 19:17:28,23.3000,12.00,1.346,0.000,OFF,#5,HOLDING,0.000A/OFF
23474,2026-06-03 19:17:29,23.3000,12.00,0.000,0.000,OFF,#5,HOLDING,0.000A/OFF
23475,2026-06-03 19:17:30,23.4500,12.00,0.000,0.000,OFF,#5,HOLDING,0.000A/OFF
23476,2026-06-03 19:17:31,23.4500,12.00,0.000,0.000,OFF,#5,HOLDING,0.000A/OFF
23477,2026-06-03 19:17:32,23.6125,12.00,0.000,0.000,OFF,#5,HOLDING,0.000A/OFF
23478,2026-06-03 19:17:33,23.6125,12.00,0.000,0.000,OFF,#5,HOLDING,0.000A/OFF
23479,2026-06-03 19:17:34,23.7625,12.00,0.000,0.000,OFF,#5,HOLDING,0.000A/OFF
23480,2026-06-03 19:17:35,23.7625,12.00,0.000,0.000,OFF,#5,HOLDING,0.000A/OFF
23481,2026-06-03 19:17:36,23.8875,12.00,0.000,0.000,OFF,#5,HOLDING,0.000A/OFF
23482,2026-06-03 19:17:37,24.0125,12.00,0.000,0.000,OFF,#5,HOLDING,0.000A/OFF
23483,2026-06-03 19:17:38,24.0125,12.00,0.000,0.000,OFF,#5,HOLDING,0.000A/OFF
23484,2026-06-03 19:17:39,24.1375,12.00,0.000,0.000,OFF,#5,HOLDING,0.000A/OFF
23485,2026-06-03 19:17:41,24.1375,12.00,0.000,0.000,OFF,#5,HOLDING,0.000A/OFF
23486,2026-06-03 19:17:42,24.2125,12.00,0.000,0.000,OFF,#5,HOLDING,0.000A/OFF
23487,2026-06-03 19:17:43,24.2125,12.00,0.000,0.000,OFF,#5,HOLDING,0.000A/OFF
23488,2026-06-03 19:17:44,24.3250,12.00,0.000,0.000,OFF,#5,HOLDING,0.000A/OFF
23489,2026-06-03 19:17:45,24.3250,12.00,0.000,0.000,OFF,#5,HOLDING,0.000A/OFF
23490,2026-06-03 19:17:46,24.3750,12.00,0.000,0.000,A,#5,HOLDING,0.121A/A
23491,2026-06-03 19:17:48,24.4375,12.00,0.000,0.000,A,#5,HOLDING,0.201A/A
23492,2026-06-03 19:17:49,24.4875,7.06,0.201,0.000,A,#5,HOLDING,0.244A/A
23493,2026-06-03 19:17:51,24.5375,7.06,0.201,0.475,A,#5,HOLDING,0.284A/A
23494,2026-06-03 19:17:53,24.5375,7.06,0.201,0.475,A,#5,HOLDING,0.315A/A
23495,2026-06-03 19:17:54,24.5625,7.06,0.201,0.475,A,#5,HOLDING,0.351A/A
23496,2026-06-03 19:17:56,24.6250,2.97,0.201,0.475,A,#5,HOLDING,0.401A/A
23497,2026-06-03 19:17:58,24.6250,2.97,0.401,1.403,A,#5,HOLDING,0.447A/A
23498,2026-06-03 19:18:00,24.6250,2.97,0.401,1.403,A,#5,HOLDING,0.502A/A
23499,2026-06-03 19:18:02,24.6250,2.97,0.401,1.403,A,#5,HOLDING,0.535A/A
23500,2026-06-03 19:18:04,24.6000,4.54,0.401,1.403,A,#5,HOLDING,0.575A/A
23501,2026-06-03 19:18:06,24.5750,4.54,0.575,2.903,A,#5,HOLDING,0.615A/A
23502,2026-06-03 19:18:08,24.5625,4.54,0.575,2.903,A,#5,HOLDING,0.669A/A
23503,2026-06-03 19:18:10,24.5125,4.54,0.575,2.903,A,#5,HOLDING,0.699A/A
23504,2026-06-03 19:18:11,24.4625,5.94,0.575,2.903,A,#5,HOLDING,0.733A/A
23505,2026-06-03 19:18:13,24.3875,5.94,0.733,4.639,A,#5,HOLDING,0.710A/A
23506,2026-06-03 19:18:16,24.3375,5.94,0.733,4.639,A,#5,HOLDING,0.756A/A
23507,2026-06-03 19:18:17,24.2625,5.94,0.733,4.639,A,#5,HOLDING,0.781A/A
23508,2026-06-03 19:18:19,24.2125,6.68,0.733,4.639,A,#5,HOLDING,0.814A/A
23509,2026-06-03 19:18:21,24.1125,6.68,0.814,5.746,A,#5,HOLDING,0.835A/A
23510,2026-06-03 19:18:23,24.0250,6.68,0.814,5.746,A,#5,HOLDING,0.866A/A
23511,2026-06-03 19:18:25,23.9250,6.68,0.814,5.746,A,#5,HOLDING,0.877A/A
23512,2026-06-03 19:18:27,23.8375,7.53,0.814,5.746,A,#5,HOLDING,0.894A/A
23513,2026-06-03 19:18:29,23.7125,7.53,0.894,6.946,A,#5,HOLDING,0.901A/A
23514,2026-06-03 19:18:31,23.6125,7.53,0.894,6.946,A,#5,HOLDING,0.915A/A
23515,2026-06-03 19:18:33,23.4875,7.53,0.894,6.946,A,#5,HOLDING,0.912A/A
23516,2026-06-03 19:18:35,23.3875,7.90,0.894,6.946,A,#5,HOLDING,0.914A/A
23517,2026-06-03 19:18:36,23.2625,7.90,0.914,7.321,A,#5,HOLDING,0.905A/A
23518,2026-06-03 19:18:39,23.1375,7.90,0.914,7.321,A,#5,HOLDING,0.896A/A
23519,2026-06-03 19:18:40,22.9875,7.90,0.914,7.321,A,#5,HOLDING,0.876A/A
23520,2026-06-03 19:18:42,22.8875,7.78,0.914,7.321,A,#5,HOLDING,0.859A/A
23521,2026-06-03 19:18:44,22.7375,7.78,0.859,6.657,A,#5,HOLDING,0.829A/A
23522,2026-06-03 19:18:46,22.6125,7.78,0.859,6.657,OFF,--,DONE,0.799A/A
23523,2026-06-03 19:18:48,22.4625,7.78,0.859,6.657,OFF,--,DONE,--
23524,2026-06-03 19:18:49,22.3625,7.78,0.859,6.657,OFF,--,DONE,--
23525,2026-06-03 19:18:50,22.3625,12.00,0.859,6.657,OFF,--,DONE,--
23526,2026-06-03 19:18:51,22.2125,12.00,0.000,6.657,OFF,--,DONE,--
23527,2026-06-03 19:18:52,22.2125,12.00,0.000,0.000,OFF,--,DONE,--
23528,2026-06-03 19:18:53,22.0750,12.00,0.000,0.000,OFF,--,DONE,--
23529,2026-06-03 19:18:54,21.9250,12.00,0.000,0.000,OFF,--,DONE,--
23530,2026-06-03 19:18:55,21.9250,12.00,0.000,0.000,OFF,--,DONE,--
23531,2026-06-03 19:18:56,21.8375,12.00,0.000,0.000,OFF,--,DONE,--
23532,2026-06-03 19:18:57,21.8375,12.00,0.000,0.000,OFF,--,DONE,--
23533,2026-06-03 19:18:59,21.7375,12.00,0.000,0.000,OFF,--,DONE,--
23534,2026-06-03 19:19:00,21.7375,12.00,0.000,0.000,OFF,--,DONE,--
23535,2026-06-03 19:19:01,21.6250,12.00,0.000,0.000,OFF,--,DONE,--
23536,2026-06-03 19:19:02,21.6250,12.00,0.000,0.000,OFF,--,DONE,--
23537,2026-06-03 19:19:03,21.5750,12.00,0.000,0.000,OFF,--,DONE,--
23538,2026-06-03 19:19:04,21.5750,12.00,0.000,0.000,OFF,--,DONE,--
23539,2026-06-03 19:19:05,21.5000,12.00,0.000,0.000,OFF,--,DONE,--
23540,2026-06-03 19:19:06,21.5000,12.00,0.000,0.000,OFF,--,DONE,--
23541,2026-06-03 19:19:07,21.4500,12.00,0.000,0.000,OFF,--,DONE,--
23542,2026-06-03 19:19:08,21.4500,12.00,0.000,0.000,OFF,--,DONE,--
23543,2026-06-03 19:19:09,21.3750,12.00,0.000,0.000,OFF,--,DONE,--
23544,2026-06-03 19:19:10,21.3750,12.00,0.000,0.000,OFF,--,DONE,--
23545,2026-06-03 19:19:11,21.3750,12.00,0.000,0.000,OFF,--,DONE,--
23546,2026-06-03 19:19:12,21.3750,12.00,0.000,0.000,OFF,--,DONE,--
23547,2026-06-03 19:19:13,21.3125,12.00,0.000,0.000,OFF,--,DONE,--
23548,2026-06-03 19:19:14,21.2625,12.00,0.000,0.000,OFF,--,DONE,--
23549,2026-06-03 19:19:15,21.2625,12.00,0.000,0.000,OFF,--,DONE,--
23550,2026-06-03 19:19:16,21.2500,12.00,0.000,0.000,OFF,--,DONE,--
23551,2026-06-03 19:19:17,21.2500,12.00,0.000,0.000,OFF,--,DONE,--
23552,2026-06-03 19:19:18,21.2250,12.00,0.000,0.000,OFF,--,DONE,--
23553,2026-06-03 19:19:19,21.2250,12.00,0.000,0.000,OFF,--,DONE,--
23554,2026-06-03 19:19:20,21.1875,12.00,0.000,0.000,OFF,--,DONE,--
23555,2026-06-03 19:19:21,21.1875,12.00,0.000,0.000,OFF,--,DONE,--
23556,2026-06-03 19:19:22,21.1875,12.00,0.000,0.000,OFF,--,DONE,--
23557,2026-06-03 19:19:23,21.1875,12.00,0.000,0.000,OFF,--,DONE,--
23558,2026-06-03 19:19:24,21.1875,12.00,0.000,0.000,OFF,--,DONE,--
23559,2026-06-03 19:19:25,21.1875,12.00,0.000,0.000,OFF,--,DONE,--
23560,2026-06-03 19:19:26,21.1625,12.00,0.000,0.000,OFF,--,DONE,--
23561,2026-06-03 19:19:27,21.1625,12.00,0.000,0.000,OFF,--,DONE,--
23562,2026-06-03 19:19:28,21.1250,12.00,0.000,0.000,OFF,--,DONE,--
23563,2026-06-03 19:19:29,21.1250,12.00,0.000,0.000,OFF,--,DONE,--
23564,2026-06-03 19:19:30,21.1500,12.00,0.000,0.000,OFF,--,DONE,--
23565,2026-06-03 19:19:31,21.1500,12.00,0.000,0.000,OFF,--,DONE,--
23566,2026-06-03 19:19:32,21.1375,12.00,0.000,0.000,OFF,--,DONE,--
23567,2026-06-03 19:19:33,21.1625,12.00,0.000,0.000,OFF,--,DONE,--
23568,2026-06-03 19:19:34,21.1625,12.00,0.000,0.000,OFF,--,DONE,--
23569,2026-06-03 19:19:35,21.1375,12.00,0.000,0.000,OFF,--,DONE,--
23570,2026-06-03 19:19:36,21.1375,12.00,0.000,0.000,OFF,--,DONE,--
23571,2026-06-03 19:19:37,21.1375,12.00,0.000,0.000,OFF,--,DONE,--
23572,2026-06-03 19:19:38,21.1375,12.00,0.000,0.000,OFF,--,DONE,--
23573,2026-06-03 19:19:39,21.1250,12.00,0.000,0.000,OFF,--,DONE,--
23574,2026-06-03 19:19:40,21.1250,12.00,0.000,0.000,OFF,--,DONE,--
23575,2026-06-03 19:19:41,21.1750,12.00,0.000,0.000,OFF,--,DONE,--
23576,2026-06-03 19:19:42,21.1750,12.00,0.000,0.000,OFF,--,DONE,--
23577,2026-06-03 19:19:43,21.1875,12.00,0.000,0.000,OFF,--,DONE,--
23578,2026-06-03 19:19:44,21.1875,12.00,0.000,0.000,OFF,--,DONE,--
23579,2026-06-03 19:19:45,21.1875,12.00,0.000,0.000,OFF,--,DONE,--
23580,2026-06-03 19:19:46,21.1875,12.00,0.000,0.000,OFF,--,DONE,--
23581,2026-06-03 19:19:47,21.1875,12.00,0.000,0.000,OFF,--,DONE,--
23582,2026-06-03 19:19:48,21.1875,12.00,0.000,0.000,OFF,--,DONE,--
23583,2026-06-03 19:19:50,21.1875,12.00,0.000,0.000,OFF,--,DONE,--
23584,2026-06-03 19:19:51,21.2125,12.00,0.000,0.000,OFF,--,DONE,--
23585,2026-06-03 19:19:52,21.2125,12.00,0.000,0.000,OFF,--,DONE,--
23586,2026-06-03 19:19:53,21.2125,12.00,0.000,0.000,OFF,--,DONE,--
23587,2026-06-03 19:19:54,21.2125,12.00,0.000,0.000,OFF,--,DONE,--
23588,2026-06-03 19:19:55,21.2250,12.00,0.000,0.000,OFF,--,DONE,--
23589,2026-06-03 19:19:56,21.2250,12.00,0.000,0.000,OFF,--,DONE,--
23590,2026-06-03 19:19:57,21.2500,12.00,0.000,0.000,OFF,--,DONE,--
23591,2026-06-03 19:19:58,21.2500,12.00,0.000,0.000,OFF,--,DONE,--
23592,2026-06-03 19:19:59,21.2500,12.00,0.000,0.000,OFF,--,DONE,--
23593,2026-06-03 19:20:00,21.2500,12.00,0.000,0.000,OFF,--,DONE,--
23594,2026-06-03 19:20:01,21.2500,12.00,0.000,0.000,OFF,--,DONE,--
23595,2026-06-03 19:20:02,21.2500,12.00,0.000,0.000,OFF,--,DONE,--
23596,2026-06-03 19:20:03,21.2500,12.00,0.000,0.000,OFF,--,DONE,--
23597,2026-06-03 19:20:04,21.2500,12.00,0.000,0.000,OFF,--,DONE,--
23598,2026-06-03 19:20:05,21.2500,12.00,0.000,0.000,OFF,--,DONE,--
23599,2026-06-03 19:20:06,21.3125,12.00,0.000,0.000,OFF,--,DONE,--
23600,2026-06-03 19:20:07,21.3125,12.00,0.000,0.000,OFF,--,DONE,--
23601,2026-06-03 19:20:08,21.2875,12.00,0.000,0.000,OFF,--,DONE,--
23602,2026-06-03 19:20:09,21.2875,12.00,0.000,0.000,OFF,--,DONE,--
23603,2026-06-03 19:20:10,21.3125,12.00,0.000,0.000,OFF,--,DONE,--
23604,2026-06-03 19:20:11,21.3125,12.00,0.000,0.000,OFF,--,DONE,--
23605,2026-06-03 19:20:12,21.3125,12.00,0.000,0.000,OFF,--,DONE,--
23606,2026-06-03 19:20:13,21.3125,12.00,0.000,0.000,OFF,--,DONE,--
23607,2026-06-03 19:20:14,21.3125,12.00,0.000,0.000,OFF,--,DONE,--
23608,2026-06-03 19:20:15,21.3125,12.00,0.000,0.000,OFF,--,DONE,--
23609,2026-06-03 19:20:16,21.3125,12.00,0.000,0.000,OFF,--,DONE,--
23610,2026-06-03 19:20:17,21.3125,12.00,0.000,0.000,OFF,--,DONE,--
23611,2026-06-03 19:20:18,21.3500,12.00,0.000,0.000,OFF,--,DONE,--
23612,2026-06-03 19:20:19,21.3750,12.00,0.000,0.000,OFF,--,DONE,--
23613,2026-06-03 19:20:20,21.3750,12.00,0.000,0.000,OFF,--,DONE,--
23614,2026-06-03 19:20:21,21.3750,12.00,0.000,0.000,OFF,--,DONE,--
23615,2026-06-03 19:20:22,21.3750,12.00,0.000,0.000,OFF,--,DONE,--
23616,2026-06-03 19:20:23,21.3750,12.00,0.000,0.000,OFF,--,DONE,--
23617,2026-06-03 19:20:24,21.3750,12.00,0.000,0.000,OFF,--,DONE,--
23618,2026-06-03 19:20:25,21.3750,12.00,0.000,0.000,OFF,--,DONE,--
23619,2026-06-03 19:20:26,21.3750,12.00,0.000,0.000,OFF,--,DONE,--
23620,2026-06-03 19:20:28,21.3750,12.00,0.000,0.000,OFF,--,DONE,--
23621,2026-06-03 19:20:29,21.3750,12.00,0.000,0.000,OFF,--,DONE,--
23622,2026-06-03 19:20:30,21.4250,12.00,0.000,0.000,OFF,--,DONE,--
23623,2026-06-03 19:20:31,21.4250,12.00,0.000,0.000,OFF,--,DONE,--
23624,2026-06-03 19:20:32,21.4000,12.00,0.000,0.000,OFF,--,DONE,--
23625,2026-06-03 19:20:33,21.4000,12.00,0.000,0.000,OFF,--,DONE,--
23626,2026-06-03 19:20:34,21.4375,12.00,0.000,0.000,OFF,--,DONE,--
23627,2026-06-03 19:20:35,21.4375,12.00,0.000,0.000,OFF,--,DONE,--
23628,2026-06-03 19:20:36,21.4375,12.00,0.000,0.000,OFF,--,DONE,--
23629,2026-06-03 19:20:37,21.4375,12.00,0.000,0.000,OFF,--,DONE,--
23630,2026-06-03 19:20:38,21.4375,12.00,0.000,0.000,OFF,--,DONE,--
23631,2026-06-03 19:20:39,21.4375,12.00,0.000,0.000,OFF,--,DONE,--
23632,2026-06-03 19:20:40,21.4375,12.00,0.000,0.000,OFF,--,DONE,--
23633,2026-06-03 19:20:41,21.4500,12.00,0.000,0.000,OFF,--,DONE,--
23634,2026-06-03 19:20:42,21.4500,12.00,0.000,0.000,OFF,--,DONE,--
23635,2026-06-03 19:20:43,21.4750,12.00,0.000,0.000,OFF,--,DONE,--
23636,2026-06-03 19:20:44,21.4750,12.00,0.000,0.000,OFF,--,DONE,--
23637,2026-06-03 19:20:45,21.4500,12.00,0.000,0.000,OFF,--,DONE,--
23638,2026-06-03 19:20:46,21.4500,12.00,0.000,0.000,OFF,--,DONE,--
23639,2026-06-03 19:20:47,21.5000,12.00,0.000,0.000,OFF,--,DONE,--
23640,2026-06-03 19:20:48,21.5000,12.00,0.000,0.000,OFF,--,DONE,--
23641,2026-06-03 19:20:49,21.4875,12.00,0.000,0.000,OFF,--,DONE,--
23642,2026-06-03 19:20:50,21.4875,12.00,0.000,0.000,OFF,--,DONE,--
23643,2026-06-03 19:20:51,21.4875,12.00,0.000,0.000,OFF,#1,HOLDING,0.000A/OFF
23644,2026-06-03 19:20:52,21.5000,12.00,0.000,0.000,OFF,#1,HOLDING,0.000A/OFF
23645,2026-06-03 19:20:53,21.5000,12.00,0.000,0.000,A,#1,HOLDING,0.124A/A
23646,2026-06-03 19:20:56,21.5000,12.00,0.000,0.000,A,#1,HOLDING,0.163A/A
23647,2026-06-03 19:20:57,21.5000,12.00,0.000,0.000,A,#1,HOLDING,0.203A/A
23648,2026-06-03 19:20:59,21.5000,2.21,0.000,0.000,A,#1,HOLDING,0.165A/A
23649,2026-06-03 19:21:01,21.5125,2.21,0.165,0.305,A,#1,HOLDING,0.254A/A
23650,2026-06-03 19:21:03,21.5125,2.21,0.165,0.305,A,#1,HOLDING,0.211A/A
23651,2026-06-03 19:21:05,21.5000,2.21,0.165,0.305,A,#1,HOLDING,0.281A/A
23652,2026-06-03 19:21:07,21.5000,2.82,0.165,0.305,A,#1,HOLDING,0.401A/A
23653,2026-06-03 19:21:08,21.4625,2.82,0.362,1.555,A,#1,HOLDING,0.339A/A
23654,2026-06-03 19:21:11,21.4375,2.82,0.362,1.555,A,#1,HOLDING,0.302A/A
23655,2026-06-03 19:21:12,21.4250,2.82,0.362,1.555,A,#1,HOLDING,0.389A/A
23656,2026-06-03 19:21:14,21.4000,3.80,0.362,1.555,A,#1,HOLDING,0.456A/A
23657,2026-06-03 19:21:16,21.4000,3.80,0.439,1.983,A,#1,HOLDING,0.367A/A
23658,2026-06-03 19:21:19,21.3500,3.80,0.439,1.983,A,#1,HOLDING,0.296A/A
23659,2026-06-03 19:21:20,21.3125,3.80,0.439,1.983,A,#1,HOLDING,0.122A/A
23660,2026-06-03 19:21:22,21.2875,3.80,0.439,1.983,OFF,#1,HOLDING,0.000A/OFF
23661,2026-06-03 19:21:23,21.2375,1.50,0.122,1.983,OFF,#1,HOLDING,0.150A/B
23662,2026-06-03 19:21:25,21.2375,1.50,0.122,1.983,OFF,#1,HOLDING,0.000A/OFF
23663,2026-06-03 19:21:26,21.1875,1.50,0.122,0.000,B,#1,HOLDING,0.135A/B
23664,2026-06-03 19:21:27,21.1500,1.50,0.122,0.000,B,#1,HOLDING,0.339A/B
23665,2026-06-03 19:21:29,21.1250,2.84,0.122,0.000,B,#1,HOLDING,0.535A/B
23666,2026-06-03 19:21:31,21.1125,2.84,0.433,2.439,B,#1,HOLDING,0.896A/B
23667,2026-06-03 19:21:34,21.0625,2.84,0.433,2.439,B,#1,HOLDING,1.470A/B
23668,2026-06-03 19:21:35,21.0625,2.84,0.433,2.439,B,#1,HOLDING,1.000A/B
23669,2026-06-03 19:21:37,21.0625,8.07,0.433,2.439,B,#1,HOLDING,2.500A/B
23670,2026-06-03 19:21:39,21.0625,8.07,1.322,19.188,B,#1,HOLDING,1.500A/B
23671,2026-06-03 19:21:41,21.1125,8.07,1.322,19.188,B,#1,HOLDING,1.000A/B
23672,2026-06-03 19:21:43,21.1250,8.07,1.322,19.188,B,#1,HOLDING,1.000A/B
23673,2026-06-03 19:21:45,21.2000,8.52,1.322,19.188,B,#1,HOLDING,1.274A/B
23674,2026-06-03 19:21:46,21.2875,8.52,1.182,13.351,B,#1,HOLDING,0.187A/B
23675,2026-06-03 19:21:49,21.3875,8.52,1.182,13.351,A,#1,HOLDING,0.945A/A
23676,2026-06-03 19:21:50,21.5125,8.52,1.182,13.351,A,#1,HOLDING,1.000A/A
23677,2026-06-03 19:21:52,21.6375,7.65,1.182,13.351,A,#2,APPROACH,1.377A/A
23678,2026-06-03 19:21:54,21.8000,7.65,1.291,0.000,B,#2,APPROACH,1.000A/B
23679,2026-06-03 19:21:57,21.9250,7.65,1.291,0.000,B,#2,APPROACH,1.000A/B
23680,2026-06-03 19:21:59,22.0250,7.65,1.291,0.000,B,#2,APPROACH,3.000A/B
23681,2026-06-03 19:22:01,22.1500,7.65,1.291,0.000,B,#2,APPROACH,3.000A/B
23682,2026-06-03 19:22:02,22.2250,12.00,1.291,0.000,B,#2,APPROACH,2.000A/B
23683,2026-06-03 19:22:04,22.3250,12.00,1.490,17.676,B,#2,APPROACH,1.000A/B
23684,2026-06-03 19:22:06,22.4125,12.00,1.490,17.676,B,#2,APPROACH,1.500A/B
23685,2026-06-03 19:22:08,22.5625,12.00,1.490,17.676,B,#2,APPROACH,2.500A/B
23686,2026-06-03 19:22:10,22.6750,12.00,1.490,17.676,B,#2,APPROACH,1.000A/B
23687,2026-06-03 19:22:12,22.8750,12.00,1.049,9.000,B,#2,APPROACH,1.000A/B
23688,2026-06-03 19:22:14,23.0500,12.00,1.049,9.000,B,#2,APPROACH,3.000A/B
23689,2026-06-03 19:22:16,23.2500,12.00,1.049,9.000,B,#2,APPROACH,1.000A/B
23690,2026-06-03 19:22:17,23.4250,9.01,1.049,9.000,B,#2,HOLDING,2.000A/B
23691,2026-06-03 19:22:19,23.6250,9.01,1.431,17.028,B,#2,HOLDING,1.500A/B
23692,2026-06-03 19:22:22,23.8375,9.01,1.431,17.028,B,#2,HOLDING,1.500A/B
23693,2026-06-03 19:22:23,24.0375,9.01,1.431,17.028,B,#2,HOLDING,2.000A/B
23694,2026-06-03 19:22:25,24.2375,12.00,1.431,17.028,B,#2,HOLDING,0.763A/B
23695,2026-06-03 19:22:27,24.4125,12.00,0.796,5.798,A,#2,HOLDING,1.108A/A
23696,2026-06-03 19:22:29,24.6125,12.00,0.796,5.798,A,#2,HOLDING,2.316A/A
23697,2026-06-03 19:22:31,24.8625,12.00,0.796,5.798,A,#2,HOLDING,2.156A/A
23698,2026-06-03 19:22:33,25.0375,12.00,0.796,5.798,A,#2,HOLDING,1.484A/A
23699,2026-06-03 19:22:35,25.2625,12.00,1.484,15.834,A,#2,HOLDING,1.500A/A
23700,2026-06-03 19:22:37,25.4625,12.00,1.484,15.834,A,#2,HOLDING,1.596A/A
23701,2026-06-03 19:22:39,25.6375,12.00,1.484,15.834,A,#2,HOLDING,1.063A/A
23702,2026-06-03 19:22:41,25.7250,8.17,1.484,15.834,A,#2,HOLDING,1.386A/A
23703,2026-06-03 19:22:42,25.8250,8.17,1.221,14.608,A,#2,HOLDING,0.935A/A
23704,2026-06-03 19:22:45,25.8875,8.17,1.221,14.608,A,#2,HOLDING,1.025A/A
23705,2026-06-03 19:22:46,25.9375,8.17,1.221,14.608,A,#2,HOLDING,0.938A/A
23706,2026-06-03 19:22:48,25.9500,7.68,1.221,14.608,A,#2,HOLDING,1.238A/A
23707,2026-06-03 19:22:50,25.9500,7.68,1.120,12.243,A,#2,HOLDING,0.930A/A
23708,2026-06-03 19:22:52,25.9375,7.68,1.120,12.243,A,#2,HOLDING,1.000A/A
23709,2026-06-03 19:22:54,25.9125,7.68,1.120,12.243,A,#2,HOLDING,1.029A/A
23710,2026-06-03 19:22:56,25.8750,8.51,1.120,12.243,A,#2,HOLDING,0.974A/A
23711,2026-06-03 19:22:58,25.8000,8.51,0.974,8.142,A,#2,HOLDING,1.000A/A
23712,2026-06-03 19:23:00,25.7375,8.51,0.974,8.142,A,#2,HOLDING,1.020A/A
23713,2026-06-03 19:23:02,25.6625,8.51,0.974,8.142,A,#2,HOLDING,1.107A/A
23714,2026-06-03 19:23:04,25.5500,9.18,0.974,8.142,A,#2,HOLDING,0.954A/A
23715,2026-06-03 19:23:05,25.4500,9.18,0.966,8.004,A,#2,HOLDING,0.900A/A
23716,2026-06-03 19:23:08,25.3375,9.18,0.966,8.004,A,#2,HOLDING,0.952A/A
23717,2026-06-03 19:23:09,25.1875,9.18,0.966,8.004,A,#2,HOLDING,0.910A/A
23718,2026-06-03 19:23:11,25.0875,8.11,0.966,8.004,A,#2,HOLDING,0.917A/A
23719,2026-06-03 19:23:13,24.9625,8.11,0.917,7.583,A,#2,HOLDING,0.930A/A
23720,2026-06-03 19:23:15,24.8375,8.11,0.917,7.583,A,#2,HOLDING,0.971A/A
23721,2026-06-03 19:23:17,24.6875,8.11,0.917,7.583,A,#2,HOLDING,0.948A/A
23722,2026-06-03 19:23:19,24.5250,8.40,0.917,7.583,A,#2,HOLDING,0.942A/A
23723,2026-06-03 19:23:21,24.4250,8.40,0.942,7.959,A,#2,HOLDING,0.943A/A
23724,2026-06-03 19:23:23,24.2375,8.40,0.942,7.959,A,#2,HOLDING,0.941A/A
23725,2026-06-03 19:23:25,24.1125,8.40,0.942,7.959,A,#2,HOLDING,0.936A/A
23726,2026-06-03 19:23:27,23.9750,8.37,0.942,7.959,A,#2,HOLDING,0.919A/A
23727,2026-06-03 19:23:28,23.8000,8.37,0.919,7.673,A,#2,HOLDING,0.898A/A
23728,2026-06-03 19:23:31,23.6375,8.37,0.919,7.673,A,#2,HOLDING,0.867A/A
23729,2026-06-03 19:23:32,23.5125,8.37,0.919,7.673,A,#2,HOLDING,0.840A/A
23730,2026-06-03 19:23:34,23.3625,7.73,0.919,7.673,A,#2,HOLDING,0.808A/A
23731,2026-06-03 19:23:36,23.2125,7.73,0.808,6.156,A,#2,HOLDING,0.709A/A
23732,2026-06-03 19:23:38,23.0750,7.73,0.808,6.156,A,#2,HOLDING,0.647A/A
23733,2026-06-03 19:23:40,22.9250,7.73,0.808,6.156,A,#2,HOLDING,0.591A/A
23734,2026-06-03 19:23:42,22.7625,5.99,0.808,6.156,A,#2,HOLDING,0.519A/A
23735,2026-06-03 19:23:44,22.6125,5.99,0.519,2.849,A,#2,HOLDING,0.438A/A
23736,2026-06-03 19:23:46,22.4875,5.99,0.519,2.849,A,#2,HOLDING,0.353A/A
23737,2026-06-03 19:23:48,22.3375,5.99,0.519,2.849,A,#2,HOLDING,0.269A/A
23738,2026-06-03 19:23:50,22.2375,3.36,0.519,2.849,A,#2,HOLDING,0.191A/A
23739,2026-06-03 19:23:51,22.0875,3.36,0.191,0.504,A,#2,HOLDING,0.101A/A
23740,2026-06-03 19:23:54,21.9625,3.36,0.191,0.504,OFF,#2,HOLDING,0.000A/OFF
23741,2026-06-03 19:23:55,21.8625,3.36,0.191,0.504,OFF,#2,HOLDING,0.000A/OFF
23742,2026-06-03 19:23:56,21.8625,3.36,0.191,0.504,B,#2,HOLDING,0.123A/B
23743,2026-06-03 19:23:58,21.7625,12.00,0.123,0.504,B,#2,HOLDING,0.219A/B
23744,2026-06-03 19:24:00,21.6375,12.00,0.123,0.324,B,#2,HOLDING,0.329A/B
23745,2026-06-03 19:24:01,21.5875,12.00,0.123,0.324,B,#2,HOLDING,0.402A/B
23746,2026-06-03 19:24:03,21.5125,12.00,0.123,0.324,B,#2,HOLDING,0.495A/B
23747,2026-06-03 19:24:05,21.4375,3.93,0.123,0.324,B,#2,HOLDING,0.607A/B
23748,2026-06-03 19:24:07,21.4125,3.93,0.548,3.059,B,#2,HOLDING,0.712A/B
23749,2026-06-03 19:24:09,21.3625,3.93,0.548,3.059,B,#2,HOLDING,0.833A/B
23750,2026-06-03 19:24:11,21.3125,3.93,0.548,3.059,B,#2,HOLDING,0.922A/B
23751,2026-06-03 19:24:12,21.3125,7.50,0.548,3.059,B,#2,HOLDING,1.031A/B
23752,2026-06-03 19:24:14,21.3375,7.50,0.982,8.742,B,#2,HOLDING,1.000A/B
23753,2026-06-03 19:24:17,21.3750,7.50,0.982,8.742,B,#2,HOLDING,1.118A/B
23754,2026-06-03 19:24:18,21.3750,7.50,0.982,8.742,B,#2,HOLDING,1.211A/B
23755,2026-06-03 19:24:20,21.4500,9.74,0.982,8.742,B,#2,HOLDING,1.306A/B
23756,2026-06-03 19:24:22,21.5250,9.74,1.268,13.830,B,#2,HOLDING,1.000A/B
23757,2026-06-03 19:24:24,21.6250,9.74,1.268,13.830,B,#2,HOLDING,1.388A/B
23758,2026-06-03 19:24:26,21.7000,9.74,1.268,13.830,B,#2,HOLDING,1.000A/B
23759,2026-06-03 19:24:28,21.8250,8.65,1.268,13.830,B,#2,HOLDING,1.450A/B
23760,2026-06-03 19:24:30,21.9750,8.65,1.319,17.124,B,#2,HOLDING,1.522A/B
23761,2026-06-03 19:24:32,22.1000,8.65,1.319,17.124,B,#2,HOLDING,1.618A/B
23762,2026-06-03 19:24:34,22.2000,8.65,1.319,17.124,B,#2,HOLDING,1.680A/B
23763,2026-06-03 19:24:35,22.4000,12.00,1.319,17.124,B,#2,HOLDING,1.736A/B
23764,2026-06-03 19:24:37,22.5750,12.00,1.451,17.208,B,#2,HOLDING,1.500A/B
23765,2026-06-03 19:24:40,22.7625,12.00,1.451,17.208,B,#2,HOLDING,1.771A/B
23766,2026-06-03 19:24:41,22.9375,12.00,1.451,17.208,B,#2,HOLDING,1.806A/B
23767,2026-06-03 19:24:43,23.1250,12.00,1.451,17.208,B,#2,HOLDING,1.500A/B
23768,2026-06-03 19:24:45,23.3750,12.00,1.414,16.788,B,#2,HOLDING,1.000A/B
23769,2026-06-03 19:24:47,23.5875,12.00,1.414,16.788,B,#2,HOLDING,1.500A/B
23770,2026-06-03 19:24:49,23.8125,12.00,1.414,16.788,B,#2,HOLDING,1.771A/B
23771,2026-06-03 19:24:51,24.0500,12.00,1.414,16.788,B,#2,HOLDING,1.782A/B
23772,2026-06-03 19:24:53,24.3000,12.00,1.385,16.440,B,#2,HOLDING,1.000A/B
23773,2026-06-03 19:24:55,24.5250,12.00,1.385,16.440,B,#2,HOLDING,1.782A/B
23774,2026-06-03 19:24:57,24.7500,12.00,1.385,16.440,B,#2,HOLDING,1.764A/B
23775,2026-06-03 19:24:58,25.0000,12.00,1.385,16.440,B,#2,HOLDING,1.737A/B
23776,2026-06-03 19:25:00,25.2500,12.00,1.363,16.188,B,#3,APPROACH,1.500A/B
23777,2026-06-03 19:25:03,25.4625,12.00,1.363,16.188,OFF,#3,HOLDING,0.000A/OFF
23778,2026-06-03 19:25:04,25.4625,12.00,1.363,16.188,OFF,#3,HOLDING,0.000A/OFF
23779,2026-06-03 19:25:05,25.7375,12.00,1.363,16.188,OFF,#3,HOLDING,0.000A/OFF
23780,2026-06-03 19:25:06,25.7375,12.00,1.363,16.188,OFF,#3,HOLDING,0.000A/OFF
23781,2026-06-03 19:25:07,25.9750,12.00,1.363,16.188,OFF,#3,HOLDING,0.000A/OFF
23782,2026-06-03 19:25:08,25.9750,12.00,1.363,16.188,OFF,#3,HOLDING,0.000A/OFF
23783,2026-06-03 19:25:09,26.2500,12.00,0.000,16.188,OFF,#3,HOLDING,0.000A/OFF
23784,2026-06-03 19:25:10,26.2500,12.00,0.000,0.000,OFF,#3,HOLDING,0.000A/OFF
23785,2026-06-03 19:25:11,26.4250,12.00,0.000,0.000,A,#3,HOLDING,0.107A/A
23786,2026-06-03 19:25:12,26.6250,12.00,0.000,0.000,A,#3,HOLDING,0.108A/A
23787,2026-06-03 19:25:14,26.8000,0.00,0.000,0.000,A,#3,HOLDING,0.213A/A
23788,2026-06-03 19:25:16,27.0000,0.00,0.213,0.238,A,#3,HOLDING,0.256A/A
23789,2026-06-03 19:25:18,27.1500,0.00,0.213,0.238,A,#3,HOLDING,0.317A/A
23790,2026-06-03 19:25:20,27.3000,0.00,0.213,0.238,A,#3,HOLDING,0.373A/A
23791,2026-06-03 19:25:22,27.4250,2.64,0.213,0.238,A,#3,HOLDING,0.433A/A
23792,2026-06-03 19:25:24,27.5500,2.64,0.433,1.433,A,#3,HOLDING,0.504A/A
23793,2026-06-03 19:25:26,27.6375,2.64,0.433,1.433,A,#3,HOLDING,0.584A/A
23794,2026-06-03 19:25:28,27.6875,2.64,0.433,1.433,A,#3,HOLDING,0.640A/A
23795,2026-06-03 19:25:29,27.7500,5.18,0.433,1.433,A,#3,HOLDING,0.709A/A
23796,2026-06-03 19:25:31,27.8000,5.18,0.709,4.190,A,#3,HOLDING,0.784A/A
23797,2026-06-03 19:25:34,27.8125,5.18,0.709,4.190,A,#3,HOLDING,0.876A/A
23798,2026-06-03 19:25:35,27.8125,5.18,0.709,4.190,A,#3,HOLDING,0.934A/A
23799,2026-06-03 19:25:37,27.8125,7.61,0.709,4.190,A,#3,HOLDING,1.003A/A
23800,2026-06-03 19:25:39,27.7625,7.61,1.002,8.256,A,#3,HOLDING,1.000A/A
23801,2026-06-03 19:25:41,27.7125,7.61,1.002,8.256,A,#3,HOLDING,1.060A/A
23802,2026-06-03 19:25:43,27.6625,7.61,1.002,8.256,A,#3,HOLDING,1.112A/A
23803,2026-06-03 19:25:45,27.5750,9.09,1.002,8.256,A,#3,HOLDING,1.169A/A
23804,2026-06-03 19:25:47,27.4750,9.09,1.169,11.234,A,#3,HOLDING,1.221A/A
23805,2026-06-03 19:25:49,27.3750,9.09,1.169,11.234,A,#3,HOLDING,1.288A/A
23806,2026-06-03 19:25:51,27.2750,9.09,1.169,11.234,A,#3,HOLDING,1.329A/A
23807,2026-06-03 19:25:53,27.1375,10.63,1.169,11.234,A,#3,HOLDING,1.368A/A
23808,2026-06-03 19:25:54,26.9875,10.63,1.368,15.198,A,#3,HOLDING,1.000A/A
23809,2026-06-03 19:25:57,26.8250,10.63,1.368,15.198,A,#3,HOLDING,1.389A/A
23810,2026-06-03 19:25:58,26.6750,10.63,1.368,15.198,A,#3,HOLDING,1.363A/A
23811,2026-06-03 19:26:00,26.5125,11.02,1.368,15.198,A,#3,HOLDING,1.389A/A
23812,2026-06-03 19:26:02,26.3125,11.02,1.389,15.779,A,#3,HOLDING,1.401A/A
23813,2026-06-03 19:26:04,26.1375,11.02,1.389,15.779,A,#3,HOLDING,1.421A/A
23814,2026-06-03 19:26:06,25.9625,11.02,1.389,15.779,A,#3,HOLDING,1.000A/A
23815,2026-06-03 19:26:08,25.7625,8.83,1.389,15.779,A,#3,HOLDING,1.423A/A
23816,2026-06-03 19:26:10,25.5625,8.83,1.411,16.620,A,#3,HOLDING,1.408A/A
23817,2026-06-03 19:26:12,25.3875,8.83,1.411,16.620,A,#3,HOLDING,1.394A/A
23818,2026-06-03 19:26:14,25.1625,8.83,1.411,16.620,A,#3,HOLDING,1.366A/A
23819,2026-06-03 19:26:16,24.9750,11.33,1.411,16.620,A,#3,HOLDING,1.336A/A
23820,2026-06-03 19:26:17,24.7500,11.33,1.336,15.070,A,#3,HOLDING,1.000A/A
23821,2026-06-03 19:26:20,24.5375,11.33,1.336,15.070,A,#3,HOLDING,1.232A/A
23822,2026-06-03 19:26:21,24.3125,11.33,1.336,15.070,A,#3,HOLDING,1.165A/A
23823,2026-06-03 19:26:23,24.1375,10.13,1.336,15.070,A,#3,HOLDING,1.000A/A
23824,2026-06-03 19:26:25,23.9375,10.13,1.000,9.100,A,#3,HOLDING,1.083A/A
23825,2026-06-03 19:26:28,23.7000,10.13,1.000,9.100,A,#3,HOLDING,0.978A/A
23826,2026-06-03 19:26:29,23.5000,10.13,1.000,9.100,A,#3,HOLDING,0.888A/A
23827,2026-06-03 19:26:31,23.3250,8.28,1.000,9.100,A,#3,HOLDING,0.790A/A
23828,2026-06-03 19:26:33,23.1250,8.28,0.790,6.098,A,#3,HOLDING,0.678A/A
23829,2026-06-03 19:26:35,22.9500,8.28,0.790,6.098,A,#3,HOLDING,0.543A/A
23830,2026-06-03 19:26:37,22.7500,8.28,0.790,6.098,A,#3,HOLDING,0.474A/A
23831,2026-06-03 19:26:39,22.5750,5.20,0.790,6.098,A,#3,HOLDING,0.346A/A
23832,2026-06-03 19:26:40,22.4000,5.20,0.346,1.453,A,#3,HOLDING,0.211A/A
23833,2026-06-03 19:26:43,22.2375,5.20,0.346,1.453,OFF,#3,HOLDING,0.000A/OFF
23834,2026-06-03 19:26:44,22.2375,5.20,0.346,1.453,OFF,#3,HOLDING,0.000A/OFF
23835,2026-06-03 19:26:45,22.0875,5.20,0.346,1.453,B,#3,HOLDING,0.115A/B
23836,2026-06-03 19:26:47,21.9500,12.00,0.056,1.453,B,#3,HOLDING,0.272A/B
23837,2026-06-03 19:26:49,21.8000,12.00,0.056,0.467,B,#3,HOLDING,0.434A/B
23838,2026-06-03 19:26:50,21.7000,12.00,0.056,0.467,B,#3,HOLDING,0.564A/B
23839,2026-06-03 19:26:52,21.5750,12.00,0.056,0.467,B,#3,HOLDING,0.707A/B
23840,2026-06-03 19:26:54,21.4875,5.49,0.056,0.467,B,#3,HOLDING,0.869A/B
23841,2026-06-03 19:26:56,21.4125,5.49,0.786,6.056,B,#3,HOLDING,1.033A/B
23842,2026-06-03 19:26:58,21.3625,5.49,0.786,6.056,B,#3,HOLDING,1.000A/B
23843,2026-06-03 19:27:00,21.3375,5.49,0.786,6.056,B,#3,HOLDING,1.239A/B
23844,2026-06-03 19:27:01,21.3125,9.59,0.786,6.056,B,#3,HOLDING,1.408A/B
23845,2026-06-03 19:27:03,21.3375,9.59,1.343,15.473,B,#3,HOLDING,1.569A/B
23846,2026-06-03 19:27:06,21.3750,9.59,1.343,15.473,B,#3,HOLDING,1.500A/B
23847,2026-06-03 19:27:07,21.4000,9.59,1.343,15.473,B,#3,HOLDING,1.771A/B
23848,2026-06-03 19:27:09,21.4875,12.00,1.343,15.473,B,#3,HOLDING,1.925A/B
23849,2026-06-03 19:27:11,21.6125,12.00,1.524,17.964,B,#3,HOLDING,2.070A/B
23850,2026-06-03 19:27:13,21.7375,12.00,1.524,17.964,B,#3,HOLDING,1.500A/B
23851,2026-06-03 19:27:15,21.8375,12.00,1.524,17.964,B,#3,HOLDING,2.249A/B
23852,2026-06-03 19:27:17,22.0500,12.00,1.524,17.964,B,#3,HOLDING,2.376A/B
23853,2026-06-03 19:27:19,22.2000,12.00,1.456,17.316,B,#3,HOLDING,1.500A/B
23854,2026-06-03 19:27:21,22.4000,12.00,1.456,17.316,B,#3,HOLDING,1.500A/B
23855,2026-06-03 19:27:23,22.6000,12.00,1.456,17.316,B,#3,HOLDING,2.000A/B
23856,2026-06-03 19:27:24,22.8000,12.00,1.456,17.316,B,#3,HOLDING,1.000A/B
23857,2026-06-03 19:27:26,23.0250,12.00,1.128,9.200,B,#3,HOLDING,1.000A/B
23858,2026-06-03 19:27:29,23.2375,12.00,1.128,9.200,B,#3,HOLDING,2.400A/B
23859,2026-06-03 19:27:30,23.4625,12.00,1.128,9.200,B,#3,HOLDING,2.000A/B
23860,2026-06-03 19:27:32,23.6875,12.00,1.128,9.200,B,#3,HOLDING,2.448A/B
23861,2026-06-03 19:27:34,23.9375,12.00,1.396,16.620,B,#3,HOLDING,2.497A/B
23862,2026-06-03 19:27:36,24.1500,12.00,1.396,16.620,B,#3,HOLDING,2.000A/B
23863,2026-06-03 19:27:38,24.3750,12.00,1.396,16.620,B,#3,HOLDING,2.500A/B
23864,2026-06-03 19:27:40,24.6250,12.00,1.396,16.620,B,#3,HOLDING,1.000A/B
23865,2026-06-03 19:27:42,24.9000,12.00,1.116,9.470,B,#3,HOLDING,2.482A/B
23866,2026-06-03 19:27:44,25.0875,12.00,1.116,9.470,B,#3,HOLDING,1.500A/B
23867,2026-06-03 19:27:46,25.3125,12.00,1.116,9.470,B,#3,HOLDING,2.000A/B
23868,2026-06-03 19:27:47,25.3125,12.00,1.116,9.470,B,#3,HOLDING,2.500A/B
23869,2026-06-03 19:27:49,25.8375,12.00,1.355,16.104,B,#3,HOLDING,2.520A/B
23870,2026-06-03 19:27:52,26.0500,12.00,1.355,16.104,B,#3,HOLDING,2.500A/B
23871,2026-06-03 19:27:53,26.3000,12.00,1.355,16.104,B,#3,HOLDING,2.000A/B
23872,2026-06-03 19:27:55,26.5250,12.00,1.355,16.104,B,#3,HOLDING,1.000A/B
23873,2026-06-03 19:27:57,26.8000,12.00,1.106,9.670,B,#3,HOLDING,1.000A/B
23874,2026-06-03 19:27:59,27.0250,12.00,1.106,9.670,B,#3,HOLDING,2.450A/B
23875,2026-06-03 19:28:01,27.2750,12.00,1.106,9.670,B,#3,HOLDING,2.000A/B
23876,2026-06-03 19:28:03,27.5000,12.00,1.106,9.670,B,#3,HOLDING,2.375A/B
23877,2026-06-03 19:28:05,27.7500,12.00,1.330,15.804,B,#3,HOLDING,1.000A/B
23878,2026-06-03 19:28:07,27.9375,12.00,1.330,15.804,B,#3,HOLDING,2.286A/B
23879,2026-06-03 19:28:09,28.1875,12.00,1.330,15.804,B,#3,HOLDING,1.000A/B
23880,2026-06-03 19:28:11,28.4000,9.61,1.330,15.804,B,#3,HOLDING,2.000A/B
23881,2026-06-03 19:28:12,28.6000,9.61,1.321,15.708,B,#3,HOLDING,2.164A/B
23882,2026-06-03 19:28:15,28.8000,9.61,1.321,15.708,B,#3,HOLDING,1.000A/B
23883,2026-06-03 19:28:16,29.0000,9.61,1.321,15.708,B,#3,HOLDING,2.060A/B
23884,2026-06-03 19:28:18,29.1750,12.00,1.321,15.708,B,#3,HOLDING,1.500A/B
23885,2026-06-03 19:28:20,29.3750,12.00,1.306,15.528,B,#3,HOLDING,1.915A/B
23886,2026-06-03 19:28:22,29.5875,12.00,1.306,15.528,B,#3,HOLDING,1.500A/B
23887,2026-06-03 19:28:24,29.7625,12.00,1.306,15.528,B,#3,HOLDING,1.500A/B
23888,2026-06-03 19:28:26,29.9875,12.00,1.306,15.528,B,#3,HOLDING,1.000A/B
23889,2026-06-03 19:28:28,30.1875,12.00,1.044,9.930,B,#3,HOLDING,1.694A/B
23890,2026-06-03 19:28:30,30.3625,12.00,1.044,9.930,B,#3,HOLDING,1.470A/B
23891,2026-06-03 19:28:32,30.5625,12.00,1.044,9.930,B,#3,HOLDING,1.307A/B
23892,2026-06-03 19:28:34,30.7375,12.00,1.044,9.930,B,#3,HOLDING,1.000A/B
23893,2026-06-03 19:28:35,30.8875,12.00,1.047,9.950,B,#3,HOLDING,1.000A/B
23894,2026-06-03 19:28:38,31.0750,12.00,1.047,9.950,B,#3,HOLDING,1.100A/B
23895,2026-06-03 19:28:39,31.2500,12.00,1.047,9.950,B,#3,HOLDING,0.915A/B
23896,2026-06-03 19:28:41,31.4250,9.22,1.047,9.950,B,#3,HOLDING,0.696A/B
23897,2026-06-03 19:28:43,31.6250,9.22,0.738,5.345,B,#3,HOLDING,0.468A/B
23898,2026-06-03 19:28:46,31.7375,9.22,0.738,5.345,B,#3,HOLDING,0.185A/B
23899,2026-06-03 19:28:47,31.9125,9.22,0.738,5.345,OFF,#3,HOLDING,0.000A/OFF
23900,2026-06-03 19:28:48,31.9125,9.22,0.738,5.345,OFF,#3,HOLDING,0.138A/A
23901,2026-06-03 19:28:50,32.0500,12.00,0.000,5.345,A,#3,HOLDING,0.341A/A
23902,2026-06-03 19:28:52,32.2000,12.00,0.000,0.000,A,#3,HOLDING,0.583A/A
23903,2026-06-03 19:28:53,32.3250,12.00,0.000,0.000,A,#3,HOLDING,0.801A/A
23904,2026-06-03 19:28:55,32.4500,12.00,0.000,0.000,A,#3,HOLDING,1.022A/A
23905,2026-06-03 19:28:57,32.5375,7.34,0.000,0.000,A,#3,HOLDING,1.000A/A
23906,2026-06-03 19:28:58,32.6125,7.34,1.000,7.520,A,#3,HOLDING,1.277A/A
23907,2026-06-03 19:29:01,32.6625,7.34,1.000,7.520,A,#3,HOLDING,1.500A/A
23908,2026-06-03 19:29:02,32.6875,7.34,1.000,7.520,A,#3,HOLDING,1.603A/A
23909,2026-06-03 19:29:04,32.6750,11.72,1.000,7.520,A,#3,HOLDING,1.855A/A
23910,2026-06-03 19:29:06,32.6250,11.72,1.615,19.152,A,#3,HOLDING,2.103A/A
23911,2026-06-03 19:29:09,32.5500,11.72,1.615,19.152,A,#3,HOLDING,1.500A/A
23912,2026-06-03 19:29:10,32.4750,11.72,1.615,19.152,A,#3,HOLDING,2.412A/A
23913,2026-06-03 19:29:12,32.4000,12.00,1.615,19.152,A,#3,HOLDING,1.500A/A
23914,2026-06-03 19:29:14,32.2500,12.00,1.528,17.610,A,#3,HOLDING,2.000A/A
23915,2026-06-03 19:29:16,32.0750,12.00,1.528,17.610,A,#3,HOLDING,1.500A/A
23916,2026-06-03 19:29:18,31.9250,12.00,1.528,17.610,A,#3,HOLDING,2.620A/A
23917,2026-06-03 19:29:20,31.7250,12.00,1.528,17.610,A,#3,HOLDING,1.500A/A
23918,2026-06-03 19:29:22,31.5000,12.00,1.500,17.964,A,#3,HOLDING,1.000A/A
23919,2026-06-03 19:29:24,31.2875,12.00,1.500,17.964,A,#3,HOLDING,2.500A/A
23920,2026-06-03 19:29:26,31.0875,12.00,1.500,17.964,A,#3,HOLDING,1.500A/A
23921,2026-06-03 19:29:27,30.8250,11.94,1.500,17.964,A,#3,HOLDING,2.000A/A
23922,2026-06-03 19:29:29,30.6000,11.94,1.494,17.760,A,#3,HOLDING,2.500A/A
23923,2026-06-03 19:29:32,30.3500,11.94,1.494,17.760,A,#3,HOLDING,1.500A/A
23924,2026-06-03 19:29:33,30.1000,11.94,1.494,17.760,A,#3,HOLDING,1.000A/A
23925,2026-06-03 19:29:35,29.8500,8.81,1.494,17.760,A,#3,HOLDING,2.500A/A
23926,2026-06-03 19:29:37,29.5750,8.81,1.462,17.460,A,#3,HOLDING,2.000A/A
23927,2026-06-03 19:29:39,29.3250,8.81,1.462,17.460,A,#3,HOLDING,1.500A/A
23928,2026-06-03 19:29:41,29.1000,8.81,1.462,17.460,A,#3,HOLDING,2.500A/A
23929,2026-06-03 19:29:43,28.8500,12.00,1.462,17.460,A,#3,HOLDING,1.000A/A
23930,2026-06-03 19:29:45,28.5500,12.00,1.033,9.050,A,#3,HOLDING,2.000A/A
23931,2026-06-03 19:29:47,28.2625,12.00,1.033,9.050,A,#3,HOLDING,2.500A/A
23932,2026-06-03 19:29:49,28.0375,12.00,1.033,9.050,A,#3,HOLDING,1.500A/A
23933,2026-06-03 19:29:50,27.7750,12.00,1.033,9.050,A,#3,HOLDING,2.000A/A
23934,2026-06-03 19:29:52,27.4750,12.00,1.449,17.268,A,#3,HOLDING,1.500A/A
23935,2026-06-03 19:29:55,27.2625,12.00,1.449,17.268,A,#3,HOLDING,2.546A/A
23936,2026-06-03 19:29:56,26.9875,12.00,1.449,17.268,A,#3,HOLDING,1.000A/A
23937,2026-06-03 19:29:58,26.7250,9.05,1.449,17.268,A,#3,HOLDING,2.500A/A
23938,2026-06-03 19:30:00,26.4500,9.05,1.435,17.124,A,#3,HOLDING,2.000A/A
23939,2026-06-03 19:30:02,26.1875,9.05,1.435,17.124,A,#3,HOLDING,2.000A/A
23940,2026-06-03 19:30:04,25.9375,9.05,1.435,17.124,A,#3,HOLDING,2.500A/A
23941,2026-06-03 19:30:06,25.6875,12.00,1.435,17.124,A,#3,HOLDING,2.500A/A
23942,2026-06-03 19:30:08,25.3875,12.00,1.432,17.076,A,#3,HOLDING,2.000A/A
23943,2026-06-03 19:30:10,25.1875,12.00,1.432,17.076,A,#4,APPROACH,2.517A/A
23944,2026-06-03 19:30:12,24.8875,12.00,1.432,17.076,B,#4,APPROACH,0.101A/B
23945,2026-06-03 19:30:13,24.8875,12.00,1.432,17.076,B,#4,APPROACH,0.131A/B
23946,2026-06-03 19:30:15,24.4375,6.33,1.432,17.076,B,#4,APPROACH,0.272A/B
23947,2026-06-03 19:30:18,24.2250,6.33,0.312,0.554,B,#4,APPROACH,0.400A/B
23948,2026-06-03 19:30:20,24.0250,6.33,0.312,0.554,B,#4,APPROACH,0.546A/B
23949,2026-06-03 19:30:21,23.8875,6.33,0.312,0.554,B,#4,APPROACH,0.612A/B
23950,2026-06-03 19:30:23,23.7625,4.94,0.312,0.554,B,#4,APPROACH,0.714A/B
23951,2026-06-03 19:30:25,23.6750,4.94,0.661,4.284,B,#4,APPROACH,0.816A/B
23952,2026-06-03 19:30:28,23.6000,4.94,0.661,4.284,B,#4,APPROACH,0.948A/B
23953,2026-06-03 19:30:29,23.5875,4.94,0.661,4.284,B,#4,APPROACH,1.031A/B
23954,2026-06-03 19:30:31,23.5125,8.32,0.661,4.284,B,#4,APPROACH,1.148A/B
23955,2026-06-03 19:30:33,23.5000,8.32,1.087,10.687,B,#4,APPROACH,1.254A/B
23956,2026-06-03 19:30:35,23.5000,8.32,1.087,10.687,B,#4,APPROACH,1.000A/B
23957,2026-06-03 19:30:37,23.5375,8.32,1.087,10.687,B,#4,APPROACH,1.388A/B
23958,2026-06-03 19:30:39,23.5875,10.99,1.087,10.687,B,#4,APPROACH,1.483A/B
23959,2026-06-03 19:30:41,23.6625,10.99,1.433,17.677,B,#4,APPROACH,1.000A/B
23960,2026-06-03 19:30:43,23.7375,10.99,1.433,17.677,B,#4,APPROACH,1.565A/B
23961,2026-06-03 19:30:45,23.8250,10.99,1.433,17.677,B,#4,APPROACH,1.638A/B
23962,2026-06-03 19:30:46,23.9500,12.00,1.433,17.677,B,#4,APPROACH,1.500A/B
23963,2026-06-03 19:30:48,24.0750,12.00,1.466,17.328,B,#4,APPROACH,1.711A/B
23964,2026-06-03 19:30:51,24.2500,12.00,1.466,17.328,B,#4,APPROACH,1.802A/B
23965,2026-06-03 19:30:52,24.3750,12.00,1.466,17.328,B,#4,APPROACH,1.860A/B
23966,2026-06-03 19:30:54,24.5750,12.00,1.466,17.328,B,#4,APPROACH,1.914A/B
23967,2026-06-03 19:30:56,24.7625,12.00,1.415,16.776,B,#4,APPROACH,1.963A/B
23968,2026-06-03 19:30:58,24.9375,12.00,1.415,16.776,B,#4,APPROACH,1.500A/B
23969,2026-06-03 19:31:00,25.1500,12.00,1.415,16.776,B,#4,APPROACH,2.014A/B
23970,2026-06-03 19:31:02,25.3500,12.00,1.415,16.776,B,#4,APPROACH,2.000A/B
23971,2026-06-03 19:31:04,25.5500,12.00,1.377,16.344,B,#4,HOLDING,1.000A/B
23972,2026-06-03 19:31:06,25.7500,12.00,1.377,16.344,OFF,#4,HOLDING,0.000A/OFF
23973,2026-06-03 19:31:07,25.7500,12.00,1.377,16.344,OFF,#4,HOLDING,0.000A/OFF
23974,2026-06-03 19:31:08,25.9625,12.00,1.377,16.344,OFF,#4,HOLDING,0.000A/OFF
23975,2026-06-03 19:31:09,25.9625,12.00,1.377,16.344,OFF,#4,HOLDING,0.000A/OFF
23976,2026-06-03 19:31:10,26.1875,12.00,0.000,16.344,OFF,#4,HOLDING,0.000A/OFF
23977,2026-06-03 19:31:11,26.1875,12.00,0.000,16.344,OFF,#4,HOLDING,0.000A/OFF
23978,2026-06-03 19:31:12,26.4250,12.00,0.000,0.000,OFF,#4,HOLDING,0.000A/OFF
23979,2026-06-03 19:31:13,26.6250,12.00,0.000,0.000,OFF,#4,HOLDING,0.000A/OFF
23980,2026-06-03 19:31:14,26.6250,12.00,0.000,0.000,OFF,#4,HOLDING,0.000A/OFF
23981,2026-06-03 19:31:15,26.8125,12.00,0.000,0.000,OFF,#4,HOLDING,0.000A/OFF
23982,2026-06-03 19:31:16,26.8125,12.00,0.000,0.000,OFF,#4,HOLDING,0.000A/OFF
23983,2026-06-03 19:31:17,27.0125,12.00,0.000,0.000,OFF,#4,HOLDING,0.000A/OFF
23984,2026-06-03 19:31:18,27.0125,12.00,0.000,0.000,OFF,#4,HOLDING,0.000A/OFF
23985,2026-06-03 19:31:19,27.1750,12.00,0.000,0.000,OFF,#4,HOLDING,0.000A/OFF
23986,2026-06-03 19:31:20,27.1750,12.00,0.000,0.000,OFF,#4,HOLDING,0.000A/OFF
23987,2026-06-03 19:31:21,27.3250,12.00,0.000,0.000,OFF,#4,HOLDING,0.000A/OFF
23988,2026-06-03 19:31:22,27.3250,12.00,0.000,0.000,OFF,#4,HOLDING,0.000A/OFF
23989,2026-06-03 19:31:23,27.4250,12.00,0.000,0.000,OFF,#4,HOLDING,0.000A/OFF
23990,2026-06-03 19:31:24,27.4250,12.00,0.000,0.000,OFF,#4,HOLDING,0.000A/OFF
23991,2026-06-03 19:31:25,27.5750,12.00,0.000,0.000,A,#4,HOLDING,0.171A/A
23992,2026-06-03 19:31:27,27.7000,12.00,0.000,0.000,A,#4,HOLDING,0.212A/A
23993,2026-06-03 19:31:28,27.7000,12.00,0.000,0.000,A,#4,HOLDING,0.248A/A
23994,2026-06-03 19:31:30,27.7750,1.72,0.000,0.000,A,#4,HOLDING,0.275A/A
23995,2026-06-03 19:31:32,27.8500,1.72,0.260,0.561,A,#4,HOLDING,0.321A/A
23996,2026-06-03 19:31:34,27.9000,1.72,0.260,0.561,A,#4,HOLDING,0.394A/A
23997,2026-06-03 19:31:36,27.9500,1.72,0.260,0.561,A,#4,HOLDING,0.440A/A
23998,2026-06-03 19:31:37,28.0000,3.55,0.260,0.561,A,#4,HOLDING,0.496A/A
23999,2026-06-03 19:31:39,28.0000,3.55,0.470,2.068,A,#4,HOLDING,0.547A/A
24000,2026-06-03 19:31:42,28.0000,3.55,0.470,2.068,A,#4,HOLDING,0.613A/A
24001,2026-06-03 19:31:43,28.0000,3.55,0.470,2.068,A,#4,HOLDING,0.656A/A
24002,2026-06-03 19:31:45,27.9750,5.57,0.470,2.068,A,#4,HOLDING,0.707A/A
24003,2026-06-03 19:31:47,27.9375,5.57,0.684,4.319,A,#4,HOLDING,0.754A/A
24004,2026-06-03 19:31:49,27.8875,5.57,0.684,4.319,A,#4,HOLDING,0.814A/A
24005,2026-06-03 19:31:51,27.8375,5.57,0.684,4.319,A,#4,HOLDING,0.850A/A
24006,2026-06-03 19:31:53,27.7625,7.12,0.684,4.319,A,#4,HOLDING,0.890A/A
24007,2026-06-03 19:31:55,27.6875,7.12,0.890,6.790,A,#4,HOLDING,0.927A/A
24008,2026-06-03 19:31:57,27.6125,7.12,0.890,6.790,A,#4,HOLDING,0.976A/A
24009,2026-06-03 19:31:59,27.5125,7.12,0.890,6.790,A,#4,HOLDING,1.000A/A
24010,2026-06-03 19:32:00,27.4125,8.38,0.890,6.790,A,#4,HOLDING,0.981A/A
24011,2026-06-03 19:32:02,27.3000,8.38,0.981,8.279,A,#4,HOLDING,1.005A/A
24012,2026-06-03 19:32:05,27.1750,8.38,0.981,8.279,A,#4,HOLDING,1.000A/A
24013,2026-06-03 19:32:06,27.0125,8.38,0.981,8.279,A,#4,HOLDING,1.031A/A
24014,2026-06-03 19:32:08,26.8875,8.75,0.981,8.279,A,#4,HOLDING,1.045A/A
24015,2026-06-03 19:32:10,26.7375,8.75,1.045,9.446,A,#4,HOLDING,1.049A/A
24016,2026-06-03 19:32:12,26.5875,8.75,1.045,9.446,A,#4,HOLDING,1.060A/A
24017,2026-06-03 19:32:14,26.4500,8.75,1.045,9.446,A,#4,HOLDING,1.056A/A
24018,2026-06-03 19:32:16,26.2500,9.03,1.045,9.446,A,#4,HOLDING,1.041A/A
24019,2026-06-03 19:32:18,26.0750,9.03,1.041,9.504,A,#4,HOLDING,1.019A/A
24020,2026-06-03 19:32:20,25.8750,9.03,1.041,9.504,A,#4,HOLDING,0.989A/A
24021,2026-06-03 19:32:22,25.7000,9.03,1.041,9.504,A,#4,HOLDING,0.962A/A
24022,2026-06-03 19:32:24,25.5000,8.52,1.041,9.504,A,#4,HOLDING,0.872A/A
24023,2026-06-03 19:32:25,25.3500,8.52,0.872,6.976,A,#4,HOLDING,0.822A/A
24024,2026-06-03 19:32:28,25.1500,8.52,0.872,6.976,A,#4,HOLDING,0.752A/A
24025,2026-06-03 19:32:29,25.0125,8.52,0.872,6.976,A,#4,HOLDING,0.701A/A
24026,2026-06-03 19:32:31,24.8125,6.68,0.872,6.976,A,#4,HOLDING,0.623A/A
24027,2026-06-03 19:32:33,24.6250,6.68,0.623,3.943,A,#4,HOLDING,0.540A/A
24028,2026-06-03 19:32:35,24.4250,6.68,0.623,3.943,A,#4,HOLDING,0.430A/A
24029,2026-06-03 19:32:37,24.2625,6.68,0.623,3.943,A,#4,HOLDING,0.351A/A
24030,2026-06-03 19:32:39,24.1125,3.99,0.623,3.943,A,#4,HOLDING,0.259A/A
24031,2026-06-03 19:32:41,23.9500,3.99,0.259,0.836,A,#4,HOLDING,0.155A/A
24032,2026-06-03 19:32:43,23.7500,3.99,0.259,0.836,OFF,#4,HOLDING,0.000A/OFF
24033,2026-06-03 19:32:44,23.5875,3.99,0.259,0.836,OFF,#4,HOLDING,0.000A/OFF
24034,2026-06-03 19:32:45,23.4625,3.99,0.259,0.836,OFF,#4,HOLDING,0.000A/OFF
24035,2026-06-03 19:32:46,23.4625,12.00,0.259,0.836,B,#4,HOLDING,0.145A/B
24036,2026-06-03 19:32:48,23.3250,12.00,0.000,0.126,B,#4,HOLDING,0.258A/B
24037,2026-06-03 19:32:50,23.1750,12.00,0.000,0.126,B,#4,HOLDING,0.419A/B
24038,2026-06-03 19:32:52,23.0750,12.00,0.000,0.126,B,#4,HOLDING,0.538A/B
24039,2026-06-03 19:32:54,22.9500,4.31,0.000,0.126,B,#4,HOLDING,0.677A/B
24040,2026-06-03 19:32:56,22.8750,4.31,0.631,3.825,B,#4,HOLDING,0.813A/B
24041,2026-06-03 19:32:58,22.8000,4.31,0.631,3.825,B,#4,HOLDING,0.991A/B
24042,2026-06-03 19:33:00,22.7125,4.31,0.631,3.825,B,#4,HOLDING,1.115A/B
24043,2026-06-03 19:33:01,22.6625,8.79,0.631,3.825,B,#4,HOLDING,1.000A/B
24044,2026-06-03 19:33:03,22.6250,8.79,1.037,8.310,B,#4,HOLDING,1.262A/B
24045,2026-06-03 19:33:06,22.6250,8.79,1.037,8.310,B,#4,HOLDING,1.444A/B
24046,2026-06-03 19:33:07,22.6250,8.79,1.037,8.310,B,#4,HOLDING,1.566A/B
24047,2026-06-03 19:33:09,22.6500,12.00,1.037,8.310,B,#4,HOLDING,1.706A/B
24048,2026-06-03 19:33:11,22.7000,12.00,1.536,18.084,B,#4,HOLDING,1.000A/B
24049,2026-06-03 19:33:13,22.7500,12.00,1.536,18.084,B,#4,HOLDING,1.839A/B
24050,2026-06-03 19:33:15,22.8500,12.00,1.536,18.084,B,#4,HOLDING,1.949A/B
24051,2026-06-03 19:33:17,22.9500,12.00,1.536,18.084,B,#4,HOLDING,2.074A/B
24052,2026-06-03 19:33:19,23.0500,12.00,1.473,17.448,B,#4,HOLDING,2.000A/B
24053,2026-06-03 19:33:21,23.2000,12.00,1.473,17.448,B,#4,HOLDING,2.000A/B
24054,2026-06-03 19:33:23,23.3125,12.00,1.473,17.448,B,#4,HOLDING,2.179A/B
24055,2026-06-03 19:33:25,23.5125,12.00,1.473,17.448,B,#4,HOLDING,1.500A/B
24056,2026-06-03 19:33:26,23.6750,12.00,1.425,16.896,B,#4,HOLDING,1.500A/B
24057,2026-06-03 19:33:29,23.8750,12.00,1.425,16.896,B,#4,HOLDING,1.000A/B
24058,2026-06-03 19:33:30,24.0875,12.00,1.425,16.896,B,#4,HOLDING,1.000A/B
24059,2026-06-03 19:33:32,24.2625,9.23,1.425,16.896,B,#4,HOLDING,1.500A/B
24060,2026-06-03 19:33:34,24.4875,9.23,1.278,16.548,B,#4,HOLDING,1.500A/B
24061,2026-06-03 19:33:36,24.6875,9.23,1.278,16.548,B,#4,HOLDING,1.000A/B
24062,2026-06-03 19:33:38,24.8625,9.23,1.278,16.548,B,#4,HOLDING,1.000A/B
24063,2026-06-03 19:33:40,25.1125,9.29,1.278,16.548,B,#4,HOLDING,1.500A/B
24064,2026-06-03 19:33:42,25.3375,9.29,1.341,16.272,B,#4,HOLDING,2.134A/B
24065,2026-06-03 19:33:44,25.5625,9.29,1.341,16.272,B,#4,HOLDING,2.000A/B
24066,2026-06-03 19:33:46,25.7750,9.29,1.341,16.272,B,#4,HOLDING,2.125A/B
24067,2026-06-03 19:33:48,26.0000,12.00,1.341,16.272,B,#4,HOLDING,2.145A/B
24068,2026-06-03 19:33:49,26.2500,12.00,1.347,16.020,B,#4,HOLDING,1.000A/B
24069,2026-06-03 19:33:52,26.5000,12.00,1.347,16.020,B,#4,HOLDING,2.155A/B
24070,2026-06-03 19:33:53,26.6750,12.00,1.347,16.020,B,#4,HOLDING,1.000A/B
24071,2026-06-03 19:33:55,26.9250,9.61,1.347,16.020,B,#4,HOLDING,1.000A/B
24072,2026-06-03 19:33:57,27.1500,9.61,1.000,9.730,B,#5,APPROACH,2.145A/B
24073,2026-06-03 19:33:59,27.3750,9.61,1.000,9.730,B,#5,APPROACH,0.243A/B
24074,2026-06-03 19:34:02,27.5875,9.61,1.000,9.730,B,#5,APPROACH,0.242A/B
24075,2026-06-03 19:34:04,27.8125,9.61,1.000,9.730,B,#5,APPROACH,0.256A/B
24076,2026-06-03 19:34:06,28.2500,5.61,0.256,9.730,B,#5,APPROACH,0.249A/B
24077,2026-06-03 19:34:08,28.2500,5.61,0.256,0.941,B,#5,APPROACH,0.294A/B
24078,2026-06-03 19:34:09,28.4375,5.61,0.256,0.941,B,#5,APPROACH,0.320A/B
24079,2026-06-03 19:34:11,28.6375,5.61,0.256,0.941,B,#5,APPROACH,0.357A/B
24080,2026-06-03 19:34:13,28.8250,4.52,0.256,0.941,B,#5,APPROACH,0.396A/B
24081,2026-06-03 19:34:15,29.0000,4.52,0.376,1.924,B,#5,APPROACH,0.403A/B
24082,2026-06-03 19:34:17,29.1125,4.52,0.376,1.924,B,#5,APPROACH,0.510A/B
24083,2026-06-03 19:34:19,29.2875,4.52,0.376,1.924,B,#5,APPROACH,0.569A/B
24084,2026-06-03 19:34:20,29.4250,6.12,0.376,1.924,B,#5,APPROACH,0.657A/B
24085,2026-06-03 19:34:22,29.5250,6.12,0.612,4.546,B,#5,APPROACH,0.742A/B
24086,2026-06-03 19:34:25,29.6000,6.12,0.612,4.546,B,#5,APPROACH,0.868A/B
24087,2026-06-03 19:34:26,29.6750,6.12,0.612,4.546,B,#5,APPROACH,0.945A/B
24088,2026-06-03 19:34:28,29.7875,8.94,0.612,4.546,B,#5,APPROACH,1.019A/B
24089,2026-06-03 19:34:30,29.8875,8.94,0.979,9.782,B,#5,APPROACH,1.088A/B
24090,2026-06-03 19:34:32,29.9875,8.94,0.979,9.782,B,#5,APPROACH,1.180A/B
24091,2026-06-03 19:34:34,30.0875,8.94,0.979,9.782,B,#5,APPROACH,1.000A/B
24092,2026-06-03 19:34:36,30.1625,9.42,0.979,9.782,B,#5,APPROACH,1.236A/B
24093,2026-06-03 19:34:38,30.2375,9.42,1.114,13.855,B,#5,APPROACH,1.299A/B
24094,2026-06-03 19:34:40,30.3500,9.42,1.114,13.855,B,#5,APPROACH,1.374A/B
24095,2026-06-03 19:34:42,30.4250,9.42,1.114,13.855,B,#5,APPROACH,1.419A/B
24096,2026-06-03 19:34:44,30.5375,12.00,1.114,13.855,B,#5,APPROACH,1.465A/B
24097,2026-06-03 19:34:45,30.6375,12.00,1.347,15.996,B,#5,APPROACH,1.509A/B
24098,2026-06-03 19:34:48,30.7375,12.00,1.347,15.996,B,#5,APPROACH,1.565A/B
24099,2026-06-03 19:34:49,30.8375,12.00,1.347,15.996,B,#5,APPROACH,1.000A/B
24100,2026-06-03 19:34:51,30.9750,9.63,1.347,15.996,B,#5,APPROACH,1.000A/B
24101,2026-06-03 19:34:53,31.0750,9.63,1.000,9.780,B,#5,HOLDING,1.534A/B
24102,2026-06-03 19:34:55,31.1625,9.63,1.000,9.780,OFF,#5,HOLDING,0.000A/OFF
24103,2026-06-03 19:34:56,31.2875,9.63,1.000,9.780,OFF,#5,HOLDING,0.000A/OFF
24104,2026-06-03 19:34:57,31.2875,9.63,1.000,9.780,OFF,#5,HOLDING,0.000A/OFF
24105,2026-06-03 19:34:58,31.4125,9.63,1.000,9.780,OFF,#5,HOLDING,0.000A/OFF
24106,2026-06-03 19:34:59,31.5375,12.00,0.000,9.780,OFF,#5,HOLDING,0.000A/OFF
24107,2026-06-03 19:35:01,31.5375,12.00,0.000,9.780,OFF,#5,HOLDING,0.000A/OFF
24108,2026-06-03 19:35:02,31.6375,12.00,0.000,0.000,OFF,#5,HOLDING,0.000A/OFF
24109,2026-06-03 19:35:03,31.6375,12.00,0.000,0.000,OFF,#5,HOLDING,0.000A/OFF
24110,2026-06-03 19:35:04,31.7875,12.00,0.000,0.000,OFF,#5,HOLDING,0.000A/OFF
24111,2026-06-03 19:35:05,31.7875,12.00,0.000,0.000,OFF,#5,HOLDING,0.000A/OFF
24112,2026-06-03 19:35:06,31.8500,12.00,0.000,0.000,OFF,#5,HOLDING,0.000A/OFF
24113,2026-06-03 19:35:07,31.8500,12.00,0.000,0.000,B,#5,HOLDING,0.118A/B
24114,2026-06-03 19:35:09,31.9000,12.00,0.000,0.000,B,#5,HOLDING,0.119A/B
24115,2026-06-03 19:35:10,31.9750,12.00,0.000,0.000,B,#5,HOLDING,0.122A/B
24116,2026-06-03 19:35:12,32.0000,2.05,0.000,0.000,B,#5,HOLDING,0.120A/B
24117,2026-06-03 19:35:14,32.0625,2.05,0.120,0.243,B,#5,HOLDING,0.116A/B
24118,2026-06-03 19:35:17,32.0625,2.05,0.120,0.243,B,#5,HOLDING,0.121A/B
24119,2026-06-03 19:35:18,32.0625,2.05,0.120,0.243,B,#5,HOLDING,0.121A/B
24120,2026-06-03 19:35:20,32.0625,1.93,0.120,0.243,B,#5,HOLDING,0.124A/B
24121,2026-06-03 19:35:22,32.0125,1.93,0.124,0.240,B,#5,HOLDING,0.128A/B
24122,2026-06-03 19:35:24,32.0125,1.93,0.124,0.240,B,#5,HOLDING,0.128A/B
24123,2026-06-03 19:35:26,32.0000,1.93,0.124,0.240,B,#5,HOLDING,0.129A/B
24124,2026-06-03 19:35:28,31.9500,1.89,0.124,0.240,B,#5,HOLDING,0.131A/B
24125,2026-06-03 19:35:30,31.8750,1.89,0.131,0.250,B,#5,HOLDING,0.142A/B
24126,2026-06-03 19:35:32,31.8750,1.89,0.131,0.250,B,#5,HOLDING,0.147A/B
24127,2026-06-03 19:35:34,31.8375,1.89,0.131,0.250,B,#5,HOLDING,0.152A/B
24128,2026-06-03 19:35:35,31.7625,2.02,0.131,0.250,B,#5,HOLDING,0.161A/B
24129,2026-06-03 19:35:37,31.7125,2.02,0.161,0.339,B,#5,HOLDING,0.176A/B
24130,2026-06-03 19:35:40,31.6375,2.02,0.161,0.339,B,#5,HOLDING,0.195A/B
24131,2026-06-03 19:35:41,31.5875,2.02,0.161,0.339,B,#5,HOLDING,0.206A/B
24132,2026-06-03 19:35:43,31.5125,2.45,0.161,0.339,B,#5,HOLDING,0.227A/B
24133,2026-06-03 19:35:45,31.4375,2.45,0.214,0.606,B,#5,HOLDING,0.249A/B
24134,2026-06-03 19:35:47,31.3875,2.45,0.214,0.606,B,#5,HOLDING,0.277A/B
24135,2026-06-03 19:35:49,31.3000,2.45,0.214,0.606,B,#5,HOLDING,0.302A/B
24136,2026-06-03 19:35:51,31.2250,3.27,0.214,0.606,B,#5,HOLDING,0.331A/B
24137,2026-06-03 19:35:53,31.1500,3.27,0.314,1.188,B,#5,HOLDING,0.366A/B
24138,2026-06-03 19:35:55,31.0750,3.27,0.314,1.188,OFF,--,DONE,0.406A/B
24139,2026-06-03 19:35:57,30.9875,3.27,0.314,1.188,OFF,--,DONE,--
24140,2026-06-03 19:35:58,30.9125,3.27,0.314,1.188,OFF,--,DONE,--
24141,2026-06-03 19:35:59,30.9125,12.00,0.314,1.188,OFF,--,DONE,--
24142,2026-06-03 19:36:00,30.8375,12.00,0.000,1.188,OFF,--,DONE,--
24143,2026-06-03 19:36:01,30.7625,12.00,0.000,0.000,OFF,--,DONE,--
24144,2026-06-03 19:36:02,30.7625,12.00,0.000,0.000,OFF,--,DONE,--
24145,2026-06-03 19:36:03,30.6750,12.00,0.000,0.000,OFF,--,DONE,--
24146,2026-06-03 19:36:04,30.6750,12.00,0.000,0.000,OFF,--,DONE,--
24147,2026-06-03 19:36:05,30.5500,12.00,0.000,0.000,OFF,--,DONE,--
24148,2026-06-03 19:36:06,30.5500,12.00,0.000,0.000,OFF,--,DONE,--
24149,2026-06-03 19:36:07,30.4625,12.00,0.000,0.000,OFF,--,DONE,--
24150,2026-06-03 19:36:08,30.4625,12.00,0.000,0.000,OFF,--,DONE,--
24151,2026-06-03 19:36:09,30.3875,12.00,0.000,0.000,OFF,--,DONE,--
24152,2026-06-03 19:36:10,30.3875,12.00,0.000,0.000,OFF,--,DONE,--
24153,2026-06-03 19:36:11,30.2750,12.00,0.000,0.000,OFF,--,DONE,--
24154,2026-06-03 19:36:12,30.2750,12.00,0.000,0.000,OFF,--,DONE,--
24155,2026-06-03 19:36:13,30.1750,12.00,0.000,0.000,OFF,--,DONE,--
24156,2026-06-03 19:36:14,30.1750,12.00,0.000,0.000,OFF,--,DONE,--
24157,2026-06-03 19:36:15,30.0875,12.00,0.000,0.000,OFF,--,DONE,--
24158,2026-06-03 19:36:16,30.0875,12.00,0.000,0.000,OFF,--,DONE,--
24159,2026-06-03 19:36:17,29.9875,12.00,0.000,0.000,OFF,--,DONE,--
24160,2026-06-03 19:36:18,29.9875,12.00,0.000,0.000,OFF,--,DONE,--
24161,2026-06-03 19:36:19,29.9000,12.00,0.000,0.000,OFF,--,DONE,--
24162,2026-06-03 19:36:20,29.8000,12.00,0.000,0.000,OFF,--,DONE,--
24163,2026-06-03 19:36:21,29.8000,12.00,0.000,0.000,OFF,--,DONE,--
24164,2026-06-03 19:36:22,29.6750,12.00,0.000,0.000,OFF,--,DONE,--
24165,2026-06-03 19:36:23,29.6750,12.00,0.000,0.000,OFF,--,DONE,--
24166,2026-06-03 19:36:24,29.5500,12.00,0.000,0.000,OFF,--,DONE,--
24167,2026-06-03 19:36:25,29.5500,12.00,0.000,0.000,OFF,--,DONE,--
24168,2026-06-03 19:36:26,29.4625,12.00,0.000,0.000,OFF,--,DONE,--
24169,2026-06-03 19:36:27,29.4625,12.00,0.000,0.000,OFF,--,DONE,--
24170,2026-06-03 19:36:28,29.3375,12.00,0.000,0.000,OFF,--,DONE,--
24171,2026-06-03 19:36:29,29.3375,12.00,0.000,0.000,OFF,--,DONE,--
24172,2026-06-03 19:36:30,29.2375,12.00,0.000,0.000,OFF,--,DONE,--
24173,2026-06-03 19:36:31,29.2375,12.00,0.000,0.000,OFF,--,DONE,--
24174,2026-06-03 19:36:32,29.0875,12.00,0.000,0.000,OFF,--,DONE,--
24175,2026-06-03 19:36:33,29.0875,12.00,0.000,0.000,OFF,--,DONE,--
24176,2026-06-03 19:36:34,29.0125,12.00,0.000,0.000,OFF,--,DONE,--
24177,2026-06-03 19:36:35,29.0125,12.00,0.000,0.000,OFF,--,DONE,--
24178,2026-06-03 19:36:36,28.8875,12.00,0.000,0.000,OFF,--,DONE,--
24179,2026-06-03 19:36:37,28.8875,12.00,0.000,0.000,OFF,--,DONE,--
24180,2026-06-03 19:36:38,28.7625,12.00,0.000,0.000,OFF,--,DONE,--
24181,2026-06-03 19:36:39,28.6375,12.00,0.000,0.000,OFF,--,DONE,--
24182,2026-06-03 19:36:40,28.6375,12.00,0.000,0.000,OFF,--,DONE,--
24183,2026-06-03 19:36:41,28.5250,12.00,0.000,0.000,OFF,--,DONE,--
24184,2026-06-03 19:36:42,28.5250,12.00,0.000,0.000,OFF,--,DONE,--
24185,2026-06-03 19:36:43,28.4250,12.00,0.000,0.000,OFF,--,DONE,--
24186,2026-06-03 19:36:44,28.4250,12.00,0.000,0.000,OFF,--,DONE,--
24187,2026-06-03 19:36:45,28.3125,12.00,0.000,0.000,OFF,--,DONE,--
24188,2026-06-03 19:36:46,28.3125,12.00,0.000,0.000,OFF,--,DONE,--
24189,2026-06-03 19:36:47,28.2375,12.00,0.000,0.000,OFF,--,DONE,--
24190,2026-06-03 19:36:48,28.2375,12.00,0.000,0.000,OFF,--,DONE,--
24191,2026-06-03 19:36:49,28.0875,12.00,0.000,0.000,OFF,--,DONE,--
24192,2026-06-03 19:36:50,28.0875,12.00,0.000,0.000,OFF,--,DONE,--
24193,2026-06-03 19:36:52,27.9875,12.00,0.000,0.000,OFF,--,DONE,--
24194,2026-06-03 19:36:53,27.9875,12.00,0.000,0.000,OFF,--,DONE,--
24195,2026-06-03 19:36:54,27.8625,12.00,0.000,0.000,OFF,--,DONE,--
24196,2026-06-03 19:36:55,27.7625,12.00,0.000,0.000,OFF,--,DONE,--
24197,2026-06-03 19:36:56,27.7625,12.00,0.000,0.000,OFF,--,DONE,--
24198,2026-06-03 19:36:57,27.6375,12.00,0.000,0.000,OFF,--,DONE,--
24199,2026-06-03 19:36:58,27.6375,12.00,0.000,0.000,OFF,--,DONE,--
24200,2026-06-03 19:36:59,27.5125,12.00,0.000,0.000,OFF,--,DONE,--
24201,2026-06-03 19:37:00,27.5125,12.00,0.000,0.000,OFF,--,DONE,--
24202,2026-06-03 19:37:01,27.4375,12.00,0.000,0.000,OFF,--,DONE,--
24203,2026-06-03 19:37:02,27.4375,12.00,0.000,0.000,OFF,--,DONE,--
24204,2026-06-03 19:37:03,27.3625,12.00,0.000,0.000,OFF,--,DONE,--
24205,2026-06-03 19:37:04,27.3625,12.00,0.000,0.000,OFF,--,DONE,--
24206,2026-06-03 19:37:05,27.2375,12.00,0.000,0.000,OFF,--,DONE,--
24207,2026-06-03 19:37:06,27.2375,12.00,0.000,0.000,OFF,--,DONE,--
24208,2026-06-03 19:37:07,27.1375,12.00,0.000,0.000,OFF,--,DONE,--
24209,2026-06-03 19:37:08,27.1375,12.00,0.000,0.000,OFF,--,DONE,--
24210,2026-06-03 19:37:09,27.0500,12.00,0.000,0.000,OFF,--,DONE,--
24211,2026-06-03 19:37:10,27.0500,12.00,0.000,0.000,OFF,--,DONE,--
24212,2026-06-03 19:37:11,26.9500,12.00,0.000,0.000,OFF,--,DONE,--
24213,2026-06-03 19:37:12,26.9500,12.00,0.000,0.000,OFF,--,DONE,--
24214,2026-06-03 19:37:13,26.8625,12.00,0.000,0.000,OFF,--,DONE,--
24215,2026-06-03 19:37:14,26.7625,12.00,0.000,0.000,OFF,--,DONE,--
24216,2026-06-03 19:37:15,26.7625,12.00,0.000,0.000,OFF,--,DONE,--
24217,2026-06-03 19:37:16,26.6750,12.00,0.000,0.000,OFF,--,DONE,--
24218,2026-06-03 19:37:17,26.6750,12.00,0.000,0.000,OFF,--,DONE,--
24219,2026-06-03 19:37:18,26.5750,12.00,0.000,0.000,OFF,--,DONE,--
24220,2026-06-03 19:37:19,26.5750,12.00,0.000,0.000,OFF,--,DONE,--
24221,2026-06-03 19:37:20,26.4875,12.00,0.000,0.000,OFF,--,DONE,--
24222,2026-06-03 19:37:21,26.4875,12.00,0.000,0.000,OFF,--,DONE,--
24223,2026-06-03 19:37:22,26.4125,12.00,0.000,0.000,OFF,--,DONE,--
24224,2026-06-03 19:37:23,26.4125,12.00,0.000,0.000,OFF,--,DONE,--
24225,2026-06-03 19:37:24,26.2750,12.00,0.000,0.000,OFF,--,DONE,--
24226,2026-06-03 19:37:25,26.2750,12.00,0.000,0.000,OFF,--,DONE,--
24227,2026-06-03 19:37:26,26.2000,12.00,0.000,0.000,OFF,--,DONE,--
24228,2026-06-03 19:37:27,26.2000,12.00,0.000,0.000,OFF,--,DONE,--
24229,2026-06-03 19:37:28,26.1250,12.00,0.000,0.000,OFF,--,DONE,--
24230,2026-06-03 19:37:29,26.0750,12.00,0.000,0.000,OFF,--,DONE,--
24231,2026-06-03 19:37:30,26.0750,12.00,0.000,0.000,OFF,--,DONE,--
24232,2026-06-03 19:37:31,25.9625,12.00,0.000,0.000,OFF,--,DONE,--
24233,2026-06-03 19:37:32,25.9625,12.00,0.000,0.000,OFF,--,DONE,--
24234,2026-06-03 19:37:33,25.8875,12.00,0.000,0.000,OFF,--,DONE,--
24235,2026-06-03 19:37:34,25.8875,12.00,0.000,0.000,OFF,--,DONE,--
24236,2026-06-03 19:37:35,25.8250,12.00,0.000,0.000,OFF,--,DONE,--
24237,2026-06-03 19:37:36,25.8250,12.00,0.000,0.000,OFF,--,DONE,--
24238,2026-06-03 19:37:37,25.7000,12.00,0.000,0.000,OFF,--,DONE,--
24239,2026-06-03 19:37:38,25.7000,12.00,0.000,0.000,OFF,--,DONE,--
24240,2026-06-03 19:37:39,25.6250,12.00,0.000,0.000,OFF,--,DONE,--
24241,2026-06-03 19:37:40,25.6250,12.00,0.000,0.000,OFF,--,DONE,--
24242,2026-06-03 19:37:41,25.5500,12.00,0.000,0.000,OFF,--,DONE,--
24243,2026-06-03 19:37:42,25.5500,12.00,0.000,0.000,OFF,--,DONE,--
24244,2026-06-03 19:37:44,25.4375,12.00,0.000,0.000,OFF,--,DONE,--
24245,2026-06-03 19:37:45,25.3875,12.00,0.000,0.000,OFF,--,DONE,--
24246,2026-06-03 19:37:46,25.3875,12.00,0.000,0.000,OFF,--,DONE,--
24247,2026-06-03 19:37:47,25.3125,12.00,0.000,0.000,OFF,--,DONE,--
24248,2026-06-03 19:37:48,25.3125,12.00,0.000,0.000,OFF,--,DONE,--
24249,2026-06-03 19:37:49,25.2375,12.00,0.000,0.000,OFF,--,DONE,--
24250,2026-06-03 19:37:50,25.2375,12.00,0.000,0.000,OFF,--,DONE,--
24251,2026-06-03 19:37:51,25.1750,12.00,0.000,0.000,OFF,--,DONE,--
24252,2026-06-03 19:37:52,25.1750,12.00,0.000,0.000,OFF,--,DONE,--
24253,2026-06-03 19:37:53,25.1250,12.00,0.000,0.000,OFF,--,DONE,--
24254,2026-06-03 19:37:54,25.1250,12.00,0.000,0.000,OFF,--,DONE,--
24255,2026-06-03 19:37:55,25.0500,12.00,0.000,0.000,OFF,--,DONE,--
24256,2026-06-03 19:37:56,25.0500,12.00,0.000,0.000,OFF,--,DONE,--
24257,2026-06-03 19:37:57,24.9500,12.00,0.000,0.000,B,#1,APPROACH,2.182A/B
24258,2026-06-03 19:37:59,24.9250,12.00,0.000,0.000,B,#1,APPROACH,2.000A/B
24259,2026-06-03 19:38:01,24.8500,12.00,0.000,0.000,B,#1,APPROACH,2.500A/B
24260,2026-06-03 19:38:03,24.8000,12.00,0.000,0.000,B,#1,APPROACH,1.000A/B
24261,2026-06-03 19:38:04,24.7500,8.54,0.000,0.000,B,#1,APPROACH,2.500A/B
24262,2026-06-03 19:38:06,24.6875,8.54,1.519,18.024,B,#1,APPROACH,2.223A/B
24263,2026-06-03 19:38:08,24.6375,8.54,1.519,18.024,B,#1,APPROACH,1.623A/B
24264,2026-06-03 19:38:10,24.6875,8.54,1.519,18.024,B,#1,APPROACH,1.760A/B
24265,2026-06-03 19:38:12,24.7125,12.00,1.519,18.024,B,#1,APPROACH,2.000A/B
24266,2026-06-03 19:38:14,24.7875,12.00,1.463,17.388,B,#1,APPROACH,2.109A/B
24267,2026-06-03 19:38:16,24.8875,12.00,1.463,17.388,B,#1,APPROACH,1.500A/B
24268,2026-06-03 19:38:18,24.9625,12.00,1.463,17.388,B,#1,APPROACH,1.657A/B
24269,2026-06-03 19:38:20,25.1125,12.00,1.463,17.388,B,#1,APPROACH,1.795A/B
24270,2026-06-03 19:38:21,25.2375,12.00,1.420,16.848,B,#1,APPROACH,1.762A/B
24271,2026-06-03 19:38:24,25.3875,12.00,1.420,16.848,B,#1,APPROACH,1.942A/B
24272,2026-06-03 19:38:25,25.5500,12.00,1.420,16.848,B,#1,APPROACH,2.013A/B
24273,2026-06-03 19:38:27,25.7000,12.00,1.420,16.848,B,#1,APPROACH,2.114A/B
24274,2026-06-03 19:38:29,25.8625,12.00,1.381,16.392,B,#1,APPROACH,2.194A/B
24275,2026-06-03 19:38:32,26.0625,12.00,1.381,16.392,B,#1,APPROACH,2.328A/B
24276,2026-06-03 19:38:33,26.2125,12.00,1.381,16.392,B,#1,APPROACH,2.000A/B
24277,2026-06-03 19:38:35,26.4125,12.00,1.381,16.392,B,#1,APPROACH,2.403A/B
24278,2026-06-03 19:38:37,26.6125,12.00,1.356,16.080,B,#1,APPROACH,2.000A/B
24279,2026-06-03 19:38:39,26.8125,12.00,1.356,16.080,B,#1,APPROACH,2.448A/B
24280,2026-06-03 19:38:41,26.9875,12.00,1.356,16.080,B,#1,APPROACH,1.000A/B
24281,2026-06-03 19:38:43,27.1875,9.61,1.356,16.080,B,#1,APPROACH,2.000A/B
24282,2026-06-03 19:38:44,27.4000,9.61,1.230,15.888,B,#1,APPROACH,1.000A/B
24283,2026-06-03 19:38:47,27.6250,9.61,1.230,15.888,B,#1,APPROACH,1.500A/B
24284,2026-06-03 19:38:48,27.8000,9.61,1.230,15.888,B,#1,APPROACH,1.500A/B
24285,2026-06-03 19:38:50,28.0250,12.00,1.230,15.888,B,#1,APPROACH,2.000A/B
24286,2026-06-03 19:38:52,28.2125,12.00,1.326,15.744,B,#1,APPROACH,2.000A/B
24287,2026-06-03 19:38:55,28.4375,12.00,1.326,15.744,B,#1,APPROACH,2.000A/B
24288,2026-06-03 19:38:56,28.6250,12.00,1.326,15.744,B,#1,HOLDING,2.387A/B
24289,2026-06-03 19:38:58,28.8750,12.00,1.326,15.744,OFF,#1,HOLDING,0.000A/OFF
24290,2026-06-03 19:38:59,28.8750,12.00,1.326,15.744,OFF,#1,HOLDING,0.000A/OFF
24291,2026-06-03 19:39:00,29.0625,12.00,1.319,15.744,OFF,#1,HOLDING,0.000A/OFF
24292,2026-06-03 19:39:01,29.0625,12.00,1.319,15.648,OFF,#1,HOLDING,0.000A/OFF
24293,2026-06-03 19:39:02,29.3125,12.00,1.319,15.648,OFF,#1,HOLDING,0.000A/OFF
24294,2026-06-03 19:39:03,29.3125,12.00,1.319,15.648,OFF,#1,HOLDING,0.000A/OFF
24295,2026-06-03 19:39:04,29.4875,12.00,1.319,15.648,OFF,#1,HOLDING,0.000A/OFF
24296,2026-06-03 19:39:05,29.4875,12.00,1.319,15.648,OFF,#1,HOLDING,0.000A/OFF
24297,2026-06-03 19:39:06,29.6875,12.00,0.000,15.648,OFF,#1,HOLDING,0.000A/OFF
24298,2026-06-03 19:39:07,29.6875,12.00,0.000,0.000,OFF,#1,HOLDING,0.000A/OFF
24299,2026-06-03 19:39:08,29.8625,12.00,0.000,0.000,OFF,#1,HOLDING,0.000A/OFF
24300,2026-06-03 19:39:09,30.0125,12.00,0.000,0.000,OFF,#1,HOLDING,0.000A/OFF
24301,2026-06-03 19:39:10,30.0125,12.00,0.000,0.000,OFF,#1,HOLDING,0.000A/OFF
24302,2026-06-03 19:39:11,30.1750,12.00,0.000,0.000,OFF,#1,HOLDING,0.000A/OFF
24303,2026-06-03 19:39:12,30.1750,12.00,0.000,0.000,OFF,#1,HOLDING,0.000A/OFF
24304,2026-06-03 19:39:13,30.3000,12.00,0.000,0.000,OFF,#1,HOLDING,0.000A/OFF
24305,2026-06-03 19:39:14,30.3000,12.00,0.000,0.000,OFF,#1,HOLDING,0.000A/OFF
24306,2026-06-03 19:39:15,30.3875,12.00,0.000,0.000,OFF,#1,HOLDING,0.000A/OFF
24307,2026-06-03 19:39:16,30.3875,12.00,0.000,0.000,OFF,#1,HOLDING,0.000A/OFF
24308,2026-06-03 19:39:17,30.4625,12.00,0.000,0.000,A,#1,HOLDING,0.118A/A
24309,2026-06-03 19:39:19,30.4625,12.00,0.000,0.000,A,#1,HOLDING,0.133A/A
24310,2026-06-03 19:39:21,30.5625,12.00,0.000,0.059,A,#1,HOLDING,0.235A/A
24311,2026-06-03 19:39:22,30.6250,12.00,0.000,0.059,A,#1,HOLDING,0.267A/A
24312,2026-06-03 19:39:24,30.6250,12.00,0.000,0.059,A,#1,HOLDING,0.303A/A
24313,2026-06-03 19:39:26,30.6500,2.06,0.000,0.059,A,#1,HOLDING,0.340A/A
24314,2026-06-03 19:39:27,30.6875,2.06,0.340,0.860,A,#1,HOLDING,0.382A/A
24315,2026-06-03 19:39:30,30.6875,2.06,0.340,0.860,A,#1,HOLDING,0.438A/A
24316,2026-06-03 19:39:31,30.6875,2.06,0.340,0.860,A,#1,HOLDING,0.474A/A
24317,2026-06-03 19:39:33,30.6625,3.68,0.340,0.860,A,#1,HOLDING,0.509A/A
24318,2026-06-03 19:39:35,30.6125,3.68,0.509,2.102,A,#1,HOLDING,0.543A/A
24319,2026-06-03 19:39:38,30.5375,3.68,0.509,2.102,A,#1,HOLDING,0.583A/A
24320,2026-06-03 19:39:39,30.4625,3.68,0.509,2.102,A,#1,HOLDING,0.556A/A
24321,2026-06-03 19:39:41,30.3625,4.58,0.509,2.102,A,#1,HOLDING,0.584A/A
24322,2026-06-03 19:39:43,30.2750,4.58,0.584,2.896,A,#1,HOLDING,0.610A/A
24323,2026-06-03 19:39:45,30.2000,4.58,0.584,2.896,A,#1,HOLDING,0.645A/A
24324,2026-06-03 19:39:47,30.0750,4.58,0.584,2.896,A,#1,HOLDING,0.660A/A
24325,2026-06-03 19:39:49,29.9250,5.61,0.584,2.896,A,#1,HOLDING,0.670A/A
24326,2026-06-03 19:39:50,29.8250,5.61,0.670,3.892,A,#1,HOLDING,0.678A/A
24327,2026-06-03 19:39:53,29.6750,5.61,0.670,3.892,A,#1,HOLDING,0.690A/A
24328,2026-06-03 19:39:54,29.5500,5.61,0.670,3.892,A,#1,HOLDING,0.692A/A
24329,2026-06-03 19:39:56,29.4250,6.01,0.670,3.892,A,#1,HOLDING,0.687A/A
24330,2026-06-03 19:39:58,29.2625,6.01,0.687,4.204,A,#1,HOLDING,0.673A/A
24331,2026-06-03 19:40:01,29.1125,6.01,0.687,4.204,A,#1,HOLDING,0.657A/A
24332,2026-06-03 19:40:02,28.9000,6.01,0.687,4.204,A,#1,HOLDING,0.626A/A
24333,2026-06-03 19:40:04,28.7500,5.64,0.687,4.204,A,#1,HOLDING,0.599A/A
24334,2026-06-03 19:40:06,28.5750,5.64,0.599,3.306,A,#1,HOLDING,0.558A/A
24335,2026-06-03 19:40:08,28.4250,5.64,0.599,3.306,A,#1,HOLDING,0.465A/A
24336,2026-06-03 19:40:10,28.2250,5.64,0.599,3.306,A,#1,HOLDING,0.406A/A
24337,2026-06-03 19:40:12,28.0250,3.93,0.599,3.306,A,#1,HOLDING,0.337A/A
24338,2026-06-03 19:40:14,27.8375,3.93,0.337,1.149,A,#1,HOLDING,0.259A/A
24339,2026-06-03 19:40:16,27.6875,3.93,0.337,1.149,A,#1,HOLDING,0.176A/A
24340,2026-06-03 19:40:18,27.5125,3.93,0.337,1.149,A,#1,HOLDING,0.103A/A
24341,2026-06-03 19:40:19,27.3375,3.93,0.337,1.149,OFF,#1,HOLDING,0.000A/OFF
24342,2026-06-03 19:40:20,27.1500,1.31,0.337,1.149,OFF,#1,HOLDING,0.000A/OFF
24343,2026-06-03 19:40:21,27.1500,1.31,0.103,1.149,OFF,#1,HOLDING,0.000A/OFF
24344,2026-06-03 19:40:22,27.0000,1.31,0.103,0.468,B,#1,HOLDING,0.163A/B
24345,2026-06-03 19:40:24,26.8500,1.31,0.103,0.468,B,#1,HOLDING,0.241A/B
24346,2026-06-03 19:40:26,26.8500,1.31,0.103,0.468,B,#1,HOLDING,0.322A/B
24347,2026-06-03 19:40:27,26.6750,2.68,0.103,0.468,B,#1,HOLDING,0.414A/B
24348,2026-06-03 19:40:29,26.5500,2.68,0.414,1.494,B,#1,HOLDING,0.525A/B
24349,2026-06-03 19:40:31,26.4000,2.68,0.414,1.494,B,#1,HOLDING,0.658A/B
24350,2026-06-03 19:40:33,26.2750,2.68,0.414,1.494,B,#1,HOLDING,0.764A/B
24351,2026-06-03 19:40:35,26.1750,6.46,0.414,1.494,B,#1,HOLDING,0.892A/B
24352,2026-06-03 19:40:37,26.0500,6.46,0.892,6.814,B,#1,HOLDING,1.000A/B
24353,2026-06-03 19:40:39,25.9500,6.46,0.892,6.814,B,#1,HOLDING,1.028A/B
24354,2026-06-03 19:40:41,25.9000,6.46,0.892,6.814,B,#1,HOLDING,1.145A/B
24355,2026-06-03 19:40:43,25.8500,9.39,0.892,6.814,B,#1,HOLDING,1.280A/B
24356,2026-06-03 19:40:44,25.7750,9.39,1.209,13.504,B,#1,HOLDING,1.421A/B
24357,2026-06-03 19:40:47,25.7500,9.39,1.209,13.504,B,#1,HOLDING,1.500A/B
24358,2026-06-03 19:40:48,25.7500,9.39,1.209,13.504,B,#1,HOLDING,1.500A/B
24359,2026-06-03 19:40:50,25.7500,12.00,1.209,13.504,B,#1,HOLDING,1.500A/B
24360,2026-06-03 19:40:52,25.7875,12.00,1.475,17.424,B,#1,HOLDING,1.592A/B
24361,2026-06-03 19:40:54,25.8375,12.00,1.475,17.424,B,#1,HOLDING,1.762A/B
24362,2026-06-03 19:40:56,25.9125,12.00,1.475,17.424,B,#1,HOLDING,1.500A/B
24363,2026-06-03 19:40:58,25.9875,12.00,1.475,17.424,B,#1,HOLDING,1.000A/B
24364,2026-06-03 19:41:00,26.1375,12.00,1.209,9.140,B,#1,HOLDING,1.000A/B
24365,2026-06-03 19:41:02,26.2375,12.00,1.209,9.140,B,#1,HOLDING,1.848A/B
24366,2026-06-03 19:41:04,26.3500,12.00,1.209,9.140,B,#1,HOLDING,1.940A/B
24367,2026-06-03 19:41:06,26.4500,12.00,1.209,9.140,B,#1,HOLDING,1.500A/B
24368,2026-06-03 19:41:07,26.6125,12.00,1.404,16.644,B,#1,HOLDING,1.500A/B
24369,2026-06-03 19:41:10,26.7625,12.00,1.404,16.644,B,#1,HOLDING,1.000A/B
24370,2026-06-03 19:41:11,26.9125,12.00,1.404,16.644,B,#1,HOLDING,1.000A/B
24371,2026-06-03 19:41:13,27.0125,9.40,1.404,16.644,B,#1,HOLDING,1.991A/B
24372,2026-06-03 19:41:15,27.1750,9.40,1.373,16.308,B,#1,HOLDING,2.064A/B
24373,2026-06-03 19:41:17,27.3750,9.40,1.373,16.308,B,#1,HOLDING,1.500A/B
24374,2026-06-03 19:41:19,27.5125,9.40,1.373,16.308,B,#1,HOLDING,2.145A/B
24375,2026-06-03 19:41:21,27.6875,12.00,1.373,16.308,B,#1,HOLDING,1.000A/B
24376,2026-06-03 19:41:23,27.8625,12.00,1.170,9.580,B,#1,HOLDING,1.500A/B
24377,2026-06-03 19:41:25,28.0125,12.00,1.170,9.580,B,#1,HOLDING,2.190A/B
24378,2026-06-03 19:41:27,28.1875,12.00,1.170,9.580,B,#1,HOLDING,2.221A/B
24379,2026-06-03 19:41:29,28.4125,12.00,1.170,9.580,B,#1,HOLDING,1.500A/B
24380,2026-06-03 19:41:30,28.5500,12.00,1.336,15.864,B,#1,HOLDING,1.500A/B
24381,2026-06-03 19:41:33,28.7250,12.00,1.336,15.864,B,#1,HOLDING,2.197A/B
24382,2026-06-03 19:41:34,28.9250,12.00,1.336,15.864,B,#1,HOLDING,1.000A/B
24383,2026-06-03 19:41:36,29.1250,9.70,1.336,15.864,B,#1,HOLDING,2.000A/B
24384,2026-06-03 19:41:38,29.2625,9.70,1.321,15.720,B,#2,APPROACH,2.211A/B
24385,2026-06-03 19:41:40,29.4375,9.70,1.321,15.720,A,#2,APPROACH,0.108A/A
24386,2026-06-03 19:41:43,29.5500,9.70,1.321,15.720,A,#2,APPROACH,0.178A/A
24387,2026-06-03 19:41:45,29.8875,9.70,1.321,15.720,A,#2,APPROACH,0.305A/A
24388,2026-06-03 19:41:47,30.0625,7.62,0.305,15.720,A,#2,APPROACH,0.423A/A
24389,2026-06-03 19:41:49,30.1750,7.62,0.305,1.171,A,#2,APPROACH,0.515A/A
24390,2026-06-03 19:41:50,30.3250,7.62,0.305,1.171,A,#2,APPROACH,0.588A/A
24391,2026-06-03 19:41:52,30.3250,7.62,0.305,1.171,A,#2,APPROACH,0.649A/A
24392,2026-06-03 19:41:54,30.4250,4.84,0.305,1.171,A,#2,APPROACH,0.749A/A
24393,2026-06-03 19:41:56,30.5000,4.84,0.738,4.419,A,#2,APPROACH,0.838A/A
24394,2026-06-03 19:41:58,30.6250,4.84,0.738,4.419,A,#2,APPROACH,0.986A/A
24395,2026-06-03 19:42:00,30.6250,4.84,0.738,4.419,A,#2,APPROACH,1.063A/A
24396,2026-06-03 19:42:01,30.6625,8.17,0.738,4.419,A,#2,APPROACH,1.160A/A
24397,2026-06-03 19:42:03,30.6875,8.17,1.160,10.521,A,#2,APPROACH,1.000A/A
24398,2026-06-03 19:42:06,30.6000,8.17,1.160,10.521,A,#2,APPROACH,1.247A/A
24399,2026-06-03 19:42:07,30.6000,8.17,1.160,10.521,A,#2,APPROACH,1.333A/A
24400,2026-06-03 19:42:09,30.5875,10.31,1.160,10.521,A,#2,APPROACH,1.426A/A
24401,2026-06-03 19:42:11,30.4875,10.31,1.426,15.985,A,#2,APPROACH,1.513A/A
24402,2026-06-03 19:42:13,30.3000,10.31,1.426,15.985,A,#2,APPROACH,1.601A/A
24403,2026-06-03 19:42:15,30.3000,10.31,1.426,15.985,A,#2,APPROACH,1.500A/A
24404,2026-06-03 19:42:17,30.1375,11.75,1.426,15.985,A,#2,APPROACH,1.500A/A
24405,2026-06-03 19:42:19,29.9625,11.75,1.500,17.970,A,#2,APPROACH,1.656A/A
24406,2026-06-03 19:42:21,29.6750,11.75,1.500,17.970,A,#2,APPROACH,1.000A/A
24407,2026-06-03 19:42:23,29.6750,11.75,1.500,17.970,A,#2,APPROACH,1.723A/A
24408,2026-06-03 19:42:24,29.5000,12.00,1.500,17.970,A,#2,APPROACH,1.770A/A
24409,2026-06-03 19:42:26,29.2750,12.00,1.489,17.688,A,#2,APPROACH,1.805A/A
24410,2026-06-03 19:42:29,28.8625,12.00,1.489,17.688,A,#2,HOLDING,1.751A/A
24411,2026-06-03 19:42:30,28.8625,12.00,1.489,17.688,OFF,#2,HOLDING,0.000A/OFF
24412,2026-06-03 19:42:31,28.6625,12.00,1.489,17.688,OFF,#2,HOLDING,0.000A/OFF
24413,2026-06-03 19:42:32,28.6625,12.00,1.489,17.688,OFF,#2,HOLDING,0.000A/OFF
24414,2026-06-03 19:42:33,28.3875,12.00,0.000,17.688,OFF,#2,HOLDING,0.000A/OFF
24415,2026-06-03 19:42:34,28.3875,12.00,0.000,0.000,OFF,#2,HOLDING,0.000A/OFF
24416,2026-06-03 19:42:35,28.1625,12.00,0.000,0.000,OFF,#2,HOLDING,0.000A/OFF
24417,2026-06-03 19:42:36,27.9375,12.00,0.000,0.000,OFF,#2,HOLDING,0.000A/OFF
24418,2026-06-03 19:42:37,27.9375,12.00,0.000,0.000,OFF,#2,HOLDING,0.000A/OFF
24419,2026-06-03 19:42:38,27.7000,12.00,0.000,0.000,OFF,#2,HOLDING,0.000A/OFF
24420,2026-06-03 19:42:39,27.7000,12.00,0.000,0.000,OFF,#2,HOLDING,0.000A/OFF
24421,2026-06-03 19:42:40,27.5000,12.00,0.000,0.000,OFF,#2,HOLDING,0.000A/OFF
24422,2026-06-03 19:42:41,27.5000,12.00,0.000,0.000,OFF,#2,HOLDING,0.000A/OFF
24423,2026-06-03 19:42:42,27.3250,12.00,0.000,0.000,OFF,#2,HOLDING,0.000A/OFF
24424,2026-06-03 19:42:43,27.3250,12.00,0.000,0.000,OFF,#2,HOLDING,0.000A/OFF
24425,2026-06-03 19:42:44,27.1750,12.00,0.000,0.000,OFF,#2,HOLDING,0.000A/OFF
24426,2026-06-03 19:42:45,27.1750,12.00,0.000,0.000,OFF,#2,HOLDING,0.000A/OFF
24427,2026-06-03 19:42:46,27.0125,12.00,0.000,0.000,OFF,#2,HOLDING,0.000A/OFF
24428,2026-06-03 19:42:47,27.0125,12.00,0.000,0.000,OFF,#2,HOLDING,0.000A/OFF
24429,2026-06-03 19:42:48,26.8375,12.00,0.000,0.000,B,#2,HOLDING,0.169A/B
24430,2026-06-03 19:42:50,26.7125,12.00,0.000,0.000,B,#2,HOLDING,0.205A/B
24431,2026-06-03 19:42:52,26.5875,1.74,0.000,0.000,B,#2,HOLDING,0.270A/B
24432,2026-06-03 19:42:54,26.5875,1.74,0.270,0.653,B,#2,HOLDING,0.287A/B
24433,2026-06-03 19:42:56,26.3625,1.74,0.270,0.653,B,#2,HOLDING,0.368A/B
24434,2026-06-03 19:42:58,26.2375,1.74,0.270,0.653,B,#2,HOLDING,0.429A/B
24435,2026-06-03 19:43:00,26.1375,3.81,0.270,0.653,B,#2,HOLDING,0.509A/B
24436,2026-06-03 19:43:01,26.1375,3.81,0.509,2.361,B,#2,HOLDING,0.555A/B
24437,2026-06-03 19:43:04,25.9875,3.81,0.509,2.361,B,#2,HOLDING,0.653A/B
24438,2026-06-03 19:43:05,25.9250,3.81,0.509,2.361,B,#2,HOLDING,0.718A/B
24439,2026-06-03 19:43:07,25.8500,6.23,0.509,2.361,B,#2,HOLDING,0.802A/B
24440,2026-06-03 19:43:09,25.8375,6.23,0.788,5.686,B,#2,HOLDING,0.871A/B
24441,2026-06-03 19:43:12,25.8125,6.23,0.788,5.686,B,#2,HOLDING,0.967A/B
24442,2026-06-03 19:43:13,25.7500,6.23,0.788,5.686,B,#2,HOLDING,1.043A/B
24443,2026-06-03 19:43:15,25.7500,8.83,0.788,5.686,B,#2,HOLDING,1.117A/B
24444,2026-06-03 19:43:17,25.7500,8.83,1.079,10.656,B,#2,HOLDING,1.197A/B
24445,2026-06-03 19:43:19,25.8000,8.83,1.079,10.656,B,#2,HOLDING,1.286A/B
24446,2026-06-03 19:43:21,25.8125,8.83,1.079,10.656,B,#2,HOLDING,1.353A/B
24447,2026-06-03 19:43:23,25.8375,11.13,1.079,10.656,B,#2,HOLDING,1.420A/B
24448,2026-06-03 19:43:25,25.9125,11.13,1.385,16.741,B,#2,HOLDING,1.000A/B
24449,2026-06-03 19:43:27,25.9625,11.13,1.385,16.741,B,#2,HOLDING,1.482A/B
24450,2026-06-03 19:43:29,26.0375,11.13,1.385,16.741,B,#2,HOLDING,1.533A/B
24451,2026-06-03 19:43:30,26.1375,12.00,1.385,16.741,B,#2,HOLDING,1.000A/B
24452,2026-06-03 19:43:32,26.2625,12.00,1.213,9.080,B,#2,HOLDING,1.573A/B
24453,2026-06-03 19:43:35,26.3375,12.00,1.213,9.080,B,#2,HOLDING,1.500A/B
24454,2026-06-03 19:43:36,26.4750,12.00,1.213,9.080,B,#2,HOLDING,1.630A/B
24455,2026-06-03 19:43:38,26.5750,12.00,1.213,9.080,B,#2,HOLDING,1.676A/B
24456,2026-06-03 19:43:40,26.7375,12.00,1.405,16.644,B,#2,HOLDING,1.500A/B
24457,2026-06-03 19:43:42,26.8875,12.00,1.405,16.644,B,#2,HOLDING,1.500A/B
24458,2026-06-03 19:43:44,26.9875,12.00,1.405,16.644,B,#2,HOLDING,1.500A/B
24459,2026-06-03 19:43:46,27.1875,12.00,1.405,16.644,B,#2,HOLDING,1.643A/B
24460,2026-06-03 19:43:48,27.3625,12.00,1.375,16.296,B,#2,HOLDING,1.658A/B
24461,2026-06-03 19:43:50,27.5125,12.00,1.375,16.296,B,#2,HOLDING,1.677A/B
24462,2026-06-03 19:43:52,27.6875,12.00,1.375,16.296,B,#2,HOLDING,1.684A/B
24463,2026-06-03 19:43:53,27.8875,12.00,1.375,16.296,B,#2,HOLDING,1.683A/B
24464,2026-06-03 19:43:55,28.0625,12.00,1.351,16.020,B,#2,HOLDING,1.500A/B
24465,2026-06-03 19:43:58,28.2625,12.00,1.351,16.020,B,#2,HOLDING,1.000A/B
24466,2026-06-03 19:43:59,28.4500,12.00,1.351,16.020,B,#2,HOLDING,1.500A/B
24467,2026-06-03 19:44:01,28.6250,12.00,1.351,16.020,B,#2,HOLDING,1.000A/B
24468,2026-06-03 19:44:03,28.8375,12.00,1.166,9.720,B,#2,HOLDING,1.500A/B
24469,2026-06-03 19:44:05,29.0625,12.00,1.166,9.720,B,#2,HOLDING,1.000A/B
24470,2026-06-03 19:44:07,29.1875,12.00,1.166,9.720,B,#2,HOLDING,1.606A/B
24471,2026-06-03 19:44:09,29.4125,12.00,1.166,9.720,B,#2,HOLDING,1.536A/B
24472,2026-06-03 19:44:11,29.6125,12.00,1.322,15.696,B,#2,HOLDING,1.000A/B
24473,2026-06-03 19:44:13,29.7875,12.00,1.322,15.696,B,#2,HOLDING,1.451A/B
24474,2026-06-03 19:44:15,29.9875,12.00,1.322,15.696,B,#2,HOLDING,1.000A/B
24475,2026-06-03 19:44:17,30.1625,9.77,1.322,15.696,B,#2,HOLDING,1.366A/B
24476,2026-06-03 19:44:18,30.3625,9.77,1.310,15.588,B,#2,HOLDING,1.257A/B
24477,2026-06-03 19:44:21,30.5625,9.77,1.310,15.588,B,#2,HOLDING,1.128A/B
24478,2026-06-03 19:44:22,30.7250,9.77,1.310,15.588,B,#2,HOLDING,1.027A/B
24479,2026-06-03 19:44:24,30.8750,10.00,1.310,15.588,B,#2,HOLDING,0.913A/B
24480,2026-06-03 19:44:26,31.0750,10.00,0.913,8.463,B,#2,HOLDING,0.823A/B
24481,2026-06-03 19:44:28,31.2250,10.00,0.913,8.463,B,#2,HOLDING,0.660A/B
24482,2026-06-03 19:44:30,31.4000,10.00,0.913,8.463,B,#2,HOLDING,0.536A/B
24483,2026-06-03 19:44:32,31.5750,6.33,0.913,8.463,B,#2,HOLDING,0.393A/B
24484,2026-06-03 19:44:34,31.7250,6.33,0.393,2.020,B,#2,HOLDING,0.243A/B
24485,2026-06-03 19:44:36,31.8750,6.33,0.393,2.020,OFF,#2,HOLDING,0.000A/OFF
24486,2026-06-03 19:44:37,31.8750,6.33,0.393,2.020,OFF,#2,HOLDING,0.000A/OFF
24487,2026-06-03 19:44:38,32.0125,6.33,0.393,2.020,A,#2,HOLDING,0.119A/A
24488,2026-06-03 19:44:40,32.1625,12.00,0.058,2.020,A,#2,HOLDING,0.296A/A
24489,2026-06-03 19:44:42,32.2625,12.00,0.058,0.435,A,#2,HOLDING,0.467A/A
24490,2026-06-03 19:44:44,32.3625,12.00,0.058,0.435,A,#2,HOLDING,0.610A/A
24491,2026-06-03 19:44:45,32.4125,12.00,0.058,0.435,A,#2,HOLDING,0.754A/A
24492,2026-06-03 19:44:47,32.4625,5.52,0.058,0.435,A,#2,HOLDING,0.924A/A
24493,2026-06-03 19:44:49,32.4625,5.52,0.836,6.578,A,#2,HOLDING,1.088A/A
24494,2026-06-03 19:44:51,32.5000,5.52,0.836,6.578,A,#2,HOLDING,1.000A/A
24495,2026-06-03 19:44:53,32.4375,5.52,0.836,6.578,A,#2,HOLDING,1.299A/A
24496,2026-06-03 19:44:55,32.4125,9.82,0.836,6.578,A,#2,HOLDING,1.464A/A
24497,2026-06-03 19:44:57,32.3375,9.82,1.387,16.382,A,#2,HOLDING,1.620A/A
24498,2026-06-03 19:44:59,32.2875,9.82,1.387,16.382,A,#2,HOLDING,1.826A/A
24499,2026-06-03 19:45:01,32.2000,9.82,1.387,16.382,A,#2,HOLDING,1.957A/A
24500,2026-06-03 19:45:02,32.0500,12.00,1.387,16.382,A,#2,HOLDING,2.000A/A
24501,2026-06-03 19:45:04,31.9500,12.00,1.554,18.408,A,#2,HOLDING,2.096A/A
24502,2026-06-03 19:45:07,31.7750,12.00,1.554,18.408,A,#2,HOLDING,2.269A/A
24503,2026-06-03 19:45:08,31.6000,12.00,1.554,18.408,A,#2,HOLDING,1.000A/A
24504,2026-06-03 19:45:10,31.3750,8.41,1.554,18.408,A,#2,HOLDING,2.000A/A
24505,2026-06-03 19:45:12,31.2000,8.41,1.512,17.940,A,#2,HOLDING,1.000A/A
24506,2026-06-03 19:45:14,31.0000,8.41,1.512,17.940,A,#2,HOLDING,1.000A/A
24507,2026-06-03 19:45:16,30.7875,8.41,1.512,17.940,A,#2,HOLDING,2.000A/A
24508,2026-06-03 19:45:18,30.5375,12.00,1.512,17.940,A,#2,HOLDING,1.500A/A
24509,2026-06-03 19:45:20,30.3125,12.00,1.490,17.724,A,#2,HOLDING,1.500A/A
24510,2026-06-03 19:45:22,30.0625,12.00,1.490,17.724,A,#2,HOLDING,2.245A/A
24511,2026-06-03 19:45:24,29.8250,12.00,1.490,17.724,A,#2,HOLDING,2.293A/A
24512,2026-06-03 19:45:25,29.5750,12.00,1.490,17.724,A,#2,HOLDING,2.341A/A
24513,2026-06-03 19:45:27,29.3125,12.00,1.467,17.448,A,#2,HOLDING,1.500A/A
24514,2026-06-03 19:45:30,29.0375,12.00,1.467,17.448,A,#2,HOLDING,2.369A/A
24515,2026-06-03 19:45:31,28.7750,12.00,1.467,17.448,A,#2,HOLDING,1.500A/A
24516,2026-06-03 19:45:33,28.5000,12.00,1.467,17.448,A,#2,HOLDING,2.337A/A
24517,2026-06-03 19:45:35,28.2500,12.00,1.449,17.244,A,#2,HOLDING,1.000A/A
24518,2026-06-03 19:45:37,27.9750,12.00,1.449,17.244,A,#2,HOLDING,1.500A/A
24519,2026-06-03 19:45:39,27.6875,12.00,1.449,17.244,A,#2,HOLDING,2.352A/A
24520,2026-06-03 19:45:41,27.4125,12.00,1.449,17.244,A,#2,HOLDING,2.000A/A
24521,2026-06-03 19:45:43,27.1375,12.00,1.439,17.148,A,#2,HOLDING,2.000A/A
24522,2026-06-03 19:45:45,26.8875,12.00,1.439,17.148,A,#2,HOLDING,2.283A/A
24523,2026-06-03 19:45:47,26.6250,12.00,1.439,17.148,A,#2,HOLDING,2.000A/A
24524,2026-06-03 19:45:48,26.3500,12.00,1.439,17.148,A,#2,HOLDING,1.500A/A
24525,2026-06-03 19:45:50,26.1000,12.00,1.429,17.040,A,#2,HOLDING,2.190A/A
24526,2026-06-03 19:45:53,25.8750,12.00,1.429,17.040,A,#2,HOLDING,2.094A/A
24527,2026-06-03 19:45:54,25.6000,12.00,1.429,17.040,A,#2,HOLDING,1.500A/A
24528,2026-06-03 19:45:56,25.3250,12.00,1.429,17.040,A,#2,HOLDING,1.000A/A
24529,2026-06-03 19:45:58,25.0750,12.00,1.000,9.230,A,#2,HOLDING,1.500A/A
24530,2026-06-03 19:46:00,24.8250,12.00,1.000,9.230,A,#2,HOLDING,1.000A/A
24531,2026-06-03 19:46:02,24.6000,12.00,1.000,9.230,A,#2,HOLDING,2.005A/A
24532,2026-06-03 19:46:04,24.3250,12.00,1.000,9.230,A,#2,HOLDING,1.857A/A
24533,2026-06-03 19:46:06,24.1375,12.00,1.424,16.956,A,#2,HOLDING,1.710A/A
24534,2026-06-03 19:46:08,23.8875,12.00,1.424,16.956,A,#2,HOLDING,1.509A/A
24535,2026-06-03 19:46:10,23.6875,12.00,1.424,16.956,A,#2,HOLDING,1.364A/A
24536,2026-06-03 19:46:12,23.4375,11.56,1.424,16.956,A,#2,HOLDING,1.000A/A
24537,2026-06-03 19:46:13,23.2000,11.56,1.183,9.280,A,#2,HOLDING,1.169A/A
24538,2026-06-03 19:46:16,22.9750,11.56,1.183,9.280,A,#2,HOLDING,0.926A/A
24539,2026-06-03 19:46:17,22.7875,11.56,1.183,9.280,A,#2,HOLDING,0.756A/A
24540,2026-06-03 19:46:19,22.5625,7.45,1.183,9.280,A,#2,HOLDING,0.546A/A
24541,2026-06-03 19:46:21,22.5625,7.45,0.650,3.215,A,#2,HOLDING,0.356A/A
24542,2026-06-03 19:46:23,22.1875,7.45,0.650,3.215,OFF,#2,HOLDING,0.000A/OFF
24543,2026-06-03 19:46:24,22.1875,7.45,0.650,3.215,OFF,#2,HOLDING,0.000A/OFF
24544,2026-06-03 19:46:25,21.9875,7.45,0.650,3.215,B,#2,HOLDING,0.187A/B
24545,2026-06-03 19:46:27,21.8125,12.00,0.000,3.215,B,#2,HOLDING,0.429A/B
24546,2026-06-03 19:46:29,21.6625,12.00,0.000,1.201,B,#2,HOLDING,0.671A/B
24547,2026-06-03 19:46:31,21.5375,12.00,0.000,1.201,B,#2,HOLDING,0.872A/B
24548,2026-06-03 19:46:32,21.5375,12.00,0.000,1.201,B,#2,HOLDING,1.072A/B
24549,2026-06-03 19:46:34,21.4250,7.86,0.000,1.201,B,#2,HOLDING,1.315A/B
24550,2026-06-03 19:46:36,21.3000,7.86,1.288,13.071,B,#2,HOLDING,1.565A/B
24551,2026-06-03 19:46:39,21.1875,7.86,1.288,13.071,B,#2,HOLDING,1.893A/B
24552,2026-06-03 19:46:40,21.1875,7.86,1.288,13.071,B,#2,HOLDING,1.500A/B
24553,2026-06-03 19:46:42,21.1500,11.24,1.288,13.071,B,#2,HOLDING,2.102A/B
24554,2026-06-03 19:46:44,21.1500,11.24,1.584,18.780,B,#2,HOLDING,1.000A/B
24555,2026-06-03 19:46:46,21.3000,11.24,1.584,18.780,B,#2,HOLDING,2.000A/B
24556,2026-06-03 19:46:48,21.3000,11.24,1.584,18.780,B,#2,HOLDING,2.000A/B
24557,2026-06-03 19:46:50,21.3625,12.00,1.584,18.780,B,#2,HOLDING,1.000A/B
24558,2026-06-03 19:46:51,21.4625,12.00,1.026,8.560,B,#2,HOLDING,2.327A/B
24559,2026-06-03 19:46:54,21.7625,12.00,1.026,8.560,B,#2,HOLDING,2.500A/B
24560,2026-06-03 19:46:55,21.7625,12.00,1.026,8.560,B,#2,HOLDING,1.500A/B
24561,2026-06-03 19:46:57,21.9250,12.00,1.026,8.560,B,#2,HOLDING,1.000A/B
24562,2026-06-03 19:46:59,22.1000,12.00,1.011,8.860,B,#2,HOLDING,1.000A/B
24563,2026-06-03 19:47:02,22.4750,12.00,1.011,8.860,B,#2,HOLDING,1.000A/B
24564,2026-06-03 19:47:03,22.4750,12.00,1.011,8.860,B,#2,HOLDING,2.556A/B
24565,2026-06-03 19:47:05,22.6750,12.00,1.011,8.860,B,#2,HOLDING,1.500A/B
24566,2026-06-03 19:47:07,22.9000,12.00,1.445,17.136,B,#2,HOLDING,1.000A/B
24567,2026-06-03 19:47:09,23.3250,12.00,1.445,17.136,B,#2,HOLDING,2.500A/B
24568,2026-06-03 19:47:11,23.3250,12.00,1.445,17.136,B,#2,HOLDING,1.000A/B
24569,2026-06-03 19:47:13,23.5250,9.15,1.445,17.136,B,#2,HOLDING,2.697A/B
24570,2026-06-03 19:47:15,23.7750,9.15,1.412,16.776,B,#2,HOLDING,1.500A/B
24571,2026-06-03 19:47:17,24.2500,9.15,1.412,16.776,B,#2,HOLDING,1.000A/B
24572,2026-06-03 19:47:19,24.2500,9.15,1.412,16.776,B,#2,HOLDING,1.000A/B
24573,2026-06-03 19:47:20,24.4375,9.32,1.412,16.776,B,#2,HOLDING,2.803A/B
24574,2026-06-03 19:47:22,24.6875,9.32,1.386,16.464,B,#2,HOLDING,1.500A/B
24575,2026-06-03 19:47:25,25.1750,9.32,1.386,16.464,B,#2,HOLDING,2.814A/B
24576,2026-06-03 19:47:26,25.1750,9.32,1.386,16.464,B,#2,HOLDING,2.500A/B
24577,2026-06-03 19:47:28,25.4250,12.00,1.386,16.464,B,#2,HOLDING,2.909A/B
24578,2026-06-03 19:47:30,25.6750,12.00,1.362,16.176,B,#2,HOLDING,1.000A/B
24579,2026-06-03 19:47:32,26.1750,12.00,1.362,16.176,B,#2,HOLDING,1.000A/B
24580,2026-06-03 19:47:34,26.1750,12.00,1.362,16.176,B,#2,HOLDING,2.957A/B
24581,2026-06-03 19:47:36,26.4125,12.00,1.362,16.176,B,#2,HOLDING,2.000A/B
24582,2026-06-03 19:47:38,26.6875,12.00,1.345,15.984,B,#2,HOLDING,1.500A/B
24583,2026-06-03 19:47:40,27.1875,12.00,1.345,15.984,B,#2,HOLDING,2.500A/B
24584,2026-06-03 19:47:42,27.1875,12.00,1.345,15.984,B,#2,HOLDING,2.000A/B
24585,2026-06-03 19:47:43,27.4125,12.00,1.345,15.984,B,#2,HOLDING,2.500A/B
24586,2026-06-03 19:47:45,27.6875,12.00,1.328,15.780,B,#3,APPROACH,2.500A/B
24587,2026-06-03 19:47:48,28.1750,12.00,1.328,15.780,A,#3,APPROACH,0.195A/A
24588,2026-06-03 19:47:50,28.4000,12.00,1.328,15.780,A,#3,APPROACH,0.286A/A
24589,2026-06-03 19:47:52,28.6750,12.00,1.328,15.780,A,#3,APPROACH,0.405A/A
24590,2026-06-03 19:47:54,28.8750,3.78,0.405,15.780,A,#3,APPROACH,0.547A/A
24591,2026-06-03 19:47:56,29.1250,3.78,0.405,2.051,A,#3,APPROACH,0.694A/A
24592,2026-06-03 19:47:58,29.3000,3.78,0.405,2.051,A,#3,APPROACH,0.832A/A
24593,2026-06-03 19:47:59,29.4500,3.78,0.405,2.051,A,#3,APPROACH,0.975A/A
24594,2026-06-03 19:48:01,29.4500,7.24,0.405,2.051,A,#3,APPROACH,1.124A/A
24595,2026-06-03 19:48:03,29.7125,7.24,1.085,9.621,A,#3,APPROACH,1.000A/A
24596,2026-06-03 19:48:05,29.8250,7.24,1.085,9.621,A,#3,APPROACH,1.310A/A
24597,2026-06-03 19:48:07,29.8750,7.24,1.085,9.621,A,#3,APPROACH,1.465A/A
24598,2026-06-03 19:48:09,29.8750,10.81,1.085,9.621,A,#3,APPROACH,1.000A/A
24599,2026-06-03 19:48:11,29.9375,10.81,1.050,8.020,A,#3,APPROACH,1.500A/A
24600,2026-06-03 19:48:13,29.9375,10.81,1.050,8.020,A,#3,APPROACH,1.500A/A
24601,2026-06-03 19:48:15,29.9125,10.81,1.050,8.020,A,#3,APPROACH,1.500A/A
24602,2026-06-03 19:48:16,29.9125,11.46,1.050,8.020,A,#3,APPROACH,1.624A/A
24603,2026-06-03 19:48:18,29.7875,11.46,1.546,18.372,A,#3,APPROACH,1.783A/A
24604,2026-06-03 19:48:21,29.7000,11.46,1.546,18.372,A,#3,APPROACH,1.990A/A
24605,2026-06-03 19:48:22,29.5500,11.46,1.546,18.372,A,#3,APPROACH,2.000A/A
24606,2026-06-03 19:48:24,29.5500,12.00,1.546,18.372,A,#3,APPROACH,2.120A/A
24607,2026-06-03 19:48:26,29.2750,12.00,1.509,17.892,A,#3,APPROACH,2.249A/A
24608,2026-06-03 19:48:28,29.0875,12.00,1.509,17.892,A,#3,APPROACH,2.427A/A
24609,2026-06-03 19:48:30,28.9375,12.00,1.509,17.892,A,#3,APPROACH,2.000A/A
24610,2026-06-03 19:48:32,28.9375,12.00,1.509,17.892,A,#3,APPROACH,2.000A/A
24611,2026-06-03 19:48:34,28.5000,12.00,1.476,17.520,A,#3,APPROACH,2.500A/A
24612,2026-06-03 19:48:36,28.3125,12.00,1.476,17.520,A,#3,APPROACH,2.500A/A
24613,2026-06-03 19:48:38,28.0625,12.00,1.476,17.520,A,#3,APPROACH,2.414A/A
24614,2026-06-03 19:48:39,27.8500,12.00,1.476,17.520,A,#3,APPROACH,1.500A/A
24615,2026-06-03 19:48:41,27.6250,12.00,1.451,17.280,A,#3,APPROACH,1.000A/A
24616,2026-06-03 19:48:44,27.3875,12.00,1.451,17.280,A,#3,APPROACH,1.000A/A
24617,2026-06-03 19:48:45,27.1625,12.00,1.451,17.280,A,#3,APPROACH,2.494A/A
24618,2026-06-03 19:48:47,26.9125,12.00,1.451,17.280,A,#3,APPROACH,1.500A/A
24619,2026-06-03 19:48:49,26.6875,12.00,1.437,17.124,A,#3,APPROACH,1.000A/A
24620,2026-06-03 19:48:51,26.4875,12.00,1.437,17.124,A,#3,APPROACH,1.500A/A
24621,2026-06-03 19:48:53,26.2625,12.00,1.437,17.124,A,#3,APPROACH,2.500A/A
24622,2026-06-03 19:48:55,26.0375,12.00,1.437,17.124,A,#3,HOLDING,2.469A/A
24623,2026-06-03 19:48:57,25.7875,12.00,1.427,17.124,OFF,#3,HOLDING,0.000A/OFF
24624,2026-06-03 19:48:58,25.7875,12.00,1.427,17.016,OFF,#3,HOLDING,0.000A/OFF
24625,2026-06-03 19:48:59,25.5500,12.00,1.427,17.016,OFF,#3,HOLDING,0.000A/OFF
24626,2026-06-03 19:49:00,25.5500,12.00,1.427,17.016,OFF,#3,HOLDING,0.000A/OFF
24627,2026-06-03 19:49:01,25.3250,12.00,1.427,17.016,OFF,#3,HOLDING,0.000A/OFF
24628,2026-06-03 19:49:02,25.3250,12.00,1.427,17.016,OFF,#3,HOLDING,0.000A/OFF
24629,2026-06-03 19:49:03,25.1000,12.00,1.427,17.016,OFF,#3,HOLDING,0.000A/OFF
24630,2026-06-03 19:49:04,25.1000,12.00,0.000,17.016,OFF,#3,HOLDING,0.000A/OFF
24631,2026-06-03 19:49:05,24.8750,12.00,0.000,0.000,OFF,#3,HOLDING,0.000A/OFF
24632,2026-06-03 19:49:06,24.8750,12.00,0.000,0.000,OFF,#3,HOLDING,0.000A/OFF
24633,2026-06-03 19:49:07,24.7000,12.00,0.000,0.000,OFF,#3,HOLDING,0.000A/OFF
24634,2026-06-03 19:49:08,24.7000,12.00,0.000,0.000,OFF,#3,HOLDING,0.000A/OFF
24635,2026-06-03 19:49:09,24.5250,12.00,0.000,0.000,OFF,#3,HOLDING,0.000A/OFF
24636,2026-06-03 19:49:10,24.5250,12.00,0.000,0.000,OFF,#3,HOLDING,0.000A/OFF
24637,2026-06-03 19:49:11,24.3875,12.00,0.000,0.000,OFF,#3,HOLDING,0.000A/OFF
24638,2026-06-03 19:49:12,24.3875,12.00,0.000,0.000,OFF,#3,HOLDING,0.000A/OFF
24639,2026-06-03 19:49:13,24.2375,12.00,0.000,0.000,B,#3,HOLDING,0.115A/B
24640,2026-06-03 19:49:15,24.1125,12.00,0.000,0.000,B,#3,HOLDING,0.201A/B
24641,2026-06-03 19:49:16,23.9875,6.62,0.201,0.000,B,#3,HOLDING,0.261A/B
24642,2026-06-03 19:49:18,23.9000,6.62,0.201,0.548,B,#3,HOLDING,0.295A/B
24643,2026-06-03 19:49:20,23.8000,6.62,0.201,0.548,B,#3,HOLDING,0.345A/B
24644,2026-06-03 19:49:22,23.8000,6.62,0.201,0.548,B,#3,HOLDING,0.375A/B
24645,2026-06-03 19:49:23,23.7500,3.14,0.201,0.548,B,#3,HOLDING,0.428A/B
24646,2026-06-03 19:49:25,23.7000,3.14,0.428,1.587,B,#3,HOLDING,0.480A/B
24647,2026-06-03 19:49:28,23.6250,3.14,0.428,1.587,B,#3,HOLDING,0.565A/B
24648,2026-06-03 19:49:29,23.6250,3.14,0.428,1.587,B,#3,HOLDING,0.611A/B
24649,2026-06-03 19:49:31,23.5875,5.16,0.428,1.587,B,#3,HOLDING,0.671A/B
24650,2026-06-03 19:49:33,23.5625,5.16,0.671,3.905,B,#3,HOLDING,0.729A/B
24651,2026-06-03 19:49:35,23.5625,5.16,0.671,3.905,B,#3,HOLDING,0.807A/B
24652,2026-06-03 19:49:37,23.5625,5.16,0.671,3.905,B,#3,HOLDING,0.857A/B
24653,2026-06-03 19:49:39,23.5750,7.21,0.671,3.905,B,#3,HOLDING,0.914A/B
24654,2026-06-03 19:49:41,23.6250,7.21,0.914,7.156,B,#3,HOLDING,0.964A/B
24655,2026-06-03 19:49:43,23.6875,7.21,0.914,7.156,B,#3,HOLDING,1.028A/B
24656,2026-06-03 19:49:45,23.6875,7.21,0.914,7.156,B,#3,HOLDING,1.078A/B
24657,2026-06-03 19:49:46,23.7500,9.03,0.914,7.156,B,#3,HOLDING,1.129A/B
24658,2026-06-03 19:49:48,23.8250,9.03,1.129,10.770,B,#3,HOLDING,1.175A/B
24659,2026-06-03 19:49:51,23.9875,9.03,1.129,10.770,B,#3,HOLDING,1.212A/B
24660,2026-06-03 19:49:52,23.9875,9.03,1.129,10.770,B,#3,HOLDING,1.259A/B
24661,2026-06-03 19:49:54,24.1000,10.46,1.129,10.770,B,#3,HOLDING,1.291A/B
24662,2026-06-03 19:49:56,24.2000,10.46,1.291,14.071,B,#3,HOLDING,1.324A/B
24663,2026-06-03 19:49:58,24.4500,10.46,1.291,14.071,B,#3,HOLDING,1.289A/B
24664,2026-06-03 19:50:00,24.4500,10.46,1.291,14.071,B,#3,HOLDING,1.323A/B
24665,2026-06-03 19:50:02,24.5750,11.14,1.291,14.071,B,#3,HOLDING,1.344A/B
24666,2026-06-03 19:50:04,24.7250,11.14,1.344,15.482,B,#3,HOLDING,1.365A/B
24667,2026-06-03 19:50:06,25.0375,11.14,1.344,15.482,B,#3,HOLDING,1.351A/B
24668,2026-06-03 19:50:08,25.0375,11.14,1.344,15.482,B,#3,HOLDING,1.000A/B
24669,2026-06-03 19:50:10,25.1875,9.16,1.344,15.482,B,#3,HOLDING,1.368A/B
24670,2026-06-03 19:50:11,25.3875,9.16,1.368,16.238,B,#3,HOLDING,1.000A/B
24671,2026-06-03 19:50:14,25.7625,9.16,1.368,16.238,B,#3,HOLDING,1.335A/B
24672,2026-06-03 19:50:15,25.7625,9.16,1.368,16.238,B,#3,HOLDING,1.000A/B
24673,2026-06-03 19:50:17,25.9625,9.29,1.368,16.238,B,#3,HOLDING,1.330A/B
24674,2026-06-03 19:50:19,26.1375,9.29,1.330,15.627,B,#3,HOLDING,1.305A/B
24675,2026-06-03 19:50:21,26.5375,9.29,1.330,15.627,B,#3,HOLDING,1.141A/B
24676,2026-06-03 19:50:23,26.5375,9.29,1.330,15.627,B,#3,HOLDING,1.000A/B
24677,2026-06-03 19:50:25,26.7125,9.42,1.330,15.627,B,#3,HOLDING,1.000A/B
24678,2026-06-03 19:50:27,26.9375,9.42,1.000,9.560,B,#3,HOLDING,1.106A/B
24679,2026-06-03 19:50:29,27.3125,9.42,1.000,9.560,B,#3,HOLDING,0.951A/B
24680,2026-06-03 19:50:31,27.3125,9.42,1.000,9.560,B,#3,HOLDING,0.901A/B
24681,2026-06-03 19:50:33,27.4875,8.78,1.000,9.560,B,#3,HOLDING,0.814A/B
24682,2026-06-03 19:50:34,27.6875,8.78,0.814,6.682,B,#3,HOLDING,0.718A/B
24683,2026-06-03 19:50:37,28.0625,8.78,0.814,6.682,B,#3,HOLDING,0.528A/B
24684,2026-06-03 19:50:38,28.0625,8.78,0.814,6.682,B,#3,HOLDING,0.452A/B
24685,2026-06-03 19:50:40,28.2625,5.31,0.814,6.682,B,#3,HOLDING,0.373A/B
24686,2026-06-03 19:50:42,28.4375,5.31,0.373,1.764,B,#3,HOLDING,0.250A/B
24687,2026-06-03 19:50:45,28.7625,5.31,0.373,1.764,OFF,#3,HOLDING,0.000A/OFF
24688,2026-06-03 19:50:46,28.7625,5.31,0.373,1.764,OFF,#3,HOLDING,0.000A/OFF
24689,2026-06-03 19:50:47,28.9500,5.31,0.373,1.764,OFF,#3,HOLDING,0.000A/OFF
24690,2026-06-03 19:50:48,28.9500,12.00,0.373,1.764,A,#3,HOLDING,0.165A/A
24691,2026-06-03 19:50:49,29.0750,12.00,0.000,0.087,A,#3,HOLDING,0.308A/A
24692,2026-06-03 19:50:52,29.1750,12.00,0.000,0.087,A,#3,HOLDING,0.494A/A
24693,2026-06-03 19:50:53,29.3000,12.00,0.000,0.087,A,#3,HOLDING,0.636A/A
24694,2026-06-03 19:50:55,29.3875,4.64,0.000,0.087,A,#3,HOLDING,0.794A/A
24695,2026-06-03 19:50:57,29.4625,4.64,0.777,4.938,A,#3,HOLDING,0.955A/A
24696,2026-06-03 19:50:59,29.5375,4.64,0.777,4.938,A,#3,HOLDING,1.163A/A
24697,2026-06-03 19:51:01,29.5875,4.64,0.777,4.938,A,#3,HOLDING,1.305A/A
24698,2026-06-03 19:51:03,29.5625,9.80,0.777,4.938,A,#3,HOLDING,1.463A/A
24699,2026-06-03 19:51:05,29.5625,9.80,1.450,16.488,A,#3,HOLDING,1.000A/A
24700,2026-06-03 19:51:07,29.5250,9.80,1.450,16.488,A,#3,HOLDING,1.617A/A
24701,2026-06-03 19:51:09,29.5000,9.80,1.450,16.488,A,#3,HOLDING,1.000A/A
24702,2026-06-03 19:51:11,29.4500,8.14,1.450,16.488,A,#3,HOLDING,1.500A/A
24703,2026-06-03 19:51:12,29.3500,8.14,1.477,17.640,A,#3,HOLDING,1.740A/A
24704,2026-06-03 19:51:15,29.2375,8.14,1.477,17.640,A,#3,HOLDING,1.500A/A
24705,2026-06-03 19:51:16,29.1125,8.14,1.477,17.640,A,#3,HOLDING,1.915A/A
24706,2026-06-03 19:51:18,28.9875,12.00,1.477,17.640,A,#3,HOLDING,1.500A/A
24707,2026-06-03 19:51:20,28.8125,12.00,1.503,17.880,A,#3,HOLDING,2.037A/A
24708,2026-06-03 19:51:22,28.6375,12.00,1.503,17.880,A,#3,HOLDING,1.500A/A
24709,2026-06-03 19:51:24,28.4625,12.00,1.503,17.880,A,#3,HOLDING,1.500A/A
24710,2026-06-03 19:51:26,28.2625,12.00,1.503,17.880,A,#3,HOLDING,2.000A/A
24711,2026-06-03 19:51:28,28.0625,12.00,1.471,17.484,A,#3,HOLDING,1.500A/A
24712,2026-06-03 19:51:30,27.8250,12.00,1.471,17.484,A,#3,HOLDING,1.500A/A
24713,2026-06-03 19:51:32,27.6250,12.00,1.471,17.484,A,#3,HOLDING,1.500A/A
24714,2026-06-03 19:51:34,27.4125,12.00,1.471,17.484,A,#3,HOLDING,1.000A/A
24715,2026-06-03 19:51:35,27.1875,12.00,1.224,9.050,A,#3,HOLDING,1.500A/A
24716,2026-06-03 19:51:38,26.9500,12.00,1.224,9.050,A,#3,HOLDING,1.500A/A
24717,2026-06-03 19:51:39,26.7500,12.00,1.224,9.050,A,#3,HOLDING,1.500A/A
24718,2026-06-03 19:51:41,26.5125,12.00,1.224,9.050,A,#3,HOLDING,2.000A/A
24719,2026-06-03 19:51:43,26.2625,12.00,1.441,17.124,A,#3,HOLDING,2.000A/A
24720,2026-06-03 19:51:45,26.0625,12.00,1.441,17.124,A,#3,HOLDING,1.500A/A
24721,2026-06-03 19:51:47,25.8375,12.00,1.441,17.124,A,#3,HOLDING,1.972A/A
24722,2026-06-03 19:51:49,25.5750,12.00,1.441,17.124,A,#3,HOLDING,1.000A/A
24723,2026-06-03 19:51:51,25.3500,12.00,1.217,9.210,A,#3,HOLDING,1.000A/A
24724,2026-06-03 19:51:53,25.1375,12.00,1.217,9.210,A,#3,HOLDING,1.000A/A
24725,2026-06-03 19:51:55,24.9125,12.00,1.217,9.210,A,#3,HOLDING,1.000A/A
24726,2026-06-03 19:51:57,24.6875,9.11,1.217,9.210,A,#3,HOLDING,1.500A/A
24727,2026-06-03 19:51:58,24.4375,9.11,1.421,16.956,A,#3,HOLDING,1.000A/A
24728,2026-06-03 19:52:01,24.2125,9.11,1.421,16.956,A,#4,APPROACH,1.500A/A
24729,2026-06-03 19:52:02,24.0375,9.11,1.421,16.956,A,#4,APPROACH,0.182A/A
24730,2026-06-03 19:52:04,23.7875,9.11,1.421,16.956,A,#4,APPROACH,0.161A/A
24731,2026-06-03 19:52:06,23.5625,7.28,1.421,16.956,A,#4,APPROACH,0.167A/A
24732,2026-06-03 19:52:08,23.3750,7.28,0.294,0.455,A,#4,APPROACH,0.130A/A
24733,2026-06-03 19:52:11,23.1750,7.28,0.294,0.455,A,#4,APPROACH,0.180A/A
24734,2026-06-03 19:52:12,22.9875,7.28,0.294,0.455,A,#4,APPROACH,0.203A/A
24735,2026-06-03 19:52:14,22.8125,2.83,0.294,0.455,A,#4,APPROACH,0.241A/A
24736,2026-06-03 19:52:16,22.6375,2.83,0.241,0.778,A,#4,APPROACH,0.285A/A
24737,2026-06-03 19:52:18,22.4875,2.83,0.241,0.778,A,#4,APPROACH,0.373A/A
24738,2026-06-03 19:52:20,22.3250,2.83,0.241,0.778,A,#4,APPROACH,0.423A/A
24739,2026-06-03 19:52:22,22.2000,4.50,0.241,0.778,A,#4,APPROACH,0.485A/A
24740,2026-06-03 19:52:24,22.0625,4.50,0.485,2.488,A,#4,APPROACH,0.533A/A
24741,2026-06-03 19:52:26,21.9375,4.50,0.485,2.488,A,#4,APPROACH,0.606A/A
24742,2026-06-03 19:52:28,21.8625,4.50,0.485,2.488,A,#4,APPROACH,0.649A/A
24743,2026-06-03 19:52:30,21.7375,6.26,0.485,2.488,A,#4,APPROACH,0.691A/A
24744,2026-06-03 19:52:31,21.6250,6.26,0.691,4.650,A,#4,APPROACH,0.726A/A
24745,2026-06-03 19:52:34,21.5250,6.26,0.691,4.650,A,#4,APPROACH,0.771A/A
24746,2026-06-03 19:52:35,21.4625,6.26,0.691,4.650,A,#4,HOLDING,0.756A/A
24747,2026-06-03 19:52:37,21.3625,6.26,0.691,4.650,OFF,#4,HOLDING,0.000A/OFF
24748,2026-06-03 19:52:38,21.2625,7.05,0.691,4.650,OFF,#4,HOLDING,0.000A/OFF
24749,2026-06-03 19:52:39,21.2625,7.05,0.756,4.650,OFF,#4,HOLDING,0.000A/OFF
24750,2026-06-03 19:52:40,21.1625,7.05,0.756,0.000,OFF,#4,HOLDING,0.000A/OFF
24751,2026-06-03 19:52:41,21.1625,7.05,0.756,0.000,OFF,#4,HOLDING,0.000A/OFF
24752,2026-06-03 19:52:42,21.0750,7.05,0.756,0.000,OFF,#4,HOLDING,0.000A/OFF
24753,2026-06-03 19:52:43,21.0750,7.05,0.756,0.000,OFF,#4,HOLDING,0.000A/OFF
24754,2026-06-03 19:52:44,20.9750,12.00,0.756,0.000,OFF,#4,HOLDING,0.000A/OFF
24755,2026-06-03 19:52:45,20.9750,12.00,0.000,0.000,A,#4,HOLDING,0.114A/A
24756,2026-06-03 19:52:48,20.8250,12.00,0.000,0.000,A,#4,HOLDING,0.120A/A
24757,2026-06-03 19:52:49,20.8000,12.00,0.000,0.000,A,#4,HOLDING,0.144A/A
24758,2026-06-03 19:52:51,20.7500,1.60,0.000,0.000,A,#4,HOLDING,0.149A/A
24759,2026-06-03 19:52:53,20.7500,1.60,0.149,0.247,A,#4,HOLDING,0.168A/A
24760,2026-06-03 19:52:55,20.6625,1.60,0.149,0.247,A,#4,HOLDING,0.173A/A
24761,2026-06-03 19:52:57,20.6125,1.60,0.149,0.247,A,#4,HOLDING,0.175A/A
24762,2026-06-03 19:52:59,20.5625,1.80,0.149,0.247,A,#4,HOLDING,0.173A/A
24763,2026-06-03 19:53:01,20.5625,1.80,0.173,0.311,A,#4,HOLDING,0.182A/A
24764,2026-06-03 19:53:03,20.5375,1.80,0.173,0.311,A,#4,HOLDING,0.187A/A
24765,2026-06-03 19:53:05,20.5375,1.80,0.173,0.311,A,#4,HOLDING,0.193A/A
24766,2026-06-03 19:53:07,20.4750,1.91,0.173,0.311,A,#4,HOLDING,0.186A/A
24767,2026-06-03 19:53:08,20.4750,1.91,0.186,0.347,A,#4,HOLDING,0.187A/A
24768,2026-06-03 19:53:11,20.4625,1.91,0.186,0.347,A,#4,HOLDING,0.184A/A
24769,2026-06-03 19:53:12,20.4625,1.91,0.186,0.347,A,#4,HOLDING,0.189A/A
24770,2026-06-03 19:53:14,20.4375,1.84,0.186,0.347,A,#4,HOLDING,0.184A/A
24771,2026-06-03 19:53:16,20.4375,1.84,0.184,0.336,A,#4,HOLDING,0.183A/A
24772,2026-06-03 19:53:18,20.3750,1.84,0.184,0.336,A,#4,HOLDING,0.172A/A
24773,2026-06-03 19:53:20,20.3750,1.84,0.184,0.336,A,#4,HOLDING,0.171A/A
24774,2026-06-03 19:53:22,20.3750,1.66,0.184,0.336,A,#4,HOLDING,0.166A/A
24775,2026-06-03 19:53:24,20.3750,1.66,0.166,0.273,A,#4,HOLDING,0.166A/A
24776,2026-06-03 19:53:26,20.3750,1.66,0.166,0.273,A,#4,HOLDING,0.160A/A
24777,2026-06-03 19:53:28,20.3750,1.66,0.166,0.273,A,#4,HOLDING,0.156A/A
24778,2026-06-03 19:53:30,20.3500,1.52,0.166,0.273,A,#4,HOLDING,0.148A/A
24779,2026-06-03 19:53:31,20.3500,1.52,0.148,0.219,A,#4,HOLDING,0.142A/A
24780,2026-06-03 19:53:34,20.3125,1.52,0.148,0.219,A,#4,HOLDING,0.131A/A
24781,2026-06-03 19:53:35,20.3125,1.52,0.148,0.219,A,#5,APPROACH,0.127A/A
24782,2026-06-03 19:53:37,20.3375,0.41,0.148,0.219,A,#5,APPROACH,0.132A/A
24783,2026-06-03 19:53:39,20.3125,0.41,0.000,0.219,A,#5,APPROACH,0.162A/A
24784,2026-06-03 19:53:42,20.3125,0.41,0.000,0.000,A,#5,APPROACH,0.215A/A
24785,2026-06-03 19:53:44,20.3125,0.41,0.000,0.000,A,#5,APPROACH,0.285A/A
24786,2026-06-03 19:53:45,20.3125,0.41,0.000,0.000,A,#5,APPROACH,0.350A/A
24787,2026-06-03 19:53:47,20.3125,3.11,0.000,0.000,A,#5,APPROACH,0.436A/A
24788,2026-06-03 19:53:49,20.3125,3.11,0.436,1.730,A,#5,APPROACH,0.520A/A
24789,2026-06-03 19:53:51,20.3125,3.11,0.436,1.730,A,#5,APPROACH,0.630A/A
24790,2026-06-03 19:53:53,20.3125,3.11,0.436,1.730,A,#5,APPROACH,0.705A/A
24791,2026-06-03 19:53:55,20.3125,6.12,0.436,1.730,A,#5,APPROACH,0.790A/A
24792,2026-06-03 19:53:57,20.3125,6.12,0.790,5.522,A,#5,APPROACH,0.877A/A
24793,2026-06-03 19:53:59,20.3125,6.12,0.790,5.522,A,#5,APPROACH,0.987A/A
24794,2026-06-03 19:54:01,20.2875,6.12,0.790,5.522,A,#5,APPROACH,1.057A/A
24795,2026-06-03 19:54:03,20.2500,8.87,0.790,5.522,A,#5,APPROACH,1.135A/A
24796,2026-06-03 19:54:04,20.2000,8.87,1.135,10.941,A,#5,APPROACH,1.209A/A
24797,2026-06-03 19:54:07,20.1750,8.87,1.135,10.941,A,#5,APPROACH,1.311A/A
24798,2026-06-03 19:54:08,20.1250,8.87,1.135,10.941,A,#5,APPROACH,1.000A/A
24799,2026-06-03 19:54:10,20.1250,8.73,1.135,10.941,A,#5,APPROACH,1.000A/A
24800,2026-06-03 19:54:12,20.0125,8.73,1.000,8.900,A,#5,APPROACH,1.365A/A
24801,2026-06-03 19:54:14,19.9250,8.73,1.000,8.900,A,#5,APPROACH,1.000A/A
24802,2026-06-03 19:54:16,19.8500,8.73,1.000,8.900,A,#5,APPROACH,1.438A/A
24803,2026-06-03 19:54:18,19.8500,11.58,1.000,8.900,A,#5,APPROACH,1.500A/A
24804,2026-06-03 19:54:20,19.6375,11.58,1.468,17.424,A,#5,APPROACH,1.494A/A
24805,2026-06-03 19:54:22,19.5500,11.58,1.468,17.424,A,#5,APPROACH,1.565A/A
24806,2026-06-03 19:54:24,19.4500,11.58,1.468,17.424,A,#5,APPROACH,1.596A/A
24807,2026-06-03 19:54:26,19.4500,12.00,1.468,17.424,A,#5,APPROACH,1.671A/A
24808,2026-06-03 19:54:27,19.2375,12.00,1.451,17.220,A,#5,APPROACH,1.692A/A
24809,2026-06-03 19:54:30,19.1125,12.00,1.451,17.220,A,#5,APPROACH,1.741A/A
24810,2026-06-03 19:54:31,18.9875,12.00,1.451,17.220,A,#5,HOLDING,1.703A/A
24811,2026-06-03 19:54:33,18.9875,12.00,1.451,17.220,OFF,#5,HOLDING,0.000A/OFF
24812,2026-06-03 19:54:34,18.8625,12.00,1.451,17.220,OFF,#5,HOLDING,0.000A/OFF
24813,2026-06-03 19:54:35,18.7375,12.00,1.441,17.220,OFF,#5,HOLDING,0.000A/OFF
24814,2026-06-03 19:54:36,18.7375,12.00,1.441,0.000,OFF,#5,HOLDING,0.000A/OFF
24815,2026-06-03 19:54:37,18.6500,12.00,1.441,0.000,OFF,#5,HOLDING,0.000A/OFF
24816,2026-06-03 19:54:38,18.6500,12.00,1.441,0.000,OFF,#5,HOLDING,0.000A/OFF
24817,2026-06-03 19:54:39,18.5250,12.00,1.441,0.000,OFF,#5,HOLDING,0.000A/OFF
24818,2026-06-03 19:54:40,18.5250,12.00,1.441,0.000,A,#5,HOLDING,0.110A/A
24819,2026-06-03 19:54:42,18.4500,12.00,0.000,0.185,A,#5,HOLDING,0.115A/A
24820,2026-06-03 19:54:44,18.3500,12.00,0.000,0.185,A,#5,HOLDING,0.146A/A
24821,2026-06-03 19:54:46,18.3000,12.00,0.000,0.185,A,#5,HOLDING,0.150A/A
24822,2026-06-03 19:54:48,18.2250,1.88,0.000,0.185,A,#5,HOLDING,0.160A/A
24823,2026-06-03 19:54:50,18.1875,1.88,0.160,0.313,A,#5,HOLDING,0.171A/A
24824,2026-06-03 19:54:52,18.1375,1.88,0.160,0.313,A,#5,HOLDING,0.179A/A
24825,2026-06-03 19:54:54,18.1250,1.88,0.160,0.313,A,#5,HOLDING,0.189A/A
24826,2026-06-03 19:54:55,18.1250,2.10,0.160,0.313,A,#5,HOLDING,0.197A/A
24827,2026-06-03 19:54:57,18.1250,2.10,0.197,0.429,A,#5,HOLDING,0.205A/A
24828,2026-06-03 19:55:00,18.1250,2.10,0.197,0.429,A,#5,HOLDING,0.212A/A
24829,2026-06-03 19:55:01,18.1250,2.10,0.197,0.429,A,#5,HOLDING,0.216A/A
24830,2026-06-03 19:55:03,18.1250,2.26,0.197,0.429,A,#5,HOLDING,0.221A/A
24831,2026-06-03 19:55:05,18.1250,2.26,0.221,0.517,A,#5,HOLDING,0.225A/A
24832,2026-06-03 19:55:07,18.1250,2.26,0.221,0.517,A,#5,HOLDING,0.231A/A
24833,2026-06-03 19:55:09,18.1000,2.26,0.221,0.517,A,#5,HOLDING,0.232A/A
24834,2026-06-03 19:55:11,18.1500,2.35,0.221,0.517,A,#5,HOLDING,0.242A/A
24835,2026-06-03 19:55:13,18.1625,2.35,0.242,0.597,A,#5,HOLDING,0.249A/A
24836,2026-06-03 19:55:15,18.1625,2.35,0.242,0.597,A,#5,HOLDING,0.259A/A
24837,2026-06-03 19:55:17,18.1875,2.35,0.242,0.597,A,#5,HOLDING,0.264A/A
24838,2026-06-03 19:55:18,18.2125,2.60,0.242,0.597,A,#5,HOLDING,0.273A/A
24839,2026-06-03 19:55:20,18.2125,2.60,0.273,0.742,A,#5,HOLDING,0.281A/A
24840,2026-06-03 19:55:23,18.2375,2.60,0.273,0.742,A,#5,HOLDING,0.291A/A
24841,2026-06-03 19:55:24,18.2500,2.60,0.273,0.742,A,#5,HOLDING,0.298A/A
24842,2026-06-03 19:55:26,18.3000,2.88,0.273,0.742,A,#5,HOLDING,0.314A/A
24843,2026-06-03 19:55:28,18.3125,2.88,0.314,0.963,A,#5,HOLDING,0.325A/A
24844,2026-06-03 19:55:30,18.3125,2.88,0.314,0.963,A,#5,HOLDING,0.338A/A
24845,2026-06-03 19:55:32,18.3250,2.88,0.314,0.963,OFF,--,DONE,0.346A/A
24846,2026-06-03 19:55:34,18.3750,2.88,0.314,0.963,OFF,--,DONE,--
24847,2026-06-03 19:55:35,18.3750,2.76,0.000,0.963,OFF,--,DONE,--
24848,2026-06-03 19:55:36,18.3750,2.76,0.000,0.963,OFF,--,DONE,--
24849,2026-06-03 19:55:37,18.3750,2.76,0.000,0.000,OFF,--,DONE,--
24850,2026-06-03 19:55:38,18.3750,0.82,0.000,0.000,OFF,--,DONE,--
24851,2026-06-03 19:55:39,18.3875,0.82,0.000,0.000,OFF,--,DONE,--
24852,2026-06-03 19:55:40,18.3875,0.82,0.000,0.000,OFF,--,DONE,--
24853,2026-06-03 19:55:41,18.4375,0.82,0.000,0.000,OFF,--,DONE,--
24854,2026-06-03 19:55:42,18.4375,0.27,0.000,0.000,OFF,--,DONE,--
24855,2026-06-03 19:55:43,18.4625,0.27,0.000,0.000,OFF,--,DONE,--
24856,2026-06-03 19:55:44,18.4625,0.27,0.000,0.000,OFF,--,DONE,--
24857,2026-06-03 19:55:45,18.4375,0.27,0.000,0.000,OFF,--,DONE,--
24858,2026-06-03 19:55:46,18.4375,0.00,0.000,0.000,OFF,--,DONE,--
24859,2026-06-03 19:55:47,18.5000,0.00,0.000,0.000,OFF,--,DONE,--
24860,2026-06-03 19:55:48,18.5000,0.00,0.000,0.000,OFF,--,DONE,--
24861,2026-06-03 19:55:49,18.5250,0.00,0.000,0.000,OFF,--,DONE,--
24862,2026-06-03 19:55:50,18.5250,0.00,0.000,0.000,OFF,--,DONE,--
24863,2026-06-03 19:55:51,18.5625,0.00,0.000,0.000,OFF,--,DONE,--
24864,2026-06-03 19:55:52,18.5875,0.00,0.000,0.000,OFF,--,DONE,--
24865,2026-06-03 19:55:53,18.5875,0.00,0.000,0.000,OFF,--,DONE,--
24866,2026-06-03 19:55:54,18.5875,0.00,0.000,0.000,OFF,--,DONE,--
24867,2026-06-03 19:55:55,18.6375,0.00,0.000,0.000,OFF,--,DONE,--
24868,2026-06-03 19:55:56,18.6875,0.00,0.000,0.000,OFF,--,DONE,--
24869,2026-06-03 19:55:57,18.6875,0.00,0.000,0.000,OFF,--,DONE,--
24870,2026-06-03 19:55:58,18.7375,0.00,0.000,0.000,OFF,--,DONE,--
24871,2026-06-03 19:55:59,18.7375,0.00,0.000,0.000,OFF,--,DONE,--
24872,2026-06-03 19:56:00,18.7875,0.00,0.000,0.000,OFF,--,DONE,--
24873,2026-06-03 19:56:01,18.7875,0.00,0.000,0.000,OFF,--,DONE,--
24874,2026-06-03 19:56:02,18.8375,0.00,0.000,0.000,OFF,--,DONE,--
24875,2026-06-03 19:56:03,18.8375,0.00,0.000,0.000,OFF,--,DONE,--
24876,2026-06-03 19:56:04,18.8625,0.00,0.000,0.000,OFF,--,DONE,--
24877,2026-06-03 19:56:05,18.8625,0.00,0.000,0.000,OFF,--,DONE,--
24878,2026-06-03 19:56:06,18.9500,0.00,0.000,0.000,OFF,--,DONE,--
24879,2026-06-03 19:56:07,18.9500,0.00,0.000,0.000,OFF,--,DONE,--
24880,2026-06-03 19:56:08,18.9750,0.00,0.000,0.000,OFF,--,DONE,--
24881,2026-06-03 19:56:09,18.9750,0.00,0.000,0.000,B,#1,HOLDING,0.317A/B
24882,2026-06-03 19:56:11,19.0125,0.00,0.000,0.000,B,#1,HOLDING,0.243A/B
24883,2026-06-03 19:56:14,19.0625,0.00,0.000,0.000,B,#1,HOLDING,0.263A/B
24884,2026-06-03 19:56:16,19.1750,0.00,0.000,0.000,B,#1,HOLDING,0.256A/B
24885,2026-06-03 19:56:17,19.1750,7.58,0.256,0.000,B,#1,HOLDING,0.326A/B
24886,2026-06-03 19:56:19,19.2250,7.58,0.256,1.036,B,#1,HOLDING,0.235A/B
24887,2026-06-03 19:56:21,19.3000,7.58,0.256,1.036,B,#1,HOLDING,0.221A/B
24888,2026-06-03 19:56:22,19.3875,7.58,0.256,1.036,B,#1,HOLDING,0.218A/B
24889,2026-06-03 19:56:24,19.4625,2.33,0.256,1.036,B,#1,HOLDING,0.236A/B
24890,2026-06-03 19:56:26,19.5375,2.33,0.236,0.599,B,#1,HOLDING,0.228A/B
24891,2026-06-03 19:56:28,19.6375,2.33,0.236,0.599,B,#1,HOLDING,0.225A/B
24892,2026-06-03 19:56:30,19.7375,2.33,0.236,0.599,B,#1,HOLDING,0.225A/B
24893,2026-06-03 19:56:32,19.8375,2.46,0.236,0.599,B,#1,HOLDING,0.214A/B
24894,2026-06-03 19:56:34,19.9250,2.46,0.214,0.517,B,#1,HOLDING,0.204A/B
24895,2026-06-03 19:56:36,20.0250,2.46,0.214,0.517,B,#1,HOLDING,0.192A/B
24896,2026-06-03 19:56:38,20.1000,2.46,0.214,0.517,B,#1,HOLDING,0.172A/B
24897,2026-06-03 19:56:40,20.1750,2.03,0.214,0.517,B,#1,HOLDING,0.136A/B
24898,2026-06-03 19:56:41,20.2875,2.03,0.152,0.517,OFF,#1,HOLDING,0.000A/OFF
24899,2026-06-03 19:56:42,20.2875,2.03,0.152,0.228,OFF,#1,HOLDING,0.000A/OFF
24900,2026-06-03 19:56:43,20.3625,2.03,0.152,0.228,OFF,#1,HOLDING,0.000A/OFF
24901,2026-06-03 19:56:44,20.3625,2.03,0.152,0.228,B,#1,HOLDING,0.100A/B
24902,2026-06-03 19:56:46,20.5125,2.03,0.152,0.228,B,#1,HOLDING,0.000A/OFF
24903,2026-06-03 19:56:47,20.5125,12.00,0.152,0.228,OFF,#1,HOLDING,0.000A/OFF
24904,2026-06-03 19:56:48,20.6000,12.00,1.582,0.228,OFF,#1,HOLDING,0.000A/OFF
24905,2026-06-03 19:56:49,20.6000,12.00,1.582,18.660,OFF,#1,HOLDING,0.000A/OFF
24906,2026-06-03 19:56:50,20.6750,12.00,1.582,18.660,OFF,#1,HOLDING,0.000A/OFF
24907,2026-06-03 19:56:51,20.6750,12.00,1.582,18.660,OFF,#1,HOLDING,0.000A/OFF
24908,2026-06-03 19:56:52,20.7875,12.00,1.582,18.660,OFF,#1,HOLDING,0.000A/OFF
24909,2026-06-03 19:56:53,20.7875,12.00,1.582,18.660,OFF,#1,HOLDING,0.000A/OFF
24910,2026-06-03 19:56:54,20.8875,12.00,1.582,18.660,OFF,#1,HOLDING,0.000A/OFF
24911,2026-06-03 19:56:55,20.8875,12.00,0.000,18.660,OFF,#1,HOLDING,0.000A/OFF
24912,2026-06-03 19:56:56,21.0125,12.00,0.000,0.000,A,#1,HOLDING,0.180A/A
24913,2026-06-03 19:56:58,21.0875,12.00,0.000,0.000,A,#1,HOLDING,0.252A/A
24914,2026-06-03 19:57:00,21.0875,12.00,0.000,0.000,A,#1,HOLDING,0.241A/A
24915,2026-06-03 19:57:01,21.2000,1.90,0.000,0.000,A,#1,HOLDING,0.309A/A
24916,2026-06-03 19:57:03,21.3000,1.90,0.272,0.803,A,#1,HOLDING,0.396A/A
24917,2026-06-03 19:57:06,21.3875,1.90,0.272,0.803,A,#1,HOLDING,0.429A/A
24918,2026-06-03 19:57:07,21.4625,1.90,0.272,0.803,A,#1,HOLDING,0.512A/A
24919,2026-06-03 19:57:09,21.5375,4.36,0.272,0.803,A,#1,HOLDING,0.627A/A
24920,2026-06-03 19:57:11,21.5875,4.36,0.567,3.366,A,#1,HOLDING,0.732A/A
24921,2026-06-03 19:57:13,21.6375,4.36,0.567,3.366,A,#1,HOLDING,0.867A/A
24922,2026-06-03 19:57:15,21.6875,4.36,0.567,3.366,A,#1,HOLDING,0.994A/A
24923,2026-06-03 19:57:17,21.7125,8.11,0.567,3.366,A,#1,HOLDING,1.143A/A
24924,2026-06-03 19:57:19,21.6875,8.11,1.069,10.687,A,#1,HOLDING,1.000A/A
24925,2026-06-03 19:57:21,21.7250,8.11,1.069,10.687,A,#1,HOLDING,1.105A/A
24926,2026-06-03 19:57:23,21.7250,8.11,1.069,10.687,A,#1,HOLDING,1.012A/A
24927,2026-06-03 19:57:24,21.6750,8.46,1.069,10.687,A,#1,HOLDING,1.000A/A
24928,2026-06-03 19:57:26,21.6250,8.46,1.000,8.550,A,#1,HOLDING,0.984A/A
24929,2026-06-03 19:57:29,21.5875,8.46,1.000,8.550,A,#1,HOLDING,1.040A/A
24930,2026-06-03 19:57:30,21.5375,8.46,1.000,8.550,A,#1,HOLDING,1.100A/A
24931,2026-06-03 19:57:32,21.4875,9.22,1.000,8.550,A,#1,HOLDING,1.000A/A
24932,2026-06-03 19:57:34,21.3875,9.22,1.029,8.680,A,#1,HOLDING,1.000A/A
24933,2026-06-03 19:57:36,21.3000,9.22,1.029,8.680,A,#1,HOLDING,1.100A/A
24934,2026-06-03 19:57:38,21.2250,9.22,1.029,8.680,A,#1,HOLDING,1.128A/A
24935,2026-06-03 19:57:40,21.1500,9.53,1.029,8.680,A,#1,HOLDING,1.176A/A
24936,2026-06-03 19:57:42,21.0500,9.53,1.158,11.818,A,#1,HOLDING,1.000A/A
24937,2026-06-03 19:57:44,20.9375,9.53,1.158,11.818,A,#1,HOLDING,1.209A/A
24938,2026-06-03 19:57:46,20.8375,9.53,1.158,11.818,A,#1,HOLDING,1.176A/A
24939,2026-06-03 19:57:47,20.7125,9.89,1.158,11.818,A,#1,HOLDING,1.196A/A
24940,2026-06-03 19:57:49,20.6125,9.89,1.196,12.318,A,#1,HOLDING,1.217A/A
24941,2026-06-03 19:57:52,20.5250,9.89,1.196,12.318,A,#1,HOLDING,1.000A/A
24942,2026-06-03 19:57:53,20.4000,9.89,1.196,12.318,A,#1,HOLDING,1.000A/A
24943,2026-06-03 19:57:55,20.2750,8.81,1.196,12.318,A,#1,HOLDING,1.250A/A
24944,2026-06-03 19:57:57,20.1500,8.81,1.219,13.425,A,#1,HOLDING,1.252A/A
24945,2026-06-03 19:57:59,20.0500,8.81,1.219,13.425,A,#2,APPROACH,1.265A/A
24946,2026-06-03 19:58:01,19.9250,8.81,1.219,13.425,B,#2,APPROACH,0.141A/B
24947,2026-06-03 19:58:03,19.8000,8.81,1.219,13.425,B,#2,APPROACH,0.199A/B
24948,2026-06-03 19:58:05,19.6750,6.54,1.219,13.425,B,#2,APPROACH,0.276A/B
24949,2026-06-03 19:58:07,19.5125,6.54,0.537,0.563,B,#2,APPROACH,0.392A/B
24950,2026-06-03 19:58:09,19.4125,6.54,0.537,0.563,B,#2,APPROACH,0.508A/B
24951,2026-06-03 19:58:11,19.3625,6.54,0.537,0.563,B,#2,APPROACH,0.608A/B
24952,2026-06-03 19:58:13,19.3375,4.74,0.537,0.563,B,#2,APPROACH,0.715A/B
24953,2026-06-03 19:58:14,19.3125,4.74,0.715,4.197,B,#2,APPROACH,0.814A/B
24954,2026-06-03 19:58:17,19.3125,4.74,0.715,4.197,B,#2,APPROACH,0.950A/B
24955,2026-06-03 19:58:18,19.3500,4.74,0.715,4.197,B,#2,APPROACH,1.047A/B
24956,2026-06-03 19:58:20,19.3750,8.22,0.715,4.197,B,#2,APPROACH,1.156A/B
24957,2026-06-03 19:58:22,19.4500,8.22,1.156,10.600,B,#2,APPROACH,1.247A/B
24958,2026-06-03 19:58:25,19.5250,8.22,1.156,10.600,B,#2,APPROACH,1.383A/B
24959,2026-06-03 19:58:26,19.6000,8.22,1.156,10.600,B,#2,APPROACH,1.447A/B
24960,2026-06-03 19:58:28,19.7000,11.13,1.156,10.600,B,#2,APPROACH,1.525A/B
24961,2026-06-03 19:58:30,19.8000,11.13,1.525,18.208,B,#2,APPROACH,1.000A/B
24962,2026-06-03 19:58:32,19.9500,11.13,1.525,18.208,B,#2,APPROACH,1.583A/B
24963,2026-06-03 19:58:34,20.1125,11.13,1.525,18.208,B,#2,APPROACH,1.500A/B
24964,2026-06-03 19:58:36,20.2625,11.83,1.525,18.208,B,#2,APPROACH,1.624A/B
24965,2026-06-03 19:58:38,20.4250,11.83,1.501,17.820,B,#2,APPROACH,1.680A/B
24966,2026-06-03 19:58:40,20.6250,11.83,1.501,17.820,B,#2,APPROACH,1.747A/B
24967,2026-06-03 19:58:42,20.8125,11.83,1.501,17.820,B,#2,APPROACH,1.777A/B
24968,2026-06-03 19:58:43,21.0625,12.00,1.501,17.820,B,#2,APPROACH,1.804A/B
24969,2026-06-03 19:58:45,21.2750,12.00,1.456,17.268,B,#2,APPROACH,1.000A/B
24970,2026-06-03 19:58:48,21.5250,12.00,1.456,17.268,B,#2,HOLDING,1.779A/B
24971,2026-06-03 19:58:49,21.7750,12.00,1.456,17.268,OFF,#2,HOLDING,0.000A/OFF
24972,2026-06-03 19:58:50,22.0250,12.00,1.456,17.268,OFF,#2,HOLDING,0.000A/OFF
24973,2026-06-03 19:58:51,22.0250,12.00,1.456,17.268,OFF,#2,HOLDING,0.000A/OFF
24974,2026-06-03 19:58:52,22.2500,12.00,0.000,17.268,OFF,#2,HOLDING,0.000A/OFF
24975,2026-06-03 19:58:53,22.2500,12.00,0.000,0.000,OFF,#2,HOLDING,0.000A/OFF
24976,2026-06-03 19:58:54,22.5250,12.00,0.000,0.000,OFF,#2,HOLDING,0.000A/OFF
24977,2026-06-03 19:58:55,22.5250,12.00,0.000,0.000,OFF,#2,HOLDING,0.000A/OFF
24978,2026-06-03 19:58:56,22.7750,12.00,0.000,0.000,OFF,#2,HOLDING,0.000A/OFF
24979,2026-06-03 19:58:57,22.7750,12.00,0.000,0.000,OFF,#2,HOLDING,0.000A/OFF
24980,2026-06-03 19:58:58,23.0500,12.00,0.000,0.000,A,#2,HOLDING,0.106A/A
24981,2026-06-03 19:59:00,23.2375,12.00,0.000,0.000,A,#2,HOLDING,0.114A/A
24982,2026-06-03 19:59:01,23.4625,12.00,0.000,0.000,A,#2,HOLDING,0.236A/A
24983,2026-06-03 19:59:03,23.4625,12.00,0.000,0.000,A,#2,HOLDING,0.223A/A
24984,2026-06-03 19:59:05,23.6500,1.31,0.000,0.000,A,#2,HOLDING,0.280A/A
24985,2026-06-03 19:59:07,23.8500,1.31,0.263,0.537,A,#2,HOLDING,0.342A/A
24986,2026-06-03 19:59:09,24.1375,1.31,0.263,0.537,A,#2,HOLDING,0.468A/A
24987,2026-06-03 19:59:11,24.1375,1.31,0.263,0.537,A,#2,HOLDING,0.507A/A
24988,2026-06-03 19:59:13,24.2375,3.93,0.263,0.537,A,#2,HOLDING,0.574A/A
24989,2026-06-03 19:59:14,24.3625,3.93,0.560,2.663,A,#2,HOLDING,0.646A/A
24990,2026-06-03 19:59:17,24.4625,3.93,0.560,2.663,A,#2,HOLDING,0.764A/A
24991,2026-06-03 19:59:18,24.4625,3.93,0.560,2.663,A,#2,HOLDING,0.823A/A
24992,2026-06-03 19:59:20,24.5375,6.66,0.560,2.663,A,#2,HOLDING,0.905A/A
24993,2026-06-03 19:59:22,24.5625,6.66,0.868,6.715,A,#2,HOLDING,0.983A/A
24994,2026-06-03 19:59:25,24.6250,6.66,0.868,6.715,A,#2,HOLDING,1.103A/A
24995,2026-06-03 19:59:26,24.6250,6.66,0.868,6.715,A,#2,HOLDING,1.170A/A
24996,2026-06-03 19:59:28,24.6250,9.29,0.868,6.715,A,#2,HOLDING,1.253A/A
24997,2026-06-03 19:59:30,24.5750,9.29,1.232,12.630,A,#2,HOLDING,1.323A/A
24998,2026-06-03 19:59:32,24.5125,9.29,1.232,12.630,A,#2,HOLDING,1.420A/A
24999,2026-06-03 19:59:34,24.5125,9.29,1.232,12.630,A,#2,HOLDING,1.491A/A
25000,2026-06-03 19:59:36,24.4625,11.64,1.232,12.630,A,#2,HOLDING,1.000A/A
25001,2026-06-03 19:59:38,24.3625,11.64,1.081,8.540,A,#2,HOLDING,1.000A/A
25002,2026-06-03 19:59:40,24.2000,11.64,1.081,8.540,A,#2,HOLDING,1.537A/A
25003,2026-06-03 19:59:42,24.2000,11.64,1.081,8.540,A,#2,HOLDING,1.603A/A
25004,2026-06-03 19:59:43,24.1125,12.00,1.081,8.540,A,#2,HOLDING,1.000A/A
25005,2026-06-03 19:59:45,23.9875,12.00,1.041,8.690,A,#2,HOLDING,1.662A/A
25006,2026-06-03 19:59:48,23.7000,12.00,1.041,8.690,A,#2,HOLDING,1.692A/A
25007,2026-06-03 19:59:49,23.7000,12.00,1.041,8.690,A,#2,HOLDING,1.500A/A
25008,2026-06-03 19:59:51,23.5875,11.87,1.041,8.690,A,#2,HOLDING,1.742A/A
25009,2026-06-03 19:59:53,23.4375,11.87,1.484,17.628,A,#2,HOLDING,1.500A/A
25010,2026-06-03 19:59:55,23.1250,11.87,1.484,17.628,A,#2,HOLDING,1.500A/A
25011,2026-06-03 19:59:57,23.1250,11.87,1.484,17.628,A,#2,HOLDING,1.500A/A
25012,2026-06-03 19:59:59,23.0000,12.00,1.484,17.628,A,#2,HOLDING,1.718A/A
25013,2026-06-03 20:00:01,22.8000,12.00,1.460,17.376,A,#2,HOLDING,1.741A/A
25014,2026-06-03 20:00:03,22.4875,12.00,1.460,17.376,A,#2,HOLDING,1.728A/A
25015,2026-06-03 20:00:05,22.4875,12.00,1.460,17.376,A,#2,HOLDING,1.000A/A
25016,2026-06-03 20:00:06,22.3250,9.01,1.460,17.376,A,#2,HOLDING,1.749A/A
25017,2026-06-03 20:00:08,22.1250,9.01,1.439,17.172,A,#2,HOLDING,1.746A/A
25018,2026-06-03 20:00:11,21.8125,9.01,1.439,17.172,A,#2,HOLDING,1.699A/A
25019,2026-06-03 20:00:12,21.8125,9.01,1.439,17.172,A,#2,HOLDING,1.000A/A
25020,2026-06-03 20:00:14,21.6375,9.04,1.439,17.172,A,#2,HOLDING,1.000A/A
25021,2026-06-03 20:00:16,21.4375,9.04,1.000,9.170,A,#2,HOLDING,1.500A/A
25022,2026-06-03 20:00:18,21.1250,9.04,1.000,9.170,A,#2,HOLDING,1.000A/A
25023,2026-06-03 20:00:20,21.1250,9.04,1.000,9.170,A,#2,HOLDING,1.638A/A
25024,2026-06-03 20:00:22,20.9500,12.00,1.000,9.170,A,#2,HOLDING,1.500A/A
25025,2026-06-03 20:00:24,20.7500,12.00,1.436,17.112,A,#2,HOLDING,1.574A/A
25026,2026-06-03 20:00:26,20.4375,12.00,1.436,17.112,A,#2,HOLDING,1.444A/A
25027,2026-06-03 20:00:28,20.4375,12.00,1.436,17.112,A,#2,HOLDING,1.402A/A
25028,2026-06-03 20:00:30,20.3250,11.73,1.436,17.112,A,#2,HOLDING,1.331A/A
25029,2026-06-03 20:00:31,20.1250,11.73,1.331,15.213,A,#2,HOLDING,1.244A/A
25030,2026-06-03 20:00:34,19.8375,11.73,1.331,15.213,A,#2,HOLDING,1.088A/A
25031,2026-06-03 20:00:35,19.8375,11.73,1.331,15.213,A,#2,HOLDING,1.020A/A
25032,2026-06-03 20:00:37,19.7250,9.27,1.331,15.213,A,#2,HOLDING,0.930A/A
25033,2026-06-03 20:00:39,19.5250,9.27,0.930,8.137,A,#2,HOLDING,0.819A/A
25034,2026-06-03 20:00:41,19.2625,9.27,0.930,8.137,A,#2,HOLDING,0.679A/A
25035,2026-06-03 20:00:43,19.2625,9.27,0.930,8.137,A,#2,HOLDING,0.586A/A
25036,2026-06-03 20:00:45,19.1125,6.07,0.930,8.137,A,#2,HOLDING,0.461A/A
25037,2026-06-03 20:00:47,18.9625,6.07,0.461,2.392,A,#2,HOLDING,0.332A/A
25038,2026-06-03 20:00:49,18.7625,6.07,0.461,2.392,A,#2,HOLDING,0.150A/A
25039,2026-06-03 20:00:51,18.7625,6.07,0.461,2.392,OFF,#2,HOLDING,0.000A/OFF
25040,2026-06-03 20:00:52,18.6500,6.07,0.461,2.392,OFF,#2,HOLDING,0.000A/OFF
25041,2026-06-03 20:00:53,18.6500,12.00,0.000,2.392,B,#2,HOLDING,0.107A/B
25042,2026-06-03 20:00:55,18.5500,12.00,0.000,0.002,B,#2,HOLDING,0.261A/B
25043,2026-06-03 20:00:56,18.4375,12.00,0.000,0.002,B,#2,HOLDING,0.387A/B
25044,2026-06-03 20:00:58,18.3875,12.00,0.000,0.002,B,#2,HOLDING,0.517A/B
25045,2026-06-03 20:01:00,18.3375,3.51,0.000,0.002,B,#2,HOLDING,0.666A/B
25046,2026-06-03 20:01:02,18.2875,3.51,0.652,3.323,B,#2,HOLDING,0.815A/B
25047,2026-06-03 20:01:04,18.2500,3.51,0.652,3.323,B,#2,HOLDING,1.007A/B
25048,2026-06-03 20:01:06,18.2500,3.51,0.652,3.323,B,#2,HOLDING,1.135A/B
25049,2026-06-03 20:01:07,18.2500,8.41,0.652,3.323,B,#2,HOLDING,1.284A/B
25050,2026-06-03 20:01:09,18.3000,8.41,1.273,12.506,B,#2,HOLDING,1.427A/B
25051,2026-06-03 20:01:12,18.3250,8.41,1.273,12.506,B,#2,HOLDING,1.500A/B
25052,2026-06-03 20:01:13,18.4000,8.41,1.273,12.506,B,#2,HOLDING,1.608A/B
25053,2026-06-03 20:01:15,18.5125,11.91,1.273,12.506,B,#2,HOLDING,1.000A/B
25054,2026-06-03 20:01:17,18.6375,11.91,1.026,8.280,B,#2,HOLDING,1.731A/B
25055,2026-06-03 20:01:19,18.7875,11.91,1.026,8.280,B,#2,HOLDING,1.500A/B
25056,2026-06-03 20:01:21,18.9125,11.91,1.026,8.280,B,#2,HOLDING,1.882A/B
25057,2026-06-03 20:01:23,19.0875,12.00,1.026,8.280,B,#2,HOLDING,1.500A/B
25058,2026-06-03 20:01:25,19.3125,12.00,1.511,17.880,B,#2,HOLDING,1.935A/B
25059,2026-06-03 20:01:27,19.4875,12.00,1.511,17.880,B,#2,HOLDING,2.062A/B
25060,2026-06-03 20:01:29,19.6875,12.00,1.511,17.880,B,#2,HOLDING,2.129A/B
25061,2026-06-03 20:01:30,19.9000,12.00,1.511,17.880,B,#2,HOLDING,2.000A/B
25062,2026-06-03 20:01:32,20.1500,12.00,1.474,17.472,B,#2,HOLDING,1.000A/B
25063,2026-06-03 20:01:35,20.4000,12.00,1.474,17.472,B,#2,HOLDING,1.000A/B
25064,2026-06-03 20:01:36,20.6750,12.00,1.474,17.472,B,#2,HOLDING,1.000A/B
25065,2026-06-03 20:01:38,20.9250,8.92,1.474,17.472,B,#2,HOLDING,2.145A/B
25066,2026-06-03 20:01:40,21.1750,8.92,1.440,17.100,B,#2,HOLDING,2.000A/B
25067,2026-06-03 20:01:42,21.4375,8.92,1.440,17.100,B,#2,HOLDING,2.000A/B
25068,2026-06-03 20:01:44,21.7125,8.92,1.440,17.100,B,#2,HOLDING,1.500A/B
25069,2026-06-03 20:01:46,22.0000,12.00,1.440,17.100,B,#2,HOLDING,2.120A/B
25070,2026-06-03 20:01:48,22.2750,12.00,1.411,16.716,B,#2,HOLDING,2.116A/B
25071,2026-06-03 20:01:50,22.5625,12.00,1.411,16.716,B,#2,HOLDING,2.110A/B
25072,2026-06-03 20:01:52,22.8375,12.00,1.411,16.716,B,#2,HOLDING,1.500A/B
25073,2026-06-03 20:01:53,23.1250,12.00,1.411,16.716,B,#2,HOLDING,2.000A/B
25074,2026-06-03 20:01:55,23.4250,12.00,1.383,16.392,B,#2,HOLDING,2.020A/B
25075,2026-06-03 20:01:58,23.7250,12.00,1.383,16.392,B,#2,HOLDING,1.000A/B
25076,2026-06-03 20:01:59,24.0250,12.00,1.383,16.392,B,#2,HOLDING,1.920A/B
25077,2026-06-03 20:02:01,24.2875,12.00,1.383,16.392,B,#2,HOLDING,1.500A/B
25078,2026-06-03 20:02:03,24.6125,12.00,1.362,16.140,B,#2,HOLDING,1.000A/B
25079,2026-06-03 20:02:05,24.9000,12.00,1.362,16.140,B,#2,HOLDING,1.804A/B
25080,2026-06-03 20:02:07,25.1500,12.00,1.362,16.140,B,#2,HOLDING,1.694A/B
25081,2026-06-03 20:02:09,25.4375,12.00,1.362,16.140,B,#2,HOLDING,1.630A/B
25082,2026-06-03 20:02:11,25.7125,12.00,1.346,15.972,B,#2,HOLDING,1.000A/B
25083,2026-06-03 20:02:13,26.0250,12.00,1.346,15.972,B,#2,HOLDING,1.475A/B
25084,2026-06-03 20:02:15,26.3000,12.00,1.346,15.972,B,#2,HOLDING,1.330A/B
25085,2026-06-03 20:02:17,26.5625,11.85,1.346,15.972,B,#2,HOLDING,1.000A/B
25086,2026-06-03 20:02:18,26.8375,11.85,1.165,9.660,B,#2,HOLDING,1.141A/B
25087,2026-06-03 20:02:21,27.0875,11.85,1.165,9.660,B,#2,HOLDING,0.906A/B
25088,2026-06-03 20:02:22,27.3375,11.85,1.165,9.660,B,#2,HOLDING,0.732A/B
25089,2026-06-03 20:02:24,27.5875,7.65,1.165,9.660,B,#2,HOLDING,0.520A/B
25090,2026-06-03 20:02:26,27.8375,7.65,0.625,3.172,B,#2,HOLDING,0.301A/B
25091,2026-06-03 20:02:28,28.0500,7.65,0.625,3.172,OFF,#2,HOLDING,0.000A/OFF
25092,2026-06-03 20:02:29,28.3000,7.65,0.625,3.172,OFF,#2,HOLDING,0.120A/A
25093,2026-06-03 20:02:31,28.5250,7.65,0.625,3.172,A,#2,HOLDING,0.369A/A
25094,2026-06-03 20:02:33,28.7187,4.88,0.369,3.172,A,#2,HOLDING,0.588A/A
25095,2026-06-03 20:02:35,28.7187,4.88,0.369,2.281,A,#2,HOLDING,0.806A/A
25096,2026-06-03 20:02:36,28.9250,4.88,0.369,2.281,A,#2,HOLDING,1.030A/A
25097,2026-06-03 20:02:38,29.0750,4.88,0.369,2.281,A,#2,HOLDING,1.253A/A
25098,2026-06-03 20:02:40,29.2000,9.07,0.369,2.281,A,#2,HOLDING,1.523A/A
25099,2026-06-03 20:02:42,29.3000,9.07,1.385,17.103,A,#2,HOLDING,1.000A/A
25100,2026-06-03 20:02:44,29.3750,9.07,1.385,17.103,A,#2,HOLDING,1.000A/A
25101,2026-06-03 20:02:46,29.4250,9.07,1.385,17.103,A,#2,HOLDING,1.782A/A
25102,2026-06-03 20:02:48,29.4375,12.00,1.385,17.103,A,#2,HOLDING,1.000A/A
25103,2026-06-03 20:02:49,29.4375,12.00,1.303,8.010,A,#2,HOLDING,1.500A/A
25104,2026-06-03 20:02:52,29.4375,12.00,1.303,8.010,A,#2,HOLDING,2.000A/A
25105,2026-06-03 20:02:53,29.4125,12.00,1.303,8.010,A,#2,HOLDING,1.500A/A
25106,2026-06-03 20:02:55,29.3375,11.54,1.303,8.010,A,#2,HOLDING,2.000A/A
25107,2026-06-03 20:02:57,29.2625,11.54,1.534,18.408,A,#2,HOLDING,1.500A/A
25108,2026-06-03 20:03:00,29.1750,11.54,1.534,18.408,A,#2,HOLDING,1.500A/A
25109,2026-06-03 20:03:01,29.0500,11.54,1.534,18.408,A,#2,HOLDING,2.010A/A
25110,2026-06-03 20:03:03,28.9500,12.00,1.534,18.408,A,#2,HOLDING,2.252A/A
25111,2026-06-03 20:03:05,28.7750,12.00,1.509,17.916,A,#2,HOLDING,1.500A/A
25112,2026-06-03 20:03:07,28.6375,12.00,1.509,17.916,A,#2,HOLDING,1.500A/A
25113,2026-06-03 20:03:09,28.4375,12.00,1.509,17.916,A,#2,HOLDING,2.000A/A
25114,2026-06-03 20:03:11,28.2875,12.00,1.509,17.916,A,#2,HOLDING,1.000A/A
25115,2026-06-03 20:03:13,28.0625,12.00,1.230,8.820,A,#2,HOLDING,2.435A/A
25116,2026-06-03 20:03:15,27.8875,12.00,1.230,8.820,A,#2,HOLDING,1.500A/A
25117,2026-06-03 20:03:17,27.6875,12.00,1.230,8.820,A,#2,HOLDING,2.500A/A
25118,2026-06-03 20:03:18,27.4750,12.00,1.230,8.820,A,#2,HOLDING,1.000A/A
25119,2026-06-03 20:03:20,27.2500,12.00,1.230,8.910,A,#2,HOLDING,1.500A/A
25120,2026-06-03 20:03:23,27.0500,12.00,1.230,8.910,A,#2,HOLDING,2.500A/A
25121,2026-06-03 20:03:24,26.8250,12.00,1.230,8.910,A,#2,HOLDING,2.000A/A
25122,2026-06-03 20:03:26,26.6375,12.00,1.230,8.910,A,#2,HOLDING,2.500A/A
25123,2026-06-03 20:03:28,26.3875,12.00,1.449,17.256,A,#2,HOLDING,2.500A/A
25124,2026-06-03 20:03:30,26.1875,12.00,1.449,17.256,A,#2,HOLDING,2.608A/A
25125,2026-06-03 20:03:32,25.9375,12.00,1.449,17.256,A,#2,HOLDING,2.500A/A
25126,2026-06-03 20:03:34,25.7250,12.00,1.449,17.256,A,#2,HOLDING,2.699A/A
25127,2026-06-03 20:03:36,25.5000,12.00,1.436,17.088,A,#2,HOLDING,2.805A/A
25128,2026-06-03 20:03:38,25.2875,12.00,1.436,17.088,A,#2,HOLDING,2.500A/A
25129,2026-06-03 20:03:40,25.0625,12.00,1.436,17.088,A,#2,HOLDING,2.000A/A
25130,2026-06-03 20:03:41,24.8250,12.00,1.436,17.088,A,#2,HOLDING,1.500A/A
25131,2026-06-03 20:03:43,24.6000,12.00,1.426,16.992,A,#2,HOLDING,1.000A/A
25132,2026-06-03 20:03:46,24.3875,12.00,1.426,16.992,A,#2,HOLDING,2.851A/A
25133,2026-06-03 20:03:47,24.1625,12.00,1.426,16.992,A,#2,HOLDING,1.500A/A
25134,2026-06-03 20:03:49,23.9375,12.00,1.426,16.992,A,#2,HOLDING,2.000A/A
25135,2026-06-03 20:03:51,23.6875,12.00,1.422,16.944,A,#2,HOLDING,2.000A/A
25136,2026-06-03 20:03:53,23.5000,12.00,1.422,16.944,A,#2,HOLDING,2.870A/A
25137,2026-06-03 20:03:55,23.2750,12.00,1.422,16.944,A,#2,HOLDING,2.839A/A
25138,2026-06-03 20:03:57,23.0750,12.00,1.422,16.944,A,#2,HOLDING,1.000A/A
25139,2026-06-03 20:03:59,22.8750,12.00,1.100,9.300,A,#2,HOLDING,2.500A/A
25140,2026-06-03 20:04:01,22.6375,12.00,1.100,9.300,A,#2,HOLDING,2.500A/A
25141,2026-06-03 20:04:03,22.4375,12.00,1.100,9.300,A,#2,HOLDING,2.500A/A
25142,2026-06-03 20:04:04,22.2625,12.00,1.100,9.300,A,#2,HOLDING,2.500A/A
25143,2026-06-03 20:04:06,22.0625,12.00,1.410,16.788,A,#3,APPROACH,2.000A/A
25144,2026-06-03 20:04:09,21.8625,12.00,1.410,16.788,B,#3,APPROACH,0.119A/B
25145,2026-06-03 20:04:11,21.6875,12.00,1.410,16.788,B,#3,APPROACH,0.206A/B
25146,2026-06-03 20:04:13,21.3125,12.00,1.410,16.788,B,#3,APPROACH,0.342A/B
25147,2026-06-03 20:04:15,21.1375,7.49,0.342,16.788,B,#3,APPROACH,0.472A/B
25148,2026-06-03 20:04:17,20.9625,7.49,0.342,1.567,B,#3,APPROACH,0.582A/B
25149,2026-06-03 20:04:19,20.9625,7.49,0.342,1.567,B,#3,APPROACH,0.631A/B
25150,2026-06-03 20:04:20,20.8375,7.49,0.342,1.567,B,#3,APPROACH,0.725A/B
25151,2026-06-03 20:04:22,20.7625,5.40,0.342,1.567,B,#3,APPROACH,0.824A/B
25152,2026-06-03 20:04:24,20.7000,5.40,0.824,5.290,B,#3,APPROACH,0.941A/B
25153,2026-06-03 20:04:26,20.6750,5.40,0.824,5.290,B,#3,APPROACH,1.067A/B
25154,2026-06-03 20:04:28,20.6750,5.40,0.824,5.290,B,#3,APPROACH,1.154A/B
25155,2026-06-03 20:04:30,20.6500,8.80,0.824,5.290,B,#3,APPROACH,1.000A/B
25156,2026-06-03 20:04:32,20.6875,8.80,1.000,8.030,B,#3,APPROACH,1.251A/B
25157,2026-06-03 20:04:34,20.7125,8.80,1.000,8.030,B,#3,APPROACH,1.386A/B
25158,2026-06-03 20:04:36,20.7625,8.80,1.000,8.030,B,#3,APPROACH,1.465A/B
25159,2026-06-03 20:04:37,20.8625,11.25,1.000,8.030,B,#3,APPROACH,1.556A/B
25160,2026-06-03 20:04:39,20.9750,11.25,1.547,18.360,B,#3,APPROACH,1.636A/B
25161,2026-06-03 20:04:42,21.0750,11.25,1.547,18.360,B,#3,APPROACH,1.500A/B
25162,2026-06-03 20:04:43,21.2250,11.25,1.547,18.360,B,#3,APPROACH,1.000A/B
25163,2026-06-03 20:04:45,21.3500,8.64,1.547,18.360,B,#3,APPROACH,1.726A/B
25164,2026-06-03 20:04:47,21.5500,8.64,1.243,17.652,B,#3,APPROACH,1.000A/B
25165,2026-06-03 20:04:49,21.7250,8.64,1.243,17.652,B,#3,APPROACH,1.000A/B
25166,2026-06-03 20:04:51,21.9000,8.64,1.243,17.652,B,#3,APPROACH,1.760A/B
25167,2026-06-03 20:04:53,22.0750,12.00,1.243,17.652,B,#3,APPROACH,1.811A/B
25168,2026-06-03 20:04:55,22.3125,12.00,1.450,17.160,B,#3,APPROACH,1.500A/B
25169,2026-06-03 20:04:57,22.5375,12.00,1.450,17.160,B,#3,APPROACH,1.829A/B
25170,2026-06-03 20:04:59,22.7500,12.00,1.450,17.160,B,#3,HOLDING,1.797A/B
25171,2026-06-03 20:05:00,23.0000,12.00,1.450,17.160,OFF,#3,HOLDING,0.000A/OFF
25172,2026-06-03 20:05:01,23.2125,12.00,1.450,17.160,OFF,#3,HOLDING,0.000A/OFF
25173,2026-06-03 20:05:02,23.2125,12.00,1.413,17.160,OFF,#3,HOLDING,0.000A/OFF
25174,2026-06-03 20:05:03,23.4875,12.00,1.413,0.000,OFF,#3,HOLDING,0.000A/OFF
25175,2026-06-03 20:05:04,23.4875,12.00,1.413,0.000,OFF,#3,HOLDING,0.000A/OFF
25176,2026-06-03 20:05:05,23.7375,12.00,1.413,0.000,OFF,#3,HOLDING,0.000A/OFF
25177,2026-06-03 20:05:06,23.7375,12.00,1.413,0.000,OFF,#3,HOLDING,0.000A/OFF
25178,2026-06-03 20:05:07,23.9625,12.00,1.413,0.000,OFF,#3,HOLDING,0.000A/OFF
25179,2026-06-03 20:05:08,23.9625,12.00,0.000,0.000,OFF,#3,HOLDING,0.000A/OFF
25180,2026-06-03 20:05:10,24.1875,12.00,0.000,0.000,OFF,#3,HOLDING,0.000A/OFF
25181,2026-06-03 20:05:11,24.1875,12.00,0.000,0.000,OFF,#3,HOLDING,0.000A/OFF
25182,2026-06-03 20:05:12,24.4125,12.00,0.000,0.000,OFF,#3,HOLDING,0.000A/OFF
25183,2026-06-03 20:05:13,24.4125,12.00,0.000,0.000,OFF,#3,HOLDING,0.000A/OFF
25184,2026-06-03 20:05:14,24.6250,12.00,0.000,0.000,A,#3,HOLDING,0.185A/A
25185,2026-06-03 20:05:15,24.8250,12.00,0.000,0.177,A,#3,HOLDING,0.221A/A
25186,2026-06-03 20:05:18,24.9625,12.00,0.000,0.177,A,#3,HOLDING,0.305A/A
25187,2026-06-03 20:05:19,25.1375,12.00,0.000,0.177,A,#3,HOLDING,0.344A/A
25188,2026-06-03 20:05:21,25.2625,2.47,0.000,0.177,A,#3,HOLDING,0.406A/A
25189,2026-06-03 20:05:23,25.3875,2.47,0.388,1.270,A,#3,HOLDING,0.480A/A
25190,2026-06-03 20:05:25,25.4875,2.47,0.388,1.270,A,#3,HOLDING,0.562A/A
25191,2026-06-03 20:05:27,25.5875,2.47,0.388,1.270,A,#3,HOLDING,0.630A/A
25192,2026-06-03 20:05:29,25.6625,4.95,0.388,1.270,A,#3,HOLDING,0.705A/A
25193,2026-06-03 20:05:31,25.7375,4.95,0.689,4.074,A,#3,HOLDING,0.788A/A
25194,2026-06-03 20:05:33,25.7625,4.95,0.689,4.074,A,#3,HOLDING,0.883A/A
25195,2026-06-03 20:05:35,25.8125,4.95,0.689,4.074,A,#3,HOLDING,0.954A/A
25196,2026-06-03 20:05:37,25.8125,7.73,0.689,4.074,A,#3,HOLDING,1.029A/A
25197,2026-06-03 20:05:39,25.8125,7.73,1.005,8.725,A,#3,HOLDING,1.109A/A
25198,2026-06-03 20:05:41,25.8125,7.73,1.005,8.725,A,#3,HOLDING,1.207A/A
25199,2026-06-03 20:05:43,25.7875,7.73,1.005,8.725,A,#3,HOLDING,1.000A/A
25200,2026-06-03 20:05:44,25.7375,8.20,1.005,8.725,A,#3,HOLDING,1.266A/A
25201,2026-06-03 20:05:46,25.6375,8.20,1.232,13.077,A,#3,HOLDING,1.000A/A
25202,2026-06-03 20:05:49,25.6125,8.20,1.232,13.077,A,#3,HOLDING,1.000A/A
25203,2026-06-03 20:05:50,25.5125,8.20,1.232,13.077,A,#3,HOLDING,1.313A/A
25204,2026-06-03 20:05:52,25.4000,10.54,1.232,13.077,A,#3,HOLDING,1.374A/A
25205,2026-06-03 20:05:54,25.3000,10.54,1.374,15.443,A,#3,HOLDING,1.000A/A
25206,2026-06-03 20:05:56,25.1750,10.54,1.374,15.443,A,#3,HOLDING,1.420A/A
25207,2026-06-03 20:05:58,25.0500,10.54,1.374,15.443,A,#3,HOLDING,1.457A/A
25208,2026-06-03 20:06:00,24.8875,11.66,1.374,15.443,A,#3,HOLDING,1.000A/A
25209,2026-06-03 20:06:02,24.7375,11.66,1.063,8.780,A,#3,HOLDING,1.479A/A
25210,2026-06-03 20:06:04,24.5750,11.66,1.063,8.780,A,#3,HOLDING,1.471A/A
25211,2026-06-03 20:06:06,24.4250,11.66,1.063,8.780,A,#3,HOLDING,1.497A/A
25212,2026-06-03 20:06:07,24.2625,12.00,1.063,8.780,A,#3,HOLDING,1.521A/A
25213,2026-06-03 20:06:09,24.1125,12.00,1.464,17.424,A,#3,HOLDING,1.538A/A
25214,2026-06-03 20:06:12,23.9375,12.00,1.464,17.424,A,#3,HOLDING,1.500A/A
25215,2026-06-03 20:06:13,23.7375,12.00,1.464,17.424,A,#3,HOLDING,1.500A/A
25216,2026-06-03 20:06:15,23.5750,12.00,1.464,17.424,A,#3,HOLDING,1.552A/A
25217,2026-06-03 20:06:17,23.3750,12.00,1.444,17.208,A,#3,HOLDING,1.500A/A
25218,2026-06-03 20:06:19,23.2000,12.00,1.444,17.208,A,#3,HOLDING,1.545A/A
25219,2026-06-03 20:06:21,23.0000,12.00,1.444,17.208,A,#3,HOLDING,1.518A/A
25220,2026-06-03 20:06:23,22.8500,12.00,1.444,17.208,A,#3,HOLDING,1.494A/A
25221,2026-06-03 20:06:25,22.6250,12.00,1.430,17.028,A,#3,HOLDING,1.449A/A
25222,2026-06-03 20:06:27,22.4500,12.00,1.430,17.028,A,#3,HOLDING,1.346A/A
25223,2026-06-03 20:06:29,22.2500,12.00,1.430,17.028,A,#3,HOLDING,1.283A/A
25224,2026-06-03 20:06:31,22.0750,10.93,1.430,17.028,A,#3,HOLDING,1.222A/A
25225,2026-06-03 20:06:32,21.8750,10.93,1.222,13.087,A,#3,HOLDING,1.141A/A
25226,2026-06-03 20:06:35,21.7000,10.93,1.222,13.087,A,#3,HOLDING,1.051A/A
25227,2026-06-03 20:06:36,21.5000,10.93,1.222,13.087,A,#3,HOLDING,0.967A/A
25228,2026-06-03 20:06:38,21.3250,8.88,1.222,13.087,A,#3,HOLDING,0.875A/A
25229,2026-06-03 20:06:40,21.1500,8.88,0.897,7.245,A,#3,HOLDING,0.770A/A
25230,2026-06-03 20:06:42,21.0125,8.88,0.897,7.245,A,#3,HOLDING,0.653A/A
25231,2026-06-03 20:06:44,20.8375,8.88,0.897,7.245,A,#3,HOLDING,0.552A/A
25232,2026-06-03 20:06:46,20.6750,5.81,0.897,7.245,A,#3,HOLDING,0.436A/A
25233,2026-06-03 20:06:48,20.5250,5.81,0.482,2.145,A,#3,HOLDING,0.349A/A
25234,2026-06-03 20:06:50,20.3875,5.81,0.482,2.145,A,#3,HOLDING,0.193A/A
25235,2026-06-03 20:06:52,20.2375,5.81,0.482,2.145,OFF,#3,HOLDING,0.000A/OFF
25236,2026-06-03 20:06:53,20.1375,5.81,0.482,2.145,OFF,#3,HOLDING,0.000A/OFF
25237,2026-06-03 20:06:54,20.1375,12.00,0.482,2.145,OFF,#3,HOLDING,0.000A/OFF
25238,2026-06-03 20:06:55,20.0125,12.00,0.000,0.000,B,#3,HOLDING,0.146A/B
25239,2026-06-03 20:06:57,19.9250,12.00,0.000,0.000,B,#3,HOLDING,0.310A/B
25240,2026-06-03 20:06:59,19.8000,12.00,0.000,0.000,B,#3,HOLDING,0.443A/B
25241,2026-06-03 20:07:00,19.7125,3.12,0.000,0.000,B,#3,HOLDING,0.586A/B
25242,2026-06-03 20:07:02,19.6625,3.12,0.512,2.590,B,#3,HOLDING,0.733A/B
25243,2026-06-03 20:07:05,19.6250,3.12,0.512,2.590,B,#3,HOLDING,0.919A/B
25244,2026-06-03 20:07:06,19.6250,3.12,0.512,2.590,B,#3,HOLDING,1.043A/B
25245,2026-06-03 20:07:08,19.5750,7.87,0.512,2.590,B,#3,HOLDING,1.196A/B
25246,2026-06-03 20:07:10,19.6250,7.87,1.116,11.039,B,#3,HOLDING,1.338A/B
25247,2026-06-03 20:07:12,19.6250,7.87,1.116,11.039,B,#3,HOLDING,1.529A/B
25248,2026-06-03 20:07:14,19.6750,7.87,1.116,11.039,B,#3,HOLDING,1.650A/B
25249,2026-06-03 20:07:16,19.7625,12.00,1.116,11.039,B,#3,HOLDING,1.785A/B
25250,2026-06-03 20:07:18,19.8875,12.00,1.574,18.552,B,#3,HOLDING,1.500A/B
25251,2026-06-03 20:07:20,20.0375,12.00,1.574,18.552,B,#3,HOLDING,1.500A/B
25252,2026-06-03 20:07:22,20.1625,12.00,1.574,18.552,B,#3,HOLDING,1.894A/B
25253,2026-06-03 20:07:24,20.3000,12.00,1.574,18.552,B,#3,HOLDING,1.500A/B
25254,2026-06-03 20:07:25,20.5000,12.00,1.504,17.784,B,#3,HOLDING,1.999A/B
25255,2026-06-03 20:07:28,20.6750,12.00,1.504,17.784,B,#3,HOLDING,1.500A/B
25256,2026-06-03 20:07:29,20.9000,12.00,1.504,17.784,B,#3,HOLDING,2.067A/B
25257,2026-06-03 20:07:31,20.9000,12.00,1.504,17.784,B,#3,HOLDING,2.000A/B
25258,2026-06-03 20:07:33,21.3750,12.00,1.453,17.184,B,#3,HOLDING,2.131A/B
25259,2026-06-03 20:07:35,21.5875,12.00,1.453,17.184,B,#3,HOLDING,2.226A/B
25260,2026-06-03 20:07:37,21.8375,12.00,1.453,17.184,B,#3,HOLDING,2.242A/B
25261,2026-06-03 20:07:39,21.8375,12.00,1.453,17.184,B,#3,HOLDING,2.357A/B
25262,2026-06-03 20:07:41,22.3375,12.00,1.413,16.752,B,#3,HOLDING,2.000A/B
25263,2026-06-03 20:07:43,22.6125,12.00,1.413,16.752,B,#3,HOLDING,2.293A/B
25264,2026-06-03 20:07:45,22.8625,12.00,1.413,16.752,B,#3,HOLDING,1.000A/B
25265,2026-06-03 20:07:47,22.8625,9.23,1.413,16.752,B,#3,HOLDING,1.000A/B
25266,2026-06-03 20:07:48,23.1625,9.23,1.000,9.390,B,#3,HOLDING,2.331A/B
25267,2026-06-03 20:07:51,23.7375,9.23,1.000,9.390,B,#3,HOLDING,2.311A/B
25268,2026-06-03 20:07:52,23.9875,9.23,1.000,9.390,B,#3,HOLDING,2.000A/B
25269,2026-06-03 20:07:54,23.9875,12.00,1.000,9.390,B,#3,HOLDING,1.000A/B
25270,2026-06-03 20:07:56,24.2750,12.00,1.189,9.410,B,#3,HOLDING,2.000A/B
25271,2026-06-03 20:07:58,24.7750,12.00,1.189,9.410,B,#3,HOLDING,2.000A/B
25272,2026-06-03 20:08:00,25.0500,12.00,1.189,9.410,B,#3,HOLDING,1.000A/B
25273,2026-06-03 20:08:02,25.0500,9.39,1.189,9.410,B,#3,HOLDING,2.000A/B
25274,2026-06-03 20:08:04,25.3000,9.39,1.184,16.164,B,#3,HOLDING,1.500A/B
25275,2026-06-03 20:08:06,25.8375,9.39,1.184,16.164,B,#3,HOLDING,2.000A/B
25276,2026-06-03 20:08:08,26.0625,9.39,1.184,16.164,B,#3,HOLDING,2.000A/B
25277,2026-06-03 20:08:10,26.0625,12.00,1.184,16.164,B,#3,HOLDING,2.170A/B
25278,2026-06-03 20:08:11,26.3375,12.00,1.345,15.948,B,#3,HOLDING,2.069A/B
25279,2026-06-03 20:08:14,26.8375,12.00,1.345,15.948,B,#3,HOLDING,1.500A/B
25280,2026-06-03 20:08:15,27.0625,12.00,1.345,15.948,B,#3,HOLDING,1.500A/B
25281,2026-06-03 20:08:17,27.0625,12.00,1.345,15.948,B,#3,HOLDING,1.500A/B
25282,2026-06-03 20:08:19,27.3125,12.00,1.330,15.756,B,#3,HOLDING,1.500A/B
25283,2026-06-03 20:08:22,27.8125,12.00,1.330,15.756,B,#3,HOLDING,1.877A/B
25284,2026-06-03 20:08:23,28.0625,12.00,1.330,15.756,B,#3,HOLDING,1.712A/B
25285,2026-06-03 20:08:25,28.0625,12.00,1.330,15.756,B,#3,HOLDING,1.552A/B
25286,2026-06-03 20:08:27,28.5250,12.00,1.313,15.612,B,#3,HOLDING,1.342A/B
25287,2026-06-03 20:08:29,28.7375,12.00,1.313,15.612,B,#3,HOLDING,1.091A/B
25288,2026-06-03 20:08:31,28.9375,12.00,1.313,15.612,B,#3,HOLDING,0.903A/B
25289,2026-06-03 20:08:33,28.9375,9.03,1.313,15.612,B,#3,HOLDING,0.720A/B
25290,2026-06-03 20:08:35,29.4000,9.03,0.720,5.616,B,#3,HOLDING,0.472A/B
25291,2026-06-03 20:08:37,29.5875,9.03,0.720,5.616,B,#3,HOLDING,0.182A/B
25292,2026-06-03 20:08:39,29.7875,9.03,0.720,5.616,OFF,#3,HOLDING,0.000A/OFF
25293,2026-06-03 20:08:40,29.7875,9.03,0.720,5.616,OFF,#3,HOLDING,0.141A/A
25294,2026-06-03 20:08:41,29.9875,12.00,0.000,5.616,A,#3,HOLDING,0.353A/A
25295,2026-06-03 20:08:43,30.1625,12.00,0.000,0.000,A,#3,HOLDING,0.602A/A
25296,2026-06-03 20:08:45,30.3250,12.00,0.000,0.000,A,#3,HOLDING,0.832A/A
25297,2026-06-03 20:08:46,30.4750,12.00,0.000,0.000,A,#3,HOLDING,1.060A/A
25298,2026-06-03 20:08:48,30.4750,7.60,0.000,0.000,A,#3,HOLDING,1.308A/A
25299,2026-06-03 20:08:50,30.6125,7.60,1.187,12.648,A,#3,HOLDING,1.000A/A
25300,2026-06-03 20:08:52,30.7875,7.60,1.187,12.648,A,#3,HOLDING,1.500A/A
25301,2026-06-03 20:08:54,30.8375,7.60,1.187,12.648,A,#3,HOLDING,1.500A/A
25302,2026-06-03 20:08:56,30.8375,11.12,1.187,12.648,A,#3,HOLDING,1.573A/A
25303,2026-06-03 20:08:58,30.8500,11.12,1.537,18.687,A,#3,HOLDING,1.836A/A
25304,2026-06-03 20:09:00,30.8750,11.12,1.537,18.687,A,#3,HOLDING,2.181A/A
25305,2026-06-03 20:09:01,30.8250,11.12,1.537,18.687,A,#3,HOLDING,1.000A/A
25306,2026-06-03 20:09:03,30.8250,8.14,1.537,18.687,A,#3,HOLDING,1.000A/A
25307,2026-06-03 20:09:05,30.7750,8.14,1.000,8.330,A,#3,HOLDING,2.000A/A
25308,2026-06-03 20:09:08,30.5750,8.14,1.000,8.330,A,#3,HOLDING,2.000A/A
25309,2026-06-03 20:09:09,30.4750,8.14,1.000,8.330,A,#3,HOLDING,2.380A/A
25310,2026-06-03 20:09:11,30.4750,12.00,1.000,8.330,A,#3,HOLDING,1.000A/A
25311,2026-06-03 20:09:13,30.3250,12.00,1.223,8.510,A,#3,HOLDING,2.500A/A
25312,2026-06-03 20:09:15,30.0125,12.00,1.223,8.510,A,#3,HOLDING,2.610A/A
25313,2026-06-03 20:09:17,29.8625,12.00,1.223,8.510,A,#3,HOLDING,2.795A/A
25314,2026-06-03 20:09:19,29.8625,12.00,1.223,8.510,A,#3,HOLDING,2.000A/A
25315,2026-06-03 20:09:21,29.5000,12.00,1.497,17.796,A,#3,HOLDING,2.500A/A
25316,2026-06-03 20:09:23,29.3250,12.00,1.497,17.796,A,#3,HOLDING,1.500A/A
25317,2026-06-03 20:09:25,29.1250,12.00,1.497,17.796,A,#3,HOLDING,2.500A/A
25318,2026-06-03 20:09:26,28.8875,12.00,1.497,17.796,A,#3,HOLDING,1.500A/A
25319,2026-06-03 20:09:28,28.6875,12.00,1.468,17.484,A,#3,HOLDING,2.000A/A
25320,2026-06-03 20:09:31,28.4500,12.00,1.468,17.484,A,#3,HOLDING,1.500A/A
25321,2026-06-03 20:09:32,28.2250,12.00,1.468,17.484,A,#3,HOLDING,2.944A/A
25322,2026-06-03 20:09:34,28.0000,12.00,1.468,17.484,A,#3,HOLDING,3.000A/A
25323,2026-06-03 20:09:36,27.7500,12.00,1.450,17.268,A,#3,HOLDING,2.500A/A
25324,2026-06-03 20:09:38,27.5125,12.00,1.450,17.268,A,#3,HOLDING,2.000A/A
25325,2026-06-03 20:09:40,27.2375,12.00,1.450,17.268,A,#3,HOLDING,1.500A/A
25326,2026-06-03 20:09:42,27.0125,12.00,1.450,17.268,A,#3,HOLDING,1.500A/A
25327,2026-06-03 20:09:44,26.7625,12.00,1.440,17.148,A,#3,HOLDING,1.000A/A
25328,2026-06-03 20:09:46,26.5375,12.00,1.440,17.148,A,#3,HOLDING,2.000A/A
25329,2026-06-03 20:09:48,26.2875,12.00,1.440,17.148,A,#3,HOLDING,1.000A/A
25330,2026-06-03 20:09:50,26.0375,9.05,1.440,17.148,A,#3,HOLDING,1.500A/A
25331,2026-06-03 20:09:51,25.7875,9.05,1.346,17.076,A,#3,HOLDING,2.500A/A
25332,2026-06-03 20:09:54,25.5750,9.05,1.346,17.076,A,#3,HOLDING,2.000A/A
25333,2026-06-03 20:09:55,25.3250,9.05,1.346,17.076,A,#3,HOLDING,1.500A/A
25334,2026-06-03 20:09:57,25.0750,12.00,1.346,17.076,A,#3,HOLDING,2.000A/A
25335,2026-06-03 20:09:59,24.8500,12.00,1.429,17.016,A,#3,HOLDING,1.500A/A
25336,2026-06-03 20:10:01,24.6250,12.00,1.429,17.016,A,#3,HOLDING,2.000A/A
25337,2026-06-03 20:10:03,24.4250,12.00,1.429,17.016,A,#3,HOLDING,2.000A/A
25338,2026-06-03 20:10:05,24.1875,12.00,1.429,17.016,A,#3,HOLDING,1.000A/A
25339,2026-06-03 20:10:07,23.9375,12.00,1.208,9.200,A,#3,HOLDING,2.832A/A
25340,2026-06-03 20:10:09,23.7500,12.00,1.208,9.200,A,#4,APPROACH,2.000A/A
25341,2026-06-03 20:10:11,23.5000,12.00,1.208,9.200,B,#4,APPROACH,0.239A/B
25342,2026-06-03 20:10:12,23.5000,12.00,1.208,9.200,B,#4,APPROACH,0.267A/B
25343,2026-06-03 20:10:14,23.0625,12.00,1.208,9.200,B,#4,APPROACH,0.379A/B
25344,2026-06-03 20:10:17,22.9125,12.00,1.024,1.072,B,#4,APPROACH,0.491A/B
25345,2026-06-03 20:10:19,22.7375,12.00,1.024,1.072,B,#4,APPROACH,0.647A/B
25346,2026-06-03 20:10:21,22.6250,12.00,1.024,1.072,B,#4,APPROACH,0.752A/B
25347,2026-06-03 20:10:22,22.5750,5.84,1.024,1.072,B,#4,APPROACH,0.894A/B
25348,2026-06-03 20:10:24,22.5000,5.84,0.854,6.383,B,#4,APPROACH,1.053A/B
25349,2026-06-03 20:10:27,22.4750,5.84,0.854,6.383,B,#4,APPROACH,1.278A/B
25350,2026-06-03 20:10:28,22.4375,5.84,0.854,6.383,B,#4,APPROACH,1.444A/B
25351,2026-06-03 20:10:30,22.4625,10.91,0.854,6.383,B,#4,APPROACH,1.643A/B
25352,2026-06-03 20:10:32,22.5000,10.91,1.523,18.732,B,#4,APPROACH,1.500A/B
25353,2026-06-03 20:10:34,22.5000,10.91,1.523,18.732,B,#4,APPROACH,1.839A/B
25354,2026-06-03 20:10:36,22.6000,10.91,1.523,18.732,B,#4,APPROACH,2.000A/B
25355,2026-06-03 20:10:38,22.7000,12.00,1.523,18.732,B,#4,APPROACH,1.000A/B
25356,2026-06-03 20:10:40,22.8250,12.00,1.250,8.670,B,#4,APPROACH,1.000A/B
25357,2026-06-03 20:10:42,22.9500,12.00,1.250,8.670,B,#4,APPROACH,2.170A/B
25358,2026-06-03 20:10:44,23.0750,12.00,1.250,8.670,B,#4,APPROACH,2.317A/B
25359,2026-06-03 20:10:46,23.2500,12.00,1.250,8.670,B,#4,APPROACH,2.000A/B
25360,2026-06-03 20:10:47,23.4250,12.00,1.466,17.376,B,#4,APPROACH,1.000A/B
25361,2026-06-03 20:10:50,23.5750,12.00,1.466,17.376,B,#4,APPROACH,1.000A/B
25362,2026-06-03 20:10:51,23.7500,12.00,1.466,17.376,B,#4,APPROACH,2.000A/B
25363,2026-06-03 20:10:53,23.9500,12.00,1.466,17.376,B,#4,APPROACH,1.500A/B
25364,2026-06-03 20:10:55,24.1500,12.00,1.422,16.872,B,#4,APPROACH,2.429A/B
25365,2026-06-03 20:10:57,24.3500,12.00,1.422,16.872,B,#4,APPROACH,1.500A/B
25366,2026-06-03 20:10:59,24.5500,12.00,1.422,16.872,B,#4,APPROACH,2.000A/B
25367,2026-06-03 20:11:01,24.7500,12.00,1.422,16.872,B,#4,APPROACH,1.000A/B
25368,2026-06-03 20:11:03,25.0000,12.00,1.163,9.330,B,#4,APPROACH,2.502A/B
25369,2026-06-03 20:11:05,25.2500,12.00,1.163,9.330,B,#4,APPROACH,2.000A/B
25370,2026-06-03 20:11:07,25.4625,12.00,1.163,9.330,B,#4,APPROACH,1.500A/B
25371,2026-06-03 20:11:09,25.7125,12.00,1.163,9.330,B,#4,APPROACH,2.000A/B
25372,2026-06-03 20:11:10,25.9375,12.00,1.366,16.212,B,#4,APPROACH,2.581A/B
25373,2026-06-03 20:11:13,26.1625,12.00,1.366,16.212,B,#4,APPROACH,2.000A/B
25374,2026-06-03 20:11:14,26.3750,12.00,1.366,16.212,B,#4,APPROACH,1.000A/B
25375,2026-06-03 20:11:16,26.6500,9.40,1.366,16.212,B,#4,APPROACH,2.000A/B
25376,2026-06-03 20:11:18,26.8750,9.40,1.345,15.996,B,#4,APPROACH,2.000A/B
25377,2026-06-03 20:11:20,27.1500,9.40,1.345,15.996,B,#4,HOLDING,2.573A/B
25378,2026-06-03 20:11:22,27.3625,9.40,1.345,15.996,OFF,#4,HOLDING,0.000A/OFF
25379,2026-06-03 20:11:23,27.3625,9.40,1.345,15.996,OFF,#4,HOLDING,0.000A/OFF
25380,2026-06-03 20:11:24,27.6125,12.00,1.345,15.996,OFF,#4,HOLDING,0.000A/OFF
25381,2026-06-03 20:11:25,27.6125,12.00,0.000,15.996,OFF,#4,HOLDING,0.000A/OFF
25382,2026-06-03 20:11:26,27.8375,12.00,0.000,0.000,OFF,#4,HOLDING,0.000A/OFF
25383,2026-06-03 20:11:27,27.8375,12.00,0.000,0.000,OFF,#4,HOLDING,0.000A/OFF
25384,2026-06-03 20:11:28,28.0625,12.00,0.000,0.000,OFF,#4,HOLDING,0.000A/OFF
25385,2026-06-03 20:11:29,28.0625,12.00,0.000,0.000,OFF,#4,HOLDING,0.000A/OFF
25386,2026-06-03 20:11:30,28.2750,12.00,0.000,0.000,OFF,#4,HOLDING,0.000A/OFF
25387,2026-06-03 20:11:31,28.2750,12.00,0.000,0.000,OFF,#4,HOLDING,0.000A/OFF
25388,2026-06-03 20:11:32,28.4500,12.00,0.000,0.000,OFF,#4,HOLDING,0.000A/OFF
25389,2026-06-03 20:11:33,28.4500,12.00,0.000,0.000,OFF,#4,HOLDING,0.000A/OFF
25390,2026-06-03 20:11:34,28.6125,12.00,0.000,0.000,OFF,#4,HOLDING,0.000A/OFF
25391,2026-06-03 20:11:35,28.7625,12.00,0.000,0.000,OFF,#4,HOLDING,0.000A/OFF
25392,2026-06-03 20:11:36,28.7625,12.00,0.000,0.000,A,#4,HOLDING,0.106A/A
25393,2026-06-03 20:11:38,28.8625,12.00,0.000,0.000,A,#4,HOLDING,0.119A/A
25394,2026-06-03 20:11:40,28.9625,12.00,0.000,0.028,A,#4,HOLDING,0.195A/A
25395,2026-06-03 20:11:41,29.1000,12.00,0.000,0.028,A,#4,HOLDING,0.256A/A
25396,2026-06-03 20:11:43,29.1750,12.00,0.000,0.028,A,#4,HOLDING,0.298A/A
25397,2026-06-03 20:11:45,29.1750,1.99,0.000,0.028,A,#4,HOLDING,0.335A/A
25398,2026-06-03 20:11:47,29.2250,1.99,0.322,0.817,A,#4,HOLDING,0.376A/A
25399,2026-06-03 20:11:49,29.3500,1.99,0.322,0.817,A,#4,HOLDING,0.452A/A
25400,2026-06-03 20:11:51,29.3750,1.99,0.322,0.817,A,#4,HOLDING,0.504A/A
25401,2026-06-03 20:11:52,29.3750,3.96,0.322,0.817,A,#4,HOLDING,0.553A/A
25402,2026-06-03 20:11:54,29.3500,3.96,0.541,2.505,A,#4,HOLDING,0.593A/A
25403,2026-06-03 20:11:57,29.3375,3.96,0.541,2.505,A,#4,HOLDING,0.657A/A
25404,2026-06-03 20:11:58,29.3125,3.96,0.541,2.505,A,#4,HOLDING,0.698A/A
25405,2026-06-03 20:12:00,29.3125,5.68,0.541,2.505,A,#4,HOLDING,0.753A/A
25406,2026-06-03 20:12:02,29.2500,5.68,0.753,4.781,A,#4,HOLDING,0.794A/A
25407,2026-06-03 20:12:04,29.1125,5.68,0.753,4.781,A,#4,HOLDING,0.837A/A
25408,2026-06-03 20:12:06,29.0375,5.68,0.753,4.781,A,#4,HOLDING,0.861A/A
25409,2026-06-03 20:12:08,29.0375,7.13,0.753,4.781,A,#4,HOLDING,0.910A/A
25410,2026-06-03 20:12:10,28.9500,7.13,0.910,7.007,A,#4,HOLDING,0.946A/A
25411,2026-06-03 20:12:12,28.7375,7.13,0.910,7.007,A,#4,HOLDING,0.926A/A
25412,2026-06-03 20:12:14,28.6125,7.13,0.910,7.007,A,#4,HOLDING,0.935A/A
25413,2026-06-03 20:12:15,28.6125,7.89,0.910,7.007,A,#4,HOLDING,0.970A/A
25414,2026-06-03 20:12:17,28.5125,7.89,0.970,8.070,A,#4,HOLDING,0.999A/A
25415,2026-06-03 20:12:20,28.2000,7.89,0.970,8.070,A,#4,HOLDING,1.005A/A
25416,2026-06-03 20:12:21,28.0000,7.89,0.970,8.070,A,#4,HOLDING,0.988A/A
25417,2026-06-03 20:12:23,28.0000,8.39,0.970,8.070,A,#4,HOLDING,1.001A/A
25418,2026-06-03 20:12:25,27.8625,8.39,1.000,8.690,A,#4,HOLDING,1.009A/A
25419,2026-06-03 20:12:27,27.5125,8.39,1.000,8.690,A,#4,HOLDING,0.986A/A
25420,2026-06-03 20:12:29,27.3125,8.39,1.000,8.690,A,#4,HOLDING,0.944A/A
25421,2026-06-03 20:12:31,27.3125,8.19,1.000,8.690,A,#4,HOLDING,0.935A/A
25422,2026-06-03 20:12:33,27.1375,8.19,0.935,7.788,A,#4,HOLDING,0.916A/A
25423,2026-06-03 20:12:35,26.7875,8.19,0.935,7.788,A,#4,HOLDING,0.802A/A
25424,2026-06-03 20:12:37,26.5875,8.19,0.935,7.788,A,#4,HOLDING,0.726A/A
25425,2026-06-03 20:12:39,26.5875,6.70,0.935,7.788,A,#4,HOLDING,0.695A/A
25426,2026-06-03 20:12:40,26.4125,6.70,0.695,4.607,A,#4,HOLDING,0.640A/A
25427,2026-06-03 20:12:43,26.0125,6.70,0.695,4.607,A,#4,HOLDING,0.520A/A
25428,2026-06-03 20:12:44,25.8125,6.70,0.695,4.607,A,#4,HOLDING,0.418A/A
25429,2026-06-03 20:12:46,25.8125,4.41,0.695,4.607,A,#4,HOLDING,0.359A/A
25430,2026-06-03 20:12:48,25.6625,4.41,0.373,1.421,A,#4,HOLDING,0.286A/A
25431,2026-06-03 20:12:50,25.3000,4.41,0.373,1.421,A,#4,HOLDING,0.137A/A
25432,2026-06-03 20:12:52,25.1250,4.41,0.373,1.421,OFF,#4,HOLDING,0.000A/OFF
25433,2026-06-03 20:12:53,25.1250,4.41,0.373,1.421,OFF,#4,HOLDING,0.000A/OFF
25434,2026-06-03 20:12:54,24.9500,12.00,0.373,1.421,OFF,#4,HOLDING,0.000A/OFF
25435,2026-06-03 20:12:55,24.9500,12.00,0.000,0.000,B,#4,HOLDING,0.133A/B
25436,2026-06-03 20:12:57,24.8000,12.00,0.000,0.000,B,#4,HOLDING,0.258A/B
25437,2026-06-03 20:12:59,24.6500,12.00,0.000,0.000,B,#4,HOLDING,0.365A/B
25438,2026-06-03 20:13:01,24.5000,2.71,0.000,0.000,B,#4,HOLDING,0.505A/B
25439,2026-06-03 20:13:03,24.3875,2.71,0.505,2.035,B,#4,HOLDING,0.640A/B
25440,2026-06-03 20:13:05,24.2625,2.71,0.505,2.035,B,#4,HOLDING,0.817A/B
25441,2026-06-03 20:13:07,24.1875,2.71,0.505,2.035,B,#4,HOLDING,0.938A/B
25442,2026-06-03 20:13:08,24.1125,7.45,0.505,2.035,B,#4,HOLDING,1.082A/B
25443,2026-06-03 20:13:10,24.0500,7.45,1.082,9.543,B,#4,HOLDING,1.227A/B
25444,2026-06-03 20:13:13,23.9750,7.45,1.082,9.543,B,#4,HOLDING,1.419A/B
25445,2026-06-03 20:13:14,23.9375,7.45,1.082,9.543,B,#4,HOLDING,1.545A/B
25446,2026-06-03 20:13:16,23.9375,11.93,1.082,9.543,B,#4,HOLDING,1.500A/B
25447,2026-06-03 20:13:18,23.9625,11.93,1.500,17.805,B,#4,HOLDING,1.500A/B
25448,2026-06-03 20:13:20,23.9875,11.93,1.500,17.805,B,#4,HOLDING,1.693A/B
25449,2026-06-03 20:13:22,24.0125,11.93,1.500,17.805,B,#4,HOLDING,1.500A/B
25450,2026-06-03 20:13:24,24.1125,12.00,1.500,17.805,B,#4,HOLDING,1.500A/B
25451,2026-06-03 20:13:26,24.1750,12.00,1.469,17.412,B,#4,HOLDING,1.789A/B
25452,2026-06-03 20:13:28,24.3000,12.00,1.469,17.412,B,#4,HOLDING,1.951A/B
25453,2026-06-03 20:13:30,24.3875,12.00,1.469,17.412,B,#4,HOLDING,1.500A/B
25454,2026-06-03 20:13:32,24.5125,12.00,1.469,17.412,B,#4,HOLDING,1.000A/B
25455,2026-06-03 20:13:33,24.6750,12.00,1.016,9.090,B,#4,HOLDING,2.039A/B
25456,2026-06-03 20:13:36,24.8500,12.00,1.016,9.090,B,#4,HOLDING,1.000A/B
25457,2026-06-03 20:13:37,25.0000,12.00,1.016,9.090,B,#4,HOLDING,1.000A/B
25458,2026-06-03 20:13:39,25.2000,9.14,1.016,9.090,B,#4,HOLDING,2.115A/B
25459,2026-06-03 20:13:41,25.3625,9.14,1.400,16.656,B,#4,HOLDING,1.000A/B
25460,2026-06-03 20:13:43,25.5375,9.14,1.400,16.656,B,#4,HOLDING,2.000A/B
25461,2026-06-03 20:13:45,25.7375,9.14,1.400,16.656,B,#4,HOLDING,2.181A/B
25462,2026-06-03 20:13:47,25.9125,12.00,1.400,16.656,B,#4,HOLDING,2.000A/B
25463,2026-06-03 20:13:49,26.1125,12.00,1.375,16.344,B,#4,HOLDING,2.230A/B
25464,2026-06-03 20:13:51,26.3125,12.00,1.375,16.344,B,#4,HOLDING,2.304A/B
25465,2026-06-03 20:13:53,26.5250,12.00,1.375,16.344,B,#4,HOLDING,2.000A/B
25466,2026-06-03 20:13:55,26.7500,12.00,1.375,16.344,B,#4,HOLDING,1.000A/B
25467,2026-06-03 20:13:56,26.9375,12.00,1.043,9.520,B,#4,HOLDING,2.000A/B
25468,2026-06-03 20:13:59,27.1625,12.00,1.043,9.520,B,#4,HOLDING,1.500A/B
25469,2026-06-03 20:14:00,27.3375,12.00,1.043,9.520,B,#4,HOLDING,1.500A/B
25470,2026-06-03 20:14:02,27.5625,12.00,1.043,9.520,B,#4,HOLDING,2.267A/B
25471,2026-06-03 20:14:04,27.8000,12.00,1.337,15.924,B,#4,HOLDING,1.500A/B
25472,2026-06-03 20:14:07,27.9750,12.00,1.337,15.924,B,#4,HOLDING,2.272A/B
25473,2026-06-03 20:14:08,28.1875,12.00,1.337,15.924,B,#4,HOLDING,1.500A/B
25474,2026-06-03 20:14:10,28.4375,12.00,1.337,15.924,B,#4,HOLDING,1.500A/B
25475,2026-06-03 20:14:12,28.6125,12.00,1.331,15.816,B,#4,HOLDING,1.000A/B
25476,2026-06-03 20:14:14,28.8375,12.00,1.331,15.816,B,#4,HOLDING,2.258A/B
25477,2026-06-03 20:14:16,29.0500,12.00,1.331,15.816,B,#4,HOLDING,1.500A/B
25478,2026-06-03 20:14:18,29.2500,12.00,1.331,15.816,B,#4,HOLDING,2.150A/B
25479,2026-06-03 20:14:20,29.4250,12.00,1.320,15.684,B,#4,HOLDING,1.500A/B
25480,2026-06-03 20:14:22,29.6250,12.00,1.320,15.684,B,#4,HOLDING,2.082A/B
25481,2026-06-03 20:14:24,29.8000,12.00,1.320,15.684,B,#4,HOLDING,1.000A/B
25482,2026-06-03 20:14:25,30.0000,9.65,1.320,15.684,B,#4,HOLDING,1.998A/B
25483,2026-06-03 20:14:27,30.1875,9.65,1.311,15.588,B,#4,HOLDING,1.899A/B
25484,2026-06-03 20:14:30,30.3875,9.65,1.311,15.588,B,#4,HOLDING,1.776A/B
25485,2026-06-03 20:14:31,30.5500,9.65,1.311,15.588,B,#4,HOLDING,1.683A/B
25486,2026-06-03 20:14:33,30.7500,12.00,1.311,15.588,B,#4,HOLDING,1.000A/B
25487,2026-06-03 20:14:35,30.9250,12.00,1.119,9.890,B,#4,HOLDING,1.500A/B
25488,2026-06-03 20:14:37,31.0750,12.00,1.119,9.890,B,#4,HOLDING,1.000A/B
25489,2026-06-03 20:14:39,31.2625,12.00,1.119,9.890,B,#4,HOLDING,1.000A/B
25490,2026-06-03 20:14:41,31.4375,9.73,1.119,9.890,B,#4,HOLDING,1.572A/B
25491,2026-06-03 20:14:43,31.6125,9.73,1.295,15.432,B,#4,HOLDING,1.425A/B
25492,2026-06-03 20:14:45,31.7625,9.73,1.295,15.432,A,#1,APPROACH,1.438A/A
25493,2026-06-03 20:14:47,31.9250,9.73,1.295,15.432,A,#1,APPROACH,1.500A/A
25494,2026-06-03 20:14:49,32.2375,9.73,1.295,15.432,A,#1,APPROACH,2.000A/A
25495,2026-06-03 20:14:51,32.3875,12.00,1.748,15.432,A,#1,APPROACH,1.000A/A
25496,2026-06-03 20:14:53,32.5125,12.00,1.748,7.270,A,#1,APPROACH,2.138A/A
25497,2026-06-03 20:14:55,32.5125,12.00,1.748,7.270,A,#1,APPROACH,2.500A/A
25498,2026-06-03 20:14:56,32.6125,12.00,1.748,7.270,A,#1,APPROACH,2.000A/A
25499,2026-06-03 20:14:58,32.6875,12.00,1.748,7.270,A,#1,APPROACH,1.500A/A
25500,2026-06-03 20:15:00,32.6875,12.00,1.500,16.815,A,#1,APPROACH,2.000A/A
25501,2026-06-03 20:15:02,32.7125,12.00,1.500,16.815,A,#1,APPROACH,2.627A/A
25502,2026-06-03 20:15:04,32.6875,12.00,1.500,16.815,A,#1,APPROACH,1.000A/A
25503,2026-06-03 20:15:06,32.6500,8.02,1.500,16.815,A,#1,APPROACH,1.000A/A
25504,2026-06-03 20:15:08,32.5750,8.02,1.000,8.210,A,#1,APPROACH,2.000A/A
25505,2026-06-03 20:15:10,32.4125,8.02,1.000,8.210,A,#1,APPROACH,2.500A/A
25506,2026-06-03 20:15:12,32.4125,8.02,1.000,8.210,A,#1,APPROACH,3.000A/A
25507,2026-06-03 20:15:14,32.3000,12.00,1.000,8.210,A,#1,APPROACH,1.000A/A
25508,2026-06-03 20:15:15,32.1750,12.00,1.046,8.530,A,#1,APPROACH,2.000A/A
25509,2026-06-03 20:15:18,31.8375,12.00,1.046,8.530,A,#1,APPROACH,2.000A/A
25510,2026-06-03 20:15:19,31.8375,12.00,1.046,8.530,A,#1,APPROACH,1.000A/A
25511,2026-06-03 20:15:21,31.6625,8.52,1.046,8.530,A,#1,APPROACH,1.500A/A
25512,2026-06-03 20:15:23,31.4875,8.52,1.489,17.832,A,#1,APPROACH,2.000A/A
25513,2026-06-03 20:15:26,31.1000,8.52,1.489,17.832,A,#1,APPROACH,2.500A/A
25514,2026-06-03 20:15:27,31.1000,8.52,1.489,17.832,A,#1,APPROACH,1.500A/A
25515,2026-06-03 20:15:29,30.8750,12.00,1.489,17.832,A,#1,APPROACH,2.500A/A
25516,2026-06-03 20:15:31,30.6500,12.00,1.474,17.520,A,#1,APPROACH,3.000A/A
25517,2026-06-03 20:15:33,30.2000,12.00,1.474,17.520,A,#1,APPROACH,2.000A/A
25518,2026-06-03 20:15:35,30.2000,12.00,1.474,17.520,A,#1,APPROACH,2.000A/A
25519,2026-06-03 20:15:37,29.9750,12.00,1.474,17.520,A,#1,APPROACH,2.000A/A
25520,2026-06-03 20:15:39,29.7000,12.00,1.453,17.268,A,#1,APPROACH,2.957A/A
25521,2026-06-03 20:15:41,29.2000,12.00,1.453,17.268,A,#1,APPROACH,1.000A/A
25522,2026-06-03 20:15:43,29.2000,12.00,1.453,17.268,A,#1,APPROACH,2.000A/A
25523,2026-06-03 20:15:44,28.9375,12.00,1.453,17.268,A,#1,APPROACH,1.000A/A
25524,2026-06-03 20:15:46,28.6625,12.00,1.223,9.040,A,#1,APPROACH,2.000A/A
25525,2026-06-03 20:15:49,28.1375,12.00,1.223,9.040,A,#1,APPROACH,2.000A/A
25526,2026-06-03 20:15:50,28.1375,12.00,1.223,9.040,A,#1,APPROACH,3.000A/A
25527,2026-06-03 20:15:52,27.8625,12.00,1.223,9.040,A,#1,APPROACH,1.000A/A
25528,2026-06-03 20:15:54,27.6375,12.00,1.220,9.080,A,#1,APPROACH,1.000A/A
25529,2026-06-03 20:15:56,27.1125,12.00,1.220,9.080,A,#1,APPROACH,1.500A/A
25530,2026-06-03 20:15:58,27.1125,12.00,1.220,9.080,A,#1,APPROACH,1.000A/A
25531,2026-06-03 20:16:00,26.8875,8.99,1.220,9.080,A,#1,APPROACH,1.000A/A
25532,2026-06-03 20:16:02,26.6375,8.99,1.000,9.110,A,#1,APPROACH,1.000A/A
25533,2026-06-03 20:16:04,26.1625,8.99,1.000,9.110,A,#1,APPROACH,3.000A/A
25534,2026-06-03 20:16:06,26.1625,8.99,1.000,9.110,A,#1,APPROACH,2.500A/A
25535,2026-06-03 20:16:07,25.9375,12.00,1.000,9.110,A,#1,APPROACH,2.000A/A
25536,2026-06-03 20:16:09,25.6875,12.00,1.432,17.076,A,#1,APPROACH,1.500A/A
25537,2026-06-03 20:16:12,25.2500,12.00,1.432,17.076,A,#1,APPROACH,2.500A/A
25538,2026-06-03 20:16:13,25.2500,12.00,1.432,17.076,A,#1,APPROACH,2.500A/A
25539,2026-06-03 20:16:15,25.0375,12.00,1.432,17.076,A,#1,APPROACH,3.000A/A
25540,2026-06-03 20:16:17,24.8125,12.00,1.420,16.920,A,#1,APPROACH,2.500A/A
25541,2026-06-03 20:16:19,24.3750,12.00,1.420,16.920,A,#1,APPROACH,1.000A/A
25542,2026-06-03 20:16:21,24.3750,12.00,1.420,16.920,A,#1,APPROACH,1.000A/A
25543,2026-06-03 20:16:23,24.1625,9.06,1.420,16.920,A,#1,APPROACH,1.500A/A
25544,2026-06-03 20:16:25,23.9375,9.06,1.412,16.872,A,#1,APPROACH,2.000A/A
25545,2026-06-03 20:16:27,23.7500,9.06,1.412,16.872,A,#1,APPROACH,1.500A/A
25546,2026-06-03 20:16:29,23.5000,9.06,1.412,16.872,A,#1,APPROACH,1.500A/A
25547,2026-06-03 20:16:30,23.3250,12.00,1.412,16.872,A,#1,APPROACH,1.000A/A
25548,2026-06-03 20:16:32,23.1250,12.00,1.014,9.230,A,#1,APPROACH,2.500A/A
25549,2026-06-03 20:16:35,22.9250,12.00,1.014,9.230,A,#1,APPROACH,1.500A/A
25550,2026-06-03 20:16:36,22.7250,12.00,1.014,9.230,A,#1,APPROACH,1.500A/A
25551,2026-06-03 20:16:38,22.5125,12.00,1.014,9.230,A,#1,APPROACH,2.500A/A
25552,2026-06-03 20:16:40,22.3125,12.00,1.409,16.812,A,#1,APPROACH,1.500A/A
25553,2026-06-03 20:16:42,22.1375,12.00,1.409,16.812,A,#1,APPROACH,1.500A/A
25554,2026-06-03 20:16:44,21.9625,12.00,1.409,16.812,A,#1,APPROACH,2.000A/A
25555,2026-06-03 20:16:46,21.7625,12.00,1.409,16.812,A,#1,APPROACH,2.500A/A
25556,2026-06-03 20:16:48,21.5625,12.00,1.406,16.740,A,#1,APPROACH,2.500A/A
25557,2026-06-03 20:16:50,21.4250,12.00,1.406,16.740,A,#1,APPROACH,1.500A/A
25558,2026-06-03 20:16:52,21.2500,12.00,1.406,16.740,A,#1,APPROACH,1.500A/A
25559,2026-06-03 20:16:53,21.0500,12.00,1.406,16.740,A,#1,APPROACH,3.000A/A
25560,2026-06-03 20:16:55,20.8750,12.00,1.401,16.704,A,#1,APPROACH,1.000A/A
25561,2026-06-03 20:16:58,20.7000,12.00,1.401,16.704,A,#1,APPROACH,2.500A/A
25562,2026-06-03 20:16:59,20.5500,12.00,1.401,16.704,A,#1,APPROACH,2.500A/A
25563,2026-06-03 20:17:01,20.3875,12.00,1.401,16.704,A,#1,APPROACH,1.000A/A
25564,2026-06-03 20:17:03,20.2125,12.00,1.024,9.310,A,#1,APPROACH,2.000A/A
25565,2026-06-03 20:17:05,20.0750,12.00,1.024,9.310,A,#1,APPROACH,2.000A/A
25566,2026-06-03 20:17:07,19.9500,12.00,1.024,9.310,A,#1,APPROACH,1.500A/A
25567,2026-06-03 20:17:09,19.8000,12.00,1.024,9.310,A,#1,APPROACH,3.000A/A
25568,2026-06-03 20:17:11,19.6250,12.00,1.400,16.704,A,#1,APPROACH,1.500A/A
25569,2026-06-03 20:17:13,19.5125,12.00,1.400,16.704,A,#1,APPROACH,1.500A/A
25570,2026-06-03 20:17:15,19.3875,12.00,1.400,16.704,A,#1,APPROACH,2.995A/A
25571,2026-06-03 20:17:16,19.2625,12.00,1.400,16.704,A,#1,APPROACH,1.000A/A
25572,2026-06-03 20:17:18,19.1125,12.00,1.033,9.310,A,#1,APPROACH,3.000A/A
25573,2026-06-03 20:17:21,19.0125,12.00,1.033,9.310,A,#1,APPROACH,3.000A/A
25574,2026-06-03 20:17:22,18.8625,12.00,1.033,9.310,A,#1,APPROACH,1.500A/A
25575,2026-06-03 20:17:24,18.7625,12.00,1.033,9.310,A,#1,APPROACH,1.000A/A
25576,2026-06-03 20:17:26,18.6125,12.00,1.000,9.300,A,#1,APPROACH,1.000A/A
25577,2026-06-03 20:17:28,18.5125,12.00,1.000,9.300,A,#1,APPROACH,2.000A/A
25578,2026-06-03 20:17:30,18.3625,12.00,1.000,9.300,A,#1,APPROACH,1.500A/A
25579,2026-06-03 20:17:32,18.3000,12.00,1.000,9.300,A,#1,APPROACH,2.500A/A
25580,2026-06-03 20:17:34,18.1500,12.00,1.416,16.860,A,#1,APPROACH,1.000A/A
25581,2026-06-03 20:17:36,18.0625,12.00,1.416,16.860,A,#1,APPROACH,3.000A/A
25582,2026-06-03 20:17:38,17.9875,12.00,1.416,16.860,A,#1,HOLDING,2.000A/A
25583,2026-06-03 20:17:39,17.8875,12.00,1.416,16.860,OFF,#1,HOLDING,0.000A/OFF
25584,2026-06-03 20:17:41,17.7625,12.00,1.416,16.860,OFF,#1,HOLDING,0.000A/OFF
25585,2026-06-03 20:17:42,17.7625,12.00,1.414,16.860,OFF,#1,HOLDING,0.000A/OFF
25586,2026-06-03 20:17:43,17.7000,12.00,1.414,0.000,OFF,#1,HOLDING,0.000A/OFF
25587,2026-06-03 20:17:44,17.7000,12.00,1.414,0.000,OFF,#1,HOLDING,0.000A/OFF
25588,2026-06-03 20:17:45,17.6000,12.00,1.414,0.000,OFF,#1,HOLDING,0.000A/OFF
25589,2026-06-03 20:17:46,17.6000,12.00,1.414,0.000,A,#1,HOLDING,0.100A/A
25590,2026-06-03 20:17:47,17.5250,12.00,0.049,0.000,A,#1,HOLDING,0.108A/A
25591,2026-06-03 20:17:49,17.4500,12.00,0.049,0.201,A,#1,HOLDING,0.135A/A
25592,2026-06-03 20:17:51,17.3750,12.00,0.049,0.201,A,#1,HOLDING,0.139A/A
25593,2026-06-03 20:17:52,17.3500,12.00,0.049,0.201,A,#1,HOLDING,0.155A/A
25594,2026-06-03 20:17:54,17.3375,2.11,0.049,0.201,A,#1,HOLDING,0.174A/A
25595,2026-06-03 20:17:56,17.3125,2.11,0.174,0.393,A,#1,HOLDING,0.191A/A
25596,2026-06-03 20:17:58,17.3125,2.11,0.174,0.393,A,#1,HOLDING,0.208A/A
25597,2026-06-03 20:18:00,17.3125,2.11,0.174,0.393,A,#1,HOLDING,0.220A/A
25598,2026-06-03 20:18:02,17.3125,2.52,0.174,0.393,A,#1,HOLDING,0.233A/A
25599,2026-06-03 20:18:04,17.3375,2.52,0.233,0.615,A,#1,HOLDING,0.248A/A
25600,2026-06-03 20:18:06,17.3750,2.52,0.233,0.615,A,#1,HOLDING,0.269A/A
25601,2026-06-03 20:18:08,17.3750,2.52,0.233,0.615,A,#1,HOLDING,0.281A/A
25602,2026-06-03 20:18:09,17.4125,2.95,0.233,0.615,A,#1,HOLDING,0.297A/A
25603,2026-06-03 20:18:11,17.4375,2.95,0.297,0.926,A,#1,HOLDING,0.313A/A
25604,2026-06-03 20:18:14,17.5000,2.95,0.297,0.926,A,#1,HOLDING,0.341A/A
25605,2026-06-03 20:18:15,17.5000,2.95,0.297,0.926,A,#1,HOLDING,0.354A/A
25606,2026-06-03 20:18:17,17.5625,3.52,0.297,0.926,A,#1,HOLDING,0.378A/A
25607,2026-06-03 20:18:19,17.6125,3.52,0.378,1.432,A,#1,HOLDING,0.401A/A
25608,2026-06-03 20:18:21,17.6250,3.52,0.378,1.432,A,#1,HOLDING,0.432A/A
25609,2026-06-03 20:18:23,17.6500,3.52,0.378,1.432,A,#1,HOLDING,0.449A/A
25610,2026-06-03 20:18:25,17.6875,4.33,0.378,1.432,A,#1,HOLDING,0.474A/A
25611,2026-06-03 20:18:27,17.7375,4.33,0.462,2.208,A,#1,HOLDING,0.505A/A
25612,2026-06-03 20:18:29,17.7875,4.33,0.462,2.208,A,#1,HOLDING,0.544A/A
25613,2026-06-03 20:18:31,17.7875,4.33,0.462,2.208,A,#1,HOLDING,0.565A/A
25614,2026-06-03 20:18:32,17.8250,5.35,0.462,2.208,A,#1,HOLDING,0.595A/A
25615,2026-06-03 20:18:34,17.8250,5.35,0.583,3.391,A,#1,HOLDING,0.621A/A
25616,2026-06-03 20:18:37,17.8750,5.35,0.583,3.391,A,#1,HOLDING,0.666A/A
25617,2026-06-03 20:18:38,17.8750,5.35,0.583,3.391,A,#2,APPROACH,0.691A/A
25618,2026-06-03 20:18:40,17.9125,3.53,0.583,3.391,B,#2,APPROACH,0.107A/B
25619,2026-06-03 20:18:42,17.9375,3.53,0.000,3.391,B,#2,APPROACH,0.133A/B
25620,2026-06-03 20:18:44,17.9375,3.53,0.000,0.000,B,#2,APPROACH,0.184A/B
25621,2026-06-03 20:18:46,17.9375,3.53,0.000,0.000,B,#2,APPROACH,0.251A/B
25622,2026-06-03 20:18:48,17.9750,3.53,0.000,0.000,B,#2,APPROACH,0.306A/B
25623,2026-06-03 20:18:50,17.9500,2.34,0.000,0.000,B,#2,APPROACH,0.379A/B
25624,2026-06-03 20:18:52,18.0125,2.34,0.352,1.148,B,#2,APPROACH,0.435A/B
25625,2026-06-03 20:18:54,18.0625,2.34,0.352,1.148,B,#2,APPROACH,0.516A/B
25626,2026-06-03 20:18:56,18.1000,2.34,0.352,1.148,B,#2,APPROACH,0.561A/B
25627,2026-06-03 20:18:58,18.1750,4.55,0.352,1.148,B,#2,APPROACH,0.617A/B
25628,2026-06-03 20:19:00,18.2250,4.55,0.596,3.183,B,#2,APPROACH,0.672A/B
25629,2026-06-03 20:19:02,18.3000,4.55,0.596,3.183,B,#2,APPROACH,0.738A/B
25630,2026-06-03 20:19:03,18.3875,4.55,0.596,3.183,B,#2,APPROACH,0.776A/B
25631,2026-06-03 20:19:05,18.4875,6.35,0.596,3.183,B,#2,APPROACH,0.815A/B
25632,2026-06-03 20:19:07,18.6000,6.35,0.815,5.623,B,#2,APPROACH,0.848A/B
25633,2026-06-03 20:19:10,18.7000,6.35,0.815,5.623,B,#2,APPROACH,0.897A/B
25634,2026-06-03 20:19:11,18.8500,6.35,0.815,5.623,B,#2,HOLDING,0.867A/B
25635,2026-06-03 20:19:13,18.9500,6.35,0.815,5.623,OFF,#2,HOLDING,0.000A/OFF
25636,2026-06-03 20:19:14,18.9500,7.25,0.815,5.623,OFF,#2,HOLDING,0.000A/OFF
25637,2026-06-03 20:19:15,19.0750,7.25,0.721,5.623,OFF,#2,HOLDING,0.000A/OFF
25638,2026-06-03 20:19:16,19.0750,7.25,0.721,0.000,OFF,#2,HOLDING,0.000A/OFF
25639,2026-06-03 20:19:17,19.2000,7.25,0.721,0.000,OFF,#2,HOLDING,0.000A/OFF
25640,2026-06-03 20:19:18,19.2000,7.25,0.721,0.000,OFF,#2,HOLDING,0.000A/OFF
25641,2026-06-03 20:19:19,19.3625,7.25,0.721,0.000,OFF,#2,HOLDING,0.000A/OFF
25642,2026-06-03 20:19:20,19.3625,12.00,0.721,0.000,OFF,#2,HOLDING,0.000A/OFF
25643,2026-06-03 20:19:21,19.5125,12.00,0.000,0.000,OFF,#2,HOLDING,0.000A/OFF
25644,2026-06-03 20:19:22,19.5125,12.00,0.000,0.000,B,#2,HOLDING,0.106A/B
25645,2026-06-03 20:19:24,19.6125,12.00,0.000,0.000,B,#2,HOLDING,0.101A/B
25646,2026-06-03 20:19:25,19.7625,12.00,0.000,0.000,B,#2,HOLDING,0.112A/B
25647,2026-06-03 20:19:27,19.8625,1.10,0.000,0.000,B,#2,HOLDING,0.101A/B
25648,2026-06-03 20:19:29,20.0125,1.10,0.101,0.000,OFF,#2,HOLDING,0.000A/OFF
25649,2026-06-03 20:19:30,20.0125,1.10,0.101,0.103,OFF,#2,HOLDING,0.101A/B
25650,2026-06-03 20:19:31,20.1000,1.10,0.101,0.103,OFF,#2,HOLDING,0.000A/OFF
25651,2026-06-03 20:19:33,20.2000,1.10,0.101,0.103,OFF,#2,HOLDING,0.000A/OFF
25652,2026-06-03 20:19:34,20.2000,1.10,0.101,0.103,OFF,#2,HOLDING,0.000A/OFF
25653,2026-06-03 20:19:35,20.3000,1.10,0.101,0.103,OFF,#2,HOLDING,0.000A/OFF
25654,2026-06-03 20:19:36,20.3000,12.00,0.000,0.103,OFF,#2,HOLDING,0.000A/OFF
25655,2026-06-03 20:19:37,20.4000,12.00,0.000,0.103,OFF,#2,HOLDING,0.000A/OFF
25656,2026-06-03 20:19:38,20.4000,12.00,0.000,0.000,OFF,#2,HOLDING,0.000A/OFF
25657,2026-06-03 20:19:39,20.4500,12.00,0.000,0.000,OFF,#2,HOLDING,0.000A/OFF
25658,2026-06-03 20:19:40,20.4500,12.00,0.000,0.000,OFF,#2,HOLDING,0.000A/OFF
25659,2026-06-03 20:19:41,20.5500,12.00,0.000,0.000,OFF,#2,HOLDING,0.000A/OFF
25660,2026-06-03 20:19:42,20.5500,12.00,0.000,0.000,OFF,#2,HOLDING,0.000A/OFF
25661,2026-06-03 20:19:43,20.6375,12.00,0.000,0.000,OFF,#2,HOLDING,0.000A/OFF
25662,2026-06-03 20:19:44,20.6375,12.00,0.000,0.000,OFF,#2,HOLDING,0.000A/OFF
25663,2026-06-03 20:19:45,20.7125,12.00,0.000,0.000,OFF,#2,HOLDING,0.000A/OFF
25664,2026-06-03 20:19:46,20.7125,12.00,0.000,0.000,OFF,#2,HOLDING,0.000A/OFF
25665,2026-06-03 20:19:47,20.7875,12.00,0.000,0.000,A,#2,HOLDING,0.120A/A
25666,2026-06-03 20:19:49,20.8375,12.00,0.120,0.000,A,#2,HOLDING,0.205A/A
25667,2026-06-03 20:19:50,20.9125,12.00,0.120,0.352,A,#2,HOLDING,0.257A/A
25668,2026-06-03 20:19:52,20.9625,12.00,0.120,0.352,A,#2,HOLDING,0.289A/A
25669,2026-06-03 20:19:54,21.0000,12.00,0.120,0.352,A,#2,HOLDING,0.329A/A
25670,2026-06-03 20:19:56,21.0500,2.78,0.120,0.352,A,#2,HOLDING,0.376A/A
25671,2026-06-03 20:19:57,21.1000,2.78,0.376,1.259,A,#2,HOLDING,0.426A/A
25672,2026-06-03 20:20:00,21.1250,2.78,0.376,1.259,A,#2,HOLDING,0.488A/A
25673,2026-06-03 20:20:01,21.1875,2.78,0.376,1.259,A,#2,HOLDING,0.538A/A
25674,2026-06-03 20:20:03,21.1875,4.59,0.376,1.259,A,#2,HOLDING,0.584A/A
25675,2026-06-03 20:20:05,21.1875,4.59,0.584,3.071,A,#2,HOLDING,0.633A/A
25676,2026-06-03 20:20:07,21.2125,4.59,0.584,3.071,A,#2,HOLDING,0.696A/A
25677,2026-06-03 20:20:09,21.2125,4.59,0.584,3.071,A,#2,HOLDING,0.741A/A
25678,2026-06-03 20:20:11,21.2125,6.39,0.584,3.071,A,#2,HOLDING,0.794A/A
25679,2026-06-03 20:20:13,21.1875,6.39,0.794,5.558,A,#2,HOLDING,0.839A/A
25680,2026-06-03 20:20:15,21.1625,6.39,0.794,5.558,A,#2,HOLDING,0.901A/A
25681,2026-06-03 20:20:17,21.1250,6.39,0.794,5.558,A,#2,HOLDING,0.938A/A
25682,2026-06-03 20:20:19,21.1250,7.98,0.794,5.558,A,#2,HOLDING,0.989A/A
25683,2026-06-03 20:20:20,21.0625,7.98,0.989,8.446,A,#2,HOLDING,1.028A/A
25684,2026-06-03 20:20:23,21.0125,7.98,0.989,8.446,A,#2,HOLDING,1.084A/A
25685,2026-06-03 20:20:24,20.9375,7.98,0.989,8.446,A,#2,HOLDING,1.108A/A
25686,2026-06-03 20:20:26,20.8875,9.30,0.989,8.446,A,#2,HOLDING,1.147A/A
25687,2026-06-03 20:20:28,20.8375,9.30,1.147,11.217,A,#2,HOLDING,1.000A/A
25688,2026-06-03 20:20:31,20.7125,9.30,1.147,11.217,A,#2,HOLDING,1.129A/A
25689,2026-06-03 20:20:32,20.6750,9.30,1.147,11.217,A,#2,HOLDING,1.000A/A
25690,2026-06-03 20:20:34,20.5750,8.69,1.147,11.217,A,#2,HOLDING,1.000A/A
25691,2026-06-03 20:20:36,20.4625,8.69,1.000,8.850,A,#2,HOLDING,1.152A/A
25692,2026-06-03 20:20:38,20.3875,8.69,1.000,8.850,A,#2,HOLDING,1.000A/A
25693,2026-06-03 20:20:40,20.3000,8.69,1.000,8.850,A,#2,HOLDING,1.179A/A
25694,2026-06-03 20:20:42,20.1750,9.99,1.000,8.850,A,#2,HOLDING,1.192A/A
25695,2026-06-03 20:20:44,20.1125,9.99,1.192,12.265,A,#2,HOLDING,1.000A/A
25696,2026-06-03 20:20:46,20.0125,9.99,1.192,12.265,A,#2,HOLDING,1.000A/A
25697,2026-06-03 20:20:47,19.8875,9.99,1.192,12.265,A,#2,HOLDING,1.204A/A
25698,2026-06-03 20:20:49,19.7625,10.27,1.192,12.265,A,#2,HOLDING,1.197A/A
25699,2026-06-03 20:20:51,19.6500,10.27,1.197,12.460,A,#2,HOLDING,1.000A/A
25700,2026-06-03 20:20:54,19.5500,10.27,1.197,12.460,A,#3,APPROACH,1.000A/A
25701,2026-06-03 20:20:55,19.4250,10.27,1.197,12.460,B,#3,APPROACH,0.189A/B
25702,2026-06-03 20:20:57,19.4250,10.27,1.197,12.460,B,#3,APPROACH,0.214A/B
25703,2026-06-03 20:20:59,19.2125,6.62,1.197,12.460,B,#3,APPROACH,0.293A/B
25704,2026-06-03 20:21:01,19.1125,6.62,0.682,0.641,B,#3,APPROACH,0.386A/B
25705,2026-06-03 20:21:03,19.0500,6.62,0.682,0.641,B,#3,APPROACH,0.513A/B
25706,2026-06-03 20:21:05,19.0000,6.62,0.682,0.641,B,#3,APPROACH,0.608A/B
25707,2026-06-03 20:21:07,19.0125,4.66,0.682,0.641,B,#3,APPROACH,0.717A/B
25708,2026-06-03 20:21:09,19.0375,4.66,0.704,4.187,B,#3,APPROACH,0.840A/B
25709,2026-06-03 20:21:11,19.0625,4.66,0.704,4.187,B,#3,APPROACH,1.020A/B
25710,2026-06-03 20:21:13,19.0875,4.66,0.704,4.187,B,#3,APPROACH,1.140A/B
25711,2026-06-03 20:21:15,19.1375,8.85,0.704,4.187,B,#3,APPROACH,1.000A/B
25712,2026-06-03 20:21:16,19.2125,8.85,1.000,8.160,B,#3,APPROACH,1.270A/B
25713,2026-06-03 20:21:19,19.3250,8.85,1.000,8.160,B,#3,APPROACH,1.430A/B
25714,2026-06-03 20:21:20,19.4250,8.85,1.000,8.160,B,#3,APPROACH,1.500A/B
25715,2026-06-03 20:21:22,19.5375,11.47,1.000,8.160,B,#3,APPROACH,1.000A/B
25716,2026-06-03 20:21:24,19.6375,11.47,1.017,8.390,B,#3,APPROACH,1.000A/B
25717,2026-06-03 20:21:26,19.8000,11.47,1.017,8.390,B,#3,APPROACH,1.500A/B
25718,2026-06-03 20:21:28,19.9750,11.47,1.017,8.390,B,#3,APPROACH,1.467A/B
25719,2026-06-03 20:21:30,20.1125,11.55,1.017,8.390,B,#3,APPROACH,1.559A/B
25720,2026-06-03 20:21:32,20.3125,11.55,1.517,17.988,B,#3,APPROACH,1.638A/B
25721,2026-06-03 20:21:34,20.4875,11.55,1.517,17.988,B,#3,APPROACH,1.000A/B
25722,2026-06-03 20:21:36,20.6875,11.55,1.517,17.988,B,#3,APPROACH,1.500A/B
25723,2026-06-03 20:21:38,20.9000,12.00,1.517,17.988,B,#3,APPROACH,1.722A/B
25724,2026-06-03 20:21:40,21.1250,12.00,1.464,17.328,B,#3,APPROACH,1.769A/B
25725,2026-06-03 20:21:42,21.3375,12.00,1.464,17.328,B,#3,APPROACH,1.000A/B
25726,2026-06-03 20:21:43,21.5625,12.00,1.464,17.328,B,#3,APPROACH,1.500A/B
25727,2026-06-03 20:21:45,21.8125,12.00,1.464,17.328,B,#3,APPROACH,1.500A/B
25728,2026-06-03 20:21:47,22.0875,12.00,1.425,16.884,B,#3,HOLDING,1.747A/B
25729,2026-06-03 20:21:50,22.3375,12.00,1.425,16.884,OFF,#3,HOLDING,0.000A/OFF
25730,2026-06-03 20:21:51,22.3375,12.00,1.425,16.884,OFF,#3,HOLDING,0.000A/OFF
25731,2026-06-03 20:21:52,22.5875,12.00,1.425,16.884,OFF,#3,HOLDING,0.000A/OFF
25732,2026-06-03 20:21:53,22.5875,12.00,1.425,16.884,OFF,#3,HOLDING,0.000A/OFF
25733,2026-06-03 20:21:54,22.8625,12.00,0.000,16.884,OFF,#3,HOLDING,0.000A/OFF
25734,2026-06-03 20:21:55,22.8625,12.00,0.000,16.884,OFF,#3,HOLDING,0.000A/OFF
25735,2026-06-03 20:21:56,23.1375,12.00,0.000,0.000,OFF,#3,HOLDING,0.000A/OFF
25736,2026-06-03 20:21:57,23.1375,12.00,0.000,0.000,OFF,#3,HOLDING,0.000A/OFF
25737,2026-06-03 20:21:58,23.4000,12.00,0.000,0.000,OFF,#3,HOLDING,0.000A/OFF
25738,2026-06-03 20:21:59,23.6500,12.00,0.000,0.000,OFF,#3,HOLDING,0.000A/OFF
25739,2026-06-03 20:22:00,23.6500,12.00,0.000,0.000,OFF,#3,HOLDING,0.000A/OFF
25740,2026-06-03 20:22:01,23.8625,12.00,0.000,0.000,A,#3,HOLDING,0.100A/A
25741,2026-06-03 20:22:03,24.0875,12.00,0.000,0.000,A,#3,HOLDING,0.189A/A
25742,2026-06-03 20:22:05,24.3000,12.00,0.000,0.000,A,#3,HOLDING,0.270A/A
25743,2026-06-03 20:22:06,24.4500,1.77,0.000,0.000,A,#3,HOLDING,0.312A/A
25744,2026-06-03 20:22:08,24.6125,1.77,0.289,0.720,A,#3,HOLDING,0.382A/A
25745,2026-06-03 20:22:11,24.7625,1.77,0.289,0.720,A,#3,HOLDING,0.465A/A
25746,2026-06-03 20:22:12,24.8500,1.77,0.289,0.720,A,#3,HOLDING,0.527A/A
25747,2026-06-03 20:22:14,24.9750,4.17,0.289,0.720,A,#3,HOLDING,0.607A/A
25748,2026-06-03 20:22:16,25.0375,4.17,0.565,3.010,A,#3,HOLDING,0.683A/A
25749,2026-06-03 20:22:18,25.1375,4.17,0.565,3.010,A,#3,HOLDING,0.792A/A
25750,2026-06-03 20:22:20,25.1875,4.17,0.565,3.010,A,#3,HOLDING,0.861A/A
25751,2026-06-03 20:22:22,25.2375,6.98,0.565,3.010,A,#3,HOLDING,0.950A/A
25752,2026-06-03 20:22:24,25.2625,6.98,0.903,7.467,A,#3,HOLDING,1.032A/A
25753,2026-06-03 20:22:26,25.2625,6.98,0.903,7.467,A,#3,HOLDING,1.139A/A
25754,2026-06-03 20:22:28,25.2875,6.98,0.903,7.467,A,#3,HOLDING,1.000A/A
25755,2026-06-03 20:22:30,25.2625,8.23,0.903,7.467,A,#3,HOLDING,1.207A/A
25756,2026-06-03 20:22:31,25.2125,8.23,1.100,11.852,A,#3,HOLDING,1.285A/A
25757,2026-06-03 20:22:34,25.1625,8.23,1.100,11.852,A,#3,HOLDING,1.383A/A
25758,2026-06-03 20:22:35,25.0875,8.23,1.100,11.852,A,#3,HOLDING,1.443A/A
25759,2026-06-03 20:22:37,24.9875,11.35,1.100,11.852,A,#3,HOLDING,1.512A/A
25760,2026-06-03 20:22:39,24.9500,11.35,1.474,17.988,A,#3,HOLDING,1.586A/A
25761,2026-06-03 20:22:41,24.8250,11.35,1.474,17.988,A,#3,HOLDING,1.671A/A
25762,2026-06-03 20:22:43,24.7125,11.35,1.474,17.988,A,#3,HOLDING,1.720A/A
25763,2026-06-03 20:22:45,24.6125,12.00,1.474,17.988,A,#3,HOLDING,1.500A/A
25764,2026-06-03 20:22:47,24.4625,12.00,1.484,17.616,A,#3,HOLDING,1.000A/A
25765,2026-06-03 20:22:49,24.3125,12.00,1.484,17.616,A,#3,HOLDING,1.753A/A
25766,2026-06-03 20:22:51,24.1750,12.00,1.484,17.616,A,#3,HOLDING,1.500A/A
25767,2026-06-03 20:22:53,24.0500,12.00,1.484,17.616,A,#3,HOLDING,1.500A/A
25768,2026-06-03 20:22:54,23.8875,12.00,1.460,17.364,A,#3,HOLDING,1.716A/A
25769,2026-06-03 20:22:57,23.6875,12.00,1.460,17.364,A,#3,HOLDING,1.755A/A
25770,2026-06-03 20:22:58,23.5500,12.00,1.460,17.364,A,#3,HOLDING,1.773A/A
25771,2026-06-03 20:23:00,23.3750,12.00,1.460,17.364,A,#3,HOLDING,1.790A/A
25772,2026-06-03 20:23:02,23.2000,12.00,1.438,17.136,A,#3,HOLDING,1.800A/A
25773,2026-06-03 20:23:05,23.0250,12.00,1.438,17.136,A,#3,HOLDING,1.000A/A
25774,2026-06-03 20:23:06,22.8250,12.00,1.438,17.136,A,#3,HOLDING,1.000A/A
25775,2026-06-03 20:23:08,22.6250,9.05,1.438,17.136,A,#3,HOLDING,1.800A/A
25776,2026-06-03 20:23:10,22.4625,9.05,1.212,17.040,A,#3,HOLDING,1.781A/A
25777,2026-06-03 20:23:12,22.3125,9.05,1.212,17.040,A,#3,HOLDING,1.763A/A
25778,2026-06-03 20:23:14,22.1375,9.05,1.212,17.040,A,#3,HOLDING,1.500A/A
25779,2026-06-03 20:23:16,21.9375,12.00,1.212,17.040,A,#3,HOLDING,1.500A/A
25780,2026-06-03 20:23:18,21.7625,12.00,1.419,16.896,A,#3,HOLDING,1.500A/A
25781,2026-06-03 20:23:20,21.6125,12.00,1.419,16.896,A,#3,HOLDING,1.671A/A
25782,2026-06-03 20:23:21,21.4500,12.00,1.419,16.896,A,#3,HOLDING,1.617A/A
25783,2026-06-03 20:23:23,21.2500,12.00,1.419,16.896,A,#3,HOLDING,1.542A/A
25784,2026-06-03 20:23:25,21.0875,12.00,1.409,16.812,A,#3,HOLDING,1.462A/A
25785,2026-06-03 20:23:28,20.9125,12.00,1.409,16.812,A,#3,HOLDING,1.364A/A
25786,2026-06-03 20:23:29,20.7625,12.00,1.409,16.812,A,#3,HOLDING,1.290A/A
25787,2026-06-03 20:23:31,20.5625,11.16,1.409,16.812,A,#3,HOLDING,1.188A/A
25788,2026-06-03 20:23:33,20.5625,11.16,1.237,12.569,A,#3,HOLDING,1.117A/A
25789,2026-06-03 20:23:35,20.2500,11.16,1.237,12.569,A,#3,HOLDING,0.967A/A
25790,2026-06-03 20:23:37,20.1375,11.16,1.237,12.569,A,#3,HOLDING,0.880A/A
25791,2026-06-03 20:23:39,19.9375,8.37,1.237,12.569,A,#3,HOLDING,0.737A/A
25792,2026-06-03 20:23:41,19.9375,8.37,0.800,5.475,A,#3,HOLDING,0.655A/A
25793,2026-06-03 20:23:43,19.6750,8.37,0.800,5.475,A,#3,HOLDING,0.513A/A
25794,2026-06-03 20:23:45,19.5500,8.37,0.800,5.475,A,#3,HOLDING,0.400A/A
25795,2026-06-03 20:23:46,19.4250,4.65,0.800,5.475,A,#3,HOLDING,0.261A/A
25796,2026-06-03 20:23:48,19.4250,4.65,0.315,0.944,A,#3,HOLDING,0.140A/A
25797,2026-06-03 20:23:51,19.1750,4.65,0.315,0.944,OFF,#3,HOLDING,0.000A/OFF
25798,2026-06-03 20:23:52,19.1750,4.65,0.315,0.944,OFF,#3,HOLDING,0.123A/B
25799,2026-06-03 20:23:54,19.1125,4.65,0.315,0.944,B,#3,HOLDING,0.274A/B
25800,2026-06-03 20:23:55,19.0125,12.00,0.274,0.944,B,#3,HOLDING,0.400A/B
25801,2026-06-03 20:23:57,18.9375,12.00,0.274,1.064,B,#3,HOLDING,0.554A/B
25802,2026-06-03 20:23:59,18.8875,12.00,0.274,1.064,B,#3,HOLDING,0.684A/B
25803,2026-06-03 20:24:00,18.8125,12.00,0.274,1.064,B,#3,HOLDING,0.818A/B
25804,2026-06-03 20:24:02,18.8125,6.16,0.274,1.064,B,#3,HOLDING,0.970A/B
25805,2026-06-03 20:24:04,18.8125,6.16,0.918,7.304,B,#3,HOLDING,1.000A/B
25806,2026-06-03 20:24:06,18.8125,6.16,0.918,7.304,B,#3,HOLDING,1.000A/B
25807,2026-06-03 20:24:08,18.8500,6.16,0.918,7.304,B,#3,HOLDING,1.114A/B
25808,2026-06-03 20:24:10,18.9000,8.68,0.918,7.304,B,#3,HOLDING,1.000A/B
25809,2026-06-03 20:24:12,18.9750,8.68,1.029,8.100,B,#3,HOLDING,1.000A/B
25810,2026-06-03 20:24:14,19.0750,8.68,1.029,8.100,B,#3,HOLDING,1.000A/B
25811,2026-06-03 20:24:16,19.2000,8.68,1.029,8.100,B,#3,HOLDING,1.237A/B
25812,2026-06-03 20:24:17,19.3250,9.73,1.029,8.100,B,#3,HOLDING,1.000A/B
25813,2026-06-03 20:24:19,19.4250,9.73,1.016,8.380,B,#3,HOLDING,1.358A/B
25814,2026-06-03 20:24:22,19.5750,9.73,1.016,8.380,B,#3,HOLDING,1.511A/B
25815,2026-06-03 20:24:23,19.7375,9.73,1.016,8.380,B,#3,HOLDING,1.601A/B
25816,2026-06-03 20:24:25,19.9375,12.00,1.016,8.380,B,#3,HOLDING,1.659A/B
25817,2026-06-03 20:24:27,20.0875,12.00,1.519,17.988,B,#3,HOLDING,1.000A/B
25818,2026-06-03 20:24:29,20.2625,12.00,1.519,17.988,B,#3,HOLDING,1.000A/B
25819,2026-06-03 20:24:31,20.4625,12.00,1.519,17.988,B,#3,HOLDING,1.735A/B
25820,2026-06-03 20:24:33,20.6875,12.00,1.519,17.988,B,#3,HOLDING,1.799A/B
25821,2026-06-03 20:24:35,20.9000,12.00,1.471,17.412,B,#3,HOLDING,1.856A/B
25822,2026-06-03 20:24:37,21.1500,12.00,1.471,17.412,B,#3,HOLDING,1.932A/B
25823,2026-06-03 20:24:39,21.3750,12.00,1.471,17.412,B,#3,HOLDING,1.500A/B
25824,2026-06-03 20:24:40,21.6250,12.00,1.471,17.412,B,#3,HOLDING,1.000A/B
25825,2026-06-03 20:24:42,21.8750,12.00,1.032,9.110,B,#3,HOLDING,1.000A/B
25826,2026-06-03 20:24:45,22.1500,12.00,1.032,9.110,B,#3,HOLDING,1.000A/B
25827,2026-06-03 20:24:46,22.3750,12.00,1.032,9.110,B,#3,HOLDING,1.888A/B
25828,2026-06-03 20:24:48,22.6750,12.00,1.032,9.110,B,#3,HOLDING,1.000A/B
25829,2026-06-03 20:24:50,22.9250,12.00,1.063,9.220,B,#3,HOLDING,1.500A/B
25830,2026-06-03 20:24:52,23.1750,12.00,1.063,9.220,B,#3,HOLDING,1.896A/B
25831,2026-06-03 20:24:54,23.4375,12.00,1.063,9.220,B,#3,HOLDING,1.877A/B
25832,2026-06-03 20:24:56,23.7125,12.00,1.063,9.220,B,#3,HOLDING,1.000A/B
25833,2026-06-03 20:24:58,23.9625,12.00,1.144,9.330,B,#3,HOLDING,1.783A/B
25834,2026-06-03 20:25:00,24.2375,12.00,1.144,9.330,B,#3,HOLDING,1.000A/B
25835,2026-06-03 20:25:02,24.4875,12.00,1.144,9.330,B,#3,HOLDING,1.697A/B
25836,2026-06-03 20:25:04,24.7375,12.00,1.144,9.330,B,#3,HOLDING,1.614A/B
25837,2026-06-03 20:25:05,25.0000,12.00,1.372,16.296,B,#3,HOLDING,1.000A/B
25838,2026-06-03 20:25:08,25.2500,12.00,1.372,16.296,B,#3,HOLDING,1.500A/B
25839,2026-06-03 20:25:09,25.5250,12.00,1.372,16.296,B,#3,HOLDING,1.490A/B
25840,2026-06-03 20:25:11,25.7750,12.00,1.372,16.296,B,#3,HOLDING,1.370A/B
25841,2026-06-03 20:25:13,26.0000,12.00,1.355,16.104,B,#3,HOLDING,1.301A/B
25842,2026-06-03 20:25:16,26.2750,12.00,1.355,16.104,B,#3,HOLDING,1.131A/B
25843,2026-06-03 20:25:17,26.5000,12.00,1.355,16.104,B,#3,HOLDING,1.000A/B
25844,2026-06-03 20:25:19,26.8000,9.50,1.355,16.104,B,#3,HOLDING,0.986A/B
25845,2026-06-03 20:25:21,27.0250,9.50,0.986,9.455,B,#3,HOLDING,0.820A/B
25846,2026-06-03 20:25:23,27.2500,9.50,0.986,9.455,B,#3,HOLDING,0.605A/B
25847,2026-06-03 20:25:25,27.5000,9.50,0.986,9.455,B,#3,HOLDING,0.445A/B
25848,2026-06-03 20:25:27,27.7500,5.40,0.986,9.455,B,#3,HOLDING,0.248A/B
25849,2026-06-03 20:25:29,27.9625,5.40,0.315,9.455,OFF,#3,HOLDING,0.000A/OFF
25850,2026-06-03 20:25:30,27.9625,5.40,0.315,0.910,OFF,#3,HOLDING,0.000A/OFF
25851,2026-06-03 20:25:31,28.1875,5.40,0.315,0.910,A,#3,HOLDING,0.166A/A
25852,2026-06-03 20:25:32,28.1875,5.40,0.315,0.910,A,#3,HOLDING,0.336A/A
25853,2026-06-03 20:25:34,28.5625,1.81,0.315,0.910,A,#3,HOLDING,0.578A/A
25854,2026-06-03 20:25:36,28.5625,1.81,0.578,2.375,A,#3,HOLDING,0.773A/A
25855,2026-06-03 20:25:38,28.8750,1.81,0.578,2.375,A,#3,HOLDING,1.080A/A
25856,2026-06-03 20:25:40,28.8750,1.81,0.578,2.375,A,#3,HOLDING,1.259A/A
25857,2026-06-03 20:25:42,29.0750,9.31,0.578,2.375,A,#3,HOLDING,1.000A/A
25858,2026-06-03 20:25:44,29.0750,9.31,1.000,7.800,A,#3,HOLDING,1.499A/A
25859,2026-06-03 20:25:46,29.2125,9.31,1.000,7.800,A,#3,HOLDING,1.814A/A
25860,2026-06-03 20:25:48,29.2125,9.31,1.000,7.800,A,#3,HOLDING,2.000A/A
25861,2026-06-03 20:25:49,29.3000,12.00,1.000,7.800,A,#3,HOLDING,2.000A/A
25862,2026-06-03 20:25:51,29.3000,12.00,1.583,18.696,A,#3,HOLDING,1.500A/A
25863,2026-06-03 20:25:54,29.2500,12.00,1.583,18.696,A,#3,HOLDING,1.500A/A
25864,2026-06-03 20:25:55,29.1875,12.00,1.583,18.696,A,#3,HOLDING,1.000A/A
25865,2026-06-03 20:25:57,29.1125,8.37,1.583,18.696,A,#3,HOLDING,1.989A/A
25866,2026-06-03 20:25:59,29.1125,8.37,1.264,18.132,A,#3,HOLDING,2.221A/A
25867,2026-06-03 20:26:01,28.8625,8.37,1.264,18.132,A,#3,HOLDING,2.000A/A
25868,2026-06-03 20:26:03,28.8625,8.37,1.264,18.132,A,#3,HOLDING,1.500A/A
25869,2026-06-03 20:26:05,28.5500,11.96,1.264,18.132,A,#3,HOLDING,2.000A/A
25870,2026-06-03 20:26:07,28.5500,11.96,1.487,17.640,A,#3,HOLDING,2.000A/A
25871,2026-06-03 20:26:09,28.2500,11.96,1.487,17.640,A,#3,HOLDING,2.446A/A
25872,2026-06-03 20:26:11,28.0750,11.96,1.487,17.640,A,#3,HOLDING,2.500A/A
25873,2026-06-03 20:26:12,27.8750,12.00,1.487,17.640,A,#3,HOLDING,2.000A/A
25874,2026-06-03 20:26:14,27.8750,12.00,1.460,17.364,A,#3,HOLDING,2.000A/A
25875,2026-06-03 20:26:17,27.5000,12.00,1.460,17.364,A,#3,HOLDING,2.500A/A
25876,2026-06-03 20:26:18,27.3125,12.00,1.460,17.364,A,#3,HOLDING,1.500A/A
25877,2026-06-03 20:26:20,27.0625,12.00,1.460,17.364,A,#3,HOLDING,2.000A/A
25878,2026-06-03 20:26:22,27.0625,12.00,1.448,17.172,A,#3,HOLDING,2.553A/A
25879,2026-06-03 20:26:24,26.6875,12.00,1.448,17.172,A,#3,HOLDING,1.000A/A
25880,2026-06-03 20:26:26,26.4750,12.00,1.448,17.172,A,#3,HOLDING,2.500A/A
25881,2026-06-03 20:26:28,26.2250,12.00,1.448,17.172,A,#3,HOLDING,2.500A/A
25882,2026-06-03 20:26:30,26.2250,12.00,1.428,16.992,A,#3,HOLDING,1.000A/A
25883,2026-06-03 20:26:32,25.7625,12.00,1.428,16.992,A,#3,HOLDING,2.500A/A
25884,2026-06-03 20:26:34,25.5625,12.00,1.428,16.992,A,#3,HOLDING,1.000A/A
25885,2026-06-03 20:26:36,25.3125,9.05,1.428,16.992,A,#3,HOLDING,1.500A/A
25886,2026-06-03 20:26:37,25.3125,9.05,1.221,16.944,A,#3,HOLDING,2.609A/A
25887,2026-06-03 20:26:40,24.8750,9.05,1.221,16.944,A,#3,HOLDING,2.500A/A
25888,2026-06-03 20:26:41,24.6875,9.05,1.221,16.944,A,#3,HOLDING,1.500A/A
25889,2026-06-03 20:26:43,24.4375,12.00,1.221,16.944,A,#3,HOLDING,2.000A/A
25890,2026-06-03 20:26:45,24.4375,12.00,1.413,16.836,A,#3,HOLDING,2.662A/A
25891,2026-06-03 20:26:47,24.0500,12.00,1.413,16.836,A,#3,HOLDING,1.000A/A
25892,2026-06-03 20:26:49,23.8500,12.00,1.413,16.836,A,#3,HOLDING,2.500A/A
25893,2026-06-03 20:26:51,23.6000,12.00,1.413,16.836,A,#3,HOLDING,2.000A/A
25894,2026-06-03 20:26:53,23.6000,12.00,1.405,16.764,A,#3,HOLDING,1.500A/A
25895,2026-06-03 20:26:55,23.1875,12.00,1.405,16.764,A,#3,HOLDING,2.500A/A
25896,2026-06-03 20:26:57,23.0125,12.00,1.405,16.764,A,#3,HOLDING,1.000A/A
25897,2026-06-03 20:26:59,22.8125,9.18,1.405,16.764,A,#4,APPROACH,1.000A/A
25898,2026-06-03 20:27:00,22.8125,9.18,1.000,16.764,OFF,#4,HOLDING,0.000A/OFF
25899,2026-06-03 20:27:01,22.6125,9.18,1.000,16.764,OFF,#4,HOLDING,0.000A/OFF
25900,2026-06-03 20:27:02,22.4375,9.18,1.000,0.000,B,#4,HOLDING,0.102A/B
25901,2026-06-03 20:27:05,22.2375,9.18,1.000,0.000,B,#4,HOLDING,0.229A/B
25902,2026-06-03 20:27:06,22.0625,9.18,1.000,0.000,B,#4,HOLDING,0.266A/B
25903,2026-06-03 20:27:08,22.0625,1.63,1.000,0.000,B,#4,HOLDING,0.276A/B
25904,2026-06-03 20:27:10,21.9000,1.63,0.276,0.499,B,#4,HOLDING,0.339A/B
25905,2026-06-03 20:27:12,21.8250,1.63,0.276,0.499,B,#4,HOLDING,0.404A/B
25906,2026-06-03 20:27:14,21.7125,1.63,0.276,0.499,B,#4,HOLDING,0.477A/B
25907,2026-06-03 20:27:16,21.6125,3.60,0.276,0.499,B,#4,HOLDING,0.543A/B
25908,2026-06-03 20:27:17,21.5625,3.60,0.508,2.340,B,#4,HOLDING,0.613A/B
25909,2026-06-03 20:27:20,21.5125,3.60,0.508,2.340,B,#4,HOLDING,0.695A/B
25910,2026-06-03 20:27:21,21.4625,3.60,0.508,2.340,B,#4,HOLDING,0.756A/B
25911,2026-06-03 20:27:23,21.4875,6.06,0.508,2.340,B,#4,HOLDING,0.818A/B
25912,2026-06-03 20:27:25,21.4625,6.06,0.791,5.488,B,#4,HOLDING,0.889A/B
25913,2026-06-03 20:27:27,21.4875,6.06,0.791,5.488,B,#4,HOLDING,0.970A/B
25914,2026-06-03 20:27:29,21.5125,6.06,0.791,5.488,B,#4,HOLDING,1.029A/B
25915,2026-06-03 20:27:31,21.5625,8.30,0.791,5.488,B,#4,HOLDING,1.088A/B
25916,2026-06-03 20:27:33,21.6375,8.30,1.060,9.672,B,#4,HOLDING,1.000A/B
25917,2026-06-03 20:27:35,21.6875,8.30,1.060,9.672,B,#4,HOLDING,1.141A/B
25918,2026-06-03 20:27:37,21.7875,8.30,1.060,9.672,B,#4,HOLDING,1.181A/B
25919,2026-06-03 20:27:39,21.8875,9.62,1.060,9.672,B,#4,HOLDING,1.229A/B
25920,2026-06-03 20:27:41,21.9875,9.62,1.211,12.425,B,#4,HOLDING,1.270A/B
25921,2026-06-03 20:27:43,22.1125,9.62,1.211,12.425,B,#4,HOLDING,1.327A/B
25922,2026-06-03 20:27:44,22.2375,9.62,1.211,12.425,B,#4,HOLDING,1.000A/B
25923,2026-06-03 20:27:46,22.3875,8.62,1.211,12.425,B,#4,HOLDING,1.000A/B
25924,2026-06-03 20:27:48,22.5125,8.62,1.000,8.830,B,#4,HOLDING,1.000A/B
25925,2026-06-03 20:27:51,22.6875,8.62,1.000,8.830,B,#4,HOLDING,1.290A/B
25926,2026-06-03 20:27:52,22.8625,8.62,1.000,8.830,B,#4,HOLDING,1.303A/B
25927,2026-06-03 20:27:54,23.0125,10.79,1.000,8.830,B,#4,HOLDING,1.000A/B
25928,2026-06-03 20:27:56,23.1875,10.79,1.052,8.920,B,#4,HOLDING,1.313A/B
25929,2026-06-03 20:27:58,23.3875,10.79,1.052,8.920,B,#4,HOLDING,1.318A/B
25930,2026-06-03 20:28:00,23.6125,10.79,1.052,8.920,B,#4,HOLDING,1.300A/B
25931,2026-06-03 20:28:02,23.7875,10.95,1.052,8.920,B,#4,HOLDING,1.285A/B
25932,2026-06-03 20:28:04,23.9875,10.95,1.285,14.314,B,#4,HOLDING,1.259A/B
25933,2026-06-03 20:28:06,24.1875,10.95,1.285,14.314,B,#4,HOLDING,1.230A/B
25934,2026-06-03 20:28:08,24.3375,10.95,1.285,14.314,B,#4,HOLDING,1.200A/B
25935,2026-06-03 20:28:09,24.5625,10.55,1.285,14.314,B,#4,HOLDING,1.095A/B
25936,2026-06-03 20:28:11,24.7500,10.55,1.120,10.906,B,#4,HOLDING,1.032A/B
25937,2026-06-03 20:28:14,24.9750,10.55,1.120,10.906,B,#4,HOLDING,0.944A/B
25938,2026-06-03 20:28:15,25.1875,10.55,1.120,10.906,B,#4,HOLDING,0.873A/B
25939,2026-06-03 20:28:17,25.4375,8.36,1.120,10.906,B,#4,HOLDING,0.777A/B
25940,2026-06-03 20:28:19,25.6125,8.36,0.811,6.021,B,#4,HOLDING,0.685A/B
25941,2026-06-03 20:28:21,25.8375,8.36,0.811,6.021,B,#4,HOLDING,0.564A/B
25942,2026-06-03 20:28:23,26.0500,8.36,0.811,6.021,B,#4,HOLDING,0.468A/B
25943,2026-06-03 20:28:25,26.2500,5.30,0.811,6.021,B,#4,HOLDING,0.347A/B
25944,2026-06-03 20:28:27,26.4375,5.30,0.406,1.512,B,#4,HOLDING,0.271A/B
25945,2026-06-03 20:28:29,26.6375,5.30,0.406,1.512,B,#4,HOLDING,0.108A/B
25946,2026-06-03 20:28:31,26.8625,5.30,0.406,1.512,OFF,#4,HOLDING,0.000A/OFF
25947,2026-06-03 20:28:32,27.0125,5.30,0.406,1.512,OFF,#4,HOLDING,0.100A/A
25948,2026-06-03 20:28:33,27.1750,12.00,0.000,1.512,A,#4,HOLDING,0.225A/A
25949,2026-06-03 20:28:35,27.3250,12.00,0.000,0.247,A,#4,HOLDING,0.372A/A
25950,2026-06-03 20:28:37,27.3250,12.00,0.000,0.247,A,#4,HOLDING,0.488A/A
25951,2026-06-03 20:28:38,27.4750,12.00,0.000,0.247,A,#4,HOLDING,0.627A/A
25952,2026-06-03 20:28:40,27.5750,4.59,0.000,0.247,A,#4,HOLDING,0.784A/A
25953,2026-06-03 20:28:42,27.7250,4.59,0.753,4.798,A,#4,HOLDING,0.959A/A
25954,2026-06-03 20:28:44,27.8250,4.59,0.753,4.798,A,#4,HOLDING,1.173A/A
25955,2026-06-03 20:28:46,27.8875,4.59,0.753,4.798,A,#4,HOLDING,1.319A/A
25956,2026-06-03 20:28:48,27.9375,9.95,0.753,4.798,A,#4,HOLDING,1.489A/A
25957,2026-06-03 20:28:50,27.9750,9.95,1.450,17.019,A,#4,HOLDING,1.657A/A
25958,2026-06-03 20:28:52,27.9750,9.95,1.450,17.019,A,#4,HOLDING,1.870A/A
25959,2026-06-03 20:28:54,27.9375,9.95,1.450,17.019,A,#4,HOLDING,1.500A/A
25960,2026-06-03 20:28:55,27.9125,11.50,1.450,17.019,A,#4,HOLDING,2.010A/A
25961,2026-06-03 20:28:57,27.8625,11.50,1.535,18.228,A,#4,HOLDING,1.000A/A
25962,2026-06-03 20:29:00,27.7625,11.50,1.535,18.228,A,#4,HOLDING,1.000A/A
25963,2026-06-03 20:29:01,27.6750,11.50,1.535,18.228,A,#4,HOLDING,2.154A/A
25964,2026-06-03 20:29:03,27.5500,12.00,1.535,18.228,A,#4,HOLDING,1.500A/A
25965,2026-06-03 20:29:05,27.4250,12.00,1.499,17.796,A,#4,HOLDING,1.000A/A
25966,2026-06-03 20:29:07,27.3000,12.00,1.499,17.796,A,#4,HOLDING,2.287A/A
25967,2026-06-03 20:29:09,27.1375,12.00,1.499,17.796,A,#4,HOLDING,2.399A/A
25968,2026-06-03 20:29:11,26.9875,12.00,1.499,17.796,A,#4,HOLDING,1.500A/A
25969,2026-06-03 20:29:13,26.8250,12.00,1.473,17.508,A,#4,HOLDING,2.500A/A
25970,2026-06-03 20:29:15,26.6250,12.00,1.473,17.508,A,#4,HOLDING,2.500A/A
25971,2026-06-03 20:29:17,26.4500,12.00,1.473,17.508,A,#4,HOLDING,2.000A/A
25972,2026-06-03 20:29:19,26.2500,12.00,1.473,17.508,A,#4,HOLDING,2.439A/A
25973,2026-06-03 20:29:20,26.0750,12.00,1.448,17.256,A,#4,HOLDING,2.529A/A
25974,2026-06-03 20:29:23,25.8750,12.00,1.448,17.256,A,#4,HOLDING,2.000A/A
25975,2026-06-03 20:29:24,25.7000,12.00,1.448,17.256,A,#4,HOLDING,2.500A/A
25976,2026-06-03 20:29:26,25.5000,12.00,1.448,17.256,A,#4,HOLDING,2.617A/A
25977,2026-06-03 20:29:28,25.2625,12.00,1.431,17.052,A,#4,HOLDING,1.500A/A
25978,2026-06-03 20:29:30,25.0625,12.00,1.431,17.052,A,#4,HOLDING,2.662A/A
25979,2026-06-03 20:29:32,24.8500,12.00,1.431,17.052,A,#4,HOLDING,1.500A/A
25980,2026-06-03 20:29:34,24.6250,12.00,1.431,17.052,A,#4,HOLDING,1.000A/A
25981,2026-06-03 20:29:36,24.4375,12.00,1.019,9.130,A,#4,HOLDING,1.000A/A
25982,2026-06-03 20:29:38,24.2125,12.00,1.019,9.130,A,#4,HOLDING,2.000A/A
25983,2026-06-03 20:29:40,24.0375,12.00,1.019,9.130,A,#4,HOLDING,2.631A/A
25984,2026-06-03 20:29:42,23.8125,12.00,1.019,9.130,A,#4,HOLDING,1.500A/A
25985,2026-06-03 20:29:43,23.6250,12.00,1.421,16.944,A,#4,HOLDING,2.500A/A
25986,2026-06-03 20:29:46,23.4000,12.00,1.421,16.944,A,#4,HOLDING,2.500A/A
25987,2026-06-03 20:29:47,23.2000,12.00,1.421,16.944,A,#4,HOLDING,2.645A/A
25988,2026-06-03 20:29:49,23.0000,12.00,1.421,16.944,A,#4,HOLDING,2.500A/A
25989,2026-06-03 20:29:51,22.8250,12.00,1.411,16.824,A,#4,HOLDING,2.628A/A
25990,2026-06-03 20:29:54,22.6500,12.00,1.411,16.824,A,#4,HOLDING,1.000A/A
25991,2026-06-03 20:29:55,22.4500,12.00,1.411,16.824,A,#4,HOLDING,2.596A/A
25992,2026-06-03 20:29:57,22.2750,12.00,1.411,16.824,A,#4,HOLDING,1.000A/A
25993,2026-06-03 20:29:59,22.0750,12.00,1.058,9.240,A,#4,HOLDING,2.480A/A
25994,2026-06-03 20:30:01,21.8750,12.00,1.058,9.240,A,#4,HOLDING,2.404A/A
25995,2026-06-03 20:30:03,21.7000,12.00,1.058,9.240,A,#4,HOLDING,1.500A/A
25996,2026-06-03 20:30:05,21.5500,12.00,1.058,9.240,A,#4,HOLDING,1.000A/A
25997,2026-06-03 20:30:07,21.3375,12.00,1.000,9.230,A,#4,HOLDING,1.500A/A
25998,2026-06-03 20:30:09,21.1875,12.00,1.000,9.230,A,#4,HOLDING,1.500A/A
25999,2026-06-03 20:30:10,21.0125,12.00,1.000,9.230,A,#4,HOLDING,1.000A/A
26000,2026-06-03 20:30:12,20.8625,9.13,1.000,9.230,A,#4,HOLDING,1.500A/A
26001,2026-06-03 20:30:14,20.7000,9.13,1.410,16.836,A,#4,HOLDING,2.000A/A
26002,2026-06-03 20:30:17,20.5500,9.13,1.410,16.836,A,#4,HOLDING,1.000A/A
26003,2026-06-03 20:30:18,20.3875,9.13,1.410,16.836,A,#4,HOLDING,1.000A/A
26004,2026-06-03 20:30:20,20.2375,9.18,1.410,16.836,A,#4,HOLDING,2.306A/A
26005,2026-06-03 20:30:22,20.1125,9.18,1.406,16.776,A,#4,HOLDING,2.178A/A
26006,2026-06-03 20:30:24,19.9625,9.18,1.406,16.776,A,#4,HOLDING,2.000A/A
26007,2026-06-03 20:30:26,19.8000,9.18,1.406,16.776,A,#4,HOLDING,1.000A/A
26008,2026-06-03 20:30:28,19.6750,9.23,1.406,16.776,A,#4,HOLDING,1.993A/A
26009,2026-06-03 20:30:30,19.5500,9.23,1.399,16.632,A,#4,HOLDING,1.844A/A
26010,2026-06-03 20:30:32,19.4000,9.23,1.399,16.632,A,#4,HOLDING,1.649A/A
26011,2026-06-03 20:30:34,19.2750,9.23,1.399,16.632,A,#4,HOLDING,1.510A/A
26012,2026-06-03 20:30:35,19.1750,12.00,1.399,16.632,A,#4,HOLDING,1.349A/A
26013,2026-06-03 20:30:37,19.0250,12.00,1.349,15.783,A,#4,HOLDING,1.179A/A
26014,2026-06-03 20:30:40,18.9000,12.00,1.349,15.783,A,#4,HOLDING,0.961A/A
26015,2026-06-03 20:30:41,18.7750,12.00,1.349,15.783,A,#4,HOLDING,0.804A/A
26016,2026-06-03 20:30:43,18.6750,7.73,1.349,15.783,A,#4,HOLDING,0.623A/A
26017,2026-06-03 20:30:45,18.5250,7.73,0.623,4.030,A,#4,HOLDING,0.434A/A
26018,2026-06-03 20:30:47,18.4250,7.73,0.623,4.030,A,#4,HOLDING,0.197A/A
26019,2026-06-03 20:30:49,18.3250,7.73,0.623,4.030,OFF,#4,HOLDING,0.000A/OFF
26020,2026-06-03 20:30:50,18.2250,7.73,0.623,4.030,OFF,#4,HOLDING,0.000A/OFF
26021,2026-06-03 20:30:51,18.2250,12.00,0.000,4.030,B,#4,HOLDING,0.183A/B
26022,2026-06-03 20:30:53,18.1375,12.00,0.000,0.181,B,#4,HOLDING,0.392A/B
26023,2026-06-03 20:30:54,18.0375,12.00,0.000,0.181,B,#4,HOLDING,0.567A/B
26024,2026-06-03 20:30:56,17.9625,12.00,0.000,0.181,B,#4,HOLDING,0.750A/B
26025,2026-06-03 20:30:58,17.9375,5.20,0.000,0.181,B,#4,HOLDING,0.952A/B
26026,2026-06-03 20:31:00,17.9250,5.20,0.914,6.730,B,#4,HOLDING,1.152A/B
26027,2026-06-03 20:31:02,17.9000,5.20,0.914,6.730,B,#4,HOLDING,1.412A/B
26028,2026-06-03 20:31:04,17.8875,5.20,0.914,6.730,B,#4,HOLDING,1.589A/B
26029,2026-06-03 20:31:06,17.9375,11.41,0.914,6.730,B,#4,HOLDING,1.000A/B
26030,2026-06-03 20:31:08,18.0000,11.41,1.082,7.960,B,#4,HOLDING,1.781A/B
26031,2026-06-03 20:31:10,18.0750,11.41,1.082,7.960,B,#4,HOLDING,2.029A/B
26032,2026-06-03 20:31:11,18.1750,11.41,1.082,7.960,B,#4,HOLDING,1.500A/B
26033,2026-06-03 20:31:13,18.3250,11.39,1.082,7.960,B,#4,HOLDING,2.000A/B
26034,2026-06-03 20:31:15,18.4875,11.39,1.566,18.564,B,#4,HOLDING,2.000A/B
26035,2026-06-03 20:31:18,18.6375,11.39,1.566,18.564,B,#4,HOLDING,2.158A/B
26036,2026-06-03 20:31:19,18.8250,11.39,1.566,18.564,B,#4,HOLDING,2.293A/B
26037,2026-06-03 20:31:21,19.0000,12.00,1.566,18.564,B,#4,HOLDING,2.000A/B
26038,2026-06-03 20:31:23,19.2375,12.00,1.502,17.772,B,#4,HOLDING,2.433A/B
26039,2026-06-03 20:31:25,19.4625,12.00,1.502,17.772,B,#4,HOLDING,1.500A/B
26040,2026-06-03 20:31:27,19.7125,12.00,1.502,17.772,B,#4,HOLDING,2.500A/B
26041,2026-06-03 20:31:29,19.9875,12.00,1.502,17.772,B,#4,HOLDING,1.500A/B
26042,2026-06-03 20:31:31,20.2250,12.00,1.450,17.184,B,#4,HOLDING,2.500A/B
26043,2026-06-03 20:31:33,20.5000,12.00,1.450,17.184,B,#4,HOLDING,2.498A/B
26044,2026-06-03 20:31:35,20.7625,12.00,1.450,17.184,B,#4,HOLDING,2.500A/B
26045,2026-06-03 20:31:36,21.0875,12.00,1.450,17.184,B,#4,HOLDING,2.500A/B
26046,2026-06-03 20:31:38,21.3500,12.00,1.411,16.728,B,#4,HOLDING,2.500A/B
26047,2026-06-03 20:31:41,21.6750,12.00,1.411,16.728,B,#4,HOLDING,2.000A/B
26048,2026-06-03 20:31:42,21.9375,12.00,1.411,16.728,B,#4,HOLDING,1.000A/B
26049,2026-06-03 20:31:44,22.2625,9.30,1.411,16.728,B,#4,HOLDING,2.489A/B
26050,2026-06-03 20:31:46,22.5875,9.30,1.385,16.452,B,#4,HOLDING,1.000A/B
26051,2026-06-03 20:31:48,22.8875,9.30,1.385,16.452,B,#4,HOLDING,2.465A/B
26052,2026-06-03 20:31:50,23.1875,9.30,1.385,16.452,B,#4,HOLDING,2.472A/B
26053,2026-06-03 20:31:52,23.4625,12.00,1.385,16.452,B,#4,HOLDING,1.000A/B
26054,2026-06-03 20:31:54,23.7500,12.00,1.076,9.510,B,#4,HOLDING,2.468A/B
26055,2026-06-03 20:31:56,24.0750,12.00,1.076,9.510,B,#4,HOLDING,2.443A/B
26056,2026-06-03 20:31:58,24.3500,12.00,1.076,9.510,B,#4,HOLDING,1.000A/B
26057,2026-06-03 20:31:59,24.6750,9.43,1.076,9.510,B,#4,HOLDING,1.000A/B
26058,2026-06-03 20:32:01,24.9375,9.43,1.000,9.620,B,#4,HOLDING,2.321A/B
26059,2026-06-03 20:32:04,25.2125,9.43,1.000,9.620,B,#4,HOLDING,1.500A/B
26060,2026-06-03 20:32:05,25.5000,9.43,1.000,9.620,B,#4,HOLDING,2.213A/B
26061,2026-06-03 20:32:07,25.7750,12.00,1.000,9.620,B,#4,HOLDING,2.107A/B
26062,2026-06-03 20:32:09,26.0625,12.00,1.344,15.960,B,#4,HOLDING,1.000A/B
26063,2026-06-03 20:32:11,26.3375,12.00,1.344,15.960,B,#4,HOLDING,1.500A/B
26064,2026-06-03 20:32:13,26.6000,12.00,1.344,15.960,B,#4,HOLDING,1.500A/B
26065,2026-06-03 20:32:15,26.8750,12.00,1.344,15.960,B,#4,HOLDING,1.000A/B
26066,2026-06-03 20:32:17,27.1250,12.00,1.029,9.740,B,#4,HOLDING,2.000A/B
26067,2026-06-03 20:32:19,27.3750,12.00,1.029,9.740,B,#4,HOLDING,1.000A/B
26068,2026-06-03 20:32:21,27.6250,12.00,1.029,9.740,B,#4,HOLDING,1.978A/B
26069,2026-06-03 20:32:23,27.8750,12.00,1.029,9.740,B,#4,HOLDING,1.500A/B
26070,2026-06-03 20:32:24,28.1125,12.00,1.321,15.696,B,#4,HOLDING,1.783A/B
26071,2026-06-03 20:32:27,28.3625,12.00,1.321,15.696,B,#4,HOLDING,1.539A/B
26072,2026-06-03 20:32:28,28.5750,12.00,1.321,15.696,B,#4,HOLDING,1.363A/B
26073,2026-06-03 20:32:30,28.7750,12.00,1.321,15.696,B,#4,HOLDING,1.155A/B
26074,2026-06-03 20:32:32,29.0000,12.00,1.168,12.693,B,#4,HOLDING,0.936A/B
26075,2026-06-03 20:32:34,29.2500,12.00,1.168,12.693,B,#4,HOLDING,0.645A/B
26076,2026-06-03 20:32:36,29.4250,12.00,1.168,12.693,B,#4,HOLDING,0.441A/B
26077,2026-06-03 20:32:38,29.6250,5.52,1.168,12.693,B,#4,HOLDING,0.202A/B
26078,2026-06-03 20:32:40,29.8625,5.52,0.228,12.693,OFF,#4,HOLDING,0.000A/OFF
26079,2026-06-03 20:32:41,29.8625,5.52,0.228,0.713,OFF,#4,HOLDING,0.171A/A
26080,2026-06-03 20:32:42,30.0375,5.52,0.228,0.713,A,#4,HOLDING,0.384A/A
26081,2026-06-03 20:32:44,30.2375,5.52,0.228,0.713,A,#4,HOLDING,0.614A/A
26082,2026-06-03 20:32:46,30.4375,4.06,0.228,0.713,A,#4,HOLDING,0.892A/A
26083,2026-06-03 20:32:48,30.5625,4.06,0.865,5.887,A,#4,HOLDING,1.158A/A
26084,2026-06-03 20:32:50,30.7375,4.06,0.865,5.887,A,#4,HOLDING,1.512A/A
26085,2026-06-03 20:32:52,30.8500,4.06,0.865,5.887,A,#4,HOLDING,1.000A/A
26086,2026-06-03 20:32:53,30.9250,7.62,0.865,5.887,A,#4,HOLDING,1.500A/A
26087,2026-06-03 20:32:55,31.0000,7.62,1.484,16.920,A,#4,HOLDING,1.000A/A
26088,2026-06-03 20:32:58,31.0500,7.62,1.484,16.920,A,#4,HOLDING,1.759A/A
26089,2026-06-03 20:32:59,31.0625,7.62,1.484,16.920,A,#4,HOLDING,1.500A/A
26090,2026-06-03 20:33:01,31.0625,11.33,1.484,16.920,A,#4,HOLDING,1.996A/A
26091,2026-06-03 20:33:03,31.0250,11.33,1.562,18.552,A,#4,HOLDING,1.500A/A
26092,2026-06-03 20:33:05,30.9750,11.33,1.562,18.552,A,#4,HOLDING,2.000A/A
26093,2026-06-03 20:33:07,30.9250,11.33,1.562,18.552,A,#4,HOLDING,2.265A/A
26094,2026-06-03 20:33:09,30.8000,12.00,1.562,18.552,A,#4,HOLDING,2.529A/A
26095,2026-06-03 20:33:11,30.6750,12.00,1.517,17.964,A,#4,HOLDING,2.500A/A
26096,2026-06-03 20:33:13,30.5500,12.00,1.517,17.964,A,#4,HOLDING,1.500A/A
26097,2026-06-03 20:33:15,30.4000,12.00,1.517,17.964,A,#4,HOLDING,2.773A/A
26098,2026-06-03 20:33:16,30.2500,12.00,1.517,17.964,A,#4,HOLDING,1.000A/A
26099,2026-06-03 20:33:18,30.0750,12.00,1.243,8.800,A,#4,HOLDING,3.000A/A
26100,2026-06-03 20:33:21,29.8750,12.00,1.243,8.800,A,#4,HOLDING,1.000A/A
26101,2026-06-03 20:33:22,29.6875,12.00,1.243,8.800,A,#4,HOLDING,1.500A/A
26102,2026-06-03 20:33:24,29.4875,12.00,1.243,8.800,A,#4,HOLDING,2.500A/A
26103,2026-06-03 20:33:26,29.2625,12.00,1.454,17.268,A,#4,HOLDING,1.500A/A
26104,2026-06-03 20:33:28,29.0625,12.00,1.454,17.268,A,#4,HOLDING,2.000A/A
26105,2026-06-03 20:33:30,28.8500,12.00,1.454,17.268,A,#4,HOLDING,2.939A/A
26106,2026-06-03 20:33:32,28.6000,7.22,1.454,17.268,B,#1,APPROACH,0.140A/B
26107,2026-06-03 20:33:34,28.3875,7.22,0.000,17.268,B,#1,APPROACH,0.257A/B
26108,2026-06-03 20:33:36,28.1375,7.22,0.000,0.000,B,#1,APPROACH,0.370A/B
26109,2026-06-03 20:33:38,27.9500,7.22,0.000,0.000,B,#1,APPROACH,0.494A/B
26110,2026-06-03 20:33:40,27.7250,7.22,0.000,0.000,B,#1,APPROACH,0.593A/B
26111,2026-06-03 20:33:42,27.5125,4.76,0.000,0.000,B,#1,APPROACH,0.706A/B
26112,2026-06-03 20:33:44,27.3625,4.76,0.647,4.151,B,#1,APPROACH,0.818A/B
26113,2026-06-03 20:33:46,27.2000,4.76,0.647,4.151,B,#1,APPROACH,0.955A/B
26114,2026-06-03 20:33:47,27.0500,4.76,0.647,4.151,B,#1,APPROACH,1.023A/B
26115,2026-06-03 20:33:49,26.9500,8.29,0.647,4.151,B,#1,APPROACH,1.146A/B
26116,2026-06-03 20:33:51,26.8500,8.29,1.081,10.715,B,#1,APPROACH,1.274A/B
26117,2026-06-03 20:33:54,26.7750,8.29,1.081,10.715,B,#1,APPROACH,1.436A/B
26118,2026-06-03 20:33:55,26.7000,8.29,1.081,10.715,B,#1,APPROACH,1.551A/B
26119,2026-06-03 20:33:57,26.6625,12.00,1.081,10.715,B,#1,APPROACH,1.500A/B
26120,2026-06-03 20:33:59,26.6625,12.00,1.500,17.880,B,#1,APPROACH,1.681A/B
26121,2026-06-03 20:34:01,26.6625,12.00,1.500,17.880,B,#1,APPROACH,1.846A/B
26122,2026-06-03 20:34:03,26.6875,12.00,1.500,17.880,B,#1,APPROACH,1.500A/B
26123,2026-06-03 20:34:05,26.7250,12.00,1.500,17.880,B,#1,APPROACH,1.500A/B
26124,2026-06-03 20:34:07,26.8000,12.00,1.448,17.172,B,#1,APPROACH,1.500A/B
26125,2026-06-03 20:34:09,26.8875,12.00,1.448,17.172,B,#1,APPROACH,1.000A/B
26126,2026-06-03 20:34:10,26.9875,12.00,1.448,17.172,B,#1,APPROACH,1.933A/B
26127,2026-06-03 20:34:12,27.1125,12.00,1.448,17.172,B,#1,APPROACH,2.000A/B
26128,2026-06-03 20:34:14,27.2375,12.00,1.403,16.644,B,#1,APPROACH,2.000A/B
26129,2026-06-03 20:34:17,27.4125,12.00,1.403,16.644,B,#1,APPROACH,1.994A/B
26130,2026-06-03 20:34:18,27.5375,12.00,1.403,16.644,B,#1,APPROACH,2.070A/B
26131,2026-06-03 20:34:20,27.6750,12.00,1.403,16.644,B,#1,APPROACH,2.158A/B
26132,2026-06-03 20:34:22,27.8500,12.00,1.369,16.236,B,#1,APPROACH,2.232A/B
26133,2026-06-03 20:34:24,28.0375,12.00,1.369,16.236,B,#1,APPROACH,2.326A/B
26134,2026-06-03 20:34:26,28.1875,12.00,1.369,16.236,B,#1,APPROACH,2.379A/B
26135,2026-06-03 20:34:28,28.4000,12.00,1.369,16.236,B,#1,APPROACH,1.000A/B
26136,2026-06-03 20:34:30,28.5750,12.00,1.171,9.650,B,#1,APPROACH,1.500A/B
26137,2026-06-03 20:34:32,28.7750,12.00,1.171,9.650,B,#1,APPROACH,1.500A/B
26138,2026-06-03 20:34:34,28.9500,12.00,1.171,9.650,B,#1,APPROACH,2.408A/B
26139,2026-06-03 20:34:35,29.1250,12.00,1.171,9.650,B,#1,APPROACH,2.440A/B
26140,2026-06-03 20:34:37,29.3250,12.00,1.328,15.768,B,#1,HOLDING,2.415A/B
26141,2026-06-03 20:34:40,29.4875,12.00,1.328,15.768,OFF,#1,HOLDING,0.000A/OFF
26142,2026-06-03 20:34:41,29.6875,12.00,1.328,15.768,OFF,#1,HOLDING,0.000A/OFF
26143,2026-06-03 20:34:42,29.6875,12.00,1.328,15.768,OFF,#1,HOLDING,0.000A/OFF
26144,2026-06-03 20:34:43,29.8625,12.00,1.328,15.768,OFF,#1,HOLDING,0.000A/OFF
26145,2026-06-03 20:34:44,29.8625,12.00,0.000,15.768,OFF,#1,HOLDING,0.000A/OFF
26146,2026-06-03 20:34:45,30.0375,12.00,0.000,15.768,OFF,#1,HOLDING,0.000A/OFF
26147,2026-06-03 20:34:46,30.0375,12.00,0.000,0.000,OFF,#1,HOLDING,0.000A/OFF
26148,2026-06-03 20:34:47,30.2000,12.00,0.000,0.000,OFF,#1,HOLDING,0.000A/OFF
26149,2026-06-03 20:34:48,30.3750,12.00,0.000,0.000,OFF,#1,HOLDING,0.000A/OFF
26150,2026-06-03 20:34:49,30.3750,12.00,0.000,0.000,OFF,#1,HOLDING,0.000A/OFF
26151,2026-06-03 20:34:50,30.4875,12.00,0.000,0.000,OFF,#1,HOLDING,0.000A/OFF
26152,2026-06-03 20:34:51,30.4875,12.00,0.000,0.000,OFF,#1,HOLDING,0.000A/OFF
26153,2026-06-03 20:34:52,30.6375,12.00,0.000,0.000,OFF,#1,HOLDING,0.000A/OFF
26154,2026-06-03 20:34:53,30.6375,12.00,0.000,0.000,OFF,#1,HOLDING,0.000A/OFF
26155,2026-06-03 20:34:54,30.7250,12.00,0.000,0.000,OFF,#1,HOLDING,0.000A/OFF
26156,2026-06-03 20:34:55,30.7250,12.00,0.000,0.000,OFF,#1,HOLDING,0.000A/OFF
26157,2026-06-03 20:34:56,30.8000,12.00,0.000,0.000,OFF,#1,HOLDING,0.000A/OFF
26158,2026-06-03 20:34:57,30.8000,12.00,0.000,0.000,OFF,#1,HOLDING,0.000A/OFF
26159,2026-06-03 20:34:58,30.8750,12.00,0.000,0.000,OFF,#1,HOLDING,0.000A/OFF
26160,2026-06-03 20:34:59,30.8750,12.00,0.000,0.000,OFF,#1,HOLDING,0.000A/OFF
26161,2026-06-03 20:35:00,30.9500,12.00,0.000,0.000,OFF,#1,HOLDING,0.000A/OFF
26162,2026-06-03 20:35:01,30.9500,12.00,0.000,0.000,OFF,#1,HOLDING,0.000A/OFF
26163,2026-06-03 20:35:02,31.0000,12.00,0.000,0.000,A,#1,HOLDING,0.103A/A
26164,2026-06-03 20:35:03,31.0500,12.00,0.000,0.000,A,#1,HOLDING,0.122A/A
26165,2026-06-03 20:35:05,31.0625,12.00,0.000,0.050,A,#1,HOLDING,0.155A/A
26166,2026-06-03 20:35:07,31.0625,12.00,0.000,0.050,A,#1,HOLDING,0.174A/A
26167,2026-06-03 20:35:08,31.0625,12.00,0.000,0.050,A,#1,HOLDING,0.196A/A
26168,2026-06-03 20:35:10,31.0875,1.20,0.000,0.050,A,#1,HOLDING,0.230A/A
26169,2026-06-03 20:35:12,31.0625,1.20,0.230,0.370,A,#1,HOLDING,0.260A/A
26170,2026-06-03 20:35:15,31.0500,1.20,0.230,0.370,A,#1,HOLDING,0.299A/A
26171,2026-06-03 20:35:16,31.0250,1.20,0.230,0.370,A,#1,HOLDING,0.320A/A
26172,2026-06-03 20:35:18,31.0000,2.44,0.230,0.370,A,#1,HOLDING,0.350A/A
26173,2026-06-03 20:35:20,30.9250,2.44,0.350,0.990,A,#1,HOLDING,0.371A/A
26174,2026-06-03 20:35:22,30.8000,2.44,0.350,0.990,A,#1,HOLDING,0.393A/A
26175,2026-06-03 20:35:24,30.8000,2.44,0.350,0.990,A,#1,HOLDING,0.415A/A
26176,2026-06-03 20:35:26,30.7375,3.39,0.350,0.990,A,#1,HOLDING,0.436A/A
26177,2026-06-03 20:35:28,30.6625,3.39,0.436,1.621,A,#1,HOLDING,0.455A/A
26178,2026-06-03 20:35:30,30.4625,3.39,0.436,1.621,A,#1,HOLDING,0.454A/A
26179,2026-06-03 20:35:32,30.4625,3.39,0.436,1.621,A,#1,HOLDING,0.468A/A
26180,2026-06-03 20:35:33,30.3625,4.00,0.436,1.621,A,#1,HOLDING,0.472A/A
26181,2026-06-03 20:35:35,30.2375,4.00,0.472,1.968,A,#1,HOLDING,0.476A/A
26182,2026-06-03 20:35:38,30.0125,4.00,0.472,1.968,A,#2,APPROACH,0.451A/A
26183,2026-06-03 20:35:39,30.0125,4.00,0.472,1.968,A,#2,APPROACH,0.146A/A
26184,2026-06-03 20:35:41,29.8875,4.00,0.472,1.968,A,#2,APPROACH,0.133A/A
26185,2026-06-03 20:35:43,29.7375,6.71,0.472,1.968,A,#2,APPROACH,0.153A/A
26186,2026-06-03 20:35:45,29.5875,6.71,0.290,0.250,A,#2,APPROACH,0.177A/A
26187,2026-06-03 20:35:47,29.3000,6.71,0.290,0.250,A,#2,APPROACH,0.215A/A
26188,2026-06-03 20:35:49,29.3000,6.71,0.290,0.250,A,#2,APPROACH,0.279A/A
26189,2026-06-03 20:35:51,29.1250,2.71,0.290,0.250,A,#2,APPROACH,0.331A/A
26190,2026-06-03 20:35:53,28.9500,2.71,0.331,1.072,A,#2,APPROACH,0.389A/A
26191,2026-06-03 20:35:55,28.6500,2.71,0.331,1.072,A,#2,APPROACH,0.415A/A
26192,2026-06-03 20:35:57,28.6500,2.71,0.331,1.072,A,#2,APPROACH,0.476A/A
26193,2026-06-03 20:35:59,28.5250,4.37,0.331,1.072,A,#2,APPROACH,0.520A/A
26194,2026-06-03 20:36:00,28.3625,4.37,0.520,2.527,A,#2,APPROACH,0.559A/A
26195,2026-06-03 20:36:03,28.0500,4.37,0.520,2.527,A,#2,HOLDING,0.518A/A
26196,2026-06-03 20:36:04,28.0500,4.37,0.520,2.527,OFF,#2,HOLDING,0.000A/OFF
26197,2026-06-03 20:36:05,27.8750,4.37,0.520,2.527,OFF,#2,HOLDING,0.000A/OFF
26198,2026-06-03 20:36:06,27.8750,12.00,0.520,2.527,OFF,#2,HOLDING,0.000A/OFF
26199,2026-06-03 20:36:07,27.7000,12.00,0.000,2.527,OFF,#2,HOLDING,0.000A/OFF
26200,2026-06-03 20:36:08,27.5500,12.00,0.000,0.000,OFF,#2,HOLDING,0.000A/OFF
26201,2026-06-03 20:36:09,27.5500,12.00,0.000,0.000,OFF,#2,HOLDING,0.000A/OFF
26202,2026-06-03 20:36:10,27.4500,12.00,0.000,0.000,OFF,#2,HOLDING,0.000A/OFF
26203,2026-06-03 20:36:11,27.4500,12.00,0.000,0.000,OFF,#2,HOLDING,0.000A/OFF
26204,2026-06-03 20:36:12,27.3000,12.00,0.000,0.000,OFF,#2,HOLDING,0.000A/OFF
26205,2026-06-03 20:36:13,27.3000,12.00,0.000,0.000,OFF,#2,HOLDING,0.000A/OFF
26206,2026-06-03 20:36:14,27.1375,12.00,0.000,0.000,OFF,#2,HOLDING,0.000A/OFF
26207,2026-06-03 20:36:16,27.1375,12.00,0.000,0.000,OFF,#2,HOLDING,0.000A/OFF
26208,2026-06-03 20:36:17,27.0125,12.00,0.000,0.000,OFF,#2,HOLDING,0.000A/OFF
26209,2026-06-03 20:36:18,27.0125,12.00,0.000,0.000,OFF,#2,HOLDING,0.000A/OFF
26210,2026-06-03 20:36:19,26.8875,12.00,0.000,0.000,OFF,#2,HOLDING,0.000A/OFF
26211,2026-06-03 20:36:20,26.8875,12.00,0.000,0.000,OFF,#2,HOLDING,0.000A/OFF
26212,2026-06-03 20:36:21,26.7875,12.00,0.000,0.000,OFF,#2,HOLDING,0.000A/OFF
26213,2026-06-03 20:36:22,26.7875,12.00,0.000,0.000,OFF,#2,HOLDING,0.000A/OFF
26214,2026-06-03 20:36:23,26.6750,12.00,0.000,0.000,OFF,#2,HOLDING,0.000A/OFF
26215,2026-06-03 20:36:24,26.6750,12.00,0.000,0.000,OFF,#2,HOLDING,0.000A/OFF
26216,2026-06-03 20:36:25,26.5500,12.00,0.000,0.000,OFF,#2,HOLDING,0.000A/OFF
26217,2026-06-03 20:36:26,26.5500,12.00,0.000,0.000,OFF,#2,HOLDING,0.000A/OFF
26218,2026-06-03 20:36:27,26.4625,12.00,0.000,0.000,OFF,#2,HOLDING,0.000A/OFF
26219,2026-06-03 20:36:28,26.3625,12.00,0.000,0.000,B,#2,HOLDING,0.109A/B
26220,2026-06-03 20:36:29,26.3625,12.00,0.000,0.000,B,#2,HOLDING,0.141A/B
26221,2026-06-03 20:36:31,26.2750,12.00,0.000,0.000,B,#2,HOLDING,0.219A/B
26222,2026-06-03 20:36:33,26.1750,1.91,0.000,0.000,B,#2,HOLDING,0.258A/B
26223,2026-06-03 20:36:35,26.0875,1.91,0.258,0.603,B,#2,HOLDING,0.316A/B
26224,2026-06-03 20:36:37,26.0125,1.91,0.258,0.603,B,#2,HOLDING,0.377A/B
26225,2026-06-03 20:36:39,25.9375,1.91,0.258,0.603,B,#2,HOLDING,0.423A/B
26226,2026-06-03 20:36:40,25.8875,3.79,0.258,0.603,B,#2,HOLDING,0.474A/B
26227,2026-06-03 20:36:42,25.8000,3.79,0.474,2.052,B,#2,HOLDING,0.537A/B
26228,2026-06-03 20:36:45,25.7250,3.79,0.474,2.052,B,#2,HOLDING,0.613A/B
26229,2026-06-03 20:36:46,25.6875,3.79,0.474,2.052,B,#2,HOLDING,0.667A/B
26230,2026-06-03 20:36:48,25.6625,5.90,0.474,2.052,B,#2,HOLDING,0.722A/B
26231,2026-06-03 20:36:50,25.6250,5.90,0.722,4.678,B,#2,HOLDING,0.783A/B
26232,2026-06-03 20:36:52,25.5750,5.90,0.722,4.678,B,#2,HOLDING,0.868A/B
26233,2026-06-03 20:36:54,25.5500,5.90,0.722,4.678,B,#2,HOLDING,0.925A/B
26234,2026-06-03 20:36:56,25.5250,7.97,0.722,4.678,B,#2,HOLDING,0.991A/B
26235,2026-06-03 20:36:58,25.5625,7.97,0.991,8.512,B,#2,HOLDING,1.046A/B
26236,2026-06-03 20:37:00,25.5625,7.97,0.991,8.512,B,#2,HOLDING,1.126A/B
26237,2026-06-03 20:37:02,25.5625,7.97,0.991,8.512,B,#2,HOLDING,1.179A/B
26238,2026-06-03 20:37:04,25.6125,9.85,0.991,8.512,B,#2,HOLDING,1.000A/B
26239,2026-06-03 20:37:05,25.6625,9.85,1.000,8.780,B,#2,HOLDING,1.230A/B
26240,2026-06-03 20:37:08,25.7125,9.85,1.000,8.780,B,#2,HOLDING,1.000A/B
26241,2026-06-03 20:37:09,25.7875,9.85,1.000,8.780,B,#2,HOLDING,1.292A/B
26242,2026-06-03 20:37:11,25.8625,10.81,1.000,8.780,B,#2,HOLDING,1.339A/B
26243,2026-06-03 20:37:13,25.9750,10.81,1.339,15.211,B,#2,HOLDING,1.375A/B
26244,2026-06-03 20:37:15,26.0500,10.81,1.339,15.211,B,#2,HOLDING,1.434A/B
26245,2026-06-03 20:37:17,26.1625,10.81,1.339,15.211,B,#2,HOLDING,1.460A/B
26246,2026-06-03 20:37:19,26.2625,12.00,1.339,15.211,B,#2,HOLDING,1.495A/B
26247,2026-06-03 20:37:21,26.3625,12.00,1.412,16.740,B,#2,HOLDING,1.000A/B
26248,2026-06-03 20:37:23,26.5125,12.00,1.412,16.740,B,#2,HOLDING,1.475A/B
26249,2026-06-03 20:37:25,26.6625,12.00,1.412,16.740,B,#2,HOLDING,1.489A/B
26250,2026-06-03 20:37:27,26.8125,12.00,1.412,16.740,B,#2,HOLDING,1.503A/B
26251,2026-06-03 20:37:28,26.9500,12.00,1.382,16.404,B,#2,HOLDING,1.500A/B
26252,2026-06-03 20:37:31,27.1250,12.00,1.382,16.404,B,#2,HOLDING,1.518A/B
26253,2026-06-03 20:37:32,27.3000,12.00,1.382,16.404,B,#2,HOLDING,1.514A/B
26254,2026-06-03 20:37:34,27.4500,12.00,1.382,16.404,B,#2,HOLDING,1.507A/B
26255,2026-06-03 20:37:36,27.6750,12.00,1.355,16.092,B,#2,HOLDING,1.484A/B
26256,2026-06-03 20:37:38,27.8500,12.00,1.355,16.092,B,#2,HOLDING,1.463A/B
26257,2026-06-03 20:37:40,28.0500,12.00,1.355,16.092,B,#2,HOLDING,1.431A/B
26258,2026-06-03 20:37:42,28.2250,12.00,1.355,16.092,B,#2,HOLDING,1.000A/B
26259,2026-06-03 20:37:44,28.4250,12.00,1.000,9.680,B,#2,HOLDING,1.337A/B
26260,2026-06-03 20:37:46,28.6250,12.00,1.000,9.680,B,#2,HOLDING,1.271A/B
26261,2026-06-03 20:37:48,28.8000,12.00,1.000,9.680,B,#2,HOLDING,1.210A/B
26262,2026-06-03 20:37:50,29.0000,11.08,1.000,9.680,B,#2,HOLDING,1.136A/B
26263,2026-06-03 20:37:52,29.1750,11.08,1.136,12.212,B,#2,HOLDING,1.055A/B
26264,2026-06-03 20:37:54,29.3250,11.08,1.136,12.212,B,#2,HOLDING,0.960A/B
26265,2026-06-03 20:37:55,29.5500,11.08,1.136,12.212,B,#2,HOLDING,0.869A/B
26266,2026-06-03 20:37:57,29.7000,8.77,1.136,12.212,B,#2,HOLDING,0.774A/B
26267,2026-06-03 20:37:59,29.8625,8.77,0.774,6.315,B,#2,HOLDING,0.665A/B
26268,2026-06-03 20:38:02,30.0375,8.77,0.774,6.315,B,#2,HOLDING,0.539A/B
26269,2026-06-03 20:38:03,30.2125,8.77,0.774,6.315,B,#2,HOLDING,0.430A/B
26270,2026-06-03 20:38:05,30.3875,5.32,0.774,6.315,B,#2,HOLDING,0.345A/B
26271,2026-06-03 20:38:07,30.5125,5.32,0.345,1.607,B,#2,HOLDING,0.220A/B
26272,2026-06-03 20:38:09,30.6375,5.32,0.345,1.607,OFF,#2,HOLDING,0.000A/OFF
26273,2026-06-03 20:38:10,30.7875,5.32,0.345,1.607,OFF,#2,HOLDING,0.000A/OFF
26274,2026-06-03 20:38:11,30.9125,5.32,0.345,1.607,A,#2,HOLDING,0.106A/A
26275,2026-06-03 20:38:13,31.0125,6.14,0.106,1.607,A,#2,HOLDING,0.258A/A
26276,2026-06-03 20:38:15,31.1125,6.14,0.106,0.368,A,#2,HOLDING,0.397A/A
26277,2026-06-03 20:38:17,31.1125,6.14,0.106,0.368,A,#2,HOLDING,0.511A/A
26278,2026-06-03 20:38:18,31.1875,6.14,0.106,0.368,A,#2,HOLDING,0.639A/A
26279,2026-06-03 20:38:20,31.2375,4.77,0.106,0.368,A,#2,HOLDING,0.786A/A
26280,2026-06-03 20:38:22,31.3125,4.77,0.709,4.833,A,#2,HOLDING,0.941A/A
26281,2026-06-03 20:38:24,31.3625,4.77,0.709,4.833,A,#2,HOLDING,1.000A/A
26282,2026-06-03 20:38:26,31.3500,4.77,0.709,4.833,A,#2,HOLDING,1.131A/A
26283,2026-06-03 20:38:28,31.3250,8.71,0.709,4.833,A,#2,HOLDING,1.274A/A
26284,2026-06-03 20:38:30,31.3375,8.71,1.199,12.727,A,#2,HOLDING,1.423A/A
26285,2026-06-03 20:38:32,31.2875,8.71,1.199,12.727,A,#2,HOLDING,1.000A/A
26286,2026-06-03 20:38:34,31.2125,8.71,1.199,12.727,A,#2,HOLDING,1.605A/A
26287,2026-06-03 20:38:36,31.1375,12.00,1.199,12.727,A,#2,HOLDING,1.000A/A
26288,2026-06-03 20:38:37,31.0375,12.00,1.273,8.370,A,#2,HOLDING,1.733A/A
26289,2026-06-03 20:38:40,30.8875,12.00,1.273,8.370,A,#2,HOLDING,1.896A/A
26290,2026-06-03 20:38:41,30.7375,12.00,1.273,8.370,A,#2,HOLDING,1.000A/A
26291,2026-06-03 20:38:43,30.5625,8.49,1.273,8.370,A,#2,HOLDING,1.984A/A
26292,2026-06-03 20:38:45,30.3875,8.49,1.252,17.892,A,#2,HOLDING,2.000A/A
26293,2026-06-03 20:38:47,30.2375,8.49,1.252,17.892,A,#2,HOLDING,2.000A/A
26294,2026-06-03 20:38:49,30.0625,8.49,1.252,17.892,A,#2,HOLDING,2.034A/A
26295,2026-06-03 20:38:51,29.8625,12.00,1.252,17.892,A,#2,HOLDING,2.117A/A
26296,2026-06-03 20:38:53,29.6375,12.00,1.474,17.496,A,#2,HOLDING,2.000A/A
26297,2026-06-03 20:38:55,29.4375,12.00,1.474,17.496,A,#2,HOLDING,1.500A/A
26298,2026-06-03 20:38:57,29.2000,12.00,1.474,17.496,A,#2,HOLDING,2.000A/A
26299,2026-06-03 20:38:59,28.9750,12.00,1.474,17.496,A,#2,HOLDING,1.500A/A
26300,2026-06-03 20:39:00,28.7250,12.00,1.447,17.196,A,#2,HOLDING,2.000A/A
26301,2026-06-03 20:39:03,28.4750,12.00,1.447,17.196,A,#2,HOLDING,2.124A/A
26302,2026-06-03 20:39:04,28.2500,12.00,1.447,17.196,A,#2,HOLDING,2.093A/A
26303,2026-06-03 20:39:06,27.9750,12.00,1.447,17.196,A,#2,HOLDING,1.000A/A
26304,2026-06-03 20:39:08,27.7500,12.00,1.178,9.080,A,#2,HOLDING,2.116A/A
26305,2026-06-03 20:39:10,27.5000,12.00,1.178,9.080,A,#2,HOLDING,1.500A/A
26306,2026-06-03 20:39:12,27.2500,12.00,1.178,9.080,A,#2,HOLDING,1.500A/A
26307,2026-06-03 20:39:14,27.0000,12.00,1.178,9.080,A,#3,APPROACH,1.000A/A
26308,2026-06-03 20:39:16,26.7875,12.00,1.177,9.080,OFF,#3,HOLDING,0.000A/OFF
26309,2026-06-03 20:39:17,26.5125,12.00,1.177,9.080,OFF,#3,HOLDING,0.000A/OFF
26310,2026-06-03 20:39:18,26.5125,12.00,1.177,0.000,OFF,#3,HOLDING,0.000A/OFF
26311,2026-06-03 20:39:19,26.2625,12.00,1.177,0.000,OFF,#3,HOLDING,0.000A/OFF
26312,2026-06-03 20:39:20,26.2625,12.00,1.177,0.000,OFF,#3,HOLDING,0.000A/OFF
26313,2026-06-03 20:39:21,26.0125,12.00,1.177,0.000,OFF,#3,HOLDING,0.000A/OFF
26314,2026-06-03 20:39:22,26.0125,12.00,1.177,0.000,OFF,#3,HOLDING,0.000A/OFF
26315,2026-06-03 20:39:23,25.8250,12.00,1.177,0.000,OFF,#3,HOLDING,0.000A/OFF
26316,2026-06-03 20:39:24,25.8250,12.00,0.000,0.000,OFF,#3,HOLDING,0.000A/OFF
26317,2026-06-03 20:39:25,25.6250,12.00,0.000,0.000,OFF,#3,HOLDING,0.000A/OFF
26318,2026-06-03 20:39:26,25.6250,12.00,0.000,0.000,OFF,#3,HOLDING,0.000A/OFF
26319,2026-06-03 20:39:27,25.4500,12.00,0.000,0.000,OFF,#3,HOLDING,0.000A/OFF
26320,2026-06-03 20:39:28,25.4500,12.00,0.000,0.000,OFF,#3,HOLDING,0.000A/OFF
26321,2026-06-03 20:39:29,25.2750,12.00,0.000,0.000,B,#3,HOLDING,0.124A/B
26322,2026-06-03 20:39:30,25.1375,12.00,0.000,0.407,B,#3,HOLDING,0.139A/B
26323,2026-06-03 20:39:33,24.9875,12.00,0.000,0.407,B,#3,HOLDING,0.260A/B
26324,2026-06-03 20:39:34,24.8625,12.00,0.000,0.407,B,#3,HOLDING,0.289A/B
26325,2026-06-03 20:39:36,24.7375,2.15,0.000,0.407,B,#3,HOLDING,0.343A/B
26326,2026-06-03 20:39:38,24.6500,2.15,0.320,0.932,B,#3,HOLDING,0.398A/B
26327,2026-06-03 20:39:41,24.5500,2.15,0.320,0.932,B,#3,HOLDING,0.471A/B
26328,2026-06-03 20:39:42,24.4750,2.15,0.320,0.932,B,#3,HOLDING,0.523A/B
26329,2026-06-03 20:39:44,24.4000,4.33,0.320,0.932,B,#3,HOLDING,0.589A/B
26330,2026-06-03 20:39:46,24.3625,4.33,0.554,2.950,B,#3,HOLDING,0.652A/B
26331,2026-06-03 20:39:48,24.2875,4.33,0.554,2.950,B,#3,HOLDING,0.739A/B
26332,2026-06-03 20:39:50,24.2500,4.33,0.554,2.950,B,#3,HOLDING,0.796A/B
26333,2026-06-03 20:39:52,24.2500,6.68,0.554,2.950,B,#3,HOLDING,0.862A/B
26334,2026-06-03 20:39:54,24.2500,6.68,0.827,6.344,B,#3,HOLDING,0.925A/B
26335,2026-06-03 20:39:56,24.2500,6.68,0.827,6.344,B,#3,HOLDING,1.009A/B
26336,2026-06-03 20:39:58,24.2250,6.68,0.827,6.344,B,#3,HOLDING,1.000A/B
26337,2026-06-03 20:39:59,24.2500,8.43,0.827,6.344,B,#3,HOLDING,1.000A/B
26338,2026-06-03 20:40:01,24.2875,8.43,1.000,8.570,B,#3,HOLDING,1.064A/B
26339,2026-06-03 20:40:04,24.3375,8.43,1.000,8.570,B,#3,HOLDING,1.138A/B
26340,2026-06-03 20:40:05,24.4125,8.43,1.000,8.570,B,#3,HOLDING,1.000A/B
26341,2026-06-03 20:40:07,24.4875,8.67,1.000,8.570,B,#3,HOLDING,1.174A/B
26342,2026-06-03 20:40:09,24.5750,8.67,1.174,11.728,B,#3,HOLDING,1.000A/B
26343,2026-06-03 20:40:11,24.6750,8.67,1.174,11.728,B,#3,HOLDING,1.219A/B
26344,2026-06-03 20:40:13,24.7625,8.67,1.174,11.728,B,#3,HOLDING,1.255A/B
26345,2026-06-03 20:40:15,24.8625,10.54,1.174,11.728,B,#3,HOLDING,1.295A/B
26346,2026-06-03 20:40:17,24.9875,10.54,1.295,14.296,B,#3,HOLDING,1.325A/B
26347,2026-06-03 20:40:19,25.1125,10.54,1.295,14.296,B,#3,HOLDING,1.000A/B
26348,2026-06-03 20:40:21,25.2375,10.54,1.295,14.296,B,#3,HOLDING,1.312A/B
26349,2026-06-03 20:40:23,25.3875,11.14,1.295,14.296,B,#3,HOLDING,1.337A/B
26350,2026-06-03 20:40:24,25.5500,11.14,1.337,15.469,B,#3,HOLDING,1.000A/B
26351,2026-06-03 20:40:27,25.7250,11.14,1.337,15.469,B,#3,HOLDING,1.352A/B
26352,2026-06-03 20:40:28,25.8625,11.14,1.337,15.469,B,#3,HOLDING,1.359A/B
26353,2026-06-03 20:40:30,26.0625,11.64,1.337,15.469,B,#3,HOLDING,1.358A/B
26354,2026-06-03 20:40:32,26.2375,11.64,1.358,16.160,B,#3,HOLDING,1.349A/B
26355,2026-06-03 20:40:34,26.4125,11.64,1.358,16.160,B,#3,HOLDING,1.335A/B
26356,2026-06-03 20:40:36,26.5875,11.64,1.358,16.160,B,#3,HOLDING,1.318A/B
26357,2026-06-03 20:40:38,26.7625,11.54,1.358,16.160,B,#3,HOLDING,1.293A/B
26358,2026-06-03 20:40:40,26.9875,11.54,1.293,15.037,B,#3,HOLDING,1.251A/B
26359,2026-06-03 20:40:42,27.1625,11.54,1.293,15.037,B,#3,HOLDING,1.153A/B
26360,2026-06-03 20:40:44,27.3625,11.54,1.293,15.037,B,#3,HOLDING,1.000A/B
26361,2026-06-03 20:40:46,27.5625,9.52,1.293,15.037,B,#3,HOLDING,1.000A/B
26362,2026-06-03 20:40:47,27.7750,9.52,1.000,9.690,B,#3,HOLDING,1.069A/B
26363,2026-06-03 20:40:50,27.9750,9.52,1.000,9.690,B,#3,HOLDING,0.977A/B
26364,2026-06-03 20:40:51,28.1750,9.52,1.000,9.690,B,#3,HOLDING,0.896A/B
26365,2026-06-03 20:40:53,28.3750,8.83,1.000,9.690,B,#3,HOLDING,0.802A/B
26366,2026-06-03 20:40:55,28.5500,8.83,0.802,6.640,B,#3,HOLDING,0.699A/B
26367,2026-06-03 20:40:58,28.7500,8.83,0.802,6.640,B,#3,HOLDING,0.570A/B
26368,2026-06-03 20:40:59,28.9250,8.83,0.802,6.640,B,#3,HOLDING,0.470A/B
26369,2026-06-03 20:41:01,29.1250,5.62,0.802,6.640,B,#3,HOLDING,0.388A/B
26370,2026-06-03 20:41:03,29.3000,5.62,0.407,1.916,B,#3,HOLDING,0.260A/B
26371,2026-06-03 20:41:05,29.4500,5.62,0.407,1.916,OFF,#3,HOLDING,0.000A/OFF
26372,2026-06-03 20:41:06,29.6000,5.62,0.407,1.916,OFF,#3,HOLDING,0.000A/OFF
26373,2026-06-03 20:41:07,29.6000,5.62,0.407,1.916,OFF,#3,HOLDING,0.000A/OFF
26374,2026-06-03 20:41:08,29.7250,12.00,0.407,1.916,A,#3,HOLDING,0.135A/A
26375,2026-06-03 20:41:10,29.8625,12.00,0.000,0.000,A,#3,HOLDING,0.267A/A
26376,2026-06-03 20:41:12,29.9625,12.00,0.000,0.000,A,#3,HOLDING,0.459A/A
26377,2026-06-03 20:41:14,30.1000,12.00,0.000,0.000,A,#3,HOLDING,0.592A/A
26378,2026-06-03 20:41:16,30.1750,4.29,0.000,0.000,A,#3,HOLDING,0.743A/A
26379,2026-06-03 20:41:18,30.2250,4.29,0.668,4.287,A,#3,HOLDING,0.896A/A
26380,2026-06-03 20:41:20,30.3000,4.29,0.668,4.287,A,#3,HOLDING,1.099A/A
26381,2026-06-03 20:41:22,30.3125,4.29,0.668,4.287,A,#3,HOLDING,1.234A/A
26382,2026-06-03 20:41:24,30.3125,9.39,0.668,4.287,A,#3,HOLDING,1.000A/A
26383,2026-06-03 20:41:25,30.3125,9.39,1.114,8.020,A,#3,HOLDING,1.384A/A
26384,2026-06-03 20:41:28,30.2875,9.39,1.114,8.020,A,#3,HOLDING,1.581A/A
26385,2026-06-03 20:41:29,30.2375,9.39,1.114,8.020,A,#3,HOLDING,1.709A/A
26386,2026-06-03 20:41:31,30.1625,12.00,1.114,8.020,A,#3,HOLDING,1.500A/A
26387,2026-06-03 20:41:33,30.0625,12.00,1.526,17.700,A,#3,HOLDING,1.500A/A
26388,2026-06-03 20:41:35,29.9625,12.00,1.526,17.700,A,#3,HOLDING,1.840A/A
26389,2026-06-03 20:41:37,29.8250,12.00,1.526,17.700,A,#3,HOLDING,1.000A/A
26390,2026-06-03 20:41:39,29.6750,8.50,1.526,17.700,A,#3,HOLDING,1.942A/A
26391,2026-06-03 20:41:41,29.5125,8.50,1.267,17.856,A,#3,HOLDING,2.057A/A
26392,2026-06-03 20:41:43,29.3375,8.50,1.267,17.856,A,#3,HOLDING,2.000A/A
26393,2026-06-03 20:41:45,29.1375,8.50,1.267,17.856,A,#3,HOLDING,2.000A/A
26394,2026-06-03 20:41:47,28.9375,12.00,1.267,17.856,A,#3,HOLDING,2.000A/A
26395,2026-06-03 20:41:48,28.7625,12.00,1.469,17.436,A,#3,HOLDING,2.123A/A
26396,2026-06-03 20:41:51,28.5625,12.00,1.469,17.436,A,#3,HOLDING,2.240A/A
26397,2026-06-03 20:41:52,28.3500,12.00,1.469,17.436,A,#3,HOLDING,2.297A/A
26398,2026-06-03 20:41:54,28.1250,12.00,1.469,17.436,A,#3,HOLDING,1.500A/A
26399,2026-06-03 20:41:56,27.8875,12.00,1.442,17.160,A,#3,HOLDING,2.337A/A
26400,2026-06-03 20:41:59,27.6375,12.00,1.442,17.160,A,#3,HOLDING,2.404A/A
26401,2026-06-03 20:42:00,27.4375,12.00,1.442,17.160,A,#3,HOLDING,1.000A/A
26402,2026-06-03 20:42:02,27.1875,8.97,1.442,17.160,A,#3,HOLDING,2.000A/A
26403,2026-06-03 20:42:04,26.9500,8.97,1.348,17.016,A,#3,HOLDING,1.000A/A
26404,2026-06-03 20:42:06,26.7500,8.97,1.348,17.016,A,#3,HOLDING,1.000A/A
26405,2026-06-03 20:42:08,26.5000,8.97,1.348,17.016,A,#3,HOLDING,1.000A/A
26406,2026-06-03 20:42:10,26.2500,9.04,1.348,17.016,A,#3,HOLDING,1.000A/A
26407,2026-06-03 20:42:12,26.0125,9.04,1.000,9.160,A,#3,HOLDING,2.000A/A
26408,2026-06-03 20:42:14,25.8125,9.04,1.000,9.160,A,#3,HOLDING,2.000A/A
26409,2026-06-03 20:42:16,25.5750,9.04,1.000,9.160,A,#3,HOLDING,2.372A/A
26410,2026-06-03 20:42:17,25.3500,12.00,1.000,9.160,A,#3,HOLDING,2.000A/A
26411,2026-06-03 20:42:19,25.1375,12.00,1.416,16.872,A,#3,HOLDING,2.338A/A
26412,2026-06-03 20:42:22,24.9375,12.00,1.416,16.872,A,#3,HOLDING,1.000A/A
26413,2026-06-03 20:42:23,24.7250,12.00,1.416,16.872,A,#3,HOLDING,1.500A/A
26414,2026-06-03 20:42:25,24.4750,12.00,1.416,16.872,A,#3,HOLDING,2.000A/A
26415,2026-06-03 20:42:27,24.2875,12.00,1.406,16.752,A,#3,HOLDING,2.189A/A
26416,2026-06-03 20:42:29,24.0625,12.00,1.406,16.752,A,#3,HOLDING,2.000A/A
26417,2026-06-03 20:42:31,23.8750,12.00,1.406,16.752,A,#3,HOLDING,2.081A/A
26418,2026-06-03 20:42:33,23.6250,12.00,1.406,16.752,A,#3,HOLDING,1.000A/A
26419,2026-06-03 20:42:35,23.4375,12.00,1.174,9.270,A,#3,HOLDING,1.958A/A
26420,2026-06-03 20:42:37,23.1875,12.00,1.174,9.270,A,#3,HOLDING,1.000A/A
26421,2026-06-03 20:42:39,23.0125,12.00,1.174,9.270,A,#3,HOLDING,1.850A/A
26422,2026-06-03 20:42:40,22.8125,12.00,1.174,9.270,A,#3,HOLDING,1.717A/A
26423,2026-06-03 20:42:42,22.6375,12.00,1.391,16.596,A,#3,HOLDING,1.581A/A
26424,2026-06-03 20:42:45,22.4375,12.00,1.391,16.596,A,#3,HOLDING,1.396A/A
26425,2026-06-03 20:42:46,22.2625,12.00,1.391,16.596,A,#3,HOLDING,1.262A/A
26426,2026-06-03 20:42:48,22.0625,11.00,1.391,16.596,A,#3,HOLDING,1.101A/A
26427,2026-06-03 20:42:50,21.8875,11.00,1.123,11.164,A,#3,HOLDING,0.933A/A
26428,2026-06-03 20:42:52,21.6875,11.00,1.123,11.164,A,#3,HOLDING,0.712A/A
26429,2026-06-03 20:42:54,21.5250,11.00,1.123,11.164,A,#3,HOLDING,0.551A/A
26430,2026-06-03 20:42:56,21.3500,5.95,1.123,11.164,A,#3,HOLDING,0.361A/A
26431,2026-06-03 20:42:58,21.2000,5.95,0.403,1.606,A,#3,HOLDING,0.182A/A
26432,2026-06-03 20:43:00,21.0250,5.95,0.403,1.606,OFF,#3,HOLDING,0.000A/OFF
26433,2026-06-03 20:43:01,21.0250,5.95,0.403,1.606,OFF,#3,HOLDING,0.158A/B
26434,2026-06-03 20:43:03,20.9000,5.95,0.403,1.606,B,#3,HOLDING,0.367A/B
26435,2026-06-03 20:43:05,20.7500,12.00,0.367,1.606,B,#3,HOLDING,0.547A/B
26436,2026-06-03 20:43:06,20.6375,12.00,0.367,2.122,B,#3,HOLDING,0.756A/B
26437,2026-06-03 20:43:08,20.4875,12.00,0.367,2.122,B,#3,HOLDING,0.951A/B
26438,2026-06-03 20:43:10,20.4625,12.00,0.367,2.122,B,#3,HOLDING,1.131A/B
26439,2026-06-03 20:43:11,20.4125,8.38,0.367,2.122,B,#3,HOLDING,1.351A/B
26440,2026-06-03 20:43:13,20.3625,8.38,1.351,13.699,B,#3,HOLDING,1.000A/B
26441,2026-06-03 20:43:16,20.3125,8.38,1.351,13.699,B,#3,HOLDING,1.556A/B
26442,2026-06-03 20:43:17,20.3375,8.38,1.351,13.699,B,#3,HOLDING,1.745A/B
26443,2026-06-03 20:43:19,20.3625,12.00,1.351,13.699,B,#3,HOLDING,1.969A/B
26444,2026-06-03 20:43:21,20.4500,12.00,1.602,18.852,B,#3,HOLDING,2.000A/B
26445,2026-06-03 20:43:23,20.5250,12.00,1.602,18.852,B,#3,HOLDING,2.166A/B
26446,2026-06-03 20:43:25,20.6625,12.00,1.602,18.852,B,#3,HOLDING,1.000A/B
26447,2026-06-03 20:43:27,20.7875,8.48,1.602,18.852,B,#3,HOLDING,1.000A/B
26448,2026-06-03 20:43:29,20.9250,8.48,1.000,8.630,B,#3,HOLDING,2.305A/B
26449,2026-06-03 20:43:31,21.1250,8.48,1.000,8.630,B,#3,HOLDING,2.500A/B
26450,2026-06-03 20:43:33,21.3000,8.48,1.000,8.630,B,#3,HOLDING,2.000A/B
26451,2026-06-03 20:43:35,21.5000,12.00,1.000,8.630,B,#3,HOLDING,2.000A/B
26452,2026-06-03 20:43:36,21.7375,12.00,1.477,17.496,B,#3,HOLDING,2.500A/B
26453,2026-06-03 20:43:39,21.9375,12.00,1.477,17.496,B,#3,HOLDING,2.000A/B
26454,2026-06-03 20:43:40,22.1250,12.00,1.477,17.496,B,#3,HOLDING,1.000A/B
26455,2026-06-03 20:43:42,22.3750,9.00,1.477,17.496,B,#3,HOLDING,2.469A/B
26456,2026-06-03 20:43:44,22.5625,9.00,1.430,16.980,B,#3,HOLDING,1.500A/B
26457,2026-06-03 20:43:46,22.8375,9.00,1.430,16.980,B,#3,HOLDING,2.000A/B
26458,2026-06-03 20:43:48,23.0625,9.00,1.430,16.980,B,#3,HOLDING,2.534A/B
26459,2026-06-03 20:43:50,23.3375,12.00,1.430,16.980,B,#3,HOLDING,1.000A/B
26460,2026-06-03 20:43:52,23.5625,12.00,1.035,9.300,B,#3,HOLDING,1.500A/B
26461,2026-06-03 20:43:54,23.8375,12.00,1.035,9.300,B,#3,HOLDING,2.500A/B
26462,2026-06-03 20:43:56,24.0875,12.00,1.035,9.300,B,#3,HOLDING,1.500A/B
26463,2026-06-03 20:43:58,24.3375,12.00,1.035,9.300,B,#3,HOLDING,2.000A/B
26464,2026-06-03 20:43:59,24.5875,12.00,1.374,16.308,B,#3,HOLDING,1.000A/B
26465,2026-06-03 20:44:02,24.8625,12.00,1.374,16.308,B,#3,HOLDING,2.485A/B
26466,2026-06-03 20:44:03,25.0875,12.00,1.374,16.308,B,#3,HOLDING,1.000A/B
26467,2026-06-03 20:44:05,25.3875,9.44,1.374,16.308,B,#3,HOLDING,2.000A/B
26468,2026-06-03 20:44:07,25.6250,9.44,1.357,16.128,B,#3,HOLDING,2.449A/B
26469,2026-06-03 20:44:10,25.9000,9.44,1.357,16.128,B,#4,APPROACH,1.000A/B
26470,2026-06-03 20:44:11,26.1500,9.44,1.357,16.128,A,#4,APPROACH,0.144A/A
26471,2026-06-03 20:44:13,26.4500,9.44,1.357,16.128,A,#4,APPROACH,0.255A/A
26472,2026-06-03 20:44:15,26.6875,6.58,1.357,16.128,A,#4,APPROACH,0.355A/A
26473,2026-06-03 20:44:17,26.9375,6.58,0.453,0.837,A,#4,APPROACH,0.444A/A
26474,2026-06-03 20:44:19,27.1500,6.58,0.453,0.837,A,#4,APPROACH,0.603A/A
26475,2026-06-03 20:44:21,27.3250,6.58,0.453,0.837,A,#4,APPROACH,0.732A/A
26476,2026-06-03 20:44:23,27.5125,5.46,0.453,0.837,A,#4,APPROACH,0.885A/A
26477,2026-06-03 20:44:25,27.6375,5.46,0.867,6.124,A,#4,APPROACH,1.027A/A
26478,2026-06-03 20:44:27,27.7375,5.46,0.867,6.124,A,#4,APPROACH,1.220A/A
26479,2026-06-03 20:44:29,27.8625,5.46,0.867,6.124,A,#4,APPROACH,1.354A/A
26480,2026-06-03 20:44:31,27.9500,10.16,0.867,6.124,A,#4,APPROACH,1.500A/A
26481,2026-06-03 20:44:32,28.0000,10.16,1.488,17.355,A,#4,APPROACH,1.520A/A
26482,2026-06-03 20:44:35,28.0625,10.16,1.488,17.355,A,#4,APPROACH,1.000A/A
26483,2026-06-03 20:44:36,28.0375,10.16,1.488,17.355,A,#4,APPROACH,1.722A/A
26484,2026-06-03 20:44:38,28.0000,12.00,1.488,17.355,A,#4,APPROACH,1.000A/A
26485,2026-06-03 20:44:40,27.9500,12.00,1.021,8.460,A,#4,APPROACH,1.872A/A
26486,2026-06-03 20:44:42,27.9000,12.00,1.021,8.460,A,#4,APPROACH,2.075A/A
26487,2026-06-03 20:44:44,27.8250,12.00,1.021,8.460,A,#4,APPROACH,1.500A/A
26488,2026-06-03 20:44:46,27.7375,11.82,1.021,8.460,A,#4,APPROACH,2.201A/A
26489,2026-06-03 20:44:48,27.6125,11.82,1.496,17.760,A,#4,APPROACH,1.000A/A
26490,2026-06-03 20:44:50,27.4750,11.82,1.496,17.760,A,#4,APPROACH,2.343A/A
26491,2026-06-03 20:44:52,27.3500,11.82,1.496,17.760,A,#4,APPROACH,2.466A/A
26492,2026-06-03 20:44:54,27.2000,12.00,1.496,17.760,A,#4,APPROACH,2.500A/A
26493,2026-06-03 20:44:55,27.0250,12.00,1.470,17.472,A,#4,APPROACH,2.500A/A
26494,2026-06-03 20:44:58,26.8875,12.00,1.470,17.472,A,#4,APPROACH,1.000A/A
26495,2026-06-03 20:44:59,26.7125,12.00,1.470,17.472,A,#4,APPROACH,2.500A/A
26496,2026-06-03 20:45:01,26.5500,12.00,1.470,17.472,A,#4,APPROACH,2.492A/A
26497,2026-06-03 20:45:03,26.3750,12.00,1.445,17.184,A,#4,APPROACH,1.000A/A
26498,2026-06-03 20:45:06,26.1625,12.00,1.445,17.184,A,#4,APPROACH,1.500A/A
26499,2026-06-03 20:45:07,25.9375,12.00,1.445,17.184,A,#4,APPROACH,1.000A/A
26500,2026-06-03 20:45:09,25.7875,8.92,1.445,17.184,A,#4,APPROACH,1.000A/A
26501,2026-06-03 20:45:11,25.5625,8.92,1.000,9.110,A,#4,APPROACH,1.500A/A
26502,2026-06-03 20:45:13,25.3875,8.92,1.000,9.110,A,#4,APPROACH,1.000A/A
26503,2026-06-03 20:45:15,25.1875,8.92,1.000,9.110,A,#4,APPROACH,1.500A/A
26504,2026-06-03 20:45:17,25.0125,12.00,1.000,9.110,A,#4,APPROACH,1.000A/A
26505,2026-06-03 20:45:19,24.8125,12.00,1.026,9.100,A,#4,APPROACH,1.500A/A
26506,2026-06-03 20:45:21,24.6375,12.00,1.026,9.100,A,#4,HOLDING,2.000A/A
26507,2026-06-03 20:45:23,24.4375,12.00,1.026,9.100,OFF,#4,HOLDING,0.000A/OFF
26508,2026-06-03 20:45:24,24.4375,12.00,1.026,9.100,OFF,#4,HOLDING,0.000A/OFF
26509,2026-06-03 20:45:25,24.2625,12.00,1.026,9.100,OFF,#4,HOLDING,0.000A/OFF
26510,2026-06-03 20:45:26,24.0625,12.00,0.711,9.100,OFF,#4,HOLDING,0.000A/OFF
26511,2026-06-03 20:45:27,24.0625,12.00,0.711,0.000,OFF,#4,HOLDING,0.000A/OFF
26512,2026-06-03 20:45:28,23.8875,12.00,0.711,0.000,OFF,#4,HOLDING,0.000A/OFF
26513,2026-06-03 20:45:29,23.8875,12.00,0.711,0.000,OFF,#4,HOLDING,0.000A/OFF
26514,2026-06-03 20:45:30,23.6875,12.00,0.711,0.000,OFF,#4,HOLDING,0.000A/OFF
26515,2026-06-03 20:45:31,23.6875,12.00,0.711,0.000,OFF,#4,HOLDING,0.000A/OFF
26516,2026-06-03 20:45:32,23.5250,12.00,0.000,0.000,OFF,#4,HOLDING,0.000A/OFF
26517,2026-06-03 20:45:33,23.5250,12.00,0.000,0.000,OFF,#4,HOLDING,0.000A/OFF
26518,2026-06-03 20:45:34,23.4000,12.00,0.000,0.000,OFF,#4,HOLDING,0.000A/OFF
26519,2026-06-03 20:45:35,23.4000,12.00,0.000,0.000,OFF,#4,HOLDING,0.000A/OFF
26520,2026-06-03 20:45:36,23.2625,12.00,0.000,0.000,OFF,#4,HOLDING,0.000A/OFF
26521,2026-06-03 20:45:37,23.2625,12.00,0.000,0.000,OFF,#4,HOLDING,0.000A/OFF
26522,2026-06-03 20:45:38,23.1375,12.00,0.000,0.000,OFF,#4,HOLDING,0.000A/OFF
26523,2026-06-03 20:45:39,23.1375,12.00,0.000,0.000,OFF,#4,HOLDING,0.000A/OFF
26524,2026-06-03 20:45:40,23.0500,12.00,0.000,0.000,OFF,#4,HOLDING,0.000A/OFF
26525,2026-06-03 20:45:41,23.0500,12.00,0.000,0.000,OFF,#4,HOLDING,0.000A/OFF
26526,2026-06-03 20:45:42,22.9750,12.00,0.000,0.000,OFF,#4,HOLDING,0.000A/OFF
26527,2026-06-03 20:45:43,22.9750,12.00,0.000,0.000,OFF,#4,HOLDING,0.000A/OFF
26528,2026-06-03 20:45:44,22.9125,12.00,0.000,0.000,OFF,#4,HOLDING,0.000A/OFF
26529,2026-06-03 20:45:45,22.8375,12.00,0.000,0.000,B,#4,HOLDING,0.102A/B
26530,2026-06-03 20:45:46,22.8375,12.00,0.000,0.058,B,#4,HOLDING,0.128A/B
26531,2026-06-03 20:45:48,22.7750,12.00,0.000,0.058,B,#4,HOLDING,0.154A/B
26532,2026-06-03 20:45:50,22.7000,12.00,0.000,0.058,B,#4,HOLDING,0.232A/B
26533,2026-06-03 20:45:51,22.6875,1.72,0.000,0.058,B,#4,HOLDING,0.271A/B
26534,2026-06-03 20:45:53,22.6625,1.72,0.251,0.577,B,#4,HOLDING,0.306A/B
26535,2026-06-03 20:45:56,22.6250,1.72,0.251,0.577,B,#4,HOLDING,0.353A/B
26536,2026-06-03 20:45:57,22.6000,1.72,0.251,0.577,B,#4,HOLDING,0.392A/B
26537,2026-06-03 20:45:59,22.6000,3.20,0.251,0.577,B,#4,HOLDING,0.430A/B
26538,2026-06-03 20:46:01,22.6000,3.20,0.409,1.560,B,#4,HOLDING,0.468A/B
26539,2026-06-03 20:46:03,22.5750,3.20,0.409,1.560,B,#4,HOLDING,0.521A/B
26540,2026-06-03 20:46:05,22.6250,3.20,0.409,1.560,B,#4,HOLDING,0.548A/B
26541,2026-06-03 20:46:07,22.6250,4.61,0.409,1.560,B,#4,HOLDING,0.588A/B
26542,2026-06-03 20:46:09,22.6500,4.61,0.571,2.963,B,#4,HOLDING,0.620A/B
26543,2026-06-03 20:46:11,22.6875,4.61,0.571,2.963,B,#4,HOLDING,0.670A/B
26544,2026-06-03 20:46:13,22.7375,4.61,0.571,2.963,B,#4,HOLDING,0.644A/B
26545,2026-06-03 20:46:14,22.7875,5.54,0.571,2.963,B,#4,HOLDING,0.676A/B
26546,2026-06-03 20:46:16,22.8375,5.54,0.662,3.988,B,#4,HOLDING,0.706A/B
26547,2026-06-03 20:46:19,22.8875,5.54,0.662,3.988,B,#4,HOLDING,0.746A/B
26548,2026-06-03 20:46:20,22.9625,5.54,0.662,3.988,B,#4,HOLDING,0.767A/B
26549,2026-06-03 20:46:22,23.0125,6.62,0.662,3.988,B,#4,HOLDING,0.792A/B
26550,2026-06-03 20:46:24,23.0875,6.62,0.781,5.488,B,#4,HOLDING,0.811A/B
26551,2026-06-03 20:46:26,23.1625,6.62,0.781,5.488,B,#4,HOLDING,0.840A/B
26552,2026-06-03 20:46:28,23.2875,6.62,0.781,5.488,B,#4,HOLDING,0.844A/B
26553,2026-06-03 20:46:30,23.3875,7.35,0.781,5.488,B,#4,HOLDING,0.854A/B
26554,2026-06-03 20:46:32,23.4875,7.35,0.854,6.439,B,#4,HOLDING,0.858A/B
26555,2026-06-03 20:46:34,23.5750,7.35,0.854,6.439,B,#4,HOLDING,0.871A/B
26556,2026-06-03 20:46:36,23.6750,7.35,0.854,6.439,B,#4,HOLDING,0.871A/B
26557,2026-06-03 20:46:37,23.8000,7.70,0.854,6.439,B,#4,HOLDING,0.865A/B
26558,2026-06-03 20:46:39,23.9500,7.70,0.865,6.712,B,#4,HOLDING,0.847A/B
26559,2026-06-03 20:46:42,24.0375,7.70,0.865,6.712,B,#4,HOLDING,0.836A/B
26560,2026-06-03 20:46:43,24.1625,7.70,0.865,6.712,B,#5,APPROACH,0.818A/B
26561,2026-06-03 20:46:45,24.3000,4.28,0.865,6.712,A,#5,APPROACH,0.154A/A
26562,2026-06-03 20:46:47,24.4250,4.28,0.000,6.712,A,#5,APPROACH,0.223A/A
26563,2026-06-03 20:46:49,24.5375,4.28,0.000,0.000,A,#5,APPROACH,0.303A/A
26564,2026-06-03 20:46:52,24.6625,4.28,0.000,0.000,A,#5,APPROACH,0.388A/A
26565,2026-06-03 20:46:53,24.8000,4.28,0.000,0.000,A,#5,APPROACH,0.480A/A
26566,2026-06-03 20:46:55,24.9000,3.82,0.000,0.000,A,#5,APPROACH,0.600A/A
26567,2026-06-03 20:46:57,24.9750,3.82,0.555,2.964,A,#5,APPROACH,0.727A/A
26568,2026-06-03 20:46:59,25.0750,3.82,0.555,2.964,A,#5,APPROACH,0.895A/A
26569,2026-06-03 20:47:01,25.1375,3.82,0.555,2.964,A,#5,APPROACH,1.011A/A
26570,2026-06-03 20:47:03,25.1875,8.00,0.555,2.964,A,#5,APPROACH,1.146A/A
26571,2026-06-03 20:47:05,25.2375,8.00,1.098,10.531,A,#5,APPROACH,1.281A/A
26572,2026-06-03 20:47:07,25.2375,8.00,1.098,10.531,A,#5,APPROACH,1.452A/A
26573,2026-06-03 20:47:09,25.2500,8.00,1.098,10.531,A,#5,APPROACH,1.500A/A
26574,2026-06-03 20:47:10,25.2250,11.52,1.098,10.531,A,#5,APPROACH,1.564A/A
26575,2026-06-03 20:47:12,25.1875,11.52,1.542,18.324,A,#5,APPROACH,1.500A/A
26576,2026-06-03 20:47:15,25.1375,11.52,1.542,18.324,A,#5,APPROACH,1.690A/A
26577,2026-06-03 20:47:16,25.0875,11.52,1.542,18.324,A,#5,APPROACH,1.799A/A
26578,2026-06-03 20:47:18,24.9875,12.00,1.542,18.324,A,#5,APPROACH,1.918A/A
26579,2026-06-03 20:47:20,24.8875,12.00,1.493,17.712,A,#5,APPROACH,1.500A/A
26580,2026-06-03 20:47:22,24.7375,12.00,1.493,17.712,A,#5,APPROACH,1.500A/A
26581,2026-06-03 20:47:24,24.6750,12.00,1.493,17.712,A,#5,APPROACH,2.020A/A
26582,2026-06-03 20:47:26,24.5250,12.00,1.493,17.712,A,#5,APPROACH,2.000A/A
26583,2026-06-03 20:47:28,24.3875,12.00,1.455,17.292,A,#5,APPROACH,2.082A/A
26584,2026-06-03 20:47:30,24.2375,12.00,1.455,17.292,A,#5,APPROACH,1.500A/A
26585,2026-06-03 20:47:32,24.0750,12.00,1.455,17.292,A,#5,APPROACH,1.500A/A
26586,2026-06-03 20:47:33,23.9250,12.00,1.455,17.292,A,#5,APPROACH,1.500A/A
26587,2026-06-03 20:47:35,23.7375,12.00,1.430,17.004,A,#5,APPROACH,2.000A/A
26588,2026-06-03 20:47:38,23.5625,12.00,1.430,17.004,A,#5,APPROACH,2.000A/A
26589,2026-06-03 20:47:39,23.4000,12.00,1.430,17.004,A,#5,APPROACH,1.000A/A
26590,2026-06-03 20:47:41,23.2500,8.94,1.430,17.004,A,#5,APPROACH,2.144A/A
26591,2026-06-03 20:47:43,23.0375,8.94,1.416,16.896,A,#5,APPROACH,2.000A/A
26592,2026-06-03 20:47:45,22.8625,8.94,1.416,16.896,A,#5,APPROACH,2.000A/A
26593,2026-06-03 20:47:47,22.7000,8.94,1.416,16.896,A,#5,APPROACH,1.500A/A
26594,2026-06-03 20:47:49,22.5500,12.00,1.416,16.896,A,#5,HOLDING,2.000A/A
26595,2026-06-03 20:47:51,22.3625,12.00,1.408,16.896,OFF,#5,HOLDING,0.000A/OFF
26596,2026-06-03 20:47:52,22.1875,12.00,1.408,16.764,OFF,#5,HOLDING,0.000A/OFF
26597,2026-06-03 20:47:53,22.1875,12.00,1.408,16.764,OFF,#5,HOLDING,0.000A/OFF
26598,2026-06-03 20:47:54,22.0125,12.00,1.408,16.764,OFF,#5,HOLDING,0.000A/OFF
26599,2026-06-03 20:47:55,22.0125,12.00,1.408,16.764,OFF,#5,HOLDING,0.000A/OFF
26600,2026-06-03 20:47:56,21.8625,12.00,1.408,16.764,OFF,#5,HOLDING,0.000A/OFF
26601,2026-06-03 20:47:57,21.8625,12.00,1.408,16.764,OFF,#5,HOLDING,0.000A/OFF
26602,2026-06-03 20:47:58,21.6500,12.00,0.000,16.764,OFF,#5,HOLDING,0.000A/OFF
26603,2026-06-03 20:47:59,21.6500,12.00,0.000,0.000,OFF,#5,HOLDING,0.000A/OFF
26604,2026-06-03 20:48:00,21.5000,12.00,0.000,0.000,OFF,#5,HOLDING,0.000A/OFF
26605,2026-06-03 20:48:01,21.5000,12.00,0.000,0.000,OFF,#5,HOLDING,0.000A/OFF
26606,2026-06-03 20:48:02,21.3625,12.00,0.000,0.000,OFF,#5,HOLDING,0.000A/OFF
26607,2026-06-03 20:48:03,21.3625,12.00,0.000,0.000,OFF,#5,HOLDING,0.000A/OFF
26608,2026-06-03 20:48:04,21.2625,12.00,0.000,0.000,OFF,#5,HOLDING,0.000A/OFF
26609,2026-06-03 20:48:05,21.2625,12.00,0.000,0.000,OFF,#5,HOLDING,0.000A/OFF
26610,2026-06-03 20:48:06,21.1500,12.00,0.000,0.000,OFF,#5,HOLDING,0.000A/OFF
26611,2026-06-03 20:48:07,21.1500,12.00,0.000,0.000,OFF,#5,HOLDING,0.000A/OFF
26612,2026-06-03 20:48:08,21.0500,12.00,0.000,0.000,OFF,#5,HOLDING,0.000A/OFF
26613,2026-06-03 20:48:09,21.0500,12.00,0.000,0.000,OFF,#5,HOLDING,0.000A/OFF
26614,2026-06-03 20:48:10,21.0000,12.00,0.000,0.000,OFF,#5,HOLDING,0.000A/OFF
26615,2026-06-03 20:48:11,21.0000,12.00,0.000,0.000,OFF,#5,HOLDING,0.000A/OFF
26616,2026-06-03 20:48:12,20.9500,12.00,0.000,0.000,OFF,#5,HOLDING,0.000A/OFF
26617,2026-06-03 20:48:13,20.9500,12.00,0.000,0.000,OFF,#5,HOLDING,0.000A/OFF
26618,2026-06-03 20:48:14,20.9000,12.00,0.000,0.000,OFF,#5,HOLDING,0.000A/OFF
26619,2026-06-03 20:48:15,20.8750,12.00,0.000,0.000,OFF,#5,HOLDING,0.000A/OFF
26620,2026-06-03 20:48:16,20.8750,12.00,0.000,0.000,OFF,#5,HOLDING,0.000A/OFF
26621,2026-06-03 20:48:17,20.8125,12.00,0.000,0.000,B,#5,HOLDING,0.113A/B
26622,2026-06-03 20:48:19,20.8125,12.00,0.000,0.000,B,#5,HOLDING,0.146A/B
26623,2026-06-03 20:48:21,20.8125,12.00,0.000,0.000,B,#5,HOLDING,0.171A/B
26624,2026-06-03 20:48:23,20.8125,1.23,0.000,0.000,B,#5,HOLDING,0.189A/B
26625,2026-06-03 20:48:25,20.8125,1.23,0.189,0.275,B,#5,HOLDING,0.218A/B
26626,2026-06-03 20:48:27,20.8125,1.23,0.189,0.275,B,#5,HOLDING,0.256A/B
26627,2026-06-03 20:48:29,20.8500,1.23,0.189,0.275,B,#5,HOLDING,0.275A/B
26628,2026-06-03 20:48:31,20.8750,2.21,0.189,0.275,B,#5,HOLDING,0.300A/B
26629,2026-06-03 20:48:32,20.9125,2.21,0.300,0.762,B,#5,HOLDING,0.322A/B
26630,2026-06-03 20:48:35,20.9375,2.21,0.300,0.762,B,#5,HOLDING,0.355A/B
26631,2026-06-03 20:48:36,21.0000,2.21,0.300,0.762,B,#5,HOLDING,0.370A/B
26632,2026-06-03 20:48:38,21.0500,3.15,0.300,0.762,B,#5,HOLDING,0.390A/B
26633,2026-06-03 20:48:40,21.1000,3.15,0.390,1.345,B,#5,HOLDING,0.405A/B
26634,2026-06-03 20:48:42,21.1500,3.15,0.390,1.345,B,#5,HOLDING,0.430A/B
26635,2026-06-03 20:48:44,21.2250,3.15,0.390,1.345,B,#5,HOLDING,0.438A/B
26636,2026-06-03 20:48:46,21.2750,3.84,0.390,1.345,B,#5,HOLDING,0.451A/B
26637,2026-06-03 20:48:48,21.3500,3.84,0.451,1.835,B,#5,HOLDING,0.456A/B
26638,2026-06-03 20:48:50,21.4500,3.84,0.451,1.835,OFF,--,DONE,0.465A/B
26639,2026-06-03 20:48:52,21.5125,3.84,0.451,1.835,OFF,--,DONE,--
26640,2026-06-03 20:48:53,21.5125,3.84,0.451,1.835,OFF,--,DONE,--
26641,2026-06-03 20:48:54,21.5875,12.00,0.451,1.835,OFF,--,DONE,--
26642,2026-06-03 20:48:55,21.5875,12.00,0.000,1.835,OFF,--,DONE,--
26643,2026-06-03 20:48:56,21.6625,12.00,0.000,0.000,OFF,--,DONE,--
26644,2026-06-03 20:48:57,21.7375,12.00,0.000,0.000,OFF,--,DONE,--
26645,2026-06-03 20:48:58,21.7375,12.00,0.000,0.000,OFF,--,DONE,--
26646,2026-06-03 20:48:59,21.8500,12.00,0.000,0.000,OFF,--,DONE,--
26647,2026-06-03 20:49:00,21.8500,12.00,0.000,0.000,OFF,--,DONE,--
26648,2026-06-03 20:49:01,21.9000,12.00,0.000,0.000,OFF,--,DONE,--
26649,2026-06-03 20:49:02,21.9000,12.00,0.000,0.000,OFF,--,DONE,--
26650,2026-06-03 20:49:03,21.9750,12.00,0.000,0.000,OFF,--,DONE,--
26651,2026-06-03 20:49:04,21.9750,12.00,0.000,0.000,OFF,--,DONE,--
26652,2026-06-03 20:49:05,22.0250,12.00,0.000,0.000,OFF,--,DONE,--
26653,2026-06-03 20:49:06,22.0250,12.00,0.000,0.000,OFF,--,DONE,--
26654,2026-06-03 20:49:07,22.1000,12.00,0.000,0.000,OFF,--,DONE,--
26655,2026-06-03 20:49:08,22.1000,12.00,0.000,0.000,OFF,--,DONE,--
26656,2026-06-03 20:49:09,22.1250,12.00,0.000,0.000,OFF,--,DONE,--
26657,2026-06-03 20:49:10,22.1250,12.00,0.000,0.000,OFF,--,DONE,--
26658,2026-06-03 20:49:11,22.1875,12.00,0.000,0.000,OFF,--,DONE,--
26659,2026-06-03 20:49:12,22.1875,12.00,0.000,0.000,OFF,--,DONE,--
26660,2026-06-03 20:49:13,22.2375,12.00,0.000,0.000,OFF,--,DONE,--
26661,2026-06-03 20:49:14,22.2375,12.00,0.000,0.000,OFF,--,DONE,--
26662,2026-06-03 20:49:15,22.2625,12.00,0.000,0.000,OFF,--,DONE,--
26663,2026-06-03 20:49:16,22.2625,12.00,0.000,0.000,OFF,--,DONE,--
26664,2026-06-03 20:49:17,22.3125,12.00,0.000,0.000,OFF,--,DONE,--
26665,2026-06-03 20:49:18,22.3125,12.00,0.000,0.000,OFF,--,DONE,--
26666,2026-06-03 20:49:19,22.3750,12.00,0.000,0.000,OFF,--,DONE,--
26667,2026-06-03 20:49:20,22.3750,12.00,0.000,0.000,OFF,--,DONE,--
26668,2026-06-03 20:49:21,22.3750,12.00,0.000,0.000,OFF,--,DONE,--
26669,2026-06-03 20:49:22,22.4375,12.00,0.000,0.000,OFF,--,DONE,--
26670,2026-06-03 20:49:23,22.4375,12.00,0.000,0.000,OFF,--,DONE,--
26671,2026-06-03 20:49:24,22.4375,12.00,0.000,0.000,OFF,--,DONE,--
26672,2026-06-03 20:49:25,22.4375,12.00,0.000,0.000,OFF,--,DONE,--
26673,2026-06-03 20:49:27,22.4750,12.00,0.000,0.000,OFF,--,DONE,--
26674,2026-06-03 20:49:28,22.4750,12.00,0.000,0.000,OFF,--,DONE,--
26675,2026-06-03 20:49:29,22.5000,12.00,0.000,0.000,OFF,--,DONE,--
26676,2026-06-03 20:49:30,22.5000,12.00,0.000,0.000,OFF,--,DONE,--
26677,2026-06-03 20:49:31,22.5125,12.00,0.000,0.000,OFF,--,DONE,--
26678,2026-06-03 20:49:32,22.5125,12.00,0.000,0.000,OFF,--,DONE,--
26679,2026-06-03 20:49:33,22.5625,12.00,0.000,0.000,OFF,--,DONE,--
26680,2026-06-03 20:49:34,22.5625,12.00,0.000,0.000,OFF,--,DONE,--
26681,2026-06-03 20:49:35,22.5625,12.00,0.000,0.000,OFF,--,DONE,--
26682,2026-06-03 20:49:36,22.5625,12.00,0.000,0.000,OFF,--,DONE,--
26683,2026-06-03 20:49:37,22.5625,12.00,0.000,0.000,OFF,--,DONE,--
26684,2026-06-03 20:49:38,22.6000,12.00,0.000,0.000,OFF,--,DONE,--
26685,2026-06-03 20:49:39,22.6000,12.00,0.000,0.000,OFF,--,DONE,--
26686,2026-06-03 20:49:40,22.6000,12.00,0.000,0.000,OFF,--,DONE,--
26687,2026-06-03 20:49:41,22.6000,12.00,0.000,0.000,OFF,--,DONE,--
26688,2026-06-03 20:49:42,22.6000,12.00,0.000,0.000,OFF,--,DONE,--
26689,2026-06-03 20:49:43,22.6000,12.00,0.000,0.000,OFF,--,DONE,--
26690,2026-06-03 20:49:44,22.6250,12.00,0.000,0.000,OFF,--,DONE,--
26691,2026-06-03 20:49:45,22.6250,12.00,0.000,0.000,OFF,--,DONE,--
26692,2026-06-03 20:49:46,22.6375,12.00,0.000,0.000,OFF,--,DONE,--
26693,2026-06-03 20:49:47,22.6375,12.00,0.000,0.000,OFF,--,DONE,--
26694,2026-06-03 20:49:48,22.6375,12.00,0.000,0.000,OFF,--,DONE,--
26695,2026-06-03 20:49:49,22.6375,12.00,0.000,0.000,OFF,--,DONE,--
26696,2026-06-03 20:49:50,22.6500,12.00,0.000,0.000,OFF,--,DONE,--
26697,2026-06-03 20:49:51,22.6500,12.00,0.000,0.000,OFF,--,DONE,--
26698,2026-06-03 20:49:52,22.6500,12.00,0.000,0.000,OFF,--,DONE,--
26699,2026-06-03 20:49:53,22.6875,12.00,0.000,0.000,OFF,--,DONE,--
26700,2026-06-03 20:49:54,22.6875,12.00,0.000,0.000,OFF,--,DONE,--
26701,2026-06-03 20:49:55,22.6875,12.00,0.000,0.000,OFF,--,DONE,--
26702,2026-06-03 20:49:56,22.6875,12.00,0.000,0.000,OFF,--,DONE,--
26703,2026-06-03 20:49:57,22.6875,12.00,0.000,0.000,OFF,--,DONE,--
26704,2026-06-03 20:49:58,22.6875,12.00,0.000,0.000,OFF,--,DONE,--
26705,2026-06-03 20:49:59,22.6875,12.00,0.000,0.000,OFF,--,DONE,--
26706,2026-06-03 20:50:00,22.6875,12.00,0.000,0.000,OFF,--,DONE,--
26707,2026-06-03 20:50:01,22.6875,12.00,0.000,0.000,OFF,--,DONE,--
26708,2026-06-03 20:50:02,22.6875,12.00,0.000,0.000,OFF,--,DONE,--
26709,2026-06-03 20:50:03,22.6875,12.00,0.000,0.000,OFF,--,DONE,--
26710,2026-06-03 20:50:04,22.6875,12.00,0.000,0.000,OFF,--,DONE,--
26711,2026-06-03 20:50:05,22.6875,12.00,0.000,0.000,OFF,--,DONE,--
26712,2026-06-03 20:50:06,22.6875,12.00,0.000,0.000,OFF,--,DONE,--
26713,2026-06-03 20:50:07,22.6875,12.00,0.000,0.000,OFF,--,DONE,--
26714,2026-06-03 20:50:08,22.6875,12.00,0.000,0.000,OFF,--,DONE,--
26715,2026-06-03 20:50:09,22.6875,12.00,0.000,0.000,OFF,--,DONE,--
26716,2026-06-03 20:50:10,22.6875,12.00,0.000,0.000,OFF,--,DONE,--
26717,2026-06-03 20:50:12,22.6875,12.00,0.000,0.000,OFF,--,DONE,--
26718,2026-06-03 20:50:13,22.6875,12.00,0.000,0.000,OFF,--,DONE,--
26719,2026-06-03 20:50:14,22.6875,12.00,0.000,0.000,OFF,--,DONE,--
26720,2026-06-03 20:50:15,22.6875,12.00,0.000,0.000,OFF,--,DONE,--
26721,2026-06-03 20:50:16,22.6875,12.00,0.000,0.000,OFF,--,DONE,--
26722,2026-06-03 20:50:17,22.6875,12.00,0.000,0.000,OFF,--,DONE,--
26723,2026-06-03 20:50:18,22.6875,12.00,0.000,0.000,OFF,--,DONE,--
26724,2026-06-03 20:50:19,22.6875,12.00,0.000,0.000,OFF,--,DONE,--
26725,2026-06-03 20:50:20,22.6875,12.00,0.000,0.000,OFF,--,DONE,--
26726,2026-06-03 20:50:21,22.6875,12.00,0.000,0.000,OFF,--,DONE,--
26727,2026-06-03 20:50:22,22.6875,12.00,0.000,0.000,OFF,--,DONE,--
26728,2026-06-03 20:50:23,22.6875,12.00,0.000,0.000,OFF,--,DONE,--
26729,2026-06-03 20:50:24,22.6875,12.00,0.000,0.000,OFF,--,DONE,--
26730,2026-06-03 20:50:25,22.6875,12.00,0.000,0.000,OFF,--,DONE,--
26731,2026-06-03 20:50:26,22.6875,12.00,0.000,0.000,OFF,--,DONE,--
26732,2026-06-03 20:50:27,22.6875,12.00,0.000,0.000,OFF,--,DONE,--
26733,2026-06-03 20:50:28,22.6875,12.00,0.000,0.000,OFF,--,DONE,--
26734,2026-06-03 20:50:29,22.6875,12.00,0.000,0.000,OFF,--,DONE,--
26735,2026-06-03 20:50:30,22.6875,12.00,0.000,0.000,OFF,--,DONE,--
26736,2026-06-03 20:50:31,22.6875,12.00,0.000,0.000,OFF,--,DONE,--
26737,2026-06-03 20:50:32,22.6375,12.00,0.000,0.000,OFF,--,DONE,--
26738,2026-06-03 20:50:33,22.6375,12.00,0.000,0.000,OFF,--,DONE,--
26739,2026-06-03 20:50:34,22.6875,12.00,0.000,0.000,OFF,--,DONE,--
26740,2026-06-03 20:50:35,22.6875,12.00,0.000,0.000,OFF,--,DONE,--
26741,2026-06-03 20:50:36,22.6500,12.00,0.000,0.000,OFF,--,DONE,--
26742,2026-06-03 20:50:37,22.6500,12.00,0.000,0.000,OFF,--,DONE,--
26743,2026-06-03 20:50:38,22.6750,12.00,0.000,0.000,OFF,--,DONE,--
26744,2026-06-03 20:50:39,22.6750,12.00,0.000,0.000,OFF,--,DONE,--
26745,2026-06-03 20:50:40,22.6750,12.00,0.000,0.000,OFF,--,DONE,--
26746,2026-06-03 20:50:41,22.6500,12.00,0.000,0.000,OFF,--,DONE,--
26747,2026-06-03 20:50:42,22.6500,12.00,0.000,0.000,OFF,--,DONE,--
26748,2026-06-03 20:50:43,22.6250,12.00,0.000,0.000,OFF,--,DONE,--
26749,2026-06-03 20:50:44,22.6250,12.00,0.000,0.000,A,#1,APPROACH,1.088A/A
26750,2026-06-03 20:50:47,22.6250,12.00,0.000,0.000,A,#1,APPROACH,1.500A/A
26751,2026-06-03 20:50:49,22.6250,12.00,0.000,0.000,A,#1,APPROACH,2.000A/A
26752,2026-06-03 20:50:51,22.6250,12.00,0.000,0.000,A,#1,APPROACH,2.358A/A
26753,2026-06-03 20:50:52,22.6250,12.00,0.000,0.000,A,#1,APPROACH,2.000A/A
26754,2026-06-03 20:50:54,22.6000,12.00,1.526,18.132,A,#1,APPROACH,2.500A/A
26755,2026-06-03 20:50:56,22.5875,12.00,1.526,18.132,A,#1,APPROACH,2.000A/A
26756,2026-06-03 20:50:58,22.5375,12.00,1.526,18.132,A,#1,APPROACH,3.000A/A
26757,2026-06-03 20:51:00,22.4375,12.00,1.526,18.132,A,#1,APPROACH,3.000A/A
26758,2026-06-03 20:51:02,22.3625,12.00,1.487,17.640,A,#1,APPROACH,2.500A/A
26759,2026-06-03 20:51:04,22.2625,12.00,1.487,17.640,A,#1,APPROACH,2.000A/A
26760,2026-06-03 20:51:06,22.1375,12.00,1.487,17.640,A,#1,APPROACH,3.000A/A
26761,2026-06-03 20:51:08,22.0250,12.00,1.487,17.640,A,#1,APPROACH,1.500A/A
26762,2026-06-03 20:51:09,21.8750,12.00,1.458,17.388,A,#1,APPROACH,2.000A/A
26763,2026-06-03 20:51:12,21.7375,12.00,1.458,17.388,A,#1,APPROACH,1.000A/A
26764,2026-06-03 20:51:13,21.6125,12.00,1.458,17.388,A,#1,APPROACH,2.000A/A
26765,2026-06-03 20:51:15,21.4500,12.00,1.458,17.388,A,#1,APPROACH,2.500A/A
26766,2026-06-03 20:51:17,21.3000,12.00,1.437,17.124,A,#1,APPROACH,1.500A/A
26767,2026-06-03 20:51:19,21.2000,12.00,1.437,17.124,A,#1,APPROACH,1.000A/A
26768,2026-06-03 20:51:21,21.0250,12.00,1.437,17.124,A,#1,HOLDING,3.000A/A
26769,2026-06-03 20:51:23,20.8625,12.00,1.437,17.124,A,#1,HOLDING,2.500A/A
26770,2026-06-03 20:51:25,20.6875,12.00,1.420,16.932,A,#1,HOLDING,1.500A/A
26771,2026-06-03 20:51:27,20.5750,12.00,1.420,16.932,A,#1,HOLDING,1.500A/A
26772,2026-06-03 20:51:29,20.4250,12.00,1.420,16.932,A,#1,HOLDING,2.500A/A
26773,2026-06-03 20:51:31,20.2625,12.00,1.420,16.932,A,#1,HOLDING,1.000A/A
26774,2026-06-03 20:51:32,20.0875,12.00,1.040,16.932,OFF,#1,HOLDING,0.000A/OFF
26775,2026-06-03 20:51:33,19.9875,12.00,1.040,9.220,OFF,#1,HOLDING,0.355A/B
26776,2026-06-03 20:51:35,19.9875,12.00,1.040,9.220,B,#1,HOLDING,0.427A/B
26777,2026-06-03 20:51:37,19.8125,12.00,1.040,9.220,B,#1,HOLDING,0.832A/B
26778,2026-06-03 20:51:38,19.6500,5.75,1.040,9.220,B,#1,HOLDING,0.679A/B
26779,2026-06-03 20:51:40,19.5250,5.75,0.679,3.354,B,#1,HOLDING,0.899A/B
26780,2026-06-03 20:51:43,19.4000,5.75,0.679,3.354,B,#1,HOLDING,1.000A/B
26781,2026-06-03 20:51:44,19.3250,5.75,0.679,3.354,B,#1,HOLDING,0.654A/B
26782,2026-06-03 20:51:46,19.2500,4.95,0.679,3.354,B,#1,HOLDING,0.583A/B
26783,2026-06-03 20:51:48,19.2500,4.95,0.583,2.699,B,#1,HOLDING,0.839A/B
26784,2026-06-03 20:51:50,19.1875,4.95,0.583,2.699,B,#1,HOLDING,1.124A/B
26785,2026-06-03 20:51:52,19.2125,4.95,0.583,2.699,B,#1,HOLDING,0.654A/B
26786,2026-06-03 20:51:54,19.2250,5.29,0.583,2.699,B,#1,HOLDING,0.792A/B
26787,2026-06-03 20:51:56,19.3000,5.29,0.792,5.116,B,#1,HOLDING,0.887A/B
26788,2026-06-03 20:51:58,19.3500,5.29,0.792,5.116,B,#1,HOLDING,1.030A/B
26789,2026-06-03 20:52:00,19.4000,5.29,0.792,5.116,B,#1,HOLDING,0.995A/B
26790,2026-06-03 20:52:02,19.4750,7.97,0.792,5.116,B,#1,HOLDING,1.000A/B
26791,2026-06-03 20:52:03,19.5750,7.97,1.000,8.190,B,#1,HOLDING,1.478A/B
26792,2026-06-03 20:52:06,19.7000,7.97,1.000,8.190,B,#1,HOLDING,0.769A/B
26793,2026-06-03 20:52:07,19.8250,7.97,1.000,8.190,B,#1,HOLDING,0.557A/B
26794,2026-06-03 20:52:09,19.9750,5.07,1.000,8.190,B,#1,HOLDING,0.383A/B
26795,2026-06-03 20:52:11,20.1250,5.07,0.470,1.451,B,#1,HOLDING,0.315A/B
26796,2026-06-03 20:52:13,20.2375,5.07,0.470,1.451,B,#1,HOLDING,0.291A/B
26797,2026-06-03 20:52:15,20.4125,5.07,0.470,1.451,B,#1,HOLDING,0.211A/B
26798,2026-06-03 20:52:17,20.5500,2.40,0.470,1.451,B,#1,HOLDING,0.186A/B
26799,2026-06-03 20:52:19,20.7500,2.40,0.197,1.451,OFF,#1,HOLDING,0.000A/OFF
26800,2026-06-03 20:52:20,20.9250,2.40,0.197,0.405,OFF,#1,HOLDING,0.000A/OFF
26801,2026-06-03 20:52:21,20.9250,2.40,0.197,0.405,A,#1,HOLDING,0.120A/A
26802,2026-06-03 20:52:22,21.0750,2.40,0.197,0.405,A,#2,APPROACH,0.320A/A
26803,2026-06-03 20:52:24,21.1750,1.21,0.197,0.405,B,#2,HOLDING,0.221A/B
26804,2026-06-03 20:52:26,21.3250,1.21,0.000,0.405,B,#2,HOLDING,0.141A/B
26805,2026-06-03 20:52:28,21.4750,1.21,0.000,0.405,OFF,#2,HOLDING,0.000A/OFF
26806,2026-06-03 20:52:30,21.5750,1.21,0.000,0.000,OFF,#2,HOLDING,0.000A/OFF
26807,2026-06-03 20:52:31,21.5750,1.21,0.000,0.000,OFF,#2,HOLDING,0.000A/OFF
26808,2026-06-03 20:52:32,21.7000,1.21,0.000,0.000,OFF,#2,HOLDING,0.000A/OFF
26809,2026-06-03 20:52:33,21.7000,1.21,0.000,0.000,OFF,#2,HOLDING,0.000A/OFF
26810,2026-06-03 20:52:34,21.8000,12.00,0.000,0.000,OFF,#2,HOLDING,0.000A/OFF
26811,2026-06-03 20:52:35,21.8000,12.00,0.000,0.000,OFF,#2,HOLDING,0.000A/OFF
26812,2026-06-03 20:52:36,21.8875,12.00,0.000,0.000,OFF,#2,HOLDING,0.000A/OFF
26813,2026-06-03 20:52:37,21.8875,12.00,0.000,0.000,OFF,#2,HOLDING,0.000A/OFF
26814,2026-06-03 20:52:38,21.9875,12.00,0.000,0.000,OFF,#2,HOLDING,0.000A/OFF
26815,2026-06-03 20:52:39,21.9875,12.00,0.000,0.000,OFF,#2,HOLDING,0.000A/OFF
26816,2026-06-03 20:52:40,22.1000,12.00,0.000,0.000,OFF,#2,HOLDING,0.000A/OFF
26817,2026-06-03 20:52:41,22.1750,12.00,0.000,0.000,OFF,#2,HOLDING,0.000A/OFF
26818,2026-06-03 20:52:42,22.1750,12.00,0.000,0.000,OFF,#2,HOLDING,0.000A/OFF
26819,2026-06-03 20:52:43,22.2250,12.00,0.000,0.000,OFF,#2,HOLDING,0.000A/OFF
26820,2026-06-03 20:52:44,22.2250,12.00,0.000,0.000,OFF,#2,HOLDING,0.000A/OFF
26821,2026-06-03 20:52:45,22.3250,12.00,0.000,0.000,A,#2,HOLDING,0.101A/A
26822,2026-06-03 20:52:47,22.3625,1.00,0.000,0.000,A,#2,HOLDING,0.124A/A
26823,2026-06-03 20:52:48,22.4625,1.00,0.110,0.166,A,#2,HOLDING,0.152A/A
26824,2026-06-03 20:52:51,22.5000,1.00,0.110,0.166,A,#2,HOLDING,0.169A/A
26825,2026-06-03 20:52:52,22.5500,1.00,0.110,0.166,A,#2,HOLDING,0.197A/A
26826,2026-06-03 20:52:54,22.5750,1.84,0.110,0.166,A,#2,HOLDING,0.220A/A
26827,2026-06-03 20:52:56,22.6250,1.84,0.206,0.477,A,#2,HOLDING,0.256A/A
26828,2026-06-03 20:52:59,22.6500,1.84,0.206,0.477,A,#2,HOLDING,0.296A/A
26829,2026-06-03 20:53:00,22.6750,1.84,0.206,0.477,A,#2,HOLDING,0.327A/A
26830,2026-06-03 20:53:02,22.7000,3.00,0.206,0.477,A,#2,HOLDING,0.411A/A
26831,2026-06-03 20:53:04,22.7500,3.00,0.366,1.553,A,#2,HOLDING,0.456A/A
26832,2026-06-03 20:53:06,22.7500,3.00,0.366,1.553,A,#2,HOLDING,0.503A/A
26833,2026-06-03 20:53:08,22.7500,3.00,0.366,1.553,A,#2,HOLDING,0.535A/A
26834,2026-06-03 20:53:10,22.7250,4.80,0.366,1.553,A,#2,HOLDING,0.564A/A
26835,2026-06-03 20:53:12,22.7250,4.80,0.548,2.910,A,#2,HOLDING,0.602A/A
26836,2026-06-03 20:53:14,22.7000,4.80,0.548,2.910,A,#2,HOLDING,0.645A/A
26837,2026-06-03 20:53:15,22.7000,4.80,0.548,2.910,A,#2,HOLDING,0.679A/A
26838,2026-06-03 20:53:17,22.6875,6.05,0.548,2.910,A,#2,HOLDING,0.665A/A
26839,2026-06-03 20:53:19,22.6375,6.05,0.665,4.036,A,#2,HOLDING,0.697A/A
26840,2026-06-03 20:53:22,22.5875,6.05,0.665,4.036,A,#2,HOLDING,0.735A/A
26841,2026-06-03 20:53:23,22.5625,6.05,0.665,4.036,A,#2,HOLDING,0.761A/A
26842,2026-06-03 20:53:25,22.5000,6.78,0.665,4.036,A,#2,HOLDING,0.790A/A
26843,2026-06-03 20:53:27,22.4500,6.78,0.774,5.632,A,#2,HOLDING,0.817A/A
26844,2026-06-03 20:53:29,22.3750,6.78,0.774,5.632,A,#2,HOLDING,0.846A/A
26845,2026-06-03 20:53:31,22.3000,6.78,0.774,5.632,A,#2,HOLDING,0.863A/A
26846,2026-06-03 20:53:33,22.2375,7.66,0.774,5.632,A,#2,HOLDING,0.882A/A
26847,2026-06-03 20:53:35,22.1375,7.66,0.871,6.967,A,#3,APPROACH,0.894A/A
26848,2026-06-03 20:53:37,22.0875,7.66,0.871,6.967,OFF,#3,APPROACH,0.000A/OFF
26849,2026-06-03 20:53:38,22.0875,7.66,0.871,6.967,OFF,#3,APPROACH,0.000A/OFF
26850,2026-06-03 20:53:39,22.0125,7.66,0.871,6.967,B,#3,APPROACH,0.133A/B
26851,2026-06-03 20:53:41,21.9000,7.66,0.871,6.967,B,#3,APPROACH,0.207A/B
26852,2026-06-03 20:53:43,21.8250,6.97,0.207,6.967,B,#3,APPROACH,0.264A/B
26853,2026-06-03 20:53:45,21.7125,6.97,0.207,0.525,B,#3,APPROACH,0.323A/B
26854,2026-06-03 20:53:46,21.6625,6.97,0.207,0.525,B,#3,APPROACH,0.371A/B
26855,2026-06-03 20:53:48,21.6625,6.97,0.207,0.525,B,#3,APPROACH,0.412A/B
26856,2026-06-03 20:53:50,21.6125,3.28,0.207,0.525,B,#3,APPROACH,0.466A/B
26857,2026-06-03 20:53:52,21.5625,3.28,0.466,1.803,B,#3,APPROACH,0.529A/B
26858,2026-06-03 20:53:54,21.5625,3.28,0.466,1.803,B,#3,APPROACH,0.607A/B
26859,2026-06-03 20:53:56,21.5625,3.28,0.466,1.803,B,#3,APPROACH,0.654A/B
26860,2026-06-03 20:53:57,21.5375,5.38,0.466,1.803,B,#3,APPROACH,0.715A/B
26861,2026-06-03 20:53:59,21.5625,5.38,0.715,4.290,B,#3,APPROACH,0.772A/B
26862,2026-06-03 20:54:02,21.5875,5.38,0.715,4.290,B,#3,APPROACH,0.844A/B
26863,2026-06-03 20:54:03,21.5875,5.38,0.715,4.290,B,#3,APPROACH,0.893A/B
26864,2026-06-03 20:54:05,21.6375,7.34,0.715,4.290,B,#3,APPROACH,0.947A/B
26865,2026-06-03 20:54:07,21.6875,7.34,0.947,7.462,B,#3,APPROACH,0.997A/B
26866,2026-06-03 20:54:09,21.8000,7.34,0.947,7.462,B,#3,APPROACH,1.049A/B
26867,2026-06-03 20:54:11,21.8000,7.34,0.947,7.462,B,#3,APPROACH,1.100A/B
26868,2026-06-03 20:54:13,21.8875,8.99,0.947,7.462,B,#3,APPROACH,1.140A/B
26869,2026-06-03 20:54:15,21.9875,8.99,1.117,10.738,B,#3,APPROACH,1.179A/B
26870,2026-06-03 20:54:17,22.2000,8.99,1.117,10.738,B,#3,HOLDING,1.200A/B
26871,2026-06-03 20:54:19,22.2000,8.99,1.117,10.738,OFF,#3,HOLDING,0.000A/OFF
26872,2026-06-03 20:54:20,22.3000,8.99,1.117,10.738,OFF,#3,HOLDING,0.000A/OFF
26873,2026-06-03 20:54:21,22.4500,12.00,1.117,10.738,OFF,#3,HOLDING,0.000A/OFF
26874,2026-06-03 20:54:22,22.4500,12.00,0.000,10.738,OFF,#3,HOLDING,0.000A/OFF
26875,2026-06-03 20:54:23,22.6000,12.00,0.000,0.000,OFF,#3,HOLDING,0.000A/OFF
26876,2026-06-03 20:54:24,22.6000,12.00,0.000,0.000,OFF,#3,HOLDING,0.000A/OFF
26877,2026-06-03 20:54:25,22.7000,12.00,0.000,0.000,OFF,#3,HOLDING,0.000A/OFF
26878,2026-06-03 20:54:26,22.7000,12.00,0.000,0.000,B,#3,HOLDING,0.108A/B
26879,2026-06-03 20:54:28,22.8625,12.00,0.108,0.000,B,#3,HOLDING,0.106A/B
26880,2026-06-03 20:54:29,22.9875,12.00,0.108,0.150,B,#3,HOLDING,0.120A/B
26881,2026-06-03 20:54:31,23.1000,12.00,0.108,0.150,B,#3,HOLDING,0.111A/B
26882,2026-06-03 20:54:33,23.2000,12.00,0.108,0.150,B,#3,HOLDING,0.116A/B
26883,2026-06-03 20:54:35,23.3000,1.51,0.108,0.150,B,#3,HOLDING,0.114A/B
26884,2026-06-03 20:54:36,23.4250,1.51,0.114,0.171,B,#3,HOLDING,0.106A/B
26885,2026-06-03 20:54:39,23.4750,1.51,0.114,0.171,B,#3,HOLDING,0.100A/B
26886,2026-06-03 20:54:40,23.5500,1.51,0.114,0.171,OFF,#3,HOLDING,0.000A/OFF
26887,2026-06-03 20:54:41,23.5500,1.51,0.114,0.171,OFF,#3,HOLDING,0.000A/OFF
26888,2026-06-03 20:54:42,23.6375,12.00,0.114,0.171,OFF,#3,HOLDING,0.000A/OFF
26889,2026-06-03 20:54:43,23.6375,12.00,1.566,0.171,OFF,#3,HOLDING,0.000A/OFF
26890,2026-06-03 20:54:44,23.7125,12.00,1.566,0.000,OFF,#3,HOLDING,0.000A/OFF
26891,2026-06-03 20:54:45,23.7125,12.00,1.566,0.000,OFF,#3,HOLDING,0.000A/OFF
26892,2026-06-03 20:54:46,23.7875,12.00,1.566,0.000,OFF,#3,HOLDING,0.000A/OFF
26893,2026-06-03 20:54:47,23.7875,12.00,1.566,0.000,OFF,#3,HOLDING,0.000A/OFF
26894,2026-06-03 20:54:48,23.8375,12.00,1.566,0.000,OFF,#3,HOLDING,0.000A/OFF
26895,2026-06-03 20:54:49,23.8375,12.00,0.000,0.000,OFF,#3,HOLDING,0.000A/OFF
26896,2026-06-03 20:54:50,23.9375,12.00,0.000,0.000,OFF,#3,HOLDING,0.000A/OFF
26897,2026-06-03 20:54:51,23.9375,12.00,0.000,0.000,OFF,#3,HOLDING,0.000A/OFF
26898,2026-06-03 20:54:52,23.9875,12.00,0.000,0.000,OFF,#3,HOLDING,0.000A/OFF
26899,2026-06-03 20:54:53,23.9875,12.00,0.000,0.000,OFF,#3,HOLDING,0.000A/OFF
26900,2026-06-03 20:54:54,24.0750,12.00,0.000,0.000,OFF,#3,HOLDING,0.000A/OFF
26901,2026-06-03 20:54:55,24.1250,12.00,0.000,0.000,A,#3,HOLDING,0.104A/A
26902,2026-06-03 20:54:57,24.2000,12.00,0.000,0.071,A,#3,HOLDING,0.200A/A
26903,2026-06-03 20:54:59,24.2000,12.00,0.000,0.071,A,#3,HOLDING,0.217A/A
26904,2026-06-03 20:55:01,24.2500,12.00,0.000,0.071,A,#3,HOLDING,0.249A/A
26905,2026-06-03 20:55:02,24.2875,1.99,0.000,0.071,A,#3,HOLDING,0.289A/A
26906,2026-06-03 20:55:04,24.3125,1.99,0.289,0.708,A,#3,HOLDING,0.333A/A
26907,2026-06-03 20:55:07,24.3125,1.99,0.289,0.708,A,#3,HOLDING,0.381A/A
26908,2026-06-03 20:55:08,24.3375,1.99,0.289,0.708,A,#3,HOLDING,0.418A/A
26909,2026-06-03 20:55:10,24.3750,3.56,0.289,0.708,A,#3,HOLDING,0.464A/A
26910,2026-06-03 20:55:12,24.3750,3.56,0.464,1.879,A,#3,HOLDING,0.508A/A
26911,2026-06-03 20:55:14,24.3750,3.56,0.464,1.879,A,#3,HOLDING,0.561A/A
26912,2026-06-03 20:55:16,24.3500,3.56,0.464,1.879,A,#3,HOLDING,0.589A/A
26913,2026-06-03 20:55:18,24.3125,5.02,0.464,1.879,A,#3,HOLDING,0.626A/A
26914,2026-06-03 20:55:20,24.3125,5.02,0.626,3.424,A,#3,HOLDING,0.667A/A
26915,2026-06-03 20:55:22,24.2750,5.02,0.626,3.424,A,#3,HOLDING,0.716A/A
26916,2026-06-03 20:55:24,24.2250,5.02,0.626,3.424,A,#3,HOLDING,0.745A/A
26917,2026-06-03 20:55:26,24.1875,6.37,0.626,3.424,A,#3,HOLDING,0.727A/A
26918,2026-06-03 20:55:27,24.1375,6.37,0.727,4.645,A,#3,HOLDING,0.759A/A
26919,2026-06-03 20:55:30,24.0500,6.37,0.727,4.645,A,#3,HOLDING,0.799A/A
26920,2026-06-03 20:55:31,23.9750,6.37,0.727,4.645,A,#3,HOLDING,0.819A/A
26921,2026-06-03 20:55:33,23.9000,7.07,0.727,4.645,A,#3,HOLDING,0.843A/A
26922,2026-06-03 20:55:35,23.8250,7.07,0.843,6.255,A,#3,HOLDING,0.865A/A
26923,2026-06-03 20:55:37,23.7125,7.07,0.843,6.255,A,#3,HOLDING,0.890A/A
26924,2026-06-03 20:55:39,23.6375,7.07,0.843,6.255,A,#3,HOLDING,0.903A/A
26925,2026-06-03 20:55:41,23.5250,7.80,0.843,6.255,A,#3,HOLDING,0.912A/A
26926,2026-06-03 20:55:43,23.4250,7.80,0.912,7.341,A,#4,APPROACH,0.919A/A
26927,2026-06-03 20:55:45,23.3375,7.80,0.912,7.341,B,#4,APPROACH,0.260A/B
26928,2026-06-03 20:55:47,23.2375,7.80,0.912,7.341,B,#4,APPROACH,0.316A/B
26929,2026-06-03 20:55:49,22.9875,7.80,0.912,7.341,B,#4,APPROACH,0.410A/B
26930,2026-06-03 20:55:52,22.8625,7.96,0.410,7.341,B,#4,APPROACH,0.520A/B
26931,2026-06-03 20:55:53,22.7625,7.96,0.410,2.220,B,#4,APPROACH,0.628A/B
26932,2026-06-03 20:55:55,22.7625,7.96,0.410,2.220,B,#4,APPROACH,0.719A/B
26933,2026-06-03 20:55:57,22.6750,7.96,0.410,2.220,B,#4,APPROACH,0.836A/B
26934,2026-06-03 20:55:58,22.6250,6.67,0.410,2.220,B,#4,APPROACH,0.982A/B
26935,2026-06-03 20:56:00,22.5625,6.67,0.982,7.767,B,#4,APPROACH,1.149A/B
26936,2026-06-03 20:56:03,22.5625,6.67,0.982,7.767,B,#4,APPROACH,1.373A/B
26937,2026-06-03 20:56:04,22.5625,6.67,0.982,7.767,B,#4,APPROACH,1.500A/B
26938,2026-06-03 20:56:06,22.5625,11.34,0.982,7.767,B,#4,APPROACH,1.535A/B
26939,2026-06-03 20:56:08,22.6250,11.34,1.535,18.235,B,#4,APPROACH,1.730A/B
26940,2026-06-03 20:56:10,22.6500,11.34,1.535,18.235,B,#4,APPROACH,1.500A/B
26941,2026-06-03 20:56:12,22.7000,11.34,1.535,18.235,B,#4,APPROACH,1.000A/B
26942,2026-06-03 20:56:14,22.7750,8.55,1.535,18.235,B,#4,APPROACH,1.500A/B
26943,2026-06-03 20:56:16,22.8875,8.55,1.500,17.856,B,#4,APPROACH,1.000A/B
26944,2026-06-03 20:56:18,23.0375,8.55,1.500,17.856,B,#4,APPROACH,1.954A/B
26945,2026-06-03 20:56:20,23.1750,8.55,1.500,17.856,B,#4,APPROACH,1.000A/B
26946,2026-06-03 20:56:21,23.3250,8.79,1.500,17.856,B,#4,APPROACH,2.090A/B
26947,2026-06-03 20:56:23,23.4875,8.79,1.465,17.376,B,#4,APPROACH,2.247A/B
26948,2026-06-03 20:56:26,23.6375,8.79,1.465,17.376,B,#4,APPROACH,2.000A/B
26949,2026-06-03 20:56:27,23.8125,8.79,1.465,17.376,B,#4,APPROACH,1.500A/B
26950,2026-06-03 20:56:29,24.0125,12.00,1.465,17.376,B,#4,APPROACH,2.000A/B
26951,2026-06-03 20:56:31,24.2125,12.00,1.427,16.896,B,#4,APPROACH,2.414A/B
26952,2026-06-03 20:56:33,24.4125,12.00,1.427,16.896,B,#4,APPROACH,2.576A/B
26953,2026-06-03 20:56:35,24.6125,12.00,1.427,16.896,B,#4,APPROACH,1.500A/B
26954,2026-06-03 20:56:37,24.8125,12.00,1.427,16.896,B,#4,APPROACH,1.500A/B
26955,2026-06-03 20:56:39,25.0625,12.00,1.393,16.512,B,#4,APPROACH,1.000A/B
26956,2026-06-03 20:56:41,25.3125,12.00,1.393,16.512,B,#4,APPROACH,2.589A/B
26957,2026-06-03 20:56:43,25.5250,12.00,1.393,16.512,B,#4,APPROACH,2.000A/B
26958,2026-06-03 20:56:45,25.7500,12.00,1.393,16.512,B,#4,APPROACH,2.000A/B
26959,2026-06-03 20:56:46,25.9625,12.00,1.370,16.248,B,#4,APPROACH,2.500A/B
26960,2026-06-03 20:56:49,26.2125,12.00,1.370,16.248,B,#4,APPROACH,1.000A/B
26961,2026-06-03 20:56:50,26.4375,12.00,1.370,16.248,B,#4,APPROACH,1.500A/B
26962,2026-06-03 20:56:52,26.6625,12.00,1.370,16.248,B,#4,APPROACH,2.000A/B
26963,2026-06-03 20:56:54,26.8750,12.00,1.348,16.008,B,#4,APPROACH,2.500A/B
26964,2026-06-03 20:56:56,27.1500,12.00,1.348,16.008,B,#4,HOLDING,2.500A/B
26965,2026-06-03 20:56:58,27.3625,12.00,1.348,16.008,OFF,#4,HOLDING,0.000A/OFF
26966,2026-06-03 20:56:59,27.5875,12.00,1.348,16.008,OFF,#4,HOLDING,0.000A/OFF
26967,2026-06-03 20:57:00,27.5875,12.00,1.348,16.008,OFF,#4,HOLDING,0.000A/OFF
26968,2026-06-03 20:57:01,27.8000,12.00,0.000,16.008,OFF,#4,HOLDING,0.000A/OFF
26969,2026-06-03 20:57:02,27.8000,12.00,0.000,0.000,OFF,#4,HOLDING,0.000A/OFF
26970,2026-06-03 20:57:03,28.0250,12.00,0.000,0.000,OFF,#4,HOLDING,0.000A/OFF
26971,2026-06-03 20:57:04,28.0250,12.00,0.000,0.000,OFF,#4,HOLDING,0.000A/OFF
26972,2026-06-03 20:57:05,28.2375,12.00,0.000,0.000,OFF,#4,HOLDING,0.000A/OFF
26973,2026-06-03 20:57:06,28.4375,12.00,0.000,0.000,OFF,#4,HOLDING,0.000A/OFF
26974,2026-06-03 20:57:07,28.4375,12.00,0.000,0.000,OFF,#4,HOLDING,0.000A/OFF
26975,2026-06-03 20:57:08,28.6125,12.00,0.000,0.000,OFF,#4,HOLDING,0.000A/OFF
26976,2026-06-03 20:57:09,28.6125,12.00,0.000,0.000,OFF,#4,HOLDING,0.000A/OFF
26977,2026-06-03 20:57:10,28.7625,12.00,0.000,0.000,OFF,#4,HOLDING,0.000A/OFF
26978,2026-06-03 20:57:11,28.7625,12.00,0.000,0.000,OFF,#4,HOLDING,0.000A/OFF
26979,2026-06-03 20:57:12,28.9125,12.00,0.000,0.000,A,#4,HOLDING,0.106A/A
26980,2026-06-03 20:57:14,29.0125,7.18,0.106,0.000,A,#4,HOLDING,0.173A/A
26981,2026-06-03 20:57:16,29.0125,7.18,0.106,0.159,A,#4,HOLDING,0.211A/A
26982,2026-06-03 20:57:17,29.1125,7.18,0.106,0.159,A,#4,HOLDING,0.236A/A
26983,2026-06-03 20:57:19,29.2375,7.18,0.106,0.159,A,#4,HOLDING,0.285A/A
26984,2026-06-03 20:57:21,29.3125,1.91,0.106,0.159,A,#4,HOLDING,0.345A/A
26985,2026-06-03 20:57:23,29.3625,1.91,0.345,0.883,A,#4,HOLDING,0.391A/A
26986,2026-06-03 20:57:25,29.4375,1.91,0.345,0.883,A,#4,HOLDING,0.455A/A
26987,2026-06-03 20:57:27,29.4375,1.91,0.345,0.883,A,#4,HOLDING,0.493A/A
26988,2026-06-03 20:57:28,29.5000,3.84,0.345,0.883,A,#4,HOLDING,0.554A/A
26989,2026-06-03 20:57:30,29.5000,3.84,0.554,2.504,A,#4,HOLDING,0.603A/A
26990,2026-06-03 20:57:33,29.5000,3.84,0.554,2.504,A,#4,HOLDING,0.674A/A
26991,2026-06-03 20:57:34,29.5000,3.84,0.554,2.504,A,#4,HOLDING,0.716A/A
26992,2026-06-03 20:57:36,29.4625,5.83,0.554,2.504,A,#4,HOLDING,0.764A/A
26993,2026-06-03 20:57:38,29.3875,5.83,0.764,4.897,A,#4,HOLDING,0.805A/A
26994,2026-06-03 20:57:40,29.3750,5.83,0.764,4.897,A,#4,HOLDING,0.869A/A
26995,2026-06-03 20:57:42,29.3250,5.83,0.764,4.897,A,#4,HOLDING,0.907A/A
26996,2026-06-03 20:57:44,29.2000,7.48,0.764,4.897,A,#4,HOLDING,0.940A/A
26997,2026-06-03 20:57:46,29.1000,7.48,0.940,7.454,A,#4,HOLDING,0.967A/A
26998,2026-06-03 20:57:48,28.9875,7.48,0.940,7.454,A,#4,HOLDING,0.956A/A
26999,2026-06-03 20:57:50,28.8625,7.48,0.940,7.454,A,#4,HOLDING,0.982A/A
27000,2026-06-03 20:57:51,28.7625,8.25,0.940,7.454,A,#4,HOLDING,1.000A/A
27001,2026-06-03 20:57:53,28.6125,8.25,1.000,8.570,A,#4,HOLDING,1.005A/A
27002,2026-06-03 20:57:56,28.4875,8.25,1.000,8.570,A,#4,HOLDING,1.033A/A
27003,2026-06-03 20:57:57,28.3625,8.25,1.000,8.570,A,#4,HOLDING,1.041A/A
27004,2026-06-03 20:57:59,28.1750,8.84,1.000,8.570,A,#4,HOLDING,1.000A/A
27005,2026-06-03 20:58:01,28.0000,8.84,1.000,8.730,A,#4,HOLDING,1.038A/A
27006,2026-06-03 20:58:03,27.8250,8.84,1.000,8.730,A,#4,HOLDING,1.030A/A
27007,2026-06-03 20:58:05,27.6500,8.84,1.000,8.730,A,#4,HOLDING,1.017A/A
27008,2026-06-03 20:58:07,27.4625,8.82,1.000,8.730,A,#4,HOLDING,0.995A/A
27009,2026-06-03 20:58:09,27.2875,8.82,0.995,8.785,A,#4,HOLDING,0.964A/A
27010,2026-06-03 20:58:11,27.0750,8.82,0.995,8.785,A,#4,HOLDING,0.923A/A
27011,2026-06-03 20:58:13,26.9000,8.82,0.995,8.785,A,#4,HOLDING,0.830A/A
27012,2026-06-03 20:58:15,26.7000,7.56,0.995,8.785,A,#4,HOLDING,0.769A/A
27013,2026-06-03 20:58:16,26.5000,7.56,0.769,5.552,A,#4,HOLDING,0.699A/A
27014,2026-06-03 20:58:19,26.3250,7.56,0.769,5.552,A,#4,HOLDING,0.616A/A
27015,2026-06-03 20:58:20,26.1250,7.56,0.769,5.552,A,#4,HOLDING,0.542A/A
27016,2026-06-03 20:58:22,25.9500,5.36,0.769,5.552,A,#4,HOLDING,0.458A/A
27017,2026-06-03 20:58:24,25.7500,5.36,0.458,2.189,A,#4,HOLDING,0.358A/A
27018,2026-06-03 20:58:26,25.5625,5.36,0.458,2.189,A,#4,HOLDING,0.241A/A
27019,2026-06-03 20:58:28,25.3625,5.36,0.458,2.189,A,#4,HOLDING,0.139A/A
27020,2026-06-03 20:58:30,25.2375,5.36,0.458,2.189,OFF,#4,HOLDING,0.000A/OFF
27021,2026-06-03 20:58:31,25.0625,2.00,0.458,2.189,OFF,#4,HOLDING,0.000A/OFF
27022,2026-06-03 20:58:32,25.0625,2.00,0.139,2.189,OFF,#4,HOLDING,0.000A/OFF
27023,2026-06-03 20:58:33,24.8875,2.00,0.139,0.000,B,#4,HOLDING,0.128A/B
27024,2026-06-03 20:58:35,24.7375,2.00,0.139,0.000,B,#4,HOLDING,0.240A/B
27025,2026-06-03 20:58:36,24.7375,2.00,0.139,0.000,B,#4,HOLDING,0.340A/B
27026,2026-06-03 20:58:38,24.6125,2.57,0.139,0.000,B,#4,HOLDING,0.449A/B
27027,2026-06-03 20:58:40,24.4875,2.57,0.431,1.638,B,#4,HOLDING,0.584A/B
27028,2026-06-03 20:58:42,24.3625,2.57,0.431,1.638,B,#4,HOLDING,0.765A/B
27029,2026-06-03 20:58:44,24.2375,2.57,0.431,1.638,B,#4,HOLDING,0.893A/B
27030,2026-06-03 20:58:45,24.1875,6.98,0.431,1.638,B,#4,HOLDING,1.034A/B
27031,2026-06-03 20:58:47,24.0875,6.98,1.010,8.571,B,#4,HOLDING,1.185A/B
27032,2026-06-03 20:58:50,24.0500,6.98,1.010,8.571,B,#4,HOLDING,1.000A/B
27033,2026-06-03 20:58:51,24.0000,6.98,1.010,8.571,B,#4,HOLDING,1.375A/B
27034,2026-06-03 20:58:53,24.0000,10.61,1.010,8.571,B,#4,HOLDING,1.519A/B
27035,2026-06-03 20:58:55,24.0000,10.61,1.502,18.060,B,#4,HOLDING,1.500A/B
27036,2026-06-03 20:58:57,24.0000,10.61,1.502,18.060,B,#4,HOLDING,1.664A/B
27037,2026-06-03 20:58:59,24.0250,10.61,1.502,18.060,B,#4,HOLDING,1.500A/B
27038,2026-06-03 20:59:01,24.1000,11.83,1.502,18.060,B,#4,HOLDING,1.784A/B
27039,2026-06-03 20:59:03,24.2000,11.83,1.486,17.616,B,#4,HOLDING,1.500A/B
27040,2026-06-03 20:59:05,24.2875,11.83,1.486,17.616,B,#4,HOLDING,1.500A/B
27041,2026-06-03 20:59:07,24.4125,11.83,1.486,17.616,B,#4,HOLDING,1.000A/B
27042,2026-06-03 20:59:09,24.5125,8.92,1.486,17.616,B,#4,HOLDING,1.500A/B
27043,2026-06-03 20:59:10,24.6875,8.92,1.415,17.076,B,#4,HOLDING,1.000A/B
27044,2026-06-03 20:59:13,24.8250,8.92,1.415,17.076,B,#4,HOLDING,1.879A/B
27045,2026-06-03 20:59:14,25.0000,8.92,1.415,17.076,B,#4,HOLDING,1.926A/B
27046,2026-06-03 20:59:16,25.1750,12.00,1.415,17.076,B,#4,HOLDING,2.023A/B
27047,2026-06-03 20:59:18,25.3500,12.00,1.407,16.704,B,#4,HOLDING,2.105A/B
27048,2026-06-03 20:59:20,25.5500,12.00,1.407,16.704,B,#4,HOLDING,1.000A/B
27049,2026-06-03 20:59:22,25.7250,12.00,1.407,16.704,B,#4,HOLDING,1.000A/B
27050,2026-06-03 20:59:24,25.9250,9.32,1.407,16.704,B,#4,HOLDING,2.193A/B
27051,2026-06-03 20:59:26,26.1250,9.32,1.379,16.392,B,#4,HOLDING,1.500A/B
27052,2026-06-03 20:59:28,26.3625,9.32,1.379,16.392,B,#4,HOLDING,1.500A/B
27053,2026-06-03 20:59:30,26.5625,9.32,1.379,16.392,B,#4,HOLDING,2.226A/B
27054,2026-06-03 20:59:32,26.7500,12.00,1.379,16.392,B,#4,HOLDING,2.000A/B
27055,2026-06-03 20:59:33,26.9750,12.00,1.356,16.104,B,#4,HOLDING,2.000A/B
27056,2026-06-03 20:59:36,27.1750,12.00,1.356,16.104,B,#4,HOLDING,2.000A/B
27057,2026-06-03 20:59:37,27.3750,12.00,1.356,16.104,B,#4,HOLDING,2.000A/B
27058,2026-06-03 20:59:39,27.6125,12.00,1.356,16.104,B,#4,HOLDING,2.204A/B
27059,2026-06-03 20:59:41,27.8125,12.00,1.336,15.864,B,#4,HOLDING,2.208A/B
27060,2026-06-03 20:59:43,27.9875,12.00,1.336,15.864,B,#4,HOLDING,2.218A/B
27061,2026-06-03 20:59:45,28.1625,12.00,1.336,15.864,B,#4,HOLDING,2.215A/B
27062,2026-06-03 20:59:47,28.3750,12.00,1.336,15.864,B,#4,HOLDING,2.000A/B
27063,2026-06-03 20:59:49,28.5750,12.00,1.319,15.684,B,#4,HOLDING,2.000A/B
27064,2026-06-03 20:59:51,28.7500,12.00,1.319,15.684,B,#4,HOLDING,2.198A/B
27065,2026-06-03 20:59:53,28.9500,12.00,1.319,15.684,B,#5,APPROACH,2.165A/B
27066,2026-06-03 20:59:55,29.1750,12.00,1.319,15.684,OFF,#5,APPROACH,0.000A/OFF
27067,2026-06-03 20:59:56,29.3750,5.77,0.000,15.684,OFF,#5,APPROACH,0.177A/A
27068,2026-06-03 20:59:58,29.5500,5.77,0.000,0.000,A,#5,APPROACH,0.256A/A
27069,2026-06-03 21:00:01,29.7500,5.77,0.000,0.000,A,#5,APPROACH,0.386A/A
27070,2026-06-03 21:00:02,29.9375,5.77,0.000,0.000,A,#5,APPROACH,0.449A/A
27071,2026-06-03 21:00:04,30.1375,2.88,0.000,0.000,A,#5,APPROACH,0.551A/A
27072,2026-06-03 21:00:06,30.2500,2.88,0.498,2.204,A,#5,APPROACH,0.645A/A
27073,2026-06-03 21:00:08,30.4000,2.88,0.498,2.204,A,#5,APPROACH,0.766A/A
27074,2026-06-03 21:00:10,30.4875,2.88,0.498,2.204,A,#5,APPROACH,0.846A/A
27075,2026-06-03 21:00:12,30.5625,6.44,0.498,2.204,A,#5,APPROACH,0.950A/A
27076,2026-06-03 21:00:14,30.6375,6.44,0.895,7.096,A,#5,APPROACH,1.000A/A
27077,2026-06-03 21:00:16,30.6875,6.44,0.895,7.096,A,#5,APPROACH,1.000A/A
27078,2026-06-03 21:00:18,30.7000,6.44,0.895,7.096,A,#5,APPROACH,1.000A/A
27079,2026-06-03 21:00:19,30.7250,7.97,0.895,7.096,A,#5,APPROACH,1.000A/A
27080,2026-06-03 21:00:21,30.7250,7.97,1.000,8.190,A,#5,APPROACH,1.035A/A
27081,2026-06-03 21:00:24,30.7000,7.97,1.000,8.190,A,#5,APPROACH,1.169A/A
27082,2026-06-03 21:00:25,30.6250,7.97,1.000,8.190,A,#5,APPROACH,1.243A/A
27083,2026-06-03 21:00:27,30.6000,9.88,1.000,8.190,A,#5,APPROACH,1.342A/A
27084,2026-06-03 21:00:29,30.4875,9.88,1.290,14.507,A,#5,APPROACH,1.000A/A
27085,2026-06-03 21:00:31,30.3875,9.88,1.290,14.507,A,#5,APPROACH,1.422A/A
27086,2026-06-03 21:00:33,30.3000,9.88,1.290,14.507,A,#5,APPROACH,1.491A/A
27087,2026-06-03 21:00:35,30.1750,11.75,1.290,14.507,A,#5,APPROACH,1.572A/A
27088,2026-06-03 21:00:37,30.0125,11.75,1.495,17.844,A,#5,APPROACH,1.500A/A
27089,2026-06-03 21:00:39,29.8625,11.75,1.495,17.844,A,#5,APPROACH,1.500A/A
27090,2026-06-03 21:00:41,29.7000,11.75,1.495,17.844,A,#5,APPROACH,1.613A/A
27091,2026-06-03 21:00:42,29.5250,12.00,1.495,17.844,A,#5,APPROACH,1.000A/A
27092,2026-06-03 21:00:44,29.3250,12.00,1.237,8.830,A,#5,APPROACH,1.500A/A
27093,2026-06-03 21:00:47,29.1750,12.00,1.237,8.830,A,#5,APPROACH,1.649A/A
27094,2026-06-03 21:00:48,28.9500,12.00,1.237,8.830,A,#5,APPROACH,1.667A/A
27095,2026-06-03 21:00:50,28.7500,12.00,1.237,8.830,A,#5,HOLDING,1.000A/A
27096,2026-06-03 21:00:52,28.5125,12.00,1.162,8.830,OFF,#5,HOLDING,0.000A/OFF
27097,2026-06-03 21:00:53,28.3125,12.00,1.162,8.970,OFF,#5,HOLDING,0.000A/OFF
27098,2026-06-03 21:00:54,28.3125,12.00,1.162,8.970,OFF,#5,HOLDING,0.000A/OFF
27099,2026-06-03 21:00:55,28.1000,12.00,1.162,8.970,OFF,#5,HOLDING,0.000A/OFF
27100,2026-06-03 21:00:56,28.1000,12.00,1.162,8.970,OFF,#5,HOLDING,0.000A/OFF
27101,2026-06-03 21:00:57,27.8750,12.00,1.162,8.970,OFF,#5,HOLDING,0.000A/OFF
27102,2026-06-03 21:00:58,27.8750,12.00,1.162,8.970,OFF,#5,HOLDING,0.000A/OFF
27103,2026-06-03 21:00:59,27.6625,12.00,0.000,8.970,OFF,#5,HOLDING,0.000A/OFF
27104,2026-06-03 21:01:00,27.6625,12.00,0.000,0.000,OFF,#5,HOLDING,0.000A/OFF
27105,2026-06-03 21:01:01,27.4375,12.00,0.000,0.000,OFF,#5,HOLDING,0.000A/OFF
27106,2026-06-03 21:01:02,27.4375,12.00,0.000,0.000,OFF,#5,HOLDING,0.000A/OFF
27107,2026-06-03 21:01:03,27.2625,12.00,0.000,0.000,OFF,#5,HOLDING,0.000A/OFF
27108,2026-06-03 21:01:04,27.2625,12.00,0.000,0.000,OFF,#5,HOLDING,0.000A/OFF
27109,2026-06-03 21:01:05,27.0625,12.00,0.000,0.000,OFF,#5,HOLDING,0.000A/OFF
27110,2026-06-03 21:01:06,27.0625,12.00,0.000,0.000,OFF,#5,HOLDING,0.000A/OFF
27111,2026-06-03 21:01:07,26.8875,12.00,0.000,0.000,OFF,#5,HOLDING,0.000A/OFF
27112,2026-06-03 21:01:08,26.7625,12.00,0.000,0.000,B,#5,HOLDING,0.154A/B
27113,2026-06-03 21:01:10,26.5750,12.00,0.000,0.000,B,#5,HOLDING,0.230A/B
27114,2026-06-03 21:01:12,26.5750,7.24,0.230,0.000,B,#5,HOLDING,0.238A/B
27115,2026-06-03 21:01:14,26.4750,7.24,0.230,0.506,B,#5,HOLDING,0.279A/B
27116,2026-06-03 21:01:15,26.3375,7.24,0.230,0.506,B,#5,HOLDING,0.332A/B
27117,2026-06-03 21:01:17,26.2375,7.24,0.230,0.506,B,#5,HOLDING,0.399A/B
27118,2026-06-03 21:01:19,26.1500,3.46,0.230,0.506,B,#5,HOLDING,0.464A/B
27119,2026-06-03 21:01:20,26.0750,3.46,0.464,1.920,B,#5,HOLDING,0.523A/B
27120,2026-06-03 21:01:23,26.0000,3.46,0.464,1.920,B,#5,HOLDING,0.607A/B
27121,2026-06-03 21:01:24,25.9500,3.46,0.464,1.920,B,#5,HOLDING,0.666A/B
27122,2026-06-03 21:01:26,25.9000,5.71,0.464,1.920,B,#5,HOLDING,0.737A/B
27123,2026-06-03 21:01:28,25.8750,5.71,0.737,4.753,B,#5,HOLDING,0.805A/B
27124,2026-06-03 21:01:31,25.8250,5.71,0.737,4.753,B,#5,HOLDING,0.899A/B
27125,2026-06-03 21:01:32,25.8250,5.71,0.737,4.753,B,#5,HOLDING,0.958A/B
27126,2026-06-03 21:01:34,25.8125,8.08,0.737,4.753,B,#5,HOLDING,1.000A/B
27127,2026-06-03 21:01:36,25.8125,8.08,1.000,8.540,B,#5,HOLDING,1.026A/B
27128,2026-06-03 21:01:38,25.8125,8.08,1.000,8.540,B,#5,HOLDING,1.121A/B
27129,2026-06-03 21:01:40,25.8625,8.08,1.000,8.540,B,#5,HOLDING,1.174A/B
27130,2026-06-03 21:01:42,25.8750,9.76,1.000,8.540,B,#5,HOLDING,1.000A/B
27131,2026-06-03 21:01:44,25.9250,9.76,1.000,8.720,B,#5,HOLDING,1.000A/B
27132,2026-06-03 21:01:46,25.9750,9.76,1.000,8.720,B,#5,HOLDING,1.000A/B
27133,2026-06-03 21:01:48,26.0500,9.76,1.000,8.720,B,#5,HOLDING,1.224A/B
27134,2026-06-03 21:01:49,26.1375,10.29,1.000,8.720,B,#5,HOLDING,1.277A/B
27135,2026-06-03 21:01:51,26.2375,10.29,1.277,13.906,B,#5,HOLDING,1.000A/B
27136,2026-06-03 21:01:54,26.2875,10.29,1.277,13.906,B,#5,HOLDING,1.000A/B
27137,2026-06-03 21:01:55,26.3875,10.29,1.277,13.906,B,#5,HOLDING,1.319A/B
27138,2026-06-03 21:01:57,26.5375,11.13,1.277,13.906,B,#5,HOLDING,1.354A/B
27139,2026-06-03 21:01:59,26.6375,11.13,1.354,15.760,B,#5,HOLDING,1.386A/B
27140,2026-06-03 21:02:01,26.8000,11.13,1.354,15.760,B,#5,HOLDING,1.426A/B
27141,2026-06-03 21:02:03,26.9000,11.13,1.354,15.760,B,#5,HOLDING,1.000A/B
27142,2026-06-03 21:02:05,27.0500,9.16,1.354,15.760,B,#5,HOLDING,1.404A/B
27143,2026-06-03 21:02:07,27.2000,9.16,1.335,16.536,B,#5,HOLDING,1.424A/B
27144,2026-06-03 21:02:09,27.3625,9.16,1.335,16.536,B,#5,HOLDING,1.444A/B
27145,2026-06-03 21:02:11,27.5125,9.16,1.335,16.536,B,#5,HOLDING,1.000A/B
27146,2026-06-03 21:02:12,27.6750,9.37,1.335,16.536,B,#5,HOLDING,1.451A/B
27147,2026-06-03 21:02:14,27.8750,9.37,1.352,16.260,B,#5,HOLDING,1.442A/B
27148,2026-06-03 21:02:17,28.0375,9.37,1.352,16.260,B,#5,HOLDING,1.434A/B
27149,2026-06-03 21:02:18,28.1875,9.37,1.352,16.260,B,#5,HOLDING,1.420A/B
27150,2026-06-03 21:02:20,28.4000,12.00,1.352,16.260,B,#5,HOLDING,1.396A/B
27151,2026-06-03 21:02:22,28.5500,12.00,1.346,15.984,B,#5,HOLDING,1.365A/B
27152,2026-06-03 21:02:24,28.7375,12.00,1.346,15.984,B,#5,HOLDING,1.323A/B
27153,2026-06-03 21:02:26,28.8875,12.00,1.346,15.984,B,#5,HOLDING,1.236A/B
27154,2026-06-03 21:02:28,29.0500,11.25,1.346,15.984,B,#5,HOLDING,1.000A/B
27155,2026-06-03 21:02:30,29.2250,11.25,1.039,9.690,B,#5,HOLDING,1.000A/B
27156,2026-06-03 21:02:32,29.4250,11.25,1.039,9.690,B,#5,HOLDING,1.000A/B
27157,2026-06-03 21:02:34,29.6250,11.25,1.039,9.690,B,#5,HOLDING,1.140A/B
27158,2026-06-03 21:02:36,29.7750,10.52,1.039,9.690,B,#5,HOLDING,1.061A/B
27159,2026-06-03 21:02:37,29.9500,10.52,1.061,10.800,B,#5,HOLDING,0.970A/B
27160,2026-06-03 21:02:40,30.1125,10.52,1.061,10.800,B,#5,HOLDING,0.862A/B
27161,2026-06-03 21:02:41,30.2875,10.52,1.061,10.800,B,#5,HOLDING,0.768A/B
27162,2026-06-03 21:02:43,30.4375,8.02,1.061,10.800,B,#5,HOLDING,0.664A/B
27163,2026-06-03 21:02:45,30.6375,8.02,0.703,4.840,B,#5,HOLDING,0.540A/B
27164,2026-06-03 21:02:47,30.7625,8.02,0.703,4.840,B,#5,HOLDING,0.404A/B
27165,2026-06-03 21:02:49,30.8875,8.02,0.703,4.840,B,#5,HOLDING,0.334A/B
27166,2026-06-03 21:02:51,31.0500,4.52,0.703,4.840,B,#5,HOLDING,0.205A/B
27167,2026-06-03 21:02:53,31.1750,4.52,0.257,4.840,OFF,#5,HOLDING,0.000A/OFF
27168,2026-06-03 21:02:54,31.3125,4.52,0.257,0.694,OFF,#5,HOLDING,0.000A/OFF
27169,2026-06-03 21:02:55,31.3125,4.52,0.257,0.694,OFF,#5,HOLDING,0.000A/OFF
27170,2026-06-03 21:02:56,31.3875,4.52,0.257,0.694,A,#5,HOLDING,0.150A/A
27171,2026-06-03 21:02:58,31.4875,4.52,0.257,0.694,A,#5,HOLDING,0.296A/A
27172,2026-06-03 21:02:59,31.5875,5.03,0.296,0.694,A,#5,HOLDING,0.427A/A
27173,2026-06-03 21:03:01,31.5875,5.03,0.296,1.298,A,#5,HOLDING,0.561A/A
27174,2026-06-03 21:03:03,31.6625,5.03,0.296,1.298,A,#5,HOLDING,0.689A/A
27175,2026-06-03 21:03:04,31.7375,5.03,0.296,1.298,A,#5,HOLDING,0.817A/A
27176,2026-06-03 21:03:06,31.7875,6.23,0.296,1.298,A,#5,HOLDING,0.971A/A
27177,2026-06-03 21:03:08,31.7875,6.23,0.891,7.360,A,#5,HOLDING,1.000A/A
27178,2026-06-03 21:03:11,31.8125,6.23,0.891,7.360,A,#5,HOLDING,1.114A/A
27179,2026-06-03 21:03:12,31.7625,6.23,0.891,7.360,A,#5,HOLDING,1.235A/A
27180,2026-06-03 21:03:14,31.7375,9.50,0.891,7.360,A,#5,HOLDING,1.000A/A
27181,2026-06-03 21:03:16,31.6875,9.50,1.115,8.120,A,#5,HOLDING,1.374A/A
27182,2026-06-03 21:03:18,31.6250,9.50,1.115,8.120,A,#5,HOLDING,1.500A/A
27183,2026-06-03 21:03:20,31.5250,9.50,1.115,8.120,A,#5,HOLDING,1.000A/A
27184,2026-06-03 21:03:22,31.4250,8.20,1.115,8.120,A,#5,HOLDING,1.000A/A
27185,2026-06-03 21:03:24,31.3000,8.20,1.000,8.430,A,#5,HOLDING,1.529A/A
27186,2026-06-03 21:03:26,31.1375,8.20,1.000,8.430,A,#5,HOLDING,1.681A/A
27187,2026-06-03 21:03:28,30.9875,8.20,1.000,8.430,A,#5,HOLDING,1.773A/A
27188,2026-06-03 21:03:29,30.8250,12.00,1.000,8.430,A,#5,HOLDING,1.500A/A
27189,2026-06-03 21:03:31,30.6250,12.00,1.500,17.976,A,#5,HOLDING,1.821A/A
27190,2026-06-03 21:03:34,30.4500,12.00,1.500,17.976,A,#5,HOLDING,1.943A/A
27191,2026-06-03 21:03:35,30.2500,12.00,1.500,17.976,A,#5,HOLDING,2.000A/A
27192,2026-06-03 21:03:37,30.0625,12.00,1.500,17.976,A,#5,HOLDING,1.000A/A
27193,2026-06-03 21:03:39,29.8125,12.00,1.182,8.870,A,#5,HOLDING,1.500A/A
27194,2026-06-03 21:03:41,29.6000,12.00,1.182,8.870,A,#5,HOLDING,1.970A/A
27195,2026-06-03 21:03:43,29.3750,12.00,1.182,8.870,A,#5,HOLDING,2.003A/A
27196,2026-06-03 21:03:45,29.1625,12.00,1.182,8.870,A,#5,HOLDING,2.000A/A
27197,2026-06-03 21:03:47,28.8875,12.00,1.457,17.316,A,#5,HOLDING,1.500A/A
27198,2026-06-03 21:03:49,28.6375,12.00,1.457,17.316,A,#5,HOLDING,1.979A/A
27199,2026-06-03 21:03:51,28.4125,12.00,1.457,17.316,A,#5,HOLDING,1.995A/A
27200,2026-06-03 21:03:52,28.1875,12.00,1.457,17.316,A,#5,HOLDING,2.000A/A
27201,2026-06-03 21:03:54,27.9125,12.00,1.436,17.076,A,#5,HOLDING,2.000A/A
27202,2026-06-03 21:03:57,27.6875,12.00,1.436,17.076,A,#5,HOLDING,1.000A/A
27203,2026-06-03 21:03:58,27.4125,12.00,1.436,17.076,A,#5,HOLDING,2.007A/A
27204,2026-06-03 21:04:00,27.1875,12.00,1.436,17.076,A,#5,HOLDING,1.987A/A
27205,2026-06-03 21:04:02,26.9125,12.00,1.430,17.004,A,#5,HOLDING,1.943A/A
27206,2026-06-03 21:04:04,26.6625,12.00,1.430,17.004,A,#5,HOLDING,1.500A/A
27207,2026-06-03 21:04:06,26.4125,12.00,1.430,17.004,A,#5,HOLDING,1.822A/A
27208,2026-06-03 21:04:08,26.1625,12.00,1.430,17.004,A,#5,HOLDING,1.750A/A
27209,2026-06-03 21:04:10,25.8875,12.00,1.412,16.824,A,#5,HOLDING,1.656A/A
27210,2026-06-03 21:04:12,25.6625,12.00,1.412,16.824,A,#5,HOLDING,1.553A/A
27211,2026-06-03 21:04:14,25.4125,12.00,1.412,16.824,A,#5,HOLDING,1.000A/A
27212,2026-06-03 21:04:16,25.1625,9.22,1.412,16.824,A,#5,HOLDING,1.447A/A
27213,2026-06-03 21:04:17,24.9375,9.22,1.224,16.776,A,#5,HOLDING,1.324A/A
27214,2026-06-03 21:04:20,24.7000,9.22,1.224,16.776,A,#5,HOLDING,1.226A/A
27215,2026-06-03 21:04:21,24.4750,9.22,1.224,16.776,A,#5,HOLDING,1.108A/A
27216,2026-06-03 21:04:23,24.2625,9.97,1.224,16.776,A,#5,HOLDING,0.965A/A
27217,2026-06-03 21:04:25,24.0125,9.97,1.024,8.752,A,#5,HOLDING,0.809A/A
27218,2026-06-03 21:04:27,23.8250,9.97,1.024,8.752,A,#5,HOLDING,0.614A/A
27219,2026-06-03 21:04:29,23.6000,9.97,1.024,8.752,A,#5,HOLDING,0.466A/A
27220,2026-06-03 21:04:31,23.3875,5.25,1.024,8.752,A,#5,HOLDING,0.292A/A
27221,2026-06-03 21:04:33,23.1875,5.25,0.377,1.121,A,#5,HOLDING,0.109A/A
27222,2026-06-03 21:04:35,23.0125,5.25,0.377,1.121,B,#5,HOLDING,0.123A/B
27223,2026-06-03 21:04:37,22.8375,5.25,0.377,1.121,B,#5,HOLDING,0.292A/B
27224,2026-06-03 21:04:39,22.7000,1.93,0.377,1.121,B,#5,HOLDING,0.485A/B
27225,2026-06-03 21:04:40,22.5500,1.93,0.386,1.775,B,#5,HOLDING,0.688A/B
27226,2026-06-03 21:04:43,22.3875,1.93,0.386,1.775,B,#5,HOLDING,0.953A/B
27227,2026-06-03 21:04:44,22.2625,1.93,0.386,1.775,B,#5,HOLDING,1.135A/B
27228,2026-06-03 21:04:46,22.1750,8.48,0.386,1.775,B,#5,HOLDING,1.000A/B
27229,2026-06-03 21:04:48,22.0750,8.48,1.066,7.820,B,#5,HOLDING,1.352A/B
27230,2026-06-03 21:04:51,22.0625,8.48,1.066,7.820,B,#5,HOLDING,1.000A/B
27231,2026-06-03 21:04:52,22.0375,8.48,1.066,7.820,B,#5,HOLDING,1.000A/B
27232,2026-06-03 21:04:54,22.0000,8.06,1.066,7.820,B,#5,HOLDING,1.619A/B
27233,2026-06-03 21:04:56,22.0250,8.06,1.298,18.864,B,#5,HOLDING,1.829A/B
27234,2026-06-03 21:04:58,22.0750,8.06,1.298,18.864,B,#5,HOLDING,1.000A/B
27235,2026-06-03 21:05:00,22.1500,8.06,1.298,18.864,B,#5,HOLDING,1.000A/B
27236,2026-06-03 21:05:02,22.2250,8.49,1.298,18.864,B,#5,HOLDING,1.500A/B
27237,2026-06-03 21:05:04,22.3250,8.49,1.246,17.970,B,#5,HOLDING,2.074A/B
27238,2026-06-03 21:05:06,22.4500,8.49,1.246,17.970,B,#5,HOLDING,1.500A/B
27239,2026-06-03 21:05:08,22.5750,8.49,1.246,17.970,B,#5,HOLDING,1.500A/B
27240,2026-06-03 21:05:09,22.7375,12.00,1.246,17.970,B,#5,HOLDING,2.000A/B
27241,2026-06-03 21:05:11,22.9375,12.00,1.469,17.352,B,#5,HOLDING,1.500A/B
27242,2026-06-03 21:05:14,23.0875,12.00,1.469,17.352,B,#5,HOLDING,2.000A/B
27243,2026-06-03 21:05:15,23.3125,12.00,1.469,17.352,B,#5,HOLDING,2.000A/B
27244,2026-06-03 21:05:17,23.4875,12.00,1.469,17.352,B,#5,HOLDING,1.000A/B
27245,2026-06-03 21:05:19,23.6875,12.00,1.212,9.190,B,#5,HOLDING,2.000A/B
27246,2026-06-03 21:05:21,23.9250,12.00,1.212,9.190,B,#5,HOLDING,2.000A/B
27247,2026-06-03 21:05:23,24.1500,12.00,1.212,9.190,B,#5,HOLDING,1.000A/B
27248,2026-06-03 21:05:25,24.3750,9.23,1.212,9.190,B,#5,HOLDING,1.500A/B
27249,2026-06-03 21:05:27,24.6500,9.23,1.312,16.584,B,#5,HOLDING,2.000A/B
27250,2026-06-03 21:05:29,24.8625,9.23,1.312,16.584,B,#5,HOLDING,1.500A/B
27251,2026-06-03 21:05:31,25.0875,9.23,1.312,16.584,B,#5,HOLDING,1.000A/B
27252,2026-06-03 21:05:32,25.3375,9.37,1.312,16.584,B,#5,HOLDING,2.000A/B
27253,2026-06-03 21:05:34,25.5625,9.37,1.260,16.308,B,#5,HOLDING,2.000A/B
27254,2026-06-03 21:05:37,25.8000,9.37,1.260,16.308,B,#5,HOLDING,2.099A/B
27255,2026-06-03 21:05:38,26.0250,9.37,1.260,16.308,B,#5,HOLDING,1.000A/B
27256,2026-06-03 21:05:40,26.2500,9.48,1.260,16.308,B,#5,HOLDING,1.500A/B
27257,2026-06-03 21:05:42,26.5000,9.48,1.206,16.104,B,#5,HOLDING,2.116A/B
27258,2026-06-03 21:05:44,26.7250,9.48,1.206,16.104,B,#5,HOLDING,1.000A/B
27259,2026-06-03 21:05:46,26.9750,9.48,1.206,16.104,B,#5,HOLDING,2.105A/B
27260,2026-06-03 21:05:48,27.2125,12.00,1.206,16.104,OFF,--,DONE,2.129A/B
27261,2026-06-03 21:05:50,27.4375,12.00,1.335,16.104,OFF,--,DONE,--
27262,2026-06-03 21:05:51,27.6750,12.00,1.335,0.000,OFF,--,DONE,--
27263,2026-06-03 21:05:52,27.6750,12.00,1.335,0.000,OFF,--,DONE,--
27264,2026-06-03 21:05:53,27.8750,7.07,0.000,0.000,OFF,--,DONE,--
27265,2026-06-03 21:05:54,27.8750,7.07,0.000,0.000,OFF,--,DONE,--
27266,2026-06-03 21:05:55,28.1125,7.07,0.000,0.000,OFF,--,DONE,--
27267,2026-06-03 21:05:56,28.2625,2.79,0.000,0.000,OFF,--,DONE,--
27268,2026-06-03 21:05:57,28.2625,2.79,0.000,0.000,OFF,--,DONE,--
27269,2026-06-03 21:05:58,28.4750,2.79,0.000,0.000,OFF,--,DONE,--
27270,2026-06-03 21:05:59,28.4750,2.79,0.000,0.000,OFF,--,DONE,--
27271,2026-06-03 21:06:00,28.6250,1.12,0.000,0.000,OFF,--,DONE,--
27272,2026-06-03 21:06:01,28.6250,1.12,0.000,0.000,OFF,--,DONE,--
27273,2026-06-03 21:06:02,28.7625,1.12,0.000,0.000,OFF,--,DONE,--
27274,2026-06-03 21:06:03,28.7625,1.12,0.000,0.000,OFF,--,DONE,--
27275,2026-06-03 21:06:04,28.8875,0.39,0.000,0.000,OFF,--,DONE,--
27276,2026-06-03 21:06:05,28.8875,0.39,0.000,0.000,OFF,--,DONE,--
27277,2026-06-03 21:06:06,29.0125,0.39,0.000,0.000,OFF,--,DONE,--
27278,2026-06-03 21:06:07,29.0125,0.10,0.000,0.000,OFF,--,DONE,--
27279,2026-06-03 21:06:08,29.1125,0.10,0.000,0.000,OFF,--,DONE,--
27280,2026-06-03 21:06:09,29.1125,0.10,0.000,0.000,OFF,--,DONE,--
27281,2026-06-03 21:06:10,29.1750,0.10,0.000,0.000,OFF,--,DONE,--
27282,2026-06-03 21:06:11,29.1750,0.00,0.000,0.000,OFF,--,DONE,--
27283,2026-06-03 21:06:12,29.2500,0.00,0.000,0.000,OFF,--,DONE,--
27284,2026-06-03 21:06:13,29.2500,0.00,0.000,0.000,OFF,--,DONE,--
27285,2026-06-03 21:06:14,29.3250,0.00,0.000,0.000,OFF,--,DONE,--
27286,2026-06-03 21:06:15,29.3250,0.00,0.000,0.000,OFF,--,DONE,--
27287,2026-06-03 21:06:16,29.3500,0.00,0.000,0.000,OFF,--,DONE,--
27288,2026-06-03 21:06:17,29.3500,0.00,0.000,0.000,OFF,--,DONE,--
27289,2026-06-03 21:06:18,29.3875,0.00,0.000,0.000,OFF,--,DONE,--
27290,2026-06-03 21:06:19,29.4375,0.00,0.000,0.000,OFF,--,DONE,--
27291,2026-06-03 21:06:20,29.4375,0.00,0.000,0.000,OFF,--,DONE,--
27292,2026-06-03 21:06:21,29.4750,0.00,0.000,0.000,OFF,--,DONE,--
27293,2026-06-03 21:06:22,29.4750,0.00,0.000,0.000,OFF,--,DONE,--
27294,2026-06-03 21:06:23,29.5000,0.00,0.000,0.000,OFF,--,DONE,--
27295,2026-06-03 21:06:24,29.5000,0.00,0.000,0.000,OFF,--,DONE,--
27296,2026-06-03 21:06:26,29.5125,0.00,0.000,0.000,OFF,--,DONE,--
27297,2026-06-03 21:06:27,29.5125,0.00,0.000,0.000,OFF,--,DONE,--
27298,2026-06-03 21:06:28,29.5125,0.00,0.000,0.000,OFF,--,DONE,--
27299,2026-06-03 21:06:29,29.5125,0.00,0.000,0.000,OFF,--,DONE,--
27300,2026-06-03 21:06:30,29.5000,0.00,0.000,0.000,OFF,--,DONE,--
27301,2026-06-03 21:06:31,29.5000,0.00,0.000,0.000,OFF,--,DONE,--
27302,2026-06-03 21:06:32,29.4500,0.00,0.000,0.000,OFF,--,DONE,--
27303,2026-06-03 21:06:33,29.4500,0.00,0.000,0.000,OFF,--,DONE,--
27304,2026-06-03 21:06:34,29.4375,0.00,0.000,0.000,OFF,--,DONE,--
27305,2026-06-03 21:06:35,29.3875,0.00,0.000,0.000,OFF,--,DONE,--
27306,2026-06-03 21:06:36,29.3875,0.00,0.000,0.000,OFF,--,DONE,--
27307,2026-06-03 21:06:37,29.3750,0.00,0.000,0.000,OFF,--,DONE,--
27308,2026-06-03 21:06:38,29.3750,0.00,0.000,0.000,OFF,--,DONE,--
27309,2026-06-03 21:06:39,29.3250,0.00,0.000,0.000,OFF,--,DONE,--
27310,2026-06-03 21:06:40,29.3250,0.00,0.000,0.000,OFF,--,DONE,--
27311,2026-06-03 21:06:41,29.2750,0.00,0.000,0.000,OFF,--,DONE,--
27312,2026-06-03 21:06:42,29.2750,0.00,0.000,0.000,OFF,--,DONE,--
27313,2026-06-03 21:06:43,29.2000,0.00,0.000,0.000,OFF,--,DONE,--
27314,2026-06-03 21:06:44,29.2000,0.00,0.000,0.000,OFF,--,DONE,--
27315,2026-06-03 21:06:45,29.1500,0.00,0.000,0.000,OFF,--,DONE,--
27316,2026-06-03 21:06:46,29.1500,0.00,0.000,0.000,OFF,--,DONE,--
27317,2026-06-03 21:06:47,29.0750,0.00,0.000,0.000,OFF,--,DONE,--
27318,2026-06-03 21:06:48,29.0750,0.00,0.000,0.000,OFF,--,DONE,--
27319,2026-06-03 21:06:49,29.0500,0.00,0.000,0.000,OFF,--,DONE,--
27320,2026-06-03 21:06:50,29.0000,0.00,0.000,0.000,OFF,--,DONE,--
27321,2026-06-03 21:06:51,29.0000,0.00,0.000,0.000,OFF,--,DONE,--
27322,2026-06-03 21:06:52,28.9250,0.00,0.000,0.000,OFF,--,DONE,--
27323,2026-06-03 21:06:53,28.9250,0.00,0.000,0.000,OFF,--,DONE,--
27324,2026-06-03 21:06:54,28.8250,0.00,0.000,0.000,OFF,--,DONE,--
27325,2026-06-03 21:06:55,28.8250,0.00,0.000,0.000,OFF,--,DONE,--
27326,2026-06-03 21:06:56,28.7500,0.00,0.000,0.000,OFF,--,DONE,--
27327,2026-06-03 21:06:57,28.7500,0.00,0.000,0.000,OFF,--,DONE,--
27328,2026-06-03 21:06:58,28.7000,0.00,0.000,0.000,OFF,--,DONE,--
27329,2026-06-03 21:06:59,28.7000,0.00,0.000,0.000,OFF,--,DONE,--
27330,2026-06-03 21:07:00,28.5875,0.00,0.000,0.000,OFF,--,DONE,--
27331,2026-06-03 21:07:01,28.5875,0.00,0.000,0.000,OFF,--,DONE,--
27332,2026-06-03 21:07:02,28.5375,0.00,0.000,0.000,OFF,--,DONE,--
27333,2026-06-03 21:07:03,28.5375,0.00,0.000,0.000,OFF,--,DONE,--
27334,2026-06-03 21:07:04,28.4375,0.00,0.000,0.000,OFF,--,DONE,--
27335,2026-06-03 21:07:05,28.3875,0.00,0.000,0.000,OFF,--,DONE,--
27336,2026-06-03 21:07:06,28.3875,0.00,0.000,0.000,OFF,--,DONE,--
27337,2026-06-03 21:07:07,28.3000,0.00,0.000,0.000,OFF,--,DONE,--
27338,2026-06-03 21:07:09,28.3000,0.00,0.000,0.000,OFF,--,DONE,--
27339,2026-06-03 21:07:10,28.2250,0.00,0.000,0.000,OFF,--,DONE,--
27340,2026-06-03 21:07:11,28.2250,0.00,0.000,0.000,OFF,--,DONE,--
27341,2026-06-03 21:07:12,28.1250,0.00,0.000,0.000,OFF,--,DONE,--
27342,2026-06-03 21:07:13,28.1250,0.00,0.000,0.000,OFF,--,DONE,--
27343,2026-06-03 21:07:14,28.0500,0.00,0.000,0.000,OFF,--,DONE,--
27344,2026-06-03 21:07:15,28.0500,0.00,0.000,0.000,OFF,--,DONE,--
27345,2026-06-03 21:07:16,27.9625,0.00,0.000,0.000,OFF,--,DONE,--
27346,2026-06-03 21:07:17,27.9625,0.00,0.000,0.000,OFF,--,DONE,--
27347,2026-06-03 21:07:18,27.8875,0.00,0.000,0.000,OFF,--,DONE,--
27348,2026-06-03 21:07:19,27.8875,0.00,0.000,0.000,OFF,--,DONE,--
27349,2026-06-03 21:07:20,27.8250,0.00,0.000,0.000,OFF,--,DONE,--
27350,2026-06-03 21:07:21,27.7250,0.00,0.000,0.000,OFF,--,DONE,--
27351,2026-06-03 21:07:22,27.7250,0.00,0.000,0.000,OFF,--,DONE,--
27352,2026-06-03 21:07:23,27.6750,0.00,0.000,0.000,OFF,--,DONE,--
27353,2026-06-03 21:07:24,27.6750,0.00,0.000,0.000,OFF,--,DONE,--
27354,2026-06-03 21:07:25,27.6000,0.00,0.000,0.000,OFF,--,DONE,--
27355,2026-06-03 21:07:26,27.6000,0.00,0.000,0.000,OFF,--,DONE,--
27356,2026-06-03 21:07:27,27.5000,0.00,0.000,0.000,OFF,--,DONE,--
27357,2026-06-03 21:07:28,27.5000,0.00,0.000,0.000,OFF,--,DONE,--
27358,2026-06-03 21:07:29,27.4250,0.00,0.000,0.000,OFF,--,DONE,--
27359,2026-06-03 21:07:30,27.4250,0.00,0.000,0.000,OFF,--,DONE,--
27360,2026-06-03 21:07:31,27.3375,0.00,0.000,0.000,OFF,--,DONE,--
27361,2026-06-03 21:07:32,27.3375,0.00,0.000,0.000,OFF,--,DONE,--
27362,2026-06-03 21:07:33,27.2625,0.00,0.000,0.000,OFF,--,DONE,--
27363,2026-06-03 21:07:34,27.2625,0.00,0.000,0.000,OFF,--,DONE,--
27364,2026-06-03 21:07:35,27.1750,0.00,0.000,0.000,OFF,--,DONE,--
27365,2026-06-03 21:07:36,27.1000,0.00,0.000,0.000,OFF,--,DONE,--
27366,2026-06-03 21:07:37,27.1000,0.00,0.000,0.000,OFF,--,DONE,--
27367,2026-06-03 21:07:38,27.0250,0.00,0.000,0.000,OFF,--,DONE,--
27368,2026-06-03 21:07:39,27.0250,0.00,0.000,0.000,OFF,--,DONE,--
27369,2026-06-03 21:07:40,26.9500,0.00,0.000,0.000,OFF,--,DONE,--
27370,2026-06-03 21:07:41,26.9500,0.00,0.000,0.000,OFF,--,DONE,--
27371,2026-06-03 21:07:42,26.9000,0.00,0.000,0.000,OFF,--,DONE,--
27372,2026-06-03 21:07:43,26.9000,0.00,0.000,0.000,OFF,--,DONE,--
27373,2026-06-03 21:07:44,26.8250,0.00,0.000,0.000,OFF,--,DONE,--
27374,2026-06-03 21:07:45,26.8250,0.00,0.000,0.000,OFF,--,DONE,--
27375,2026-06-03 21:07:46,26.7375,0.00,0.000,0.000,OFF,--,DONE,--
27376,2026-06-03 21:07:47,26.7375,0.00,0.000,0.000,OFF,--,DONE,--
27377,2026-06-03 21:07:48,26.6625,0.00,0.000,0.000,OFF,--,DONE,--
27378,2026-06-03 21:07:49,26.6625,0.00,0.000,0.000,A,#1,APPROACH,0.865A/A
27379,2026-06-03 21:07:51,26.6125,0.00,0.000,0.000,A,#1,APPROACH,0.898A/A
27380,2026-06-03 21:07:53,26.5375,0.00,0.000,0.000,A,#1,APPROACH,1.000A/A
27381,2026-06-03 21:07:55,26.3875,0.00,0.000,0.000,A,#1,APPROACH,1.500A/A
27382,2026-06-03 21:07:57,26.3875,0.00,0.000,0.000,A,#1,APPROACH,1.981A/A
27383,2026-06-03 21:07:59,26.3000,12.00,0.000,0.000,A,#1,APPROACH,2.352A/A
27384,2026-06-03 21:08:01,26.2000,12.00,1.557,18.396,A,#1,APPROACH,1.500A/A
27385,2026-06-03 21:08:03,26.0125,12.00,1.557,18.396,A,#1,APPROACH,1.000A/A
27386,2026-06-03 21:08:05,26.0125,12.00,1.557,18.396,A,#1,APPROACH,2.000A/A
27387,2026-06-03 21:08:06,25.9250,12.00,1.557,18.396,A,#1,APPROACH,1.500A/A
27388,2026-06-03 21:08:08,25.7750,12.00,1.500,17.820,A,#1,APPROACH,2.062A/A
27389,2026-06-03 21:08:11,25.4875,12.00,1.500,17.820,A,#1,HOLDING,1.500A/A
27390,2026-06-03 21:08:12,25.4875,12.00,1.500,17.820,A,#1,HOLDING,1.578A/A
27391,2026-06-03 21:08:14,25.3250,12.00,1.500,17.820,A,#1,HOLDING,0.658A/A
27392,2026-06-03 21:08:16,25.1250,12.00,0.674,4.217,A,#1,HOLDING,0.269A/A
27393,2026-06-03 21:08:18,24.7750,12.00,0.674,4.217,OFF,#1,HOLDING,0.000A/OFF
27394,2026-06-03 21:08:19,24.7750,12.00,0.674,4.217,OFF,#1,HOLDING,0.000A/OFF
27395,2026-06-03 21:08:20,24.5750,12.00,0.674,4.217,OFF,#1,HOLDING,0.000A/OFF
27396,2026-06-03 21:08:21,24.5750,12.00,0.674,4.217,OFF,#1,HOLDING,0.000A/OFF
27397,2026-06-03 21:08:22,24.4250,12.00,0.000,4.217,OFF,#1,HOLDING,0.000A/OFF
27398,2026-06-03 21:08:23,24.4250,12.00,0.000,4.217,OFF,#1,HOLDING,0.000A/OFF
27399,2026-06-03 21:08:24,24.2625,12.00,0.000,0.000,B,#1,HOLDING,0.324A/B
27400,2026-06-03 21:08:26,24.1125,12.00,0.000,0.000,B,#1,HOLDING,0.740A/B
27401,2026-06-03 21:08:27,24.1125,12.00,0.000,0.000,B,#1,HOLDING,0.567A/B
27402,2026-06-03 21:08:29,23.9625,4.22,0.000,0.000,B,#1,HOLDING,0.385A/B
27403,2026-06-03 21:08:31,23.8375,4.22,0.405,1.189,B,#1,HOLDING,0.374A/B
27404,2026-06-03 21:08:33,23.7375,4.22,0.405,1.189,B,#1,HOLDING,0.277A/B
27405,2026-06-03 21:08:35,23.6375,4.22,0.405,1.189,B,#1,HOLDING,0.435A/B
27406,2026-06-03 21:08:37,23.5625,3.54,0.405,1.189,B,#1,HOLDING,0.724A/B
27407,2026-06-03 21:08:39,23.5125,3.54,0.677,4.307,B,#1,HOLDING,1.070A/B
27408,2026-06-03 21:08:41,23.4375,3.54,0.677,4.307,B,#1,HOLDING,1.633A/B
27409,2026-06-03 21:08:43,23.3875,3.54,0.677,4.307,B,#1,HOLDING,1.000A/B
27410,2026-06-03 21:08:44,23.3750,8.05,0.677,4.307,B,#1,HOLDING,0.859A/B
27411,2026-06-03 21:08:46,23.3750,8.05,0.859,6.219,B,#1,HOLDING,0.898A/B
27412,2026-06-03 21:08:49,23.3750,8.05,0.859,6.219,B,#1,HOLDING,1.085A/B
27413,2026-06-03 21:08:50,23.3750,8.05,0.859,6.219,B,#1,HOLDING,1.289A/B
27414,2026-06-03 21:08:52,23.4375,10.20,0.859,6.219,B,#1,HOLDING,1.277A/B
27415,2026-06-03 21:08:54,23.4875,10.20,1.277,13.242,B,#1,HOLDING,1.000A/B
27416,2026-06-03 21:08:56,23.5625,10.20,1.277,13.242,B,#1,HOLDING,1.000A/B
27417,2026-06-03 21:08:58,23.6375,10.20,1.277,13.242,B,#1,HOLDING,1.464A/B
27418,2026-06-03 21:09:00,23.7250,11.65,1.277,13.242,B,#1,HOLDING,1.000A/B
27419,2026-06-03 21:09:02,23.8250,11.65,1.233,8.730,B,#1,HOLDING,0.784A/B
27420,2026-06-03 21:09:04,23.9750,11.65,1.233,8.730,B,#1,HOLDING,0.691A/B
27421,2026-06-03 21:09:06,24.0750,11.65,1.233,8.730,B,#1,HOLDING,0.601A/B
27422,2026-06-03 21:09:07,24.2250,5.89,1.233,8.730,B,#1,HOLDING,0.615A/B
27423,2026-06-03 21:09:09,24.3500,5.89,0.615,3.751,B,#1,HOLDING,0.597A/B
27424,2026-06-03 21:09:12,24.4875,5.89,0.615,3.751,B,#1,HOLDING,0.580A/B
27425,2026-06-03 21:09:13,24.6375,5.89,0.615,3.751,B,#1,HOLDING,0.543A/B
27426,2026-06-03 21:09:15,24.7375,5.47,0.615,3.751,B,#1,HOLDING,0.518A/B
27427,2026-06-03 21:09:17,24.8875,5.47,0.529,2.766,B,#1,HOLDING,0.459A/B
27428,2026-06-03 21:09:19,25.0500,5.47,0.529,2.766,B,#1,HOLDING,0.401A/B
27429,2026-06-03 21:09:21,25.1750,5.47,0.529,2.766,B,#1,HOLDING,0.273A/B
27430,2026-06-03 21:09:23,25.3000,3.35,0.529,2.766,B,#1,HOLDING,0.266A/B
27431,2026-06-03 21:09:25,25.4250,3.35,0.266,0.877,B,#1,HOLDING,0.139A/B
27432,2026-06-03 21:09:27,25.5500,3.35,0.266,0.877,B,#1,HOLDING,0.136A/B
27433,2026-06-03 21:09:29,25.6500,3.35,0.266,0.877,A,#1,HOLDING,0.123A/A
27434,2026-06-03 21:09:30,25.7625,1.32,0.266,0.877,A,#1,HOLDING,0.462A/A
27435,2026-06-03 21:09:32,25.8875,1.32,0.290,1.727,A,#1,HOLDING,0.401A/A
27436,2026-06-03 21:09:35,25.9250,1.32,0.290,1.727,A,#1,HOLDING,0.164A/A
27437,2026-06-03 21:09:36,26.0250,1.32,0.290,1.727,A,#1,HOLDING,0.241A/A
27438,2026-06-03 21:09:38,26.1000,1.95,0.290,1.727,A,#1,HOLDING,0.137A/A
27439,2026-06-03 21:09:40,26.1500,1.95,0.186,0.158,A,#1,HOLDING,0.252A/A
27440,2026-06-03 21:09:42,26.1875,1.95,0.186,0.158,A,#1,HOLDING,0.267A/A
27441,2026-06-03 21:09:44,26.2375,1.95,0.186,0.158,A,#1,HOLDING,0.280A/A
27442,2026-06-03 21:09:46,26.2500,2.42,0.186,0.158,A,#1,HOLDING,0.340A/A
27443,2026-06-03 21:09:48,26.2500,2.42,0.308,1.030,A,#1,HOLDING,0.468A/A
27444,2026-06-03 21:09:50,26.2500,2.42,0.308,1.030,A,#1,HOLDING,0.592A/A
27445,2026-06-03 21:09:52,26.2500,2.42,0.308,1.030,A,#1,HOLDING,0.512A/A
27446,2026-06-03 21:09:54,26.2250,4.51,0.308,1.030,A,#1,HOLDING,0.535A/A
27447,2026-06-03 21:09:55,26.2000,4.51,0.522,2.573,A,#1,HOLDING,0.636A/A
27448,2026-06-03 21:09:58,26.1750,4.51,0.522,2.573,A,#1,HOLDING,0.670A/A
27449,2026-06-03 21:09:59,26.1250,4.51,0.522,2.573,A,#1,HOLDING,0.684A/A
27450,2026-06-03 21:10:01,26.0625,5.99,0.522,2.573,A,#1,HOLDING,0.764A/A
27451,2026-06-03 21:10:03,26.0125,5.99,0.729,5.103,A,#1,HOLDING,0.859A/A
27452,2026-06-03 21:10:05,25.9250,5.99,0.729,5.103,A,#1,HOLDING,0.943A/A
27453,2026-06-03 21:10:07,25.8500,5.99,0.729,5.103,A,#1,HOLDING,1.051A/A
27454,2026-06-03 21:10:09,25.7750,8.73,0.729,5.103,A,#1,HOLDING,0.952A/A
27455,2026-06-03 21:10:11,25.6750,8.73,0.987,7.796,A,#1,HOLDING,1.000A/A
27456,2026-06-03 21:10:13,25.5750,8.73,0.987,7.796,A,#1,HOLDING,1.042A/A
27457,2026-06-03 21:10:15,25.4500,8.73,0.987,7.796,A,#1,HOLDING,1.037A/A
27458,2026-06-03 21:10:17,25.3375,8.81,0.987,7.796,A,#2,APPROACH,1.042A/A
27459,2026-06-03 21:10:18,25.2125,8.81,1.042,0.000,A,#2,APPROACH,0.196A/A
27460,2026-06-03 21:10:21,25.0750,8.81,1.042,0.000,A,#2,APPROACH,0.278A/A
27461,2026-06-03 21:10:23,24.9250,8.81,1.042,0.000,A,#2,APPROACH,0.312A/A
27462,2026-06-03 21:10:25,24.8000,8.81,1.042,0.000,A,#2,APPROACH,0.452A/A
27463,2026-06-03 21:10:26,24.6750,4.53,1.042,0.000,A,#2,APPROACH,0.447A/A
27464,2026-06-03 21:10:28,24.5500,4.53,0.447,2.015,A,#2,APPROACH,0.615A/A
27465,2026-06-03 21:10:31,24.4250,4.53,0.447,2.015,A,#2,APPROACH,0.649A/A
27466,2026-06-03 21:10:32,24.3250,4.53,0.447,2.015,A,#2,APPROACH,0.589A/A
27467,2026-06-03 21:10:34,24.2000,5.58,0.447,2.015,A,#2,APPROACH,0.501A/A
27468,2026-06-03 21:10:36,24.0750,5.58,0.543,2.499,A,#2,APPROACH,0.498A/A
27469,2026-06-03 21:10:38,23.9500,5.58,0.543,2.499,A,#2,HOLDING,0.513A/A
27470,2026-06-03 21:10:40,23.8250,5.58,0.543,2.499,OFF,#2,HOLDING,0.000A/OFF
27471,2026-06-03 21:10:41,23.7000,5.58,0.543,2.499,OFF,#2,HOLDING,0.000A/OFF
27472,2026-06-03 21:10:42,23.7000,12.00,0.543,2.499,OFF,#2,HOLDING,0.000A/OFF
27473,2026-06-03 21:10:43,23.5875,12.00,0.000,2.499,OFF,#2,HOLDING,0.000A/OFF
27474,2026-06-03 21:10:44,23.5875,12.00,0.000,0.000,OFF,#2,HOLDING,0.000A/OFF
27475,2026-06-03 21:10:45,23.4875,12.00,0.000,0.000,OFF,#2,HOLDING,0.000A/OFF
27476,2026-06-03 21:10:46,23.4875,12.00,0.000,0.000,A,#2,HOLDING,0.142A/A
27477,2026-06-03 21:10:48,23.3625,12.00,0.000,0.000,A,#2,HOLDING,0.116A/A
27478,2026-06-03 21:10:49,23.2625,3.63,0.116,0.000,A,#2,HOLDING,0.128A/A
27479,2026-06-03 21:10:51,23.1500,3.63,0.116,0.222,A,#2,HOLDING,0.110A/A
27480,2026-06-03 21:10:53,23.0750,3.63,0.116,0.222,A,#2,HOLDING,0.110A/A
27481,2026-06-03 21:10:55,22.9625,3.63,0.116,0.222,OFF,#2,HOLDING,0.000A/OFF
27482,2026-06-03 21:10:56,22.9625,3.63,0.116,0.222,OFF,#2,HOLDING,0.000A/OFF
27483,2026-06-03 21:10:57,22.9125,12.00,0.116,0.222,OFF,#2,HOLDING,0.000A/OFF
27484,2026-06-03 21:10:58,22.9125,12.00,1.516,0.000,A,#2,HOLDING,0.109A/A
27485,2026-06-03 21:11:00,22.7375,12.00,1.516,0.000,OFF,#2,HOLDING,0.000A/OFF
27486,2026-06-03 21:11:01,22.7375,12.00,1.516,0.000,OFF,#2,HOLDING,0.000A/OFF
27487,2026-06-03 21:11:02,22.7375,12.00,1.516,0.000,OFF,#2,HOLDING,0.000A/OFF
27488,2026-06-03 21:11:03,22.6500,12.00,1.516,0.000,OFF,#2,HOLDING,0.000A/OFF
27489,2026-06-03 21:11:04,22.5750,12.00,0.000,0.000,OFF,#2,HOLDING,0.000A/OFF
27490,2026-06-03 21:11:05,22.5750,12.00,0.000,0.000,OFF,#2,HOLDING,0.000A/OFF
27491,2026-06-03 21:11:06,22.5000,12.00,0.000,0.000,OFF,#2,HOLDING,0.000A/OFF
27492,2026-06-03 21:11:07,22.5000,12.00,0.000,0.000,OFF,#2,HOLDING,0.000A/OFF
27493,2026-06-03 21:11:08,22.4250,12.00,0.000,0.000,OFF,#2,HOLDING,0.000A/OFF
27494,2026-06-03 21:11:09,22.4250,12.00,0.000,0.000,OFF,#2,HOLDING,0.000A/OFF
27495,2026-06-03 21:11:10,22.4000,12.00,0.000,0.000,OFF,#2,HOLDING,0.000A/OFF
27496,2026-06-03 21:11:11,22.4000,12.00,0.000,0.000,B,#2,HOLDING,0.125A/B
27497,2026-06-03 21:11:13,22.3250,12.00,0.000,0.000,B,#2,HOLDING,0.179A/B
27498,2026-06-03 21:11:15,22.2875,12.00,0.000,0.000,B,#2,HOLDING,0.172A/B
27499,2026-06-03 21:11:17,22.2625,1.30,0.000,0.000,B,#2,HOLDING,0.266A/B
27500,2026-06-03 21:11:19,22.2375,1.30,0.266,0.590,B,#2,HOLDING,0.204A/B
27501,2026-06-03 21:11:21,22.1875,1.30,0.266,0.590,B,#2,HOLDING,0.273A/B
27502,2026-06-03 21:11:22,22.1750,1.30,0.266,0.590,B,#2,HOLDING,0.333A/B
27503,2026-06-03 21:11:24,22.1250,2.80,0.266,0.590,B,#2,HOLDING,0.462A/B
27504,2026-06-03 21:11:26,22.1375,2.80,0.462,1.829,B,#2,HOLDING,0.361A/B
27505,2026-06-03 21:11:29,22.1625,2.80,0.462,1.829,B,#2,HOLDING,0.424A/B
27506,2026-06-03 21:11:30,22.1375,2.80,0.462,1.829,B,#2,HOLDING,0.376A/B
27507,2026-06-03 21:11:32,22.1875,3.32,0.462,1.829,B,#2,HOLDING,0.362A/B
27508,2026-06-03 21:11:34,22.1875,3.32,0.362,1.187,B,#2,HOLDING,0.375A/B
27509,2026-06-03 21:11:36,22.1875,3.32,0.362,1.187,B,#2,HOLDING,0.420A/B
27510,2026-06-03 21:11:38,22.2500,3.32,0.362,1.187,B,#2,HOLDING,0.453A/B
27511,2026-06-03 21:11:40,22.2750,3.99,0.362,1.187,B,#3,APPROACH,0.467A/B
27512,2026-06-03 21:11:42,22.3125,3.99,0.467,1.187,OFF,#3,APPROACH,0.000A/OFF
27513,2026-06-03 21:11:43,22.3625,3.99,0.467,1.187,OFF,#3,APPROACH,0.000A/OFF
27514,2026-06-03 21:11:44,22.3625,3.99,0.467,0.000,B,#3,APPROACH,0.114A/B
27515,2026-06-03 21:11:46,22.4125,3.99,0.467,0.000,B,#3,APPROACH,0.191A/B
27516,2026-06-03 21:11:47,22.4625,3.99,0.467,0.000,B,#3,APPROACH,0.231A/B
27517,2026-06-03 21:11:49,22.4750,2.42,0.467,0.000,B,#3,APPROACH,0.234A/B
27518,2026-06-03 21:11:51,22.5250,2.42,0.234,0.570,B,#3,APPROACH,0.261A/B
27519,2026-06-03 21:11:53,22.5750,2.42,0.234,0.570,B,#3,APPROACH,0.308A/B
27520,2026-06-03 21:11:55,22.6500,2.42,0.234,0.570,B,#3,HOLDING,0.269A/B
27521,2026-06-03 21:11:57,22.7000,2.42,0.234,0.570,OFF,#3,HOLDING,0.000A/OFF
27522,2026-06-03 21:11:58,22.7750,2.76,0.234,0.570,OFF,#3,HOLDING,0.000A/OFF
27523,2026-06-03 21:11:59,22.7750,2.76,0.269,0.570,OFF,#3,HOLDING,0.000A/OFF
27524,2026-06-03 21:12:00,22.8250,2.76,0.269,0.000,OFF,#3,HOLDING,0.000A/OFF
27525,2026-06-03 21:12:01,22.8250,2.76,0.269,0.000,OFF,#3,HOLDING,0.000A/OFF
27526,2026-06-03 21:12:02,22.8750,2.76,0.269,0.000,OFF,#3,HOLDING,0.000A/OFF
27527,2026-06-03 21:12:03,22.8750,2.76,0.269,0.000,B,#3,HOLDING,0.122A/B
27528,2026-06-03 21:12:04,22.9375,12.00,0.059,0.000,B,#3,HOLDING,0.135A/B
27529,2026-06-03 21:12:06,22.9875,12.00,0.059,0.193,B,#3,HOLDING,0.160A/B
27530,2026-06-03 21:12:08,23.0375,12.00,0.059,0.193,B,#3,HOLDING,0.171A/B
27531,2026-06-03 21:12:09,23.0625,12.00,0.059,0.193,B,#3,HOLDING,0.193A/B
27532,2026-06-03 21:12:11,23.1375,1.93,0.059,0.193,B,#3,HOLDING,0.208A/B
27533,2026-06-03 21:12:13,23.1875,1.93,0.208,0.438,B,#3,HOLDING,0.224A/B
27534,2026-06-03 21:12:16,23.1875,1.93,0.208,0.438,B,#3,HOLDING,0.246A/B
27535,2026-06-03 21:12:17,23.2375,1.93,0.208,0.438,B,#3,HOLDING,0.259A/B
27536,2026-06-03 21:12:19,23.2625,2.52,0.208,0.438,B,#3,HOLDING,0.274A/B
27537,2026-06-03 21:12:21,23.3125,2.52,0.274,0.739,B,#3,HOLDING,0.280A/B
27538,2026-06-03 21:12:23,23.3500,2.52,0.274,0.739,B,#3,HOLDING,0.295A/B
27539,2026-06-03 21:12:25,23.3750,2.52,0.274,0.739,B,#3,HOLDING,0.301A/B
27540,2026-06-03 21:12:27,23.4125,2.91,0.274,0.739,B,#3,HOLDING,0.309A/B
27541,2026-06-03 21:12:28,23.4625,2.91,0.309,0.933,B,#3,HOLDING,0.313A/B
27542,2026-06-03 21:12:31,23.5000,2.91,0.309,0.933,B,#3,HOLDING,0.317A/B
27543,2026-06-03 21:12:32,23.5500,2.91,0.309,0.933,B,#3,HOLDING,0.317A/B
27544,2026-06-03 21:12:34,23.6125,3.08,0.309,0.933,B,#3,HOLDING,0.316A/B
27545,2026-06-03 21:12:36,23.6125,3.08,0.316,0.985,B,#3,HOLDING,0.318A/B
27546,2026-06-03 21:12:39,23.6375,3.08,0.316,0.985,B,#3,HOLDING,0.319A/B
27547,2026-06-03 21:12:40,23.6875,3.08,0.316,0.985,B,#3,HOLDING,0.317A/B
27548,2026-06-03 21:12:42,23.7500,3.09,0.316,0.985,B,#3,HOLDING,0.306A/B
27549,2026-06-03 21:12:44,23.7750,3.09,0.306,0.939,B,#3,HOLDING,0.299A/B
27550,2026-06-03 21:12:46,23.8125,3.09,0.306,0.939,B,#3,HOLDING,0.291A/B
27551,2026-06-03 21:12:48,23.8375,3.09,0.306,0.939,B,#3,HOLDING,0.287A/B
27552,2026-06-03 21:12:50,23.8750,2.88,0.306,0.939,B,#3,HOLDING,0.275A/B
27553,2026-06-03 21:12:52,23.9250,2.88,0.275,0.781,B,#3,HOLDING,0.261A/B
27554,2026-06-03 21:12:54,23.9500,2.88,0.275,0.781,B,#3,HOLDING,0.245A/B
27555,2026-06-03 21:12:56,24.0000,2.88,0.275,0.781,B,#4,APPROACH,0.231A/B
27556,2026-06-03 21:12:57,24.0125,1.44,0.275,0.781,A,#4,APPROACH,0.405A/A
27557,2026-06-03 21:13:00,24.0625,1.44,0.000,0.781,A,#4,APPROACH,0.447A/A
27558,2026-06-03 21:13:02,24.1250,1.44,0.000,0.000,A,#4,APPROACH,0.509A/A
27559,2026-06-03 21:13:04,24.1500,1.44,0.000,0.000,A,#4,APPROACH,0.588A/A
27560,2026-06-03 21:13:05,24.1875,1.44,0.000,0.000,A,#4,APPROACH,0.660A/A
27561,2026-06-03 21:13:07,24.1875,5.46,0.000,0.000,A,#4,APPROACH,0.751A/A
27562,2026-06-03 21:13:09,24.1875,5.46,0.707,4.731,A,#4,APPROACH,0.859A/A
27563,2026-06-03 21:13:12,24.1875,5.46,0.707,4.731,A,#4,APPROACH,1.017A/A
27564,2026-06-03 21:13:13,24.1875,5.46,0.707,4.731,A,#4,APPROACH,1.136A/A
27565,2026-06-03 21:13:15,24.1875,9.07,0.707,4.731,A,#4,APPROACH,1.287A/A
27566,2026-06-03 21:13:17,24.1750,9.07,1.212,13.346,A,#4,APPROACH,1.450A/A
27567,2026-06-03 21:13:19,24.1000,9.07,1.212,13.346,A,#4,APPROACH,1.674A/A
27568,2026-06-03 21:13:21,24.0500,9.07,1.212,13.346,A,#4,APPROACH,1.832A/A
27569,2026-06-03 21:13:23,23.9500,12.00,1.212,13.346,A,#4,APPROACH,1.500A/A
27570,2026-06-03 21:13:25,23.8625,12.00,1.500,17.916,A,#4,APPROACH,1.500A/A
27571,2026-06-03 21:13:27,23.7375,12.00,1.500,17.916,A,#4,APPROACH,2.010A/A
27572,2026-06-03 21:13:28,23.6375,12.00,1.500,17.916,A,#4,APPROACH,1.500A/A
27573,2026-06-03 21:13:30,23.4875,12.00,1.500,17.916,A,#4,APPROACH,1.500A/A
27574,2026-06-03 21:13:32,23.3625,12.00,1.471,17.448,A,#4,APPROACH,1.000A/A
27575,2026-06-03 21:13:35,23.2375,12.00,1.471,17.448,A,#4,APPROACH,2.000A/A
27576,2026-06-03 21:13:36,23.1125,12.00,1.471,17.448,A,#4,APPROACH,2.000A/A
27577,2026-06-03 21:13:38,22.9375,12.00,1.471,17.448,A,#4,APPROACH,2.165A/A
27578,2026-06-03 21:13:40,22.7625,12.00,1.446,17.184,A,#4,APPROACH,1.000A/A
27579,2026-06-03 21:13:42,22.6125,12.00,1.446,17.184,A,#4,APPROACH,1.000A/A
27580,2026-06-03 21:13:44,22.4500,12.00,1.446,17.184,A,#4,APPROACH,2.379A/A
27581,2026-06-03 21:13:46,22.3000,12.00,1.446,17.184,A,#4,APPROACH,1.500A/A
27582,2026-06-03 21:13:48,22.1375,12.00,1.432,17.040,A,#4,APPROACH,2.000A/A
27583,2026-06-03 21:13:50,21.9625,12.00,1.432,17.040,A,#4,APPROACH,1.000A/A
27584,2026-06-03 21:13:52,21.8250,12.00,1.432,17.040,A,#4,APPROACH,1.000A/A
27585,2026-06-03 21:13:53,21.6250,9.11,1.432,17.040,A,#4,APPROACH,1.500A/A
27586,2026-06-03 21:13:55,21.4750,9.11,1.262,16.824,A,#4,APPROACH,1.000A/A
27587,2026-06-03 21:13:58,21.3000,9.11,1.262,16.824,A,#4,APPROACH,1.500A/A
27588,2026-06-03 21:13:59,21.1375,9.11,1.262,16.824,A,#4,APPROACH,2.000A/A
27589,2026-06-03 21:14:01,20.9875,12.00,1.262,16.824,A,#4,APPROACH,1.000A/A
27590,2026-06-03 21:14:03,20.8250,12.00,1.206,9.400,A,#4,APPROACH,2.000A/A
27591,2026-06-03 21:14:05,20.6500,12.00,1.206,9.400,A,#4,APPROACH,2.500A/A
27592,2026-06-03 21:14:07,20.5125,12.00,1.206,9.400,A,#4,APPROACH,2.000A/A
27593,2026-06-03 21:14:09,20.3625,12.00,1.206,9.400,A,#4,APPROACH,1.500A/A
27594,2026-06-03 21:14:11,20.2125,12.00,1.410,16.752,A,#4,APPROACH,2.499A/A
27595,2026-06-03 21:14:13,20.0875,12.00,1.410,16.752,A,#4,APPROACH,2.500A/A
27596,2026-06-03 21:14:15,19.9500,12.00,1.410,16.752,A,#4,APPROACH,1.500A/A
27597,2026-06-03 21:14:17,19.8000,12.00,1.410,16.752,A,#4,APPROACH,2.500A/A
27598,2026-06-03 21:14:18,19.6625,12.00,1.400,16.668,A,#4,APPROACH,1.500A/A
27599,2026-06-03 21:14:21,19.4875,12.00,1.400,16.668,A,#4,APPROACH,2.500A/A
27600,2026-06-03 21:14:22,19.3875,12.00,1.400,16.668,A,#4,APPROACH,2.644A/A
27601,2026-06-03 21:14:24,19.2375,12.00,1.400,16.668,A,#4,APPROACH,2.000A/A
27602,2026-06-03 21:14:26,19.1125,12.00,1.388,16.572,A,#4,APPROACH,2.000A/A
27603,2026-06-03 21:14:28,18.9625,12.00,1.388,16.572,A,#4,APPROACH,1.500A/A
27604,2026-06-03 21:14:30,18.8500,12.00,1.388,16.572,A,#4,APPROACH,1.500A/A
27605,2026-06-03 21:14:32,18.7000,12.00,1.388,16.572,A,#4,APPROACH,2.693A/A
27606,2026-06-03 21:14:34,18.5750,12.00,1.383,16.572,A,#4,APPROACH,2.000A/A
27607,2026-06-03 21:14:36,18.4250,12.00,1.383,16.572,A,#4,APPROACH,1.000A/A
27608,2026-06-03 21:14:38,18.3250,12.00,1.383,16.572,A,#4,APPROACH,2.000A/A
27609,2026-06-03 21:14:40,18.1750,12.00,1.383,16.572,A,#4,APPROACH,2.500A/A
27610,2026-06-03 21:14:41,18.0750,12.00,1.388,16.500,A,#4,APPROACH,2.500A/A
27611,2026-06-03 21:14:44,17.9500,12.00,1.388,16.500,A,#4,APPROACH,1.500A/A
27612,2026-06-03 21:14:45,17.8625,12.00,1.388,16.500,A,#4,APPROACH,2.753A/A
27613,2026-06-03 21:14:47,17.7375,12.00,1.388,16.500,A,#4,APPROACH,2.800A/A
27614,2026-06-03 21:14:49,17.6500,12.00,1.383,16.488,A,#4,APPROACH,2.000A/A
27615,2026-06-03 21:14:51,17.5250,12.00,1.383,16.488,A,#4,APPROACH,2.000A/A
27616,2026-06-03 21:14:53,17.4250,12.00,1.383,16.488,A,#4,APPROACH,2.500A/A
27617,2026-06-03 21:14:55,17.3000,12.00,1.383,16.488,A,#4,APPROACH,2.830A/A
27618,2026-06-03 21:14:57,17.2125,12.00,1.384,16.488,A,#4,APPROACH,1.500A/A
27619,2026-06-03 21:14:59,17.1125,12.00,1.384,16.488,A,#4,HOLDING,2.817A/A
27620,2026-06-03 21:15:01,17.0125,12.00,1.384,16.488,OFF,#4,HOLDING,0.000A/OFF
27621,2026-06-03 21:15:02,17.0125,12.00,1.384,16.488,OFF,#4,HOLDING,0.000A/OFF
27622,2026-06-03 21:15:03,16.8875,12.00,1.384,16.488,OFF,#4,HOLDING,0.000A/OFF
27623,2026-06-03 21:15:04,16.8875,12.00,0.000,16.488,OFF,#4,HOLDING,0.000A/OFF
27624,2026-06-03 21:15:05,16.8000,12.00,0.000,0.000,OFF,#4,HOLDING,0.000A/OFF
27625,2026-06-03 21:15:06,16.8000,12.00,0.000,0.000,OFF,#4,HOLDING,0.000A/OFF
27626,2026-06-03 21:15:07,16.7000,12.00,0.000,0.000,OFF,#4,HOLDING,0.000A/OFF
27627,2026-06-03 21:15:08,16.7000,12.00,0.000,0.000,OFF,#4,HOLDING,0.000A/OFF
27628,2026-06-03 21:15:09,16.6250,12.00,0.000,0.000,OFF,#4,HOLDING,0.000A/OFF
27629,2026-06-03 21:15:10,16.6250,12.00,0.000,0.000,A,#4,HOLDING,0.119A/A
27630,2026-06-03 21:15:11,16.6250,12.00,0.000,0.419,A,#4,HOLDING,0.132A/A
27631,2026-06-03 21:15:13,16.6000,12.00,0.000,0.419,A,#4,HOLDING,0.155A/A
27632,2026-06-03 21:15:15,16.6000,12.00,0.000,0.419,A,#4,HOLDING,0.168A/A
27633,2026-06-03 21:15:16,16.5750,2.27,0.000,0.419,A,#4,HOLDING,0.180A/A
27634,2026-06-03 21:15:18,16.6250,2.27,0.180,0.426,A,#4,HOLDING,0.203A/A
27635,2026-06-03 21:15:21,16.6375,2.27,0.180,0.426,A,#4,HOLDING,0.224A/A
27636,2026-06-03 21:15:22,16.6875,2.27,0.180,0.426,A,#4,HOLDING,0.248A/A
27637,2026-06-03 21:15:24,16.7250,2.84,0.180,0.426,A,#4,HOLDING,0.266A/A
27638,2026-06-03 21:15:26,16.7750,2.84,0.266,0.803,A,#4,HOLDING,0.291A/A
27639,2026-06-03 21:15:28,16.8250,2.84,0.266,0.803,A,#4,HOLDING,0.319A/A
27640,2026-06-03 21:15:30,16.8750,2.84,0.266,0.803,A,#4,HOLDING,0.342A/A
27641,2026-06-03 21:15:32,16.9125,3.58,0.266,0.803,A,#4,HOLDING,0.368A/A
27642,2026-06-03 21:15:34,16.9875,3.58,0.368,1.416,A,#4,HOLDING,0.401A/A
27643,2026-06-03 21:15:36,17.0375,3.58,0.368,1.416,A,#4,HOLDING,0.439A/A
27644,2026-06-03 21:15:38,17.1125,3.58,0.368,1.416,A,#4,HOLDING,0.473A/A
27645,2026-06-03 21:15:39,17.1250,4.65,0.368,1.416,A,#4,HOLDING,0.501A/A
27646,2026-06-03 21:15:41,17.1750,4.65,0.501,2.489,A,#4,HOLDING,0.539A/A
27647,2026-06-03 21:15:44,17.2500,4.65,0.501,2.489,A,#4,HOLDING,0.638A/A
27648,2026-06-03 21:15:45,17.3000,4.65,0.501,2.489,A,#4,HOLDING,0.681A/A
27649,2026-06-03 21:15:47,17.3250,6.31,0.501,2.489,A,#4,HOLDING,0.722A/A
27650,2026-06-03 21:15:49,17.3750,6.31,0.700,4.924,A,#4,HOLDING,0.767A/A
27651,2026-06-03 21:15:51,17.3875,6.31,0.700,4.924,A,#4,HOLDING,0.819A/A
27652,2026-06-03 21:15:53,17.4375,6.31,0.700,4.924,A,#4,HOLDING,0.865A/A
27653,2026-06-03 21:15:55,17.4500,7.88,0.700,4.924,A,#4,HOLDING,0.909A/A
27654,2026-06-03 21:15:57,17.4750,7.88,0.887,7.608,A,#4,HOLDING,0.958A/A
27655,2026-06-03 21:15:59,17.5000,7.88,0.887,7.608,A,#4,HOLDING,1.000A/A
27656,2026-06-03 21:16:01,17.5000,7.88,0.887,7.608,A,#4,HOLDING,1.000A/A
27657,2026-06-03 21:16:03,17.5000,8.93,0.887,7.608,A,#4,HOLDING,1.000A/A
27658,2026-06-03 21:16:04,17.5000,8.93,1.000,9.090,A,#4,HOLDING,1.000A/A
27659,2026-06-03 21:16:07,17.5000,8.93,1.000,9.090,A,#4,HOLDING,1.011A/A
27660,2026-06-03 21:16:08,17.5000,8.93,1.000,9.090,A,#4,HOLDING,1.000A/A
27661,2026-06-03 21:16:10,17.5000,9.03,1.000,9.090,A,#4,HOLDING,1.000A/A
27662,2026-06-03 21:16:12,17.4500,9.03,1.000,9.180,A,#4,HOLDING,1.045A/A
27663,2026-06-03 21:16:14,17.4375,9.03,1.000,9.180,A,#4,HOLDING,1.000A/A
27664,2026-06-03 21:16:16,17.4125,9.03,1.000,9.180,A,#4,HOLDING,1.099A/A
27665,2026-06-03 21:16:18,17.3750,9.70,1.000,9.180,A,#4,HOLDING,1.143A/A
27666,2026-06-03 21:16:20,17.3250,9.70,1.118,11.635,A,#4,HOLDING,1.177A/A
27667,2026-06-03 21:16:22,17.3125,9.70,1.118,11.635,A,#4,HOLDING,1.231A/A
27668,2026-06-03 21:16:24,17.3125,9.70,1.118,11.635,A,#4,HOLDING,1.271A/A
27669,2026-06-03 21:16:26,17.2500,10.87,1.118,11.635,A,#4,HOLDING,1.305A/A
27670,2026-06-03 21:16:27,17.2000,10.87,1.285,14.602,A,#4,HOLDING,1.000A/A
27671,2026-06-03 21:16:30,17.1750,10.87,1.285,14.602,A,#4,HOLDING,1.284A/A
27672,2026-06-03 21:16:31,17.1250,10.87,1.285,14.602,A,#4,HOLDING,1.314A/A
27673,2026-06-03 21:16:33,17.0875,11.16,1.285,14.602,A,#4,HOLDING,1.349A/A
27674,2026-06-03 21:16:35,17.0375,11.16,1.329,15.661,A,#4,HOLDING,1.377A/A
27675,2026-06-03 21:16:38,16.9750,11.16,1.329,15.661,A,#4,HOLDING,1.415A/A
27676,2026-06-03 21:16:39,16.9250,11.16,1.329,15.661,A,#4,HOLDING,1.436A/A
27677,2026-06-03 21:16:41,16.8625,11.92,1.329,15.661,A,#4,HOLDING,1.460A/A
27678,2026-06-03 21:16:43,16.8125,11.92,1.430,16.992,A,#4,HOLDING,1.482A/A
27679,2026-06-03 21:16:45,16.7500,11.92,1.430,16.992,A,#5,APPROACH,1.000A/A
27680,2026-06-03 21:16:47,16.7000,11.92,1.430,16.992,OFF,#5,HOLDING,0.000A/OFF
27681,2026-06-03 21:16:48,16.7000,11.92,1.430,16.992,OFF,#5,HOLDING,0.000A/OFF
27682,2026-06-03 21:16:49,16.6125,11.92,1.430,16.992,OFF,#5,HOLDING,0.000A/OFF
27683,2026-06-03 21:16:50,16.6125,12.00,0.000,16.992,B,#5,HOLDING,0.121A/B
27684,2026-06-03 21:16:52,16.5375,12.00,0.000,0.000,B,#5,HOLDING,0.184A/B
27685,2026-06-03 21:16:54,16.4625,12.00,0.000,0.000,B,#5,HOLDING,0.220A/B
27686,2026-06-03 21:16:55,16.4375,12.00,0.000,0.000,B,#5,HOLDING,0.265A/B
27687,2026-06-03 21:16:57,16.4375,1.34,0.000,0.000,B,#5,HOLDING,0.306A/B
27688,2026-06-03 21:16:59,16.4125,1.34,0.284,0.553,B,#5,HOLDING,0.348A/B
27689,2026-06-03 21:17:01,16.4125,1.34,0.284,0.553,B,#5,HOLDING,0.407A/B
27690,2026-06-03 21:17:03,16.4375,1.34,0.284,0.553,B,#5,HOLDING,0.443A/B
27691,2026-06-03 21:17:05,16.4750,3.07,0.284,0.553,B,#5,HOLDING,0.481A/B
27692,2026-06-03 21:17:07,16.5000,3.07,0.460,1.693,B,#5,HOLDING,0.521A/B
27693,2026-06-03 21:17:09,16.5750,3.07,0.460,1.693,B,#5,HOLDING,0.569A/B
27694,2026-06-03 21:17:11,16.6500,3.07,0.460,1.693,B,#5,HOLDING,0.594A/B
27695,2026-06-03 21:17:13,16.7375,4.53,0.460,1.693,B,#5,HOLDING,0.572A/B
27696,2026-06-03 21:17:15,16.8375,4.53,0.572,2.596,B,#5,HOLDING,0.600A/B
27697,2026-06-03 21:17:17,16.9500,4.53,0.572,2.596,B,#5,HOLDING,0.636A/B
27698,2026-06-03 21:17:19,17.0750,4.53,0.572,2.596,B,#5,HOLDING,0.650A/B
27699,2026-06-03 21:17:20,17.1875,5.21,0.572,2.596,B,#5,HOLDING,0.669A/B
27700,2026-06-03 21:17:22,17.3375,5.21,0.657,3.686,B,#5,HOLDING,0.676A/B
27701,2026-06-03 21:17:25,17.4875,5.21,0.657,3.686,B,#5,HOLDING,0.690A/B
27702,2026-06-03 21:17:26,17.6375,5.21,0.657,3.686,B,#5,HOLDING,0.687A/B
27703,2026-06-03 21:17:28,17.8000,5.73,0.657,3.686,B,#5,HOLDING,0.682A/B
27704,2026-06-03 21:17:30,17.9500,5.73,0.682,3.976,B,#5,HOLDING,0.669A/B
27705,2026-06-03 21:17:32,18.1125,5.73,0.682,3.976,B,#5,HOLDING,0.653A/B
27706,2026-06-03 21:17:34,18.2625,5.73,0.682,3.976,B,#5,HOLDING,0.633A/B
27707,2026-06-03 21:17:36,18.4625,5.49,0.682,3.976,B,#5,HOLDING,0.600A/B
27708,2026-06-03 21:17:38,18.6375,5.49,0.600,3.222,B,#5,HOLDING,0.560A/B
27709,2026-06-03 21:17:40,18.8000,5.49,0.600,3.222,B,#5,HOLDING,0.456A/B
27710,2026-06-03 21:17:42,18.9750,5.49,0.600,3.222,B,#5,HOLDING,0.406A/B
27711,2026-06-03 21:17:43,19.1750,3.78,0.600,3.222,B,#5,HOLDING,0.338A/B
27712,2026-06-03 21:17:45,19.3250,3.78,0.338,1.101,B,#5,HOLDING,0.267A/B
27713,2026-06-03 21:17:48,19.5125,3.78,0.338,1.101,B,#5,HOLDING,0.175A/B
27714,2026-06-03 21:17:49,19.6875,3.78,0.338,1.101,B,#5,HOLDING,0.101A/B
27715,2026-06-03 21:17:51,19.8625,3.78,0.338,1.101,OFF,#5,HOLDING,0.000A/OFF
27716,2026-06-03 21:17:52,19.8625,1.19,0.338,1.101,OFF,#5,HOLDING,0.000A/OFF
27717,2026-06-03 21:17:53,20.0125,1.19,0.101,1.101,OFF,#5,HOLDING,0.000A/OFF
27718,2026-06-03 21:17:54,20.0125,1.19,0.101,0.264,A,#5,HOLDING,0.109A/A
27719,2026-06-03 21:17:56,20.1750,1.19,0.101,0.264,A,#5,HOLDING,0.220A/A
27720,2026-06-03 21:17:57,20.3250,1.19,0.101,0.264,A,#5,HOLDING,0.299A/A
27721,2026-06-03 21:17:59,20.4875,2.26,0.101,0.264,A,#5,HOLDING,0.418A/A
27722,2026-06-03 21:18:01,20.6125,2.26,0.418,1.421,A,#5,HOLDING,0.527A/A
27723,2026-06-03 21:18:03,20.7375,2.26,0.418,1.421,A,#5,HOLDING,0.638A/A
27724,2026-06-03 21:18:05,20.8375,2.26,0.418,1.421,A,#5,HOLDING,0.741A/A
27725,2026-06-03 21:18:07,20.9750,5.97,0.418,1.421,A,#5,HOLDING,0.872A/A
27726,2026-06-03 21:18:09,21.0500,5.97,0.872,6.287,A,#5,HOLDING,0.999A/A
27727,2026-06-03 21:18:11,21.1375,5.97,0.872,6.287,A,#5,HOLDING,1.000A/A
27728,2026-06-03 21:18:13,21.2125,5.97,0.872,6.287,A,#5,HOLDING,1.171A/A
27729,2026-06-03 21:18:14,21.2500,9.27,0.872,6.287,A,#5,HOLDING,1.303A/A
27730,2026-06-03 21:18:16,21.3000,9.27,1.303,13.655,A,#5,HOLDING,1.439A/A
27731,2026-06-03 21:18:19,21.3125,9.27,1.303,13.655,A,#5,HOLDING,1.000A/A
27732,2026-06-03 21:18:20,21.3125,9.27,1.303,13.655,A,#5,HOLDING,1.604A/A
27733,2026-06-03 21:18:22,21.3125,12.00,1.303,13.655,A,#5,HOLDING,1.500A/A
27734,2026-06-03 21:18:24,21.2625,12.00,1.501,17.844,A,#5,HOLDING,1.500A/A
27735,2026-06-03 21:18:26,21.2375,12.00,1.501,17.844,A,#5,HOLDING,1.730A/A
27736,2026-06-03 21:18:28,21.1875,12.00,1.501,17.844,A,#5,HOLDING,1.835A/A
27737,2026-06-03 21:18:30,21.1125,12.00,1.501,17.844,A,#5,HOLDING,1.961A/A
27738,2026-06-03 21:18:32,21.0125,12.00,1.462,17.376,A,#5,HOLDING,2.077A/A
27739,2026-06-03 21:18:34,20.9625,12.00,1.462,17.376,A,#5,HOLDING,2.230A/A
27740,2026-06-03 21:18:36,20.8625,12.00,1.462,17.376,A,#5,HOLDING,2.327A/A
27741,2026-06-03 21:18:37,20.7750,12.00,1.462,17.376,A,#5,HOLDING,1.000A/A
27742,2026-06-03 21:18:39,20.6500,12.00,1.118,9.090,A,#5,HOLDING,1.000A/A
27743,2026-06-03 21:18:42,20.5250,12.00,1.118,9.090,A,#5,HOLDING,2.405A/A
27744,2026-06-03 21:18:43,20.4250,12.00,1.118,9.090,A,#5,HOLDING,1.500A/A
27745,2026-06-03 21:18:45,20.3250,12.00,1.118,9.090,A,#5,HOLDING,2.478A/A
27746,2026-06-03 21:18:47,20.2250,12.00,1.429,17.004,A,#5,HOLDING,1.500A/A
27747,2026-06-03 21:18:49,20.1125,12.00,1.429,17.004,A,#5,HOLDING,2.000A/A
27748,2026-06-03 21:18:51,19.9875,12.00,1.429,17.004,A,#5,HOLDING,2.553A/A
27749,2026-06-03 21:18:53,19.8625,12.00,1.429,17.004,A,#5,HOLDING,2.620A/A
27750,2026-06-03 21:18:55,19.7375,12.00,1.413,16.812,A,#5,HOLDING,1.500A/A
27751,2026-06-03 21:18:57,19.6500,12.00,1.413,16.812,A,#5,HOLDING,2.500A/A
27752,2026-06-03 21:18:59,19.5000,12.00,1.413,16.812,A,#5,HOLDING,1.500A/A
27753,2026-06-03 21:19:01,19.3875,12.00,1.413,16.812,A,#5,HOLDING,2.500A/A
27754,2026-06-03 21:19:02,19.2625,12.00,1.398,16.668,A,#5,HOLDING,1.500A/A
27755,2026-06-03 21:19:05,19.1500,12.00,1.398,16.668,A,#5,HOLDING,2.500A/A
27756,2026-06-03 21:19:06,19.0250,12.00,1.398,16.668,A,#5,HOLDING,1.500A/A
27757,2026-06-03 21:19:08,18.9000,12.00,1.398,16.668,A,#5,HOLDING,2.500A/A
27758,2026-06-03 21:19:10,18.7750,12.00,1.382,16.476,A,#5,HOLDING,1.500A/A
27759,2026-06-03 21:19:12,18.6500,12.00,1.382,16.476,A,#5,HOLDING,2.000A/A
27760,2026-06-03 21:19:14,18.5250,12.00,1.382,16.476,A,#5,HOLDING,2.000A/A
27761,2026-06-03 21:19:16,18.4125,12.00,1.382,16.476,A,#5,HOLDING,2.500A/A
27762,2026-06-03 21:19:18,18.2875,12.00,1.387,16.512,A,#5,HOLDING,2.595A/A
27763,2026-06-03 21:19:20,18.1750,12.00,1.387,16.512,A,#5,HOLDING,1.500A/A
27764,2026-06-03 21:19:22,18.0500,12.00,1.387,16.512,A,#5,HOLDING,2.000A/A
27765,2026-06-03 21:19:24,17.9625,12.00,1.387,16.512,A,#5,HOLDING,2.000A/A
27766,2026-06-03 21:19:25,17.8625,12.00,1.383,16.476,A,#5,HOLDING,1.000A/A
27767,2026-06-03 21:19:28,17.7375,12.00,1.383,16.476,A,#5,HOLDING,2.500A/A
27768,2026-06-03 21:19:29,17.6375,12.00,1.383,16.476,A,#5,HOLDING,2.000A/A
27769,2026-06-03 21:19:31,17.5500,12.00,1.383,16.476,A,#5,HOLDING,2.500A/A
27770,2026-06-03 21:19:33,17.4500,12.00,1.384,16.512,A,#5,HOLDING,2.611A/A
27771,2026-06-03 21:19:36,17.3375,12.00,1.384,16.512,A,#5,HOLDING,1.000A/A
27772,2026-06-03 21:19:37,17.2625,12.00,1.384,16.512,A,#5,HOLDING,2.590A/A
27773,2026-06-03 21:19:39,17.1750,12.00,1.384,16.512,A,#5,HOLDING,2.500A/A
27774,2026-06-03 21:19:41,17.0750,12.00,1.383,16.488,A,#5,HOLDING,2.000A/A
27775,2026-06-03 21:19:43,16.9875,12.00,1.383,16.488,OFF,--,DONE,2.000A/A
27776,2026-06-03 21:19:45,16.9375,12.00,1.383,16.488,OFF,--,DONE,--
27777,2026-06-03 21:19:46,16.8250,12.00,1.383,16.488,OFF,--,DONE,--
27778,2026-06-03 21:19:47,16.8250,12.00,1.383,16.488,OFF,--,DONE,--
27779,2026-06-03 21:19:48,16.7250,12.00,0.000,16.488,OFF,--,DONE,--
27780,2026-06-03 21:19:49,16.7250,12.00,0.000,0.000,OFF,--,DONE,--
27781,2026-06-03 21:19:50,16.6500,12.00,0.000,0.000,OFF,--,DONE,--
27782,2026-06-03 21:19:51,16.6500,12.00,0.000,0.000,OFF,--,DONE,--
27783,2026-06-03 21:19:52,16.5750,12.00,0.000,0.000,OFF,--,DONE,--
27784,2026-06-03 21:19:53,16.5750,12.00,0.000,0.000,OFF,--,DONE,--
27785,2026-06-03 21:19:54,16.5250,12.00,0.000,0.000,OFF,--,DONE,--
27786,2026-06-03 21:19:55,16.5250,12.00,0.000,0.000,OFF,--,DONE,--
27787,2026-06-03 21:19:56,16.5000,12.00,0.000,0.000,OFF,--,DONE,--
27788,2026-06-03 21:19:57,16.5000,12.00,0.000,0.000,OFF,--,DONE,--
27789,2026-06-03 21:19:58,16.5000,12.00,0.000,0.000,OFF,--,DONE,--
27790,2026-06-03 21:19:59,16.5000,12.00,0.000,0.000,OFF,--,DONE,--
27791,2026-06-03 21:20:00,16.5000,12.00,0.000,0.000,OFF,--,DONE,--
27792,2026-06-03 21:20:01,16.5000,12.00,0.000,0.000,OFF,--,DONE,--
27793,2026-06-03 21:20:02,16.5125,12.00,0.000,0.000,OFF,--,DONE,--
27794,2026-06-03 21:20:03,16.5625,12.00,0.000,0.000,OFF,--,DONE,--
27795,2026-06-03 21:20:04,16.5625,12.00,0.000,0.000,OFF,--,DONE,--
27796,2026-06-03 21:20:05,16.6000,12.00,0.000,0.000,OFF,--,DONE,--
27797,2026-06-03 21:20:06,16.6000,12.00,0.000,0.000,OFF,--,DONE,--
27798,2026-06-03 21:20:07,16.6500,12.00,0.000,0.000,OFF,--,DONE,--
27799,2026-06-03 21:20:08,16.6500,12.00,0.000,0.000,OFF,--,DONE,--
27800,2026-06-03 21:20:09,16.7000,12.00,0.000,0.000,OFF,--,DONE,--
27801,2026-06-03 21:20:11,16.7000,12.00,0.000,0.000,OFF,--,DONE,--
27802,2026-06-03 21:20:12,16.7750,12.00,0.000,0.000,OFF,--,DONE,--
27803,2026-06-03 21:20:13,16.7750,12.00,0.000,0.000,OFF,--,DONE,--
27804,2026-06-03 21:20:14,16.8500,12.00,0.000,0.000,OFF,--,DONE,--
27805,2026-06-03 21:20:15,16.8500,12.00,0.000,0.000,OFF,--,DONE,--
27806,2026-06-03 21:20:16,16.9500,12.00,0.000,0.000,OFF,--,DONE,--
27807,2026-06-03 21:20:17,16.9500,12.00,0.000,0.000,OFF,--,DONE,--
27808,2026-06-03 21:20:18,17.0125,12.00,0.000,0.000,OFF,--,DONE,--
27809,2026-06-03 21:20:19,17.0125,12.00,0.000,0.000,OFF,--,DONE,--
27810,2026-06-03 21:20:20,17.1125,12.00,0.000,0.000,OFF,--,DONE,--
27811,2026-06-03 21:20:21,17.1125,12.00,0.000,0.000,OFF,--,DONE,--
27812,2026-06-03 21:20:22,17.2250,12.00,0.000,0.000,OFF,--,DONE,--
27813,2026-06-03 21:20:23,17.2750,12.00,0.000,0.000,OFF,--,DONE,--
27814,2026-06-03 21:20:24,17.2750,12.00,0.000,0.000,OFF,--,DONE,--
27815,2026-06-03 21:20:25,17.3625,12.00,0.000,0.000,OFF,--,DONE,--
27816,2026-06-03 21:20:26,17.3625,12.00,0.000,0.000,OFF,--,DONE,--
27817,2026-06-03 21:20:27,17.4875,12.00,0.000,0.000,OFF,--,DONE,--
27818,2026-06-03 21:20:28,17.4875,12.00,0.000,0.000,OFF,--,DONE,--
27819,2026-06-03 21:20:29,17.5750,12.00,0.000,0.000,OFF,--,DONE,--
27820,2026-06-03 21:20:30,17.5750,12.00,0.000,0.000,OFF,--,DONE,--
27821,2026-06-03 21:20:31,17.6500,12.00,0.000,0.000,OFF,--,DONE,--
27822,2026-06-03 21:20:32,17.6500,12.00,0.000,0.000,OFF,--,DONE,--
27823,2026-06-03 21:20:33,17.7625,12.00,0.000,0.000,OFF,--,DONE,--
27824,2026-06-03 21:20:34,17.7625,12.00,0.000,0.000,OFF,--,DONE,--
27825,2026-06-03 21:20:35,17.8875,12.00,0.000,0.000,OFF,--,DONE,--
27826,2026-06-03 21:20:36,17.8875,12.00,0.000,0.000,OFF,--,DONE,--
27827,2026-06-03 21:20:37,17.9750,12.00,0.000,0.000,OFF,--,DONE,--
27828,2026-06-03 21:20:38,18.0500,12.00,0.000,0.000,OFF,--,DONE,--
27829,2026-06-03 21:20:39,18.0500,12.00,0.000,0.000,OFF,--,DONE,--
27830,2026-06-03 21:20:40,18.1625,12.00,0.000,0.000,OFF,--,DONE,--
27831,2026-06-03 21:20:41,18.1625,12.00,0.000,0.000,OFF,--,DONE,--
27832,2026-06-03 21:20:42,18.2375,12.00,0.000,0.000,OFF,--,DONE,--
27833,2026-06-03 21:20:43,18.2375,12.00,0.000,0.000,OFF,--,DONE,--
27834,2026-06-03 21:20:44,18.3500,12.00,0.000,0.000,OFF,--,DONE,--
27835,2026-06-03 21:20:45,18.3500,12.00,0.000,0.000,OFF,--,DONE,--
27836,2026-06-03 21:20:46,18.4500,12.00,0.000,0.000,OFF,--,DONE,--
27837,2026-06-03 21:20:48,18.4500,12.00,0.000,0.000,OFF,--,DONE,--
27838,2026-06-03 21:20:49,18.5375,12.00,0.000,0.000,OFF,--,DONE,--
27839,2026-06-03 21:20:50,18.5375,12.00,0.000,0.000,OFF,--,DONE,--
27840,2026-06-03 21:20:51,18.6125,12.00,0.000,0.000,OFF,--,DONE,--
27841,2026-06-03 21:20:52,18.6125,12.00,0.000,0.000,OFF,--,DONE,--
27842,2026-06-03 21:20:53,18.7250,12.00,0.000,0.000,OFF,--,DONE,--
27843,2026-06-03 21:20:54,18.8000,12.00,0.000,0.000,OFF,--,DONE,--
27844,2026-06-03 21:20:55,18.8000,12.00,0.000,0.000,OFF,--,DONE,--
27845,2026-06-03 21:20:56,18.8875,12.00,0.000,0.000,OFF,--,DONE,--
27846,2026-06-03 21:20:57,18.8875,12.00,0.000,0.000,OFF,--,DONE,--
27847,2026-06-03 21:20:58,18.9375,12.00,0.000,0.000,OFF,--,DONE,--
27848,2026-06-03 21:20:59,18.9375,12.00,0.000,0.000,OFF,--,DONE,--
27849,2026-06-03 21:21:00,19.0500,12.00,0.000,0.000,OFF,--,DONE,--
27850,2026-06-03 21:21:01,19.0500,12.00,0.000,0.000,OFF,--,DONE,--
27851,2026-06-03 21:21:02,19.1250,12.00,0.000,0.000,OFF,--,DONE,--
27852,2026-06-03 21:21:03,19.1250,12.00,0.000,0.000,OFF,--,DONE,--
27853,2026-06-03 21:21:04,19.2250,12.00,0.000,0.000,OFF,--,DONE,--
27854,2026-06-03 21:21:05,19.2250,12.00,0.000,0.000,OFF,--,DONE,--
27855,2026-06-03 21:21:06,19.3000,12.00,0.000,0.000,OFF,--,DONE,--
27856,2026-06-03 21:21:07,19.3000,12.00,0.000,0.000,OFF,--,DONE,--
27857,2026-06-03 21:21:08,19.3750,12.00,0.000,0.000,OFF,--,DONE,--
27858,2026-06-03 21:21:09,19.4250,12.00,0.000,0.000,OFF,--,DONE,--
27859,2026-06-03 21:21:10,19.4250,12.00,0.000,0.000,OFF,--,DONE,--
27860,2026-06-03 21:21:11,19.5375,12.00,0.000,0.000,OFF,--,DONE,--
27861,2026-06-03 21:21:12,19.5375,12.00,0.000,0.000,OFF,--,DONE,--
27862,2026-06-03 21:21:13,19.5875,12.00,0.000,0.000,OFF,--,DONE,--
27863,2026-06-03 21:21:14,19.5875,12.00,0.000,0.000,OFF,--,DONE,--
27864,2026-06-03 21:21:15,19.6375,12.00,0.000,0.000,OFF,--,DONE,--
27865,2026-06-03 21:21:16,19.6375,12.00,0.000,0.000,OFF,--,DONE,--
27866,2026-06-03 21:21:17,19.6875,12.00,0.000,0.000,OFF,--,DONE,--
27867,2026-06-03 21:21:18,19.6875,12.00,0.000,0.000,OFF,--,DONE,--
27868,2026-06-03 21:21:19,19.7875,12.00,0.000,0.000,OFF,--,DONE,--
27869,2026-06-03 21:21:20,19.7875,12.00,0.000,0.000,OFF,--,DONE,--
27870,2026-06-03 21:21:21,19.8375,12.00,0.000,0.000,OFF,--,DONE,--
27871,2026-06-03 21:21:22,19.8375,12.00,0.000,0.000,OFF,--,DONE,--
27872,2026-06-03 21:21:23,19.9125,12.00,0.000,0.000,OFF,--,DONE,--
27873,2026-06-03 21:21:25,19.9625,12.00,0.000,0.000,OFF,--,DONE,--
27874,2026-06-03 21:21:26,19.9625,12.00,0.000,0.000,OFF,--,DONE,--
27875,2026-06-03 21:21:27,20.0125,12.00,0.000,0.000,OFF,--,DONE,--
27876,2026-06-03 21:21:28,20.0125,12.00,0.000,0.000,OFF,--,DONE,--
27877,2026-06-03 21:21:29,20.0875,12.00,0.000,0.000,OFF,--,DONE,--
27878,2026-06-03 21:21:30,20.0875,12.00,0.000,0.000,OFF,--,DONE,--
27879,2026-06-03 21:21:31,20.1375,12.00,0.000,0.000,OFF,--,DONE,--
27880,2026-06-03 21:21:32,20.1375,12.00,0.000,0.000,OFF,--,DONE,--
27881,2026-06-03 21:21:33,20.1875,12.00,0.000,0.000,OFF,--,DONE,--
27882,2026-06-03 21:21:34,20.1875,12.00,0.000,0.000,OFF,--,DONE,--
27883,2026-06-03 21:21:35,20.2500,12.00,0.000,0.000,OFF,--,DONE,--
27884,2026-06-03 21:21:36,20.2500,12.00,0.000,0.000,OFF,--,DONE,--
27885,2026-06-03 21:21:37,20.3000,12.00,0.000,0.000,OFF,--,DONE,--
27886,2026-06-03 21:21:38,20.3000,12.00,0.000,0.000,OFF,--,DONE,--
27887,2026-06-03 21:21:39,20.3500,12.00,0.000,0.000,OFF,--,DONE,--
27888,2026-06-03 21:21:40,20.4000,12.00,0.000,0.000,OFF,--,DONE,--
27889,2026-06-03 21:21:41,20.4000,12.00,0.000,0.000,OFF,--,DONE,--
27890,2026-06-03 21:21:42,20.4500,12.00,0.000,0.000,OFF,--,DONE,--
27891,2026-06-03 21:21:43,20.4500,12.00,0.000,0.000,OFF,--,DONE,--
27892,2026-06-03 21:21:44,20.5000,12.00,0.000,0.000,OFF,--,DONE,--
27893,2026-06-03 21:21:45,20.5000,12.00,0.000,0.000,OFF,--,DONE,--
27894,2026-06-03 21:21:46,20.5375,12.00,0.000,0.000,OFF,--,DONE,--
27895,2026-06-03 21:21:47,20.5375,12.00,0.000,0.000,OFF,--,DONE,--
27896,2026-06-03 21:21:48,20.5625,12.00,0.000,0.000,B,#1,APPROACH,3.000A/B
27897,2026-06-03 21:21:51,20.6250,12.00,0.000,0.000,B,#1,APPROACH,2.000A/B
27898,2026-06-03 21:21:53,20.6500,12.00,0.000,0.000,B,#1,APPROACH,1.000A/B
27899,2026-06-03 21:21:55,20.7250,12.00,0.000,0.000,B,#1,APPROACH,0.890A/B
27900,2026-06-03 21:21:56,20.7500,7.39,0.000,0.000,B,#1,APPROACH,1.310A/B
27901,2026-06-03 21:21:58,20.7875,7.39,1.096,13.650,B,#1,APPROACH,1.000A/B
27902,2026-06-03 21:22:00,20.8375,7.39,1.096,13.650,B,#1,APPROACH,1.253A/B
27903,2026-06-03 21:22:02,20.9500,7.39,1.096,13.650,B,#1,APPROACH,1.525A/B
27904,2026-06-03 21:22:04,21.0750,11.91,1.096,13.650,B,#1,APPROACH,1.585A/B
27905,2026-06-03 21:22:06,21.2000,11.91,1.517,17.940,B,#1,APPROACH,1.770A/B
27906,2026-06-03 21:22:08,21.3250,11.91,1.517,17.940,B,#1,APPROACH,1.919A/B
27907,2026-06-03 21:22:10,21.4875,11.91,1.517,17.940,B,#1,APPROACH,1.500A/B
27908,2026-06-03 21:22:12,21.6625,12.00,1.517,17.940,B,#1,APPROACH,2.000A/B
27909,2026-06-03 21:22:13,21.8125,12.00,1.466,17.340,B,#1,APPROACH,1.500A/B
27910,2026-06-03 21:22:16,22.0125,12.00,1.466,17.340,B,#1,APPROACH,1.500A/B
27911,2026-06-03 21:22:17,22.2375,12.00,1.466,17.340,B,#1,APPROACH,1.000A/B
27912,2026-06-03 21:22:19,22.4375,8.99,1.466,17.340,B,#1,APPROACH,1.000A/B
27913,2026-06-03 21:22:21,22.6750,8.99,1.000,9.120,B,#1,APPROACH,1.500A/B
27914,2026-06-03 21:22:24,22.8750,8.99,1.000,9.120,B,#1,APPROACH,1.500A/B
27915,2026-06-03 21:22:25,23.0875,8.99,1.000,9.120,B,#1,APPROACH,1.759A/B
27916,2026-06-03 21:22:27,23.3375,12.00,1.000,9.120,B,#1,APPROACH,1.891A/B
27917,2026-06-03 21:22:29,23.5625,12.00,1.410,16.704,B,#1,APPROACH,2.000A/B
27918,2026-06-03 21:22:31,23.8125,12.00,1.410,16.704,B,#1,APPROACH,1.500A/B
27919,2026-06-03 21:22:33,24.0250,12.00,1.410,16.704,B,#1,APPROACH,1.893A/B
27920,2026-06-03 21:22:35,24.2750,12.00,1.410,16.704,B,#1,APPROACH,1.974A/B
27921,2026-06-03 21:22:37,24.5000,12.00,1.383,16.392,B,#1,APPROACH,2.059A/B
27922,2026-06-03 21:22:39,24.7500,12.00,1.383,16.392,B,#1,APPROACH,1.000A/B
27923,2026-06-03 21:22:40,24.9875,12.00,1.383,16.392,B,#1,APPROACH,1.500A/B
27924,2026-06-03 21:22:42,25.2125,12.00,1.383,16.392,B,#1,APPROACH,1.500A/B
27925,2026-06-03 21:22:44,25.4875,12.00,1.361,16.164,B,#1,APPROACH,2.099A/B
27926,2026-06-03 21:22:47,25.6875,12.00,1.361,16.164,B,#1,APPROACH,2.000A/B
27927,2026-06-03 21:22:48,25.9375,12.00,1.361,16.164,B,#1,HOLDING,2.000A/B
27928,2026-06-03 21:22:50,26.1625,12.00,1.361,16.164,OFF,#1,HOLDING,0.000A/OFF
27929,2026-06-03 21:22:51,26.1625,12.00,1.361,16.164,OFF,#1,HOLDING,0.000A/OFF
27930,2026-06-03 21:22:52,26.4000,12.00,1.347,16.164,OFF,#1,HOLDING,0.000A/OFF
27931,2026-06-03 21:22:53,26.6500,12.00,1.347,7.968,OFF,#1,HOLDING,0.000A/OFF
27932,2026-06-03 21:22:54,26.6500,12.00,1.347,7.968,OFF,#1,HOLDING,0.000A/OFF
27933,2026-06-03 21:22:55,26.8625,12.00,1.347,7.968,OFF,#1,HOLDING,0.000A/OFF
27934,2026-06-03 21:22:56,26.8625,12.00,1.347,7.968,OFF,#1,HOLDING,0.000A/OFF
27935,2026-06-03 21:22:57,27.0625,12.00,1.347,7.968,OFF,#1,HOLDING,0.000A/OFF
27936,2026-06-03 21:22:58,27.0625,12.00,0.000,7.968,OFF,#1,HOLDING,0.000A/OFF
27937,2026-06-03 21:22:59,27.2750,12.00,0.000,0.000,OFF,#1,HOLDING,0.000A/OFF
27938,2026-06-03 21:23:00,27.2750,12.00,0.000,0.000,OFF,#1,HOLDING,0.000A/OFF
27939,2026-06-03 21:23:01,27.4500,12.00,0.000,0.000,OFF,#1,HOLDING,0.000A/OFF
27940,2026-06-03 21:23:02,27.4500,12.00,0.000,0.000,OFF,#1,HOLDING,0.000A/OFF
27941,2026-06-03 21:23:03,27.6250,12.00,0.000,0.000,A,#1,HOLDING,0.118A/A
27942,2026-06-03 21:23:05,27.8250,12.00,0.000,0.868,A,#1,HOLDING,0.207A/A
27943,2026-06-03 21:23:07,27.9250,12.00,0.000,0.868,A,#1,HOLDING,0.277A/A
27944,2026-06-03 21:23:09,28.0750,12.00,0.000,0.868,A,#1,HOLDING,0.314A/A
27945,2026-06-03 21:23:11,28.2000,1.97,0.000,0.868,A,#1,HOLDING,0.370A/A
27946,2026-06-03 21:23:13,28.3250,1.97,0.370,0.976,A,#1,HOLDING,0.442A/A
27947,2026-06-03 21:23:15,28.3750,1.97,0.370,0.976,A,#1,HOLDING,0.511A/A
27948,2026-06-03 21:23:17,28.4500,1.97,0.370,0.976,A,#1,HOLDING,0.567A/A
27949,2026-06-03 21:23:19,28.5000,4.34,0.370,0.976,A,#1,HOLDING,0.629A/A
27950,2026-06-03 21:23:20,28.5500,4.34,0.595,3.163,A,#1,HOLDING,0.701A/A
27951,2026-06-03 21:23:23,28.5750,4.34,0.595,3.163,A,#1,HOLDING,0.784A/A
27952,2026-06-03 21:23:24,28.5750,4.34,0.595,3.163,A,#1,HOLDING,0.839A/A
27953,2026-06-03 21:23:26,28.5625,6.72,0.595,3.163,A,#1,HOLDING,0.899A/A
27954,2026-06-03 21:23:28,28.5375,6.72,0.866,6.679,A,#1,HOLDING,0.961A/A
27955,2026-06-03 21:23:30,28.5250,6.72,0.866,6.679,A,#1,HOLDING,1.046A/A
27956,2026-06-03 21:23:32,28.4750,6.72,0.866,6.679,A,#1,HOLDING,1.096A/A
27957,2026-06-03 21:23:34,28.4125,8.83,0.866,6.679,A,#1,HOLDING,1.152A/A
27958,2026-06-03 21:23:36,28.3125,8.83,1.121,10.897,A,#1,HOLDING,1.000A/A
27959,2026-06-03 21:23:38,28.2000,8.83,1.121,10.897,A,#1,HOLDING,1.189A/A
27960,2026-06-03 21:23:40,28.0750,8.83,1.121,10.897,A,#1,HOLDING,1.219A/A
27961,2026-06-03 21:23:42,27.9500,9.89,1.121,10.897,A,#1,HOLDING,1.000A/A
27962,2026-06-03 21:23:43,27.8000,9.89,1.109,8.580,A,#1,HOLDING,1.245A/A
27963,2026-06-03 21:23:46,27.6500,9.89,1.109,8.580,A,#1,HOLDING,1.238A/A
27964,2026-06-03 21:23:47,27.5000,9.89,1.109,8.580,A,#1,HOLDING,1.259A/A
27965,2026-06-03 21:23:49,27.3625,10.33,1.109,8.580,A,#1,HOLDING,1.000A/A
27966,2026-06-03 21:23:51,27.1875,10.33,1.000,8.750,A,#1,HOLDING,1.280A/A
27967,2026-06-03 21:23:54,27.0125,10.33,1.000,8.750,A,#1,HOLDING,1.000A/A
27968,2026-06-03 21:23:55,26.8625,10.33,1.000,8.750,A,#1,HOLDING,1.296A/A
27969,2026-06-03 21:23:57,26.6500,10.72,1.000,8.750,A,#1,HOLDING,1.291A/A
27970,2026-06-03 21:23:59,26.5000,10.72,1.291,14.110,A,#1,HOLDING,1.000A/A
27971,2026-06-03 21:24:01,26.3250,10.72,1.291,14.110,A,#1,HOLDING,1.285A/A
27972,2026-06-03 21:24:03,26.1250,10.72,1.291,14.110,A,#1,HOLDING,1.264A/A
27973,2026-06-03 21:24:05,25.9500,10.64,1.291,14.110,A,#1,HOLDING,1.000A/A
27974,2026-06-03 21:24:06,25.7250,10.64,1.128,8.990,A,#1,HOLDING,1.000A/A
27975,2026-06-03 21:24:09,25.5125,10.64,1.128,8.990,A,#1,HOLDING,1.000A/A
27976,2026-06-03 21:24:10,25.3375,10.64,1.128,8.990,A,#1,HOLDING,1.157A/A
27977,2026-06-03 21:24:12,25.1375,9.99,1.128,8.990,A,#1,HOLDING,1.091A/A
27978,2026-06-03 21:24:14,24.9375,9.99,1.121,10.560,A,#1,HOLDING,1.011A/A
27979,2026-06-03 21:24:17,24.7625,9.99,1.121,10.560,A,#1,HOLDING,0.916A/A
27980,2026-06-03 21:24:18,24.5625,9.99,1.121,10.560,A,#1,HOLDING,0.834A/A
27981,2026-06-03 21:24:20,24.3875,7.83,1.121,10.560,A,#1,HOLDING,0.741A/A
27982,2026-06-03 21:24:22,24.1875,7.83,0.784,5.335,A,#1,HOLDING,0.630A/A
27983,2026-06-03 21:24:24,24.0125,7.83,0.784,5.335,A,#1,HOLDING,0.503A/A
27984,2026-06-03 21:24:26,23.8125,7.83,0.784,5.335,A,#1,HOLDING,0.393A/A
27985,2026-06-03 21:24:28,23.6625,4.37,0.784,5.335,A,#1,HOLDING,0.319A/A
27986,2026-06-03 21:24:30,23.4875,4.37,0.354,1.205,A,#1,HOLDING,0.190A/A
27987,2026-06-03 21:24:32,23.3250,4.37,0.354,1.205,OFF,#1,HOLDING,0.000A/OFF
27988,2026-06-03 21:24:33,23.1750,4.37,0.354,1.205,OFF,#1,HOLDING,0.000A/OFF
27989,2026-06-03 21:24:34,23.1750,4.37,0.354,1.205,B,#1,HOLDING,0.125A/B
27990,2026-06-03 21:24:36,23.0500,12.00,0.061,1.205,B,#1,HOLDING,0.274A/B
27991,2026-06-03 21:24:38,22.9000,12.00,0.061,0.484,B,#1,HOLDING,0.417A/B
27992,2026-06-03 21:24:39,22.7750,12.00,0.061,0.484,B,#1,HOLDING,0.555A/B
27993,2026-06-03 21:24:41,22.6750,12.00,0.061,0.484,B,#1,HOLDING,0.689A/B
27994,2026-06-03 21:24:43,22.5875,5.33,0.061,0.484,B,#1,HOLDING,0.846A/B
27995,2026-06-03 21:24:45,22.5375,5.33,0.786,5.702,B,#1,HOLDING,0.999A/B
27996,2026-06-03 21:24:47,22.4625,5.33,0.786,5.702,B,#1,HOLDING,1.202A/B
27997,2026-06-03 21:24:49,22.4375,5.33,0.786,5.702,B,#1,HOLDING,1.336A/B
27998,2026-06-03 21:24:51,22.3875,10.19,0.786,5.702,B,#1,HOLDING,1.501A/B
27999,2026-06-03 21:24:52,22.4125,10.19,1.434,17.336,B,#1,HOLDING,1.000A/B
28000,2026-06-03 21:24:55,22.4375,10.19,1.434,17.336,B,#1,HOLDING,1.000A/B
28001,2026-06-03 21:24:56,22.4875,10.19,1.434,17.336,B,#1,HOLDING,1.647A/B
28002,2026-06-03 21:24:58,22.5250,12.00,1.434,17.336,B,#1,HOLDING,1.801A/B
28003,2026-06-03 21:25:00,22.6500,12.00,1.533,18.132,B,#1,HOLDING,1.000A/B
28004,2026-06-03 21:25:02,22.7250,12.00,1.533,18.132,B,#1,HOLDING,1.936A/B
28005,2026-06-03 21:25:04,22.8500,12.00,1.533,18.132,B,#1,HOLDING,1.500A/B
28006,2026-06-03 21:25:06,22.9875,12.00,1.533,18.132,B,#1,HOLDING,2.000A/B
28007,2026-06-03 21:25:08,23.1875,12.00,1.478,17.496,B,#1,HOLDING,2.000A/B
28008,2026-06-03 21:25:10,23.3625,12.00,1.478,17.496,B,#1,HOLDING,1.000A/B
28009,2026-06-03 21:25:12,23.5125,12.00,1.478,17.496,B,#1,HOLDING,2.000A/B
28010,2026-06-03 21:25:14,23.7125,12.00,1.478,17.496,B,#1,HOLDING,1.500A/B
28011,2026-06-03 21:25:15,23.9375,12.00,1.431,16.968,B,#1,HOLDING,1.940A/B
28012,2026-06-03 21:25:18,24.1750,12.00,1.431,16.968,B,#1,HOLDING,1.000A/B
28013,2026-06-03 21:25:19,24.3750,12.00,1.431,16.968,B,#1,HOLDING,1.500A/B
28014,2026-06-03 21:25:21,24.5625,12.00,1.431,16.968,B,#1,HOLDING,1.500A/B
28015,2026-06-03 21:25:23,24.8125,12.00,1.396,16.548,B,#1,HOLDING,2.000A/B
28016,2026-06-03 21:25:25,25.0250,12.00,1.396,16.548,B,#1,HOLDING,2.010A/B
28017,2026-06-03 21:25:27,25.2750,12.00,1.396,16.548,B,#1,HOLDING,2.034A/B
28018,2026-06-03 21:25:29,25.5000,12.00,1.396,16.548,B,#1,HOLDING,1.500A/B
28019,2026-06-03 21:25:31,25.7750,12.00,1.368,16.236,B,#1,HOLDING,2.000A/B
28020,2026-06-03 21:25:33,25.9625,12.00,1.368,16.236,B,#1,HOLDING,2.017A/B
28021,2026-06-03 21:25:35,26.2125,12.00,1.368,16.236,B,#1,HOLDING,1.500A/B
28022,2026-06-03 21:25:37,26.4625,12.00,1.368,16.236,B,#1,HOLDING,2.031A/B
28023,2026-06-03 21:25:38,26.6875,12.00,1.347,16.008,B,#1,HOLDING,2.025A/B
28024,2026-06-03 21:25:41,26.9250,12.00,1.347,16.008,B,#1,HOLDING,1.000A/B
28025,2026-06-03 21:25:42,27.1500,12.00,1.347,16.008,B,#1,HOLDING,1.000A/B
28026,2026-06-03 21:25:44,27.3375,9.57,1.347,16.008,B,#1,HOLDING,2.023A/B
28027,2026-06-03 21:25:46,27.5875,9.57,1.335,15.876,B,#1,HOLDING,1.000A/B
28028,2026-06-03 21:25:49,27.8000,9.57,1.335,15.876,B,#1,HOLDING,1.936A/B
28029,2026-06-03 21:25:50,28.0250,9.57,1.335,15.876,B,#1,HOLDING,1.873A/B
28030,2026-06-03 21:25:52,28.2375,12.00,1.335,15.876,B,#1,HOLDING,1.808A/B
28031,2026-06-03 21:25:54,28.4375,12.00,1.324,15.732,B,#1,HOLDING,1.500A/B
28032,2026-06-03 21:25:56,28.6500,12.00,1.324,15.732,B,#1,HOLDING,1.500A/B
28033,2026-06-03 21:25:58,28.8750,12.00,1.324,15.732,B,#1,HOLDING,1.000A/B
28034,2026-06-03 21:26:00,29.0625,9.69,1.324,15.732,B,#1,HOLDING,1.500A/B
28035,2026-06-03 21:26:02,29.2875,9.69,1.271,15.648,B,#1,HOLDING,1.683A/B
28036,2026-06-03 21:26:04,29.4625,9.69,1.271,15.648,B,#1,HOLDING,1.000A/B
28037,2026-06-03 21:26:06,29.6875,9.69,1.271,15.648,B,#1,HOLDING,1.000A/B
28038,2026-06-03 21:26:07,29.8625,9.75,1.271,15.648,B,#1,HOLDING,1.000A/B
28039,2026-06-03 21:26:09,30.0625,9.75,1.000,9.860,B,#1,HOLDING,1.565A/B
28040,2026-06-03 21:26:12,30.2375,9.75,1.000,9.860,B,#1,HOLDING,1.392A/B
28041,2026-06-03 21:26:13,30.4375,9.75,1.000,9.860,B,#1,HOLDING,1.260A/B
28042,2026-06-03 21:26:15,30.6125,11.57,1.000,9.860,B,#1,HOLDING,1.107A/B
28043,2026-06-03 21:26:17,30.8125,11.57,1.138,11.756,B,#1,HOLDING,0.943A/B
28044,2026-06-03 21:26:19,30.9875,11.57,1.138,11.756,B,#1,HOLDING,0.734A/B
28045,2026-06-03 21:26:21,31.1375,11.57,1.138,11.756,B,#1,HOLDING,0.585A/B
28046,2026-06-03 21:26:23,31.3000,6.65,1.138,11.756,B,#1,HOLDING,0.406A/B
28047,2026-06-03 21:26:25,31.4500,6.65,0.452,2.135,B,#1,HOLDING,0.222A/B
28048,2026-06-03 21:26:27,31.6125,6.65,0.452,2.135,OFF,#1,HOLDING,0.000A/OFF
28049,2026-06-03 21:26:28,31.6125,6.65,0.452,2.135,OFF,#1,HOLDING,0.113A/A
28050,2026-06-03 21:26:30,31.7625,6.65,0.452,2.135,A,#1,HOLDING,0.314A/A
28051,2026-06-03 21:26:31,31.8875,12.00,0.314,2.135,A,#1,HOLDING,0.486A/A
28052,2026-06-03 21:26:33,32.0625,12.00,0.314,1.462,A,#1,HOLDING,0.699A/A
28053,2026-06-03 21:26:35,32.1750,12.00,0.314,1.462,A,#1,HOLDING,0.880A/A
28054,2026-06-03 21:26:37,32.3250,12.00,0.314,1.462,A,#1,HOLDING,1.066A/A
28055,2026-06-03 21:26:38,32.3875,7.72,0.314,1.462,A,#1,HOLDING,1.000A/A
28056,2026-06-03 21:26:40,32.4625,7.72,1.000,7.540,A,#1,HOLDING,1.000A/A
28057,2026-06-03 21:26:43,32.5125,7.72,1.000,7.540,A,#1,HOLDING,1.276A/A
28058,2026-06-03 21:26:44,32.5375,7.72,1.000,7.540,A,#1,HOLDING,1.464A/A
28059,2026-06-03 21:26:46,32.5375,10.88,1.000,7.540,A,#1,HOLDING,1.500A/A
28060,2026-06-03 21:26:48,32.5125,10.88,1.479,17.160,A,#1,HOLDING,1.000A/A
28061,2026-06-03 21:26:50,32.4375,10.88,1.479,17.160,A,#1,HOLDING,1.670A/A
28062,2026-06-03 21:26:52,32.3625,10.88,1.479,17.160,A,#1,HOLDING,1.842A/A
28063,2026-06-03 21:26:54,32.2750,12.00,1.479,17.160,A,#1,HOLDING,2.000A/A
28064,2026-06-03 21:26:56,32.1750,12.00,1.555,18.408,A,#1,HOLDING,2.033A/A
28065,2026-06-03 21:26:58,32.0250,12.00,1.555,18.408,A,#1,HOLDING,2.277A/A
28066,2026-06-03 21:27:00,31.8750,12.00,1.555,18.408,A,#1,HOLDING,1.500A/A
28067,2026-06-03 21:27:01,31.7000,11.82,1.555,18.408,A,#1,HOLDING,2.000A/A
28068,2026-06-03 21:27:03,31.5000,11.82,1.503,17.844,A,#1,HOLDING,1.000A/A
28069,2026-06-03 21:27:06,31.3250,11.82,1.503,17.844,A,#1,HOLDING,2.399A/A
28070,2026-06-03 21:27:07,31.1000,11.82,1.503,17.844,A,#1,HOLDING,1.000A/A
28071,2026-06-03 21:27:09,30.8875,8.67,1.503,17.844,A,#1,HOLDING,1.500A/A
28072,2026-06-03 21:27:11,30.6375,8.67,1.253,17.580,A,#1,HOLDING,2.000A/A
28073,2026-06-03 21:27:13,30.4500,8.67,1.253,17.580,A,#1,HOLDING,2.000A/A
28074,2026-06-03 21:27:15,30.2000,8.67,1.253,17.580,A,#1,HOLDING,1.500A/A
28075,2026-06-03 21:27:17,29.9500,12.00,1.253,17.580,A,#1,HOLDING,1.500A/A
28076,2026-06-03 21:27:19,29.7000,12.00,1.456,17.304,A,#1,HOLDING,2.390A/A
28077,2026-06-03 21:27:21,29.4750,12.00,1.456,17.304,A,#1,HOLDING,2.000A/A
28078,2026-06-03 21:27:23,29.2250,12.00,1.456,17.304,A,#1,HOLDING,2.500A/A
28079,2026-06-03 21:27:24,28.9750,12.00,1.456,17.304,A,#1,HOLDING,2.000A/A
28080,2026-06-03 21:27:26,28.7000,12.00,1.439,17.112,A,#1,HOLDING,2.474A/A
28081,2026-06-03 21:27:29,28.5000,12.00,1.439,17.112,A,#1,HOLDING,2.000A/A
28082,2026-06-03 21:27:30,28.2000,12.00,1.439,17.112,A,#1,HOLDING,2.000A/A
28083,2026-06-03 21:27:32,27.9750,12.00,1.439,17.112,A,#1,HOLDING,2.536A/A
28084,2026-06-03 21:27:34,27.6750,12.00,1.425,16.944,A,#1,HOLDING,2.000A/A
28085,2026-06-03 21:27:36,27.4125,12.00,1.425,16.944,A,#1,HOLDING,1.500A/A
28086,2026-06-03 21:27:38,27.1625,12.00,1.425,16.944,A,#2,APPROACH,1.000A/A
28087,2026-06-03 21:27:40,26.9375,4.55,1.425,16.944,A,#2,APPROACH,0.117A/A
28088,2026-06-03 21:27:42,26.6375,4.55,1.425,16.944,OFF,#2,APPROACH,0.000A/OFF
28089,2026-06-03 21:27:43,26.6375,4.55,0.000,16.944,OFF,#2,APPROACH,0.000A/OFF
28090,2026-06-03 21:27:44,26.4125,4.55,0.000,0.000,OFF,#2,APPROACH,0.000A/OFF
28091,2026-06-03 21:27:45,26.1875,4.55,0.000,0.000,OFF,#2,APPROACH,0.000A/OFF
28092,2026-06-03 21:27:46,26.1875,4.55,0.000,0.000,OFF,#2,APPROACH,0.000A/OFF
28093,2026-06-03 21:27:47,26.0000,4.55,0.000,0.000,OFF,#2,APPROACH,0.000A/OFF
28094,2026-06-03 21:27:48,26.0000,12.00,0.000,0.000,A,#2,APPROACH,0.118A/A
28095,2026-06-03 21:27:50,25.7750,12.00,0.000,0.199,A,#2,APPROACH,0.124A/A
28096,2026-06-03 21:27:52,25.6375,12.00,0.000,0.199,A,#2,HOLDING,0.138A/A
28097,2026-06-03 21:27:54,25.4625,12.00,0.000,0.199,OFF,#2,HOLDING,0.000A/OFF
28098,2026-06-03 21:27:55,25.3250,12.00,0.000,0.199,OFF,#2,HOLDING,0.000A/OFF
28099,2026-06-03 21:27:56,25.3250,12.00,0.000,0.199,OFF,#2,HOLDING,0.000A/OFF
28100,2026-06-03 21:27:57,25.1750,12.00,0.000,0.199,OFF,#2,HOLDING,0.000A/OFF
28101,2026-06-03 21:27:58,25.1750,12.00,0.000,0.000,OFF,#2,HOLDING,0.000A/OFF
28102,2026-06-03 21:27:59,25.0500,12.00,0.000,0.000,OFF,#2,HOLDING,0.000A/OFF
28103,2026-06-03 21:28:00,25.0500,12.00,0.000,0.000,OFF,#2,HOLDING,0.000A/OFF
28104,2026-06-03 21:28:01,24.9250,12.00,0.000,0.000,OFF,#2,HOLDING,0.000A/OFF
28105,2026-06-03 21:28:02,24.9250,12.00,0.000,0.000,OFF,#2,HOLDING,0.000A/OFF
28106,2026-06-03 21:28:03,24.8000,12.00,0.000,0.000,OFF,#2,HOLDING,0.000A/OFF
28107,2026-06-03 21:28:04,24.8000,12.00,0.000,0.000,OFF,#2,HOLDING,0.000A/OFF
28108,2026-06-03 21:28:05,24.7000,12.00,0.000,0.000,OFF,#2,HOLDING,0.000A/OFF
28109,2026-06-03 21:28:06,24.7000,12.00,0.000,0.000,OFF,#2,HOLDING,0.000A/OFF
28110,2026-06-03 21:28:07,24.6250,12.00,0.000,0.000,OFF,#2,HOLDING,0.000A/OFF
28111,2026-06-03 21:28:08,24.5250,12.00,0.000,0.000,OFF,#2,HOLDING,0.000A/OFF
28112,2026-06-03 21:28:09,24.5250,12.00,0.000,0.000,OFF,#2,HOLDING,0.000A/OFF
28113,2026-06-03 21:28:10,24.4375,12.00,0.000,0.000,OFF,#2,HOLDING,0.000A/OFF
28114,2026-06-03 21:28:11,24.4375,12.00,0.000,0.000,OFF,#2,HOLDING,0.000A/OFF
28115,2026-06-03 21:28:12,24.3625,12.00,0.000,0.000,OFF,#2,HOLDING,0.000A/OFF
28116,2026-06-03 21:28:13,24.3625,12.00,0.000,0.000,OFF,#2,HOLDING,0.000A/OFF
28117,2026-06-03 21:28:14,24.3000,12.00,0.000,0.000,OFF,#2,HOLDING,0.000A/OFF
28118,2026-06-03 21:28:15,24.3000,12.00,0.000,0.000,OFF,#2,HOLDING,0.000A/OFF
28119,2026-06-03 21:28:16,24.2500,12.00,0.000,0.000,OFF,#2,HOLDING,0.000A/OFF
28120,2026-06-03 21:28:17,24.2500,12.00,0.000,0.000,OFF,#2,HOLDING,0.000A/OFF
28121,2026-06-03 21:28:18,24.1875,12.00,0.000,0.000,OFF,#2,HOLDING,0.000A/OFF
28122,2026-06-03 21:28:19,24.1875,12.00,0.000,0.000,OFF,#2,HOLDING,0.000A/OFF
28123,2026-06-03 21:28:20,24.1375,12.00,0.000,0.000,OFF,#2,HOLDING,0.000A/OFF
28124,2026-06-03 21:28:21,24.1375,12.00,0.000,0.000,OFF,#2,HOLDING,0.000A/OFF
28125,2026-06-03 21:28:22,24.0875,12.00,0.000,0.000,OFF,#2,HOLDING,0.000A/OFF
28126,2026-06-03 21:28:23,24.0875,12.00,0.000,0.000,OFF,#2,HOLDING,0.000A/OFF
28127,2026-06-03 21:28:24,24.0375,12.00,0.000,0.000,OFF,#2,HOLDING,0.000A/OFF
28128,2026-06-03 21:28:25,24.0375,12.00,0.000,0.000,OFF,#2,HOLDING,0.000A/OFF
28129,2026-06-03 21:28:26,24.0000,12.00,0.000,0.000,OFF,#2,HOLDING,0.000A/OFF
28130,2026-06-03 21:28:27,24.0000,12.00,0.000,0.000,B,#2,HOLDING,0.101A/B
28131,2026-06-03 21:28:29,23.9625,4.70,0.101,0.000,B,#2,HOLDING,0.133A/B
28132,2026-06-03 21:28:31,23.9375,4.70,0.101,0.154,B,#2,HOLDING,0.157A/B
28133,2026-06-03 21:28:33,23.9375,4.70,0.101,0.154,B,#2,HOLDING,0.181A/B
28134,2026-06-03 21:28:34,23.9125,4.70,0.101,0.154,B,#2,HOLDING,0.205A/B
28135,2026-06-03 21:28:36,23.8875,1.82,0.101,0.154,B,#2,HOLDING,0.236A/B
28136,2026-06-03 21:28:38,23.8750,1.82,0.218,0.500,B,#2,HOLDING,0.267A/B
28137,2026-06-03 21:28:40,23.8750,1.82,0.218,0.500,B,#2,HOLDING,0.304A/B
28138,2026-06-03 21:28:42,23.8750,1.82,0.218,0.500,B,#2,HOLDING,0.328A/B
28139,2026-06-03 21:28:44,23.8750,2.92,0.218,0.500,B,#2,HOLDING,0.357A/B
28140,2026-06-03 21:28:46,23.8750,2.92,0.340,1.149,B,#2,HOLDING,0.388A/B
28141,2026-06-03 21:28:48,23.8750,2.92,0.340,1.149,B,#2,HOLDING,0.427A/B
28142,2026-06-03 21:28:50,23.8750,2.92,0.340,1.149,B,#2,HOLDING,0.453A/B
28143,2026-06-03 21:28:51,23.8750,4.06,0.340,1.149,B,#2,HOLDING,0.484A/B
28144,2026-06-03 21:28:53,23.9375,4.06,0.467,2.124,B,#3,APPROACH,0.506A/B
28145,2026-06-03 21:28:56,23.9375,4.06,0.467,2.124,OFF,#3,HOLDING,0.000A/OFF
28146,2026-06-03 21:28:57,23.9375,4.06,0.467,2.124,OFF,#3,HOLDING,0.000A/OFF
28147,2026-06-03 21:28:58,23.9375,4.06,0.467,2.124,OFF,#3,HOLDING,0.000A/OFF
28148,2026-06-03 21:28:59,23.9875,4.06,0.467,2.124,OFF,#3,HOLDING,0.000A/OFF
28149,2026-06-03 21:29:00,23.9875,4.06,0.467,2.124,OFF,#3,HOLDING,0.000A/OFF
28150,2026-06-03 21:29:01,24.0125,12.00,0.467,2.124,OFF,#3,HOLDING,0.000A/OFF
28151,2026-06-03 21:29:02,24.0125,12.00,0.000,0.000,A,#3,HOLDING,0.108A/A
28152,2026-06-03 21:29:04,24.1000,12.00,0.000,0.000,A,#3,HOLDING,0.209A/A
28153,2026-06-03 21:29:06,24.1000,12.00,0.000,0.000,A,#3,HOLDING,0.236A/A
28154,2026-06-03 21:29:07,24.1250,1.91,0.000,0.000,A,#3,HOLDING,0.279A/A
28155,2026-06-03 21:29:09,24.1250,1.91,0.279,0.669,A,#3,HOLDING,0.309A/A
28156,2026-06-03 21:29:12,24.1875,1.91,0.279,0.669,A,#3,HOLDING,0.369A/A
28157,2026-06-03 21:29:13,24.1875,1.91,0.279,0.669,A,#3,HOLDING,0.401A/A
28158,2026-06-03 21:29:15,24.1875,3.43,0.279,0.669,A,#3,HOLDING,0.442A/A
28159,2026-06-03 21:29:17,24.1625,3.43,0.442,1.728,A,#3,HOLDING,0.472A/A
28160,2026-06-03 21:29:19,24.1500,3.43,0.442,1.728,A,#3,HOLDING,0.521A/A
28161,2026-06-03 21:29:21,24.1500,3.43,0.442,1.728,A,#3,HOLDING,0.555A/A
28162,2026-06-03 21:29:23,24.1250,4.78,0.442,1.728,A,#3,HOLDING,0.591A/A
28163,2026-06-03 21:29:25,24.0625,4.78,0.591,3.102,A,#3,HOLDING,0.571A/A
28164,2026-06-03 21:29:27,24.0000,4.78,0.591,3.102,A,#3,HOLDING,0.609A/A
28165,2026-06-03 21:29:29,24.0000,4.78,0.591,3.102,A,#3,HOLDING,0.640A/A
28166,2026-06-03 21:29:30,23.9500,5.55,0.591,3.102,A,#3,HOLDING,0.673A/A
28167,2026-06-03 21:29:32,23.9250,5.55,0.673,4.044,A,#3,HOLDING,0.706A/A
28168,2026-06-03 21:29:35,23.8000,5.55,0.673,4.044,A,#3,HOLDING,0.730A/A
28169,2026-06-03 21:29:36,23.8000,5.55,0.673,4.044,A,#3,HOLDING,0.757A/A
28170,2026-06-03 21:29:38,23.7250,6.64,0.673,4.044,A,#3,HOLDING,0.776A/A
28171,2026-06-03 21:29:40,23.6750,6.64,0.776,5.346,A,#3,HOLDING,0.802A/A
28172,2026-06-03 21:29:42,23.4875,6.64,0.776,5.346,A,#3,HOLDING,0.807A/A
28173,2026-06-03 21:29:44,23.4875,6.64,0.776,5.346,A,#3,HOLDING,0.826A/A
28174,2026-06-03 21:29:46,23.4125,7.24,0.776,5.346,A,#3,HOLDING,0.836A/A
28175,2026-06-03 21:29:48,23.3000,7.24,0.836,6.211,A,#3,HOLDING,0.846A/A
28176,2026-06-03 21:29:50,23.1125,7.24,0.836,6.211,A,#3,HOLDING,0.834A/A
28177,2026-06-03 21:29:52,23.1125,7.24,0.836,6.211,A,#3,HOLDING,0.841A/A
28178,2026-06-03 21:29:54,23.0125,7.47,0.836,6.211,A,#3,HOLDING,0.839A/A
28179,2026-06-03 21:29:55,22.9250,7.47,0.839,6.342,A,#3,HOLDING,0.837A/A
28180,2026-06-03 21:29:58,22.7000,7.47,0.839,6.342,A,#3,HOLDING,0.802A/A
28181,2026-06-03 21:29:59,22.7000,7.47,0.839,6.342,A,#3,HOLDING,0.798A/A
28182,2026-06-03 21:30:01,22.5500,7.27,0.839,6.342,A,#3,HOLDING,0.771A/A
28183,2026-06-03 21:30:03,22.4625,7.27,0.771,5.528,A,#3,HOLDING,0.756A/A
28184,2026-06-03 21:30:05,22.2375,7.27,0.771,5.528,A,#3,HOLDING,0.698A/A
28185,2026-06-03 21:30:07,22.2375,7.27,0.771,5.528,A,#3,HOLDING,0.684A/A
28186,2026-06-03 21:30:09,22.1125,6.46,0.771,5.528,A,#3,HOLDING,0.644A/A
28187,2026-06-03 21:30:11,22.0125,6.46,0.660,4.025,A,#3,HOLDING,0.556A/A
28188,2026-06-03 21:30:13,21.8000,6.46,0.660,4.025,A,#3,HOLDING,0.466A/A
28189,2026-06-03 21:30:15,21.8000,6.46,0.660,4.025,A,#3,HOLDING,0.438A/A
28190,2026-06-03 21:30:17,21.6750,4.55,0.660,4.025,A,#3,HOLDING,0.375A/A
28191,2026-06-03 21:30:19,21.5625,4.55,0.404,1.541,A,#3,HOLDING,0.317A/A
28192,2026-06-03 21:30:21,21.3500,4.55,0.404,1.541,A,#3,HOLDING,0.206A/A
28193,2026-06-03 21:30:22,21.3500,4.55,0.404,1.541,A,#3,HOLDING,0.162A/A
28194,2026-06-03 21:30:24,21.2750,4.55,0.404,1.541,OFF,#3,HOLDING,0.000A/OFF
28195,2026-06-03 21:30:25,21.1750,2.34,0.404,1.541,OFF,#3,HOLDING,0.000A/OFF
28196,2026-06-03 21:30:26,21.1750,2.34,0.162,1.541,OFF,#3,HOLDING,0.000A/OFF
28197,2026-06-03 21:30:27,21.0750,2.34,0.162,0.000,OFF,#3,HOLDING,0.000A/OFF
28198,2026-06-03 21:30:28,21.0750,2.34,0.162,0.000,OFF,#3,HOLDING,0.000A/OFF
28199,2026-06-03 21:30:29,21.0250,2.34,0.162,0.000,B,#3,HOLDING,0.124A/B
28200,2026-06-03 21:30:31,20.9500,2.41,0.162,0.000,B,#3,HOLDING,0.203A/B
28201,2026-06-03 21:30:33,20.9000,2.41,0.161,0.288,B,#3,HOLDING,0.291A/B
28202,2026-06-03 21:30:36,20.8500,2.41,0.161,0.288,B,#3,HOLDING,0.395A/B
28203,2026-06-03 21:30:37,20.8125,2.41,0.161,0.288,B,#3,HOLDING,0.468A/B
28204,2026-06-03 21:30:39,20.7875,3.70,0.161,0.288,B,#3,HOLDING,0.552A/B
28205,2026-06-03 21:30:41,20.7875,3.70,0.507,2.489,B,#3,HOLDING,0.633A/B
28206,2026-06-03 21:30:43,20.7625,3.70,0.507,2.489,B,#3,HOLDING,0.743A/B
28207,2026-06-03 21:30:45,20.7500,3.70,0.507,2.489,B,#3,HOLDING,0.818A/B
28208,2026-06-03 21:30:47,20.7750,6.64,0.507,2.489,B,#3,HOLDING,0.899A/B
28209,2026-06-03 21:30:49,20.8125,6.64,0.859,6.688,B,#3,HOLDING,0.975A/B
28210,2026-06-03 21:30:51,20.8375,6.64,0.859,6.688,B,#3,HOLDING,1.077A/B
28211,2026-06-03 21:30:53,20.8875,6.64,0.859,6.688,B,#3,HOLDING,1.000A/B
28212,2026-06-03 21:30:54,20.9625,8.22,0.859,6.688,B,#3,HOLDING,1.000A/B
28213,2026-06-03 21:30:56,21.0375,8.22,1.000,8.350,B,#3,HOLDING,1.000A/B
28214,2026-06-03 21:30:59,21.1125,8.22,1.000,8.350,B,#3,HOLDING,1.122A/B
28215,2026-06-03 21:31:00,21.2125,8.22,1.000,8.350,B,#3,HOLDING,1.174A/B
28216,2026-06-03 21:31:02,21.3375,9.48,1.000,8.350,B,#3,HOLDING,1.227A/B
28217,2026-06-03 21:31:04,21.4750,9.48,1.227,12.392,B,#3,HOLDING,1.273A/B
28218,2026-06-03 21:31:06,21.5750,9.48,1.227,12.392,B,#3,HOLDING,1.344A/B
28219,2026-06-03 21:31:08,21.7375,9.48,1.227,12.392,B,#3,HOLDING,1.374A/B
28220,2026-06-03 21:31:10,21.8875,11.07,1.227,12.392,B,#3,HOLDING,1.000A/B
28221,2026-06-03 21:31:12,22.0500,11.07,1.042,8.730,B,#3,HOLDING,1.396A/B
28222,2026-06-03 21:31:14,22.2250,11.07,1.042,8.730,B,#3,HOLDING,1.000A/B
28223,2026-06-03 21:31:16,22.3875,11.07,1.042,8.730,B,#3,HOLDING,1.000A/B
28224,2026-06-03 21:31:17,22.5625,8.79,1.042,8.730,B,#4,APPROACH,1.386A/B
28225,2026-06-03 21:31:19,22.7750,8.79,1.339,0.000,A,#4,APPROACH,0.171A/A
28226,2026-06-03 21:31:22,23.0000,8.79,1.339,0.000,A,#4,APPROACH,0.261A/A
28227,2026-06-03 21:31:24,23.1750,8.79,1.339,0.000,A,#4,APPROACH,0.355A/A
28228,2026-06-03 21:31:26,23.3750,8.79,1.339,0.000,A,#4,APPROACH,0.452A/A
28229,2026-06-03 21:31:27,23.5625,3.39,1.339,0.000,A,#4,APPROACH,0.559A/A
28230,2026-06-03 21:31:29,23.7375,3.39,0.548,2.448,A,#4,APPROACH,0.699A/A
28231,2026-06-03 21:31:32,23.8875,3.39,0.548,2.448,A,#4,APPROACH,0.897A/A
28232,2026-06-03 21:31:33,24.0375,3.39,0.548,2.448,A,#4,APPROACH,1.037A/A
28233,2026-06-03 21:31:35,24.1125,7.99,0.548,2.448,A,#4,APPROACH,1.197A/A
28234,2026-06-03 21:31:37,24.2375,7.99,1.197,11.239,A,#4,APPROACH,1.368A/A
28235,2026-06-03 21:31:39,24.3125,7.99,1.197,11.239,A,#4,APPROACH,1.581A/A
28236,2026-06-03 21:31:41,24.3625,7.99,1.197,11.239,A,#4,APPROACH,1.000A/A
28237,2026-06-03 21:31:43,24.4000,8.15,1.197,11.239,A,#4,APPROACH,1.500A/A
28238,2026-06-03 21:31:44,24.3750,8.15,1.489,17.625,A,#4,APPROACH,1.724A/A
28239,2026-06-03 21:31:47,24.4000,8.15,1.489,17.625,A,#4,APPROACH,1.941A/A
28240,2026-06-03 21:31:48,24.3750,8.15,1.489,17.625,A,#4,APPROACH,2.000A/A
28241,2026-06-03 21:31:50,24.3625,12.00,1.489,17.625,A,#4,APPROACH,2.000A/A
28242,2026-06-03 21:31:52,24.2625,12.00,1.509,17.880,A,#4,APPROACH,2.000A/A
28243,2026-06-03 21:31:55,24.2125,12.00,1.509,17.880,A,#4,APPROACH,2.073A/A
28244,2026-06-03 21:31:56,24.1375,12.00,1.509,17.880,A,#4,APPROACH,1.000A/A
28245,2026-06-03 21:31:58,24.0250,8.71,1.509,17.880,A,#4,APPROACH,1.500A/A
28246,2026-06-03 21:32:00,23.9250,8.71,1.237,17.508,A,#4,APPROACH,2.000A/A
28247,2026-06-03 21:32:02,23.8000,8.71,1.237,17.508,A,#4,APPROACH,1.500A/A
28248,2026-06-03 21:32:04,23.6750,8.71,1.237,17.508,A,#4,APPROACH,1.000A/A
28249,2026-06-03 21:32:06,23.5500,8.87,1.237,17.508,A,#4,APPROACH,2.000A/A
28250,2026-06-03 21:32:08,23.4000,8.87,1.225,17.208,A,#4,APPROACH,2.163A/A
28251,2026-06-03 21:32:10,23.2625,8.87,1.225,17.208,A,#4,APPROACH,2.000A/A
28252,2026-06-03 21:32:12,23.1125,8.87,1.225,17.208,A,#4,APPROACH,2.000A/A
28253,2026-06-03 21:32:13,22.9500,12.00,1.225,17.208,A,#4,APPROACH,2.305A/A
28254,2026-06-03 21:32:15,22.8000,12.00,1.428,16.944,A,#4,APPROACH,1.000A/A
28255,2026-06-03 21:32:18,22.6750,12.00,1.428,16.944,A,#4,APPROACH,1.500A/A
28256,2026-06-03 21:32:19,22.5250,12.00,1.428,16.944,A,#4,APPROACH,2.000A/A
28257,2026-06-03 21:32:21,22.3500,12.00,1.428,16.944,A,#4,APPROACH,2.352A/A
28258,2026-06-03 21:32:23,22.1750,12.00,1.414,16.788,A,#4,APPROACH,2.000A/A
28259,2026-06-03 21:32:25,22.0750,12.00,1.414,16.788,A,#4,APPROACH,2.428A/A
28260,2026-06-03 21:32:27,21.8750,12.00,1.414,16.788,A,#4,APPROACH,2.479A/A
28261,2026-06-03 21:32:29,21.7375,12.00,1.414,16.788,A,#4,APPROACH,2.500A/A
28262,2026-06-03 21:32:31,21.5625,12.00,1.397,16.596,A,#4,APPROACH,2.000A/A
28263,2026-06-03 21:32:33,21.4000,12.00,1.397,16.596,A,#4,APPROACH,2.000A/A
28264,2026-06-03 21:32:35,21.2500,12.00,1.397,16.596,A,#4,APPROACH,1.500A/A
28265,2026-06-03 21:32:36,21.0875,12.00,1.397,16.596,A,#4,APPROACH,1.000A/A
28266,2026-06-03 21:32:38,20.9375,12.00,1.195,9.400,A,#4,APPROACH,1.000A/A
28267,2026-06-03 21:32:41,20.7750,12.00,1.195,9.400,A,#4,HOLDING,1.500A/A
28268,2026-06-03 21:32:42,20.6250,12.00,1.195,9.400,OFF,#4,HOLDING,0.000A/OFF
28269,2026-06-03 21:32:43,20.4875,12.00,1.195,9.400,OFF,#4,HOLDING,0.000A/OFF
28270,2026-06-03 21:32:44,20.4875,12.00,1.195,9.400,OFF,#4,HOLDING,0.000A/OFF
28271,2026-06-03 21:32:45,20.3375,12.00,0.000,9.400,OFF,#4,HOLDING,0.000A/OFF
28272,2026-06-03 21:32:46,20.3375,12.00,0.000,0.000,OFF,#4,HOLDING,0.000A/OFF
28273,2026-06-03 21:32:47,20.2125,12.00,0.000,0.000,OFF,#4,HOLDING,0.000A/OFF
28274,2026-06-03 21:32:48,20.2125,12.00,0.000,0.000,OFF,#4,HOLDING,0.000A/OFF
28275,2026-06-03 21:32:49,20.1125,12.00,0.000,0.000,OFF,#4,HOLDING,0.000A/OFF
28276,2026-06-03 21:32:50,20.1125,12.00,0.000,0.000,OFF,#4,HOLDING,0.000A/OFF
28277,2026-06-03 21:32:51,19.9875,12.00,0.000,0.000,OFF,#4,HOLDING,0.000A/OFF
28278,2026-06-03 21:32:52,19.9875,12.00,0.000,0.000,OFF,#4,HOLDING,0.000A/OFF
28279,2026-06-03 21:32:53,19.8875,12.00,0.000,0.000,OFF,#4,HOLDING,0.000A/OFF
28280,2026-06-03 21:32:54,19.8875,12.00,0.000,0.000,A,#4,HOLDING,0.100A/A
28281,2026-06-03 21:32:56,19.8125,12.00,0.000,0.000,A,#4,HOLDING,0.000A/OFF
28282,2026-06-03 21:32:57,19.7625,12.00,0.000,0.000,OFF,#4,HOLDING,0.000A/OFF
28283,2026-06-03 21:32:58,19.7625,12.00,0.000,0.000,OFF,#4,HOLDING,0.000A/OFF
28284,2026-06-03 21:32:59,19.7125,12.00,0.605,0.000,OFF,#4,HOLDING,0.000A/OFF
28285,2026-06-03 21:33:00,19.7125,12.00,0.605,0.000,A,#4,HOLDING,0.103A/A
28286,2026-06-03 21:33:02,19.6625,12.00,0.605,0.000,A,#4,HOLDING,0.000A/OFF
28287,2026-06-03 21:33:03,19.6250,12.00,0.605,0.000,OFF,#4,HOLDING,0.000A/OFF
28288,2026-06-03 21:33:04,19.6250,12.00,0.605,0.000,OFF,#4,HOLDING,0.000A/OFF
28289,2026-06-03 21:33:05,19.6250,12.00,0.605,0.000,OFF,#4,HOLDING,0.000A/OFF
28290,2026-06-03 21:33:06,19.6250,12.00,0.000,0.000,OFF,#4,HOLDING,0.000A/OFF
28291,2026-06-03 21:33:07,19.5875,12.00,0.000,0.000,OFF,#4,HOLDING,0.000A/OFF
28292,2026-06-03 21:33:08,19.5875,12.00,0.000,0.000,OFF,#4,HOLDING,0.000A/OFF
28293,2026-06-03 21:33:09,19.5625,12.00,0.000,0.000,OFF,#4,HOLDING,0.000A/OFF
28294,2026-06-03 21:33:10,19.5625,12.00,0.000,0.000,OFF,#4,HOLDING,0.000A/OFF
28295,2026-06-03 21:33:11,19.5625,12.00,0.000,0.000,OFF,#4,HOLDING,0.000A/OFF
28296,2026-06-03 21:33:12,19.5625,12.00,0.000,0.000,OFF,#4,HOLDING,0.000A/OFF
28297,2026-06-03 21:33:13,19.5875,12.00,0.000,0.000,OFF,#4,HOLDING,0.000A/OFF
28298,2026-06-03 21:33:14,19.5875,12.00,0.000,0.000,OFF,#4,HOLDING,0.000A/OFF
28299,2026-06-03 21:33:15,19.6000,12.00,0.000,0.000,OFF,#4,HOLDING,0.000A/OFF
28300,2026-06-03 21:33:16,19.6000,12.00,0.000,0.000,OFF,#4,HOLDING,0.000A/OFF
28301,2026-06-03 21:33:17,19.6250,12.00,0.000,0.000,OFF,#4,HOLDING,0.000A/OFF
28302,2026-06-03 21:33:18,19.6250,12.00,0.000,0.000,OFF,#4,HOLDING,0.000A/OFF
28303,2026-06-03 21:33:19,19.6500,12.00,0.000,0.000,OFF,#4,HOLDING,0.000A/OFF
28304,2026-06-03 21:33:20,19.6500,12.00,0.000,0.000,OFF,#4,HOLDING,0.000A/OFF
28305,2026-06-03 21:33:21,19.6500,12.00,0.000,0.000,OFF,#4,HOLDING,0.000A/OFF
28306,2026-06-03 21:33:22,19.6875,12.00,0.000,0.000,OFF,#4,HOLDING,0.000A/OFF
28307,2026-06-03 21:33:23,19.6875,12.00,0.000,0.000,OFF,#4,HOLDING,0.000A/OFF
28308,2026-06-03 21:33:24,19.7375,12.00,0.000,0.000,OFF,#4,HOLDING,0.000A/OFF
28309,2026-06-03 21:33:25,19.7375,12.00,0.000,0.000,OFF,#4,HOLDING,0.000A/OFF
28310,2026-06-03 21:33:26,19.7875,12.00,0.000,0.000,OFF,#4,HOLDING,0.000A/OFF
28311,2026-06-03 21:33:27,19.7875,12.00,0.000,0.000,OFF,#4,HOLDING,0.000A/OFF
28312,2026-06-03 21:33:28,19.8125,12.00,0.000,0.000,OFF,#4,HOLDING,0.000A/OFF
28313,2026-06-03 21:33:29,19.8125,12.00,0.000,0.000,OFF,#4,HOLDING,0.000A/OFF
28314,2026-06-03 21:33:30,19.8500,12.00,0.000,0.000,OFF,#4,HOLDING,0.000A/OFF
28315,2026-06-03 21:33:31,19.8500,12.00,0.000,0.000,OFF,#4,HOLDING,0.000A/OFF
28316,2026-06-03 21:33:32,19.9250,12.00,0.000,0.000,OFF,#4,HOLDING,0.000A/OFF
28317,2026-06-03 21:33:33,19.9250,12.00,0.000,0.000,OFF,#4,HOLDING,0.000A/OFF
28318,2026-06-03 21:33:34,19.9375,12.00,0.000,0.000,OFF,#4,HOLDING,0.000A/OFF
28319,2026-06-03 21:33:35,19.9375,12.00,0.000,0.000,OFF,#4,HOLDING,0.000A/OFF
28320,2026-06-03 21:33:36,19.9875,12.00,0.000,0.000,OFF,#4,HOLDING,0.000A/OFF
28321,2026-06-03 21:33:37,19.9875,12.00,0.000,0.000,OFF,#4,HOLDING,0.000A/OFF
28322,2026-06-03 21:33:38,20.0625,12.00,0.000,0.000,OFF,#4,HOLDING,0.000A/OFF
28323,2026-06-03 21:33:39,20.1125,12.00,0.000,0.000,OFF,#4,HOLDING,0.000A/OFF
28324,2026-06-03 21:33:40,20.1125,12.00,0.000,0.000,OFF,#4,HOLDING,0.000A/OFF
28325,2026-06-03 21:33:41,20.1625,12.00,0.000,0.000,OFF,#5,APPROACH,0.000A/OFF
28326,2026-06-03 21:33:42,20.1625,12.00,0.000,0.000,OFF,#5,HOLDING,0.000A/OFF
28327,2026-06-03 21:33:43,20.2125,12.00,0.000,0.000,OFF,#5,HOLDING,0.000A/OFF
28328,2026-06-03 21:33:44,20.2125,12.00,0.000,0.000,OFF,#5,HOLDING,0.000A/OFF
28329,2026-06-03 21:33:45,20.2625,12.00,0.000,0.000,OFF,#5,HOLDING,0.000A/OFF
28330,2026-06-03 21:33:46,20.2625,12.00,0.000,0.000,OFF,#5,HOLDING,0.000A/OFF
28331,2026-06-03 21:33:47,20.3125,12.00,0.000,0.000,OFF,#5,HOLDING,0.000A/OFF
28332,2026-06-03 21:33:48,20.3125,12.00,0.000,0.000,A,#5,HOLDING,0.105A/A
28333,2026-06-03 21:33:50,20.3500,12.00,0.000,0.000,A,#5,HOLDING,0.144A/A
28334,2026-06-03 21:33:52,20.4000,1.40,0.000,0.000,A,#5,HOLDING,0.227A/A
28335,2026-06-03 21:33:54,20.4500,1.40,0.227,0.503,A,#5,HOLDING,0.272A/A
28336,2026-06-03 21:33:56,20.5000,1.40,0.227,0.503,A,#5,HOLDING,0.327A/A
28337,2026-06-03 21:33:58,20.5750,1.40,0.227,0.503,A,#5,HOLDING,0.372A/A
28338,2026-06-03 21:34:00,20.6000,3.39,0.227,0.503,A,#5,HOLDING,0.415A/A
28339,2026-06-03 21:34:01,20.6250,3.39,0.415,1.606,A,#5,HOLDING,0.460A/A
28340,2026-06-03 21:34:04,20.6750,3.39,0.415,1.606,A,#5,HOLDING,0.518A/A
28341,2026-06-03 21:34:05,20.7125,3.39,0.415,1.606,A,#5,HOLDING,0.564A/A
28342,2026-06-03 21:34:07,20.7375,5.02,0.415,1.606,A,#5,HOLDING,0.615A/A
28343,2026-06-03 21:34:09,20.7500,5.02,0.615,3.444,A,#5,HOLDING,0.663A/A
28344,2026-06-03 21:34:11,20.7500,5.02,0.615,3.444,A,#5,HOLDING,0.723A/A
28345,2026-06-03 21:34:13,20.7875,5.02,0.615,3.444,A,#5,HOLDING,0.771A/A
28346,2026-06-03 21:34:15,20.7875,6.74,0.615,3.444,A,#5,HOLDING,0.821A/A
28347,2026-06-03 21:34:17,20.7750,6.74,0.821,6.001,A,#5,HOLDING,0.871A/A
28348,2026-06-03 21:34:19,20.7500,6.74,0.821,6.001,A,#5,HOLDING,0.927A/A
28349,2026-06-03 21:34:21,20.7500,6.74,0.821,6.001,A,#5,HOLDING,0.970A/A
28350,2026-06-03 21:34:23,20.7000,8.29,0.821,6.001,A,#5,HOLDING,1.012A/A
28351,2026-06-03 21:34:25,20.6750,8.29,1.012,8.905,A,#5,HOLDING,1.000A/A
28352,2026-06-03 21:34:27,20.6250,8.29,1.012,8.905,A,#5,HOLDING,1.052A/A
28353,2026-06-03 21:34:28,20.5875,8.29,1.012,8.905,A,#5,HOLDING,1.089A/A
28354,2026-06-03 21:34:30,20.5375,9.25,1.012,8.905,A,#5,HOLDING,1.126A/A
28355,2026-06-03 21:34:32,20.4875,9.25,1.126,10.978,A,#5,HOLDING,1.000A/A
28356,2026-06-03 21:34:35,20.4125,9.25,1.126,10.978,A,#5,HOLDING,1.000A/A
28357,2026-06-03 21:34:36,20.3375,9.25,1.126,10.978,A,#5,HOLDING,1.103A/A
28358,2026-06-03 21:34:38,20.2625,9.45,1.126,10.978,A,#5,HOLDING,1.134A/A
28359,2026-06-03 21:34:40,20.2125,9.45,1.134,11.351,A,#5,HOLDING,1.165A/A
28360,2026-06-03 21:34:42,20.1125,9.45,1.134,11.351,A,#5,HOLDING,1.199A/A
28361,2026-06-03 21:34:44,20.0500,9.45,1.134,11.351,A,#5,HOLDING,1.221A/A
28362,2026-06-03 21:34:46,19.9500,10.52,1.134,11.351,A,#5,HOLDING,1.237A/A
28363,2026-06-03 21:34:48,19.8750,10.52,1.237,13.359,A,#5,HOLDING,1.254A/A
28364,2026-06-03 21:34:50,19.7750,10.52,1.237,13.359,A,#5,HOLDING,1.272A/A
28365,2026-06-03 21:34:52,19.6750,10.52,1.237,13.359,A,#5,HOLDING,1.000A/A
28366,2026-06-03 21:34:53,19.5750,9.11,1.237,13.359,A,#5,HOLDING,1.277A/A
28367,2026-06-03 21:34:55,19.4500,9.11,1.184,14.213,A,#5,HOLDING,1.275A/A
28368,2026-06-03 21:34:58,19.3500,9.11,1.184,14.213,A,#5,HOLDING,1.276A/A
28369,2026-06-03 21:34:59,19.2750,9.11,1.184,14.213,A,#5,HOLDING,1.273A/A
28370,2026-06-03 21:35:01,19.1750,10.98,1.184,14.213,A,#5,HOLDING,1.267A/A
28371,2026-06-03 21:35:03,19.0500,10.98,1.267,14.076,A,#5,HOLDING,1.249A/A
28372,2026-06-03 21:35:05,18.9500,10.98,1.267,14.076,A,#5,HOLDING,1.228A/A
28373,2026-06-03 21:35:07,18.8750,10.98,1.267,14.076,A,#5,HOLDING,1.000A/A
28374,2026-06-03 21:35:09,18.7750,9.22,1.267,14.076,A,#5,HOLDING,1.214A/A
28375,2026-06-03 21:35:11,18.6750,9.22,1.150,13.099,A,#5,HOLDING,1.184A/A
28376,2026-06-03 21:35:13,18.5500,9.22,1.150,13.099,A,#5,HOLDING,1.000A/A
28377,2026-06-03 21:35:15,18.4875,9.22,1.150,13.099,A,#5,HOLDING,1.145A/A
28378,2026-06-03 21:35:17,18.3375,10.20,1.150,13.099,A,#5,HOLDING,1.048A/A
28379,2026-06-03 21:35:18,18.2500,10.20,1.091,10.102,A,#5,HOLDING,1.000A/A
28380,2026-06-03 21:35:21,18.1750,10.20,1.091,10.102,A,#5,HOLDING,0.999A/A
28381,2026-06-03 21:35:22,18.0625,10.20,1.091,10.102,A,#5,HOLDING,0.953A/A
28382,2026-06-03 21:35:24,17.9875,8.89,1.091,10.102,A,#5,HOLDING,0.897A/A
28383,2026-06-03 21:35:26,17.9000,8.89,0.914,7.696,A,#5,HOLDING,0.835A/A
28384,2026-06-03 21:35:28,17.8000,8.89,0.914,7.696,A,#5,HOLDING,0.759A/A
28385,2026-06-03 21:35:30,17.7375,8.89,0.914,7.696,A,#5,HOLDING,0.703A/A
28386,2026-06-03 21:35:32,17.6375,7.09,0.914,7.696,A,#5,HOLDING,0.631A/A
28387,2026-06-03 21:35:34,17.5875,7.09,0.664,4.170,A,#5,HOLDING,0.564A/A
28388,2026-06-03 21:35:36,17.5125,7.09,0.664,4.170,A,#5,HOLDING,0.471A/A
28389,2026-06-03 21:35:38,17.4625,7.09,0.664,4.170,A,#5,HOLDING,0.411A/A
28390,2026-06-03 21:35:40,17.3875,4.75,0.664,4.170,A,#5,HOLDING,0.330A/A
28391,2026-06-03 21:35:41,17.3375,4.75,0.369,1.346,A,#5,HOLDING,0.252A/A
28392,2026-06-03 21:35:44,17.3125,4.75,0.369,1.346,A,#5,HOLDING,0.155A/A
28393,2026-06-03 21:35:45,17.2500,4.75,0.369,1.346,OFF,#5,HOLDING,0.000A/OFF
28394,2026-06-03 21:35:46,17.2000,4.75,0.369,1.346,OFF,#5,HOLDING,0.000A/OFF
28395,2026-06-03 21:35:47,17.2000,12.00,0.369,1.346,OFF,#5,HOLDING,0.000A/OFF
28396,2026-06-03 21:35:48,17.1875,12.00,0.000,1.346,OFF,#5,HOLDING,0.000A/OFF
28397,2026-06-03 21:35:49,17.1875,12.00,0.000,0.000,OFF,#5,HOLDING,0.000A/OFF
28398,2026-06-03 21:35:50,17.1625,12.00,0.000,0.000,B,#5,HOLDING,0.137A/B
28399,2026-06-03 21:35:52,17.1625,12.00,0.000,0.000,B,#5,HOLDING,0.203A/B
28400,2026-06-03 21:35:54,17.1375,1.05,0.000,0.000,B,#5,HOLDING,0.292A/B
28401,2026-06-03 21:35:56,17.1375,1.05,0.245,0.575,B,#5,HOLDING,0.370A/B
28402,2026-06-03 21:35:58,17.1625,1.05,0.245,0.575,B,#5,HOLDING,0.474A/B
28403,2026-06-03 21:36:00,17.1625,1.05,0.245,0.575,B,#5,HOLDING,0.543A/B
28404,2026-06-03 21:36:02,17.1875,4.06,0.245,0.575,B,#5,HOLDING,0.621A/B
28405,2026-06-03 21:36:03,17.2375,4.06,0.579,3.018,B,#5,HOLDING,0.695A/B
28406,2026-06-03 21:36:06,17.3375,4.06,0.579,3.018,B,#5,HOLDING,0.780A/B
28407,2026-06-03 21:36:07,17.3375,4.06,0.579,3.018,B,#5,HOLDING,0.849A/B
28408,2026-06-03 21:36:09,17.4250,6.70,0.579,3.018,B,#5,HOLDING,0.915A/B
28409,2026-06-03 21:36:11,17.5250,6.70,0.878,6.743,B,#5,HOLDING,0.977A/B
28410,2026-06-03 21:36:13,17.7125,6.70,0.878,6.743,B,#5,HOLDING,1.000A/B
28411,2026-06-03 21:36:15,17.7125,6.70,0.878,6.743,B,#5,HOLDING,1.041A/B
28412,2026-06-03 21:36:17,17.8625,8.36,0.878,6.743,B,#5,HOLDING,1.000A/B
28413,2026-06-03 21:36:19,18.0125,8.36,1.018,8.240,B,#5,HOLDING,1.078A/B
28414,2026-06-03 21:36:21,18.3250,8.36,1.018,8.240,B,#5,HOLDING,1.000A/B
28415,2026-06-03 21:36:23,18.3250,8.36,1.018,8.240,B,#5,HOLDING,1.000A/B
28416,2026-06-03 21:36:25,18.4875,8.33,1.018,8.240,B,#5,HOLDING,1.051A/B
28417,2026-06-03 21:36:26,18.6875,8.33,1.023,9.290,B,#5,HOLDING,1.082A/B
28418,2026-06-03 21:36:29,19.0625,8.33,1.023,9.290,B,#5,HOLDING,1.072A/B
28419,2026-06-03 21:36:30,19.0625,8.33,1.023,9.290,B,#5,HOLDING,1.098A/B
28420,2026-06-03 21:36:32,19.2375,9.20,1.023,9.290,B,#5,HOLDING,1.107A/B
28421,2026-06-03 21:36:34,19.4625,9.20,1.107,10.427,OFF,--,DONE,1.110A/B
28422,2026-06-03 21:36:37,19.9000,9.20,1.107,10.427,OFF,--,DONE,--
28423,2026-06-03 21:36:38,19.9000,4.16,0.000,10.427,OFF,--,DONE,--
28424,2026-06-03 21:36:39,20.0875,4.16,0.000,10.427,OFF,--,DONE,--
28425,2026-06-03 21:36:40,20.0875,4.16,0.000,0.000,OFF,--,DONE,--
28426,2026-06-03 21:36:41,20.3375,0.41,0.000,0.000,OFF,--,DONE,--
28427,2026-06-03 21:36:42,20.3375,0.41,0.000,0.000,OFF,--,DONE,--
28428,2026-06-03 21:36:43,20.5625,0.41,0.000,0.000,OFF,--,DONE,--
28429,2026-06-03 21:36:44,20.5625,0.41,0.000,0.000,OFF,--,DONE,--
28430,2026-06-03 21:36:45,20.7875,0.10,0.000,0.000,OFF,--,DONE,--
28431,2026-06-03 21:36:46,20.7875,0.10,0.000,0.000,OFF,--,DONE,--
28432,2026-06-03 21:36:47,20.9875,0.10,0.000,0.000,OFF,--,DONE,--
28433,2026-06-03 21:36:48,21.1875,0.00,0.000,0.000,OFF,--,DONE,--
28434,2026-06-03 21:36:49,21.1875,0.00,0.000,0.000,OFF,--,DONE,--
28435,2026-06-03 21:36:50,21.3625,0.00,0.000,0.000,OFF,--,DONE,--
28436,2026-06-03 21:36:51,21.3625,0.00,0.000,0.000,OFF,--,DONE,--
28437,2026-06-03 21:36:52,21.5375,0.00,0.000,0.000,OFF,--,DONE,--
28438,2026-06-03 21:36:53,21.5375,0.00,0.000,0.000,OFF,--,DONE,--
28439,2026-06-03 21:36:54,21.6875,0.00,0.000,0.000,OFF,--,DONE,--
28440,2026-06-03 21:36:55,21.6875,0.00,0.000,0.000,OFF,--,DONE,--
28441,2026-06-03 21:36:56,21.8875,0.00,0.000,0.000,OFF,--,DONE,--
28442,2026-06-03 21:36:57,21.8875,0.00,0.000,0.000,OFF,--,DONE,--
28443,2026-06-03 21:36:58,21.9875,0.00,0.000,0.000,OFF,--,DONE,--
28444,2026-06-03 21:36:59,21.9875,0.00,0.000,0.000,OFF,--,DONE,--
28445,2026-06-03 21:37:00,22.1125,0.00,0.000,0.000,OFF,--,DONE,--
28446,2026-06-03 21:37:01,22.1125,0.00,0.000,0.000,OFF,--,DONE,--
28447,2026-06-03 21:37:02,22.2375,0.00,0.000,0.000,OFF,--,DONE,--
28448,2026-06-03 21:37:03,22.2375,0.00,0.000,0.000,OFF,--,DONE,--
28449,2026-06-03 21:37:04,22.3375,0.00,0.000,0.000,OFF,--,DONE,--
28450,2026-06-03 21:37:05,22.3375,0.00,0.000,0.000,OFF,--,DONE,--
28451,2026-06-03 21:37:06,22.4500,0.00,0.000,0.000,OFF,--,DONE,--
28452,2026-06-03 21:37:07,22.5250,0.00,0.000,0.000,OFF,--,DONE,--
28453,2026-06-03 21:37:08,22.5250,0.00,0.000,0.000,OFF,--,DONE,--
28454,2026-06-03 21:37:09,22.6125,0.00,0.000,0.000,OFF,--,DONE,--
28455,2026-06-03 21:37:10,22.6125,0.00,0.000,0.000,OFF,--,DONE,--
28456,2026-06-03 21:37:11,22.7125,0.00,0.000,0.000,OFF,--,DONE,--
28457,2026-06-03 21:37:12,22.7125,0.00,0.000,0.000,OFF,--,DONE,--
28458,2026-06-03 21:37:13,22.7625,0.00,0.000,0.000,OFF,--,DONE,--
28459,2026-06-03 21:37:14,22.7625,0.00,0.000,0.000,OFF,--,DONE,--
28460,2026-06-03 21:37:15,22.8375,0.00,0.000,0.000,OFF,--,DONE,--
28461,2026-06-03 21:37:16,22.8375,0.00,0.000,0.000,OFF,--,DONE,--
28462,2026-06-03 21:37:17,22.8750,0.00,0.000,0.000,OFF,--,DONE,--
28463,2026-06-03 21:37:18,22.8750,0.00,0.000,0.000,OFF,--,DONE,--
28464,2026-06-03 21:37:19,22.9250,0.00,0.000,0.000,OFF,--,DONE,--
28465,2026-06-03 21:37:20,22.9250,0.00,0.000,0.000,OFF,--,DONE,--
28466,2026-06-03 21:37:22,23.0000,0.00,0.000,0.000,OFF,--,DONE,--
28467,2026-06-03 21:37:23,23.0000,0.00,0.000,0.000,OFF,--,DONE,--
28468,2026-06-03 21:37:24,23.0250,0.00,0.000,0.000,OFF,--,DONE,--
28469,2026-06-03 21:37:25,23.0250,0.00,0.000,0.000,OFF,--,DONE,--
28470,2026-06-03 21:37:26,23.0750,0.00,0.000,0.000,OFF,--,DONE,--
28471,2026-06-03 21:37:27,23.1250,0.00,0.000,0.000,OFF,--,DONE,--
28472,2026-06-03 21:37:28,23.1250,0.00,0.000,0.000,OFF,--,DONE,--
28473,2026-06-03 21:37:29,23.1625,0.00,0.000,0.000,OFF,--,DONE,--
28474,2026-06-03 21:37:30,23.1625,0.00,0.000,0.000,OFF,--,DONE,--
28475,2026-06-03 21:37:31,23.1875,0.00,0.000,0.000,OFF,--,DONE,--
28476,2026-06-03 21:37:32,23.1875,0.00,0.000,0.000,OFF,--,DONE,--
28477,2026-06-03 21:37:33,23.1875,0.00,0.000,0.000,OFF,--,DONE,--
28478,2026-06-03 21:37:34,23.1875,0.00,0.000,0.000,OFF,--,DONE,--
28479,2026-06-03 21:37:35,23.2375,0.00,0.000,0.000,OFF,--,DONE,--
28480,2026-06-03 21:37:36,23.2375,0.00,0.000,0.000,OFF,--,DONE,--
28481,2026-06-03 21:37:37,23.2625,0.00,0.000,0.000,OFF,--,DONE,--
28482,2026-06-03 21:37:38,23.2625,0.00,0.000,0.000,OFF,--,DONE,--
28483,2026-06-03 21:37:39,23.2875,0.00,0.000,0.000,OFF,--,DONE,--
28484,2026-06-03 21:37:40,23.2875,0.00,0.000,0.000,OFF,--,DONE,--
28485,2026-06-03 21:37:41,23.3125,0.00,0.000,0.000,OFF,--,DONE,--
28486,2026-06-03 21:37:42,23.3125,0.00,0.000,0.000,OFF,--,DONE,--
28487,2026-06-03 21:37:43,23.3125,0.00,0.000,0.000,OFF,--,DONE,--
28488,2026-06-03 21:37:44,23.3250,0.00,0.000,0.000,OFF,--,DONE,--
28489,2026-06-03 21:37:45,23.3250,0.00,0.000,0.000,OFF,--,DONE,--
28490,2026-06-03 21:37:46,23.3250,0.00,0.000,0.000,OFF,--,DONE,--
28491,2026-06-03 21:37:47,23.3250,0.00,0.000,0.000,OFF,--,DONE,--
28492,2026-06-03 21:37:48,23.3500,0.00,0.000,0.000,OFF,--,DONE,--
28493,2026-06-03 21:37:49,23.3500,0.00,0.000,0.000,OFF,--,DONE,--
28494,2026-06-03 21:37:50,23.3750,0.00,0.000,0.000,OFF,--,DONE,--
28495,2026-06-03 21:37:51,23.3750,0.00,0.000,0.000,OFF,--,DONE,--
28496,2026-06-03 21:37:52,23.3750,0.00,0.000,0.000,OFF,--,DONE,--
28497,2026-06-03 21:37:53,23.3750,0.00,0.000,0.000,OFF,--,DONE,--
28498,2026-06-03 21:37:54,23.3500,0.00,0.000,0.000,OFF,--,DONE,--
28499,2026-06-03 21:37:55,23.3500,0.00,0.000,0.000,OFF,--,DONE,--
28500,2026-06-03 21:37:56,23.3625,0.00,0.000,0.000,OFF,--,DONE,--
28501,2026-06-03 21:37:57,23.3625,0.00,0.000,0.000,OFF,--,DONE,--
28502,2026-06-03 21:37:58,23.3625,0.00,0.000,0.000,OFF,--,DONE,--
28503,2026-06-03 21:37:59,23.3750,0.00,0.000,0.000,OFF,--,DONE,--
28504,2026-06-03 21:38:00,23.3750,0.00,0.000,0.000,OFF,--,DONE,--
28505,2026-06-03 21:38:01,23.3750,0.00,0.000,0.000,OFF,--,DONE,--
28506,2026-06-03 21:38:02,23.3750,0.00,0.000,0.000,OFF,--,DONE,--
28507,2026-06-03 21:38:04,23.3750,0.00,0.000,0.000,OFF,--,DONE,--
28508,2026-06-03 21:38:05,23.3750,0.00,0.000,0.000,OFF,--,DONE,--
28509,2026-06-03 21:38:06,23.3750,0.00,0.000,0.000,OFF,--,DONE,--
28510,2026-06-03 21:38:07,23.3750,0.00,0.000,0.000,OFF,--,DONE,--
28511,2026-06-03 21:38:08,23.3750,0.00,0.000,0.000,OFF,--,DONE,--
28512,2026-06-03 21:38:09,23.3750,0.00,0.000,0.000,OFF,--,DONE,--
28513,2026-06-03 21:38:10,23.3500,0.00,0.000,0.000,OFF,--,DONE,--
28514,2026-06-03 21:38:11,23.3500,0.00,0.000,0.000,OFF,--,DONE,--
28515,2026-06-03 21:38:12,23.3250,0.00,0.000,0.000,OFF,--,DONE,--
28516,2026-06-03 21:38:13,23.3250,0.00,0.000,0.000,OFF,--,DONE,--
28517,2026-06-03 21:38:14,23.3250,0.00,0.000,0.000,OFF,--,DONE,--
28518,2026-06-03 21:38:15,23.3625,0.00,0.000,0.000,OFF,--,DONE,--
28519,2026-06-03 21:38:16,23.3625,0.00,0.000,0.000,OFF,--,DONE,--
28520,2026-06-03 21:38:17,23.3125,0.00,0.000,0.000,OFF,--,DONE,--
28521,2026-06-03 21:38:18,23.3125,0.00,0.000,0.000,OFF,--,DONE,--
28522,2026-06-03 21:38:19,23.3125,0.00,0.000,0.000,OFF,--,DONE,--
28523,2026-06-03 21:38:20,23.3125,0.00,0.000,0.000,OFF,--,DONE,--
28524,2026-06-03 21:38:21,23.3125,0.00,0.000,0.000,OFF,--,DONE,--
28525,2026-06-03 21:38:22,23.3125,0.00,0.000,0.000,OFF,--,DONE,--
28526,2026-06-03 21:38:23,23.3125,0.00,0.000,0.000,OFF,--,DONE,--
28527,2026-06-03 21:38:24,23.3125,0.00,0.000,0.000,OFF,--,DONE,--
28528,2026-06-03 21:38:25,23.3125,0.00,0.000,0.000,OFF,--,DONE,--
28529,2026-06-03 21:38:26,23.3125,0.00,0.000,0.000,OFF,--,DONE,--
28530,2026-06-03 21:38:27,23.3125,0.00,0.000,0.000,OFF,--,DONE,--
28531,2026-06-03 21:38:28,23.2625,0.00,0.000,0.000,OFF,--,DONE,--
28532,2026-06-03 21:38:29,23.2625,0.00,0.000,0.000,OFF,--,DONE,--
28533,2026-06-03 21:38:30,23.3000,0.00,0.000,0.000,OFF,--,DONE,--
28534,2026-06-03 21:38:31,23.3000,0.00,0.000,0.000,OFF,--,DONE,--
28535,2026-06-03 21:38:32,23.2750,0.00,0.000,0.000,OFF,--,DONE,--
28536,2026-06-03 21:38:33,23.2750,0.00,0.000,0.000,OFF,--,DONE,--
28537,2026-06-03 21:38:34,23.2500,0.00,0.000,0.000,OFF,--,DONE,--
28538,2026-06-03 21:38:35,23.2500,0.00,0.000,0.000,OFF,--,DONE,--
28539,2026-06-03 21:38:36,23.2500,0.00,0.000,0.000,OFF,--,DONE,--
28540,2026-06-03 21:38:37,23.2500,0.00,0.000,0.000,OFF,--,DONE,--
28541,2026-06-03 21:38:38,23.2500,0.00,0.000,0.000,OFF,--,DONE,--
28542,2026-06-03 21:38:39,23.2500,0.00,0.000,0.000,A,#1,APPROACH,3.000A/A
28543,2026-06-03 21:38:41,23.2250,0.00,0.000,0.000,A,#1,APPROACH,2.000A/A
28544,2026-06-03 21:38:44,23.2000,0.00,0.000,0.000,A,#1,APPROACH,2.500A/A
28545,2026-06-03 21:38:46,23.2000,0.00,0.000,0.000,A,#1,APPROACH,2.000A/A
28546,2026-06-03 21:38:47,23.2000,12.00,1.537,0.000,A,#1,APPROACH,2.000A/A
28547,2026-06-03 21:38:49,23.2000,12.00,1.537,18.228,A,#1,APPROACH,1.500A/A
28548,2026-06-03 21:38:51,23.1875,12.00,1.537,18.228,A,#1,APPROACH,1.400A/A
28549,2026-06-03 21:38:52,23.1375,12.00,1.537,18.228,A,#1,APPROACH,1.609A/A
28550,2026-06-03 21:38:54,23.0500,12.00,1.537,18.228,A,#1,APPROACH,2.000A/A
28551,2026-06-03 21:38:56,22.9000,12.00,1.491,17.700,A,#1,APPROACH,2.026A/A
28552,2026-06-03 21:38:58,22.8375,12.00,1.491,17.700,A,#1,APPROACH,2.866A/A
28553,2026-06-03 21:39:00,22.7125,12.00,1.491,17.700,A,#1,APPROACH,2.500A/A
28554,2026-06-03 21:39:02,22.6125,12.00,1.491,17.700,A,#1,APPROACH,1.000A/A
28555,2026-06-03 21:39:04,22.4875,12.00,1.228,9.000,A,#1,APPROACH,2.000A/A
28556,2026-06-03 21:39:06,22.3250,12.00,1.228,9.000,A,#1,APPROACH,1.000A/A
28557,2026-06-03 21:39:08,22.1750,12.00,1.228,9.000,A,#1,APPROACH,1.000A/A
28558,2026-06-03 21:39:10,22.0750,8.99,1.228,9.000,A,#1,APPROACH,2.500A/A
28559,2026-06-03 21:39:11,21.9000,8.99,1.372,17.124,A,#1,APPROACH,2.500A/A
28560,2026-06-03 21:39:14,21.7750,8.99,1.372,17.124,A,#1,APPROACH,2.500A/A
28561,2026-06-03 21:39:15,21.6250,8.99,1.372,17.124,A,#1,APPROACH,3.000A/A
28562,2026-06-03 21:39:17,21.4875,12.00,1.372,17.124,A,#1,APPROACH,3.000A/A
28563,2026-06-03 21:39:19,21.3125,12.00,1.419,16.872,A,#1,APPROACH,2.500A/A
28564,2026-06-03 21:39:21,21.1750,12.00,1.419,16.872,A,#1,APPROACH,1.500A/A
28565,2026-06-03 21:39:23,21.0250,12.00,1.419,16.872,A,#1,APPROACH,1.500A/A
28566,2026-06-03 21:39:25,20.8875,12.00,1.419,16.872,A,#1,APPROACH,2.500A/A
28567,2026-06-03 21:39:27,20.7375,12.00,1.403,16.704,A,#1,APPROACH,2.500A/A
28568,2026-06-03 21:39:29,20.6000,12.00,1.403,16.704,A,#1,APPROACH,1.000A/A
28569,2026-06-03 21:39:31,20.4250,12.00,1.403,16.704,A,#1,APPROACH,3.000A/A
28570,2026-06-03 21:39:33,20.2750,12.00,1.403,16.704,A,#1,APPROACH,2.000A/A
28571,2026-06-03 21:39:35,20.1250,12.00,1.391,16.584,A,#1,APPROACH,2.500A/A
28572,2026-06-03 21:39:37,20.0125,12.00,1.391,16.584,A,#1,APPROACH,2.000A/A
28573,2026-06-03 21:39:38,19.8375,12.00,1.391,16.584,A,#1,APPROACH,1.000A/A
28574,2026-06-03 21:39:40,19.6750,9.34,1.391,16.584,A,#1,APPROACH,2.621A/A
28575,2026-06-03 21:39:42,19.5500,9.34,1.250,16.524,A,#1,APPROACH,2.032A/A
28576,2026-06-03 21:39:45,19.3875,9.34,1.250,16.524,A,#1,APPROACH,1.500A/A
28577,2026-06-03 21:39:46,19.2375,9.34,1.250,16.524,A,#1,APPROACH,1.918A/A
28578,2026-06-03 21:39:48,19.1125,12.00,1.250,16.524,A,#1,APPROACH,1.500A/A
28579,2026-06-03 21:39:50,18.9875,12.00,1.385,16.488,A,#1,APPROACH,1.500A/A
28580,2026-06-03 21:39:52,18.8375,12.00,1.385,16.488,A,#1,APPROACH,1.500A/A
28581,2026-06-03 21:39:54,18.7125,12.00,1.385,16.488,A,#1,APPROACH,1.718A/A
28582,2026-06-03 21:39:56,18.6000,12.00,1.385,16.488,A,#1,APPROACH,1.000A/A
28583,2026-06-03 21:39:58,18.4750,12.00,1.162,9.480,A,#1,APPROACH,1.500A/A
28584,2026-06-03 21:40:00,18.3625,12.00,1.162,9.480,A,#1,APPROACH,1.500A/A
28585,2026-06-03 21:40:02,18.2375,12.00,1.162,9.480,A,#1,APPROACH,1.000A/A
28586,2026-06-03 21:40:03,18.1375,9.19,1.162,9.480,A,#1,APPROACH,1.500A/A
28587,2026-06-03 21:40:05,17.9875,9.19,1.361,16.536,A,#1,APPROACH,1.500A/A
28588,2026-06-03 21:40:08,17.9250,9.19,1.361,16.536,A,#1,APPROACH,1.723A/A
28589,2026-06-03 21:40:09,17.8000,9.19,1.361,16.536,A,#1,APPROACH,1.773A/A
28590,2026-06-03 21:40:11,17.7125,12.00,1.361,16.536,A,#1,APPROACH,1.000A/A
28591,2026-06-03 21:40:13,17.5875,12.00,1.115,9.350,A,#1,APPROACH,1.500A/A
28592,2026-06-03 21:40:15,17.5250,12.00,1.115,9.350,A,#1,APPROACH,1.500A/A
28593,2026-06-03 21:40:17,17.4250,12.00,1.115,9.350,A,#1,APPROACH,1.750A/A
28594,2026-06-03 21:40:19,17.3250,12.00,1.115,9.350,A,#1,APPROACH,1.800A/A
28595,2026-06-03 21:40:21,17.2250,12.00,1.383,16.500,A,#1,HOLDING,1.784A/A
28596,2026-06-03 21:40:23,17.1500,12.00,1.383,16.500,OFF,#1,HOLDING,0.000A/OFF
28597,2026-06-03 21:40:24,17.0750,12.00,1.383,16.500,OFF,#1,HOLDING,0.105A/A
28598,2026-06-03 21:40:26,17.0125,12.00,1.383,16.500,A,#1,HOLDING,0.165A/A
28599,2026-06-03 21:40:27,17.0125,8.83,0.165,16.500,A,#1,HOLDING,0.167A/A
28600,2026-06-03 21:40:29,16.8875,8.83,0.165,0.430,A,#1,HOLDING,0.143A/A
28601,2026-06-03 21:40:31,16.8125,8.83,0.165,0.430,A,#1,HOLDING,0.167A/A
28602,2026-06-03 21:40:33,16.7625,8.83,0.165,0.430,A,#1,HOLDING,0.191A/A
28603,2026-06-03 21:40:34,16.6875,2.58,0.165,0.430,A,#1,HOLDING,0.201A/A
28604,2026-06-03 21:40:36,16.6875,2.58,0.201,0.534,A,#1,HOLDING,0.235A/A
28605,2026-06-03 21:40:39,16.6750,2.58,0.201,0.534,A,#1,HOLDING,0.270A/A
28606,2026-06-03 21:40:40,16.6250,2.58,0.201,0.534,A,#1,HOLDING,0.257A/A
28607,2026-06-03 21:40:42,16.6250,2.96,0.201,0.534,A,#1,HOLDING,0.257A/A
28608,2026-06-03 21:40:44,16.6750,2.96,0.257,0.771,A,#1,HOLDING,0.302A/A
28609,2026-06-03 21:40:46,16.6625,2.96,0.257,0.771,A,#1,HOLDING,0.293A/A
28610,2026-06-03 21:40:48,16.6875,2.96,0.257,0.771,A,#1,HOLDING,0.310A/A
28611,2026-06-03 21:40:50,16.7250,3.31,0.257,0.771,A,#1,HOLDING,0.328A/A
28612,2026-06-03 21:40:52,16.7500,3.31,0.328,1.167,A,#1,HOLDING,0.359A/A
28613,2026-06-03 21:40:54,16.7875,3.31,0.328,1.167,A,#1,HOLDING,0.411A/A
28614,2026-06-03 21:40:56,16.8125,3.31,0.328,1.167,A,#1,HOLDING,0.470A/A
28615,2026-06-03 21:40:57,16.8750,4.56,0.328,1.167,A,#1,HOLDING,0.476A/A
28616,2026-06-03 21:40:59,16.9000,4.56,0.476,2.256,A,#1,HOLDING,0.451A/A
28617,2026-06-03 21:41:02,16.9375,4.56,0.476,2.256,A,#1,HOLDING,0.498A/A
28618,2026-06-03 21:41:03,16.9875,4.56,0.476,2.256,A,#1,HOLDING,0.526A/A
28619,2026-06-03 21:41:05,17.0000,5.02,0.476,2.256,A,#1,HOLDING,0.513A/A
28620,2026-06-03 21:41:07,17.0500,5.02,0.513,2.595,A,#1,HOLDING,0.536A/A
28621,2026-06-03 21:41:09,17.0625,5.02,0.513,2.595,A,#1,HOLDING,0.576A/A
28622,2026-06-03 21:41:11,17.1125,5.02,0.513,2.595,A,#1,HOLDING,0.598A/A
28623,2026-06-03 21:41:13,17.1250,5.62,0.513,2.595,A,#1,HOLDING,0.618A/A
28624,2026-06-03 21:41:15,17.1750,5.62,0.618,3.683,A,#1,HOLDING,0.649A/A
28625,2026-06-03 21:41:17,17.2000,5.62,0.618,3.683,A,#1,HOLDING,0.689A/A
28626,2026-06-03 21:41:19,17.2500,5.62,0.618,3.683,A,#1,HOLDING,0.719A/A
28627,2026-06-03 21:41:20,17.2625,6.65,0.618,3.683,A,#1,HOLDING,0.752A/A
28628,2026-06-03 21:41:22,17.2875,6.65,0.752,5.301,A,#2,APPROACH,0.785A/A
28629,2026-06-03 21:41:25,17.3125,6.65,0.752,5.301,B,#2,APPROACH,0.105A/B
28630,2026-06-03 21:41:27,17.3125,6.65,0.752,5.301,B,#2,APPROACH,0.147A/B
28631,2026-06-03 21:41:29,17.3375,6.65,0.752,5.301,B,#2,APPROACH,0.199A/B
28632,2026-06-03 21:41:31,17.3125,7.10,0.199,5.301,B,#2,APPROACH,0.270A/B
28633,2026-06-03 21:41:33,17.3500,7.10,0.199,0.548,B,#2,APPROACH,0.323A/B
28634,2026-06-03 21:41:35,17.3750,7.10,0.199,0.548,B,#2,APPROACH,0.366A/B
28635,2026-06-03 21:41:36,17.4125,7.10,0.199,0.548,B,#2,APPROACH,0.405A/B
28636,2026-06-03 21:41:38,17.4875,3.17,0.199,0.548,B,#2,APPROACH,0.453A/B
28637,2026-06-03 21:41:40,17.5625,3.17,0.453,1.676,B,#2,APPROACH,0.489A/B
28638,2026-06-03 21:41:42,17.6125,3.17,0.453,1.676,B,#2,APPROACH,0.545A/B
28639,2026-06-03 21:41:44,17.7000,3.17,0.453,1.676,B,#2,APPROACH,0.575A/B
28640,2026-06-03 21:41:46,17.8250,4.70,0.453,1.676,B,#2,APPROACH,0.604A/B
28641,2026-06-03 21:41:48,17.9125,4.70,0.587,3.080,B,#2,HOLDING,0.582A/B
28642,2026-06-03 21:41:50,18.0125,4.70,0.587,3.080,OFF,#2,HOLDING,0.000A/OFF
28643,2026-06-03 21:41:51,18.1125,4.70,0.587,3.080,OFF,#2,HOLDING,0.000A/OFF
28644,2026-06-03 21:41:52,18.1125,4.70,0.587,3.080,OFF,#2,HOLDING,0.000A/OFF
28645,2026-06-03 21:41:53,18.2875,4.70,0.587,3.080,OFF,#2,HOLDING,0.000A/OFF
28646,2026-06-03 21:41:54,18.2875,12.00,0.000,3.080,OFF,#2,HOLDING,0.000A/OFF
28647,2026-06-03 21:41:55,18.4125,12.00,0.000,3.080,OFF,#2,HOLDING,0.000A/OFF
28648,2026-06-03 21:41:56,18.4125,12.00,0.000,0.000,OFF,#2,HOLDING,0.000A/OFF
28649,2026-06-03 21:41:57,18.5125,12.00,0.000,0.000,OFF,#2,HOLDING,0.000A/OFF
28650,2026-06-03 21:41:58,18.5125,12.00,0.000,0.000,B,#2,HOLDING,0.117A/B
28651,2026-06-03 21:42:00,18.6375,1.19,0.000,0.000,B,#2,HOLDING,0.117A/B
28652,2026-06-03 21:42:02,18.7875,1.19,0.117,0.145,B,#2,HOLDING,0.124A/B
28653,2026-06-03 21:42:04,19.0125,1.19,0.117,0.145,B,#2,HOLDING,0.103A/B
28654,2026-06-03 21:42:06,19.0125,1.19,0.117,0.145,B,#2,HOLDING,0.110A/B
28655,2026-06-03 21:42:08,19.1375,1.20,0.117,0.145,B,#2,HOLDING,0.103A/B
28656,2026-06-03 21:42:09,19.2625,1.20,0.103,0.145,OFF,#2,HOLDING,0.000A/OFF
28657,2026-06-03 21:42:10,19.3500,1.20,0.103,0.119,OFF,#2,HOLDING,0.000A/OFF
28658,2026-06-03 21:42:11,19.3500,1.20,0.103,0.119,OFF,#2,HOLDING,0.000A/OFF
28659,2026-06-03 21:42:12,19.4750,1.20,0.103,0.119,OFF,#2,HOLDING,0.000A/OFF
28660,2026-06-03 21:42:13,19.4750,1.20,0.103,0.119,OFF,#2,HOLDING,0.000A/OFF
28661,2026-06-03 21:42:14,19.5500,1.20,0.103,0.119,OFF,#2,HOLDING,0.000A/OFF
28662,2026-06-03 21:42:15,19.5500,12.00,0.103,0.119,OFF,#2,HOLDING,0.000A/OFF
28663,2026-06-03 21:42:16,19.6750,12.00,0.000,0.119,OFF,#2,HOLDING,0.000A/OFF
28664,2026-06-03 21:42:18,19.6750,12.00,0.000,0.000,OFF,#2,HOLDING,0.000A/OFF
28665,2026-06-03 21:42:19,19.7875,12.00,0.000,0.000,OFF,#2,HOLDING,0.000A/OFF
28666,2026-06-03 21:42:20,19.8625,12.00,0.000,0.000,OFF,#2,HOLDING,0.000A/OFF
28667,2026-06-03 21:42:21,19.8625,12.00,0.000,0.000,OFF,#2,HOLDING,0.000A/OFF
28668,2026-06-03 21:42:22,19.9750,12.00,0.000,0.000,A,#2,HOLDING,0.148A/A
28669,2026-06-03 21:42:23,19.9750,12.00,0.000,0.192,A,#2,HOLDING,0.167A/A
28670,2026-06-03 21:42:25,20.1625,12.00,0.000,0.192,A,#2,HOLDING,0.252A/A
28671,2026-06-03 21:42:27,20.1625,12.00,0.000,0.192,A,#2,HOLDING,0.272A/A
28672,2026-06-03 21:42:29,20.2125,2.41,0.000,0.192,A,#2,HOLDING,0.328A/A
28673,2026-06-03 21:42:31,20.2875,2.41,0.328,0.997,A,#2,HOLDING,0.376A/A
28674,2026-06-03 21:42:33,20.4125,2.41,0.328,0.997,A,#2,HOLDING,0.464A/A
28675,2026-06-03 21:42:35,20.4125,2.41,0.328,0.997,A,#2,HOLDING,0.508A/A
28676,2026-06-03 21:42:37,20.4875,4.44,0.328,0.997,A,#2,HOLDING,0.570A/A
28677,2026-06-03 21:42:38,20.5000,4.44,0.570,2.901,A,#2,HOLDING,0.621A/A
28678,2026-06-03 21:42:41,20.6000,4.44,0.570,2.901,A,#2,HOLDING,0.715A/A
28679,2026-06-03 21:42:42,20.6000,4.44,0.570,2.901,A,#2,HOLDING,0.762A/A
28680,2026-06-03 21:42:44,20.6250,6.55,0.570,2.901,A,#2,HOLDING,0.828A/A
28681,2026-06-03 21:42:46,20.6250,6.55,0.828,5.986,A,#2,HOLDING,0.884A/A
28682,2026-06-03 21:42:48,20.6375,6.55,0.828,5.986,A,#2,HOLDING,0.968A/A
28683,2026-06-03 21:42:50,20.6375,6.55,0.828,5.986,A,#2,HOLDING,1.021A/A
28684,2026-06-03 21:42:52,20.6625,8.50,0.828,5.986,A,#2,HOLDING,1.091A/A
28685,2026-06-03 21:42:54,20.6250,8.50,1.091,10.069,A,#2,HOLDING,1.148A/A
28686,2026-06-03 21:42:56,20.5625,8.50,1.091,10.069,A,#2,HOLDING,1.000A/A
28687,2026-06-03 21:42:58,20.5625,8.50,1.091,10.069,A,#2,HOLDING,1.217A/A
28688,2026-06-03 21:43:00,20.5375,9.99,1.091,10.069,A,#2,HOLDING,1.279A/A
28689,2026-06-03 21:43:02,20.4625,9.99,1.268,13.710,A,#2,HOLDING,1.330A/A
28690,2026-06-03 21:43:04,20.3875,9.99,1.268,13.710,A,#2,HOLDING,1.391A/A
28691,2026-06-03 21:43:06,20.3875,9.99,1.268,13.710,A,#2,HOLDING,1.441A/A
28692,2026-06-03 21:43:07,20.3125,11.63,1.268,13.710,A,#2,HOLDING,1.490A/A
28693,2026-06-03 21:43:09,20.1875,11.63,1.464,17.412,A,#2,HOLDING,1.525A/A
28694,2026-06-03 21:43:12,20.0500,11.63,1.464,17.412,A,#2,HOLDING,1.562A/A
28695,2026-06-03 21:43:13,20.0500,11.63,1.464,17.412,A,#2,HOLDING,1.606A/A
28696,2026-06-03 21:43:15,19.9750,12.00,1.464,17.412,A,#2,HOLDING,1.000A/A
28697,2026-06-03 21:43:17,19.8625,12.00,1.055,9.000,A,#2,HOLDING,1.500A/A
28698,2026-06-03 21:43:19,19.6750,12.00,1.055,9.000,A,#2,HOLDING,1.580A/A
28699,2026-06-03 21:43:21,19.6750,12.00,1.055,9.000,A,#2,HOLDING,1.612A/A
28700,2026-06-03 21:43:23,19.5500,12.00,1.055,9.000,A,#2,HOLDING,1.635A/A
28701,2026-06-03 21:43:25,19.4250,12.00,1.433,17.052,A,#2,HOLDING,1.657A/A
28702,2026-06-03 21:43:27,19.3250,12.00,1.433,17.052,A,#2,HOLDING,1.670A/A
28703,2026-06-03 21:43:29,19.2000,12.00,1.433,17.052,A,#2,HOLDING,1.678A/A
28704,2026-06-03 21:43:30,19.0750,12.00,1.433,17.052,A,#2,HOLDING,1.685A/A
28705,2026-06-03 21:43:32,18.9625,12.00,1.417,16.800,A,#2,HOLDING,1.684A/A
28706,2026-06-03 21:43:35,18.8625,12.00,1.417,16.800,A,#2,HOLDING,1.500A/A
28707,2026-06-03 21:43:36,18.7625,12.00,1.417,16.800,A,#2,HOLDING,1.500A/A
28708,2026-06-03 21:43:38,18.6625,12.00,1.417,16.800,A,#2,HOLDING,1.690A/A
28709,2026-06-03 21:43:40,18.4875,12.00,1.397,16.608,A,#2,HOLDING,1.000A/A
28710,2026-06-03 21:43:42,18.3875,12.00,1.397,16.608,A,#3,APPROACH,1.668A/A
28711,2026-06-03 21:43:44,18.2750,12.00,1.397,16.608,OFF,#3,APPROACH,0.000A/OFF
28712,2026-06-03 21:43:45,18.1750,12.00,1.397,16.608,OFF,#3,APPROACH,0.119A/B
28713,2026-06-03 21:43:47,18.0500,12.00,1.397,16.608,B,#3,APPROACH,0.186A/B
28714,2026-06-03 21:43:49,17.9500,12.00,0.000,0.119,B,#3,APPROACH,0.260A/B
28715,2026-06-03 21:43:52,17.8375,12.00,0.000,0.119,B,#3,APPROACH,0.330A/B
28716,2026-06-03 21:43:53,17.7625,12.00,0.000,0.119,B,#3,APPROACH,0.386A/B
28717,2026-06-03 21:43:55,17.7375,2.53,0.000,0.119,B,#3,APPROACH,0.442A/B
28718,2026-06-03 21:43:57,17.6875,2.53,0.412,1.396,B,#3,APPROACH,0.504A/B
28719,2026-06-03 21:43:59,17.6875,2.53,0.412,1.396,B,#3,APPROACH,0.577A/B
28720,2026-06-03 21:44:01,17.6625,2.53,0.412,1.396,B,#3,APPROACH,0.633A/B
28721,2026-06-03 21:44:03,17.6875,4.78,0.412,1.396,B,#3,APPROACH,0.688A/B
28722,2026-06-03 21:44:05,17.7125,4.78,0.688,3.742,B,#3,APPROACH,0.746A/B
28723,2026-06-03 21:44:07,17.7625,4.78,0.688,3.742,B,#3,APPROACH,0.814A/B
28724,2026-06-03 21:44:09,17.8125,4.78,0.688,3.742,B,#3,APPROACH,0.859A/B
28725,2026-06-03 21:44:11,17.8875,6.81,0.688,3.742,B,#3,APPROACH,0.907A/B
28726,2026-06-03 21:44:12,17.9875,6.81,0.880,6.621,B,#3,APPROACH,0.948A/B
28727,2026-06-03 21:44:15,18.1000,6.81,0.880,6.621,B,#3,APPROACH,1.001A/B
28728,2026-06-03 21:44:16,18.2000,6.81,0.880,6.621,B,#3,APPROACH,1.030A/B
28729,2026-06-03 21:44:18,18.3375,8.24,0.880,6.621,B,#3,APPROACH,1.060A/B
28730,2026-06-03 21:44:20,18.4875,8.24,1.042,9.137,B,#3,HOLDING,1.035A/B
28731,2026-06-03 21:44:22,18.6375,8.24,1.042,9.137,OFF,#3,HOLDING,0.000A/OFF
28732,2026-06-03 21:44:23,18.8125,8.24,1.042,9.137,OFF,#3,HOLDING,0.000A/OFF
28733,2026-06-03 21:44:24,18.8125,8.24,1.042,9.137,OFF,#3,HOLDING,0.000A/OFF
28734,2026-06-03 21:44:25,18.9750,8.24,1.042,9.137,OFF,#3,HOLDING,0.000A/OFF
28735,2026-06-03 21:44:26,18.9750,12.00,0.000,9.137,OFF,#3,HOLDING,0.000A/OFF
28736,2026-06-03 21:44:28,19.1250,12.00,0.000,9.137,OFF,#3,HOLDING,0.000A/OFF
28737,2026-06-03 21:44:29,19.1250,12.00,0.000,0.000,OFF,#3,HOLDING,0.000A/OFF
28738,2026-06-03 21:44:30,19.3000,12.00,0.000,0.000,OFF,#3,HOLDING,0.000A/OFF
28739,2026-06-03 21:44:31,19.5000,12.00,0.000,0.000,OFF,#3,HOLDING,0.000A/OFF
28740,2026-06-03 21:44:32,19.5000,12.00,0.000,0.000,OFF,#3,HOLDING,0.000A/OFF
28741,2026-06-03 21:44:33,19.5000,12.00,0.000,0.000,OFF,#3,HOLDING,0.000A/OFF
28742,2026-06-03 21:44:34,19.6750,12.00,0.000,0.000,OFF,#3,HOLDING,0.000A/OFF
28743,2026-06-03 21:44:35,19.8750,12.00,0.000,0.000,OFF,#3,HOLDING,0.000A/OFF
28744,2026-06-03 21:44:36,19.8750,12.00,0.000,0.000,OFF,#3,HOLDING,0.000A/OFF
28745,2026-06-03 21:44:37,19.9875,12.00,0.000,0.000,OFF,#3,HOLDING,0.000A/OFF
28746,2026-06-03 21:44:38,19.9875,12.00,0.000,0.000,OFF,#3,HOLDING,0.000A/OFF
28747,2026-06-03 21:44:39,20.1375,12.00,0.000,0.000,OFF,#3,HOLDING,0.000A/OFF
28748,2026-06-03 21:44:40,20.1375,12.00,0.000,0.000,OFF,#3,HOLDING,0.000A/OFF
28749,2026-06-03 21:44:41,20.3000,12.00,0.000,0.000,OFF,#3,HOLDING,0.000A/OFF
28750,2026-06-03 21:44:42,20.3000,12.00,0.000,0.000,OFF,#3,HOLDING,0.000A/OFF
28751,2026-06-03 21:44:43,20.4250,12.00,0.000,0.000,A,#3,HOLDING,0.154A/A
28752,2026-06-03 21:44:44,20.5500,12.00,0.000,0.000,A,#3,HOLDING,0.182A/A
28753,2026-06-03 21:44:46,20.5500,1.63,0.000,0.000,A,#3,HOLDING,0.218A/A
28754,2026-06-03 21:44:48,20.6500,1.63,0.218,0.451,A,#3,HOLDING,0.257A/A
28755,2026-06-03 21:44:50,20.8875,1.63,0.218,0.451,A,#3,HOLDING,0.344A/A
28756,2026-06-03 21:44:52,20.8875,1.63,0.218,0.451,A,#3,HOLDING,0.392A/A
28757,2026-06-03 21:44:53,20.9875,3.57,0.218,0.451,A,#3,HOLDING,0.456A/A
28758,2026-06-03 21:44:55,21.1125,3.57,0.439,1.919,A,#3,HOLDING,0.520A/A
28759,2026-06-03 21:44:58,21.2125,3.57,0.439,1.919,A,#3,HOLDING,0.619A/A
28760,2026-06-03 21:44:59,21.2125,3.57,0.439,1.919,A,#3,HOLDING,0.667A/A
28761,2026-06-03 21:45:01,21.2875,5.89,0.439,1.919,A,#3,HOLDING,0.736A/A
28762,2026-06-03 21:45:03,21.3375,5.89,0.716,4.820,A,#3,HOLDING,0.807A/A
28763,2026-06-03 21:45:05,21.4000,5.89,0.716,4.820,A,#3,HOLDING,0.910A/A
28764,2026-06-03 21:45:07,21.4000,5.89,0.716,4.820,A,#3,HOLDING,0.966A/A
28765,2026-06-03 21:45:09,21.4375,8.15,0.716,4.820,A,#3,HOLDING,1.000A/A
28766,2026-06-03 21:45:11,21.4625,8.15,1.000,8.550,A,#3,HOLDING,1.000A/A
28767,2026-06-03 21:45:13,21.4375,8.15,1.000,8.550,A,#3,HOLDING,1.039A/A
28768,2026-06-03 21:45:15,21.4375,8.15,1.000,8.550,A,#3,HOLDING,1.099A/A
28769,2026-06-03 21:45:17,21.4375,9.16,1.000,8.550,A,#3,HOLDING,1.172A/A
28770,2026-06-03 21:45:18,21.4125,9.16,1.158,11.626,A,#3,HOLDING,1.245A/A
28771,2026-06-03 21:45:21,21.3125,9.16,1.158,11.626,A,#3,HOLDING,1.323A/A
28772,2026-06-03 21:45:22,21.3125,9.16,1.158,11.626,A,#3,HOLDING,1.384A/A
28773,2026-06-03 21:45:24,21.2375,11.19,1.158,11.626,A,#3,HOLDING,1.443A/A
28774,2026-06-03 21:45:26,21.1625,11.19,1.432,17.214,A,#3,HOLDING,1.506A/A
28775,2026-06-03 21:45:28,21.0125,11.19,1.432,17.214,A,#3,HOLDING,1.500A/A
28776,2026-06-03 21:45:30,21.0125,11.19,1.432,17.214,A,#3,HOLDING,1.500A/A
28777,2026-06-03 21:45:32,20.9250,12.00,1.432,17.214,A,#3,HOLDING,1.565A/A
28778,2026-06-03 21:45:34,20.8250,12.00,1.442,17.148,A,#3,HOLDING,1.000A/A
28779,2026-06-03 21:45:36,20.6125,12.00,1.442,17.148,A,#3,HOLDING,1.587A/A
28780,2026-06-03 21:45:38,20.6125,12.00,1.442,17.148,A,#3,HOLDING,1.635A/A
28781,2026-06-03 21:45:40,20.5250,12.00,1.442,17.148,A,#3,HOLDING,1.674A/A
28782,2026-06-03 21:45:41,20.4000,12.00,1.427,16.992,A,#3,HOLDING,1.500A/A
28783,2026-06-03 21:45:44,20.1750,12.00,1.427,16.992,A,#3,HOLDING,1.642A/A
28784,2026-06-03 21:45:45,20.1750,12.00,1.427,16.992,A,#3,HOLDING,1.676A/A
28785,2026-06-03 21:45:47,20.0500,12.00,1.427,16.992,A,#3,HOLDING,1.700A/A
28786,2026-06-03 21:45:49,19.9250,12.00,1.408,16.764,A,#3,HOLDING,1.500A/A
28787,2026-06-03 21:45:51,19.6750,12.00,1.408,16.764,A,#3,HOLDING,1.707A/A
28788,2026-06-03 21:45:53,19.6750,12.00,1.408,16.764,A,#3,HOLDING,1.727A/A
28789,2026-06-03 21:45:55,19.5250,12.00,1.408,16.764,A,#3,HOLDING,1.730A/A
28790,2026-06-03 21:45:57,19.4250,12.00,1.399,16.668,A,#3,HOLDING,1.500A/A
28791,2026-06-03 21:45:59,19.1750,12.00,1.399,16.668,A,#3,HOLDING,1.721A/A
28792,2026-06-03 21:46:01,19.1750,12.00,1.399,16.668,A,#3,HOLDING,1.728A/A
28793,2026-06-03 21:46:03,19.0500,12.00,1.399,16.668,A,#3,HOLDING,1.500A/A
28794,2026-06-03 21:46:04,18.9000,12.00,1.391,16.572,A,#3,HOLDING,1.716A/A
28795,2026-06-03 21:46:07,18.7750,12.00,1.391,16.572,A,#3,HOLDING,1.676A/A
28796,2026-06-03 21:46:08,18.6750,12.00,1.391,16.572,A,#3,HOLDING,1.500A/A
28797,2026-06-03 21:46:10,18.5250,12.00,1.391,16.572,A,#3,HOLDING,1.500A/A
28798,2026-06-03 21:46:12,18.4000,12.00,1.386,16.524,A,#3,HOLDING,1.599A/A
28799,2026-06-03 21:46:15,18.3000,12.00,1.386,16.524,A,#3,HOLDING,1.544A/A
28800,2026-06-03 21:46:16,18.1750,12.00,1.386,16.524,A,#3,HOLDING,1.498A/A
28801,2026-06-03 21:46:18,18.0750,12.00,1.386,16.524,A,#3,HOLDING,1.448A/A
28802,2026-06-03 21:46:20,17.9500,12.00,1.381,16.452,A,#3,HOLDING,1.384A/A
28803,2026-06-03 21:46:22,17.8625,12.00,1.381,16.452,A,#3,HOLDING,1.314A/A
28804,2026-06-03 21:46:24,17.7625,12.00,1.381,16.452,A,#3,HOLDING,1.254A/A
28805,2026-06-03 21:46:26,17.6500,11.03,1.381,16.452,A,#3,HOLDING,1.185A/A
28806,2026-06-03 21:46:28,17.5250,11.03,1.185,12.691,A,#3,HOLDING,1.103A/A
28807,2026-06-03 21:46:30,17.4375,11.03,1.185,12.691,A,#3,HOLDING,1.010A/A
28808,2026-06-03 21:46:32,17.3625,11.03,1.185,12.691,A,#3,HOLDING,0.943A/A
28809,2026-06-03 21:46:33,17.2750,8.97,1.185,12.691,A,#3,HOLDING,0.863A/A
28810,2026-06-03 21:46:35,17.1750,8.97,0.863,7.335,A,#3,HOLDING,0.772A/A
28811,2026-06-03 21:46:38,17.0875,8.97,0.863,7.335,A,#3,HOLDING,0.661A/A
28812,2026-06-03 21:46:39,16.9875,8.97,0.863,7.335,A,#3,HOLDING,0.576A/A
28813,2026-06-03 21:46:41,16.9375,6.24,0.863,7.335,A,#3,HOLDING,0.486A/A
28814,2026-06-03 21:46:43,16.8625,6.24,0.486,2.707,A,#3,HOLDING,0.387A/A
28815,2026-06-03 21:46:45,16.8000,6.24,0.486,2.707,A,#3,HOLDING,0.267A/A
28816,2026-06-03 21:46:47,16.7500,6.24,0.486,2.707,A,#3,HOLDING,0.178A/A
28817,2026-06-03 21:46:49,16.7375,6.24,0.486,2.707,OFF,#3,HOLDING,0.000A/OFF
28818,2026-06-03 21:46:50,16.6875,2.84,0.486,2.707,OFF,#3,HOLDING,0.000A/OFF
28819,2026-06-03 21:46:51,16.6875,2.84,0.178,2.707,OFF,#3,HOLDING,0.000A/OFF
28820,2026-06-03 21:46:52,16.6250,2.84,0.178,0.000,OFF,#3,HOLDING,0.000A/OFF
28821,2026-06-03 21:46:53,16.6250,2.84,0.178,0.000,B,#3,HOLDING,0.144A/B
28822,2026-06-03 21:46:54,16.6250,2.84,0.178,0.000,B,#3,HOLDING,0.229A/B
28823,2026-06-03 21:46:56,16.6250,1.28,0.178,0.000,B,#3,HOLDING,0.302A/B
28824,2026-06-03 21:46:58,16.6250,1.28,0.263,0.616,B,#3,HOLDING,0.406A/B
28825,2026-06-03 21:47:00,16.6625,1.28,0.263,0.616,B,#3,HOLDING,0.532A/B
28826,2026-06-03 21:47:02,16.6875,1.28,0.263,0.616,B,#3,HOLDING,0.613A/B
28827,2026-06-03 21:47:04,16.7500,4.70,0.263,0.616,B,#3,HOLDING,0.702A/B
28828,2026-06-03 21:47:05,16.8000,4.70,0.656,3.931,B,#3,HOLDING,0.792A/B
28829,2026-06-03 21:47:08,16.8500,4.70,0.656,3.931,B,#3,HOLDING,0.911A/B
28830,2026-06-03 21:47:09,16.9250,4.70,0.656,3.931,B,#3,HOLDING,0.983A/B
28831,2026-06-03 21:47:11,17.0750,7.73,0.656,3.931,B,#3,HOLDING,1.051A/B
28832,2026-06-03 21:47:13,17.1500,7.73,1.015,8.828,B,#3,HOLDING,1.000A/B
28833,2026-06-03 21:47:16,17.2875,7.73,1.015,8.828,B,#3,HOLDING,1.000A/B
28834,2026-06-03 21:47:17,17.4375,7.73,1.015,8.828,B,#3,HOLDING,1.109A/B
28835,2026-06-03 21:47:19,17.5875,8.92,1.015,8.828,B,#3,HOLDING,1.162A/B
28836,2026-06-03 21:47:21,17.8125,8.92,1.133,10.980,B,#3,HOLDING,1.198A/B
28837,2026-06-03 21:47:23,17.9500,8.92,1.133,10.980,B,#3,HOLDING,1.267A/B
28838,2026-06-03 21:47:25,18.1500,8.92,1.133,10.980,B,#3,HOLDING,1.290A/B
28839,2026-06-03 21:47:27,18.3625,10.39,1.133,10.980,B,#3,HOLDING,1.320A/B
28840,2026-06-03 21:47:29,18.5625,10.39,1.303,14.269,B,#3,HOLDING,1.292A/B
28841,2026-06-03 21:47:31,18.7750,10.39,1.303,14.269,B,#3,HOLDING,1.000A/B
28842,2026-06-03 21:47:33,19.0000,10.39,1.303,14.269,B,#4,APPROACH,1.324A/B
28843,2026-06-03 21:47:34,19.2375,6.68,1.303,14.269,B,#4,APPROACH,0.203A/B
28844,2026-06-03 21:47:37,19.4875,6.68,0.000,14.269,B,#4,APPROACH,0.193A/B
28845,2026-06-03 21:47:39,19.7500,6.68,0.000,0.000,B,#4,APPROACH,0.196A/B
28846,2026-06-03 21:47:41,20.0000,6.68,0.000,0.000,B,#4,APPROACH,0.204A/B
28847,2026-06-03 21:47:42,20.2125,6.68,0.000,0.000,B,#4,APPROACH,0.164A/B
28848,2026-06-03 21:47:44,20.4375,2.13,0.000,0.000,B,#4,APPROACH,0.187A/B
28849,2026-06-03 21:47:46,20.6250,2.13,0.174,0.441,B,#4,APPROACH,0.222A/B
28850,2026-06-03 21:47:49,20.8500,2.13,0.174,0.441,B,#4,APPROACH,0.284A/B
28851,2026-06-03 21:47:50,21.0125,2.13,0.174,0.441,B,#4,APPROACH,0.327A/B
28852,2026-06-03 21:47:52,21.1875,3.40,0.174,0.441,B,#4,APPROACH,0.384A/B
28853,2026-06-03 21:47:54,21.3750,3.40,0.384,1.501,B,#4,APPROACH,0.441A/B
28854,2026-06-03 21:47:56,21.5750,3.40,0.384,1.501,B,#4,APPROACH,0.513A/B
28855,2026-06-03 21:47:58,21.6750,3.40,0.384,1.501,B,#4,APPROACH,0.563A/B
28856,2026-06-03 21:48:00,21.8500,5.26,0.384,1.501,B,#4,APPROACH,0.607A/B
28857,2026-06-03 21:48:01,22.0375,5.26,0.607,3.465,B,#4,APPROACH,0.638A/B
28858,2026-06-03 21:48:04,22.1375,5.26,0.607,3.465,B,#4,APPROACH,0.687A/B
28859,2026-06-03 21:48:05,22.3000,5.26,0.607,3.465,B,#4,HOLDING,0.662A/B
28860,2026-06-03 21:48:07,22.4500,5.26,0.607,3.465,OFF,#4,HOLDING,0.000A/OFF
28861,2026-06-03 21:48:08,22.4500,6.11,0.607,3.465,OFF,#4,HOLDING,0.000A/OFF
28862,2026-06-03 21:48:09,22.6000,6.11,0.662,3.465,OFF,#4,HOLDING,0.000A/OFF
28863,2026-06-03 21:48:10,22.7500,6.11,0.662,5.860,OFF,#4,HOLDING,0.000A/OFF
28864,2026-06-03 21:48:11,22.7500,6.11,0.662,5.860,OFF,#4,HOLDING,0.000A/OFF
28865,2026-06-03 21:48:12,22.8625,6.11,0.662,5.860,OFF,#4,HOLDING,0.000A/OFF
28866,2026-06-03 21:48:13,22.8625,6.11,0.662,5.860,OFF,#4,HOLDING,0.000A/OFF
28867,2026-06-03 21:48:14,23.0125,12.00,0.662,5.860,OFF,#4,HOLDING,0.000A/OFF
28868,2026-06-03 21:48:15,23.0125,12.00,0.000,5.860,OFF,#4,HOLDING,0.000A/OFF
28869,2026-06-03 21:48:16,23.1375,12.00,0.000,0.000,OFF,#4,HOLDING,0.000A/OFF
28870,2026-06-03 21:48:17,23.1375,12.00,0.000,0.000,OFF,#4,HOLDING,0.000A/OFF
28871,2026-06-03 21:48:18,23.2625,12.00,0.000,0.000,OFF,#4,HOLDING,0.000A/OFF
28872,2026-06-03 21:48:19,23.2625,12.00,0.000,0.000,OFF,#4,HOLDING,0.000A/OFF
28873,2026-06-03 21:48:20,23.3875,12.00,0.000,0.000,OFF,#4,HOLDING,0.000A/OFF
28874,2026-06-03 21:48:21,23.3875,12.00,0.000,0.000,OFF,#4,HOLDING,0.000A/OFF
28875,2026-06-03 21:48:22,23.4875,12.00,0.000,0.000,OFF,#4,HOLDING,0.000A/OFF
28876,2026-06-03 21:48:23,23.4875,12.00,0.000,0.000,OFF,#4,HOLDING,0.000A/OFF
28877,2026-06-03 21:48:24,23.5750,12.00,0.000,0.000,OFF,#4,HOLDING,0.000A/OFF
28878,2026-06-03 21:48:25,23.5750,12.00,0.000,0.000,OFF,#4,HOLDING,0.000A/OFF
28879,2026-06-03 21:48:27,23.6500,12.00,0.000,0.000,OFF,#4,HOLDING,0.000A/OFF
28880,2026-06-03 21:48:28,23.6500,12.00,0.000,0.000,OFF,#4,HOLDING,0.000A/OFF
28881,2026-06-03 21:48:29,23.7250,12.00,0.000,0.000,OFF,#4,HOLDING,0.000A/OFF
28882,2026-06-03 21:48:30,23.7250,12.00,0.000,0.000,OFF,#4,HOLDING,0.000A/OFF
28883,2026-06-03 21:48:31,23.8000,12.00,0.000,0.000,OFF,#4,HOLDING,0.000A/OFF
28884,2026-06-03 21:48:32,23.8000,12.00,0.000,0.000,OFF,#4,HOLDING,0.000A/OFF
28885,2026-06-03 21:48:33,23.8250,12.00,0.000,0.000,OFF,#4,HOLDING,0.000A/OFF
28886,2026-06-03 21:48:34,23.9000,12.00,0.000,0.000,OFF,#4,HOLDING,0.000A/OFF
28887,2026-06-03 21:48:35,23.9000,12.00,0.000,0.000,OFF,#4,HOLDING,0.000A/OFF
28888,2026-06-03 21:48:36,23.9500,12.00,0.000,0.000,OFF,#4,HOLDING,0.000A/OFF
28889,2026-06-03 21:48:37,23.9500,12.00,0.000,0.000,OFF,#4,HOLDING,0.000A/OFF
28890,2026-06-03 21:48:38,24.0000,12.00,0.000,0.000,A,#4,HOLDING,0.109A/A
28891,2026-06-03 21:48:39,24.0000,12.00,0.000,0.000,A,#4,HOLDING,0.125A/A
28892,2026-06-03 21:48:41,24.0625,1.02,0.000,0.000,A,#4,HOLDING,0.160A/A
28893,2026-06-03 21:48:43,24.0875,1.02,0.160,0.232,A,#4,HOLDING,0.186A/A
28894,2026-06-03 21:48:45,24.1500,1.02,0.160,0.232,A,#4,HOLDING,0.237A/A
28895,2026-06-03 21:48:47,24.1500,1.02,0.160,0.232,A,#4,HOLDING,0.260A/A
28896,2026-06-03 21:48:48,24.1875,2.33,0.160,0.232,A,#4,HOLDING,0.298A/A
28897,2026-06-03 21:48:50,24.1875,2.33,0.298,0.813,A,#4,HOLDING,0.329A/A
28898,2026-06-03 21:48:53,24.1875,2.33,0.298,0.813,A,#4,HOLDING,0.376A/A
28899,2026-06-03 21:48:54,24.1875,2.33,0.298,0.813,A,#4,HOLDING,0.405A/A
28900,2026-06-03 21:48:56,24.1875,3.71,0.298,0.813,A,#4,HOLDING,0.441A/A
28901,2026-06-03 21:48:58,24.1875,3.71,0.429,1.808,A,#4,HOLDING,0.478A/A
28902,2026-06-03 21:49:00,24.1250,3.71,0.429,1.808,A,#4,HOLDING,0.517A/A
28903,2026-06-03 21:49:02,24.1250,3.71,0.429,1.808,A,#4,HOLDING,0.547A/A
28904,2026-06-03 21:49:04,24.1125,4.89,0.429,1.808,A,#4,HOLDING,0.579A/A
28905,2026-06-03 21:49:06,24.0625,4.89,0.579,3.097,A,#5,APPROACH,0.611A/A
28906,2026-06-03 21:49:08,23.9375,4.89,0.579,3.097,OFF,#5,HOLDING,0.000A/OFF
28907,2026-06-03 21:49:09,23.9375,4.89,0.579,3.097,OFF,#5,HOLDING,0.000A/OFF
28908,2026-06-03 21:49:10,23.9000,4.89,0.579,3.097,OFF,#5,HOLDING,0.000A/OFF
28909,2026-06-03 21:49:11,23.9000,4.89,0.579,3.097,OFF,#5,HOLDING,0.000A/OFF
28910,2026-06-03 21:49:12,23.8250,4.89,0.579,3.097,OFF,#5,HOLDING,0.000A/OFF
28911,2026-06-03 21:49:13,23.8250,12.00,0.579,3.097,OFF,#5,HOLDING,0.000A/OFF
28912,2026-06-03 21:49:14,23.7500,12.00,0.000,3.097,OFF,#5,HOLDING,0.000A/OFF
28913,2026-06-03 21:49:15,23.7500,12.00,0.000,0.000,OFF,#5,HOLDING,0.000A/OFF
28914,2026-06-03 21:49:16,23.7000,12.00,0.000,0.000,OFF,#5,HOLDING,0.000A/OFF
28915,2026-06-03 21:49:17,23.7000,12.00,0.000,0.000,OFF,#5,HOLDING,0.000A/OFF
28916,2026-06-03 21:49:18,23.6500,12.00,0.000,0.000,OFF,#5,HOLDING,0.000A/OFF
28917,2026-06-03 21:49:19,23.6500,12.00,0.000,0.000,OFF,#5,HOLDING,0.000A/OFF
28918,2026-06-03 21:49:20,23.6000,12.00,0.000,0.000,OFF,#5,HOLDING,0.000A/OFF
28919,2026-06-03 21:49:21,23.6000,12.00,0.000,0.000,OFF,#5,HOLDING,0.000A/OFF
28920,2026-06-03 21:49:22,23.5250,12.00,0.000,0.000,OFF,#5,HOLDING,0.000A/OFF
28921,2026-06-03 21:49:23,23.5250,12.00,0.000,0.000,OFF,#5,HOLDING,0.000A/OFF
28922,2026-06-03 21:49:24,23.4750,12.00,0.000,0.000,B,#5,HOLDING,0.117A/B
28923,2026-06-03 21:49:26,23.4375,12.00,0.000,0.000,B,#5,HOLDING,0.131A/B
28924,2026-06-03 21:49:28,23.4125,12.00,0.131,0.142,B,#5,HOLDING,0.157A/B
28925,2026-06-03 21:49:30,23.3750,12.00,0.131,0.142,B,#5,HOLDING,0.184A/B
28926,2026-06-03 21:49:32,23.3500,12.00,0.131,0.142,B,#5,HOLDING,0.206A/B
28927,2026-06-03 21:49:34,23.3125,1.76,0.131,0.142,B,#5,HOLDING,0.235A/B
28928,2026-06-03 21:49:36,23.3125,1.76,0.218,0.477,B,#5,HOLDING,0.260A/B
28929,2026-06-03 21:49:38,23.2750,1.76,0.218,0.477,B,#5,HOLDING,0.298A/B
28930,2026-06-03 21:49:40,23.2500,1.76,0.218,0.477,B,#5,HOLDING,0.323A/B
28931,2026-06-03 21:49:41,23.2750,2.81,0.218,0.477,B,#5,HOLDING,0.350A/B
28932,2026-06-03 21:49:43,23.2500,2.81,0.334,1.088,B,#5,HOLDING,0.380A/B
28933,2026-06-03 21:49:46,23.2500,2.81,0.334,1.088,B,#5,HOLDING,0.416A/B
28934,2026-06-03 21:49:47,23.2500,2.81,0.334,1.088,B,#5,HOLDING,0.444A/B
28935,2026-06-03 21:49:49,23.2500,3.93,0.334,1.088,B,#5,HOLDING,0.472A/B
28936,2026-06-03 21:49:51,23.2500,3.93,0.456,2.001,B,#5,HOLDING,0.502A/B
28937,2026-06-03 21:49:53,23.2500,3.93,0.456,2.001,B,#5,HOLDING,0.541A/B
28938,2026-06-03 21:49:55,23.3000,3.93,0.456,2.001,B,#5,HOLDING,0.559A/B
28939,2026-06-03 21:49:57,23.3250,4.94,0.456,2.001,B,#5,HOLDING,0.585A/B
28940,2026-06-03 21:49:59,23.3750,4.94,0.570,3.065,B,#5,HOLDING,0.606A/B
28941,2026-06-03 21:50:01,23.4125,4.94,0.570,3.065,B,#5,HOLDING,0.639A/B
28942,2026-06-03 21:50:03,23.4375,4.94,0.570,3.065,B,#5,HOLDING,0.659A/B
28943,2026-06-03 21:50:04,23.5125,5.82,0.570,3.065,B,#5,HOLDING,0.677A/B
28944,2026-06-03 21:50:06,23.5625,5.82,0.666,4.109,B,#5,HOLDING,0.694A/B
28945,2026-06-03 21:50:09,23.6000,5.82,0.666,4.109,OFF,--,DONE,0.715A/B
28946,2026-06-03 21:50:11,23.6500,5.82,0.666,4.109,OFF,--,DONE,--
28947,2026-06-03 21:50:12,23.7250,5.82,0.666,4.109,OFF,--,DONE,--
28948,2026-06-03 21:50:13,23.7250,12.00,0.666,4.109,OFF,--,DONE,--
28949,2026-06-03 21:50:14,23.7750,12.00,0.000,4.109,OFF,--,DONE,--
28950,2026-06-03 21:50:15,23.7750,12.00,0.000,0.000,OFF,--,DONE,--
28951,2026-06-03 21:50:16,23.8500,12.00,0.000,0.000,OFF,--,DONE,--
28952,2026-06-03 21:50:17,23.8500,12.00,0.000,0.000,OFF,--,DONE,--
28953,2026-06-03 21:50:18,23.9250,12.00,0.000,0.000,OFF,--,DONE,--
28954,2026-06-03 21:50:19,23.9250,12.00,0.000,0.000,OFF,--,DONE,--
28955,2026-06-03 21:50:20,23.9500,12.00,0.000,0.000,OFF,--,DONE,--
28956,2026-06-03 21:50:21,23.9500,12.00,0.000,0.000,OFF,--,DONE,--
28957,2026-06-03 21:50:22,24.0250,12.00,0.000,0.000,OFF,--,DONE,--
28958,2026-06-03 21:50:23,24.0250,12.00,0.000,0.000,OFF,--,DONE,--
28959,2026-06-03 21:50:24,24.0625,12.00,0.000,0.000,OFF,--,DONE,--
28960,2026-06-03 21:50:25,24.0625,12.00,0.000,0.000,OFF,--,DONE,--
28961,2026-06-03 21:50:26,24.1125,12.00,0.000,0.000,OFF,--,DONE,--
28962,2026-06-03 21:50:27,24.1125,12.00,0.000,0.000,OFF,--,DONE,--
28963,2026-06-03 21:50:28,24.1250,12.00,0.000,0.000,OFF,--,DONE,--
28964,2026-06-03 21:50:29,24.1500,12.00,0.000,0.000,OFF,--,DONE,--
28965,2026-06-03 21:50:30,24.1500,12.00,0.000,0.000,OFF,--,DONE,--
28966,2026-06-03 21:50:31,24.1875,12.00,0.000,0.000,OFF,--,DONE,--
28967,2026-06-03 21:50:32,24.1875,12.00,0.000,0.000,OFF,--,DONE,--
28968,2026-06-03 21:50:33,24.1875,12.00,0.000,0.000,OFF,--,DONE,--
28969,2026-06-03 21:50:34,24.1875,12.00,0.000,0.000,OFF,--,DONE,--
28970,2026-06-03 21:50:35,24.2500,12.00,0.000,0.000,OFF,--,DONE,--
28971,2026-06-03 21:50:36,24.2500,12.00,0.000,0.000,OFF,--,DONE,--
28972,2026-06-03 21:50:37,24.2500,12.00,0.000,0.000,OFF,--,DONE,--
28973,2026-06-03 21:50:38,24.2500,12.00,0.000,0.000,OFF,--,DONE,--
28974,2026-06-03 21:50:39,24.2500,12.00,0.000,0.000,OFF,--,DONE,--
28975,2026-06-03 21:50:40,24.2500,12.00,0.000,0.000,OFF,--,DONE,--
28976,2026-06-03 21:50:41,24.2500,12.00,0.000,0.000,OFF,--,DONE,--
28977,2026-06-03 21:50:42,24.2500,12.00,0.000,0.000,OFF,--,DONE,--
28978,2026-06-03 21:50:43,24.2500,12.00,0.000,0.000,OFF,--,DONE,--
28979,2026-06-03 21:50:44,24.2500,12.00,0.000,0.000,OFF,--,DONE,--
28980,2026-06-03 21:50:45,24.2750,12.00,0.000,0.000,OFF,--,DONE,--
28981,2026-06-03 21:50:46,24.2750,12.00,0.000,0.000,OFF,--,DONE,--
28982,2026-06-03 21:50:47,24.2500,12.00,0.000,0.000,OFF,--,DONE,--
28983,2026-06-03 21:50:48,24.2500,12.00,0.000,0.000,OFF,--,DONE,--
28984,2026-06-03 21:50:49,24.2500,12.00,0.000,0.000,OFF,--,DONE,--
28985,2026-06-03 21:50:50,24.2500,12.00,0.000,0.000,OFF,--,DONE,--
28986,2026-06-03 21:50:51,24.2500,12.00,0.000,0.000,OFF,--,DONE,--
28987,2026-06-03 21:50:52,24.2500,12.00,0.000,0.000,OFF,--,DONE,--
28988,2026-06-03 21:50:53,24.2500,12.00,0.000,0.000,OFF,--,DONE,--
28989,2026-06-03 21:50:54,24.1875,12.00,0.000,0.000,OFF,--,DONE,--
28990,2026-06-03 21:50:55,24.1875,12.00,0.000,0.000,OFF,--,DONE,--
28991,2026-06-03 21:50:56,24.1875,12.00,0.000,0.000,OFF,--,DONE,--
28992,2026-06-03 21:50:58,24.1875,12.00,0.000,0.000,OFF,--,DONE,--
28993,2026-06-03 21:50:59,24.1875,12.00,0.000,0.000,OFF,--,DONE,--
28994,2026-06-03 21:51:00,24.1875,12.00,0.000,0.000,OFF,--,DONE,--
28995,2026-06-03 21:51:01,24.1875,12.00,0.000,0.000,OFF,--,DONE,--
28996,2026-06-03 21:51:02,24.1875,12.00,0.000,0.000,OFF,--,DONE,--
28997,2026-06-03 21:51:03,24.1750,12.00,0.000,0.000,OFF,--,DONE,--
28998,2026-06-03 21:51:04,24.1250,12.00,0.000,0.000,OFF,--,DONE,--
28999,2026-06-03 21:51:05,24.1250,12.00,0.000,0.000,OFF,--,DONE,--
29000,2026-06-03 21:51:06,24.1250,12.00,0.000,0.000,OFF,--,DONE,--
29001,2026-06-03 21:51:07,24.1250,12.00,0.000,0.000,OFF,--,DONE,--
29002,2026-06-03 21:51:08,24.1250,12.00,0.000,0.000,OFF,--,DONE,--
29003,2026-06-03 21:51:09,24.1250,12.00,0.000,0.000,OFF,--,DONE,--
29004,2026-06-03 21:51:10,24.1125,12.00,0.000,0.000,OFF,--,DONE,--
29005,2026-06-03 21:51:11,24.1125,12.00,0.000,0.000,OFF,--,DONE,--
29006,2026-06-03 21:51:12,24.0625,12.00,0.000,0.000,OFF,--,DONE,--
29007,2026-06-03 21:51:13,24.0625,12.00,0.000,0.000,OFF,--,DONE,--
29008,2026-06-03 21:51:14,24.0375,12.00,0.000,0.000,OFF,--,DONE,--
29009,2026-06-03 21:51:15,24.0375,12.00,0.000,0.000,OFF,--,DONE,--
29010,2026-06-03 21:51:16,24.0125,12.00,0.000,0.000,OFF,--,DONE,--
29011,2026-06-03 21:51:17,24.0125,12.00,0.000,0.000,OFF,--,DONE,--
29012,2026-06-03 21:51:18,24.0000,12.00,0.000,0.000,OFF,--,DONE,--
29013,2026-06-03 21:51:19,24.0000,12.00,0.000,0.000,OFF,--,DONE,--
29014,2026-06-03 21:51:20,24.0000,12.00,0.000,0.000,OFF,--,DONE,--
29015,2026-06-03 21:51:21,23.9375,12.00,0.000,0.000,OFF,--,DONE,--
29016,2026-06-03 21:51:22,23.9375,12.00,0.000,0.000,OFF,--,DONE,--
29017,2026-06-03 21:51:23,23.9375,12.00,0.000,0.000,OFF,--,DONE,--
29018,2026-06-03 21:51:24,23.9375,12.00,0.000,0.000,OFF,--,DONE,--
29019,2026-06-03 21:51:25,23.9375,12.00,0.000,0.000,OFF,--,DONE,--
29020,2026-06-03 21:51:26,23.9375,12.00,0.000,0.000,OFF,--,DONE,--
29021,2026-06-03 21:51:27,23.8875,12.00,0.000,0.000,OFF,--,DONE,--
29022,2026-06-03 21:51:28,23.8875,12.00,0.000,0.000,OFF,--,DONE,--
29023,2026-06-03 21:51:29,23.8750,12.00,0.000,0.000,OFF,--,DONE,--
29024,2026-06-03 21:51:30,23.8750,12.00,0.000,0.000,OFF,--,DONE,--
29025,2026-06-03 21:51:31,23.8500,12.00,0.000,0.000,OFF,--,DONE,--
29026,2026-06-03 21:51:32,23.8500,12.00,0.000,0.000,OFF,--,DONE,--
29027,2026-06-03 21:51:33,23.8500,12.00,0.000,0.000,OFF,--,DONE,--
29028,2026-06-03 21:51:34,23.8250,12.00,0.000,0.000,OFF,--,DONE,--
29029,2026-06-03 21:51:35,23.8250,12.00,0.000,0.000,OFF,--,DONE,--
29030,2026-06-03 21:51:36,23.8000,12.00,0.000,0.000,OFF,--,DONE,--
29031,2026-06-03 21:51:37,23.8000,12.00,0.000,0.000,OFF,--,DONE,--
29032,2026-06-03 21:51:38,23.7500,12.00,0.000,0.000,OFF,--,DONE,--
29033,2026-06-03 21:51:40,23.7500,12.00,0.000,0.000,OFF,--,DONE,--
29034,2026-06-03 21:51:41,23.7500,12.00,0.000,0.000,OFF,--,DONE,--
29035,2026-06-03 21:51:42,23.7500,12.00,0.000,0.000,OFF,--,DONE,--
29036,2026-06-03 21:51:43,23.7250,12.00,0.000,0.000,OFF,--,DONE,--
29037,2026-06-03 21:51:44,23.7250,12.00,0.000,0.000,OFF,--,DONE,--
29038,2026-06-03 21:51:45,23.7125,12.00,0.000,0.000,OFF,--,DONE,--
29039,2026-06-03 21:51:46,23.7125,12.00,0.000,0.000,OFF,--,DONE,--
29040,2026-06-03 21:51:47,23.6875,12.00,0.000,0.000,OFF,--,DONE,--
29041,2026-06-03 21:51:48,23.6875,12.00,0.000,0.000,OFF,--,DONE,--
29042,2026-06-03 21:51:49,23.6875,12.00,0.000,0.000,OFF,--,DONE,--
29043,2026-06-03 21:51:50,23.6375,12.00,0.000,0.000,OFF,--,DONE,--
29044,2026-06-03 21:51:51,23.6375,12.00,0.000,0.000,OFF,--,DONE,--
29045,2026-06-03 21:51:52,23.6250,12.00,0.000,0.000,OFF,--,DONE,--
29046,2026-06-03 21:51:53,23.6250,12.00,0.000,0.000,OFF,--,DONE,--
29047,2026-06-03 21:51:54,23.6250,12.00,0.000,0.000,OFF,--,DONE,--
29048,2026-06-03 21:51:55,23.6250,12.00,0.000,0.000,OFF,--,DONE,--
29049,2026-06-03 21:51:56,23.6000,12.00,0.000,0.000,OFF,--,DONE,--
29050,2026-06-03 21:51:57,23.6000,12.00,0.000,0.000,OFF,--,DONE,--
29051,2026-06-03 21:51:58,23.5750,12.00,0.000,0.000,OFF,--,DONE,--
29052,2026-06-03 21:51:59,23.5750,12.00,0.000,0.000,OFF,--,DONE,--
29053,2026-06-03 21:52:00,23.5625,12.00,0.000,0.000,OFF,--,DONE,--
29054,2026-06-03 21:52:01,23.5625,12.00,0.000,0.000,OFF,--,DONE,--
29055,2026-06-03 21:52:02,23.5375,12.00,0.000,0.000,OFF,--,DONE,--
29056,2026-06-03 21:52:03,23.5375,12.00,0.000,0.000,OFF,--,DONE,--
29057,2026-06-03 21:52:04,23.5250,12.00,0.000,0.000,OFF,--,DONE,--
29058,2026-06-03 21:52:05,23.5000,12.00,0.000,0.000,OFF,--,DONE,--
29059,2026-06-03 21:52:06,23.5000,12.00,0.000,0.000,OFF,--,DONE,--
29060,2026-06-03 21:52:07,23.5000,12.00,0.000,0.000,OFF,--,DONE,--
29061,2026-06-03 21:52:08,23.5000,12.00,0.000,0.000,OFF,--,DONE,--
29062,2026-06-03 21:52:09,23.4500,12.00,0.000,0.000,OFF,--,DONE,--
29063,2026-06-03 21:52:10,23.4500,12.00,0.000,0.000,OFF,--,DONE,--
29064,2026-06-03 21:52:11,23.4375,12.00,0.000,0.000,OFF,--,DONE,--
29065,2026-06-03 21:52:12,23.4375,12.00,0.000,0.000,OFF,--,DONE,--
29066,2026-06-03 21:52:13,23.4375,12.00,0.000,0.000,A,#1,APPROACH,3.000A/A
29067,2026-06-03 21:52:16,23.3750,12.00,0.000,0.000,A,#1,APPROACH,1.500A/A
29068,2026-06-03 21:52:18,23.3750,12.00,0.000,0.000,A,#1,APPROACH,1.500A/A
29069,2026-06-03 21:52:20,23.3750,12.00,0.000,0.000,A,#1,APPROACH,2.500A/A
29070,2026-06-03 21:52:22,23.3750,12.00,0.000,0.000,A,#1,APPROACH,2.000A/A
29071,2026-06-03 21:52:23,23.3125,12.00,1.519,18.048,A,#1,APPROACH,3.000A/A
29072,2026-06-03 21:52:26,23.2625,12.00,1.519,18.048,A,#1,APPROACH,1.000A/A
29073,2026-06-03 21:52:27,23.2125,12.00,1.519,18.048,A,#1,APPROACH,1.000A/A
29074,2026-06-03 21:52:29,23.1125,8.63,1.519,18.048,A,#1,APPROACH,1.500A/A
29075,2026-06-03 21:52:31,23.0125,8.63,1.424,17.616,A,#1,APPROACH,2.000A/A
29076,2026-06-03 21:52:34,22.9125,8.63,1.424,17.616,A,#1,APPROACH,1.000A/A
29077,2026-06-03 21:52:35,22.7625,8.63,1.424,17.616,A,#1,APPROACH,2.000A/A
29078,2026-06-03 21:52:37,22.6375,12.00,1.424,17.616,A,#1,APPROACH,2.000A/A
29079,2026-06-03 21:52:39,22.5250,12.00,1.460,17.352,A,#1,APPROACH,2.422A/A
29080,2026-06-03 21:52:41,22.3750,12.00,1.460,17.352,A,#1,APPROACH,2.168A/A
29081,2026-06-03 21:52:43,22.2375,12.00,1.460,17.352,A,#1,APPROACH,2.314A/A
29082,2026-06-03 21:52:45,22.1125,12.00,1.460,17.352,A,#1,APPROACH,3.000A/A
29083,2026-06-03 21:52:47,21.9500,12.00,1.436,17.076,A,#1,APPROACH,1.000A/A
29084,2026-06-03 21:52:49,21.8000,12.00,1.436,17.076,A,#1,APPROACH,1.500A/A
29085,2026-06-03 21:52:51,21.6375,12.00,1.436,17.076,A,#1,APPROACH,2.869A/A
29086,2026-06-03 21:52:52,21.4875,12.00,1.436,17.076,A,#1,APPROACH,1.000A/A
29087,2026-06-03 21:52:54,21.3250,12.00,1.197,9.100,A,#1,APPROACH,1.500A/A
29088,2026-06-03 21:52:57,21.1750,12.00,1.197,9.100,A,#1,APPROACH,1.000A/A
29089,2026-06-03 21:52:58,21.0125,12.00,1.197,9.100,A,#1,APPROACH,1.450A/A
29090,2026-06-03 21:53:00,20.8625,12.00,1.197,9.100,A,#1,APPROACH,1.702A/A
29091,2026-06-03 21:53:02,20.7000,12.00,1.412,16.788,A,#1,APPROACH,1.500A/A
29092,2026-06-03 21:53:04,20.5500,12.00,1.412,16.788,A,#1,APPROACH,1.855A/A
29093,2026-06-03 21:53:06,20.4500,12.00,1.412,16.788,A,#1,APPROACH,1.894A/A
29094,2026-06-03 21:53:08,20.2500,12.00,1.412,16.788,A,#1,APPROACH,2.000A/A
29095,2026-06-03 21:53:10,20.1375,12.00,1.399,16.644,A,#1,APPROACH,1.944A/A
29096,2026-06-03 21:53:12,20.0125,12.00,1.399,16.644,A,#1,APPROACH,2.064A/A
29097,2026-06-03 21:53:14,19.8625,12.00,1.399,16.644,A,#1,APPROACH,1.000A/A
29098,2026-06-03 21:53:15,19.7125,9.26,1.399,16.644,A,#1,APPROACH,2.000A/A
29099,2026-06-03 21:53:17,19.5750,9.26,1.386,16.500,A,#1,APPROACH,2.000A/A
29100,2026-06-03 21:53:20,19.4250,9.26,1.386,16.500,A,#1,APPROACH,2.119A/A
29101,2026-06-03 21:53:21,19.3250,9.26,1.386,16.500,A,#1,APPROACH,2.000A/A
29102,2026-06-03 21:53:23,19.1750,12.00,1.386,16.500,A,#1,APPROACH,1.000A/A
29103,2026-06-03 21:53:25,19.0250,12.00,1.197,9.310,A,#1,APPROACH,2.278A/A
29104,2026-06-03 21:53:27,18.9250,12.00,1.197,9.310,A,#1,APPROACH,2.437A/A
29105,2026-06-03 21:53:29,18.8000,12.00,1.197,9.310,A,#1,APPROACH,1.500A/A
29106,2026-06-03 21:53:31,18.6750,12.00,1.197,9.310,A,#1,APPROACH,2.397A/A
29107,2026-06-03 21:53:33,18.5750,12.00,1.381,16.440,A,#1,APPROACH,2.431A/A
29108,2026-06-03 21:53:35,18.4500,12.00,1.381,16.440,A,#1,APPROACH,2.500A/A
29109,2026-06-03 21:53:36,18.3625,12.00,1.381,16.440,A,#1,APPROACH,2.493A/A
29110,2026-06-03 21:53:38,18.2375,12.00,1.381,16.440,A,#1,APPROACH,2.534A/A
29111,2026-06-03 21:53:40,18.0875,12.00,1.375,16.404,A,#1,APPROACH,2.000A/A
29112,2026-06-03 21:53:43,18.0125,12.00,1.375,16.404,A,#1,APPROACH,2.500A/A
29113,2026-06-03 21:53:44,17.9250,12.00,1.375,16.404,A,#1,APPROACH,2.555A/A
29114,2026-06-03 21:53:46,17.7750,12.00,1.375,16.404,A,#1,APPROACH,1.000A/A
29115,2026-06-03 21:53:48,17.6750,12.00,1.197,9.320,A,#1,APPROACH,2.585A/A
29116,2026-06-03 21:53:50,17.6000,12.00,1.197,9.320,A,#1,APPROACH,2.644A/A
29117,2026-06-03 21:53:52,17.4875,12.00,1.197,9.320,A,#1,APPROACH,1.000A/A
29118,2026-06-03 21:53:54,17.3875,9.23,1.197,9.320,A,#1,HOLDING,1.000A/A
29119,2026-06-03 21:53:56,17.3375,9.23,1.000,9.320,OFF,#1,HOLDING,0.000A/OFF
29120,2026-06-03 21:53:57,17.3375,9.23,1.000,9.310,OFF,#1,HOLDING,0.000A/OFF
29121,2026-06-03 21:53:58,17.2375,9.23,1.000,9.310,OFF,#1,HOLDING,0.000A/OFF
29122,2026-06-03 21:53:59,17.2375,9.23,1.000,9.310,OFF,#1,HOLDING,0.000A/OFF
29123,2026-06-03 21:54:00,17.1750,9.23,1.000,9.310,OFF,#1,HOLDING,0.000A/OFF
29124,2026-06-03 21:54:01,17.1750,12.00,1.000,9.310,A,#1,HOLDING,0.109A/A
29125,2026-06-03 21:54:02,17.1000,12.00,0.053,0.218,A,#1,HOLDING,0.127A/A
29126,2026-06-03 21:54:05,16.9500,12.00,0.053,0.218,A,#1,HOLDING,0.153A/A
29127,2026-06-03 21:54:06,16.9500,12.00,0.053,0.218,A,#1,HOLDING,0.170A/A
29128,2026-06-03 21:54:08,16.9250,2.33,0.053,0.218,A,#1,HOLDING,0.196A/A
29129,2026-06-03 21:54:10,16.8750,2.33,0.196,0.505,A,#1,HOLDING,0.220A/A
29130,2026-06-03 21:54:12,16.8500,2.33,0.196,0.505,A,#1,HOLDING,0.240A/A
29131,2026-06-03 21:54:14,16.8500,2.33,0.196,0.505,A,#1,HOLDING,0.256A/A
29132,2026-06-03 21:54:16,16.8500,2.95,0.196,0.505,A,#1,HOLDING,0.277A/A
29133,2026-06-03 21:54:18,16.8750,2.95,0.277,0.886,A,#1,HOLDING,0.300A/A
29134,2026-06-03 21:54:20,16.8750,2.95,0.277,0.886,A,#1,HOLDING,0.322A/A
29135,2026-06-03 21:54:22,16.8750,2.95,0.277,0.886,A,#1,HOLDING,0.336A/A
29136,2026-06-03 21:54:24,16.8875,3.58,0.277,0.886,A,#1,HOLDING,0.354A/A
29137,2026-06-03 21:54:25,16.9375,3.58,0.354,1.348,A,#1,HOLDING,0.379A/A
29138,2026-06-03 21:54:28,17.0000,3.58,0.354,1.348,A,#1,HOLDING,0.413A/A
29139,2026-06-03 21:54:29,17.0000,3.58,0.354,1.348,A,#1,HOLDING,0.430A/A
29140,2026-06-03 21:54:31,17.0625,4.28,0.354,1.348,A,#1,HOLDING,0.458A/A
29141,2026-06-03 21:54:33,17.0875,4.28,0.458,2.111,A,#1,HOLDING,0.481A/A
29142,2026-06-03 21:54:35,17.1750,4.28,0.458,2.111,A,#1,HOLDING,0.525A/A
29143,2026-06-03 21:54:37,17.1750,4.28,0.458,2.111,A,#1,HOLDING,0.545A/A
29144,2026-06-03 21:54:39,17.2250,5.19,0.458,2.111,A,#1,HOLDING,0.578A/A
29145,2026-06-03 21:54:41,17.2750,5.19,0.578,3.231,A,#1,HOLDING,0.614A/A
29146,2026-06-03 21:54:43,17.3375,5.19,0.578,3.231,A,#1,HOLDING,0.664A/A
29147,2026-06-03 21:54:45,17.3375,5.19,0.578,3.231,A,#1,HOLDING,0.689A/A
29148,2026-06-03 21:54:47,17.3500,6.34,0.578,3.231,A,#1,HOLDING,0.714A/A
29149,2026-06-03 21:54:48,17.3750,6.34,0.714,4.769,A,#1,HOLDING,0.752A/A
29150,2026-06-03 21:54:51,17.4375,6.34,0.714,4.769,A,#1,HOLDING,0.858A/A
29151,2026-06-03 21:54:52,17.4375,6.34,0.714,4.769,A,#1,HOLDING,0.887A/A
29152,2026-06-03 21:54:54,17.4375,7.86,0.714,4.769,A,#1,HOLDING,0.925A/A
29153,2026-06-03 21:54:56,17.4375,7.86,0.925,7.668,A,#1,HOLDING,0.959A/A
29154,2026-06-03 21:54:59,17.5000,7.86,0.925,7.668,A,#1,HOLDING,1.025A/A
29155,2026-06-03 21:55:00,17.5000,7.86,0.925,7.668,A,#1,HOLDING,1.057A/A
29156,2026-06-03 21:55:02,17.5000,9.19,0.925,7.668,A,#1,HOLDING,1.101A/A
29157,2026-06-03 21:55:04,17.4750,9.19,1.101,10.668,A,#1,HOLDING,1.131A/A
29158,2026-06-03 21:55:06,17.5000,9.19,1.101,10.668,A,#1,HOLDING,1.191A/A
29159,2026-06-03 21:55:08,17.4500,9.19,1.101,10.668,A,#1,HOLDING,1.215A/A
29160,2026-06-03 21:55:10,17.4625,10.41,1.101,10.668,A,#1,HOLDING,1.260A/A
29161,2026-06-03 21:55:12,17.4375,10.41,1.260,13.734,A,#1,HOLDING,1.292A/A
29162,2026-06-03 21:55:14,17.4000,10.41,1.260,13.734,A,#1,HOLDING,1.339A/A
29163,2026-06-03 21:55:15,17.3750,10.41,1.260,13.734,A,#1,HOLDING,1.308A/A
29164,2026-06-03 21:55:17,17.3625,11.16,1.260,13.734,A,#2,APPROACH,1.343A/A
29165,2026-06-03 21:55:19,17.2875,11.16,1.343,13.734,OFF,#2,APPROACH,0.000A/OFF
29166,2026-06-03 21:55:20,17.2750,11.16,1.343,13.734,OFF,#2,APPROACH,0.000A/OFF
29167,2026-06-03 21:55:21,17.2750,11.16,1.343,0.000,B,#2,APPROACH,0.116A/B
29168,2026-06-03 21:55:23,17.2000,11.16,1.343,0.000,B,#2,APPROACH,0.180A/B
29169,2026-06-03 21:55:25,17.1875,11.16,1.343,0.000,B,#2,APPROACH,0.221A/B
29170,2026-06-03 21:55:27,17.1375,1.28,1.343,0.000,B,#2,APPROACH,0.263A/B
29171,2026-06-03 21:55:28,17.1250,1.28,0.240,0.449,B,#2,APPROACH,0.306A/B
29172,2026-06-03 21:55:31,17.1250,1.28,0.240,0.449,B,#2,APPROACH,0.369A/B
29173,2026-06-03 21:55:32,17.1375,1.28,0.240,0.449,B,#2,APPROACH,0.401A/B
29174,2026-06-03 21:55:34,17.1875,2.99,0.240,0.449,B,#2,APPROACH,0.437A/B
29175,2026-06-03 21:55:36,17.2250,2.99,0.417,1.503,B,#2,APPROACH,0.475A/B
29176,2026-06-03 21:55:39,17.2750,2.99,0.417,1.503,B,#2,APPROACH,0.523A/B
29177,2026-06-03 21:55:40,17.3500,2.99,0.417,1.503,B,#2,APPROACH,0.544A/B
29178,2026-06-03 21:55:42,17.4250,4.34,0.417,1.503,B,#2,HOLDING,0.525A/B
29179,2026-06-03 21:55:44,17.5500,4.34,0.525,1.503,OFF,#2,HOLDING,0.000A/OFF
29180,2026-06-03 21:55:45,17.5500,4.34,0.525,2.278,OFF,#2,HOLDING,0.000A/OFF
29181,2026-06-03 21:55:46,17.6500,4.34,0.525,2.278,OFF,#2,HOLDING,0.000A/OFF
29182,2026-06-03 21:55:47,17.6500,4.34,0.525,2.278,OFF,#2,HOLDING,0.000A/OFF
29183,2026-06-03 21:55:48,17.7625,4.34,0.525,2.278,OFF,#2,HOLDING,0.000A/OFF
29184,2026-06-03 21:55:49,17.8625,4.34,0.525,2.278,OFF,#2,HOLDING,0.000A/OFF
29185,2026-06-03 21:55:50,17.8625,12.00,0.525,2.278,OFF,#2,HOLDING,0.000A/OFF
29186,2026-06-03 21:55:51,17.9750,12.00,0.000,2.278,OFF,#2,HOLDING,0.000A/OFF
29187,2026-06-03 21:55:52,17.9750,12.00,0.000,0.000,B,#2,HOLDING,0.112A/B
29188,2026-06-03 21:55:54,18.1000,12.00,0.000,0.000,B,#2,HOLDING,0.109A/B
29189,2026-06-03 21:55:55,18.2000,12.00,0.000,0.000,B,#2,HOLDING,0.123A/B
29190,2026-06-03 21:55:57,18.3250,1.00,0.000,0.000,B,#2,HOLDING,0.112A/B
29191,2026-06-03 21:55:59,18.4250,1.00,0.112,0.103,B,#2,HOLDING,0.115A/B
29192,2026-06-03 21:56:01,18.5750,1.00,0.112,0.103,B,#2,HOLDING,0.106A/B
29193,2026-06-03 21:56:03,18.6750,1.00,0.112,0.103,OFF,#2,HOLDING,0.000A/OFF
29194,2026-06-03 21:56:04,18.6750,1.00,0.112,0.103,OFF,#2,HOLDING,0.103A/B
29195,2026-06-03 21:56:05,18.7750,12.00,0.112,0.103,OFF,#2,HOLDING,0.000A/OFF
29196,2026-06-03 21:56:06,18.7750,12.00,0.000,0.103,OFF,#2,HOLDING,0.000A/OFF
29197,2026-06-03 21:56:07,18.8625,12.00,0.000,0.000,OFF,#2,HOLDING,0.000A/OFF
29198,2026-06-03 21:56:08,18.9875,12.00,0.000,0.000,OFF,#2,HOLDING,0.000A/OFF
29199,2026-06-03 21:56:09,18.9875,12.00,0.000,0.000,OFF,#2,HOLDING,0.000A/OFF
29200,2026-06-03 21:56:10,19.0750,12.00,0.000,0.000,OFF,#2,HOLDING,0.000A/OFF
29201,2026-06-03 21:56:11,19.0750,12.00,0.000,0.000,OFF,#2,HOLDING,0.000A/OFF
29202,2026-06-03 21:56:12,19.1750,12.00,0.000,0.000,OFF,#2,HOLDING,0.000A/OFF
29203,2026-06-03 21:56:13,19.1750,12.00,0.000,0.000,OFF,#2,HOLDING,0.000A/OFF
29204,2026-06-03 21:56:14,19.2875,12.00,0.000,0.000,OFF,#2,HOLDING,0.000A/OFF
29205,2026-06-03 21:56:15,19.2875,12.00,0.000,0.000,OFF,#2,HOLDING,0.000A/OFF
29206,2026-06-03 21:56:16,19.3625,12.00,0.000,0.000,OFF,#2,HOLDING,0.000A/OFF
29207,2026-06-03 21:56:17,19.3625,12.00,0.000,0.000,OFF,#2,HOLDING,0.000A/OFF
29208,2026-06-03 21:56:18,19.4750,12.00,0.000,0.000,A,#2,HOLDING,0.172A/A
29209,2026-06-03 21:56:20,19.5250,12.00,0.000,0.000,A,#2,HOLDING,0.206A/A
29210,2026-06-03 21:56:22,19.6125,12.00,0.000,0.000,A,#2,HOLDING,0.260A/A
29211,2026-06-03 21:56:23,19.6125,12.00,0.000,0.000,A,#2,HOLDING,0.277A/A
29212,2026-06-03 21:56:25,19.6875,2.51,0.000,0.000,A,#2,HOLDING,0.332A/A
29213,2026-06-03 21:56:27,19.7875,2.51,0.303,1.032,A,#2,HOLDING,0.388A/A
29214,2026-06-03 21:56:29,19.8375,2.51,0.303,1.032,A,#2,HOLDING,0.463A/A
29215,2026-06-03 21:56:31,19.9125,2.51,0.303,1.032,A,#2,HOLDING,0.518A/A
29216,2026-06-03 21:56:33,19.9875,4.61,0.303,1.032,A,#2,HOLDING,0.577A/A
29217,2026-06-03 21:56:35,20.0125,4.61,0.551,3.017,A,#2,HOLDING,0.636A/A
29218,2026-06-03 21:56:37,20.0875,4.61,0.551,3.017,A,#2,HOLDING,0.717A/A
29219,2026-06-03 21:56:39,20.1250,4.61,0.551,3.017,A,#2,HOLDING,0.772A/A
29220,2026-06-03 21:56:40,20.1500,6.69,0.551,3.017,A,#2,HOLDING,0.837A/A
29221,2026-06-03 21:56:42,20.1875,6.69,0.816,6.135,A,#2,HOLDING,0.903A/A
29222,2026-06-03 21:56:45,20.1875,6.69,0.816,6.135,A,#2,HOLDING,0.983A/A
29223,2026-06-03 21:56:46,20.1875,6.69,0.816,6.135,A,#2,HOLDING,1.038A/A
29224,2026-06-03 21:56:48,20.1875,8.72,0.816,6.135,A,#2,HOLDING,1.100A/A
29225,2026-06-03 21:56:50,20.1875,8.72,1.069,10.285,A,#2,HOLDING,1.167A/A
29226,2026-06-03 21:56:52,20.1875,8.72,1.069,10.285,A,#2,HOLDING,1.252A/A
29227,2026-06-03 21:56:54,20.1875,8.72,1.069,10.285,A,#2,HOLDING,1.309A/A
29228,2026-06-03 21:56:56,20.1375,10.73,1.069,10.285,A,#2,HOLDING,1.366A/A
29229,2026-06-03 21:56:58,20.0625,10.73,1.339,15.463,A,#2,HOLDING,1.416A/A
29230,2026-06-03 21:57:00,20.0125,10.73,1.339,15.463,A,#2,HOLDING,1.486A/A
29231,2026-06-03 21:57:02,19.9875,10.73,1.339,15.463,A,#2,HOLDING,1.500A/A
29232,2026-06-03 21:57:03,19.8875,12.00,1.339,15.463,A,#2,HOLDING,1.000A/A
29233,2026-06-03 21:57:05,19.8250,12.00,1.139,8.890,A,#2,HOLDING,1.500A/A
29234,2026-06-03 21:57:08,19.7500,12.00,1.139,8.890,A,#2,HOLDING,1.000A/A
29235,2026-06-03 21:57:09,19.6500,12.00,1.139,8.890,A,#2,HOLDING,1.000A/A
29236,2026-06-03 21:57:11,19.5750,8.95,1.139,8.890,A,#2,HOLDING,1.000A/A
29237,2026-06-03 21:57:13,19.4875,8.95,1.000,9.060,A,#2,HOLDING,1.500A/A
29238,2026-06-03 21:57:15,19.4125,8.95,1.000,9.060,A,#2,HOLDING,1.500A/A
29239,2026-06-03 21:57:17,19.3375,8.95,1.000,9.060,A,#2,HOLDING,1.498A/A
29240,2026-06-03 21:57:19,19.2375,12.00,1.000,9.060,A,#2,HOLDING,1.000A/A
29241,2026-06-03 21:57:21,19.1125,12.00,1.108,9.100,A,#2,HOLDING,1.522A/A
29242,2026-06-03 21:57:23,19.0125,12.00,1.108,9.100,A,#2,HOLDING,1.552A/A
29243,2026-06-03 21:57:25,18.9250,12.00,1.108,9.100,A,#2,HOLDING,1.000A/A
29244,2026-06-03 21:57:27,18.8500,9.05,1.108,9.100,A,#2,HOLDING,1.574A/A
29245,2026-06-03 21:57:28,18.7375,9.05,1.319,17.100,A,#2,HOLDING,1.583A/A
29246,2026-06-03 21:57:31,18.6375,9.05,1.319,17.100,A,#2,HOLDING,1.597A/A
29247,2026-06-03 21:57:32,18.5500,9.05,1.319,17.100,A,#2,HOLDING,1.500A/A
29248,2026-06-03 21:57:34,18.4500,12.00,1.319,17.100,A,#2,HOLDING,1.601A/A
29249,2026-06-03 21:57:36,18.3625,12.00,1.427,16.992,A,#2,HOLDING,1.598A/A
29250,2026-06-03 21:57:38,18.2375,12.00,1.427,16.992,A,#2,HOLDING,1.591A/A
29251,2026-06-03 21:57:40,18.1500,12.00,1.427,16.992,A,#2,HOLDING,1.582A/A
29252,2026-06-03 21:57:42,18.0750,12.00,1.427,16.992,A,#3,APPROACH,1.571A/A
29253,2026-06-03 21:57:44,17.9250,12.00,1.411,0.000,B,#3,APPROACH,0.178A/B
29254,2026-06-03 21:57:47,17.7375,12.00,1.411,0.000,B,#3,APPROACH,0.261A/B
29255,2026-06-03 21:57:49,17.6375,12.00,1.411,0.000,B,#3,APPROACH,0.343A/B
29256,2026-06-03 21:57:50,17.6375,12.00,1.411,0.000,B,#3,APPROACH,0.410A/B
29257,2026-06-03 21:57:52,17.5500,2.83,1.411,0.000,B,#3,APPROACH,0.494A/B
29258,2026-06-03 21:57:54,17.5000,2.83,0.450,1.788,B,#3,APPROACH,0.604A/B
29259,2026-06-03 21:57:56,17.4375,2.83,0.450,1.788,B,#3,APPROACH,0.773A/B
29260,2026-06-03 21:57:58,17.4375,2.83,0.450,1.788,B,#3,APPROACH,0.886A/B
29261,2026-06-03 21:58:00,17.4375,6.73,0.450,1.788,B,#3,APPROACH,1.021A/B
29262,2026-06-03 21:58:01,17.4625,6.73,0.950,8.017,B,#3,APPROACH,1.000A/B
29263,2026-06-03 21:58:04,17.6125,6.73,0.950,8.017,B,#3,APPROACH,1.140A/B
29264,2026-06-03 21:58:05,17.6125,6.73,0.950,8.017,B,#3,APPROACH,1.000A/B
29265,2026-06-03 21:58:07,17.7000,7.89,0.950,8.017,B,#3,APPROACH,1.000A/B
29266,2026-06-03 21:58:09,17.8250,7.89,1.000,8.060,B,#3,APPROACH,1.239A/B
29267,2026-06-03 21:58:11,18.0750,7.89,1.000,8.060,B,#3,APPROACH,1.000A/B
29268,2026-06-03 21:58:13,18.0750,7.89,1.000,8.060,B,#3,APPROACH,1.367A/B
29269,2026-06-03 21:58:15,18.2375,10.54,1.000,8.060,B,#3,APPROACH,1.000A/B
29270,2026-06-03 21:58:17,18.4125,10.54,1.148,8.340,B,#3,APPROACH,1.431A/B
29271,2026-06-03 21:58:19,18.5875,10.54,1.148,8.340,B,#3,APPROACH,1.526A/B
29272,2026-06-03 21:58:21,18.7875,10.54,1.148,8.340,B,#3,APPROACH,1.584A/B
29273,2026-06-03 21:58:23,18.9875,12.00,1.148,8.340,B,#3,APPROACH,1.000A/B
29274,2026-06-03 21:58:24,19.1875,12.00,1.238,8.590,B,#3,APPROACH,1.634A/B
29275,2026-06-03 21:58:27,19.4000,12.00,1.238,8.590,B,#3,APPROACH,1.712A/B
29276,2026-06-03 21:58:28,19.6000,12.00,1.238,8.590,B,#3,APPROACH,1.748A/B
29277,2026-06-03 21:58:30,19.8625,12.00,1.238,8.590,B,#3,APPROACH,1.776A/B
29278,2026-06-03 21:58:32,20.1125,12.00,1.478,17.508,B,#3,HOLDING,1.744A/B
29279,2026-06-03 21:58:34,20.3125,12.00,1.478,17.508,OFF,#3,HOLDING,0.000A/OFF
29280,2026-06-03 21:58:36,20.5875,12.00,1.478,17.508,OFF,#3,HOLDING,0.000A/OFF
29281,2026-06-03 21:58:37,20.5875,12.00,1.478,17.508,OFF,#3,HOLDING,0.000A/OFF
29282,2026-06-03 21:58:38,20.8375,12.00,1.478,17.508,OFF,#3,HOLDING,0.000A/OFF
29283,2026-06-03 21:58:39,21.1125,12.00,0.000,17.508,OFF,#3,HOLDING,0.000A/OFF
29284,2026-06-03 21:58:40,21.1125,12.00,0.000,17.508,OFF,#3,HOLDING,0.000A/OFF
29285,2026-06-03 21:58:41,21.4000,12.00,0.000,0.000,OFF,#3,HOLDING,0.000A/OFF
29286,2026-06-03 21:58:42,21.4000,12.00,0.000,0.000,OFF,#3,HOLDING,0.000A/OFF
29287,2026-06-03 21:58:43,21.6500,12.00,0.000,0.000,OFF,#3,HOLDING,0.000A/OFF
29288,2026-06-03 21:58:44,21.6500,12.00,0.000,0.000,OFF,#3,HOLDING,0.000A/OFF
29289,2026-06-03 21:58:45,21.8750,12.00,0.000,0.000,OFF,#3,HOLDING,0.000A/OFF
29290,2026-06-03 21:58:46,21.8750,12.00,0.000,0.000,OFF,#3,HOLDING,0.000A/OFF
29291,2026-06-03 21:58:47,22.1500,12.00,0.000,0.000,A,#3,HOLDING,0.166A/A
29292,2026-06-03 21:58:48,22.3375,12.00,0.000,0.000,A,#3,HOLDING,0.196A/A
29293,2026-06-03 21:58:50,22.3375,12.00,0.000,0.000,A,#3,HOLDING,0.236A/A
29294,2026-06-03 21:58:52,22.5625,1.69,0.000,0.000,A,#3,HOLDING,0.275A/A
29295,2026-06-03 21:58:53,22.7375,1.69,0.253,0.585,A,#3,HOLDING,0.339A/A
29296,2026-06-03 21:58:56,23.0500,1.69,0.253,0.585,A,#3,HOLDING,0.474A/A
29297,2026-06-03 21:58:57,23.0500,1.69,0.253,0.585,A,#3,HOLDING,0.513A/A
29298,2026-06-03 21:58:59,23.2000,4.19,0.253,0.585,A,#3,HOLDING,0.597A/A
29299,2026-06-03 21:59:01,23.3125,4.19,0.553,3.014,A,#3,HOLDING,0.670A/A
29300,2026-06-03 21:59:04,23.5375,4.19,0.553,3.014,A,#3,HOLDING,0.817A/A
29301,2026-06-03 21:59:05,23.5375,4.19,0.553,3.014,A,#3,HOLDING,0.878A/A
29302,2026-06-03 21:59:07,23.6125,7.22,0.553,3.014,A,#3,HOLDING,0.973A/A
29303,2026-06-03 21:59:09,23.6875,7.22,0.923,7.881,A,#3,HOLDING,1.000A/A
29304,2026-06-03 21:59:11,23.7625,7.22,0.923,7.881,A,#3,HOLDING,1.071A/A
29305,2026-06-03 21:59:13,23.7625,7.22,0.923,7.881,A,#3,HOLDING,1.000A/A
29306,2026-06-03 21:59:15,23.8125,8.31,0.923,7.881,A,#3,HOLDING,1.148A/A
29307,2026-06-03 21:59:17,23.7875,8.31,1.070,10.906,A,#3,HOLDING,1.237A/A
29308,2026-06-03 21:59:19,23.7500,8.31,1.070,10.906,A,#3,HOLDING,1.359A/A
29309,2026-06-03 21:59:21,23.7500,8.31,1.070,10.906,A,#3,HOLDING,1.438A/A
29310,2026-06-03 21:59:22,23.7000,11.32,1.070,10.906,A,#3,HOLDING,1.500A/A
29311,2026-06-03 21:59:24,23.6750,11.32,1.500,17.952,A,#3,HOLDING,1.529A/A
29312,2026-06-03 21:59:27,23.5500,11.32,1.500,17.952,A,#3,HOLDING,1.500A/A
29313,2026-06-03 21:59:28,23.5500,11.32,1.500,17.952,A,#3,HOLDING,1.000A/A
29314,2026-06-03 21:59:30,23.4250,8.66,1.500,17.952,A,#3,HOLDING,1.617A/A
29315,2026-06-03 21:59:32,23.3375,8.66,1.484,17.628,A,#3,HOLDING,1.697A/A
29316,2026-06-03 21:59:34,23.1375,8.66,1.484,17.628,A,#3,HOLDING,1.768A/A
29317,2026-06-03 21:59:36,23.1375,8.66,1.484,17.628,A,#3,HOLDING,1.500A/A
29318,2026-06-03 21:59:38,23.0125,12.00,1.484,17.628,A,#3,HOLDING,1.000A/A
29319,2026-06-03 21:59:40,22.8875,12.00,1.015,8.990,A,#3,HOLDING,1.834A/A
29320,2026-06-03 21:59:42,22.6125,12.00,1.015,8.990,A,#3,HOLDING,1.871A/A
29321,2026-06-03 21:59:44,22.6125,12.00,1.015,8.990,A,#3,HOLDING,1.932A/A
29322,2026-06-03 21:59:46,22.4875,12.00,1.015,8.990,A,#3,HOLDING,1.000A/A
29323,2026-06-03 21:59:47,22.3250,12.00,1.053,9.060,A,#3,HOLDING,1.976A/A
29324,2026-06-03 21:59:50,22.0750,12.00,1.053,9.060,A,#3,HOLDING,1.000A/A
29325,2026-06-03 21:59:51,22.0750,12.00,1.053,9.060,A,#3,HOLDING,1.500A/A
29326,2026-06-03 21:59:53,21.9000,12.00,1.053,9.060,A,#3,HOLDING,1.000A/A
29327,2026-06-03 21:59:55,21.7625,12.00,1.039,9.120,A,#3,HOLDING,1.000A/A
29328,2026-06-03 21:59:57,21.5125,12.00,1.039,9.120,A,#3,HOLDING,1.500A/A
29329,2026-06-03 21:59:59,21.5125,12.00,1.039,9.120,A,#3,HOLDING,1.958A/A
29330,2026-06-03 22:00:01,21.3625,12.00,1.039,9.120,A,#3,HOLDING,1.000A/A
29331,2026-06-03 22:00:03,21.2125,12.00,1.024,9.130,A,#3,HOLDING,1.971A/A
29332,2026-06-03 22:00:05,21.0875,12.00,1.024,9.130,A,#3,HOLDING,1.000A/A
29333,2026-06-03 22:00:07,20.9625,12.00,1.024,9.130,A,#3,HOLDING,1.962A/A
29334,2026-06-03 22:00:09,20.8125,12.00,1.024,9.130,A,#3,HOLDING,1.500A/A
29335,2026-06-03 22:00:10,20.7000,12.00,1.425,16.932,A,#3,HOLDING,1.949A/A
29336,2026-06-03 22:00:13,20.5500,12.00,1.425,16.932,A,#3,HOLDING,1.925A/A
29337,2026-06-03 22:00:14,20.4000,12.00,1.425,16.932,A,#3,HOLDING,1.900A/A
29338,2026-06-03 22:00:16,20.3000,12.00,1.425,16.932,A,#3,HOLDING,1.872A/A
29339,2026-06-03 22:00:18,20.1500,12.00,1.413,16.800,A,#3,HOLDING,1.833A/A
29340,2026-06-03 22:00:20,20.0500,12.00,1.413,16.800,A,#3,HOLDING,1.500A/A
29341,2026-06-03 22:00:22,19.9250,12.00,1.413,16.800,A,#3,HOLDING,1.729A/A
29342,2026-06-03 22:00:24,19.8000,12.00,1.413,16.800,A,#3,HOLDING,1.500A/A
29343,2026-06-03 22:00:26,19.6500,12.00,1.399,16.632,A,#3,HOLDING,1.500A/A
29344,2026-06-03 22:00:28,19.5250,12.00,1.399,16.632,A,#3,HOLDING,1.500A/A
29345,2026-06-03 22:00:30,19.3875,12.00,1.399,16.632,A,#3,HOLDING,1.650A/A
29346,2026-06-03 22:00:31,19.2625,12.00,1.399,16.632,A,#3,HOLDING,1.500A/A
29347,2026-06-03 22:00:33,19.1375,12.00,1.393,16.644,A,#3,HOLDING,1.500A/A
29348,2026-06-03 22:00:36,18.9875,12.00,1.393,16.644,A,#3,HOLDING,1.500A/A
29349,2026-06-03 22:00:37,18.8875,12.00,1.393,16.644,A,#3,HOLDING,1.500A/A
29350,2026-06-03 22:00:39,18.7875,12.00,1.393,16.644,A,#3,HOLDING,1.000A/A
29351,2026-06-03 22:00:41,18.6375,12.00,1.000,9.500,A,#3,HOLDING,1.545A/A
29352,2026-06-03 22:00:43,18.5375,12.00,1.000,9.500,A,#3,HOLDING,1.000A/A
29353,2026-06-03 22:00:45,18.4250,12.00,1.000,9.500,A,#3,HOLDING,1.000A/A
29354,2026-06-03 22:00:47,18.3000,9.40,1.000,9.500,A,#3,HOLDING,1.410A/A
29355,2026-06-03 22:00:49,18.2125,9.40,1.191,16.500,A,#3,HOLDING,1.299A/A
29356,2026-06-03 22:00:51,18.1125,9.40,1.191,16.500,A,#3,HOLDING,1.157A/A
29357,2026-06-03 22:00:53,18.0250,9.40,1.191,16.500,A,#3,HOLDING,1.078A/A
29358,2026-06-03 22:00:54,17.9250,9.87,1.191,16.500,A,#3,HOLDING,0.954A/A
29359,2026-06-03 22:00:56,17.8375,9.87,1.014,8.757,A,#3,HOLDING,0.829A/A
29360,2026-06-03 22:00:59,17.7375,9.87,1.014,8.757,A,#3,HOLDING,0.665A/A
29361,2026-06-03 22:01:00,17.6750,9.87,1.014,8.757,A,#3,HOLDING,0.554A/A
29362,2026-06-03 22:01:02,17.5750,6.10,1.014,8.757,A,#3,HOLDING,0.418A/A
29363,2026-06-03 22:01:04,17.5000,6.10,0.484,2.081,A,#3,HOLDING,0.280A/A
29364,2026-06-03 22:01:06,17.4250,6.10,0.484,2.081,A,#3,HOLDING,0.102A/A
29365,2026-06-03 22:01:08,17.3625,6.10,0.484,2.081,OFF,#3,HOLDING,0.000A/OFF
29366,2026-06-03 22:01:09,17.3125,6.10,0.484,2.081,OFF,#3,HOLDING,0.102A/B
29367,2026-06-03 22:01:10,17.3125,12.00,0.000,2.081,B,#3,HOLDING,0.217A/B
29368,2026-06-03 22:01:12,17.3000,12.00,0.000,0.199,B,#3,HOLDING,0.355A/B
29369,2026-06-03 22:01:14,17.2250,12.00,0.000,0.199,B,#3,HOLDING,0.485A/B
29370,2026-06-03 22:01:16,17.2125,12.00,0.000,0.199,B,#3,HOLDING,0.613A/B
29371,2026-06-03 22:01:17,17.1875,4.38,0.000,0.199,B,#3,HOLDING,0.761A/B
29372,2026-06-03 22:01:19,17.2125,4.38,0.733,4.368,B,#3,HOLDING,0.895A/B
29373,2026-06-03 22:01:22,17.2125,4.38,0.733,4.368,B,#3,HOLDING,1.000A/B
29374,2026-06-03 22:01:23,17.2500,4.38,0.733,4.368,B,#3,HOLDING,1.073A/B
29375,2026-06-03 22:01:25,17.3250,8.04,0.733,4.368,B,#3,HOLDING,1.205A/B
29376,2026-06-03 22:01:27,17.3875,8.04,1.205,11.073,B,#3,HOLDING,1.336A/B
29377,2026-06-03 22:01:29,17.5125,8.04,1.205,11.073,B,#3,HOLDING,1.498A/B
29378,2026-06-03 22:01:31,17.6125,8.04,1.205,11.073,B,#3,HOLDING,1.603A/B
29379,2026-06-03 22:01:33,17.7625,11.82,1.205,11.073,B,#3,HOLDING,1.718A/B
29380,2026-06-03 22:01:35,17.9250,11.82,1.594,18.768,B,#3,HOLDING,1.825A/B
29381,2026-06-03 22:01:37,18.0750,11.82,1.594,18.768,B,#3,HOLDING,1.961A/B
29382,2026-06-03 22:01:39,18.2500,11.82,1.594,18.768,B,#3,HOLDING,2.003A/B
29383,2026-06-03 22:01:40,18.5000,12.00,1.594,18.768,B,#3,HOLDING,2.078A/B
29384,2026-06-03 22:01:42,18.7125,12.00,1.521,17.964,B,#3,HOLDING,2.000A/B
29385,2026-06-03 22:01:45,18.9625,12.00,1.521,17.964,B,#3,HOLDING,2.000A/B
29386,2026-06-03 22:01:46,19.1875,12.00,1.521,17.964,B,#3,HOLDING,2.000A/B
29387,2026-06-03 22:01:48,19.4625,12.00,1.521,17.964,B,#3,HOLDING,2.106A/B
29388,2026-06-03 22:01:50,19.7250,12.00,1.468,17.364,B,#3,HOLDING,2.000A/B
29389,2026-06-03 22:01:52,20.0250,12.00,1.468,17.364,B,#3,HOLDING,2.000A/B
29390,2026-06-03 22:01:54,20.3125,12.00,1.468,17.364,B,#3,HOLDING,1.000A/B
29391,2026-06-03 22:01:56,20.5875,8.95,1.468,17.364,B,#3,HOLDING,2.070A/B
29392,2026-06-03 22:01:58,20.9125,8.95,1.215,16.980,B,#3,HOLDING,1.500A/B
29393,2026-06-03 22:02:00,21.2125,8.95,1.215,16.980,B,#3,HOLDING,1.000A/B
29394,2026-06-03 22:02:02,21.5250,8.95,1.215,16.980,B,#3,HOLDING,1.500A/B
29395,2026-06-03 22:02:03,21.8250,12.00,1.215,16.980,B,#3,HOLDING,2.069A/B
29396,2026-06-03 22:02:05,22.1000,12.00,1.402,16.644,B,#3,HOLDING,1.500A/B
29397,2026-06-03 22:02:08,22.4000,12.00,1.402,16.644,B,#3,HOLDING,1.972A/B
29398,2026-06-03 22:02:09,22.6875,12.00,1.402,16.644,B,#3,HOLDING,1.901A/B
29399,2026-06-03 22:02:11,22.9875,12.00,1.402,16.644,B,#3,HOLDING,1.810A/B
29400,2026-06-03 22:02:13,23.2750,12.00,1.377,16.344,B,#3,HOLDING,1.000A/B
29401,2026-06-03 22:02:15,23.5500,12.00,1.377,16.344,B,#3,HOLDING,1.000A/B
29402,2026-06-03 22:02:17,23.8500,12.00,1.377,16.344,B,#3,HOLDING,1.686A/B
29403,2026-06-03 22:02:19,24.1500,12.00,1.377,16.344,B,#3,HOLDING,1.500A/B
29404,2026-06-03 22:02:21,24.4125,12.00,1.360,16.152,B,#3,HOLDING,1.500A/B
29405,2026-06-03 22:02:23,24.7125,12.00,1.360,16.152,B,#3,HOLDING,1.000A/B
29406,2026-06-03 22:02:25,24.9375,12.00,1.360,16.152,B,#3,HOLDING,1.000A/B
29407,2026-06-03 22:02:26,25.2125,9.48,1.360,16.152,B,#3,HOLDING,1.500A/B
29408,2026-06-03 22:02:28,25.5000,9.48,1.185,16.008,B,#3,HOLDING,1.000A/B
29409,2026-06-03 22:02:31,25.7750,9.48,1.185,16.008,B,#3,HOLDING,1.534A/B
29410,2026-06-03 22:02:32,26.0250,9.48,1.185,16.008,B,#3,HOLDING,1.359A/B
29411,2026-06-03 22:02:34,26.3000,12.00,1.185,16.008,B,#3,HOLDING,1.147A/B
29412,2026-06-03 22:02:36,26.5625,12.00,1.240,12.295,B,#3,HOLDING,0.925A/B
29413,2026-06-03 22:02:38,26.8125,12.00,1.240,12.295,B,#3,HOLDING,0.655A/B
29414,2026-06-03 22:02:40,27.0500,12.00,1.240,12.295,B,#3,HOLDING,0.449A/B
29415,2026-06-03 22:02:42,27.3000,5.44,1.240,12.295,B,#3,HOLDING,0.203A/B
29416,2026-06-03 22:02:44,27.5000,5.44,0.324,12.295,OFF,#3,HOLDING,0.000A/OFF
29417,2026-06-03 22:02:45,27.5000,5.44,0.324,0.696,OFF,#3,HOLDING,0.162A/A
29418,2026-06-03 22:02:46,27.7500,5.44,0.324,0.696,A,#3,HOLDING,0.392A/A
29419,2026-06-03 22:02:48,27.9625,5.44,0.324,0.696,A,#3,HOLDING,0.618A/A
29420,2026-06-03 22:02:50,28.1625,4.13,0.324,0.696,A,#3,HOLDING,0.904A/A
29421,2026-06-03 22:02:52,28.3625,4.13,0.758,5.948,A,#3,HOLDING,1.187A/A
29422,2026-06-03 22:02:54,28.5125,4.13,0.758,5.948,A,#3,HOLDING,1.000A/A
29423,2026-06-03 22:02:56,28.6750,4.13,0.758,5.948,A,#3,HOLDING,1.571A/A
29424,2026-06-03 22:02:57,28.8000,11.35,0.758,5.948,A,#3,HOLDING,1.000A/A
29425,2026-06-03 22:02:59,28.9250,11.35,1.285,7.770,A,#3,HOLDING,1.897A/A
29426,2026-06-03 22:03:02,29.0000,11.35,1.285,7.770,A,#3,HOLDING,2.250A/A
29427,2026-06-03 22:03:03,29.0625,11.35,1.285,7.770,A,#3,HOLDING,1.000A/A
29428,2026-06-03 22:03:05,29.1125,7.98,1.285,7.770,A,#3,HOLDING,1.000A/A
29429,2026-06-03 22:03:07,29.1250,7.98,1.000,8.190,A,#3,HOLDING,2.000A/A
29430,2026-06-03 22:03:09,29.1000,7.98,1.000,8.190,A,#3,HOLDING,2.449A/A
29431,2026-06-03 22:03:11,29.0625,7.98,1.000,8.190,A,#3,HOLDING,2.500A/A
29432,2026-06-03 22:03:13,29.0375,12.00,1.000,8.190,A,#3,HOLDING,1.500A/A
29433,2026-06-03 22:03:15,29.0000,12.00,1.520,17.820,A,#3,HOLDING,1.000A/A
29434,2026-06-03 22:03:17,28.9000,12.00,1.520,17.820,A,#3,HOLDING,2.689A/A
29435,2026-06-03 22:03:19,28.8000,12.00,1.520,17.820,A,#3,HOLDING,2.500A/A
29436,2026-06-03 22:03:20,28.6750,12.00,1.520,17.820,A,#3,HOLDING,1.000A/A
29437,2026-06-03 22:03:22,28.5750,12.00,1.250,8.630,A,#3,HOLDING,2.000A/A
29438,2026-06-03 22:03:25,28.4250,12.00,1.250,8.630,A,#3,HOLDING,1.500A/A
29439,2026-06-03 22:03:26,28.2625,12.00,1.250,8.630,A,#3,HOLDING,2.000A/A
29440,2026-06-03 22:03:28,28.0625,12.00,1.250,8.630,A,#3,HOLDING,1.500A/A
29441,2026-06-03 22:03:30,27.9500,12.00,1.473,17.508,A,#3,HOLDING,2.879A/A
29442,2026-06-03 22:03:32,27.7500,12.00,1.473,17.508,A,#3,HOLDING,3.000A/A
29443,2026-06-03 22:03:34,27.5750,12.00,1.473,17.508,A,#3,HOLDING,2.000A/A
29444,2026-06-03 22:03:36,27.3750,12.00,1.473,17.508,A,#3,HOLDING,2.500A/A
29445,2026-06-03 22:03:38,27.2000,12.00,1.449,17.232,A,#3,HOLDING,3.000A/A
29446,2026-06-03 22:03:40,27.0000,12.00,1.449,17.232,A,#3,HOLDING,3.000A/A
29447,2026-06-03 22:03:42,26.7875,12.00,1.449,17.232,A,#3,HOLDING,1.500A/A
29448,2026-06-03 22:03:44,26.5875,12.00,1.449,17.232,A,#3,HOLDING,1.000A/A
29449,2026-06-03 22:03:45,26.3875,12.00,1.093,9.100,A,#3,HOLDING,1.500A/A
29450,2026-06-03 22:03:48,26.1875,12.00,1.093,9.100,A,#3,HOLDING,1.000A/A
29451,2026-06-03 22:03:49,25.9750,12.00,1.093,9.100,A,#3,HOLDING,2.500A/A
29452,2026-06-03 22:03:51,25.7500,12.00,1.093,9.100,A,#3,HOLDING,2.000A/A
29453,2026-06-03 22:03:53,25.5375,12.00,1.422,16.944,A,#3,HOLDING,1.500A/A
29454,2026-06-03 22:03:55,25.3375,12.00,1.422,16.944,A,#3,HOLDING,1.000A/A
29455,2026-06-03 22:03:57,25.1375,12.00,1.422,16.944,A,#3,HOLDING,3.000A/A
29456,2026-06-03 22:03:59,24.9375,12.00,1.422,16.944,A,#3,HOLDING,2.000A/A
29457,2026-06-03 22:04:01,24.7250,12.00,1.411,16.788,A,#3,HOLDING,2.000A/A
29458,2026-06-03 22:04:03,24.5000,12.00,1.411,16.788,A,#3,HOLDING,1.500A/A
29459,2026-06-03 22:04:05,24.3250,12.00,1.411,16.788,A,#3,HOLDING,2.000A/A
29460,2026-06-03 22:04:07,24.1250,12.00,1.411,16.788,A,#3,HOLDING,2.000A/A
29461,2026-06-03 22:04:08,23.9125,12.00,1.410,16.788,A,#3,HOLDING,2.922A/A
29462,2026-06-03 22:04:11,23.6875,12.00,1.410,16.788,A,#3,HOLDING,3.000A/A
29463,2026-06-03 22:04:12,23.5125,12.00,1.410,16.788,A,#3,HOLDING,2.500A/A
29464,2026-06-03 22:04:14,23.3125,12.00,1.410,16.788,A,#3,HOLDING,3.000A/A
29465,2026-06-03 22:04:16,23.1125,12.00,1.403,16.704,A,#3,HOLDING,1.500A/A
29466,2026-06-03 22:04:19,22.9375,12.00,1.403,16.704,A,#3,HOLDING,2.000A/A
29467,2026-06-03 22:04:20,22.7375,12.00,1.403,16.704,A,#3,HOLDING,2.996A/A
29468,2026-06-03 22:04:22,22.5375,12.00,1.403,16.704,A,#3,HOLDING,1.000A/A
29469,2026-06-03 22:04:24,22.3625,12.00,1.200,9.340,A,#3,HOLDING,2.000A/A
29470,2026-06-03 22:04:26,22.1625,12.00,1.200,9.340,A,#3,HOLDING,2.000A/A
29471,2026-06-03 22:04:28,21.9875,12.00,1.200,9.340,A,#3,HOLDING,1.000A/A
29472,2026-06-03 22:04:30,21.8125,9.23,1.200,9.340,A,#4,APPROACH,1.000A/A
29473,2026-06-03 22:04:32,21.6375,9.23,1.000,9.340,OFF,#4,HOLDING,0.000A/OFF
29474,2026-06-03 22:04:33,21.6375,9.23,1.000,9.340,OFF,#4,HOLDING,0.000A/OFF
29475,2026-06-03 22:04:34,21.4875,9.23,1.000,0.000,OFF,#4,HOLDING,0.000A/OFF
29476,2026-06-03 22:04:35,21.4875,9.23,1.000,0.000,OFF,#4,HOLDING,0.000A/OFF
29477,2026-06-03 22:04:36,21.3250,9.23,1.000,0.000,OFF,#4,HOLDING,0.000A/OFF
29478,2026-06-03 22:04:37,21.1750,9.23,1.000,0.000,OFF,#4,HOLDING,0.000A/OFF
29479,2026-06-03 22:04:38,21.1750,12.00,1.000,0.000,B,#4,HOLDING,0.107A/B
29480,2026-06-03 22:04:39,21.0500,12.00,0.000,0.010,B,#4,HOLDING,0.119A/B
29481,2026-06-03 22:04:42,20.9250,12.00,0.000,0.010,B,#4,HOLDING,0.145A/B
29482,2026-06-03 22:04:43,20.8250,12.00,0.000,0.010,B,#4,HOLDING,0.188A/B
29483,2026-06-03 22:04:45,20.7500,0.92,0.000,0.010,B,#4,HOLDING,0.276A/B
29484,2026-06-03 22:04:47,20.6750,0.92,0.254,0.491,B,#4,HOLDING,0.320A/B
29485,2026-06-03 22:04:50,20.6250,0.92,0.254,0.491,B,#4,HOLDING,0.371A/B
29486,2026-06-03 22:04:51,20.6125,0.92,0.254,0.491,B,#4,HOLDING,0.404A/B
29487,2026-06-03 22:04:53,20.5625,2.92,0.254,0.491,B,#4,HOLDING,0.451A/B
29488,2026-06-03 22:04:55,20.5625,2.92,0.451,1.592,B,#4,HOLDING,0.493A/B
29489,2026-06-03 22:04:57,20.5625,2.92,0.451,1.592,B,#4,HOLDING,0.552A/B
29490,2026-06-03 22:04:59,20.5625,2.92,0.451,1.592,B,#4,HOLDING,0.587A/B
29491,2026-06-03 22:05:01,20.6125,4.66,0.451,1.592,B,#4,HOLDING,0.625A/B
29492,2026-06-03 22:05:03,20.6250,4.66,0.625,3.231,B,#4,HOLDING,0.668A/B
29493,2026-06-03 22:05:05,20.6750,4.66,0.625,3.231,B,#4,HOLDING,0.717A/B
29494,2026-06-03 22:05:06,20.7500,4.66,0.625,3.231,B,#4,HOLDING,0.745A/B
29495,2026-06-03 22:05:08,20.8000,6.14,0.625,3.231,B,#4,HOLDING,0.774A/B
29496,2026-06-03 22:05:10,20.8875,6.14,0.774,5.054,B,#4,HOLDING,0.753A/B
29497,2026-06-03 22:05:13,20.9875,6.14,0.774,5.054,B,#4,HOLDING,0.792A/B
29498,2026-06-03 22:05:14,21.0750,6.14,0.774,5.054,B,#4,HOLDING,0.810A/B
29499,2026-06-03 22:05:16,21.1750,6.86,0.774,5.054,B,#4,HOLDING,0.833A/B
29500,2026-06-03 22:05:18,21.3000,6.86,0.833,5.972,B,#4,HOLDING,0.848A/B
29501,2026-06-03 22:05:20,21.4000,6.86,0.833,5.972,B,#4,HOLDING,0.870A/B
29502,2026-06-03 22:05:22,21.5375,6.86,0.833,5.972,B,#4,HOLDING,0.873A/B
29503,2026-06-03 22:05:24,21.6625,7.49,0.833,5.972,B,#4,HOLDING,0.879A/B
29504,2026-06-03 22:05:26,21.8000,7.49,0.879,6.741,B,#4,HOLDING,0.874A/B
29505,2026-06-03 22:05:28,21.9500,7.49,0.879,6.741,B,#4,HOLDING,0.870A/B
29506,2026-06-03 22:05:30,22.0750,7.49,0.879,6.741,B,#4,HOLDING,0.858A/B
29507,2026-06-03 22:05:31,22.2000,7.51,0.879,6.741,B,#4,HOLDING,0.843A/B
29508,2026-06-03 22:05:33,22.3625,7.51,0.843,6.373,B,#4,HOLDING,0.816A/B
29509,2026-06-03 22:05:36,22.5125,7.51,0.843,6.373,B,#4,HOLDING,0.785A/B
29510,2026-06-03 22:05:37,22.6750,7.51,0.843,6.373,B,#4,HOLDING,0.751A/B
29511,2026-06-03 22:05:39,22.8250,6.84,0.843,6.373,B,#4,HOLDING,0.665A/B
29512,2026-06-03 22:05:41,23.0125,6.84,0.665,4.196,B,#4,HOLDING,0.602A/B
29513,2026-06-03 22:05:43,23.1625,6.84,0.665,4.196,B,#4,HOLDING,0.537A/B
29514,2026-06-03 22:05:45,23.3375,6.84,0.665,4.196,B,#4,HOLDING,0.472A/B
29515,2026-06-03 22:05:47,23.5125,4.79,0.665,4.196,B,#4,HOLDING,0.398A/B
29516,2026-06-03 22:05:49,23.6750,4.79,0.422,1.695,B,#4,HOLDING,0.314A/B
29517,2026-06-03 22:05:51,23.8250,4.79,0.422,1.695,B,#4,HOLDING,0.223A/B
29518,2026-06-03 22:05:53,23.9875,4.79,0.422,1.695,B,#4,HOLDING,0.141A/B
29519,2026-06-03 22:05:55,24.1375,4.79,0.422,1.695,OFF,#4,HOLDING,0.000A/OFF
29520,2026-06-03 22:05:56,24.3000,2.15,0.422,1.695,OFF,#4,HOLDING,0.000A/OFF
29521,2026-06-03 22:05:57,24.3000,2.15,0.141,1.695,OFF,#4,HOLDING,0.000A/OFF
29522,2026-06-03 22:05:58,24.4250,2.15,0.141,0.752,A,#4,HOLDING,0.127A/A
29523,2026-06-03 22:05:59,24.4250,2.15,0.141,0.752,A,#4,HOLDING,0.185A/A
29524,2026-06-03 22:06:01,24.5500,2.15,0.141,0.752,A,#4,HOLDING,0.295A/A
29525,2026-06-03 22:06:02,24.6750,2.17,0.141,0.752,A,#4,HOLDING,0.382A/A
29526,2026-06-03 22:06:04,24.8000,2.17,0.337,1.146,A,#4,HOLDING,0.517A/A
29527,2026-06-03 22:06:07,24.9000,2.17,0.337,1.146,A,#4,HOLDING,0.627A/A
29528,2026-06-03 22:06:08,24.9500,2.17,0.337,1.146,A,#4,HOLDING,0.722A/A
29529,2026-06-03 22:06:10,25.0500,5.82,0.337,1.146,A,#4,HOLDING,0.849A/A
29530,2026-06-03 22:06:12,25.1250,5.82,0.784,5.934,A,#4,HOLDING,0.975A/A
29531,2026-06-03 22:06:14,25.1250,5.82,0.784,5.934,A,#4,HOLDING,1.000A/A
29532,2026-06-03 22:06:16,25.1375,5.82,0.784,5.934,A,#4,HOLDING,1.000A/A
29533,2026-06-03 22:06:18,25.1875,8.15,0.784,5.934,A,#4,HOLDING,1.127A/A
29534,2026-06-03 22:06:20,25.1250,8.15,1.061,10.402,A,#4,HOLDING,1.000A/A
29535,2026-06-03 22:06:22,25.1250,8.15,1.061,10.402,A,#4,HOLDING,1.243A/A
29536,2026-06-03 22:06:24,25.0875,8.15,1.061,10.402,A,#4,HOLDING,1.343A/A
29537,2026-06-03 22:06:25,25.0125,10.69,1.061,10.402,A,#4,HOLDING,1.457A/A
29538,2026-06-03 22:06:27,24.9375,10.69,1.403,17.061,A,#4,HOLDING,1.000A/A
29539,2026-06-03 22:06:30,24.8875,10.69,1.403,17.061,A,#4,HOLDING,1.000A/A
29540,2026-06-03 22:06:31,24.7750,10.69,1.403,17.061,A,#4,HOLDING,1.538A/A
29541,2026-06-03 22:06:33,24.6750,12.00,1.403,17.061,A,#4,HOLDING,1.638A/A
29542,2026-06-03 22:06:35,24.5750,12.00,1.487,17.604,A,#4,HOLDING,1.000A/A
29543,2026-06-03 22:06:37,24.4250,12.00,1.487,17.604,A,#4,HOLDING,1.723A/A
29544,2026-06-03 22:06:39,24.3250,12.00,1.487,17.604,A,#4,HOLDING,1.797A/A
29545,2026-06-03 22:06:41,24.1750,12.00,1.487,17.604,A,#4,HOLDING,1.000A/A
29546,2026-06-03 22:06:43,24.0500,12.00,1.233,8.930,A,#4,HOLDING,1.000A/A
29547,2026-06-03 22:06:45,23.8750,12.00,1.233,8.930,A,#4,HOLDING,1.856A/A
29548,2026-06-03 22:06:47,23.7375,12.00,1.233,8.930,A,#4,HOLDING,1.000A/A
29549,2026-06-03 22:06:49,23.5625,8.86,1.233,8.930,A,#4,HOLDING,1.000A/A
29550,2026-06-03 22:06:50,23.4250,8.86,1.000,9.000,A,#4,HOLDING,1.890A/A
29551,2026-06-03 22:06:53,23.2750,8.86,1.000,9.000,A,#4,HOLDING,1.957A/A
29552,2026-06-03 22:06:54,23.1125,8.86,1.000,9.000,A,#4,HOLDING,1.000A/A
29553,2026-06-03 22:06:56,22.9375,8.91,1.000,9.000,A,#4,HOLDING,1.978A/A
29554,2026-06-03 22:06:58,22.8250,8.91,1.221,17.160,A,#4,HOLDING,1.000A/A
29555,2026-06-03 22:07:00,22.6250,8.91,1.221,17.160,A,#4,HOLDING,1.963A/A
29556,2026-06-03 22:07:02,22.5125,8.91,1.221,17.160,A,#4,HOLDING,1.990A/A
29557,2026-06-03 22:07:04,22.3625,12.00,1.221,17.160,A,#4,HOLDING,2.000A/A
29558,2026-06-03 22:07:06,22.2000,12.00,1.434,17.052,A,#4,HOLDING,2.007A/A
29559,2026-06-03 22:07:08,22.0500,12.00,1.434,17.052,A,#4,HOLDING,1.500A/A
29560,2026-06-03 22:07:10,21.8875,12.00,1.434,17.052,A,#4,HOLDING,1.000A/A
29561,2026-06-03 22:07:12,21.7375,9.05,1.434,17.052,A,#4,HOLDING,2.018A/A
29562,2026-06-03 22:07:13,21.5750,9.05,1.210,16.920,A,#4,HOLDING,2.004A/A
29563,2026-06-03 22:07:16,21.4250,9.05,1.210,16.920,A,#5,APPROACH,1.992A/A
29564,2026-06-03 22:07:17,21.2625,9.05,1.210,16.920,B,#5,APPROACH,0.339A/B
29565,2026-06-03 22:07:19,21.0875,9.05,1.210,16.920,B,#5,APPROACH,0.393A/B
29566,2026-06-03 22:07:21,20.9500,8.64,1.210,16.920,B,#5,APPROACH,0.465A/B
29567,2026-06-03 22:07:23,20.8000,8.64,1.106,1.622,B,#5,APPROACH,0.571A/B
29568,2026-06-03 22:07:26,20.7000,8.64,1.106,1.622,B,#5,APPROACH,0.699A/B
29569,2026-06-03 22:07:27,20.5750,8.64,1.106,1.622,B,#5,APPROACH,0.809A/B
29570,2026-06-03 22:07:29,20.5625,6.28,1.106,1.622,B,#5,APPROACH,0.940A/B
29571,2026-06-03 22:07:31,20.5375,6.28,0.872,7.003,B,#5,APPROACH,1.086A/B
29572,2026-06-03 22:07:33,20.5375,6.28,0.872,7.003,B,#5,APPROACH,1.287A/B
29573,2026-06-03 22:07:35,20.5625,6.28,0.872,7.003,B,#5,APPROACH,1.441A/B
29574,2026-06-03 22:07:37,20.6000,10.87,0.872,7.003,B,#5,APPROACH,1.000A/B
29575,2026-06-03 22:07:39,20.6750,10.87,1.220,8.120,B,#5,APPROACH,1.612A/B
29576,2026-06-03 22:07:41,20.7375,10.87,1.220,8.120,B,#5,APPROACH,1.885A/B
29577,2026-06-03 22:07:43,20.8375,10.87,1.220,8.120,B,#5,APPROACH,2.068A/B
29578,2026-06-03 22:07:45,20.9500,12.00,1.220,8.120,B,#5,APPROACH,1.000A/B
29579,2026-06-03 22:07:46,21.0750,12.00,1.269,8.450,B,#5,APPROACH,2.293A/B
29580,2026-06-03 22:07:49,21.2375,12.00,1.269,8.450,B,#5,APPROACH,2.500A/B
29581,2026-06-03 22:07:50,21.4125,12.00,1.269,8.450,B,#5,APPROACH,1.000A/B
29582,2026-06-03 22:07:52,21.5500,8.64,1.269,8.450,B,#5,APPROACH,2.500A/B
29583,2026-06-03 22:07:54,21.7500,8.64,1.474,17.676,B,#5,APPROACH,2.500A/B
29584,2026-06-03 22:07:56,21.9625,8.64,1.474,17.676,B,#5,APPROACH,1.500A/B
29585,2026-06-03 22:07:58,22.1375,8.64,1.474,17.676,B,#5,APPROACH,2.551A/B
29586,2026-06-03 22:08:00,22.3625,12.00,1.474,17.676,B,#5,APPROACH,2.000A/B
29587,2026-06-03 22:08:02,22.5875,12.00,1.443,17.112,B,#5,APPROACH,1.000A/B
29588,2026-06-03 22:08:04,22.8125,12.00,1.443,17.112,B,#5,APPROACH,2.500A/B
29589,2026-06-03 22:08:06,23.0375,12.00,1.443,17.112,B,#5,APPROACH,2.500A/B
29590,2026-06-03 22:08:08,23.2500,12.00,1.443,17.112,B,#5,APPROACH,2.706A/B
29591,2026-06-03 22:08:09,23.5250,12.00,1.411,16.728,B,#5,APPROACH,1.000A/B
29592,2026-06-03 22:08:12,23.7750,12.00,1.411,16.728,B,#5,APPROACH,1.000A/B
29593,2026-06-03 22:08:13,24.0250,12.00,1.411,16.728,B,#5,APPROACH,2.000A/B
29594,2026-06-03 22:08:15,24.2750,12.00,1.411,16.728,B,#5,APPROACH,2.500A/B
29595,2026-06-03 22:08:17,24.5250,12.00,1.381,16.392,B,#5,APPROACH,1.000A/B
29596,2026-06-03 22:08:19,24.7750,12.00,1.381,16.392,B,#5,APPROACH,2.500A/B
29597,2026-06-03 22:08:21,25.0500,12.00,1.381,16.392,B,#5,APPROACH,2.000A/B
29598,2026-06-03 22:08:23,25.2750,12.00,1.381,16.392,B,#5,APPROACH,1.000A/B
29599,2026-06-03 22:08:25,25.5250,12.00,1.035,9.490,B,#5,APPROACH,2.000A/B
29600,2026-06-03 22:08:27,25.7500,12.00,1.035,9.490,B,#5,APPROACH,2.500A/B
29601,2026-06-03 22:08:29,26.0000,12.00,1.035,9.490,B,#5,APPROACH,2.000A/B
29602,2026-06-03 22:08:31,26.1875,12.00,1.035,9.490,B,#5,APPROACH,1.000A/B
29603,2026-06-03 22:08:32,26.4375,12.00,1.034,9.560,B,#5,APPROACH,1.500A/B
29604,2026-06-03 22:08:35,26.6750,12.00,1.034,9.560,B,#5,APPROACH,2.500A/B
29605,2026-06-03 22:08:36,26.8750,12.00,1.034,9.560,B,#5,HOLDING,2.000A/B
29606,2026-06-03 22:08:38,27.0625,12.00,1.034,9.560,OFF,#5,HOLDING,0.000A/OFF
29607,2026-06-03 22:08:39,27.2875,12.00,1.034,9.560,OFF,#5,HOLDING,0.000A/OFF
29608,2026-06-03 22:08:40,27.2875,12.00,1.342,9.560,OFF,#5,HOLDING,0.000A/OFF
29609,2026-06-03 22:08:41,27.4875,12.00,1.342,0.000,OFF,#5,HOLDING,0.000A/OFF
29610,2026-06-03 22:08:42,27.4875,12.00,1.342,0.000,OFF,#5,HOLDING,0.000A/OFF
29611,2026-06-03 22:08:43,27.6875,12.00,1.342,0.000,OFF,#5,HOLDING,0.000A/OFF
29612,2026-06-03 22:08:44,27.6875,12.00,1.342,0.000,OFF,#5,HOLDING,0.000A/OFF
29613,2026-06-03 22:08:45,27.8750,12.00,1.342,0.000,OFF,#5,HOLDING,0.000A/OFF
29614,2026-06-03 22:08:46,27.8750,12.00,0.000,0.000,OFF,#5,HOLDING,0.000A/OFF
29615,2026-06-03 22:08:47,28.0750,12.00,0.000,0.000,OFF,#5,HOLDING,0.000A/OFF
29616,2026-06-03 22:08:48,28.0750,12.00,0.000,0.000,OFF,#5,HOLDING,0.000A/OFF
29617,2026-06-03 22:08:49,28.2375,12.00,0.000,0.000,OFF,#5,HOLDING,0.000A/OFF
29618,2026-06-03 22:08:50,28.2375,12.00,0.000,0.000,OFF,#5,HOLDING,0.000A/OFF
29619,2026-06-03 22:08:51,28.3875,12.00,0.000,0.000,OFF,#5,HOLDING,0.000A/OFF
29620,2026-06-03 22:08:52,28.3875,12.00,0.000,0.000,OFF,#5,HOLDING,0.000A/OFF
29621,2026-06-03 22:08:53,28.5125,12.00,0.000,0.000,OFF,#5,HOLDING,0.000A/OFF
29622,2026-06-03 22:08:54,28.6375,12.00,0.000,0.000,A,#5,HOLDING,0.103A/A
29623,2026-06-03 22:08:56,28.6375,12.00,0.000,0.000,A,#5,HOLDING,0.134A/A
29624,2026-06-03 22:08:58,28.7625,12.00,0.000,0.000,A,#5,HOLDING,0.213A/A
29625,2026-06-03 22:08:59,28.8375,1.28,0.000,0.000,A,#5,HOLDING,0.240A/A
29626,2026-06-03 22:09:01,28.9500,1.28,0.225,0.398,A,#5,HOLDING,0.304A/A
29627,2026-06-03 22:09:03,29.0500,1.28,0.225,0.398,A,#5,HOLDING,0.365A/A
29628,2026-06-03 22:09:05,29.1000,1.28,0.225,0.398,A,#5,HOLDING,0.409A/A
29629,2026-06-03 22:09:07,29.1250,3.11,0.225,0.398,A,#5,HOLDING,0.455A/A
29630,2026-06-03 22:09:09,29.1625,3.11,0.430,1.656,A,#5,HOLDING,0.507A/A
29631,2026-06-03 22:09:11,29.1875,3.11,0.430,1.656,A,#5,HOLDING,0.575A/A
29632,2026-06-03 22:09:13,29.2000,3.11,0.430,1.656,A,#5,HOLDING,0.623A/A
29633,2026-06-03 22:09:15,29.2000,5.05,0.430,1.656,A,#5,HOLDING,0.675A/A
29634,2026-06-03 22:09:16,29.2250,5.05,0.646,3.807,A,#5,HOLDING,0.733A/A
29635,2026-06-03 22:09:19,29.2000,5.05,0.646,3.807,A,#5,HOLDING,0.800A/A
29636,2026-06-03 22:09:20,29.1750,5.05,0.646,3.807,A,#5,HOLDING,0.843A/A
29637,2026-06-03 22:09:22,29.1250,7.00,0.646,3.807,A,#5,HOLDING,0.886A/A
29638,2026-06-03 22:09:24,29.0875,7.00,0.862,6.627,A,#5,HOLDING,0.934A/A
29639,2026-06-03 22:09:27,29.0125,7.00,0.862,6.627,A,#5,HOLDING,0.991A/A
29640,2026-06-03 22:09:28,28.9250,7.00,0.862,6.627,A,#5,HOLDING,1.020A/A
29641,2026-06-03 22:09:30,28.8500,8.45,0.862,6.627,A,#5,HOLDING,1.055A/A
29642,2026-06-03 22:09:32,28.7375,8.45,1.035,9.347,A,#5,HOLDING,1.000A/A
29643,2026-06-03 22:09:34,28.6125,8.45,1.035,9.347,A,#5,HOLDING,1.000A/A
29644,2026-06-03 22:09:36,28.5500,8.45,1.035,9.347,A,#5,HOLDING,1.000A/A
29645,2026-06-03 22:09:38,28.3750,8.49,1.035,9.347,A,#5,HOLDING,1.026A/A
29646,2026-06-03 22:09:40,28.2000,8.49,1.026,9.069,A,#5,HOLDING,1.000A/A
29647,2026-06-03 22:09:42,28.0250,8.49,1.026,9.069,A,#5,HOLDING,1.033A/A
29648,2026-06-03 22:09:44,27.8625,8.49,1.026,9.069,A,#5,HOLDING,1.037A/A
29649,2026-06-03 22:09:45,27.6625,8.86,1.026,9.069,A,#5,HOLDING,1.000A/A
29650,2026-06-03 22:09:47,27.5125,8.86,1.000,8.760,A,#5,HOLDING,1.032A/A
29651,2026-06-03 22:09:50,27.3125,8.86,1.000,8.760,A,#5,HOLDING,1.016A/A
29652,2026-06-03 22:09:51,27.1375,8.86,1.000,8.760,A,#5,HOLDING,0.996A/A
29653,2026-06-03 22:09:53,26.9375,8.68,1.000,8.760,A,#5,HOLDING,0.963A/A
29654,2026-06-03 22:09:55,26.7625,8.68,0.963,8.272,A,#5,HOLDING,0.925A/A
29655,2026-06-03 22:09:57,26.5625,8.68,0.963,8.272,A,#5,HOLDING,0.818A/A
29656,2026-06-03 22:09:59,26.3875,8.68,0.963,8.272,A,#5,HOLDING,0.766A/A
29657,2026-06-03 22:10:01,26.1875,7.06,0.963,8.272,A,#5,HOLDING,0.696A/A
29658,2026-06-03 22:10:03,26.0125,7.06,0.696,4.656,A,#5,HOLDING,0.623A/A
29659,2026-06-03 22:10:05,25.8125,7.06,0.696,4.656,A,#5,HOLDING,0.527A/A
29660,2026-06-03 22:10:07,25.6375,7.06,0.696,4.656,A,#5,HOLDING,0.452A/A
29661,2026-06-03 22:10:09,25.4375,4.65,0.696,4.656,A,#5,HOLDING,0.354A/A
29662,2026-06-03 22:10:10,25.2625,4.65,0.354,1.419,A,#5,HOLDING,0.252A/A
29663,2026-06-03 22:10:13,25.0875,4.65,0.354,1.419,A,#5,HOLDING,0.126A/A
29664,2026-06-03 22:10:14,24.9250,4.65,0.354,1.419,OFF,#5,HOLDING,0.000A/OFF
29665,2026-06-03 22:10:15,24.7500,4.65,0.354,1.419,OFF,#5,HOLDING,0.000A/OFF
29666,2026-06-03 22:10:16,24.7500,12.00,0.000,1.419,B,#5,HOLDING,0.100A/B
29667,2026-06-03 22:10:18,24.6375,12.00,0.000,0.177,B,#5,HOLDING,0.180A/B
29668,2026-06-03 22:10:20,24.4875,12.00,0.000,0.177,B,#5,HOLDING,0.286A/B
29669,2026-06-03 22:10:22,24.3375,12.00,0.000,0.177,B,#5,HOLDING,0.408A/B
29670,2026-06-03 22:10:23,24.2375,2.97,0.000,0.177,B,#5,HOLDING,0.541A/B
29671,2026-06-03 22:10:25,24.1125,2.97,0.518,2.320,B,#5,HOLDING,0.679A/B
29672,2026-06-03 22:10:28,24.0375,2.97,0.518,2.320,B,#5,HOLDING,0.854A/B
29673,2026-06-03 22:10:29,23.9250,2.97,0.518,2.320,B,#5,HOLDING,0.981A/B
29674,2026-06-03 22:10:31,23.8500,7.65,0.518,2.320,B,#5,HOLDING,1.125A/B
29675,2026-06-03 22:10:33,23.8125,7.65,1.103,10.057,B,#5,HOLDING,1.270A/B
29676,2026-06-03 22:10:35,23.7625,7.65,1.103,10.057,B,#5,HOLDING,1.457A/B
29677,2026-06-03 22:10:37,23.7500,7.65,1.103,10.057,B,#5,HOLDING,1.582A/B
29678,2026-06-03 22:10:39,23.7500,12.00,1.103,10.057,B,#5,HOLDING,1.728A/B
29679,2026-06-03 22:10:41,23.7500,12.00,1.547,18.312,B,#5,HOLDING,1.500A/B
29680,2026-06-03 22:10:43,23.8000,12.00,1.547,18.312,B,#5,HOLDING,1.500A/B
29681,2026-06-03 22:10:45,23.8875,12.00,1.547,18.312,B,#5,HOLDING,1.000A/B
29682,2026-06-03 22:10:46,23.9625,3.09,1.547,18.312,A,#1,APPROACH,0.516A/A
29683,2026-06-03 22:10:49,24.0750,3.09,0.000,18.312,A,#1,APPROACH,0.783A/A
29684,2026-06-03 22:10:51,24.2000,3.09,0.000,0.000,A,#1,APPROACH,1.051A/A
29685,2026-06-03 22:10:53,24.3250,3.09,0.000,0.000,A,#1,APPROACH,1.324A/A
29686,2026-06-03 22:10:54,24.4250,3.09,0.000,0.000,A,#1,APPROACH,1.533A/A
29687,2026-06-03 22:10:56,24.5375,11.36,0.000,0.000,A,#1,APPROACH,1.775A/A
29688,2026-06-03 22:10:58,24.6125,11.36,1.609,18.924,A,#1,APPROACH,2.000A/A
29689,2026-06-03 22:11:00,24.7000,11.36,1.609,18.924,A,#1,APPROACH,2.021A/A
29690,2026-06-03 22:11:02,24.7500,11.36,1.609,18.924,A,#1,APPROACH,1.000A/A
29691,2026-06-03 22:11:04,24.7500,8.25,1.609,18.924,A,#1,APPROACH,1.500A/A
29692,2026-06-03 22:11:06,24.7500,8.25,1.500,17.805,A,#1,APPROACH,2.224A/A
29693,2026-06-03 22:11:08,24.7250,8.25,1.500,17.805,A,#1,APPROACH,2.500A/A
29694,2026-06-03 22:11:10,24.7000,8.25,1.500,17.805,A,#1,APPROACH,1.500A/A
29695,2026-06-03 22:11:12,24.6500,11.94,1.500,17.805,A,#1,APPROACH,1.500A/A
29696,2026-06-03 22:11:13,24.5750,11.94,1.492,17.700,A,#1,APPROACH,2.000A/A
29697,2026-06-03 22:11:16,24.5125,11.94,1.492,17.700,A,#1,APPROACH,1.000A/A
29698,2026-06-03 22:11:17,24.3875,11.94,1.492,17.700,A,#1,APPROACH,2.000A/A
29699,2026-06-03 22:11:19,24.3000,12.00,1.492,17.700,A,#1,APPROACH,1.000A/A
29700,2026-06-03 22:11:21,24.1750,12.00,1.235,8.880,A,#1,APPROACH,2.498A/A
29701,2026-06-03 22:11:23,24.0750,12.00,1.235,8.880,A,#1,APPROACH,2.000A/A
29702,2026-06-03 22:11:25,23.9250,12.00,1.235,8.880,A,#1,APPROACH,1.500A/A
29703,2026-06-03 22:11:27,23.7750,12.00,1.235,8.880,A,#1,APPROACH,1.000A/A
29704,2026-06-03 22:11:29,23.6500,12.00,1.223,8.950,A,#1,APPROACH,2.750A/A
29705,2026-06-03 22:11:31,23.5125,12.00,1.223,8.950,A,#1,APPROACH,2.000A/A
29706,2026-06-03 22:11:33,23.3625,12.00,1.223,8.950,A,#1,APPROACH,2.500A/A
29707,2026-06-03 22:11:35,23.2250,12.00,1.223,8.950,A,#1,APPROACH,1.500A/A
29708,2026-06-03 22:11:36,23.0750,12.00,1.433,17.064,A,#1,APPROACH,1.000A/A
29709,2026-06-03 22:11:39,22.9500,12.00,1.433,17.064,A,#1,APPROACH,2.000A/A
29710,2026-06-03 22:11:40,22.8000,12.00,1.433,17.064,A,#1,APPROACH,2.500A/A
29711,2026-06-03 22:11:42,22.6375,12.00,1.433,17.064,A,#1,APPROACH,1.000A/A
29712,2026-06-03 22:11:44,22.4875,12.00,1.083,9.100,A,#1,APPROACH,1.000A/A
29713,2026-06-03 22:11:46,22.3250,12.00,1.083,9.100,A,#1,APPROACH,2.000A/A
29714,2026-06-03 22:11:48,22.1750,12.00,1.083,9.100,A,#1,APPROACH,2.934A/A
29715,2026-06-03 22:11:50,22.0500,12.00,1.083,9.100,A,#1,APPROACH,2.000A/A
29716,2026-06-03 22:11:52,21.8750,12.00,1.419,16.908,A,#1,APPROACH,2.000A/A
29717,2026-06-03 22:11:54,21.7375,12.00,1.419,16.908,A,#1,APPROACH,2.000A/A
29718,2026-06-03 22:11:56,21.5875,12.00,1.419,16.908,A,#1,APPROACH,3.000A/A
29719,2026-06-03 22:11:58,21.4625,12.00,1.419,16.908,A,#1,APPROACH,2.500A/A
29720,2026-06-03 22:11:59,21.3125,12.00,1.406,16.764,A,#1,APPROACH,2.000A/A
29721,2026-06-03 22:12:02,21.1750,12.00,1.406,16.764,A,#1,APPROACH,2.000A/A
29722,2026-06-03 22:12:03,21.0250,12.00,1.406,16.764,A,#1,APPROACH,2.000A/A
29723,2026-06-03 22:12:05,20.8375,12.00,1.406,16.764,A,#1,APPROACH,1.500A/A
29724,2026-06-03 22:12:07,20.7125,12.00,1.398,16.668,A,#1,APPROACH,2.000A/A
29725,2026-06-03 22:12:10,20.5750,12.00,1.398,16.668,A,#1,APPROACH,2.500A/A
29726,2026-06-03 22:12:11,20.4250,12.00,1.398,16.668,A,#1,APPROACH,1.500A/A
29727,2026-06-03 22:12:13,20.2750,12.00,1.398,16.668,A,#1,APPROACH,2.500A/A
29728,2026-06-03 22:12:15,20.1500,12.00,1.399,16.692,A,#1,APPROACH,2.500A/A
29729,2026-06-03 22:12:17,20.0250,12.00,1.399,16.692,A,#1,APPROACH,2.500A/A
29730,2026-06-03 22:12:19,19.8750,12.00,1.399,16.692,A,#1,APPROACH,2.000A/A
29731,2026-06-03 22:12:21,19.7375,12.00,1.399,16.692,A,#1,APPROACH,2.500A/A
29732,2026-06-03 22:12:23,19.5875,12.00,1.391,16.596,A,#1,APPROACH,1.500A/A
29733,2026-06-03 22:12:25,19.4625,12.00,1.391,16.596,A,#1,APPROACH,2.500A/A
29734,2026-06-03 22:12:27,19.3375,12.00,1.391,16.596,A,#1,APPROACH,2.500A/A
29735,2026-06-03 22:12:28,19.2000,12.00,1.391,16.596,A,#1,APPROACH,2.912A/A
29736,2026-06-03 22:12:30,19.0500,12.00,1.388,16.560,A,#1,HOLDING,2.500A/A
29737,2026-06-03 22:12:33,18.9875,12.00,1.388,16.560,OFF,#1,HOLDING,0.000A/OFF
29738,2026-06-03 22:12:34,18.8375,12.00,1.388,16.560,OFF,#1,HOLDING,0.000A/OFF
29739,2026-06-03 22:12:35,18.8375,12.00,1.388,16.560,OFF,#1,HOLDING,0.000A/OFF
29740,2026-06-03 22:12:36,18.7125,12.00,1.388,16.560,OFF,#1,HOLDING,0.000A/OFF
29741,2026-06-03 22:12:37,18.7125,12.00,0.000,16.560,OFF,#1,HOLDING,0.000A/OFF
29742,2026-06-03 22:12:38,18.5875,12.00,0.000,16.560,OFF,#1,HOLDING,0.000A/OFF
29743,2026-06-03 22:12:39,18.5875,12.00,0.000,0.000,OFF,#1,HOLDING,0.000A/OFF
29744,2026-06-03 22:12:40,18.4625,12.00,0.000,0.000,OFF,#1,HOLDING,0.000A/OFF
29745,2026-06-03 22:12:41,18.4625,12.00,0.000,0.000,A,#1,HOLDING,0.110A/A
29746,2026-06-03 22:12:43,18.3875,1.95,0.000,0.000,A,#1,HOLDING,0.115A/A
29747,2026-06-03 22:12:44,18.3125,1.95,0.115,0.224,A,#1,HOLDING,0.136A/A
29748,2026-06-03 22:12:47,18.2875,1.95,0.115,0.224,A,#1,HOLDING,0.144A/A
29749,2026-06-03 22:12:48,18.2500,1.95,0.115,0.224,A,#1,HOLDING,0.151A/A
29750,2026-06-03 22:12:50,18.2500,2.09,0.115,0.224,A,#1,HOLDING,0.163A/A
29751,2026-06-03 22:12:52,18.2125,2.09,0.163,0.361,A,#1,HOLDING,0.166A/A
29752,2026-06-03 22:12:54,18.2125,2.09,0.163,0.361,A,#1,HOLDING,0.175A/A
29753,2026-06-03 22:12:56,18.1875,2.09,0.163,0.361,A,#1,HOLDING,0.175A/A
29754,2026-06-03 22:12:58,18.2125,2.16,0.163,0.361,A,#1,HOLDING,0.185A/A
29755,2026-06-03 22:13:00,18.2375,2.16,0.185,0.425,A,#1,HOLDING,0.193A/A
29756,2026-06-03 22:13:02,18.2375,2.16,0.185,0.425,A,#1,HOLDING,0.202A/A
29757,2026-06-03 22:13:04,18.2625,2.16,0.185,0.425,A,#1,HOLDING,0.207A/A
29758,2026-06-03 22:13:06,18.3125,2.35,0.185,0.425,A,#1,HOLDING,0.218A/A
29759,2026-06-03 22:13:07,18.3500,2.35,0.218,0.549,A,#1,HOLDING,0.230A/A
29760,2026-06-03 22:13:10,18.3500,2.35,0.218,0.549,A,#1,HOLDING,0.240A/A
29761,2026-06-03 22:13:11,18.3750,2.35,0.218,0.549,A,#1,HOLDING,0.246A/A
29762,2026-06-03 22:13:13,18.4250,2.69,0.218,0.549,A,#1,HOLDING,0.260A/A
29763,2026-06-03 22:13:15,18.4500,2.69,0.260,0.741,A,#1,HOLDING,0.275A/A
29764,2026-06-03 22:13:18,18.5000,2.69,0.260,0.741,A,#1,HOLDING,0.295A/A
29765,2026-06-03 22:13:19,18.5625,2.69,0.260,0.741,A,#1,HOLDING,0.312A/A
29766,2026-06-03 22:13:21,18.5875,3.22,0.260,0.741,A,#1,HOLDING,0.330A/A
29767,2026-06-03 22:13:23,18.6250,3.22,0.330,1.138,A,#1,HOLDING,0.349A/A
29768,2026-06-03 22:13:25,18.6500,3.22,0.330,1.138,A,#1,HOLDING,0.371A/A
29769,2026-06-03 22:13:27,18.7000,3.22,0.330,1.138,A,#1,HOLDING,0.393A/A
29770,2026-06-03 22:13:29,18.7500,3.87,0.330,1.138,A,#1,HOLDING,0.418A/A
29771,2026-06-03 22:13:31,18.7875,3.87,0.418,1.751,A,#2,APPROACH,0.445A/A
29772,2026-06-03 22:13:33,18.8125,3.87,0.418,1.751,B,#2,APPROACH,0.106A/B
29773,2026-06-03 22:13:35,18.8500,3.87,0.418,1.751,B,#2,APPROACH,0.134A/B
29774,2026-06-03 22:13:37,18.8750,3.87,0.418,1.751,B,#2,APPROACH,0.185A/B
29775,2026-06-03 22:13:39,18.9375,7.16,0.185,1.751,B,#2,APPROACH,0.244A/B
29776,2026-06-03 22:13:41,18.9625,7.16,0.185,0.475,B,#2,APPROACH,0.300A/B
29777,2026-06-03 22:13:43,18.9625,7.16,0.185,0.475,B,#2,APPROACH,0.351A/B
29778,2026-06-03 22:13:44,19.0125,7.16,0.185,0.475,B,#2,APPROACH,0.396A/B
29779,2026-06-03 22:13:46,19.0750,3.27,0.185,0.475,B,#2,APPROACH,0.442A/B
29780,2026-06-03 22:13:48,19.1500,3.27,0.442,1.679,B,#2,APPROACH,0.481A/B
29781,2026-06-03 22:13:50,19.2250,3.27,0.442,1.679,B,#2,APPROACH,0.538A/B
29782,2026-06-03 22:13:52,19.3250,3.27,0.442,1.679,B,#2,APPROACH,0.565A/B
29783,2026-06-03 22:13:54,19.4125,4.78,0.442,1.679,B,#2,APPROACH,0.600A/B
29784,2026-06-03 22:13:56,19.4875,4.78,0.600,3.132,B,#2,APPROACH,0.632A/B
29785,2026-06-03 22:13:58,19.6000,4.78,0.600,3.132,B,#2,HOLDING,0.627A/B
29786,2026-06-03 22:14:00,19.6750,4.78,0.600,3.132,OFF,#2,HOLDING,0.000A/OFF
29787,2026-06-03 22:14:01,19.8000,4.78,0.600,3.132,OFF,#2,HOLDING,0.000A/OFF
29788,2026-06-03 22:14:02,19.8000,12.00,0.600,3.132,OFF,#2,HOLDING,0.000A/OFF
29789,2026-06-03 22:14:03,19.9250,12.00,0.000,3.132,OFF,#2,HOLDING,0.000A/OFF
29790,2026-06-03 22:14:04,19.9250,12.00,0.000,0.000,OFF,#2,HOLDING,0.000A/OFF
29791,2026-06-03 22:14:05,20.0375,12.00,0.000,0.000,OFF,#2,HOLDING,0.000A/OFF
29792,2026-06-03 22:14:06,20.0375,12.00,0.000,0.000,OFF,#2,HOLDING,0.000A/OFF
29793,2026-06-03 22:14:07,20.1375,12.00,0.000,0.000,OFF,#2,HOLDING,0.000A/OFF
29794,2026-06-03 22:14:08,20.1375,12.00,0.000,0.000,OFF,#2,HOLDING,0.000A/OFF
29795,2026-06-03 22:14:09,20.2875,12.00,0.000,0.000,OFF,#2,HOLDING,0.000A/OFF
29796,2026-06-03 22:14:10,20.2875,12.00,0.000,0.000,OFF,#2,HOLDING,0.000A/OFF
29797,2026-06-03 22:14:11,20.3875,12.00,0.000,0.000,OFF,#2,HOLDING,0.000A/OFF
29798,2026-06-03 22:14:12,20.3875,12.00,0.000,0.000,B,#2,HOLDING,0.108A/B
29799,2026-06-03 22:14:13,20.5375,12.00,0.000,0.000,B,#2,HOLDING,0.000A/OFF
29800,2026-06-03 22:14:14,20.6375,12.00,0.000,0.000,OFF,#2,HOLDING,0.000A/OFF
29801,2026-06-03 22:14:15,20.6375,12.00,0.000,0.000,OFF,#2,HOLDING,0.000A/OFF
29802,2026-06-03 22:14:16,20.7000,12.00,1.579,0.000,OFF,#2,HOLDING,0.000A/OFF
29803,2026-06-03 22:14:17,20.7000,12.00,1.579,18.648,OFF,#2,HOLDING,0.000A/OFF
29804,2026-06-03 22:14:18,20.7812,12.00,1.579,18.648,OFF,#2,HOLDING,0.000A/OFF
29805,2026-06-03 22:14:19,20.7812,12.00,1.579,18.648,OFF,#2,HOLDING,0.000A/OFF
29806,2026-06-03 22:14:20,20.9250,12.00,1.579,18.648,OFF,#2,HOLDING,0.000A/OFF
29807,2026-06-03 22:14:21,20.9250,12.00,1.579,18.648,OFF,#2,HOLDING,0.000A/OFF
29808,2026-06-03 22:14:22,21.0500,12.00,0.000,18.648,OFF,#2,HOLDING,0.000A/OFF
29809,2026-06-03 22:14:23,21.0500,12.00,0.000,0.000,OFF,#2,HOLDING,0.000A/OFF
29810,2026-06-03 22:14:24,21.1750,12.00,0.000,0.000,OFF,#2,HOLDING,0.000A/OFF
29811,2026-06-03 22:14:25,21.3250,12.00,0.000,0.000,OFF,#2,HOLDING,0.000A/OFF
29812,2026-06-03 22:14:26,21.3250,12.00,0.000,0.000,OFF,#2,HOLDING,0.000A/OFF
29813,2026-06-03 22:14:27,21.4250,12.00,0.000,0.000,OFF,#2,HOLDING,0.000A/OFF
29814,2026-06-03 22:14:28,21.4250,12.00,0.000,0.000,OFF,#2,HOLDING,0.000A/OFF
29815,2026-06-03 22:14:29,21.5500,12.00,0.000,0.000,A,#2,HOLDING,0.139A/A
29816,2026-06-03 22:14:31,21.6125,12.00,0.000,0.000,A,#2,HOLDING,0.175A/A
29817,2026-06-03 22:14:33,21.7375,12.00,0.000,0.000,A,#2,HOLDING,0.235A/A
29818,2026-06-03 22:14:35,21.7375,2.09,0.000,0.000,A,#2,HOLDING,0.258A/A
29819,2026-06-03 22:14:37,21.8250,2.09,0.244,0.616,A,#2,HOLDING,0.315A/A
29820,2026-06-03 22:14:39,21.9750,2.09,0.244,0.616,A,#2,HOLDING,0.390A/A
29821,2026-06-03 22:14:41,22.0500,2.09,0.244,0.616,A,#2,HOLDING,0.452A/A
29822,2026-06-03 22:14:43,22.0500,3.93,0.244,0.616,A,#2,HOLDING,0.502A/A
29823,2026-06-03 22:14:44,22.0750,3.93,0.475,2.253,A,#2,HOLDING,0.551A/A
29824,2026-06-03 22:14:47,22.1625,3.93,0.475,2.253,A,#2,HOLDING,0.633A/A
29825,2026-06-03 22:14:48,22.2125,3.93,0.475,2.253,A,#2,HOLDING,0.696A/A
29826,2026-06-03 22:14:50,22.2125,6.01,0.475,2.253,A,#2,HOLDING,0.757A/A
29827,2026-06-03 22:14:52,22.2125,6.01,0.724,5.026,A,#2,HOLDING,0.813A/A
29828,2026-06-03 22:14:55,22.2500,6.01,0.724,5.026,A,#2,HOLDING,0.895A/A
29829,2026-06-03 22:14:56,22.2250,6.01,0.724,5.026,A,#2,HOLDING,0.946A/A
29830,2026-06-03 22:14:58,22.2250,7.99,0.724,5.026,A,#2,HOLDING,1.010A/A
29831,2026-06-03 22:15:00,22.1875,7.99,0.975,8.665,A,#2,HOLDING,1.000A/A
29832,2026-06-03 22:15:02,22.1375,7.99,0.975,8.665,A,#2,HOLDING,1.061A/A
29833,2026-06-03 22:15:04,22.0875,7.99,0.975,8.665,A,#2,HOLDING,1.103A/A
29834,2026-06-03 22:15:06,22.0875,9.25,0.975,8.665,A,#2,HOLDING,1.000A/A
29835,2026-06-03 22:15:08,22.0250,9.25,1.050,8.660,A,#2,HOLDING,1.161A/A
29836,2026-06-03 22:15:10,21.9000,9.25,1.050,8.660,A,#2,HOLDING,1.218A/A
29837,2026-06-03 22:15:12,21.8250,9.25,1.050,8.660,A,#2,HOLDING,1.248A/A
29838,2026-06-03 22:15:13,21.8250,10.35,1.050,8.660,A,#2,HOLDING,1.303A/A
29839,2026-06-03 22:15:15,21.7750,10.35,1.272,14.241,A,#2,HOLDING,1.353A/A
29840,2026-06-03 22:15:18,21.5750,10.35,1.272,14.241,A,#2,HOLDING,1.000A/A
29841,2026-06-03 22:15:19,21.4750,10.35,1.272,14.241,A,#2,HOLDING,1.323A/A
29842,2026-06-03 22:15:21,21.4750,11.00,1.272,14.241,A,#2,HOLDING,1.365A/A
29843,2026-06-03 22:15:23,21.3875,11.00,1.365,15.697,A,#2,HOLDING,1.405A/A
29844,2026-06-03 22:15:25,21.1500,11.00,1.365,15.697,A,#2,HOLDING,1.000A/A
29845,2026-06-03 22:15:27,21.0500,11.00,1.365,15.697,A,#2,HOLDING,1.419A/A
29846,2026-06-03 22:15:29,21.0500,11.75,1.365,15.697,A,#2,HOLDING,1.000A/A
29847,2026-06-03 22:15:31,20.8875,11.75,1.212,9.020,A,#2,HOLDING,1.000A/A
29848,2026-06-03 22:15:33,20.6375,11.75,1.212,9.020,A,#2,HOLDING,1.442A/A
29849,2026-06-03 22:15:35,20.6375,11.75,1.212,9.020,A,#2,HOLDING,1.447A/A
29850,2026-06-03 22:15:36,20.5125,11.90,1.212,9.020,A,#2,HOLDING,1.451A/A
29851,2026-06-03 22:15:38,20.3875,11.90,1.443,17.148,A,#2,HOLDING,1.452A/A
29852,2026-06-03 22:15:41,20.1375,11.90,1.443,17.148,A,#2,HOLDING,1.417A/A
29853,2026-06-03 22:15:42,20.1375,11.90,1.443,17.148,A,#2,HOLDING,1.416A/A
29854,2026-06-03 22:15:44,20.0375,11.81,1.443,17.148,A,#2,HOLDING,1.401A/A
29855,2026-06-03 22:15:46,19.9000,11.81,1.401,16.699,A,#2,HOLDING,1.385A/A
29856,2026-06-03 22:15:48,19.6750,11.81,1.401,16.699,A,#3,APPROACH,1.000A/A
29857,2026-06-03 22:15:50,19.6750,11.81,1.401,16.699,B,#3,APPROACH,0.206A/B
29858,2026-06-03 22:15:52,19.5250,11.81,1.401,16.699,B,#3,APPROACH,0.248A/B
29859,2026-06-03 22:15:54,19.4250,9.89,1.401,16.699,B,#3,APPROACH,0.310A/B
29860,2026-06-03 22:15:56,19.2750,9.89,1.033,0.694,B,#3,APPROACH,0.404A/B
29861,2026-06-03 22:15:58,19.1000,9.89,1.033,0.694,B,#3,APPROACH,0.533A/B
29862,2026-06-03 22:16:00,19.0625,9.89,1.033,0.694,B,#3,APPROACH,0.626A/B
29863,2026-06-03 22:16:02,19.0625,4.81,1.033,0.694,B,#3,APPROACH,0.743A/B
29864,2026-06-03 22:16:04,19.0625,4.81,0.682,4.450,B,#3,APPROACH,0.873A/B
29865,2026-06-03 22:16:06,19.1250,4.81,0.682,4.450,B,#3,APPROACH,1.058A/B
29866,2026-06-03 22:16:08,19.1625,4.81,0.682,4.450,B,#3,APPROACH,1.000A/B
29867,2026-06-03 22:16:09,19.2375,7.85,0.682,4.450,B,#3,APPROACH,1.000A/B
29868,2026-06-03 22:16:11,19.2375,7.85,1.000,8.040,B,#3,APPROACH,1.190A/B
29869,2026-06-03 22:16:14,19.4000,7.85,1.000,8.040,B,#3,APPROACH,1.000A/B
29870,2026-06-03 22:16:15,19.4000,7.85,1.000,8.040,B,#3,APPROACH,1.000A/B
29871,2026-06-03 22:16:17,19.6375,8.23,1.000,8.040,B,#3,APPROACH,1.363A/B
29872,2026-06-03 22:16:19,19.6375,8.23,1.178,14.652,B,#3,APPROACH,1.511A/B
29873,2026-06-03 22:16:21,19.9500,8.23,1.178,14.652,B,#3,APPROACH,1.000A/B
29874,2026-06-03 22:16:23,19.9500,8.23,1.178,14.652,B,#3,APPROACH,1.669A/B
29875,2026-06-03 22:16:25,20.2625,12.00,1.178,14.652,B,#3,APPROACH,1.500A/B
29876,2026-06-03 22:16:27,20.2625,12.00,1.500,17.868,B,#3,APPROACH,1.776A/B
29877,2026-06-03 22:16:29,20.6375,12.00,1.500,17.868,B,#3,APPROACH,1.500A/B
29878,2026-06-03 22:16:31,20.6375,12.00,1.500,17.868,B,#3,APPROACH,1.875A/B
29879,2026-06-03 22:16:32,21.0875,12.00,1.500,17.868,B,#3,APPROACH,1.000A/B
29880,2026-06-03 22:16:34,21.0875,12.00,1.230,8.970,B,#3,APPROACH,1.931A/B
29881,2026-06-03 22:16:37,21.5875,12.00,1.230,8.970,B,#3,APPROACH,1.962A/B
29882,2026-06-03 22:16:38,21.5875,12.00,1.230,8.970,B,#3,APPROACH,2.000A/B
29883,2026-06-03 22:16:40,21.8125,12.00,1.230,8.970,B,#3,APPROACH,2.039A/B
29884,2026-06-03 22:16:42,22.0875,12.00,1.428,16.932,B,#3,APPROACH,2.094A/B
29885,2026-06-03 22:16:44,22.6125,12.00,1.428,16.932,B,#3,HOLDING,1.000A/B
29886,2026-06-03 22:16:46,22.6125,12.00,1.428,16.932,OFF,#3,HOLDING,0.000A/OFF
29887,2026-06-03 22:16:47,22.8500,12.00,1.428,16.932,OFF,#3,HOLDING,0.000A/OFF
29888,2026-06-03 22:16:48,23.1500,12.00,1.428,16.932,OFF,#3,HOLDING,0.000A/OFF
29889,2026-06-03 22:16:49,23.1500,12.00,0.000,16.932,OFF,#3,HOLDING,0.000A/OFF
29890,2026-06-03 22:16:50,23.4000,12.00,0.000,0.000,OFF,#3,HOLDING,0.000A/OFF
29891,2026-06-03 22:16:51,23.4000,12.00,0.000,0.000,OFF,#3,HOLDING,0.000A/OFF
29892,2026-06-03 22:16:52,23.7000,12.00,0.000,0.000,OFF,#3,HOLDING,0.000A/OFF
29893,2026-06-03 22:16:53,23.7000,12.00,0.000,0.000,OFF,#3,HOLDING,0.000A/OFF
29894,2026-06-03 22:16:54,23.9125,12.00,0.000,0.000,OFF,#3,HOLDING,0.000A/OFF
29895,2026-06-03 22:16:55,23.9125,12.00,0.000,0.000,OFF,#3,HOLDING,0.000A/OFF
29896,2026-06-03 22:16:56,24.1625,12.00,0.000,0.000,OFF,#3,HOLDING,0.000A/OFF
29897,2026-06-03 22:16:57,24.1625,12.00,0.000,0.000,OFF,#3,HOLDING,0.000A/OFF
29898,2026-06-03 22:16:58,24.3625,12.00,0.000,0.000,OFF,#3,HOLDING,0.000A/OFF
29899,2026-06-03 22:16:59,24.3625,12.00,0.000,0.000,OFF,#3,HOLDING,0.000A/OFF
29900,2026-06-03 22:17:00,24.5375,12.00,0.000,0.000,OFF,#3,HOLDING,0.000A/OFF
29901,2026-06-03 22:17:01,24.5375,12.00,0.000,0.000,OFF,#3,HOLDING,0.000A/OFF
29902,2026-06-03 22:17:02,24.7375,12.00,0.000,0.000,A,#3,HOLDING,0.183A/A
29903,2026-06-03 22:17:04,24.8875,12.00,0.000,0.000,A,#3,HOLDING,0.228A/A
29904,2026-06-03 22:17:06,24.9875,12.00,0.000,0.000,A,#3,HOLDING,0.289A/A
29905,2026-06-03 22:17:08,25.1375,2.12,0.000,0.000,A,#3,HOLDING,0.333A/A
29906,2026-06-03 22:17:10,25.2875,2.12,0.318,0.879,A,#3,HOLDING,0.406A/A
29907,2026-06-03 22:17:12,25.3875,2.12,0.318,0.879,A,#3,HOLDING,0.492A/A
29908,2026-06-03 22:17:14,25.4750,2.12,0.318,0.879,A,#3,HOLDING,0.552A/A
29909,2026-06-03 22:17:15,25.5500,4.52,0.318,0.879,A,#3,HOLDING,0.621A/A
29910,2026-06-03 22:17:17,25.6250,4.52,0.596,3.260,A,#3,HOLDING,0.699A/A
29911,2026-06-03 22:17:20,25.6750,4.52,0.596,3.260,A,#3,HOLDING,0.793A/A
29912,2026-06-03 22:17:21,25.7000,4.52,0.596,3.260,A,#3,HOLDING,0.857A/A
29913,2026-06-03 22:17:23,25.7250,7.07,0.596,3.260,A,#3,HOLDING,0.932A/A
29914,2026-06-03 22:17:25,25.7500,7.07,0.911,7.260,A,#3,HOLDING,1.011A/A
29915,2026-06-03 22:17:27,25.7500,7.07,0.911,7.260,A,#3,HOLDING,1.110A/A
29916,2026-06-03 22:17:29,25.7125,7.07,0.911,7.260,A,#3,HOLDING,1.169A/A
29917,2026-06-03 22:17:31,25.6875,9.45,0.911,7.260,A,#3,HOLDING,1.241A/A
29918,2026-06-03 22:17:33,25.6500,9.45,1.224,12.521,A,#3,HOLDING,1.311A/A
29919,2026-06-03 22:17:35,25.6000,9.45,1.224,12.521,A,#3,HOLDING,1.403A/A
29920,2026-06-03 22:17:37,25.5000,9.45,1.224,12.521,A,#3,HOLDING,1.451A/A
29921,2026-06-03 22:17:39,25.4250,11.48,1.224,12.521,A,#3,HOLDING,1.511A/A
29922,2026-06-03 22:17:40,25.3000,11.48,1.490,17.904,A,#3,HOLDING,1.559A/A
29923,2026-06-03 22:17:43,25.2250,11.48,1.490,17.904,A,#3,HOLDING,1.638A/A
29924,2026-06-03 22:17:44,25.0875,11.48,1.490,17.904,A,#3,HOLDING,1.670A/A
29925,2026-06-03 22:17:46,24.9625,12.00,1.490,17.904,A,#3,HOLDING,1.715A/A
29926,2026-06-03 22:17:48,24.8250,12.00,1.476,17.544,A,#3,HOLDING,1.746A/A
29927,2026-06-03 22:17:50,24.6500,12.00,1.476,17.544,A,#3,HOLDING,1.790A/A
29928,2026-06-03 22:17:52,24.5125,12.00,1.476,17.544,A,#3,HOLDING,1.764A/A
29929,2026-06-03 22:17:54,24.3375,12.00,1.476,17.544,A,#3,HOLDING,1.000A/A
29930,2026-06-03 22:17:56,24.2000,12.00,1.059,8.930,A,#3,HOLDING,1.000A/A
29931,2026-06-03 22:17:58,24.0000,12.00,1.059,8.930,A,#3,HOLDING,1.789A/A
29932,2026-06-03 22:18:00,23.8250,12.00,1.059,8.930,A,#3,HOLDING,1.500A/A
29933,2026-06-03 22:18:02,23.6750,12.00,1.059,8.930,A,#3,HOLDING,1.000A/A
29934,2026-06-03 22:18:03,23.5125,12.00,1.020,8.980,A,#3,HOLDING,1.793A/A
29935,2026-06-03 22:18:06,23.3375,12.00,1.020,8.980,A,#3,HOLDING,1.500A/A
29936,2026-06-03 22:18:07,23.2000,12.00,1.020,8.980,A,#3,HOLDING,1.785A/A
29937,2026-06-03 22:18:09,23.0250,12.00,1.020,8.980,A,#3,HOLDING,1.762A/A
29938,2026-06-03 22:18:11,22.8625,12.00,1.428,17.004,A,#3,HOLDING,1.000A/A
29939,2026-06-03 22:18:13,22.6875,12.00,1.428,17.004,A,#3,HOLDING,1.733A/A
29940,2026-06-03 22:18:15,22.5125,12.00,1.428,17.004,A,#3,HOLDING,1.641A/A
29941,2026-06-03 22:18:17,22.3625,12.00,1.428,17.004,A,#3,HOLDING,1.588A/A
29942,2026-06-03 22:18:19,22.2000,12.00,1.420,16.932,A,#3,HOLDING,1.000A/A
29943,2026-06-03 22:18:21,22.0500,12.00,1.420,16.932,A,#3,HOLDING,1.000A/A
29944,2026-06-03 22:18:23,21.8875,12.00,1.420,16.932,A,#3,HOLDING,1.500A/A
29945,2026-06-03 22:18:25,21.7375,12.00,1.420,16.932,A,#3,HOLDING,1.000A/A
29946,2026-06-03 22:18:26,21.5750,12.00,1.035,9.130,A,#3,HOLDING,1.493A/A
29947,2026-06-03 22:18:29,21.4250,12.00,1.035,9.130,A,#3,HOLDING,1.388A/A
29948,2026-06-03 22:18:30,21.2625,12.00,1.035,9.130,A,#3,HOLDING,1.300A/A
29949,2026-06-03 22:18:32,21.1125,11.03,1.035,9.130,A,#3,HOLDING,1.201A/A
29950,2026-06-03 22:18:34,20.9500,11.03,1.201,12.658,A,#3,HOLDING,1.090A/A
29951,2026-06-03 22:18:37,20.8000,11.03,1.201,12.658,A,#3,HOLDING,0.956A/A
29952,2026-06-03 22:18:38,20.6375,11.03,1.201,12.658,A,#3,HOLDING,0.848A/A
29953,2026-06-03 22:18:40,20.5125,8.01,1.201,12.658,A,#3,HOLDING,0.765A/A
29954,2026-06-03 22:18:42,20.3875,8.01,0.765,5.745,A,#3,HOLDING,0.639A/A
29955,2026-06-03 22:18:44,20.2375,8.01,0.765,5.745,A,#3,HOLDING,0.474A/A
29956,2026-06-03 22:18:46,20.1125,8.01,0.765,5.745,A,#3,HOLDING,0.355A/A
29957,2026-06-03 22:18:48,19.9875,4.23,0.765,5.745,A,#3,HOLDING,0.212A/A
29958,2026-06-03 22:18:50,19.9000,4.23,0.261,5.745,OFF,#3,HOLDING,0.000A/OFF
29959,2026-06-03 22:18:51,19.9000,4.23,0.261,0.665,OFF,#3,HOLDING,0.000A/OFF
29960,2026-06-03 22:18:52,19.8000,4.23,0.261,0.665,OFF,#3,HOLDING,0.000A/OFF
29961,2026-06-03 22:18:53,19.8000,4.23,0.261,0.665,B,#3,HOLDING,0.155A/B
29962,2026-06-03 22:18:55,19.6875,4.23,0.261,0.665,B,#3,HOLDING,0.319A/B
29963,2026-06-03 22:18:56,19.5875,3.26,0.319,0.665,B,#3,HOLDING,0.451A/B
29964,2026-06-03 22:18:58,19.5250,3.26,0.319,1.492,B,#3,HOLDING,0.606A/B
29965,2026-06-03 22:19:00,19.5000,3.26,0.319,1.492,B,#3,HOLDING,0.735A/B
29966,2026-06-03 22:19:01,19.4375,3.26,0.319,1.492,B,#3,HOLDING,0.870A/B
29967,2026-06-03 22:19:03,19.4625,6.56,0.319,1.492,B,#3,HOLDING,1.020A/B
29968,2026-06-03 22:19:05,19.4750,6.56,0.989,8.098,B,#3,HOLDING,1.171A/B
29969,2026-06-03 22:19:07,19.5000,6.56,0.989,8.098,B,#3,HOLDING,1.361A/B
29970,2026-06-03 22:19:09,19.5125,6.56,0.989,8.098,B,#3,HOLDING,1.493A/B
29971,2026-06-03 22:19:11,19.5875,11.12,0.989,8.098,B,#3,HOLDING,1.634A/B
29972,2026-06-03 22:19:13,19.7000,11.12,1.593,18.888,B,#3,HOLDING,1.770A/B
29973,2026-06-03 22:19:15,19.8000,11.12,1.593,18.888,B,#3,HOLDING,1.944A/B
29974,2026-06-03 22:19:17,19.9250,11.12,1.593,18.888,B,#3,HOLDING,1.000A/B
29975,2026-06-03 22:19:18,20.0750,8.42,1.593,18.888,B,#3,HOLDING,1.500A/B
29976,2026-06-03 22:19:20,20.2500,8.42,1.458,17.925,B,#3,HOLDING,2.032A/B
29977,2026-06-03 22:19:23,20.4500,8.42,1.458,17.925,B,#3,HOLDING,1.500A/B
29978,2026-06-03 22:19:24,20.6750,8.42,1.458,17.925,B,#3,HOLDING,1.500A/B
29979,2026-06-03 22:19:26,20.8750,12.00,1.458,17.925,B,#3,HOLDING,1.000A/B
29980,2026-06-03 22:19:28,21.0625,12.00,1.052,8.840,B,#3,HOLDING,2.088A/B
29981,2026-06-03 22:19:30,21.2875,12.00,1.052,8.840,B,#3,HOLDING,2.196A/B
29982,2026-06-03 22:19:32,21.5250,12.00,1.052,8.840,B,#3,HOLDING,1.500A/B
29983,2026-06-03 22:19:34,21.7750,12.00,1.052,8.840,B,#3,HOLDING,1.500A/B
29984,2026-06-03 22:19:36,22.0250,12.00,1.440,17.064,B,#3,HOLDING,2.000A/B
29985,2026-06-03 22:19:38,22.3000,12.00,1.440,17.064,B,#3,HOLDING,2.000A/B
29986,2026-06-03 22:19:40,22.5250,12.00,1.440,17.064,B,#3,HOLDING,1.500A/B
29987,2026-06-03 22:19:42,22.8000,12.00,1.440,17.064,B,#3,HOLDING,1.000A/B
29988,2026-06-03 22:19:43,23.0625,12.00,1.027,9.260,B,#3,HOLDING,2.132A/B
29989,2026-06-03 22:19:46,23.3375,12.00,1.027,9.260,B,#3,HOLDING,1.000A/B
29990,2026-06-03 22:19:47,23.5625,12.00,1.027,9.260,B,#3,HOLDING,2.152A/B
29991,2026-06-03 22:19:49,23.8375,12.00,1.027,9.260,B,#3,HOLDING,2.141A/B
29992,2026-06-03 22:19:51,24.1125,12.00,1.382,16.404,B,#3,HOLDING,2.115A/B
29993,2026-06-03 22:19:53,24.3375,12.00,1.382,16.404,B,#3,HOLDING,2.087A/B
29994,2026-06-03 22:19:55,24.5875,12.00,1.382,16.404,B,#3,HOLDING,1.000A/B
29995,2026-06-03 22:19:57,24.8625,9.41,1.382,16.404,B,#3,HOLDING,1.000A/B
29996,2026-06-03 22:19:59,25.1250,9.41,1.000,9.560,B,#3,HOLDING,1.964A/B
29997,2026-06-03 22:20:01,25.3750,9.41,1.000,9.560,B,#3,HOLDING,1.874A/B
29998,2026-06-03 22:20:03,25.5875,9.41,1.000,9.560,B,#3,HOLDING,1.801A/B
29999,2026-06-03 22:20:05,25.8375,12.00,1.000,9.560,B,#3,HOLDING,1.705A/B
30000,2026-06-03 22:20:06,26.0500,12.00,1.351,16.044,B,#3,HOLDING,1.601A/B
30001,2026-06-03 22:20:09,26.2750,12.00,1.351,16.044,B,#3,HOLDING,1.469A/B
30002,2026-06-03 22:20:10,26.4875,12.00,1.351,16.044,B,#3,HOLDING,1.364A/B
30003,2026-06-03 22:20:12,26.7375,12.00,1.351,16.044,B,#3,HOLDING,1.282A/B
30004,2026-06-03 22:20:14,26.9250,12.00,1.282,15.037,B,#3,HOLDING,1.000A/B
30005,2026-06-03 22:20:17,27.1500,12.00,1.282,15.037,B,#3,HOLDING,1.142A/B
30006,2026-06-03 22:20:18,27.3750,12.00,1.282,15.037,B,#3,HOLDING,1.007A/B
30007,2026-06-03 22:20:20,27.5750,9.63,1.282,15.037,B,#3,HOLDING,0.851A/B
30008,2026-06-03 22:20:22,27.8000,9.63,0.851,7.369,B,#3,HOLDING,0.683A/B
30009,2026-06-03 22:20:24,28.0000,9.63,0.851,7.369,B,#3,HOLDING,0.464A/B
30010,2026-06-03 22:20:26,28.2125,9.63,0.851,7.369,B,#3,HOLDING,0.303A/B
30011,2026-06-03 22:20:28,28.4125,4.29,0.851,7.369,B,#3,HOLDING,0.115A/B
30012,2026-06-03 22:20:29,28.6125,4.29,0.135,7.369,OFF,#3,HOLDING,0.000A/OFF
30013,2026-06-03 22:20:30,28.6125,4.29,0.135,0.301,OFF,#3,HOLDING,0.174A/A
30014,2026-06-03 22:20:32,28.7875,4.29,0.135,0.301,A,#3,HOLDING,0.340A/A
30015,2026-06-03 22:20:34,28.9250,4.29,0.135,0.301,A,#3,HOLDING,0.516A/A
30016,2026-06-03 22:20:36,29.1250,3.52,0.135,0.301,A,#3,HOLDING,0.741A/A
30017,2026-06-03 22:20:37,29.2375,3.52,0.629,4.194,A,#3,HOLDING,0.950A/A
30018,2026-06-03 22:20:40,29.3875,3.52,0.629,4.194,A,#3,HOLDING,1.234A/A
30019,2026-06-03 22:20:41,29.4875,3.52,0.629,4.194,A,#3,HOLDING,1.424A/A
30020,2026-06-03 22:20:43,29.5875,10.57,0.629,4.194,A,#3,HOLDING,1.500A/A
30021,2026-06-03 22:20:45,29.6250,10.57,1.471,17.070,A,#3,HOLDING,1.500A/A
30022,2026-06-03 22:20:47,29.6750,10.57,1.471,17.070,A,#3,HOLDING,1.000A/A
30023,2026-06-03 22:20:49,29.6875,10.57,1.471,17.070,A,#3,HOLDING,1.000A/A
30024,2026-06-03 22:20:51,29.6875,8.14,1.471,17.070,A,#3,HOLDING,1.650A/A
30025,2026-06-03 22:20:53,29.6500,8.14,1.481,18.456,A,#3,HOLDING,1.867A/A
30026,2026-06-03 22:20:55,29.6250,8.14,1.481,18.456,A,#3,HOLDING,1.500A/A
30027,2026-06-03 22:20:57,29.5500,8.14,1.481,18.456,A,#3,HOLDING,1.000A/A
30028,2026-06-03 22:20:59,29.4750,8.43,1.481,18.456,A,#3,HOLDING,1.500A/A
30029,2026-06-03 22:21:00,29.3625,8.43,1.373,17.916,A,#3,HOLDING,2.135A/A
30030,2026-06-03 22:21:03,29.2375,8.43,1.373,17.916,A,#3,HOLDING,1.000A/A
30031,2026-06-03 22:21:04,29.1375,8.43,1.373,17.916,A,#3,HOLDING,1.500A/A
30032,2026-06-03 22:21:06,28.9625,11.93,1.373,17.916,A,#3,HOLDING,2.000A/A
30033,2026-06-03 22:21:08,28.8250,11.93,1.485,17.640,A,#3,HOLDING,1.000A/A
30034,2026-06-03 22:21:10,28.6250,11.93,1.485,17.640,A,#3,HOLDING,2.000A/A
30035,2026-06-03 22:21:12,28.4875,11.93,1.485,17.640,A,#3,HOLDING,1.000A/A
30036,2026-06-03 22:21:14,28.3125,8.77,1.485,17.640,A,#3,HOLDING,2.000A/A
30037,2026-06-03 22:21:16,28.1000,8.77,1.464,17.424,A,#3,HOLDING,1.500A/A
30038,2026-06-03 22:21:18,27.8750,8.77,1.464,17.424,A,#3,HOLDING,2.307A/A
30039,2026-06-03 22:21:20,27.7000,8.77,1.464,17.424,A,#3,HOLDING,2.429A/A
30040,2026-06-03 22:21:22,27.5000,12.00,1.464,17.424,A,#3,HOLDING,2.500A/A
30041,2026-06-03 22:21:23,27.2875,12.00,1.435,17.112,A,#3,HOLDING,2.554A/A
30042,2026-06-03 22:21:26,27.0625,12.00,1.435,17.112,A,#3,HOLDING,2.000A/A
30043,2026-06-03 22:21:27,26.8750,12.00,1.435,17.112,A,#3,HOLDING,1.500A/A
30044,2026-06-03 22:21:29,26.6500,12.00,1.435,17.112,A,#3,HOLDING,2.000A/A
30045,2026-06-03 22:21:31,26.4500,12.00,1.419,16.908,A,#3,HOLDING,2.628A/A
30046,2026-06-03 22:21:34,26.2250,12.00,1.419,16.908,A,#3,HOLDING,2.747A/A
30047,2026-06-03 22:21:35,26.0125,12.00,1.419,16.908,A,#3,HOLDING,1.500A/A
30048,2026-06-03 22:21:37,25.7875,12.00,1.419,16.908,A,#3,HOLDING,2.799A/A
30049,2026-06-03 22:21:39,25.5750,12.00,1.408,16.788,A,#3,HOLDING,2.000A/A
30050,2026-06-03 22:21:41,25.3500,12.00,1.408,16.788,A,#3,HOLDING,2.000A/A
30051,2026-06-03 22:21:43,25.1375,12.00,1.408,16.788,A,#3,HOLDING,2.500A/A
30052,2026-06-03 22:21:45,24.9125,12.00,1.408,16.788,A,#3,HOLDING,1.500A/A
30053,2026-06-03 22:21:47,24.7000,12.00,1.398,16.680,A,#3,HOLDING,1.500A/A
30054,2026-06-03 22:21:49,24.4750,12.00,1.398,16.680,A,#3,HOLDING,2.770A/A
30055,2026-06-03 22:21:50,24.2875,12.00,1.398,16.680,A,#3,HOLDING,2.500A/A
30056,2026-06-03 22:21:52,24.0625,12.00,1.398,16.680,A,#4,APPROACH,2.000A/A
30057,2026-06-03 22:21:54,23.8875,12.00,1.392,16.680,OFF,#4,HOLDING,0.000A/OFF
30058,2026-06-03 22:21:55,23.8875,12.00,1.392,16.680,OFF,#4,HOLDING,0.000A/OFF
30059,2026-06-03 22:21:56,23.6625,12.00,1.392,0.000,OFF,#4,HOLDING,0.000A/OFF
30060,2026-06-03 22:21:57,23.6625,12.00,1.392,0.000,OFF,#4,HOLDING,0.000A/OFF
30061,2026-06-03 22:21:58,23.4500,12.00,1.392,0.000,OFF,#4,HOLDING,0.000A/OFF
30062,2026-06-03 22:21:59,23.4500,12.00,1.392,0.000,OFF,#4,HOLDING,0.000A/OFF
30063,2026-06-03 22:22:00,23.2500,12.00,1.392,0.000,OFF,#4,HOLDING,0.000A/OFF
30064,2026-06-03 22:22:01,23.2500,12.00,1.392,0.000,OFF,#4,HOLDING,0.000A/OFF
30065,2026-06-03 22:22:02,23.0750,12.00,0.000,0.000,OFF,#4,HOLDING,0.000A/OFF
30066,2026-06-03 22:22:03,22.9250,12.00,0.000,0.000,OFF,#4,HOLDING,0.000A/OFF
30067,2026-06-03 22:22:04,22.9250,12.00,0.000,0.000,OFF,#4,HOLDING,0.000A/OFF
30068,2026-06-03 22:22:05,22.8000,12.00,0.000,0.000,OFF,#4,HOLDING,0.000A/OFF
30069,2026-06-03 22:22:06,22.8000,12.00,0.000,0.000,OFF,#4,HOLDING,0.000A/OFF
30070,2026-06-03 22:22:07,22.6750,12.00,0.000,0.000,OFF,#4,HOLDING,0.000A/OFF
30071,2026-06-03 22:22:08,22.6750,12.00,0.000,0.000,OFF,#4,HOLDING,0.000A/OFF
30072,2026-06-03 22:22:09,22.5875,12.00,0.000,0.000,OFF,#4,HOLDING,0.000A/OFF
30073,2026-06-03 22:22:10,22.5875,12.00,0.000,0.000,OFF,#4,HOLDING,0.000A/OFF
30074,2026-06-03 22:22:11,22.5125,12.00,0.000,0.000,B,#4,HOLDING,0.112A/B
30075,2026-06-03 22:22:13,22.4375,12.00,0.000,0.000,B,#4,HOLDING,0.138A/B
30076,2026-06-03 22:22:15,22.3625,3.44,0.138,0.000,B,#4,HOLDING,0.177A/B
30077,2026-06-03 22:22:17,22.3125,3.44,0.138,0.201,B,#4,HOLDING,0.205A/B
30078,2026-06-03 22:22:18,22.3125,3.44,0.138,0.201,B,#4,HOLDING,0.229A/B
30079,2026-06-03 22:22:20,22.2625,3.44,0.138,0.201,B,#4,HOLDING,0.312A/B
30080,2026-06-03 22:22:22,22.2500,2.41,0.138,0.201,B,#4,HOLDING,0.348A/B
30081,2026-06-03 22:22:24,22.2500,2.41,0.328,0.988,B,#4,HOLDING,0.387A/B
30082,2026-06-03 22:22:26,22.1875,2.41,0.328,0.988,B,#4,HOLDING,0.443A/B
30083,2026-06-03 22:22:28,22.2125,2.41,0.328,0.988,B,#4,HOLDING,0.472A/B
30084,2026-06-03 22:22:30,22.1875,3.90,0.328,0.988,B,#4,HOLDING,0.517A/B
30085,2026-06-03 22:22:31,22.2375,3.90,0.493,2.279,B,#4,HOLDING,0.544A/B
30086,2026-06-03 22:22:34,22.2500,3.90,0.493,2.279,B,#4,HOLDING,0.595A/B
30087,2026-06-03 22:22:35,22.2750,3.90,0.493,2.279,B,#4,HOLDING,0.622A/B
30088,2026-06-03 22:22:37,22.3250,5.31,0.493,2.279,B,#4,HOLDING,0.607A/B
30089,2026-06-03 22:22:39,22.3750,5.31,0.607,3.229,B,#4,HOLDING,0.637A/B
30090,2026-06-03 22:22:42,22.4375,5.31,0.607,3.229,B,#4,HOLDING,0.676A/B
30091,2026-06-03 22:22:43,22.4875,5.31,0.607,3.229,B,#4,HOLDING,0.701A/B
30092,2026-06-03 22:22:45,22.5625,6.09,0.607,3.229,B,#4,HOLDING,0.726A/B
30093,2026-06-03 22:22:47,22.6125,6.09,0.711,4.639,B,#4,HOLDING,0.752A/B
30094,2026-06-03 22:22:49,22.7000,6.09,0.711,4.639,B,#4,HOLDING,0.780A/B
30095,2026-06-03 22:22:51,22.8000,6.09,0.711,4.639,B,#4,HOLDING,0.792A/B
30096,2026-06-03 22:22:53,22.8500,6.92,0.711,4.639,B,#4,HOLDING,0.809A/B
30097,2026-06-03 22:22:55,22.9750,6.92,0.798,5.792,B,#4,HOLDING,0.816A/B
30098,2026-06-03 22:22:57,23.0750,6.92,0.798,5.792,B,#4,HOLDING,0.830A/B
30099,2026-06-03 22:22:59,23.1750,6.92,0.798,5.792,B,#4,HOLDING,0.828A/B
30100,2026-06-03 22:23:00,23.2875,7.32,0.798,5.792,B,#4,HOLDING,0.830A/B
30101,2026-06-03 22:23:02,23.3875,7.32,0.830,6.175,B,#4,HOLDING,0.825A/B
30102,2026-06-03 22:23:05,23.5375,7.32,0.830,6.175,B,#4,HOLDING,0.813A/B
30103,2026-06-03 22:23:06,23.6375,7.32,0.830,6.175,B,#4,HOLDING,0.801A/B
30104,2026-06-03 22:23:08,23.7625,7.25,0.830,6.175,B,#4,HOLDING,0.782A/B
30105,2026-06-03 22:23:10,23.8875,7.25,0.782,5.622,B,#4,HOLDING,0.759A/B
30106,2026-06-03 22:23:12,24.0375,7.25,0.782,5.622,B,#5,APPROACH,0.723A/B
30107,2026-06-03 22:23:14,24.1375,7.25,0.782,5.622,B,#5,APPROACH,0.240A/B
30108,2026-06-03 22:23:15,24.2875,7.25,0.782,5.622,B,#5,APPROACH,0.236A/B
30109,2026-06-03 22:23:18,24.4125,11.76,0.782,5.622,B,#5,APPROACH,0.258A/B
30110,2026-06-03 22:23:20,24.5500,11.76,0.864,0.838,B,#5,APPROACH,0.289A/B
30111,2026-06-03 22:23:22,24.7000,11.76,0.864,0.838,B,#5,APPROACH,0.346A/B
30112,2026-06-03 22:23:24,24.8250,11.76,0.864,0.838,B,#5,APPROACH,0.386A/B
30113,2026-06-03 22:23:26,24.9500,4.15,0.864,0.838,B,#5,APPROACH,0.445A/B
30114,2026-06-03 22:23:27,25.1000,4.15,0.414,2.087,B,#5,APPROACH,0.509A/B
30115,2026-06-03 22:23:30,25.2500,4.15,0.414,2.087,B,#5,APPROACH,0.612A/B
30116,2026-06-03 22:23:31,25.3625,4.15,0.414,2.087,B,#5,APPROACH,0.687A/B
30117,2026-06-03 22:23:33,25.5125,6.49,0.414,2.087,B,#5,APPROACH,0.782A/B
30118,2026-06-03 22:23:35,25.6000,6.49,0.732,5.716,B,#5,APPROACH,0.891A/B
30119,2026-06-03 22:23:37,25.7000,6.49,0.732,5.716,B,#5,APPROACH,1.037A/B
30120,2026-06-03 22:23:39,25.8500,6.49,0.732,5.716,B,#5,APPROACH,1.096A/B
30121,2026-06-03 22:23:41,25.9500,9.50,0.732,5.716,B,#5,APPROACH,1.199A/B
30122,2026-06-03 22:23:43,26.0375,9.50,1.199,12.421,B,#5,APPROACH,1.294A/B
30123,2026-06-03 22:23:45,26.1375,9.50,1.199,12.421,B,#5,APPROACH,1.426A/B
30124,2026-06-03 22:23:47,26.2375,9.50,1.199,12.421,B,#5,APPROACH,1.500A/B
30125,2026-06-03 22:23:49,26.3875,12.00,1.199,12.421,B,#5,APPROACH,1.000A/B
30126,2026-06-03 22:23:51,26.4875,12.00,1.000,9.100,B,#5,APPROACH,1.568A/B
30127,2026-06-03 22:23:53,26.6375,12.00,1.000,9.100,B,#5,APPROACH,1.500A/B
30128,2026-06-03 22:23:54,26.7875,12.00,1.000,9.100,B,#5,APPROACH,1.500A/B
30129,2026-06-03 22:23:56,26.8875,12.00,1.000,9.100,B,#5,APPROACH,1.649A/B
30130,2026-06-03 22:23:58,27.0500,12.00,1.398,16.596,B,#5,APPROACH,1.500A/B
30131,2026-06-03 22:24:01,27.2000,12.00,1.398,16.596,B,#5,APPROACH,1.700A/B
30132,2026-06-03 22:24:02,27.3000,12.00,1.398,16.596,B,#5,APPROACH,1.500A/B
30133,2026-06-03 22:24:04,27.5000,12.00,1.398,16.596,B,#5,APPROACH,1.729A/B
30134,2026-06-03 22:24:06,27.6625,12.00,1.373,16.260,B,#5,APPROACH,1.500A/B
30135,2026-06-03 22:24:08,27.8125,12.00,1.373,16.260,B,#5,HOLDING,1.702A/B
30136,2026-06-03 22:24:10,27.9750,12.00,1.373,16.260,OFF,#5,HOLDING,0.000A/OFF
30137,2026-06-03 22:24:11,28.1250,12.00,1.373,16.260,OFF,#5,HOLDING,0.000A/OFF
30138,2026-06-03 22:24:12,28.1250,12.00,1.373,16.260,OFF,#5,HOLDING,0.000A/OFF
30139,2026-06-03 22:24:13,28.3000,12.00,0.000,16.260,OFF,#5,HOLDING,0.000A/OFF
30140,2026-06-03 22:24:14,28.3000,12.00,0.000,0.000,OFF,#5,HOLDING,0.000A/OFF
30141,2026-06-03 22:24:15,28.4500,12.00,0.000,0.000,OFF,#5,HOLDING,0.000A/OFF
30142,2026-06-03 22:24:16,28.4500,12.00,0.000,0.000,OFF,#5,HOLDING,0.000A/OFF
30143,2026-06-03 22:24:17,28.6000,12.00,0.000,0.000,OFF,#5,HOLDING,0.000A/OFF
30144,2026-06-03 22:24:18,28.7500,12.00,0.000,0.000,OFF,#5,HOLDING,0.000A/OFF
30145,2026-06-03 22:24:19,28.7500,12.00,0.000,0.000,OFF,#5,HOLDING,0.000A/OFF
30146,2026-06-03 22:24:20,28.8875,12.00,0.000,0.000,OFF,#5,HOLDING,0.000A/OFF
30147,2026-06-03 22:24:21,28.8875,12.00,0.000,0.000,OFF,#5,HOLDING,0.000A/OFF
30148,2026-06-03 22:24:22,29.0125,12.00,0.000,0.000,OFF,#5,HOLDING,0.000A/OFF
30149,2026-06-03 22:24:23,29.0125,12.00,0.000,0.000,OFF,#5,HOLDING,0.000A/OFF
30150,2026-06-03 22:24:24,29.1375,12.00,0.000,0.000,OFF,#5,HOLDING,0.000A/OFF
30151,2026-06-03 22:24:25,29.1375,12.00,0.000,0.000,OFF,#5,HOLDING,0.000A/OFF
30152,2026-06-03 22:24:26,29.2125,12.00,0.000,0.000,OFF,#5,HOLDING,0.000A/OFF
30153,2026-06-03 22:24:27,29.2125,12.00,0.000,0.000,OFF,#5,HOLDING,0.000A/OFF
30154,2026-06-03 22:24:28,29.3250,12.00,0.000,0.000,OFF,#5,HOLDING,0.000A/OFF
30155,2026-06-03 22:24:29,29.3250,12.00,0.000,0.000,OFF,#5,HOLDING,0.000A/OFF
30156,2026-06-03 22:24:30,29.4000,12.00,0.000,0.000,OFF,#5,HOLDING,0.000A/OFF
30157,2026-06-03 22:24:31,29.4000,12.00,0.000,0.000,OFF,#5,HOLDING,0.000A/OFF
30158,2026-06-03 22:24:32,29.4750,12.00,0.000,0.000,OFF,#5,HOLDING,0.000A/OFF
30159,2026-06-03 22:24:33,29.4750,12.00,0.000,0.000,OFF,#5,HOLDING,0.000A/OFF
30160,2026-06-03 22:24:34,29.5250,12.00,0.000,0.000,OFF,#5,HOLDING,0.000A/OFF
30161,2026-06-03 22:24:35,29.5250,12.00,0.000,0.000,OFF,#5,HOLDING,0.000A/OFF
30162,2026-06-03 22:24:36,29.5375,12.00,0.000,0.000,OFF,#5,HOLDING,0.000A/OFF
30163,2026-06-03 22:24:37,29.5625,12.00,0.000,0.000,OFF,#5,HOLDING,0.000A/OFF
30164,2026-06-03 22:24:38,29.5625,12.00,0.000,0.000,A,#5,HOLDING,0.103A/A
30165,2026-06-03 22:24:40,29.5625,12.00,0.000,0.000,A,#5,HOLDING,0.130A/A
30166,2026-06-03 22:24:42,29.5875,12.00,0.000,0.000,A,#5,HOLDING,0.154A/A
30167,2026-06-03 22:24:43,29.5625,12.00,0.000,0.000,A,#5,HOLDING,0.176A/A
30168,2026-06-03 22:24:45,29.5625,1.19,0.000,0.000,A,#5,HOLDING,0.204A/A
30169,2026-06-03 22:24:47,29.5500,1.19,0.204,0.326,A,#5,HOLDING,0.228A/A
30170,2026-06-03 22:24:49,29.4750,1.19,0.204,0.326,A,#5,HOLDING,0.257A/A
30171,2026-06-03 22:24:51,29.4875,1.19,0.204,0.326,A,#5,HOLDING,0.280A/A
30172,2026-06-03 22:24:53,29.4125,2.24,0.204,0.326,A,#5,HOLDING,0.297A/A
30173,2026-06-03 22:24:55,29.3750,2.24,0.297,0.742,A,#5,HOLDING,0.321A/A
30174,2026-06-03 22:24:57,29.3250,2.24,0.297,0.742,A,#5,HOLDING,0.341A/A
30175,2026-06-03 22:24:59,29.2375,2.24,0.297,0.742,A,#5,HOLDING,0.352A/A
30176,2026-06-03 22:25:01,29.1625,2.97,0.297,0.742,A,#5,HOLDING,0.363A/A
30177,2026-06-03 22:25:02,29.0875,2.97,0.363,1.157,A,#5,HOLDING,0.370A/A
30178,2026-06-03 22:25:05,29.0125,2.97,0.363,1.157,A,#5,HOLDING,0.384A/A
30179,2026-06-03 22:25:06,28.9250,2.97,0.363,1.157,A,#5,HOLDING,0.386A/A
30180,2026-06-03 22:25:08,28.8250,3.34,0.363,1.157,A,#5,HOLDING,0.385A/A
30181,2026-06-03 22:25:10,28.7125,3.34,0.385,1.339,OFF,--,DONE,0.376A/A
30182,2026-06-03 22:25:13,28.6125,3.34,0.385,1.339,OFF,--,DONE,--
30183,2026-06-03 22:25:14,28.5125,8.19,0.000,1.339,OFF,--,DONE,--
30184,2026-06-03 22:25:15,28.5125,8.19,0.000,1.339,OFF,--,DONE,--
30185,2026-06-03 22:25:16,28.3875,8.19,0.000,0.000,OFF,--,DONE,--
30186,2026-06-03 22:25:17,28.3875,3.46,0.000,0.000,OFF,--,DONE,--
30187,2026-06-03 22:25:18,28.3000,3.46,0.000,0.000,OFF,--,DONE,--
30188,2026-06-03 22:25:19,28.3000,3.46,0.000,0.000,OFF,--,DONE,--
30189,2026-06-03 22:25:20,28.1500,3.46,0.000,0.000,OFF,--,DONE,--
30190,2026-06-03 22:25:21,28.1500,1.31,0.000,0.000,OFF,--,DONE,--
30191,2026-06-03 22:25:22,28.0500,1.31,0.000,0.000,OFF,--,DONE,--
30192,2026-06-03 22:25:23,28.0500,1.31,0.000,0.000,OFF,--,DONE,--
30193,2026-06-03 22:25:24,27.9500,0.48,0.000,0.000,OFF,--,DONE,--
30194,2026-06-03 22:25:25,27.9500,0.48,0.000,0.000,OFF,--,DONE,--
30195,2026-06-03 22:25:26,27.8625,0.48,0.000,0.000,OFF,--,DONE,--
30196,2026-06-03 22:25:27,27.7375,0.48,0.000,0.000,OFF,--,DONE,--
30197,2026-06-03 22:25:28,27.7375,0.12,0.000,0.000,OFF,--,DONE,--
30198,2026-06-03 22:25:29,27.6500,0.12,0.000,0.000,OFF,--,DONE,--
30199,2026-06-03 22:25:30,27.6500,0.12,0.000,0.000,OFF,--,DONE,--
30200,2026-06-03 22:25:31,27.5750,0.12,0.000,0.000,OFF,--,DONE,--
30201,2026-06-03 22:25:32,27.5750,0.00,0.000,0.000,OFF,--,DONE,--
30202,2026-06-03 22:25:33,27.4375,0.00,0.000,0.000,OFF,--,DONE,--
30203,2026-06-03 22:25:34,27.4375,0.00,0.000,0.000,OFF,--,DONE,--
30204,2026-06-03 22:25:35,27.3625,0.00,0.000,0.000,OFF,--,DONE,--
30205,2026-06-03 22:25:36,27.3625,0.00,0.000,0.000,OFF,--,DONE,--
30206,2026-06-03 22:25:37,27.2750,0.00,0.000,0.000,OFF,--,DONE,--
30207,2026-06-03 22:25:38,27.2750,0.00,0.000,0.000,OFF,--,DONE,--
30208,2026-06-03 22:25:39,27.1750,0.00,0.000,0.000,OFF,--,DONE,--
30209,2026-06-03 22:25:40,27.1750,0.00,0.000,0.000,OFF,--,DONE,--
30210,2026-06-03 22:25:41,27.0875,0.00,0.000,0.000,OFF,--,DONE,--
30211,2026-06-03 22:25:42,27.0875,0.00,0.000,0.000,OFF,--,DONE,--
30212,2026-06-03 22:25:43,27.0125,0.00,0.000,0.000,OFF,--,DONE,--
30213,2026-06-03 22:25:44,27.0125,0.00,0.000,0.000,OFF,--,DONE,--
30214,2026-06-03 22:25:45,26.9250,0.00,0.000,0.000,OFF,--,DONE,--
30215,2026-06-03 22:25:46,26.8250,0.00,0.000,0.000,OFF,--,DONE,--
30216,2026-06-03 22:25:47,26.8250,0.00,0.000,0.000,OFF,--,DONE,--
30217,2026-06-03 22:25:48,26.7375,0.00,0.000,0.000,OFF,--,DONE,--
30218,2026-06-03 22:25:49,26.7375,0.00,0.000,0.000,OFF,--,DONE,--
30219,2026-06-03 22:25:50,26.6625,0.00,0.000,0.000,OFF,--,DONE,--
30220,2026-06-03 22:25:51,26.6625,0.00,0.000,0.000,OFF,--,DONE,--
30221,2026-06-03 22:25:52,26.6125,0.00,0.000,0.000,OFF,--,DONE,--
30222,2026-06-03 22:25:53,26.6125,0.00,0.000,0.000,OFF,--,DONE,--
30223,2026-06-03 22:25:54,26.5125,0.00,0.000,0.000,OFF,--,DONE,--
30224,2026-06-03 22:25:55,26.5125,0.00,0.000,0.000,OFF,--,DONE,--
30225,2026-06-03 22:25:57,26.4500,0.00,0.000,0.000,OFF,--,DONE,--
30226,2026-06-03 22:25:58,26.4500,0.00,0.000,0.000,OFF,--,DONE,--
30227,2026-06-03 22:25:59,26.3750,0.00,0.000,0.000,OFF,--,DONE,--
30228,2026-06-03 22:26:00,26.3750,0.00,0.000,0.000,OFF,--,DONE,--
30229,2026-06-03 22:26:01,26.2875,0.00,0.000,0.000,OFF,--,DONE,--
30230,2026-06-03 22:26:02,26.2375,0.00,0.000,0.000,OFF,--,DONE,--
30231,2026-06-03 22:26:03,26.2375,0.00,0.000,0.000,OFF,--,DONE,--
30232,2026-06-03 22:26:04,26.1750,0.00,0.000,0.000,OFF,--,DONE,--
30233,2026-06-03 22:26:05,26.1750,0.00,0.000,0.000,OFF,--,DONE,--
30234,2026-06-03 22:26:06,26.1000,0.00,0.000,0.000,OFF,--,DONE,--
30235,2026-06-03 22:26:07,26.1000,0.00,0.000,0.000,OFF,--,DONE,--
30236,2026-06-03 22:26:08,26.0500,0.00,0.000,0.000,OFF,--,DONE,--
30237,2026-06-03 22:26:09,26.0500,0.00,0.000,0.000,OFF,--,DONE,--
30238,2026-06-03 22:26:10,26.0000,0.00,0.000,0.000,OFF,--,DONE,--
30239,2026-06-03 22:26:11,26.0000,0.00,0.000,0.000,OFF,--,DONE,--
30240,2026-06-03 22:26:12,25.9375,0.00,0.000,0.000,OFF,--,DONE,--
30241,2026-06-03 22:26:13,25.9375,0.00,0.000,0.000,OFF,--,DONE,--
30242,2026-06-03 22:26:14,25.8625,0.00,0.000,0.000,OFF,--,DONE,--
30243,2026-06-03 22:26:15,25.8625,0.00,0.000,0.000,OFF,--,DONE,--
30244,2026-06-03 22:26:16,25.8375,0.00,0.000,0.000,OFF,--,DONE,--
30245,2026-06-03 22:26:17,25.7375,0.00,0.000,0.000,OFF,--,DONE,--
30246,2026-06-03 22:26:18,25.7375,0.00,0.000,0.000,OFF,--,DONE,--
30247,2026-06-03 22:26:19,25.6875,0.00,0.000,0.000,OFF,--,DONE,--
30248,2026-06-03 22:26:20,25.6875,0.00,0.000,0.000,OFF,--,DONE,--
30249,2026-06-03 22:26:21,25.6375,0.00,0.000,0.000,OFF,--,DONE,--
30250,2026-06-03 22:26:22,25.6375,0.00,0.000,0.000,OFF,--,DONE,--
30251,2026-06-03 22:26:23,25.5625,0.00,0.000,0.000,OFF,--,DONE,--
30252,2026-06-03 22:26:24,25.5625,0.00,0.000,0.000,OFF,--,DONE,--
30253,2026-06-03 22:26:25,25.5125,0.00,0.000,0.000,OFF,--,DONE,--
30254,2026-06-03 22:26:26,25.5125,0.00,0.000,0.000,OFF,--,DONE,--
30255,2026-06-03 22:26:27,25.4625,0.00,0.000,0.000,OFF,--,DONE,--
30256,2026-06-03 22:26:28,25.4625,0.00,0.000,0.000,OFF,--,DONE,--
30257,2026-06-03 22:26:29,25.3875,0.00,0.000,0.000,OFF,--,DONE,--
30258,2026-06-03 22:26:30,25.3875,0.00,0.000,0.000,OFF,--,DONE,--
30259,2026-06-03 22:26:31,25.3375,0.00,0.000,0.000,OFF,--,DONE,--
30260,2026-06-03 22:26:32,25.2875,0.00,0.000,0.000,OFF,--,DONE,--
30261,2026-06-03 22:26:33,25.2875,0.00,0.000,0.000,OFF,--,DONE,--
30262,2026-06-03 22:26:34,25.2375,0.00,0.000,0.000,OFF,--,DONE,--
30263,2026-06-03 22:26:35,25.2375,0.00,0.000,0.000,OFF,--,DONE,--
30264,2026-06-03 22:26:36,25.1625,0.00,0.000,0.000,OFF,--,DONE,--
30265,2026-06-03 22:26:37,25.1625,0.00,0.000,0.000,OFF,--,DONE,--
30266,2026-06-03 22:26:38,25.1250,0.00,0.000,0.000,OFF,--,DONE,--
30267,2026-06-03 22:26:40,25.1250,0.00,0.000,0.000,OFF,--,DONE,--
30268,2026-06-03 22:26:41,25.0750,0.00,0.000,0.000,OFF,--,DONE,--
30269,2026-06-03 22:26:42,25.0750,0.00,0.000,0.000,OFF,--,DONE,--
30270,2026-06-03 22:26:43,25.0250,0.00,0.000,0.000,OFF,--,DONE,--
30271,2026-06-03 22:26:44,25.0250,0.00,0.000,0.000,OFF,--,DONE,--
30272,2026-06-03 22:26:45,24.9750,0.00,0.000,0.000,OFF,--,DONE,--
30273,2026-06-03 22:26:46,24.9750,0.00,0.000,0.000,OFF,--,DONE,--
30274,2026-06-03 22:26:47,24.9250,0.00,0.000,0.000,OFF,--,DONE,--
30275,2026-06-03 22:26:48,24.8750,0.00,0.000,0.000,OFF,--,DONE,--
30276,2026-06-03 22:26:49,24.8750,0.00,0.000,0.000,OFF,--,DONE,--
30277,2026-06-03 22:26:50,24.8625,0.00,0.000,0.000,OFF,--,DONE,--
30278,2026-06-03 22:26:51,24.8625,0.00,0.000,0.000,OFF,--,DONE,--
30279,2026-06-03 22:26:52,24.8125,0.00,0.000,0.000,OFF,--,DONE,--
30280,2026-06-03 22:26:53,24.8125,0.00,0.000,0.000,OFF,--,DONE,--
30281,2026-06-03 22:26:54,24.7500,0.00,0.000,0.000,OFF,--,DONE,--
30282,2026-06-03 22:26:55,24.7500,0.00,0.000,0.000,OFF,--,DONE,--
30283,2026-06-03 22:26:56,24.7250,0.00,0.000,0.000,OFF,--,DONE,--
30284,2026-06-03 22:26:57,24.7250,0.00,0.000,0.000,OFF,--,DONE,--
30285,2026-06-03 22:26:58,24.6750,0.00,0.000,0.000,OFF,--,DONE,--
30286,2026-06-03 22:26:59,24.6750,0.00,0.000,0.000,OFF,--,DONE,--
30287,2026-06-03 22:27:00,24.6250,0.00,0.000,0.000,OFF,--,DONE,--
30288,2026-06-03 22:27:01,24.6250,0.00,0.000,0.000,OFF,--,DONE,--
30289,2026-06-03 22:27:02,24.5875,0.00,0.000,0.000,OFF,--,DONE,--
30290,2026-06-03 22:27:03,24.5625,0.00,0.000,0.000,OFF,--,DONE,--
30291,2026-06-03 22:27:04,24.5625,0.00,0.000,0.000,OFF,--,DONE,--
30292,2026-06-03 22:27:05,24.5250,0.00,0.000,0.000,OFF,--,DONE,--
30293,2026-06-03 22:27:06,24.5250,0.00,0.000,0.000,OFF,--,DONE,--
30294,2026-06-03 22:27:07,24.5000,0.00,0.000,0.000,OFF,--,DONE,--
30295,2026-06-03 22:27:08,24.5000,0.00,0.000,0.000,OFF,--,DONE,--
30296,2026-06-03 22:27:09,24.4625,0.00,0.000,0.000,OFF,--,DONE,--
30297,2026-06-03 22:27:10,24.4625,0.00,0.000,0.000,OFF,--,DONE,--
30298,2026-06-03 22:27:11,24.3875,0.00,0.000,0.000,OFF,--,DONE,--
30299,2026-06-03 22:27:12,24.3875,0.00,0.000,0.000,OFF,--,DONE,--
30300,2026-06-03 22:27:13,24.3750,0.00,0.000,0.000,OFF,--,DONE,--
30301,2026-06-03 22:27:14,24.3750,0.00,0.000,0.000,OFF,--,DONE,--
30302,2026-06-03 22:27:15,24.3250,0.00,0.000,0.000,A,#1,APPROACH,1.712A/A
30303,2026-06-03 22:27:17,24.3125,0.00,0.000,0.000,A,#1,APPROACH,1.500A/A
30304,2026-06-03 22:27:20,24.2625,0.00,0.000,0.000,A,#1,APPROACH,1.481A/A
30305,2026-06-03 22:27:22,24.2250,0.00,0.000,0.000,A,#1,APPROACH,1.356A/A
30306,2026-06-03 22:27:23,24.2000,11.37,1.356,0.000,A,#1,APPROACH,1.463A/A
30307,2026-06-03 22:27:25,24.1750,11.37,1.356,16.985,A,#1,APPROACH,1.000A/A
30308,2026-06-03 22:27:27,24.1000,11.37,1.356,16.985,A,#1,APPROACH,1.515A/A
30309,2026-06-03 22:27:28,24.0250,11.37,1.356,16.985,A,#1,APPROACH,1.254A/A
30310,2026-06-03 22:27:30,23.9250,10.28,1.356,16.985,A,#1,APPROACH,1.525A/A
30311,2026-06-03 22:27:32,23.8000,10.28,1.373,17.772,A,#1,APPROACH,1.493A/A
30312,2026-06-03 22:27:34,23.7000,10.28,1.373,17.772,A,#1,APPROACH,1.794A/A
30313,2026-06-03 22:27:36,23.5750,10.28,1.373,17.772,A,#1,APPROACH,1.000A/A
30314,2026-06-03 22:27:38,23.4250,8.74,1.373,17.772,A,#1,APPROACH,2.000A/A
30315,2026-06-03 22:27:40,23.2625,8.74,1.230,17.388,A,#1,APPROACH,2.121A/A
30316,2026-06-03 22:27:42,23.1125,8.74,1.230,17.388,A,#1,APPROACH,1.000A/A
30317,2026-06-03 22:27:44,23.0125,8.74,1.230,17.388,A,#1,APPROACH,1.500A/A
30318,2026-06-03 22:27:46,22.8125,12.00,1.230,17.388,A,#1,APPROACH,1.818A/A
30319,2026-06-03 22:27:47,22.8125,12.00,1.447,17.208,A,#1,APPROACH,1.500A/A
30320,2026-06-03 22:27:50,22.5250,12.00,1.447,17.208,A,#1,APPROACH,1.500A/A
30321,2026-06-03 22:27:51,22.3875,12.00,1.447,17.208,A,#1,APPROACH,1.000A/A
30322,2026-06-03 22:27:53,22.1875,8.98,1.447,17.208,A,#1,APPROACH,1.775A/A
30323,2026-06-03 22:27:55,22.1875,8.98,1.210,16.932,A,#1,APPROACH,2.020A/A
30324,2026-06-03 22:27:57,21.8625,8.98,1.210,16.932,A,#1,APPROACH,1.000A/A
30325,2026-06-03 22:27:59,21.8625,8.98,1.210,16.932,A,#1,APPROACH,1.726A/A
30326,2026-06-03 22:28:01,21.5500,12.00,1.210,16.932,A,#1,HOLDING,1.657A/A
30327,2026-06-03 22:28:03,21.5500,12.00,1.418,16.884,A,#1,HOLDING,0.203A/A
30328,2026-06-03 22:28:05,21.2375,12.00,1.418,16.884,A,#1,HOLDING,0.142A/A
30329,2026-06-03 22:28:07,21.2375,12.00,1.418,16.884,A,#1,HOLDING,0.192A/A
30330,2026-06-03 22:28:08,21.0750,2.84,1.418,16.884,A,#1,HOLDING,0.113A/A
30331,2026-06-03 22:28:10,20.9250,2.84,0.132,0.233,A,#1,HOLDING,0.135A/A
30332,2026-06-03 22:28:13,20.6125,2.84,0.132,0.233,OFF,#1,HOLDING,0.000A/OFF
30333,2026-06-03 22:28:14,20.6125,2.84,0.132,0.233,OFF,#1,HOLDING,0.000A/OFF
30334,2026-06-03 22:28:15,20.5250,2.84,0.132,0.233,OFF,#1,HOLDING,0.000A/OFF
30335,2026-06-03 22:28:16,20.5250,2.84,0.132,0.233,OFF,#1,HOLDING,0.000A/OFF
30336,2026-06-03 22:28:17,20.4000,12.00,0.000,0.233,OFF,#1,HOLDING,0.000A/OFF
30337,2026-06-03 22:28:18,20.4000,12.00,0.000,0.233,OFF,#1,HOLDING,0.000A/OFF
30338,2026-06-03 22:28:19,20.3000,12.00,0.000,0.000,OFF,#1,HOLDING,0.000A/OFF
30339,2026-06-03 22:28:20,20.3000,12.00,0.000,0.000,OFF,#1,HOLDING,0.000A/OFF
30340,2026-06-03 22:28:21,20.2000,12.00,0.000,0.000,B,#1,HOLDING,0.155A/B
30341,2026-06-03 22:28:23,20.1500,12.00,0.000,0.000,B,#1,HOLDING,0.245A/B
30342,2026-06-03 22:28:24,20.1250,12.00,0.218,0.399,B,#1,HOLDING,0.435A/B
30343,2026-06-03 22:28:27,20.0875,12.00,0.218,0.399,B,#1,HOLDING,0.233A/B
30344,2026-06-03 22:28:28,20.0375,12.00,0.218,0.399,B,#1,HOLDING,0.278A/B
30345,2026-06-03 22:28:30,20.0000,2.06,0.218,0.399,B,#1,HOLDING,0.393A/B
30346,2026-06-03 22:28:32,20.0250,2.06,0.382,1.241,B,#1,HOLDING,0.218A/B
30347,2026-06-03 22:28:34,20.0125,2.06,0.382,1.241,B,#1,HOLDING,0.245A/B
30348,2026-06-03 22:28:36,20.0875,2.06,0.382,1.241,B,#1,HOLDING,0.226A/B
30349,2026-06-03 22:28:38,20.0625,1.93,0.382,1.241,B,#1,HOLDING,0.176A/B
30350,2026-06-03 22:28:40,20.1125,1.93,0.199,0.281,B,#1,HOLDING,0.144A/B
30351,2026-06-03 22:28:42,20.1375,1.93,0.199,0.281,B,#1,HOLDING,0.178A/B
30352,2026-06-03 22:28:44,20.1875,1.93,0.199,0.281,B,#1,HOLDING,0.179A/B
30353,2026-06-03 22:28:46,20.2500,1.66,0.199,0.281,B,#1,HOLDING,0.201A/B
30354,2026-06-03 22:28:47,20.3000,1.66,0.189,0.377,B,#1,HOLDING,0.213A/B
30355,2026-06-03 22:28:50,20.3500,1.66,0.189,0.377,B,#1,HOLDING,0.218A/B
30356,2026-06-03 22:28:51,20.4250,1.66,0.189,0.377,B,#1,HOLDING,0.193A/B
30357,2026-06-03 22:28:53,20.4750,1.84,0.189,0.377,B,#1,HOLDING,0.193A/B
30358,2026-06-03 22:28:55,20.5500,1.84,0.193,0.364,B,#1,HOLDING,0.186A/B
30359,2026-06-03 22:28:57,20.6000,1.84,0.193,0.364,B,#1,HOLDING,0.185A/B
30360,2026-06-03 22:28:59,20.6750,1.84,0.193,0.364,B,#1,HOLDING,0.167A/B
30361,2026-06-03 22:29:01,20.7250,1.65,0.193,0.364,B,#2,APPROACH,0.151A/B
30362,2026-06-03 22:29:03,20.8000,1.65,0.151,0.000,B,#2,APPROACH,0.238A/B
30363,2026-06-03 22:29:05,20.8875,1.65,0.151,0.000,B,#2,APPROACH,0.343A/B
30364,2026-06-03 22:29:07,20.9375,1.65,0.151,0.000,B,#2,APPROACH,0.540A/B
30365,2026-06-03 22:29:09,21.0125,1.65,0.151,0.000,B,#2,APPROACH,0.741A/B
30366,2026-06-03 22:29:11,21.0625,6.30,0.151,0.000,B,#2,APPROACH,0.738A/B
30367,2026-06-03 22:29:13,21.1375,6.30,0.738,4.708,B,#2,APPROACH,0.749A/B
30368,2026-06-03 22:29:15,21.2375,6.30,0.738,4.708,B,#2,APPROACH,0.690A/B
30369,2026-06-03 22:29:16,21.3125,6.30,0.738,4.708,B,#2,APPROACH,0.689A/B
30370,2026-06-03 22:29:18,21.4125,6.08,0.738,4.708,B,#2,APPROACH,0.711A/B
30371,2026-06-03 22:29:20,21.5375,6.08,0.711,4.543,B,#2,APPROACH,0.737A/B
30372,2026-06-03 22:29:23,21.6375,6.08,0.711,4.543,B,#2,APPROACH,0.796A/B
30373,2026-06-03 22:29:24,21.7625,6.08,0.711,4.543,B,#2,APPROACH,0.837A/B
30374,2026-06-03 22:29:26,21.8875,7.31,0.711,4.543,B,#2,APPROACH,0.886A/B
30375,2026-06-03 22:29:28,22.0375,7.31,0.859,6.901,B,#2,APPROACH,0.920A/B
30376,2026-06-03 22:29:30,22.1375,7.31,0.859,6.901,B,#2,APPROACH,0.973A/B
30377,2026-06-03 22:29:32,22.2875,7.31,0.859,6.901,B,#2,APPROACH,0.989A/B
30378,2026-06-03 22:29:34,22.3875,8.53,0.859,6.901,B,#2,APPROACH,1.034A/B
30379,2026-06-03 22:29:35,22.5500,8.53,1.014,9.274,B,#2,HOLDING,0.997A/B
30380,2026-06-03 22:29:38,22.7000,8.53,1.014,9.274,OFF,#2,HOLDING,0.000A/OFF
30381,2026-06-03 22:29:39,22.7000,8.53,1.014,9.274,OFF,#2,HOLDING,0.000A/OFF
30382,2026-06-03 22:29:40,22.8500,8.53,1.014,9.274,OFF,#2,HOLDING,0.000A/OFF
30383,2026-06-03 22:29:41,22.8500,8.53,1.014,9.274,OFF,#2,HOLDING,0.000A/OFF
30384,2026-06-03 22:29:42,23.0000,12.00,0.000,9.274,OFF,#2,HOLDING,0.000A/OFF
30385,2026-06-03 22:29:43,23.0000,12.00,0.000,9.274,OFF,#2,HOLDING,0.000A/OFF
30386,2026-06-03 22:29:44,23.1750,12.00,0.000,0.000,OFF,#2,HOLDING,0.000A/OFF
30387,2026-06-03 22:29:45,23.3250,12.00,0.000,0.000,OFF,#2,HOLDING,0.000A/OFF
30388,2026-06-03 22:29:46,23.3250,12.00,0.000,0.000,OFF,#2,HOLDING,0.000A/OFF
30389,2026-06-03 22:29:47,23.4875,12.00,0.000,0.000,OFF,#2,HOLDING,0.000A/OFF
30390,2026-06-03 22:29:48,23.4875,12.00,0.000,0.000,OFF,#2,HOLDING,0.000A/OFF
30391,2026-06-03 22:29:49,23.6125,12.00,0.000,0.000,OFF,#2,HOLDING,0.000A/OFF
30392,2026-06-03 22:29:50,23.6125,12.00,0.000,0.000,OFF,#2,HOLDING,0.000A/OFF
30393,2026-06-03 22:29:51,23.7250,12.00,0.000,0.000,OFF,#2,HOLDING,0.000A/OFF
30394,2026-06-03 22:29:52,23.7250,12.00,0.000,0.000,OFF,#2,HOLDING,0.000A/OFF
30395,2026-06-03 22:29:53,23.8500,12.00,0.000,0.000,OFF,#2,HOLDING,0.000A/OFF
30396,2026-06-03 22:29:54,23.8500,12.00,0.000,0.000,OFF,#2,HOLDING,0.000A/OFF
30397,2026-06-03 22:29:55,23.9750,12.00,0.000,0.000,OFF,#2,HOLDING,0.000A/OFF
30398,2026-06-03 22:29:56,23.9750,12.00,0.000,0.000,OFF,#2,HOLDING,0.000A/OFF
30399,2026-06-03 22:29:57,24.0750,12.00,0.000,0.000,OFF,#2,HOLDING,0.000A/OFF
30400,2026-06-03 22:29:58,24.0750,12.00,0.000,0.000,OFF,#2,HOLDING,0.000A/OFF
30401,2026-06-03 22:29:59,24.1375,12.00,0.000,0.000,OFF,#2,HOLDING,0.000A/OFF
30402,2026-06-03 22:30:00,24.1375,12.00,0.000,0.000,OFF,#2,HOLDING,0.000A/OFF
30403,2026-06-03 22:30:01,24.2125,12.00,0.000,0.000,OFF,#2,HOLDING,0.000A/OFF
30404,2026-06-03 22:30:02,24.2125,12.00,0.000,0.000,OFF,#2,HOLDING,0.000A/OFF
30405,2026-06-03 22:30:03,24.3125,12.00,0.000,0.000,OFF,#2,HOLDING,0.000A/OFF
30406,2026-06-03 22:30:04,24.3625,12.00,0.000,0.000,OFF,#2,HOLDING,0.000A/OFF
30407,2026-06-03 22:30:05,24.3625,12.00,0.000,0.000,OFF,#2,HOLDING,0.000A/OFF
30408,2026-06-03 22:30:06,24.4125,12.00,0.000,0.000,OFF,#2,HOLDING,0.000A/OFF
30409,2026-06-03 22:30:07,24.4125,12.00,0.000,0.000,A,#2,HOLDING,0.107A/A
30410,2026-06-03 22:30:09,24.4625,12.00,0.000,0.088,A,#2,HOLDING,0.143A/A
30411,2026-06-03 22:30:11,24.4750,12.00,0.000,0.088,A,#2,HOLDING,0.181A/A
30412,2026-06-03 22:30:13,24.5000,12.00,0.000,0.088,A,#2,HOLDING,0.266A/A
30413,2026-06-03 22:30:14,24.5625,2.29,0.000,0.088,A,#2,HOLDING,0.308A/A
30414,2026-06-03 22:30:16,24.5625,2.29,0.285,0.837,A,#2,HOLDING,0.347A/A
30415,2026-06-03 22:30:19,24.6000,2.29,0.285,0.837,A,#2,HOLDING,0.400A/A
30416,2026-06-03 22:30:20,24.6000,2.29,0.285,0.837,A,#2,HOLDING,0.429A/A
30417,2026-06-03 22:30:22,24.6125,3.69,0.285,0.837,A,#2,HOLDING,0.472A/A
30418,2026-06-03 22:30:24,24.5625,3.69,0.472,1.958,A,#2,HOLDING,0.501A/A
30419,2026-06-03 22:30:26,24.5625,3.69,0.472,1.958,A,#2,HOLDING,0.551A/A
30420,2026-06-03 22:30:28,24.5375,3.69,0.472,1.958,A,#2,HOLDING,0.578A/A
30421,2026-06-03 22:30:30,24.5375,4.99,0.472,1.958,A,#2,HOLDING,0.622A/A
30422,2026-06-03 22:30:31,24.5125,4.99,0.622,3.408,A,#2,HOLDING,0.657A/A
30423,2026-06-03 22:30:34,24.4625,4.99,0.622,3.408,A,#2,HOLDING,0.650A/A
30424,2026-06-03 22:30:35,24.4125,4.99,0.622,3.408,A,#2,HOLDING,0.674A/A
30425,2026-06-03 22:30:37,24.3625,5.93,0.622,3.408,A,#2,HOLDING,0.702A/A
30426,2026-06-03 22:30:39,24.3125,5.93,0.686,4.387,A,#2,HOLDING,0.730A/A
30427,2026-06-03 22:30:41,24.2375,5.93,0.686,4.387,A,#2,HOLDING,0.765A/A
30428,2026-06-03 22:30:43,24.1625,5.93,0.686,4.387,A,#2,HOLDING,0.782A/A
30429,2026-06-03 22:30:45,24.0625,6.81,0.686,4.387,A,#2,HOLDING,0.798A/A
30430,2026-06-03 22:30:47,23.9875,6.81,0.798,5.649,A,#2,HOLDING,0.814A/A
30431,2026-06-03 22:30:49,23.9250,6.81,0.798,5.649,A,#2,HOLDING,0.838A/A
30432,2026-06-03 22:30:51,23.8000,6.81,0.798,5.649,A,#2,HOLDING,0.844A/A
30433,2026-06-03 22:30:53,23.7000,7.40,0.798,5.649,A,#2,HOLDING,0.849A/A
30434,2026-06-03 22:30:54,23.6000,7.40,0.849,6.443,A,#2,HOLDING,0.848A/A
30435,2026-06-03 22:30:57,23.4625,7.40,0.849,6.443,A,#3,APPROACH,0.850A/A
30436,2026-06-03 22:30:58,23.3875,7.40,0.849,6.443,OFF,#3,APPROACH,0.000A/OFF
30437,2026-06-03 22:30:59,23.3875,7.40,0.849,6.443,OFF,#3,APPROACH,0.000A/OFF
30438,2026-06-03 22:31:00,23.2750,12.00,0.849,6.443,B,#3,APPROACH,0.140A/B
30439,2026-06-03 22:31:02,23.1500,12.00,0.140,6.443,B,#3,APPROACH,0.223A/B
30440,2026-06-03 22:31:04,23.0500,12.00,0.140,0.410,B,#3,APPROACH,0.296A/B
30441,2026-06-03 22:31:06,22.9500,12.00,0.140,0.410,B,#3,APPROACH,0.351A/B
30442,2026-06-03 22:31:07,22.9500,12.00,0.140,0.410,B,#3,APPROACH,0.398A/B
30443,2026-06-03 22:31:09,22.8750,3.23,0.140,0.410,B,#3,APPROACH,0.469A/B
30444,2026-06-03 22:31:11,22.8250,3.23,0.436,1.843,B,#3,APPROACH,0.536A/B
30445,2026-06-03 22:31:13,22.7750,3.23,0.436,1.843,B,#3,APPROACH,0.638A/B
30446,2026-06-03 22:31:15,22.7000,3.23,0.436,1.843,B,#3,APPROACH,0.710A/B
30447,2026-06-03 22:31:17,22.7250,5.81,0.436,1.843,B,#3,APPROACH,0.778A/B
30448,2026-06-03 22:31:19,22.7000,5.81,0.778,5.103,B,#3,APPROACH,0.855A/B
30449,2026-06-03 22:31:21,22.6875,5.81,0.778,5.103,B,#3,APPROACH,0.947A/B
30450,2026-06-03 22:31:22,22.6875,5.81,0.778,5.103,B,#3,APPROACH,1.000A/B
30451,2026-06-03 22:31:24,22.7250,8.20,0.778,5.103,B,#3,APPROACH,1.008A/B
30452,2026-06-03 22:31:26,22.7500,8.20,1.008,8.517,B,#3,APPROACH,1.079A/B
30453,2026-06-03 22:31:29,22.8250,8.20,1.008,8.517,B,#3,APPROACH,1.162A/B
30454,2026-06-03 22:31:30,22.8750,8.20,1.008,8.517,B,#3,APPROACH,1.218A/B
30455,2026-06-03 22:31:32,22.9500,9.90,1.008,8.517,B,#3,APPROACH,1.278A/B
30456,2026-06-03 22:31:34,23.0250,9.90,1.248,13.406,B,#3,APPROACH,1.337A/B
30457,2026-06-03 22:31:36,23.1125,9.90,1.248,13.406,B,#3,APPROACH,1.412A/B
30458,2026-06-03 22:31:38,23.2375,9.90,1.248,13.406,B,#3,APPROACH,1.448A/B
30459,2026-06-03 22:31:40,23.3375,11.60,1.248,13.406,B,#3,APPROACH,1.495A/B
30460,2026-06-03 22:31:41,23.4875,11.60,1.474,17.508,B,#3,APPROACH,1.000A/B
30461,2026-06-03 22:31:44,23.6375,11.60,1.474,17.508,B,#3,APPROACH,1.000A/B
30462,2026-06-03 22:31:45,23.7625,11.60,1.474,17.508,B,#3,APPROACH,1.513A/B
30463,2026-06-03 22:31:47,23.9250,12.00,1.474,17.508,B,#3,HOLDING,1.493A/B
30464,2026-06-03 22:31:49,24.1250,12.00,1.441,17.508,OFF,#3,HOLDING,0.000A/OFF
30465,2026-06-03 22:31:50,24.3000,12.00,1.441,17.052,OFF,#3,HOLDING,0.000A/OFF
30466,2026-06-03 22:31:51,24.3000,12.00,1.441,17.052,OFF,#3,HOLDING,0.000A/OFF
30467,2026-06-03 22:31:52,24.4750,12.00,1.441,17.052,OFF,#3,HOLDING,0.000A/OFF
30468,2026-06-03 22:31:53,24.4750,12.00,1.441,17.052,OFF,#3,HOLDING,0.000A/OFF
30469,2026-06-03 22:31:54,24.7000,12.00,1.441,17.052,OFF,#3,HOLDING,0.000A/OFF
30470,2026-06-03 22:31:55,24.7000,12.00,1.441,17.052,OFF,#3,HOLDING,0.000A/OFF
30471,2026-06-03 22:31:56,24.8750,12.00,0.000,17.052,OFF,#3,HOLDING,0.000A/OFF
30472,2026-06-03 22:31:57,24.8750,12.00,0.000,0.000,OFF,#3,HOLDING,0.000A/OFF
30473,2026-06-03 22:31:58,25.0750,12.00,0.000,0.000,OFF,#3,HOLDING,0.000A/OFF
30474,2026-06-03 22:31:59,25.0750,12.00,0.000,0.000,OFF,#3,HOLDING,0.000A/OFF
30475,2026-06-03 22:32:00,25.2500,12.00,0.000,0.000,OFF,#3,HOLDING,0.000A/OFF
30476,2026-06-03 22:32:01,25.2500,12.00,0.000,0.000,OFF,#3,HOLDING,0.000A/OFF
30477,2026-06-03 22:32:02,25.4250,12.00,0.000,0.000,OFF,#3,HOLDING,0.000A/OFF
30478,2026-06-03 22:32:03,25.4250,12.00,0.000,0.000,OFF,#3,HOLDING,0.000A/OFF
30479,2026-06-03 22:32:04,25.5750,12.00,0.000,0.000,OFF,#3,HOLDING,0.000A/OFF
30480,2026-06-03 22:32:05,25.5750,12.00,0.000,0.000,OFF,#3,HOLDING,0.000A/OFF
30481,2026-06-03 22:32:06,25.7375,12.00,0.000,0.000,A,#3,HOLDING,0.101A/A
30482,2026-06-03 22:32:08,25.8625,12.00,0.049,0.000,A,#3,HOLDING,0.182A/A
30483,2026-06-03 22:32:10,25.9500,12.00,0.049,0.220,A,#3,HOLDING,0.238A/A
30484,2026-06-03 22:32:12,26.0750,12.00,0.049,0.220,A,#3,HOLDING,0.269A/A
30485,2026-06-03 22:32:13,26.1375,12.00,0.049,0.220,A,#3,HOLDING,0.311A/A
30486,2026-06-03 22:32:15,26.2375,2.37,0.049,0.220,A,#3,HOLDING,0.371A/A
30487,2026-06-03 22:32:17,26.2375,2.37,0.352,1.105,A,#3,HOLDING,0.409A/A
30488,2026-06-03 22:32:19,26.3375,2.37,0.352,1.105,A,#3,HOLDING,0.487A/A
30489,2026-06-03 22:32:21,26.3750,2.37,0.352,1.105,A,#3,HOLDING,0.533A/A
30490,2026-06-03 22:32:23,26.4250,4.29,0.352,1.105,A,#3,HOLDING,0.602A/A
30491,2026-06-03 22:32:24,26.4250,4.29,0.602,3.022,A,#3,HOLDING,0.654A/A
30492,2026-06-03 22:32:27,26.4375,4.29,0.602,3.022,A,#3,HOLDING,0.729A/A
30493,2026-06-03 22:32:28,26.4375,4.29,0.602,3.022,A,#3,HOLDING,0.776A/A
30494,2026-06-03 22:32:30,26.3875,6.40,0.602,3.022,A,#3,HOLDING,0.827A/A
30495,2026-06-03 22:32:32,26.3875,6.40,0.827,5.764,A,#3,HOLDING,0.885A/A
30496,2026-06-03 22:32:35,26.3125,6.40,0.827,5.764,A,#3,HOLDING,0.946A/A
30497,2026-06-03 22:32:36,26.2500,6.40,0.827,5.764,A,#3,HOLDING,0.987A/A
30498,2026-06-03 22:32:38,26.2000,8.14,0.827,5.764,A,#3,HOLDING,1.032A/A
30499,2026-06-03 22:32:40,26.2000,8.14,1.007,8.937,A,#3,HOLDING,1.090A/A
30500,2026-06-03 22:32:42,26.0125,8.14,1.007,8.937,A,#3,HOLDING,1.130A/A
30501,2026-06-03 22:32:44,25.9000,8.14,1.007,8.937,A,#3,HOLDING,1.000A/A
30502,2026-06-03 22:32:46,25.8000,8.45,1.007,8.937,A,#3,HOLDING,1.138A/A
30503,2026-06-03 22:32:47,25.8000,8.45,1.065,10.913,A,#3,HOLDING,1.190A/A
30504,2026-06-03 22:32:50,25.5500,8.45,1.065,10.913,A,#3,HOLDING,1.168A/A
30505,2026-06-03 22:32:51,25.5500,8.45,1.065,10.913,A,#3,HOLDING,1.202A/A
30506,2026-06-03 22:32:53,25.3000,9.99,1.065,10.913,A,#3,HOLDING,1.196A/A
30507,2026-06-03 22:32:55,25.3000,9.99,1.196,12.115,A,#3,HOLDING,1.234A/A
30508,2026-06-03 22:32:57,24.9875,9.99,1.196,12.115,A,#3,HOLDING,1.220A/A
30509,2026-06-03 22:32:59,24.9875,9.99,1.196,12.115,A,#3,HOLDING,1.248A/A
30510,2026-06-03 22:33:01,24.8500,10.37,1.196,12.115,A,#3,HOLDING,1.237A/A
30511,2026-06-03 22:33:03,24.6750,10.37,1.237,13.099,A,#3,HOLDING,1.239A/A
30512,2026-06-03 22:33:05,24.3625,10.37,1.237,13.099,A,#3,HOLDING,1.194A/A
30513,2026-06-03 22:33:07,24.3625,10.37,1.237,13.099,A,#3,HOLDING,1.000A/A
30514,2026-06-03 22:33:09,24.2000,8.88,1.237,13.099,A,#3,HOLDING,1.194A/A
30515,2026-06-03 22:33:10,24.0000,8.88,1.177,12.441,A,#3,HOLDING,1.000A/A
30516,2026-06-03 22:33:13,23.6875,8.88,1.177,12.441,A,#3,HOLDING,1.087A/A
30517,2026-06-03 22:33:14,23.6875,8.88,1.177,12.441,A,#3,HOLDING,1.068A/A
30518,2026-06-03 22:33:16,23.5125,9.44,1.177,12.441,A,#3,HOLDING,1.000A/A
30519,2026-06-03 22:33:18,23.3125,9.44,1.031,9.060,A,#3,HOLDING,1.007A/A
30520,2026-06-03 22:33:20,22.9875,9.44,1.031,9.060,A,#3,HOLDING,0.878A/A
30521,2026-06-03 22:33:22,22.9875,9.44,1.031,9.060,A,#3,HOLDING,0.839A/A
30522,2026-06-03 22:33:24,22.8250,7.85,1.031,9.060,A,#3,HOLDING,0.761A/A
30523,2026-06-03 22:33:26,22.6750,7.85,0.797,5.616,A,#3,HOLDING,0.685A/A
30524,2026-06-03 22:33:28,22.3625,7.85,0.797,5.616,A,#3,HOLDING,0.528A/A
30525,2026-06-03 22:33:30,22.3625,7.85,0.797,5.616,A,#3,HOLDING,0.468A/A
30526,2026-06-03 22:33:31,22.2125,4.93,0.797,5.616,A,#3,HOLDING,0.365A/A
30527,2026-06-03 22:33:33,22.0625,4.93,0.365,1.540,A,#3,HOLDING,0.267A/A
30528,2026-06-03 22:33:36,21.8000,4.93,0.365,1.540,OFF,#3,HOLDING,0.000A/OFF
30529,2026-06-03 22:33:37,21.8000,4.93,0.365,1.540,OFF,#3,HOLDING,0.000A/OFF
30530,2026-06-03 22:33:38,21.7000,4.93,0.365,1.540,OFF,#3,HOLDING,0.000A/OFF
30531,2026-06-03 22:33:39,21.7000,4.93,0.365,1.540,OFF,#3,HOLDING,0.000A/OFF
30532,2026-06-03 22:33:40,21.5500,12.00,0.000,1.540,B,#3,HOLDING,0.134A/B
30533,2026-06-03 22:33:41,21.5500,12.00,0.000,0.075,B,#3,HOLDING,0.227A/B
30534,2026-06-03 22:33:43,21.4250,12.00,0.000,0.075,B,#3,HOLDING,0.346A/B
30535,2026-06-03 22:33:44,21.3500,12.00,0.000,0.075,B,#3,HOLDING,0.454A/B
30536,2026-06-03 22:33:46,21.3000,3.26,0.000,0.075,B,#3,HOLDING,0.588A/B
30537,2026-06-03 22:33:48,21.2250,3.26,0.571,2.669,B,#3,HOLDING,0.721A/B
30538,2026-06-03 22:33:50,21.1750,3.26,0.571,2.669,B,#3,HOLDING,0.894A/B
30539,2026-06-03 22:33:52,21.1250,3.26,0.571,2.669,B,#3,HOLDING,1.015A/B
30540,2026-06-03 22:33:54,21.1125,7.81,0.571,2.669,B,#3,HOLDING,1.000A/B
30541,2026-06-03 22:33:56,21.1125,7.81,1.000,8.010,B,#3,HOLDING,1.147A/B
30542,2026-06-03 22:33:58,21.1375,7.81,1.000,8.010,B,#3,HOLDING,1.316A/B
30543,2026-06-03 22:34:00,21.1625,7.81,1.000,8.010,B,#3,HOLDING,1.429A/B
30544,2026-06-03 22:34:02,21.2000,10.96,1.000,8.010,B,#3,HOLDING,1.560A/B
30545,2026-06-03 22:34:03,21.2750,10.96,1.491,18.564,B,#3,HOLDING,1.683A/B
30546,2026-06-03 22:34:06,21.3500,10.96,1.491,18.564,B,#3,HOLDING,1.500A/B
30547,2026-06-03 22:34:07,21.4750,10.96,1.491,18.564,B,#3,HOLDING,1.830A/B
30548,2026-06-03 22:34:09,21.6125,12.00,1.491,18.564,B,#3,HOLDING,1.939A/B
30549,2026-06-03 22:34:11,21.7625,12.00,1.505,17.808,B,#3,HOLDING,2.041A/B
30550,2026-06-03 22:34:13,21.9250,12.00,1.505,17.808,B,#3,HOLDING,1.500A/B
30551,2026-06-03 22:34:15,22.1250,12.00,1.505,17.808,B,#3,HOLDING,2.115A/B
30552,2026-06-03 22:34:17,22.2750,12.00,1.505,17.808,B,#3,HOLDING,2.000A/B
30553,2026-06-03 22:34:19,22.5000,12.00,1.452,17.196,B,#3,HOLDING,2.000A/B
30554,2026-06-03 22:34:21,22.6875,12.00,1.452,17.196,B,#3,HOLDING,2.183A/B
30555,2026-06-03 22:34:23,22.9375,12.00,1.452,17.196,B,#3,HOLDING,1.500A/B
30556,2026-06-03 22:34:25,23.1500,12.00,1.452,17.196,B,#3,HOLDING,1.000A/B
30557,2026-06-03 22:34:26,23.4000,12.00,1.209,9.210,B,#3,HOLDING,1.000A/B
30558,2026-06-03 22:34:29,23.6500,12.00,1.209,9.210,B,#3,HOLDING,2.184A/B
30559,2026-06-03 22:34:30,23.8750,12.00,1.209,9.210,B,#3,HOLDING,2.000A/B
30560,2026-06-03 22:34:32,24.1250,12.00,1.209,9.210,B,#3,HOLDING,1.500A/B
30561,2026-06-03 22:34:34,24.3500,12.00,1.398,16.584,B,#3,HOLDING,2.152A/B
30562,2026-06-03 22:34:36,24.5875,12.00,1.398,16.584,B,#3,HOLDING,1.000A/B
30563,2026-06-03 22:34:38,24.8125,12.00,1.398,16.584,B,#3,HOLDING,2.170A/B
30564,2026-06-03 22:34:40,25.0625,12.00,1.398,16.584,B,#3,HOLDING,2.156A/B
30565,2026-06-03 22:34:42,25.3125,12.00,1.369,16.248,B,#3,HOLDING,2.130A/B
30566,2026-06-03 22:34:44,25.5625,12.00,1.369,16.248,B,#4,APPROACH,2.099A/B
30567,2026-06-03 22:34:46,25.8125,12.00,1.369,16.248,OFF,#4,APPROACH,0.000A/OFF
30568,2026-06-03 22:34:47,25.8125,12.00,1.369,16.248,OFF,#4,APPROACH,0.000A/OFF
30569,2026-06-03 22:34:48,26.0000,12.00,1.369,16.248,OFF,#4,APPROACH,0.000A/OFF
30570,2026-06-03 22:34:49,26.0000,12.00,1.369,16.248,OFF,#4,APPROACH,0.000A/OFF
30571,2026-06-03 22:34:50,26.2500,12.00,0.000,16.248,OFF,#4,HOLDING,0.000A/OFF
30572,2026-06-03 22:34:51,26.2500,12.00,0.000,16.248,OFF,#4,HOLDING,0.000A/OFF
30573,2026-06-03 22:34:52,26.4625,12.00,0.000,0.000,OFF,#4,HOLDING,0.000A/OFF
30574,2026-06-03 22:34:53,26.7125,12.00,0.000,0.000,OFF,#4,HOLDING,0.000A/OFF
30575,2026-06-03 22:34:54,26.7125,12.00,0.000,0.000,OFF,#4,HOLDING,0.000A/OFF
30576,2026-06-03 22:34:55,26.7125,12.00,0.000,0.000,OFF,#4,HOLDING,0.000A/OFF
30577,2026-06-03 22:34:56,26.9250,12.00,0.000,0.000,OFF,#4,HOLDING,0.000A/OFF
30578,2026-06-03 22:34:57,27.1000,12.00,0.000,0.000,OFF,#4,HOLDING,0.000A/OFF
30579,2026-06-03 22:34:58,27.1000,12.00,0.000,0.000,OFF,#4,HOLDING,0.000A/OFF
30580,2026-06-03 22:34:59,27.2750,12.00,0.000,0.000,OFF,#4,HOLDING,0.000A/OFF
30581,2026-06-03 22:35:00,27.2750,12.00,0.000,0.000,OFF,#4,HOLDING,0.000A/OFF
30582,2026-06-03 22:35:01,27.4500,12.00,0.000,0.000,OFF,#4,HOLDING,0.000A/OFF
30583,2026-06-03 22:35:02,27.4500,12.00,0.000,0.000,OFF,#4,HOLDING,0.000A/OFF
30584,2026-06-03 22:35:03,27.5750,12.00,0.000,0.000,OFF,#4,HOLDING,0.000A/OFF
30585,2026-06-03 22:35:04,27.5750,12.00,0.000,0.000,OFF,#4,HOLDING,0.000A/OFF
30586,2026-06-03 22:35:05,27.7000,12.00,0.000,0.000,OFF,#4,HOLDING,0.000A/OFF
30587,2026-06-03 22:35:06,27.7000,12.00,0.000,0.000,OFF,#4,HOLDING,0.000A/OFF
30588,2026-06-03 22:35:07,27.8000,12.00,0.000,0.000,OFF,#4,HOLDING,0.000A/OFF
30589,2026-06-03 22:35:08,27.8000,12.00,0.000,0.000,OFF,#4,HOLDING,0.000A/OFF
30590,2026-06-03 22:35:09,27.9000,12.00,0.000,0.000,OFF,#4,HOLDING,0.000A/OFF
30591,2026-06-03 22:35:10,27.9000,12.00,0.000,0.000,OFF,#4,HOLDING,0.000A/OFF
30592,2026-06-03 22:35:11,28.0125,12.00,0.000,0.000,A,#4,HOLDING,0.129A/A
30593,2026-06-03 22:35:13,28.0875,12.00,0.000,0.000,A,#4,HOLDING,0.155A/A
30594,2026-06-03 22:35:14,28.1375,12.00,0.000,0.000,A,#4,HOLDING,0.245A/A
30595,2026-06-03 22:35:16,28.1875,1.78,0.000,0.000,A,#4,HOLDING,0.267A/A
30596,2026-06-03 22:35:17,28.1875,1.78,0.254,0.558,A,#4,HOLDING,0.299A/A
30597,2026-06-03 22:35:20,28.3125,1.78,0.254,0.558,A,#4,HOLDING,0.367A/A
30598,2026-06-03 22:35:21,28.3125,1.78,0.254,0.558,A,#4,HOLDING,0.400A/A
30599,2026-06-03 22:35:23,28.3125,3.27,0.254,0.558,A,#4,HOLDING,0.445A/A
30600,2026-06-03 22:35:25,28.3125,3.27,0.429,1.673,A,#4,HOLDING,0.479A/A
30601,2026-06-03 22:35:28,28.3125,3.27,0.429,1.673,A,#4,HOLDING,0.537A/A
30602,2026-06-03 22:35:29,28.3125,3.27,0.429,1.673,A,#4,HOLDING,0.576A/A
30603,2026-06-03 22:35:31,28.3125,4.82,0.429,1.673,A,#4,HOLDING,0.621A/A
30604,2026-06-03 22:35:33,28.2625,4.82,0.621,3.353,A,#4,HOLDING,0.656A/A
30605,2026-06-03 22:35:35,28.1875,4.82,0.621,3.353,A,#4,HOLDING,0.698A/A
30606,2026-06-03 22:35:37,28.1875,4.82,0.621,3.353,A,#4,HOLDING,0.732A/A
30607,2026-06-03 22:35:39,28.1125,6.28,0.621,3.353,A,#4,HOLDING,0.764A/A
30608,2026-06-03 22:35:40,28.0125,6.28,0.764,5.103,A,#4,HOLDING,0.743A/A
30609,2026-06-03 22:35:43,27.8250,6.28,0.764,5.103,A,#4,HOLDING,0.763A/A
30610,2026-06-03 22:35:44,27.8250,6.28,0.764,5.103,A,#4,HOLDING,0.793A/A
30611,2026-06-03 22:35:46,27.7750,6.93,0.764,5.103,A,#4,HOLDING,0.823A/A
30612,2026-06-03 22:35:48,27.6500,6.93,0.806,5.999,A,#4,HOLDING,0.845A/A
30613,2026-06-03 22:35:50,27.4125,6.93,0.806,5.999,A,#4,HOLDING,0.843A/A
30614,2026-06-03 22:35:52,27.4125,6.93,0.806,5.999,A,#4,HOLDING,0.858A/A
30615,2026-06-03 22:35:54,27.2625,7.57,0.806,5.999,A,#4,HOLDING,0.862A/A
30616,2026-06-03 22:35:56,27.1125,7.57,0.862,6.637,A,#4,HOLDING,0.866A/A
30617,2026-06-03 22:35:58,26.8625,7.57,0.862,6.637,A,#4,HOLDING,0.836A/A
30618,2026-06-03 22:36:00,26.8625,7.57,0.862,6.637,A,#4,HOLDING,0.842A/A
30619,2026-06-03 22:36:02,26.7125,7.49,0.862,6.637,A,#4,HOLDING,0.828A/A
30620,2026-06-03 22:36:03,26.5625,7.49,0.828,6.259,A,#4,HOLDING,0.812A/A
30621,2026-06-03 22:36:06,26.2375,7.49,0.828,6.259,A,#4,HOLDING,0.746A/A
30622,2026-06-03 22:36:07,26.2375,7.49,0.828,6.259,A,#4,HOLDING,0.733A/A
30623,2026-06-03 22:36:09,26.0875,6.83,0.828,6.259,A,#4,HOLDING,0.645A/A
30624,2026-06-03 22:36:11,25.9375,6.83,0.645,4.024,A,#4,HOLDING,0.604A/A
30625,2026-06-03 22:36:13,25.6250,6.83,0.645,4.024,A,#4,HOLDING,0.493A/A
30626,2026-06-03 22:36:15,25.6250,6.83,0.645,4.024,A,#4,HOLDING,0.462A/A
30627,2026-06-03 22:36:17,25.4875,4.73,0.645,4.024,A,#4,HOLDING,0.396A/A
30628,2026-06-03 22:36:19,25.3125,4.73,0.427,1.683,A,#4,HOLDING,0.328A/A
30629,2026-06-03 22:36:21,24.9875,4.73,0.427,1.683,A,#4,HOLDING,0.185A/A
30630,2026-06-03 22:36:23,24.9875,4.73,0.427,1.683,A,#4,HOLDING,0.132A/A
30631,2026-06-03 22:36:24,24.8875,4.73,0.427,1.683,OFF,#4,HOLDING,0.000A/OFF
30632,2026-06-03 22:36:25,24.7375,1.91,0.427,1.683,OFF,#4,HOLDING,0.000A/OFF
30633,2026-06-03 22:36:26,24.7375,1.91,0.132,1.683,OFF,#4,HOLDING,0.000A/OFF
30634,2026-06-03 22:36:27,24.5750,1.91,0.132,0.000,B,#4,HOLDING,0.133A/B
30635,2026-06-03 22:36:29,24.4500,1.91,0.132,0.000,B,#4,HOLDING,0.213A/B
30636,2026-06-03 22:36:31,24.4500,1.91,0.132,0.000,B,#4,HOLDING,0.294A/B
30637,2026-06-03 22:36:32,24.3375,2.33,0.132,0.000,B,#4,HOLDING,0.371A/B
30638,2026-06-03 22:36:34,24.2375,2.33,0.354,1.146,B,#4,HOLDING,0.476A/B
30639,2026-06-03 22:36:36,24.0500,2.33,0.354,1.146,B,#4,HOLDING,0.617A/B
30640,2026-06-03 22:36:38,24.0500,2.33,0.354,1.146,B,#4,HOLDING,0.710A/B
30641,2026-06-03 22:36:40,23.9875,5.82,0.354,1.146,B,#4,HOLDING,0.827A/B
30642,2026-06-03 22:36:42,23.9125,5.82,0.827,5.789,B,#4,HOLDING,0.947A/B
30643,2026-06-03 22:36:44,23.8250,5.82,0.827,5.789,B,#4,HOLDING,1.108A/B
30644,2026-06-03 22:36:46,23.8250,5.82,0.827,5.789,B,#4,HOLDING,1.213A/B
30645,2026-06-03 22:36:48,23.8125,9.68,0.827,5.789,B,#4,HOLDING,1.332A/B
30646,2026-06-03 22:36:49,23.8125,9.68,1.332,14.225,B,#4,HOLDING,1.452A/B
30647,2026-06-03 22:36:52,23.8750,9.68,1.332,14.225,B,#4,HOLDING,1.500A/B
30648,2026-06-03 22:36:53,23.8750,9.68,1.332,14.225,B,#4,HOLDING,1.600A/B
30649,2026-06-03 22:36:55,23.9125,12.00,1.332,14.225,B,#4,HOLDING,1.500A/B
30650,2026-06-03 22:36:57,23.9875,12.00,1.499,17.748,B,#4,HOLDING,1.708A/B
30651,2026-06-03 22:36:59,24.2000,12.00,1.499,17.748,B,#4,HOLDING,1.806A/B
30652,2026-06-03 22:37:01,24.2000,12.00,1.499,17.748,B,#4,HOLDING,1.903A/B
30653,2026-06-03 22:37:03,24.3000,12.00,1.499,17.748,B,#4,HOLDING,1.999A/B
30654,2026-06-03 22:37:05,24.4250,12.00,1.448,17.160,B,#4,HOLDING,2.095A/B
30655,2026-06-03 22:37:07,24.5750,12.00,1.448,17.160,B,#4,HOLDING,2.000A/B
30656,2026-06-03 22:37:09,24.7500,12.00,1.448,17.160,B,#4,HOLDING,1.000A/B
30657,2026-06-03 22:37:10,24.9250,9.05,1.448,17.160,B,#4,HOLDING,2.161A/B
30658,2026-06-03 22:37:12,25.0750,9.05,1.411,16.752,B,#4,HOLDING,1.500A/B
30659,2026-06-03 22:37:15,25.2750,9.05,1.411,16.752,B,#4,HOLDING,2.221A/B
30660,2026-06-03 22:37:16,25.4500,9.05,1.411,16.752,B,#4,HOLDING,2.263A/B
30661,2026-06-03 22:37:18,25.6250,12.00,1.411,16.752,B,#4,HOLDING,2.000A/B
30662,2026-06-03 22:37:20,25.8500,12.00,1.382,16.392,B,#4,HOLDING,2.290A/B
30663,2026-06-03 22:37:22,26.0500,12.00,1.382,16.392,B,#4,HOLDING,2.335A/B
30664,2026-06-03 22:37:24,26.2250,12.00,1.382,16.392,B,#4,HOLDING,1.500A/B
30665,2026-06-03 22:37:26,26.4250,12.00,1.382,16.392,B,#4,HOLDING,2.000A/B
30666,2026-06-03 22:37:28,26.6250,12.00,1.357,16.116,B,#4,HOLDING,2.308A/B
30667,2026-06-03 22:37:30,26.8375,12.00,1.357,16.116,B,#4,HOLDING,2.324A/B
30668,2026-06-03 22:37:32,27.0125,12.00,1.357,16.116,B,#5,APPROACH,2.000A/B
30669,2026-06-03 22:37:33,27.2125,12.00,1.357,16.116,OFF,#5,HOLDING,0.000A/OFF
30670,2026-06-03 22:37:34,27.4125,3.04,1.357,16.116,OFF,#5,HOLDING,0.000A/OFF
30671,2026-06-03 22:37:35,27.4125,3.04,0.000,16.116,OFF,#5,HOLDING,0.000A/OFF
30672,2026-06-03 22:37:36,27.6125,3.04,0.000,16.116,OFF,#5,HOLDING,0.000A/OFF
30673,2026-06-03 22:37:37,27.6125,3.04,0.000,0.000,OFF,#5,HOLDING,0.000A/OFF
30674,2026-06-03 22:37:38,27.8125,3.04,0.000,0.000,OFF,#5,HOLDING,0.000A/OFF
30675,2026-06-03 22:37:40,27.8125,3.04,0.000,0.000,OFF,#5,HOLDING,0.000A/OFF
30676,2026-06-03 22:37:41,27.9875,3.04,0.000,0.000,OFF,#5,HOLDING,0.000A/OFF
30677,2026-06-03 22:37:42,27.9875,12.00,0.000,0.000,OFF,#5,HOLDING,0.000A/OFF
30678,2026-06-03 22:37:43,28.1625,12.00,0.000,0.000,OFF,#5,HOLDING,0.000A/OFF
30679,2026-06-03 22:37:44,28.1625,12.00,0.000,0.000,OFF,#5,HOLDING,0.000A/OFF
30680,2026-06-03 22:37:45,28.3250,12.00,0.000,0.000,OFF,#5,HOLDING,0.000A/OFF
30681,2026-06-03 22:37:46,28.4500,12.00,0.000,0.000,OFF,#5,HOLDING,0.000A/OFF
30682,2026-06-03 22:37:47,28.4500,12.00,0.000,0.000,OFF,#5,HOLDING,0.000A/OFF
30683,2026-06-03 22:37:48,28.5375,12.00,0.000,0.000,OFF,#5,HOLDING,0.000A/OFF
30684,2026-06-03 22:37:49,28.5375,12.00,0.000,0.000,OFF,#5,HOLDING,0.000A/OFF
30685,2026-06-03 22:37:50,28.6625,12.00,0.000,0.000,OFF,#5,HOLDING,0.000A/OFF
30686,2026-06-03 22:37:51,28.6625,12.00,0.000,0.000,OFF,#5,HOLDING,0.000A/OFF
30687,2026-06-03 22:37:52,28.7250,12.00,0.000,0.000,A,#5,HOLDING,0.125A/A
30688,2026-06-03 22:37:53,28.7250,12.00,0.000,0.000,A,#5,HOLDING,0.128A/A
30689,2026-06-03 22:37:55,28.8250,0.55,0.000,0.000,A,#5,HOLDING,0.171A/A
30690,2026-06-03 22:37:57,28.8750,0.55,0.160,0.189,A,#5,HOLDING,0.200A/A
30691,2026-06-03 22:37:59,28.9250,0.55,0.160,0.189,A,#5,HOLDING,0.304A/A
30692,2026-06-03 22:38:01,29.0000,0.55,0.160,0.189,A,#5,HOLDING,0.340A/A
30693,2026-06-03 22:38:02,29.0250,2.59,0.160,0.189,A,#5,HOLDING,0.381A/A
30694,2026-06-03 22:38:04,29.0625,2.59,0.381,1.192,A,#5,HOLDING,0.426A/A
30695,2026-06-03 22:38:07,29.0625,2.59,0.381,1.192,A,#5,HOLDING,0.471A/A
30696,2026-06-03 22:38:08,29.0875,2.59,0.381,1.192,A,#5,HOLDING,0.511A/A
30697,2026-06-03 22:38:10,29.0625,4.26,0.381,1.192,A,#5,HOLDING,0.547A/A
30698,2026-06-03 22:38:12,29.0625,4.26,0.527,2.581,A,#5,HOLDING,0.589A/A
30699,2026-06-03 22:38:14,29.0125,4.26,0.527,2.581,A,#5,HOLDING,0.633A/A
30700,2026-06-03 22:38:16,28.9875,4.26,0.527,2.581,A,#5,HOLDING,0.665A/A
30701,2026-06-03 22:38:18,28.9375,5.75,0.527,2.581,A,#5,HOLDING,0.697A/A
30702,2026-06-03 22:38:20,28.8625,5.75,0.682,4.279,A,#5,HOLDING,0.676A/A
30703,2026-06-03 22:38:22,28.8125,5.75,0.682,4.279,A,#5,HOLDING,0.718A/A
30704,2026-06-03 22:38:23,28.7125,5.75,0.682,4.279,A,#5,HOLDING,0.737A/A
30705,2026-06-03 22:38:25,28.6125,6.42,0.682,4.279,A,#5,HOLDING,0.762A/A
30706,2026-06-03 22:38:27,28.5250,6.42,0.762,5.166,A,#5,HOLDING,0.780A/A
30707,2026-06-03 22:38:30,28.4000,6.42,0.762,5.166,A,#5,HOLDING,0.806A/A
30708,2026-06-03 22:38:31,28.3000,6.42,0.762,5.166,A,#5,HOLDING,0.818A/A
30709,2026-06-03 22:38:33,28.1250,7.21,0.762,5.166,A,#5,HOLDING,0.818A/A
30710,2026-06-03 22:38:35,28.0125,7.21,0.818,6.012,A,#5,HOLDING,0.821A/A
30711,2026-06-03 22:38:37,27.8625,7.21,0.818,6.012,A,#5,HOLDING,0.820A/A
30712,2026-06-03 22:38:39,27.7000,7.21,0.818,6.012,A,#5,HOLDING,0.811A/A
30713,2026-06-03 22:38:41,27.5500,7.31,0.818,6.012,A,#5,HOLDING,0.795A/A
30714,2026-06-03 22:38:42,27.4250,7.31,0.795,5.795,A,#5,HOLDING,0.776A/A
30715,2026-06-03 22:38:45,27.2500,7.31,0.795,5.795,A,#5,HOLDING,0.750A/A
30716,2026-06-03 22:38:46,27.1000,7.31,0.795,5.795,A,#5,HOLDING,0.721A/A
30717,2026-06-03 22:38:48,26.9250,6.74,0.795,5.795,A,#5,HOLDING,0.680A/A
30718,2026-06-03 22:38:50,26.7625,6.74,0.680,4.420,A,#5,HOLDING,0.578A/A
30719,2026-06-03 22:38:52,26.6125,6.74,0.680,4.420,A,#5,HOLDING,0.515A/A
30720,2026-06-03 22:38:54,26.4500,6.74,0.680,4.420,A,#5,HOLDING,0.459A/A
30721,2026-06-03 22:38:56,26.2500,4.63,0.680,4.420,A,#5,HOLDING,0.384A/A
30722,2026-06-03 22:38:58,26.1375,4.63,0.384,1.597,A,#5,HOLDING,0.314A/A
30723,2026-06-03 22:39:00,25.9625,4.63,0.384,1.597,A,#5,HOLDING,0.218A/A
30724,2026-06-03 22:39:02,25.8000,4.63,0.384,1.597,A,#5,HOLDING,0.143A/A
30725,2026-06-03 22:39:04,25.6750,4.63,0.384,1.597,OFF,#5,HOLDING,0.000A/OFF
30726,2026-06-03 22:39:05,25.5125,1.94,0.384,1.597,OFF,#5,HOLDING,0.000A/OFF
30727,2026-06-03 22:39:06,25.5125,1.94,0.143,1.597,OFF,#5,HOLDING,0.000A/OFF
30728,2026-06-03 22:39:07,25.3625,1.94,0.143,0.811,B,#5,HOLDING,0.125A/B
30729,2026-06-03 22:39:08,25.2375,1.94,0.143,0.811,B,#5,HOLDING,0.203A/B
30730,2026-06-03 22:39:10,25.2375,1.94,0.143,0.811,B,#5,HOLDING,0.285A/B
30731,2026-06-03 22:39:11,25.1125,2.34,0.143,0.811,B,#5,HOLDING,0.366A/B
30732,2026-06-03 22:39:13,25.0250,2.34,0.366,1.152,B,#5,HOLDING,0.472A/B
30733,2026-06-03 22:39:16,24.9250,2.34,0.366,1.152,B,#5,HOLDING,0.627A/B
30734,2026-06-03 22:39:17,24.8250,2.34,0.366,1.152,B,#5,HOLDING,0.704A/B
30735,2026-06-03 22:39:19,24.7000,5.96,0.366,1.152,B,#5,HOLDING,0.830A/B
30736,2026-06-03 22:39:21,24.6750,5.96,0.764,5.876,B,#5,HOLDING,0.947A/B
30737,2026-06-03 22:39:23,24.5750,5.96,0.764,5.876,B,#5,HOLDING,1.107A/B
30738,2026-06-03 22:39:25,24.5500,5.96,0.764,5.876,B,#5,HOLDING,1.211A/B
30739,2026-06-03 22:39:27,24.5000,9.74,0.764,5.876,B,#5,HOLDING,1.341A/B
30740,2026-06-03 22:39:28,24.5000,9.74,1.307,14.455,B,#5,HOLDING,1.463A/B
30741,2026-06-03 22:39:31,24.5250,9.74,1.307,14.455,B,#5,HOLDING,1.000A/B
30742,2026-06-03 22:39:32,24.5125,9.74,1.307,14.455,B,#5,HOLDING,1.500A/B
30743,2026-06-03 22:39:34,24.5625,11.89,1.307,14.455,B,#5,HOLDING,1.615A/B
30744,2026-06-03 22:39:36,24.6375,11.89,1.491,17.652,B,#5,HOLDING,1.500A/B
30745,2026-06-03 22:39:38,24.7125,11.89,1.491,17.652,B,#5,HOLDING,1.723A/B
30746,2026-06-03 22:39:40,24.8000,11.89,1.491,17.652,B,#5,HOLDING,1.000A/B
30747,2026-06-03 22:39:42,24.9250,8.91,1.491,17.652,B,#5,HOLDING,1.000A/B
30748,2026-06-03 22:39:44,25.0500,8.91,1.000,9.050,B,#5,HOLDING,1.773A/B
30749,2026-06-03 22:39:46,25.2000,8.91,1.000,9.050,B,#5,HOLDING,1.892A/B
30750,2026-06-03 22:39:48,25.3000,8.91,1.000,9.050,B,#5,HOLDING,1.971A/B
30751,2026-06-03 22:39:50,25.4500,12.00,1.000,9.050,B,#5,HOLDING,1.500A/B
30752,2026-06-03 22:39:51,25.6125,12.00,1.420,16.824,B,#5,HOLDING,1.500A/B
30753,2026-06-03 22:39:54,25.7625,12.00,1.420,16.824,B,#5,HOLDING,2.032A/B
30754,2026-06-03 22:39:55,25.9250,12.00,1.420,16.824,B,#5,HOLDING,1.000A/B
30755,2026-06-03 22:39:57,26.1000,9.27,1.420,16.824,B,#5,HOLDING,2.074A/B
30756,2026-06-03 22:39:59,26.2625,9.27,1.358,16.500,B,#5,HOLDING,2.121A/B
30757,2026-06-03 22:40:01,26.4375,9.27,1.358,16.500,B,#5,HOLDING,2.187A/B
30758,2026-06-03 22:40:03,26.6375,9.27,1.358,16.500,B,#5,HOLDING,2.212A/B
30759,2026-06-03 22:40:05,26.8125,12.00,1.358,16.500,B,#5,HOLDING,1.500A/B
30760,2026-06-03 22:40:07,26.9875,12.00,1.364,16.200,B,#5,HOLDING,1.500A/B
30761,2026-06-03 22:40:09,27.1875,12.00,1.364,16.200,B,#5,HOLDING,2.194A/B
30762,2026-06-03 22:40:11,27.3625,12.00,1.364,16.200,B,#5,HOLDING,1.500A/B
30763,2026-06-03 22:40:13,27.5125,12.00,1.364,16.200,OFF,--,DONE,1.500A/B
30764,2026-06-03 22:40:15,27.7250,12.00,1.345,16.200,OFF,--,DONE,--
30765,2026-06-03 22:40:16,27.8750,12.00,1.345,0.000,OFF,--,DONE,--
30766,2026-06-03 22:40:17,27.8750,12.00,1.345,0.000,OFF,--,DONE,--
30767,2026-06-03 22:40:18,28.0500,5.34,0.000,0.000,OFF,--,DONE,--
30768,2026-06-03 22:40:19,28.0500,5.34,0.000,0.000,OFF,--,DONE,--
30769,2026-06-03 22:40:20,28.2500,5.34,0.000,0.000,OFF,--,DONE,--
30770,2026-06-03 22:40:21,28.2500,2.19,0.000,0.000,OFF,--,DONE,--
30771,2026-06-03 22:40:22,28.4250,2.19,0.000,0.000,OFF,--,DONE,--
30772,2026-06-03 22:40:23,28.4250,2.19,0.000,0.000,OFF,--,DONE,--
30773,2026-06-03 22:40:24,28.5750,2.19,0.000,0.000,OFF,--,DONE,--
30774,2026-06-03 22:40:25,28.5750,0.86,0.000,0.000,OFF,--,DONE,--
30775,2026-06-03 22:40:26,28.7250,0.86,0.000,0.000,OFF,--,DONE,--
30776,2026-06-03 22:40:27,28.8250,0.86,0.000,0.000,OFF,--,DONE,--
30777,2026-06-03 22:40:28,28.8250,0.28,0.000,0.000,OFF,--,DONE,--
30778,2026-06-03 22:40:29,28.9250,0.28,0.000,0.000,OFF,--,DONE,--
30779,2026-06-03 22:40:30,28.9250,0.28,0.000,0.000,OFF,--,DONE,--
30780,2026-06-03 22:40:31,29.0750,0.28,0.000,0.000,OFF,--,DONE,--
30781,2026-06-03 22:40:32,29.0750,0.00,0.000,0.000,OFF,--,DONE,--
30782,2026-06-03 22:40:33,29.1375,0.00,0.000,0.000,OFF,--,DONE,--
30783,2026-06-03 22:40:34,29.1375,0.00,0.000,0.000,OFF,--,DONE,--
30784,2026-06-03 22:40:35,29.2125,0.00,0.000,0.000,OFF,--,DONE,--
30785,2026-06-03 22:40:36,29.2125,0.00,0.000,0.000,OFF,--,DONE,--
30786,2026-06-03 22:40:37,29.2625,0.00,0.000,0.000,OFF,--,DONE,--
30787,2026-06-03 22:40:38,29.2625,0.00,0.000,0.000,OFF,--,DONE,--
30788,2026-06-03 22:40:39,29.3125,0.00,0.000,0.000,OFF,--,DONE,--
30789,2026-06-03 22:40:40,29.3125,0.00,0.000,0.000,OFF,--,DONE,--
30790,2026-06-03 22:40:41,29.3500,0.00,0.000,0.000,OFF,--,DONE,--
30791,2026-06-03 22:40:42,29.3500,0.00,0.000,0.000,OFF,--,DONE,--
30792,2026-06-03 22:40:43,29.4000,0.00,0.000,0.000,OFF,--,DONE,--
30793,2026-06-03 22:40:44,29.4000,0.00,0.000,0.000,OFF,--,DONE,--
30794,2026-06-03 22:40:45,29.4125,0.00,0.000,0.000,OFF,--,DONE,--
30795,2026-06-03 22:40:46,29.4375,0.00,0.000,0.000,OFF,--,DONE,--
30796,2026-06-03 22:40:47,29.4375,0.00,0.000,0.000,OFF,--,DONE,--
30797,2026-06-03 22:40:48,29.4375,0.00,0.000,0.000,OFF,--,DONE,--
30798,2026-06-03 22:40:49,29.4375,0.00,0.000,0.000,OFF,--,DONE,--
30799,2026-06-03 22:40:50,29.4125,0.00,0.000,0.000,OFF,--,DONE,--
30800,2026-06-03 22:40:51,29.4125,0.00,0.000,0.000,OFF,--,DONE,--
30801,2026-06-03 22:40:52,29.4375,0.00,0.000,0.000,OFF,--,DONE,--
30802,2026-06-03 22:40:53,29.4375,0.00,0.000,0.000,OFF,--,DONE,--
30803,2026-06-03 22:40:54,29.3875,0.00,0.000,0.000,OFF,--,DONE,--
30804,2026-06-03 22:40:55,29.3875,0.00,0.000,0.000,OFF,--,DONE,--
30805,2026-06-03 22:40:56,29.3750,0.00,0.000,0.000,OFF,--,DONE,--
30806,2026-06-03 22:40:57,29.3750,0.00,0.000,0.000,OFF,--,DONE,--
30807,2026-06-03 22:40:58,29.3750,0.00,0.000,0.000,OFF,--,DONE,--
30808,2026-06-03 22:40:59,29.3750,0.00,0.000,0.000,OFF,--,DONE,--
30809,2026-06-03 22:41:00,29.3125,0.00,0.000,0.000,OFF,--,DONE,--
30810,2026-06-03 22:41:01,29.3125,0.00,0.000,0.000,OFF,--,DONE,--
30811,2026-06-03 22:41:02,29.2875,0.00,0.000,0.000,OFF,--,DONE,--
30812,2026-06-03 22:41:03,29.2500,0.00,0.000,0.000,OFF,--,DONE,--
30813,2026-06-03 22:41:04,29.2500,0.00,0.000,0.000,OFF,--,DONE,--
30814,2026-06-03 22:41:05,29.2250,0.00,0.000,0.000,OFF,--,DONE,--
30815,2026-06-03 22:41:07,29.2250,0.00,0.000,0.000,OFF,--,DONE,--
30816,2026-06-03 22:41:08,29.1750,0.00,0.000,0.000,OFF,--,DONE,--
30817,2026-06-03 22:41:09,29.1750,0.00,0.000,0.000,OFF,--,DONE,--
30818,2026-06-03 22:41:10,29.1000,0.00,0.000,0.000,OFF,--,DONE,--
30819,2026-06-03 22:41:11,29.1000,0.00,0.000,0.000,OFF,--,DONE,--
30820,2026-06-03 22:41:12,29.0625,0.00,0.000,0.000,OFF,--,DONE,--
30821,2026-06-03 22:41:13,29.0625,0.00,0.000,0.000,OFF,--,DONE,--
30822,2026-06-03 22:41:14,28.9875,0.00,0.000,0.000,OFF,--,DONE,--
30823,2026-06-03 22:41:15,28.9875,0.00,0.000,0.000,OFF,--,DONE,--
30824,2026-06-03 22:41:16,28.9000,0.00,0.000,0.000,OFF,--,DONE,--
30825,2026-06-03 22:41:17,28.9000,0.00,0.000,0.000,OFF,--,DONE,--
30826,2026-06-03 22:41:18,28.8500,0.00,0.000,0.000,OFF,--,DONE,--
30827,2026-06-03 22:41:19,28.8500,0.00,0.000,0.000,OFF,--,DONE,--
30828,2026-06-03 22:41:20,28.7750,0.00,0.000,0.000,OFF,--,DONE,--
30829,2026-06-03 22:41:21,28.7000,0.00,0.000,0.000,OFF,--,DONE,--
30830,2026-06-03 22:41:22,28.7000,0.00,0.000,0.000,OFF,--,DONE,--
30831,2026-06-03 22:41:23,28.5875,0.00,0.000,0.000,OFF,--,DONE,--
30832,2026-06-03 22:41:24,28.5875,0.00,0.000,0.000,OFF,--,DONE,--
30833,2026-06-03 22:41:25,28.5375,0.00,0.000,0.000,OFF,--,DONE,--
30834,2026-06-03 22:41:26,28.5375,0.00,0.000,0.000,OFF,--,DONE,--
30835,2026-06-03 22:41:27,28.4625,0.00,0.000,0.000,OFF,--,DONE,--
30836,2026-06-03 22:41:28,28.4625,0.00,0.000,0.000,OFF,--,DONE,--
30837,2026-06-03 22:41:29,28.3875,0.00,0.000,0.000,OFF,--,DONE,--
30838,2026-06-03 22:41:30,28.3875,0.00,0.000,0.000,OFF,--,DONE,--
30839,2026-06-03 22:41:31,28.3000,0.00,0.000,0.000,OFF,--,DONE,--
30840,2026-06-03 22:41:32,28.3000,0.00,0.000,0.000,OFF,--,DONE,--
30841,2026-06-03 22:41:33,28.2250,0.00,0.000,0.000,OFF,--,DONE,--
30842,2026-06-03 22:41:34,28.2250,0.00,0.000,0.000,OFF,--,DONE,--
30843,2026-06-03 22:41:35,28.1375,0.00,0.000,0.000,OFF,--,DONE,--
30844,2026-06-03 22:41:36,28.0625,0.00,0.000,0.000,OFF,--,DONE,--
30845,2026-06-03 22:41:37,28.0625,0.00,0.000,0.000,OFF,--,DONE,--
30846,2026-06-03 22:41:38,27.9625,0.00,0.000,0.000,OFF,--,DONE,--
30847,2026-06-03 22:41:39,27.9625,0.00,0.000,0.000,OFF,--,DONE,--
30848,2026-06-03 22:41:40,27.8875,0.00,0.000,0.000,OFF,--,DONE,--
30849,2026-06-03 22:41:41,27.8875,0.00,0.000,0.000,OFF,--,DONE,--
30850,2026-06-03 22:41:42,27.8000,0.00,0.000,0.000,OFF,--,DONE,--
30851,2026-06-03 22:41:43,27.8000,0.00,0.000,0.000,OFF,--,DONE,--
30852,2026-06-03 22:41:44,27.7250,0.00,0.000,0.000,OFF,--,DONE,--
30853,2026-06-03 22:41:45,27.7250,0.00,0.000,0.000,OFF,--,DONE,--
30854,2026-06-03 22:41:46,27.6500,0.00,0.000,0.000,OFF,--,DONE,--
30855,2026-06-03 22:41:47,27.6500,0.00,0.000,0.000,OFF,--,DONE,--
30856,2026-06-03 22:41:48,27.5750,0.00,0.000,0.000,OFF,--,DONE,--
30857,2026-06-03 22:41:49,27.5750,0.00,0.000,0.000,OFF,--,DONE,--
30858,2026-06-03 22:41:50,27.4625,0.00,0.000,0.000,OFF,--,DONE,--
30859,2026-06-03 22:41:51,27.4125,0.00,0.000,0.000,OFF,--,DONE,--
30860,2026-06-03 22:41:52,27.4125,0.00,0.000,0.000,OFF,--,DONE,--
30861,2026-06-03 22:41:53,27.3000,0.00,0.000,0.000,OFF,--,DONE,--
30862,2026-06-03 22:41:55,27.3000,0.00,0.000,0.000,OFF,--,DONE,--
30863,2026-06-03 22:41:56,27.2500,0.00,0.000,0.000,OFF,--,DONE,--
30864,2026-06-03 22:41:57,27.2500,0.00,0.000,0.000,OFF,--,DONE,--
30865,2026-06-03 22:41:58,27.1500,0.00,0.000,0.000,OFF,--,DONE,--
30866,2026-06-03 22:41:59,27.1500,0.00,0.000,0.000,OFF,--,DONE,--
30867,2026-06-03 22:42:00,27.0750,0.00,0.000,0.000,OFF,--,DONE,--
30868,2026-06-03 22:42:01,27.0750,0.00,0.000,0.000,OFF,--,DONE,--
30869,2026-06-03 22:42:02,27.0250,0.00,0.000,0.000,OFF,--,DONE,--
30870,2026-06-03 22:42:03,27.0250,0.00,0.000,0.000,OFF,--,DONE,--
30871,2026-06-03 22:42:04,26.9500,0.00,0.000,0.000,OFF,--,DONE,--
30872,2026-06-03 22:42:05,26.9500,0.00,0.000,0.000,OFF,--,DONE,--
30873,2026-06-03 22:42:06,26.8625,0.00,0.000,0.000,OFF,--,DONE,--
30874,2026-06-03 22:42:07,26.8125,0.00,0.000,0.000,OFF,--,DONE,--
30875,2026-06-03 22:42:08,26.8125,0.00,0.000,0.000,OFF,--,DONE,--
30876,2026-06-03 22:42:09,26.7375,0.00,0.000,0.000,OFF,--,DONE,--
30877,2026-06-03 22:42:10,26.7375,0.00,0.000,0.000,OFF,--,DONE,--
30878,2026-06-03 22:42:11,26.6375,0.00,0.000,0.000,OFF,--,DONE,--
30879,2026-06-03 22:42:12,26.6375,0.00,0.000,0.000,OFF,--,DONE,--
30880,2026-06-03 22:42:13,26.6125,0.00,0.000,0.000,OFF,--,DONE,--
30881,2026-06-03 22:42:14,26.6125,0.00,0.000,0.000,OFF,--,DONE,--
30882,2026-06-03 22:42:15,26.5125,0.00,0.000,0.000,OFF,--,DONE,--
30883,2026-06-03 22:42:16,26.5125,0.00,0.000,0.000,OFF,--,DONE,--
30884,2026-06-03 22:42:17,26.4625,0.00,0.000,0.000,B,#1,APPROACH,2.173A/B
30885,2026-06-03 22:42:19,26.3875,0.00,0.000,0.000,B,#1,APPROACH,2.870A/B
30886,2026-06-03 22:42:22,26.3125,0.00,0.000,0.000,B,#1,APPROACH,1.962A/B
30887,2026-06-03 22:42:24,26.2625,0.00,0.000,0.000,B,#1,APPROACH,2.489A/B
30888,2026-06-03 22:42:25,26.1875,0.00,0.000,0.000,B,#1,APPROACH,2.500A/B
30889,2026-06-03 22:42:27,26.1375,12.00,0.000,0.000,B,#1,APPROACH,2.500A/B
30890,2026-06-03 22:42:29,26.0625,12.00,1.548,18.300,B,#1,APPROACH,2.500A/B
30891,2026-06-03 22:42:31,26.0375,12.00,1.548,18.300,B,#1,APPROACH,2.000A/B
30892,2026-06-03 22:42:33,26.0500,12.00,1.548,18.300,B,#1,APPROACH,1.903A/B
30893,2026-06-03 22:42:34,26.0250,12.00,1.548,18.300,B,#1,APPROACH,1.000A/B
30894,2026-06-03 22:42:36,26.0750,12.00,1.034,8.800,B,#1,APPROACH,2.500A/B
30895,2026-06-03 22:42:39,26.1250,12.00,1.034,8.800,B,#1,APPROACH,2.013A/B
30896,2026-06-03 22:42:40,26.2000,12.00,1.034,8.800,B,#1,APPROACH,1.965A/B
30897,2026-06-03 22:42:42,26.2750,12.00,1.034,8.800,B,#1,APPROACH,1.500A/B
30898,2026-06-03 22:42:44,26.3625,12.00,1.446,17.124,B,#1,APPROACH,1.500A/B
30899,2026-06-03 22:42:46,26.4625,12.00,1.446,17.124,B,#1,APPROACH,1.500A/B
30900,2026-06-03 22:42:48,26.5750,12.00,1.446,17.124,B,#1,APPROACH,1.000A/B
30901,2026-06-03 22:42:50,26.7000,9.16,1.446,17.124,B,#1,APPROACH,1.500A/B
30902,2026-06-03 22:42:52,26.8625,9.16,1.364,16.728,B,#1,APPROACH,1.000A/B
30903,2026-06-03 22:42:54,26.9625,9.16,1.364,16.728,B,#1,APPROACH,1.939A/B
30904,2026-06-03 22:42:55,27.1125,9.16,1.364,16.728,B,#1,APPROACH,2.000A/B
30905,2026-06-03 22:42:57,27.2625,12.00,1.364,16.728,B,#1,APPROACH,1.927A/B
30906,2026-06-03 22:42:59,27.4250,12.00,1.384,16.428,B,#1,APPROACH,1.000A/B
30907,2026-06-03 22:43:02,27.5750,12.00,1.384,16.428,B,#1,APPROACH,1.500A/B
30908,2026-06-03 22:43:03,27.7125,12.00,1.384,16.428,B,#1,APPROACH,1.000A/B
30909,2026-06-03 22:43:05,27.8875,9.41,1.384,16.428,B,#1,APPROACH,1.000A/B
30910,2026-06-03 22:43:07,28.0500,9.41,1.000,9.530,B,#1,APPROACH,1.811A/B
30911,2026-06-03 22:43:09,28.2500,9.41,1.000,9.530,B,#1,APPROACH,1.882A/B
30912,2026-06-03 22:43:11,28.4000,9.41,1.000,9.530,B,#1,APPROACH,1.974A/B
30913,2026-06-03 22:43:13,28.5750,12.00,1.000,9.530,B,#1,APPROACH,1.500A/B
30914,2026-06-03 22:43:14,28.7000,12.00,1.355,16.080,B,#1,APPROACH,2.000A/B
30915,2026-06-03 22:43:17,28.8750,12.00,1.355,16.080,B,#1,APPROACH,2.000A/B
30916,2026-06-03 22:43:18,29.0375,12.00,1.355,16.080,B,#1,APPROACH,2.025A/B
30917,2026-06-03 22:43:20,29.1875,12.00,1.355,16.080,B,#1,APPROACH,2.000A/B
30918,2026-06-03 22:43:22,29.3625,12.00,1.334,15.852,B,#1,APPROACH,1.500A/B
30919,2026-06-03 22:43:24,29.5125,12.00,1.334,15.852,B,#1,APPROACH,1.500A/B
30920,2026-06-03 22:43:26,29.6625,12.00,1.334,15.852,B,#1,APPROACH,2.031A/B
30921,2026-06-03 22:43:28,29.7875,12.00,1.334,15.852,B,#1,APPROACH,2.000A/B
30922,2026-06-03 22:43:30,29.9250,12.00,1.323,15.684,B,#1,APPROACH,1.000A/B
30923,2026-06-03 22:43:32,30.0750,12.00,1.323,15.684,B,#1,HOLDING,2.000A/B
30924,2026-06-03 22:43:34,30.2375,12.00,1.323,15.684,OFF,#1,HOLDING,0.000A/OFF
30925,2026-06-03 22:43:35,30.2375,12.00,1.323,15.684,OFF,#1,HOLDING,0.000A/OFF
30926,2026-06-03 22:43:36,30.3875,12.00,1.323,15.684,OFF,#1,HOLDING,0.000A/OFF
30927,2026-06-03 22:43:37,30.3875,12.00,1.313,15.684,OFF,#1,HOLDING,0.000A/OFF
30928,2026-06-03 22:43:38,30.5500,12.00,1.313,0.000,OFF,#1,HOLDING,0.000A/OFF
30929,2026-06-03 22:43:39,30.5500,12.00,1.313,0.000,OFF,#1,HOLDING,0.000A/OFF
30930,2026-06-03 22:43:40,30.7500,12.00,1.313,0.000,OFF,#1,HOLDING,0.000A/OFF
30931,2026-06-03 22:43:41,30.7500,12.00,1.313,0.000,OFF,#1,HOLDING,0.000A/OFF
30932,2026-06-03 22:43:42,30.8875,12.00,1.313,0.000,OFF,#1,HOLDING,0.000A/OFF
30933,2026-06-03 22:43:43,30.8875,12.00,0.000,0.000,OFF,#1,HOLDING,0.000A/OFF
30934,2026-06-03 22:43:44,31.0125,12.00,0.000,0.000,OFF,#1,HOLDING,0.000A/OFF
30935,2026-06-03 22:43:45,31.0125,12.00,0.000,0.000,OFF,#1,HOLDING,0.000A/OFF
30936,2026-06-03 22:43:46,31.1625,12.00,0.000,0.000,OFF,#1,HOLDING,0.000A/OFF
30937,2026-06-03 22:43:47,31.2875,12.00,0.000,0.000,OFF,#1,HOLDING,0.000A/OFF
30938,2026-06-03 22:43:48,31.2875,12.00,0.000,0.000,OFF,#1,HOLDING,0.000A/OFF
30939,2026-06-03 22:43:49,31.3875,12.00,0.000,0.000,OFF,#1,HOLDING,0.000A/OFF
30940,2026-06-03 22:43:50,31.3875,12.00,0.000,0.000,OFF,#1,HOLDING,0.000A/OFF
30941,2026-06-03 22:43:51,31.4875,12.00,0.000,0.000,OFF,#1,HOLDING,0.000A/OFF
30942,2026-06-03 22:43:52,31.4875,12.00,0.000,0.000,OFF,#1,HOLDING,0.000A/OFF
30943,2026-06-03 22:43:53,31.5750,12.00,0.000,0.000,OFF,#1,HOLDING,0.000A/OFF
30944,2026-06-03 22:43:54,31.5750,12.00,0.000,0.000,OFF,#1,HOLDING,0.000A/OFF
30945,2026-06-03 22:43:55,31.6750,12.00,0.000,0.000,OFF,#1,HOLDING,0.000A/OFF
30946,2026-06-03 22:43:56,31.6750,12.00,0.000,0.000,OFF,#1,HOLDING,0.000A/OFF
30947,2026-06-03 22:43:57,31.7250,12.00,0.000,0.000,OFF,#1,HOLDING,0.000A/OFF
30948,2026-06-03 22:43:58,31.7250,12.00,0.000,0.000,OFF,#1,HOLDING,0.000A/OFF
30949,2026-06-03 22:43:59,31.7750,12.00,0.000,0.000,OFF,#1,HOLDING,0.000A/OFF
30950,2026-06-03 22:44:00,31.7750,12.00,0.000,0.000,OFF,#1,HOLDING,0.000A/OFF
30951,2026-06-03 22:44:01,31.7750,12.00,0.000,0.000,OFF,#1,HOLDING,0.000A/OFF
30952,2026-06-03 22:44:02,31.7750,12.00,0.000,0.000,OFF,#1,HOLDING,0.000A/OFF
30953,2026-06-03 22:44:03,31.7750,12.00,0.000,0.000,A,#1,HOLDING,0.111A/A
30954,2026-06-03 22:44:05,31.8125,12.00,0.000,0.000,A,#1,HOLDING,0.150A/A
30955,2026-06-03 22:44:07,31.8125,12.00,0.000,0.000,A,#1,HOLDING,0.175A/A
30956,2026-06-03 22:44:08,31.7500,0.99,0.000,0.000,A,#1,HOLDING,0.198A/A
30957,2026-06-03 22:44:10,31.7000,0.99,0.198,0.257,A,#1,HOLDING,0.216A/A
30958,2026-06-03 22:44:13,31.6875,0.99,0.198,0.257,A,#1,HOLDING,0.247A/A
30959,2026-06-03 22:44:14,31.6625,0.99,0.198,0.257,A,#1,HOLDING,0.272A/A
30960,2026-06-03 22:44:16,31.5875,2.03,0.198,0.257,A,#1,HOLDING,0.291A/A
30961,2026-06-03 22:44:18,31.5625,2.03,0.291,0.669,A,#1,HOLDING,0.311A/A
30962,2026-06-03 22:44:20,31.5000,2.03,0.291,0.669,A,#1,HOLDING,0.332A/A
30963,2026-06-03 22:44:22,31.4250,2.03,0.291,0.669,A,#1,HOLDING,0.344A/A
30964,2026-06-03 22:44:24,31.3375,2.82,0.291,0.669,A,#1,HOLDING,0.351A/A
30965,2026-06-03 22:44:26,31.2375,2.82,0.351,1.038,A,#1,HOLDING,0.355A/A
30966,2026-06-03 22:44:28,31.1375,2.82,0.351,1.038,A,#1,HOLDING,0.363A/A
30967,2026-06-03 22:44:30,31.0125,2.82,0.351,1.038,A,#1,HOLDING,0.358A/A
30968,2026-06-03 22:44:31,30.9000,3.01,0.351,1.038,A,#1,HOLDING,0.353A/A
30969,2026-06-03 22:44:33,30.7750,3.01,0.353,1.094,A,#2,APPROACH,0.340A/A
30970,2026-06-03 22:44:36,30.6500,3.01,0.353,1.094,A,#2,APPROACH,0.149A/A
30971,2026-06-03 22:44:38,30.5250,3.01,0.353,1.094,A,#2,APPROACH,0.152A/A
30972,2026-06-03 22:44:40,30.3875,3.01,0.353,1.094,A,#2,APPROACH,0.178A/A
30973,2026-06-03 22:44:42,30.2375,6.91,0.178,1.094,A,#2,APPROACH,0.208A/A
30974,2026-06-03 22:44:44,30.1125,6.91,0.178,0.418,A,#2,APPROACH,0.253A/A
30975,2026-06-03 22:44:45,29.9625,6.91,0.178,0.418,A,#2,APPROACH,0.291A/A
30976,2026-06-03 22:44:47,29.8250,6.91,0.178,0.418,A,#2,APPROACH,0.339A/A
30977,2026-06-03 22:44:49,29.6250,3.07,0.178,0.418,A,#2,APPROACH,0.383A/A
30978,2026-06-03 22:44:51,29.5125,3.07,0.359,1.340,A,#2,APPROACH,0.440A/A
30979,2026-06-03 22:44:53,29.3375,3.07,0.359,1.340,A,#2,APPROACH,0.497A/A
30980,2026-06-03 22:44:55,29.1750,3.07,0.359,1.340,A,#2,APPROACH,0.528A/A
30981,2026-06-03 22:44:56,29.0000,4.68,0.359,1.340,A,#2,HOLDING,0.550A/A
30982,2026-06-03 22:44:58,28.8625,4.68,0.550,1.340,OFF,#2,HOLDING,0.000A/OFF
30983,2026-06-03 22:44:59,28.8625,4.68,0.550,2.728,OFF,#2,HOLDING,0.000A/OFF
30984,2026-06-03 22:45:00,28.7125,4.68,0.550,2.728,OFF,#2,HOLDING,0.000A/OFF
30985,2026-06-03 22:45:01,28.7125,4.68,0.550,2.728,OFF,#2,HOLDING,0.000A/OFF
30986,2026-06-03 22:45:02,28.5750,4.68,0.550,2.728,OFF,#2,HOLDING,0.000A/OFF
30987,2026-06-03 22:45:03,28.3750,4.68,0.550,2.728,OFF,#2,HOLDING,0.000A/OFF
30988,2026-06-03 22:45:04,28.3750,12.00,0.550,2.728,OFF,#2,HOLDING,0.000A/OFF
30989,2026-06-03 22:45:05,28.2375,12.00,0.000,2.728,OFF,#2,HOLDING,0.000A/OFF
30990,2026-06-03 22:45:06,28.2375,12.00,0.000,0.000,OFF,#2,HOLDING,0.000A/OFF
30991,2026-06-03 22:45:07,28.0625,12.00,0.000,0.000,OFF,#2,HOLDING,0.000A/OFF
30992,2026-06-03 22:45:08,28.0625,12.00,0.000,0.000,OFF,#2,HOLDING,0.000A/OFF
30993,2026-06-03 22:45:09,27.9500,12.00,0.000,0.000,OFF,#2,HOLDING,0.000A/OFF
30994,2026-06-03 22:45:10,27.9500,12.00,0.000,0.000,OFF,#2,HOLDING,0.000A/OFF
30995,2026-06-03 22:45:11,27.8000,12.00,0.000,0.000,OFF,#2,HOLDING,0.000A/OFF
30996,2026-06-03 22:45:12,27.8000,12.00,0.000,0.000,OFF,#2,HOLDING,0.000A/OFF
30997,2026-06-03 22:45:13,27.6500,12.00,0.000,0.000,OFF,#2,HOLDING,0.000A/OFF
30998,2026-06-03 22:45:14,27.6500,12.00,0.000,0.000,OFF,#2,HOLDING,0.000A/OFF
30999,2026-06-03 22:45:15,27.5250,12.00,0.000,0.000,OFF,#2,HOLDING,0.000A/OFF
31000,2026-06-03 22:45:16,27.5250,12.00,0.000,0.000,OFF,#2,HOLDING,0.000A/OFF
31001,2026-06-03 22:45:17,27.4000,12.00,0.000,0.000,OFF,#2,HOLDING,0.000A/OFF
31002,2026-06-03 22:45:18,27.4000,12.00,0.000,0.000,OFF,#2,HOLDING,0.000A/OFF
31003,2026-06-03 22:45:19,27.3000,12.00,0.000,0.000,OFF,#2,HOLDING,0.000A/OFF
31004,2026-06-03 22:45:20,27.3000,12.00,0.000,0.000,OFF,#2,HOLDING,0.000A/OFF
31005,2026-06-03 22:45:21,27.1750,12.00,0.000,0.000,OFF,#2,HOLDING,0.000A/OFF
31006,2026-06-03 22:45:22,27.1750,12.00,0.000,0.000,OFF,#2,HOLDING,0.000A/OFF
31007,2026-06-03 22:45:23,27.0750,12.00,0.000,0.000,OFF,#2,HOLDING,0.000A/OFF
31008,2026-06-03 22:45:24,27.0750,12.00,0.000,0.000,OFF,#2,HOLDING,0.000A/OFF
31009,2026-06-03 22:45:25,26.9500,12.00,0.000,0.000,B,#2,HOLDING,0.164A/B
31010,2026-06-03 22:45:27,26.8500,12.00,0.000,0.000,B,#2,HOLDING,0.198A/B
31011,2026-06-03 22:45:29,26.7750,12.00,0.000,0.000,B,#2,HOLDING,0.250A/B
31012,2026-06-03 22:45:30,26.6750,2.15,0.000,0.000,B,#2,HOLDING,0.291A/B
31013,2026-06-03 22:45:32,26.6125,2.15,0.270,0.747,B,#2,HOLDING,0.340A/B
31014,2026-06-03 22:45:35,26.5125,2.15,0.270,0.747,B,#2,HOLDING,0.415A/B
31015,2026-06-03 22:45:36,26.4375,2.15,0.270,0.747,B,#2,HOLDING,0.468A/B
31016,2026-06-03 22:45:38,26.3625,4.10,0.270,0.747,B,#2,HOLDING,0.534A/B
31017,2026-06-03 22:45:40,26.3000,4.10,0.500,2.531,B,#2,HOLDING,0.599A/B
31018,2026-06-03 22:45:42,26.2500,4.10,0.500,2.531,B,#2,HOLDING,0.680A/B
31019,2026-06-03 22:45:44,26.1750,4.10,0.500,2.531,B,#2,HOLDING,0.743A/B
31020,2026-06-03 22:45:46,26.1250,6.35,0.500,2.531,B,#2,HOLDING,0.814A/B
31021,2026-06-03 22:45:48,26.1250,6.35,0.778,5.738,B,#2,HOLDING,0.878A/B
31022,2026-06-03 22:45:50,26.0750,6.35,0.778,5.738,B,#2,HOLDING,0.967A/B
31023,2026-06-03 22:45:52,26.0625,6.35,0.778,5.738,B,#2,HOLDING,1.026A/B
31024,2026-06-03 22:45:53,26.0625,8.63,0.778,5.738,B,#2,HOLDING,1.000A/B
31025,2026-06-03 22:45:55,26.0625,8.63,1.000,8.640,B,#2,HOLDING,1.094A/B
31026,2026-06-03 22:45:58,26.0625,8.63,1.000,8.640,B,#2,HOLDING,1.000A/B
31027,2026-06-03 22:45:59,26.1250,8.63,1.000,8.640,B,#2,HOLDING,1.174A/B
31028,2026-06-03 22:46:01,26.1500,9.83,1.000,8.640,B,#2,HOLDING,1.000A/B
31029,2026-06-03 22:46:03,26.2250,9.83,1.016,8.810,B,#2,HOLDING,1.228A/B
31030,2026-06-03 22:46:05,26.2500,9.83,1.016,8.810,B,#2,HOLDING,1.000A/B
31031,2026-06-03 22:46:07,26.3250,9.83,1.016,8.810,B,#2,HOLDING,1.305A/B
31032,2026-06-03 22:46:09,26.4000,10.89,1.016,8.810,B,#2,HOLDING,1.361A/B
31033,2026-06-03 22:46:11,26.5125,10.89,1.361,15.719,B,#2,HOLDING,1.402A/B
31034,2026-06-03 22:46:13,26.5875,10.89,1.361,15.719,B,#2,HOLDING,1.000A/B
31035,2026-06-03 22:46:15,26.6750,10.89,1.361,15.719,B,#2,HOLDING,1.462A/B
31036,2026-06-03 22:46:16,26.8000,12.00,1.361,15.719,B,#2,HOLDING,1.000A/B
31037,2026-06-03 22:46:18,26.9250,12.00,1.069,9.180,B,#2,HOLDING,1.486A/B
31038,2026-06-03 22:46:21,27.0750,12.00,1.069,9.180,B,#2,HOLDING,1.475A/B
31039,2026-06-03 22:46:22,27.1750,12.00,1.069,9.180,B,#2,HOLDING,1.000A/B
31040,2026-06-03 22:46:24,27.3250,9.24,1.069,9.180,B,#2,HOLDING,1.501A/B
31041,2026-06-03 22:46:26,27.4875,9.24,1.303,16.536,B,#2,HOLDING,1.000A/B
31042,2026-06-03 22:46:28,27.6375,9.24,1.303,16.536,B,#2,HOLDING,1.516A/B
31043,2026-06-03 22:46:30,27.7625,9.24,1.303,16.536,B,#2,HOLDING,1.525A/B
31044,2026-06-03 22:46:32,27.9125,12.00,1.303,16.536,B,#2,HOLDING,1.529A/B
31045,2026-06-03 22:46:34,28.0500,12.00,1.371,16.272,B,#2,HOLDING,1.526A/B
31046,2026-06-03 22:46:36,28.2000,12.00,1.371,16.272,B,#2,HOLDING,1.000A/B
31047,2026-06-03 22:46:38,28.3625,12.00,1.371,16.272,B,#2,HOLDING,1.513A/B
31048,2026-06-03 22:46:40,28.5125,12.00,1.371,16.272,B,#2,HOLDING,1.493A/B
31049,2026-06-03 22:46:41,28.6625,12.00,1.348,16.020,B,#2,HOLDING,1.465A/B
31050,2026-06-03 22:46:44,28.8125,12.00,1.348,16.020,B,#2,HOLDING,1.433A/B
31051,2026-06-03 22:46:45,28.9500,12.00,1.348,16.020,B,#2,HOLDING,1.401A/B
31052,2026-06-03 22:46:47,29.1000,12.00,1.348,16.020,B,#2,HOLDING,1.305A/B
31053,2026-06-03 22:46:49,29.2375,12.00,1.317,15.529,B,#2,HOLDING,1.250A/B
31054,2026-06-03 22:46:51,29.4125,12.00,1.317,15.529,B,#2,HOLDING,1.176A/B
31055,2026-06-03 22:46:53,29.5500,12.00,1.317,15.529,B,#2,HOLDING,1.000A/B
31056,2026-06-03 22:46:55,29.7000,9.66,1.317,15.529,B,#2,HOLDING,1.109A/B
31057,2026-06-03 22:46:57,29.8875,9.66,1.077,11.711,B,#2,HOLDING,1.000A/B
31058,2026-06-03 22:46:59,30.0125,9.66,1.077,11.711,B,#2,HOLDING,1.000A/B
31059,2026-06-03 22:47:01,30.1500,9.66,1.077,11.711,B,#2,HOLDING,1.015A/B
31060,2026-06-03 22:47:03,30.3250,9.77,1.077,11.711,B,#2,HOLDING,0.920A/B
31061,2026-06-03 22:47:04,30.4875,9.77,0.955,8.436,B,#2,HOLDING,0.812A/B
31062,2026-06-03 22:47:07,30.6125,9.77,0.955,8.436,B,#2,HOLDING,0.688A/B
31063,2026-06-03 22:47:08,30.7625,9.77,0.955,8.436,B,#2,HOLDING,0.591A/B
31064,2026-06-03 22:47:10,30.8875,6.58,0.955,8.436,B,#2,HOLDING,0.481A/B
31065,2026-06-03 22:47:12,31.0375,6.58,0.534,2.780,B,#2,HOLDING,0.390A/B
31066,2026-06-03 22:47:15,31.1625,6.58,0.534,2.780,B,#2,HOLDING,0.235A/B
31067,2026-06-03 22:47:16,31.3000,6.58,0.534,2.780,B,#2,HOLDING,0.120A/B
31068,2026-06-03 22:47:18,31.4250,6.58,0.534,2.780,OFF,#2,HOLDING,0.000A/OFF
31069,2026-06-03 22:47:19,31.4250,2.64,0.534,2.780,OFF,#2,HOLDING,0.000A/OFF
31070,2026-06-03 22:47:20,31.5375,2.64,0.120,0.310,A,#2,HOLDING,0.157A/A
31071,2026-06-03 22:47:22,31.6375,2.64,0.120,0.310,A,#2,HOLDING,0.300A/A
31072,2026-06-03 22:47:24,31.7625,2.64,0.120,0.310,A,#2,HOLDING,0.430A/A
31073,2026-06-03 22:47:25,31.8625,2.74,0.120,0.310,A,#2,HOLDING,0.574A/A
31074,2026-06-03 22:47:27,31.8625,2.74,0.574,2.399,A,#2,HOLDING,0.712A/A
31075,2026-06-03 22:47:30,32.0000,2.74,0.574,2.399,A,#2,HOLDING,0.906A/A
31076,2026-06-03 22:47:31,32.0000,2.74,0.574,2.399,A,#2,HOLDING,1.000A/A
31077,2026-06-03 22:47:33,32.0500,7.62,0.574,2.399,A,#2,HOLDING,1.033A/A
31078,2026-06-03 22:47:35,32.0500,7.62,1.014,8.387,A,#2,HOLDING,1.000A/A
31079,2026-06-03 22:47:37,32.0125,7.62,1.014,8.387,A,#2,HOLDING,1.000A/A
31080,2026-06-03 22:47:39,31.9625,7.62,1.014,8.387,A,#2,HOLDING,1.169A/A
31081,2026-06-03 22:47:41,31.8875,9.20,1.014,8.387,A,#2,HOLDING,1.309A/A
31082,2026-06-03 22:47:43,31.8875,9.20,1.239,13.587,A,#2,HOLDING,1.453A/A
31083,2026-06-03 22:47:45,31.7250,9.20,1.239,13.587,A,#2,HOLDING,1.620A/A
31084,2026-06-03 22:47:47,31.5875,9.20,1.239,13.587,A,#2,HOLDING,1.724A/A
31085,2026-06-03 22:47:48,31.4625,12.00,1.239,13.587,A,#2,HOLDING,1.000A/A
31086,2026-06-03 22:47:50,31.4625,12.00,1.248,8.400,A,#2,HOLDING,1.848A/A
31087,2026-06-03 22:47:53,31.1250,12.00,1.248,8.400,A,#2,HOLDING,1.500A/A
31088,2026-06-03 22:47:54,30.9500,12.00,1.248,8.400,A,#2,HOLDING,1.930A/A
31089,2026-06-03 22:47:56,30.7500,12.00,1.248,8.400,A,#2,HOLDING,2.000A/A
31090,2026-06-03 22:47:58,30.7500,12.00,1.495,17.772,A,#2,HOLDING,2.029A/A
31091,2026-06-03 22:48:00,30.3375,12.00,1.495,17.772,A,#2,HOLDING,1.000A/A
31092,2026-06-03 22:48:02,30.1375,12.00,1.495,17.772,A,#2,HOLDING,2.096A/A
31093,2026-06-03 22:48:04,29.8875,12.00,1.495,17.772,A,#2,HOLDING,2.128A/A
31094,2026-06-03 22:48:06,29.8875,12.00,1.463,17.400,A,#2,HOLDING,1.500A/A
31095,2026-06-03 22:48:08,29.4375,12.00,1.463,17.400,A,#2,HOLDING,1.000A/A
31096,2026-06-03 22:48:10,29.1625,12.00,1.463,17.400,A,#2,HOLDING,2.179A/A
31097,2026-06-03 22:48:11,28.9125,12.00,1.463,17.400,A,#2,HOLDING,1.500A/A
31098,2026-06-03 22:48:13,28.9125,12.00,1.439,17.136,A,#2,HOLDING,2.165A/A
31099,2026-06-03 22:48:16,28.4625,12.00,1.439,17.136,A,#3,APPROACH,2.000A/A
31100,2026-06-03 22:48:17,28.1875,12.00,1.439,17.136,A,#3,APPROACH,0.111A/A
31101,2026-06-03 22:48:19,28.1875,12.00,1.439,17.136,A,#3,APPROACH,0.123A/A
31102,2026-06-03 22:48:21,27.9125,12.00,1.439,17.136,A,#3,APPROACH,0.106A/A
31103,2026-06-03 22:48:23,27.4375,12.00,0.614,17.136,OFF,#3,APPROACH,0.000A/OFF
31104,2026-06-03 22:48:24,27.4375,12.00,0.614,0.210,OFF,#3,APPROACH,0.000A/OFF
31105,2026-06-03 22:48:25,27.1875,12.00,0.614,0.210,OFF,#3,APPROACH,0.000A/OFF
31106,2026-06-03 22:48:26,27.1875,12.00,0.614,0.210,A,#3,APPROACH,0.112A/A
31107,2026-06-03 22:48:28,26.9375,12.00,0.614,0.210,OFF,#3,HOLDING,0.000A/OFF
31108,2026-06-03 22:48:29,26.7625,12.00,0.614,0.210,OFF,#3,HOLDING,0.000A/OFF
31109,2026-06-03 22:48:30,26.7625,12.00,1.451,0.210,OFF,#3,HOLDING,0.000A/OFF
31110,2026-06-03 22:48:31,26.5125,12.00,1.451,0.000,OFF,#3,HOLDING,0.000A/OFF
31111,2026-06-03 22:48:32,26.5125,12.00,1.451,0.000,OFF,#3,HOLDING,0.000A/OFF
31112,2026-06-03 22:48:33,26.3250,12.00,1.451,0.000,OFF,#3,HOLDING,0.000A/OFF
31113,2026-06-03 22:48:34,26.3250,12.00,1.451,0.000,OFF,#3,HOLDING,0.000A/OFF
31114,2026-06-03 22:48:35,26.1250,12.00,1.451,0.000,OFF,#3,HOLDING,0.000A/OFF
31115,2026-06-03 22:48:36,26.1250,12.00,1.451,0.000,OFF,#3,HOLDING,0.000A/OFF
31116,2026-06-03 22:48:37,25.9500,12.00,0.000,0.000,OFF,#3,HOLDING,0.000A/OFF
31117,2026-06-03 22:48:38,25.8000,12.00,0.000,0.000,OFF,#3,HOLDING,0.000A/OFF
31118,2026-06-03 22:48:39,25.8000,12.00,0.000,0.000,OFF,#3,HOLDING,0.000A/OFF
31119,2026-06-03 22:48:40,25.6375,12.00,0.000,0.000,OFF,#3,HOLDING,0.000A/OFF
31120,2026-06-03 22:48:41,25.6375,12.00,0.000,0.000,OFF,#3,HOLDING,0.000A/OFF
31121,2026-06-03 22:48:42,25.4875,12.00,0.000,0.000,OFF,#3,HOLDING,0.000A/OFF
31122,2026-06-03 22:48:43,25.4875,12.00,0.000,0.000,OFF,#3,HOLDING,0.000A/OFF
31123,2026-06-03 22:48:44,25.3875,12.00,0.000,0.000,OFF,#3,HOLDING,0.000A/OFF
31124,2026-06-03 22:48:45,25.3875,12.00,0.000,0.000,OFF,#3,HOLDING,0.000A/OFF
31125,2026-06-03 22:48:46,25.2625,12.00,0.000,0.000,OFF,#3,HOLDING,0.000A/OFF
31126,2026-06-03 22:48:47,25.2625,12.00,0.000,0.000,OFF,#3,HOLDING,0.000A/OFF
31127,2026-06-03 22:48:48,25.1750,12.00,0.000,0.000,OFF,#3,HOLDING,0.000A/OFF
31128,2026-06-03 22:48:49,25.1750,12.00,0.000,0.000,OFF,#3,HOLDING,0.000A/OFF
31129,2026-06-03 22:48:50,25.0500,12.00,0.000,0.000,B,#3,HOLDING,0.120A/B
31130,2026-06-03 22:48:52,24.9875,12.00,0.000,0.000,B,#3,HOLDING,0.200A/B
31131,2026-06-03 22:48:54,24.8875,12.00,0.000,0.000,B,#3,HOLDING,0.252A/B
31132,2026-06-03 22:48:56,24.8375,2.07,0.000,0.000,B,#3,HOLDING,0.280A/B
31133,2026-06-03 22:48:58,24.7625,2.07,0.280,0.666,B,#3,HOLDING,0.331A/B
31134,2026-06-03 22:49:00,24.7125,2.07,0.280,0.666,B,#3,HOLDING,0.387A/B
31135,2026-06-03 22:49:02,24.6625,2.07,0.280,0.666,B,#3,HOLDING,0.434A/B
31136,2026-06-03 22:49:03,24.6250,3.65,0.280,0.666,B,#3,HOLDING,0.483A/B
31137,2026-06-03 22:49:05,24.5750,3.65,0.469,2.009,B,#3,HOLDING,0.540A/B
31138,2026-06-03 22:49:08,24.5250,3.65,0.469,2.009,B,#3,HOLDING,0.611A/B
31139,2026-06-03 22:49:09,24.5250,3.65,0.469,2.009,B,#3,HOLDING,0.655A/B
31140,2026-06-03 22:49:11,24.5250,5.54,0.469,2.009,B,#3,HOLDING,0.705A/B
31141,2026-06-03 22:49:13,24.5000,5.54,0.679,4.279,B,#3,HOLDING,0.761A/B
31142,2026-06-03 22:49:15,24.5250,5.54,0.679,4.279,B,#3,HOLDING,0.828A/B
31143,2026-06-03 22:49:17,24.5000,5.54,0.679,4.279,B,#3,HOLDING,0.880A/B
31144,2026-06-03 22:49:19,24.5625,7.45,0.679,4.279,B,#3,HOLDING,0.921A/B
31145,2026-06-03 22:49:21,24.5875,7.45,0.903,7.275,B,#3,HOLDING,0.972A/B
31146,2026-06-03 22:49:23,24.6250,7.45,0.903,7.275,B,#3,HOLDING,1.029A/B
31147,2026-06-03 22:49:25,24.6750,7.45,0.903,7.275,B,#3,HOLDING,1.070A/B
31148,2026-06-03 22:49:27,24.7375,9.02,0.903,7.275,B,#3,HOLDING,1.109A/B
31149,2026-06-03 22:49:28,24.8125,9.02,1.090,10.468,B,#3,HOLDING,1.000A/B
31150,2026-06-03 22:49:31,24.8875,9.02,1.090,10.468,B,#3,HOLDING,1.141A/B
31151,2026-06-03 22:49:32,24.9625,9.02,1.090,10.468,B,#3,HOLDING,1.168A/B
31152,2026-06-03 22:49:34,25.1000,9.91,1.090,10.468,B,#3,HOLDING,1.144A/B
31153,2026-06-03 22:49:36,25.1750,9.91,1.144,11.314,B,#3,HOLDING,1.173A/B
31154,2026-06-03 22:49:38,25.2625,9.91,1.144,11.314,B,#3,HOLDING,1.210A/B
31155,2026-06-03 22:49:40,25.3875,9.91,1.144,11.314,B,#3,HOLDING,1.229A/B
31156,2026-06-03 22:49:42,25.5125,10.51,1.144,11.314,B,#3,HOLDING,1.243A/B
31157,2026-06-03 22:49:44,25.6625,10.51,1.243,13.424,B,#3,HOLDING,1.000A/B
31158,2026-06-03 22:49:46,25.7875,10.51,1.243,13.424,B,#3,HOLDING,1.253A/B
31159,2026-06-03 22:49:48,25.9375,10.51,1.243,13.424,B,#3,HOLDING,1.251A/B
31160,2026-06-03 22:49:50,26.0750,10.82,1.243,13.424,B,#3,HOLDING,1.249A/B
31161,2026-06-03 22:49:51,26.2500,10.82,1.249,13.751,B,#3,HOLDING,1.232A/B
31162,2026-06-03 22:49:54,26.3625,10.82,1.249,13.751,B,#3,HOLDING,1.222A/B
31163,2026-06-03 22:49:55,26.5625,10.82,1.249,13.751,B,#3,HOLDING,1.195A/B
31164,2026-06-03 22:49:57,26.7375,10.59,1.249,13.751,B,#3,HOLDING,1.167A/B
31165,2026-06-03 22:49:59,26.8875,10.59,1.167,12.335,B,#3,HOLDING,1.127A/B
31166,2026-06-03 22:50:02,27.0500,10.59,1.167,12.335,B,#3,HOLDING,1.034A/B
31167,2026-06-03 22:50:03,27.2000,10.59,1.167,12.335,B,#3,HOLDING,0.987A/B
31168,2026-06-03 22:50:05,27.3875,9.25,1.167,12.335,B,#3,HOLDING,0.922A/B
31169,2026-06-03 22:50:07,27.5625,9.25,0.949,8.178,B,#3,HOLDING,0.850A/B
31170,2026-06-03 22:50:09,27.7000,9.25,0.949,8.178,B,#3,HOLDING,0.768A/B
31171,2026-06-03 22:50:11,27.8750,9.25,0.949,8.178,B,#3,HOLDING,0.697A/B
31172,2026-06-03 22:50:13,28.0375,7.10,0.949,8.178,B,#3,HOLDING,0.612A/B
31173,2026-06-03 22:50:15,28.1625,7.10,0.648,3.990,B,#3,HOLDING,0.526A/B
31174,2026-06-03 22:50:17,28.3500,7.10,0.648,3.990,B,#3,HOLDING,0.410A/B
31175,2026-06-03 22:50:19,28.4750,7.10,0.648,3.990,B,#3,HOLDING,0.326A/B
31176,2026-06-03 22:50:20,28.6000,4.14,0.648,3.990,B,#3,HOLDING,0.223A/B
31177,2026-06-03 22:50:22,28.7000,4.14,0.273,0.726,B,#3,HOLDING,0.122A/B
31178,2026-06-03 22:50:25,28.8250,4.14,0.273,0.726,OFF,#3,HOLDING,0.000A/OFF
31179,2026-06-03 22:50:26,28.8250,4.14,0.273,0.726,OFF,#3,HOLDING,0.000A/OFF
31180,2026-06-03 22:50:27,28.9500,4.14,0.273,0.726,A,#3,HOLDING,0.138A/A
31181,2026-06-03 22:50:29,29.0375,12.00,0.000,0.726,A,#3,HOLDING,0.237A/A
31182,2026-06-03 22:50:31,29.1125,12.00,0.000,0.322,A,#3,HOLDING,0.358A/A
31183,2026-06-03 22:50:32,29.1875,12.00,0.000,0.322,A,#3,HOLDING,0.460A/A
31184,2026-06-03 22:50:34,29.2375,12.00,0.000,0.322,A,#3,HOLDING,0.565A/A
31185,2026-06-03 22:50:36,29.3125,4.22,0.000,0.322,A,#3,HOLDING,0.693A/A
31186,2026-06-03 22:50:37,29.3625,4.22,0.627,3.783,A,#3,HOLDING,0.820A/A
31187,2026-06-03 22:50:40,29.4125,4.22,0.627,3.783,A,#3,HOLDING,0.985A/A
31188,2026-06-03 22:50:41,29.4375,4.22,0.627,3.783,A,#3,HOLDING,1.094A/A
31189,2026-06-03 22:50:43,29.3750,8.54,0.627,3.783,A,#3,HOLDING,1.000A/A
31190,2026-06-03 22:50:45,29.3750,8.54,1.000,8.090,A,#3,HOLDING,1.213A/A
31191,2026-06-03 22:50:48,29.3500,8.54,1.000,8.090,A,#3,HOLDING,1.370A/A
31192,2026-06-03 22:50:49,29.3000,8.54,1.000,8.090,A,#3,HOLDING,1.473A/A
31193,2026-06-03 22:50:51,29.2375,11.37,1.000,8.090,A,#3,HOLDING,1.590A/A
31194,2026-06-03 22:50:53,29.1375,11.37,1.536,18.264,A,#3,HOLDING,1.500A/A
31195,2026-06-03 22:50:55,29.0500,11.37,1.536,18.264,A,#3,HOLDING,1.500A/A
31196,2026-06-03 22:50:57,28.9000,11.37,1.536,18.264,A,#3,HOLDING,1.000A/A
31197,2026-06-03 22:50:59,28.7625,8.46,1.536,18.264,A,#3,HOLDING,1.644A/A
31198,2026-06-03 22:51:01,28.6125,8.46,1.498,17.796,A,#3,HOLDING,1.725A/A
31199,2026-06-03 22:51:03,28.4750,8.46,1.498,17.796,A,#3,HOLDING,1.000A/A
31200,2026-06-03 22:51:05,28.2750,8.46,1.498,17.796,A,#3,HOLDING,1.000A/A
31201,2026-06-03 22:51:06,28.0750,8.71,1.498,17.796,A,#3,HOLDING,1.810A/A
31202,2026-06-03 22:51:08,27.9000,8.71,1.233,17.448,A,#3,HOLDING,1.500A/A
31203,2026-06-03 22:51:11,27.7000,8.71,1.233,17.448,A,#3,HOLDING,1.863A/A
31204,2026-06-03 22:51:12,27.5000,8.71,1.233,17.448,A,#3,HOLDING,1.500A/A
31205,2026-06-03 22:51:14,27.3250,12.00,1.233,17.448,A,#3,HOLDING,1.891A/A
31206,2026-06-03 22:51:16,27.0750,12.00,1.445,17.172,A,#3,HOLDING,1.910A/A
31207,2026-06-03 22:51:18,26.8875,12.00,1.445,17.172,A,#3,HOLDING,1.907A/A
31208,2026-06-03 22:51:20,26.6625,12.00,1.445,17.172,A,#3,HOLDING,1.922A/A
31209,2026-06-03 22:51:22,26.4375,12.00,1.445,17.172,A,#3,HOLDING,1.941A/A
31210,2026-06-03 22:51:24,26.1875,12.00,1.431,17.016,A,#3,HOLDING,1.939A/A
31211,2026-06-03 22:51:26,26.0125,12.00,1.431,17.016,A,#3,HOLDING,1.951A/A
31212,2026-06-03 22:51:28,25.7625,12.00,1.431,17.016,A,#4,APPROACH,1.000A/A
31213,2026-06-03 22:51:29,25.5625,12.00,1.431,17.016,OFF,#4,HOLDING,0.000A/OFF
31214,2026-06-03 22:51:30,25.5625,5.94,1.431,17.016,OFF,#4,HOLDING,0.000A/OFF
31215,2026-06-03 22:51:31,25.3125,5.94,0.000,17.016,OFF,#4,HOLDING,0.000A/OFF
31216,2026-06-03 22:51:32,25.3125,5.94,0.000,17.016,OFF,#4,HOLDING,0.000A/OFF
31217,2026-06-03 22:51:33,25.1250,5.94,0.000,0.000,OFF,#4,HOLDING,0.000A/OFF
31218,2026-06-03 22:51:34,25.1250,5.94,0.000,0.000,OFF,#4,HOLDING,0.000A/OFF
31219,2026-06-03 22:51:35,24.9250,5.94,0.000,0.000,OFF,#4,HOLDING,0.000A/OFF
31220,2026-06-03 22:51:36,24.9250,5.94,0.000,0.000,OFF,#4,HOLDING,0.000A/OFF
31221,2026-06-03 22:51:37,24.7625,5.94,0.000,0.000,OFF,#4,HOLDING,0.000A/OFF
31222,2026-06-03 22:51:38,24.7625,12.00,0.000,0.000,OFF,#4,HOLDING,0.000A/OFF
31223,2026-06-03 22:51:39,24.5875,12.00,0.000,0.000,OFF,#4,HOLDING,0.000A/OFF
31224,2026-06-03 22:51:40,24.5875,12.00,0.000,0.000,OFF,#4,HOLDING,0.000A/OFF
31225,2026-06-03 22:51:42,24.4500,12.00,0.000,0.000,OFF,#4,HOLDING,0.000A/OFF
31226,2026-06-03 22:51:43,24.4500,12.00,0.000,0.000,OFF,#4,HOLDING,0.000A/OFF
31227,2026-06-03 22:51:44,24.3000,12.00,0.000,0.000,OFF,#4,HOLDING,0.000A/OFF
31228,2026-06-03 22:51:45,24.3000,12.00,0.000,0.000,OFF,#4,HOLDING,0.000A/OFF
31229,2026-06-03 22:51:46,24.2000,12.00,0.000,0.000,OFF,#4,HOLDING,0.000A/OFF
31230,2026-06-03 22:51:47,24.0500,12.00,0.000,0.000,B,#4,HOLDING,0.104A/B
31231,2026-06-03 22:51:48,24.0500,12.00,0.000,0.000,B,#4,HOLDING,0.136A/B
31232,2026-06-03 22:51:50,24.0250,12.00,0.000,0.000,B,#4,HOLDING,0.149A/B
31233,2026-06-03 22:51:52,23.9250,0.94,0.000,0.000,B,#4,HOLDING,0.165A/B
31234,2026-06-03 22:51:53,23.8625,0.94,0.165,0.193,B,#4,HOLDING,0.262A/B
31235,2026-06-03 22:51:56,23.7875,0.94,0.165,0.193,B,#4,HOLDING,0.321A/B
31236,2026-06-03 22:51:57,23.7375,0.94,0.165,0.193,B,#4,HOLDING,0.355A/B
31237,2026-06-03 22:51:59,23.6875,2.84,0.165,0.193,B,#4,HOLDING,0.402A/B
31238,2026-06-03 22:52:01,23.6250,2.84,0.402,1.350,B,#4,HOLDING,0.452A/B
31239,2026-06-03 22:52:04,23.6000,2.84,0.402,1.350,B,#4,HOLDING,0.512A/B
31240,2026-06-03 22:52:05,23.5875,2.84,0.402,1.350,B,#4,HOLDING,0.551A/B
31241,2026-06-03 22:52:07,23.5625,4.61,0.402,1.350,B,#4,HOLDING,0.598A/B
31242,2026-06-03 22:52:09,23.5625,4.61,0.598,3.073,B,#4,HOLDING,0.646A/B
31243,2026-06-03 22:52:11,23.5625,4.61,0.598,3.073,B,#4,HOLDING,0.708A/B
31244,2026-06-03 22:52:13,23.5750,4.61,0.598,3.073,B,#4,HOLDING,0.746A/B
31245,2026-06-03 22:52:15,23.6000,6.28,0.598,3.073,B,#4,HOLDING,0.791A/B
31246,2026-06-03 22:52:17,23.6250,6.28,0.791,5.370,B,#4,HOLDING,0.834A/B
31247,2026-06-03 22:52:19,23.6500,6.28,0.791,5.370,B,#4,HOLDING,0.892A/B
31248,2026-06-03 22:52:21,23.7000,6.28,0.791,5.370,B,#4,HOLDING,0.925A/B
31249,2026-06-03 22:52:22,23.7750,7.79,0.791,5.370,B,#4,HOLDING,0.957A/B
31250,2026-06-03 22:52:24,23.8250,7.79,0.957,7.847,B,#4,HOLDING,0.992A/B
31251,2026-06-03 22:52:27,23.9000,7.79,0.957,7.847,B,#4,HOLDING,1.036A/B
31252,2026-06-03 22:52:28,23.9750,7.79,0.957,7.847,B,#4,HOLDING,1.015A/B
31253,2026-06-03 22:52:30,24.0750,8.64,0.957,7.847,B,#4,HOLDING,1.041A/B
31254,2026-06-03 22:52:32,24.1625,8.64,1.041,9.379,B,#4,HOLDING,1.065A/B
31255,2026-06-03 22:52:34,24.2625,8.64,1.041,9.379,B,#4,HOLDING,1.096A/B
31256,2026-06-03 22:52:36,24.3500,8.64,1.041,9.379,B,#4,HOLDING,1.114A/B
31257,2026-06-03 22:52:38,24.4750,9.53,1.041,9.379,B,#4,HOLDING,1.126A/B
31258,2026-06-03 22:52:40,24.6000,9.53,1.126,11.012,B,#4,HOLDING,1.133A/B
31259,2026-06-03 22:52:42,24.7250,9.53,1.126,11.012,B,#4,HOLDING,1.142A/B
31260,2026-06-03 22:52:44,24.8625,9.53,1.126,11.012,B,#4,HOLDING,1.141A/B
31261,2026-06-03 22:52:45,25.0125,9.90,1.126,11.012,B,#4,HOLDING,1.134A/B
31262,2026-06-03 22:52:47,25.1125,9.90,1.134,11.374,B,#4,HOLDING,1.126A/B
31263,2026-06-03 22:52:50,25.3125,9.90,1.134,11.374,B,#4,HOLDING,1.106A/B
31264,2026-06-03 22:52:51,25.4500,9.90,1.134,11.374,B,#4,HOLDING,1.087A/B
31265,2026-06-03 22:52:53,25.6250,9.66,1.134,11.374,B,#4,HOLDING,1.052A/B
31266,2026-06-03 22:52:55,25.7625,9.66,1.052,10.078,B,#4,HOLDING,1.000A/B
31267,2026-06-03 22:52:57,25.9375,9.66,1.052,10.078,B,#4,HOLDING,0.971A/B
31268,2026-06-03 22:52:59,26.0875,9.66,1.052,10.078,B,#4,HOLDING,0.925A/B
31269,2026-06-03 22:53:01,26.2625,8.60,1.052,10.078,B,#4,HOLDING,0.862A/B
31270,2026-06-03 22:53:03,26.4250,8.60,0.862,7.128,B,#4,HOLDING,0.794A/B
31271,2026-06-03 22:53:05,26.6000,8.60,0.862,7.128,B,#4,HOLDING,0.707A/B
31272,2026-06-03 22:53:07,26.7375,8.60,0.862,7.128,B,#4,HOLDING,0.643A/B
31273,2026-06-03 22:53:09,26.8875,6.51,0.862,7.128,B,#4,HOLDING,0.562A/B
31274,2026-06-03 22:53:10,27.0500,6.51,0.562,3.388,B,#4,HOLDING,0.471A/B
31275,2026-06-03 22:53:13,27.2000,6.51,0.562,3.388,B,#4,HOLDING,0.357A/B
31276,2026-06-03 22:53:14,27.3500,6.51,0.562,3.388,B,#4,HOLDING,0.268A/B
31277,2026-06-03 22:53:16,27.4750,3.55,0.562,3.388,B,#4,HOLDING,0.168A/B
31278,2026-06-03 22:53:18,27.6375,3.55,0.207,3.388,OFF,#4,HOLDING,0.000A/OFF
31279,2026-06-03 22:53:19,27.7375,3.55,0.207,0.456,OFF,#4,HOLDING,0.000A/OFF
31280,2026-06-03 22:53:20,27.7375,3.55,0.207,0.456,OFF,#4,HOLDING,0.000A/OFF
31281,2026-06-03 22:53:21,27.8625,3.55,0.207,0.456,A,#4,HOLDING,0.129A/A
31282,2026-06-03 22:53:23,27.9625,3.55,0.207,0.456,A,#4,HOLDING,0.218A/A
31283,2026-06-03 22:53:25,28.0750,3.89,0.218,0.456,A,#4,HOLDING,0.331A/A
31284,2026-06-03 22:53:27,28.1500,3.89,0.218,0.787,A,#4,HOLDING,0.450A/A
31285,2026-06-03 22:53:28,28.1500,3.89,0.218,0.787,A,#4,HOLDING,0.549A/A
31286,2026-06-03 22:53:30,28.2250,3.89,0.218,0.787,A,#4,HOLDING,0.657A/A
31287,2026-06-03 22:53:32,28.3000,5.10,0.218,0.787,A,#4,HOLDING,0.787A/A
31288,2026-06-03 22:53:33,28.3750,5.10,0.740,4.973,A,#4,HOLDING,0.921A/A
31289,2026-06-03 22:53:36,28.4000,5.10,0.740,4.973,A,#4,HOLDING,1.000A/A
31290,2026-06-03 22:53:37,28.3875,5.10,0.740,4.973,A,#4,HOLDING,1.000A/A
31291,2026-06-03 22:53:39,28.4125,7.99,0.740,4.973,A,#4,HOLDING,1.083A/A
31292,2026-06-03 22:53:41,28.3750,7.99,1.054,9.541,A,#4,HOLDING,1.208A/A
31293,2026-06-03 22:53:44,28.3500,7.99,1.054,9.541,A,#4,HOLDING,1.371A/A
31294,2026-06-03 22:53:45,28.3000,7.99,1.054,9.541,A,#4,HOLDING,1.476A/A
31295,2026-06-03 22:53:47,28.2000,11.48,1.054,9.541,A,#4,HOLDING,1.591A/A
31296,2026-06-03 22:53:49,28.1125,11.48,1.525,18.144,A,#4,HOLDING,1.500A/A
31297,2026-06-03 22:53:51,27.9875,11.48,1.525,18.144,A,#4,HOLDING,1.500A/A
31298,2026-06-03 22:53:53,27.8875,11.48,1.525,18.144,A,#4,HOLDING,1.665A/A
31299,2026-06-03 22:53:55,27.7375,12.00,1.525,18.144,A,#4,HOLDING,1.757A/A
31300,2026-06-03 22:53:57,27.5750,12.00,1.487,17.676,A,#4,HOLDING,1.841A/A
31301,2026-06-03 22:53:59,27.4000,12.00,1.487,17.676,A,#4,HOLDING,1.000A/A
31302,2026-06-03 22:54:01,27.2250,12.00,1.487,17.676,A,#4,HOLDING,1.937A/A
31303,2026-06-03 22:54:02,27.0500,12.00,1.487,17.676,A,#4,HOLDING,2.000A/A
31304,2026-06-03 22:54:04,26.8250,12.00,1.456,17.340,A,#4,HOLDING,1.000A/A
31305,2026-06-03 22:54:07,26.6500,12.00,1.456,17.340,A,#4,HOLDING,1.500A/A
31306,2026-06-03 22:54:08,26.4750,12.00,1.456,17.340,A,#4,HOLDING,1.000A/A
31307,2026-06-03 22:54:10,26.2500,8.85,1.456,17.340,A,#4,HOLDING,1.964A/A
31308,2026-06-03 22:54:12,26.0750,8.85,1.441,17.172,A,#4,HOLDING,1.996A/A
31309,2026-06-03 22:54:14,25.8500,8.85,1.441,17.172,A,#4,HOLDING,1.000A/A
31310,2026-06-03 22:54:16,25.6625,8.85,1.441,17.172,A,#4,HOLDING,1.987A/A
31311,2026-06-03 22:54:18,25.4375,12.00,1.441,17.172,A,#4,HOLDING,2.000A/A
31312,2026-06-03 22:54:20,25.2500,12.00,1.434,17.064,A,#5,APPROACH,1.000A/A
31313,2026-06-03 22:54:22,25.0000,12.00,1.434,17.064,A,#5,APPROACH,0.171A/A
31314,2026-06-03 22:54:24,24.6250,12.00,1.434,17.064,A,#5,APPROACH,0.110A/A
31315,2026-06-03 22:54:26,24.4250,12.00,1.434,17.064,A,#5,APPROACH,0.122A/A
31316,2026-06-03 22:54:28,24.2250,5.31,0.122,17.064,A,#5,APPROACH,0.126A/A
31317,2026-06-03 22:54:30,24.0500,5.31,0.122,0.267,A,#5,APPROACH,0.169A/A
31318,2026-06-03 22:54:32,23.8750,5.31,0.122,0.267,A,#5,APPROACH,0.192A/A
31319,2026-06-03 22:54:33,23.8750,5.31,0.122,0.267,A,#5,APPROACH,0.255A/A
31320,2026-06-03 22:54:35,23.6875,3.05,0.122,0.267,A,#5,APPROACH,0.304A/A
31321,2026-06-03 22:54:37,23.5375,3.05,0.277,1.064,A,#5,APPROACH,0.367A/A
31322,2026-06-03 22:54:40,23.2625,3.05,0.277,1.064,A,#5,APPROACH,0.401A/A
31323,2026-06-03 22:54:41,23.2625,3.05,0.277,1.064,A,#5,APPROACH,0.467A/A
31324,2026-06-03 22:54:43,23.1375,4.73,0.277,1.064,A,#5,APPROACH,0.514A/A
31325,2026-06-03 22:54:45,23.0125,4.73,0.488,2.667,A,#5,APPROACH,0.561A/A
31326,2026-06-03 22:54:47,22.8000,4.73,0.488,2.667,A,#5,HOLDING,0.582A/A
31327,2026-06-03 22:54:49,22.8000,4.73,0.488,2.667,OFF,#5,HOLDING,0.000A/OFF
31328,2026-06-03 22:54:50,22.7000,4.73,0.488,2.667,OFF,#5,HOLDING,0.000A/OFF
31329,2026-06-03 22:54:51,22.7000,12.00,0.488,2.667,OFF,#5,HOLDING,0.000A/OFF
31330,2026-06-03 22:54:52,22.6000,12.00,0.000,2.667,OFF,#5,HOLDING,0.000A/OFF
31331,2026-06-03 22:54:53,22.6000,12.00,0.000,0.000,OFF,#5,HOLDING,0.000A/OFF
31332,2026-06-03 22:54:54,22.4875,12.00,0.000,0.000,OFF,#5,HOLDING,0.000A/OFF
31333,2026-06-03 22:54:55,22.3875,12.00,0.000,0.000,OFF,#5,HOLDING,0.000A/OFF
31334,2026-06-03 22:54:56,22.3875,12.00,0.000,0.000,A,#5,HOLDING,0.102A/A
31335,2026-06-03 22:54:58,22.3375,12.00,0.000,0.000,A,#5,HOLDING,0.136A/A
31336,2026-06-03 22:55:00,22.2625,12.00,0.000,0.225,A,#5,HOLDING,0.164A/A
31337,2026-06-03 22:55:01,22.2125,12.00,0.000,0.225,A,#5,HOLDING,0.171A/A
31338,2026-06-03 22:55:03,22.1375,12.00,0.000,0.225,A,#5,HOLDING,0.179A/A
31339,2026-06-03 22:55:05,22.1125,1.97,0.000,0.225,A,#5,HOLDING,0.195A/A
31340,2026-06-03 22:55:07,22.0625,1.97,0.195,0.417,A,#5,HOLDING,0.206A/A
31341,2026-06-03 22:55:09,22.0000,1.97,0.195,0.417,A,#5,HOLDING,0.219A/A
31342,2026-06-03 22:55:10,22.0000,1.97,0.195,0.417,A,#5,HOLDING,0.227A/A
31343,2026-06-03 22:55:12,21.9375,2.35,0.195,0.417,A,#5,HOLDING,0.231A/A
31344,2026-06-03 22:55:14,21.9375,2.35,0.231,0.563,A,#5,HOLDING,0.241A/A
31345,2026-06-03 22:55:17,21.8750,2.35,0.231,0.563,A,#5,HOLDING,0.240A/A
31346,2026-06-03 22:55:18,21.8750,2.35,0.231,0.563,A,#5,HOLDING,0.248A/A
31347,2026-06-03 22:55:20,21.8250,2.63,0.231,0.563,A,#5,HOLDING,0.245A/A
31348,2026-06-03 22:55:22,21.8250,2.63,0.245,0.649,A,#5,HOLDING,0.250A/A
31349,2026-06-03 22:55:24,21.8125,2.63,0.245,0.649,A,#5,HOLDING,0.250A/A
31350,2026-06-03 22:55:26,21.7625,2.63,0.245,0.649,A,#5,HOLDING,0.248A/A
31351,2026-06-03 22:55:28,21.7500,2.64,0.245,0.649,A,#5,HOLDING,0.245A/A
31352,2026-06-03 22:55:30,21.7000,2.64,0.245,0.649,A,#5,HOLDING,0.237A/A
31353,2026-06-03 22:55:32,21.6875,2.64,0.245,0.649,A,#5,HOLDING,0.236A/A
31354,2026-06-03 22:55:34,21.6875,2.64,0.245,0.649,A,#5,HOLDING,0.234A/A
31355,2026-06-03 22:55:35,21.6875,2.55,0.245,0.649,A,#5,HOLDING,0.234A/A
31356,2026-06-03 22:55:37,21.6500,2.55,0.234,0.608,A,#5,HOLDING,0.226A/A
31357,2026-06-03 22:55:40,21.6250,2.55,0.234,0.608,A,#5,HOLDING,0.216A/A
31358,2026-06-03 22:55:41,21.5750,2.55,0.234,0.608,A,#5,HOLDING,0.204A/A
31359,2026-06-03 22:55:43,21.5750,2.31,0.234,0.608,A,#5,HOLDING,0.199A/A
31360,2026-06-03 22:55:45,21.5625,2.31,0.199,0.455,A,#5,HOLDING,0.190A/A
31361,2026-06-03 22:55:47,21.5625,2.31,0.199,0.455,OFF,--,DONE,0.184A/A
31362,2026-06-03 22:55:49,21.5375,2.31,0.199,0.455,OFF,--,DONE,--
31363,2026-06-03 22:55:50,21.5375,2.31,0.199,0.455,OFF,--,DONE,--
31364,2026-06-03 22:55:51,21.5000,12.00,0.199,0.455,OFF,--,DONE,--
31365,2026-06-03 22:55:52,21.5000,12.00,0.000,0.455,OFF,--,DONE,--
31366,2026-06-03 22:55:53,21.5000,12.00,0.000,0.000,OFF,--,DONE,--
31367,2026-06-03 22:55:54,21.5000,12.00,0.000,0.000,OFF,--,DONE,--
31368,2026-06-03 22:55:55,21.4750,12.00,0.000,0.000,OFF,--,DONE,--
31369,2026-06-03 22:55:56,21.4750,12.00,0.000,0.000,OFF,--,DONE,--
31370,2026-06-03 22:55:57,21.4500,12.00,0.000,0.000,OFF,--,DONE,--
31371,2026-06-03 22:55:58,21.4500,12.00,0.000,0.000,OFF,--,DONE,--
31372,2026-06-03 22:56:00,21.4500,12.00,0.000,0.000,OFF,--,DONE,--
31373,2026-06-03 22:56:01,21.4500,12.00,0.000,0.000,OFF,--,DONE,--
31374,2026-06-03 22:56:02,21.4500,12.00,0.000,0.000,OFF,--,DONE,--
31375,2026-06-03 22:56:03,21.4625,12.00,0.000,0.000,OFF,--,DONE,--
31376,2026-06-03 22:56:04,21.4625,12.00,0.000,0.000,OFF,--,DONE,--
31377,2026-06-03 22:56:05,21.4375,12.00,0.000,0.000,OFF,--,DONE,--
31378,2026-06-03 22:56:06,21.4375,12.00,0.000,0.000,OFF,--,DONE,--
31379,2026-06-03 22:56:07,21.4500,12.00,0.000,0.000,OFF,--,DONE,--
31380,2026-06-03 22:56:08,21.4500,12.00,0.000,0.000,OFF,--,DONE,--
31381,2026-06-03 22:56:09,21.4500,12.00,0.000,0.000,OFF,--,DONE,--
31382,2026-06-03 22:56:10,21.4500,12.00,0.000,0.000,OFF,--,DONE,--
31383,2026-06-03 22:56:11,21.5000,12.00,0.000,0.000,OFF,--,DONE,--
31384,2026-06-03 22:56:12,21.5000,12.00,0.000,0.000,OFF,--,DONE,--
31385,2026-06-03 22:56:13,21.5000,12.00,0.000,0.000,OFF,--,DONE,--
31386,2026-06-03 22:56:14,21.5000,12.00,0.000,0.000,OFF,--,DONE,--
31387,2026-06-03 22:56:15,21.5000,12.00,0.000,0.000,OFF,--,DONE,--
31388,2026-06-03 22:56:16,21.5000,12.00,0.000,0.000,OFF,--,DONE,--
31389,2026-06-03 22:56:17,21.5000,12.00,0.000,0.000,OFF,--,DONE,--
31390,2026-06-03 22:56:18,21.5000,12.00,0.000,0.000,OFF,--,DONE,--
31391,2026-06-03 22:56:19,21.5375,12.00,0.000,0.000,OFF,--,DONE,--
31392,2026-06-03 22:56:20,21.5625,12.00,0.000,0.000,OFF,--,DONE,--
31393,2026-06-03 22:56:21,21.5625,12.00,0.000,0.000,OFF,--,DONE,--
31394,2026-06-03 22:56:22,21.5625,12.00,0.000,0.000,OFF,--,DONE,--
31395,2026-06-03 22:56:23,21.5625,12.00,0.000,0.000,OFF,--,DONE,--
31396,2026-06-03 22:56:24,21.5625,12.00,0.000,0.000,OFF,--,DONE,--
31397,2026-06-03 22:56:25,21.5625,12.00,0.000,0.000,OFF,--,DONE,--
31398,2026-06-03 22:56:26,21.6000,12.00,0.000,0.000,OFF,--,DONE,--
31399,2026-06-03 22:56:27,21.6000,12.00,0.000,0.000,OFF,--,DONE,--
31400,2026-06-03 22:56:28,21.6250,12.00,0.000,0.000,OFF,--,DONE,--
31401,2026-06-03 22:56:29,21.6250,12.00,0.000,0.000,OFF,--,DONE,--
31402,2026-06-03 22:56:30,21.6250,12.00,0.000,0.000,OFF,--,DONE,--
31403,2026-06-03 22:56:31,21.6250,12.00,0.000,0.000,OFF,--,DONE,--
31404,2026-06-03 22:56:32,21.6500,12.00,0.000,0.000,OFF,--,DONE,--
31405,2026-06-03 22:56:33,21.6500,12.00,0.000,0.000,OFF,--,DONE,--
31406,2026-06-03 22:56:34,21.6875,12.00,0.000,0.000,OFF,--,DONE,--
31407,2026-06-03 22:56:35,21.6875,12.00,0.000,0.000,OFF,--,DONE,--
31408,2026-06-03 22:56:36,21.6875,12.00,0.000,0.000,OFF,--,DONE,--
31409,2026-06-03 22:56:37,21.6875,12.00,0.000,0.000,OFF,--,DONE,--
31410,2026-06-03 22:56:38,21.6875,12.00,0.000,0.000,OFF,--,DONE,--
31411,2026-06-03 22:56:39,21.7125,12.00,0.000,0.000,OFF,--,DONE,--
31412,2026-06-03 22:56:40,21.7125,12.00,0.000,0.000,OFF,--,DONE,--
31413,2026-06-03 22:56:41,21.7500,12.00,0.000,0.000,OFF,--,DONE,--
31414,2026-06-03 22:56:42,21.7500,12.00,0.000,0.000,OFF,--,DONE,--
31415,2026-06-03 22:56:43,21.7500,12.00,0.000,0.000,OFF,--,DONE,--
31416,2026-06-03 22:56:44,21.7500,12.00,0.000,0.000,OFF,--,DONE,--
31417,2026-06-03 22:56:45,21.7875,12.00,0.000,0.000,OFF,--,DONE,--
31418,2026-06-03 22:56:46,21.7875,12.00,0.000,0.000,OFF,--,DONE,--
31419,2026-06-03 22:56:47,21.7875,12.00,0.000,0.000,OFF,--,DONE,--
31420,2026-06-03 22:56:48,21.7875,12.00,0.000,0.000,OFF,--,DONE,--
31421,2026-06-03 22:56:49,21.8125,12.00,0.000,0.000,OFF,--,DONE,--
31422,2026-06-03 22:56:50,21.8125,12.00,0.000,0.000,OFF,--,DONE,--
31423,2026-06-03 22:56:51,21.8125,12.00,0.000,0.000,OFF,--,DONE,--
31424,2026-06-03 22:56:53,21.8750,12.00,0.000,0.000,OFF,--,DONE,--
31425,2026-06-03 22:56:54,21.8750,12.00,0.000,0.000,OFF,--,DONE,--
31426,2026-06-03 22:56:55,21.8500,12.00,0.000,0.000,OFF,--,DONE,--
31427,2026-06-03 22:56:56,21.8500,12.00,0.000,0.000,OFF,--,DONE,--
31428,2026-06-03 22:56:57,21.8750,12.00,0.000,0.000,OFF,--,DONE,--
31429,2026-06-03 22:56:58,21.8750,12.00,0.000,0.000,OFF,--,DONE,--
31430,2026-06-03 22:56:59,21.9000,12.00,0.000,0.000,OFF,--,DONE,--
31431,2026-06-03 22:57:00,21.9000,12.00,0.000,0.000,OFF,--,DONE,--
31432,2026-06-03 22:57:01,21.9125,12.00,0.000,0.000,OFF,--,DONE,--
31433,2026-06-03 22:57:02,21.9125,12.00,0.000,0.000,OFF,--,DONE,--
31434,2026-06-03 22:57:03,21.9375,12.00,0.000,0.000,OFF,--,DONE,--
31435,2026-06-03 22:57:04,21.9375,12.00,0.000,0.000,OFF,--,DONE,--
31436,2026-06-03 22:57:05,21.9375,12.00,0.000,0.000,OFF,--,DONE,--
31437,2026-06-03 22:57:06,21.9375,12.00,0.000,0.000,OFF,--,DONE,--
31438,2026-06-03 22:57:07,21.9375,12.00,0.000,0.000,OFF,--,DONE,--
31439,2026-06-03 22:57:08,21.9500,12.00,0.000,0.000,OFF,--,DONE,--
31440,2026-06-03 22:57:09,21.9500,12.00,0.000,0.000,OFF,--,DONE,--
31441,2026-06-03 22:57:10,22.0000,12.00,0.000,0.000,OFF,--,DONE,--
31442,2026-06-03 22:57:11,22.0000,12.00,0.000,0.000,OFF,--,DONE,--
31443,2026-06-03 22:57:12,22.0000,12.00,0.000,0.000,OFF,--,DONE,--
31444,2026-06-03 22:57:13,22.0000,12.00,0.000,0.000,OFF,--,DONE,--
31445,2026-06-03 22:57:14,22.0000,12.00,0.000,0.000,OFF,--,DONE,--
31446,2026-06-03 22:57:15,22.0000,12.00,0.000,0.000,OFF,--,DONE,--
31447,2026-06-03 22:57:16,22.0625,12.00,0.000,0.000,OFF,--,DONE,--
31448,2026-06-03 22:57:17,22.0625,12.00,0.000,0.000,OFF,--,DONE,--
31449,2026-06-03 22:57:18,22.0625,12.00,0.000,0.000,OFF,--,DONE,--
31450,2026-06-03 22:57:19,22.0625,12.00,0.000,0.000,OFF,--,DONE,--
31451,2026-06-03 22:57:20,22.0625,12.00,0.000,0.000,OFF,--,DONE,--
31452,2026-06-03 22:57:21,22.0625,12.00,0.000,0.000,OFF,--,DONE,--
31453,2026-06-03 22:57:22,22.0625,12.00,0.000,0.000,OFF,--,DONE,--
31454,2026-06-03 22:57:23,22.0625,12.00,0.000,0.000,OFF,--,DONE,--
31455,2026-06-03 22:57:24,22.0625,12.00,0.000,0.000,OFF,--,DONE,--
31456,2026-06-03 22:57:25,22.0875,12.00,0.000,0.000,OFF,--,DONE,--
31457,2026-06-03 22:57:26,22.0875,12.00,0.000,0.000,OFF,--,DONE,--
31458,2026-06-03 22:57:27,22.1250,12.00,0.000,0.000,OFF,--,DONE,--
31459,2026-06-03 22:57:28,22.1250,12.00,0.000,0.000,OFF,--,DONE,--
31460,2026-06-03 22:57:29,22.1250,12.00,0.000,0.000,OFF,--,DONE,--
31461,2026-06-03 22:57:30,22.1250,12.00,0.000,0.000,OFF,--,DONE,--
31462,2026-06-03 22:57:31,22.1250,12.00,0.000,0.000,OFF,--,DONE,--
31463,2026-06-03 22:57:32,22.1250,12.00,0.000,0.000,OFF,--,DONE,--
31464,2026-06-03 22:57:34,22.1250,12.00,0.000,0.000,OFF,--,DONE,--
31465,2026-06-03 22:57:35,22.1250,12.00,0.000,0.000,OFF,--,DONE,--
31466,2026-06-03 22:57:36,22.1375,12.00,0.000,0.000,OFF,--,DONE,--
31467,2026-06-03 22:57:37,22.1375,12.00,0.000,0.000,OFF,--,DONE,--
31468,2026-06-03 22:57:38,22.1625,12.00,0.000,0.000,OFF,--,DONE,--
31469,2026-06-03 22:57:39,22.1625,12.00,0.000,0.000,OFF,--,DONE,--
31470,2026-06-03 22:57:40,22.1875,12.00,0.000,0.000,OFF,--,DONE,--
31471,2026-06-03 22:57:41,22.1875,12.00,0.000,0.000,OFF,--,DONE,--
31472,2026-06-03 22:57:42,22.1875,12.00,0.000,0.000,OFF,--,DONE,--
31473,2026-06-03 22:57:43,22.1875,12.00,0.000,0.000,OFF,--,DONE,--
31474,2026-06-03 22:57:44,22.1875,12.00,0.000,0.000,OFF,--,DONE,--
31475,2026-06-03 22:57:45,22.1875,12.00,0.000,0.000,OFF,--,DONE,--
31476,2026-06-03 22:57:46,22.1875,12.00,0.000,0.000,OFF,--,DONE,--
31477,2026-06-03 22:57:47,22.1875,12.00,0.000,0.000,OFF,--,DONE,--
31478,2026-06-03 22:57:48,22.1875,12.00,0.000,0.000,OFF,--,DONE,--
31479,2026-06-03 22:57:49,22.2125,12.00,0.000,0.000,OFF,--,DONE,--
31480,2026-06-03 22:57:50,22.2125,12.00,0.000,0.000,OFF,--,DONE,--
31481,2026-06-03 22:57:51,22.2250,12.00,0.000,0.000,OFF,--,DONE,--
31482,2026-06-03 22:57:52,22.2250,12.00,0.000,0.000,A,#1,APPROACH,2.807A/A
31483,2026-06-03 22:57:54,22.2500,12.00,0.000,0.000,A,#1,APPROACH,1.000A/A
31484,2026-06-03 22:57:56,22.2500,12.00,0.000,0.000,A,#1,APPROACH,2.897A/A
31485,2026-06-03 22:57:58,22.2500,12.00,0.000,0.000,A,#1,APPROACH,2.500A/A
31486,2026-06-03 22:58:00,22.2500,12.00,0.000,0.000,A,#1,APPROACH,2.500A/A
31487,2026-06-03 22:58:01,22.2500,12.00,1.530,0.000,A,#1,APPROACH,2.000A/A
31488,2026-06-03 22:58:03,22.2500,12.00,1.530,18.120,A,#1,APPROACH,1.728A/A
31489,2026-06-03 22:58:05,22.2500,12.00,1.530,18.120,A,#1,APPROACH,1.000A/A
31490,2026-06-03 22:58:07,22.1875,12.00,1.530,18.120,A,#1,APPROACH,1.843A/A
31491,2026-06-03 22:58:08,22.1125,12.00,1.530,18.120,A,#1,APPROACH,1.000A/A
31492,2026-06-03 22:58:10,22.0500,12.00,1.250,8.770,A,#1,APPROACH,2.211A/A
31493,2026-06-03 22:58:13,21.9500,12.00,1.250,8.770,A,#1,APPROACH,2.682A/A
31494,2026-06-03 22:58:14,21.8625,12.00,1.250,8.770,A,#1,APPROACH,2.000A/A
31495,2026-06-03 22:58:16,21.7375,12.00,1.250,8.770,A,#1,APPROACH,2.087A/A
31496,2026-06-03 22:58:18,21.6375,12.00,1.466,17.412,A,#1,APPROACH,2.000A/A
31497,2026-06-03 22:58:20,21.5125,12.00,1.466,17.412,A,#1,APPROACH,1.000A/A
31498,2026-06-03 22:58:22,21.4000,12.00,1.466,17.412,A,#1,APPROACH,1.982A/A
31499,2026-06-03 22:58:24,21.2750,12.00,1.466,17.412,A,#1,APPROACH,2.000A/A
31500,2026-06-03 22:58:26,21.1500,12.00,1.445,17.172,A,#1,APPROACH,2.310A/A
31501,2026-06-03 22:58:28,21.0250,12.00,1.445,17.172,A,#1,APPROACH,2.358A/A
31502,2026-06-03 22:58:30,20.8875,12.00,1.445,17.172,A,#1,APPROACH,2.449A/A
31503,2026-06-03 22:58:31,20.7375,12.00,1.445,17.172,A,#1,APPROACH,2.500A/A
31504,2026-06-03 22:58:33,20.6125,12.00,1.431,17.028,A,#1,APPROACH,2.000A/A
31505,2026-06-03 22:58:36,20.4875,12.00,1.431,17.028,A,#1,APPROACH,2.532A/A
31506,2026-06-03 22:58:37,20.3500,12.00,1.431,17.028,A,#1,APPROACH,2.658A/A
31507,2026-06-03 22:58:39,20.1750,12.00,1.431,17.028,A,#1,APPROACH,2.000A/A
31508,2026-06-03 22:58:41,20.0500,12.00,1.412,16.812,A,#1,APPROACH,2.000A/A
31509,2026-06-03 22:58:43,19.9250,12.00,1.412,16.812,A,#1,APPROACH,1.000A/A
31510,2026-06-03 22:58:45,19.7750,12.00,1.412,16.812,A,#1,APPROACH,2.743A/A
31511,2026-06-03 22:58:47,19.6750,12.00,1.412,16.812,A,#1,APPROACH,1.500A/A
31512,2026-06-03 22:58:49,19.5125,12.00,1.410,16.776,A,#1,APPROACH,2.000A/A
31513,2026-06-03 22:58:51,19.3875,12.00,1.410,16.776,A,#1,APPROACH,2.800A/A
31514,2026-06-03 22:58:53,19.2375,12.00,1.410,16.776,A,#1,APPROACH,2.500A/A
31515,2026-06-03 22:58:54,19.1125,12.00,1.410,16.776,A,#1,APPROACH,2.854A/A
31516,2026-06-03 22:58:56,18.9875,12.00,1.399,16.680,A,#1,APPROACH,2.940A/A
31517,2026-06-03 22:58:59,18.8625,12.00,1.399,16.680,A,#1,APPROACH,3.000A/A
31518,2026-06-03 22:59:00,18.7625,12.00,1.399,16.680,A,#1,APPROACH,1.500A/A
31519,2026-06-03 22:59:02,18.6125,12.00,1.399,16.680,A,#1,APPROACH,3.000A/A
31520,2026-06-03 22:59:04,18.5125,12.00,1.395,16.656,A,#1,APPROACH,2.500A/A
31521,2026-06-03 22:59:06,18.3625,12.00,1.395,16.656,A,#1,APPROACH,1.500A/A
31522,2026-06-03 22:59:08,18.3000,12.00,1.395,16.656,A,#1,APPROACH,2.000A/A
31523,2026-06-03 22:59:10,18.1750,12.00,1.395,16.656,A,#1,APPROACH,3.000A/A
31524,2026-06-03 22:59:12,18.0500,12.00,1.395,16.656,A,#1,APPROACH,3.000A/A
31525,2026-06-03 22:59:14,17.9250,12.00,1.395,16.656,A,#1,APPROACH,1.000A/A
31526,2026-06-03 22:59:16,17.8625,12.00,1.395,16.656,A,#1,APPROACH,2.500A/A
31527,2026-06-03 22:59:17,17.7375,12.00,1.395,16.656,A,#1,APPROACH,2.500A/A
31528,2026-06-03 22:59:19,17.6250,12.00,1.392,16.632,A,#1,APPROACH,2.990A/A
31529,2026-06-03 22:59:22,17.5500,12.00,1.392,16.632,A,#1,APPROACH,3.000A/A
31530,2026-06-03 22:59:23,17.4375,12.00,1.392,16.632,A,#1,HOLDING,2.972A/A
31531,2026-06-03 22:59:25,17.3375,12.00,1.392,16.632,OFF,#1,HOLDING,0.000A/OFF
31532,2026-06-03 22:59:26,17.3375,12.00,1.392,16.632,OFF,#1,HOLDING,0.000A/OFF
31533,2026-06-03 22:59:27,17.2375,12.00,1.392,16.632,OFF,#1,HOLDING,0.000A/OFF
31534,2026-06-03 22:59:28,17.2375,12.00,1.392,16.596,OFF,#1,HOLDING,0.000A/OFF
31535,2026-06-03 22:59:29,17.1625,12.00,1.392,16.596,OFF,#1,HOLDING,0.000A/OFF
31536,2026-06-03 22:59:30,17.1625,12.00,1.392,16.596,OFF,#1,HOLDING,0.000A/OFF
31537,2026-06-03 22:59:31,17.0875,12.00,1.392,16.596,OFF,#1,HOLDING,0.000A/OFF
31538,2026-06-03 22:59:32,17.0875,12.00,1.392,16.596,A,#1,HOLDING,0.117A/A
31539,2026-06-03 22:59:34,17.0125,12.00,0.000,0.248,A,#1,HOLDING,0.124A/A
31540,2026-06-03 22:59:36,16.9375,12.00,0.000,0.248,A,#1,HOLDING,0.153A/A
31541,2026-06-03 22:59:38,16.8875,12.00,0.000,0.248,A,#1,HOLDING,0.159A/A
31542,2026-06-03 22:59:40,16.8750,2.31,0.000,0.248,A,#1,HOLDING,0.180A/A
31543,2026-06-03 22:59:41,16.8500,2.31,0.180,0.444,A,#1,HOLDING,0.196A/A
31544,2026-06-03 22:59:44,16.8500,2.31,0.180,0.444,A,#1,HOLDING,0.218A/A
31545,2026-06-03 22:59:45,16.8750,2.31,0.180,0.444,A,#1,HOLDING,0.234A/A
31546,2026-06-03 22:59:47,16.8750,2.81,0.180,0.444,A,#1,HOLDING,0.250A/A
31547,2026-06-03 22:59:49,16.8750,2.81,0.250,0.737,A,#1,HOLDING,0.264A/A
31548,2026-06-03 22:59:51,16.8875,2.81,0.250,0.737,A,#1,HOLDING,0.280A/A
31549,2026-06-03 22:59:53,16.9375,2.81,0.250,0.737,A,#1,HOLDING,0.300A/A
31550,2026-06-03 22:59:55,17.0000,3.29,0.250,0.737,A,#1,HOLDING,0.324A/A
31551,2026-06-03 22:59:57,17.0250,3.29,0.324,1.146,A,#1,HOLDING,0.345A/A
31552,2026-06-03 22:59:59,17.0625,3.29,0.324,1.146,A,#1,HOLDING,0.369A/A
31553,2026-06-03 23:00:01,17.1125,3.29,0.324,1.146,A,#1,HOLDING,0.388A/A
31554,2026-06-03 23:00:03,17.1625,3.92,0.324,1.146,A,#1,HOLDING,0.415A/A
31555,2026-06-03 23:00:04,17.1875,3.92,0.415,1.763,A,#1,HOLDING,0.440A/A
31556,2026-06-03 23:00:07,17.2500,3.92,0.415,1.763,A,#1,HOLDING,0.475A/A
31557,2026-06-03 23:00:08,17.3000,3.92,0.415,1.763,A,#1,HOLDING,0.501A/A
31558,2026-06-03 23:00:10,17.3250,4.82,0.415,1.763,A,#1,HOLDING,0.532A/A
31559,2026-06-03 23:00:12,17.4000,4.82,0.532,2.766,A,#1,HOLDING,0.568A/A
31560,2026-06-03 23:00:14,17.4375,4.82,0.532,2.766,A,#1,HOLDING,0.610A/A
31561,2026-06-03 23:00:16,17.4375,4.82,0.532,2.766,A,#1,HOLDING,0.637A/A
31562,2026-06-03 23:00:18,17.5125,5.94,0.532,2.766,A,#1,HOLDING,0.725A/A
31563,2026-06-03 23:00:20,17.5625,5.94,0.678,4.872,A,#1,HOLDING,0.768A/A
31564,2026-06-03 23:00:22,17.6250,5.94,0.678,4.872,A,#1,HOLDING,0.830A/A
31565,2026-06-03 23:00:24,17.6500,5.94,0.678,4.872,A,#1,HOLDING,0.864A/A
31566,2026-06-03 23:00:26,17.6375,7.69,0.678,4.872,A,#1,HOLDING,0.898A/A
31567,2026-06-03 23:00:27,17.6875,7.69,0.879,7.219,A,#1,HOLDING,0.945A/A
31568,2026-06-03 23:00:30,17.6875,7.69,0.879,7.219,A,#1,HOLDING,0.998A/A
31569,2026-06-03 23:00:31,17.7375,7.69,0.879,7.219,A,#1,HOLDING,1.047A/A
31570,2026-06-03 23:00:33,17.7500,9.13,0.879,7.219,A,#1,HOLDING,1.090A/A
31571,2026-06-03 23:00:35,17.7250,9.13,1.071,10.431,A,#1,HOLDING,1.131A/A
31572,2026-06-03 23:00:37,17.7500,9.13,1.071,10.431,A,#1,HOLDING,1.189A/A
31573,2026-06-03 23:00:39,17.7000,9.13,1.071,10.431,A,#1,HOLDING,1.000A/A
31574,2026-06-03 23:00:41,17.7375,8.94,1.071,10.431,A,#1,HOLDING,1.000A/A
31575,2026-06-03 23:00:43,17.6875,8.94,1.000,9.050,A,#1,HOLDING,1.000A/A
31576,2026-06-03 23:00:45,17.6875,8.94,1.000,9.050,A,#1,HOLDING,1.222A/A
31577,2026-06-03 23:00:47,17.6625,8.94,1.000,9.050,A,#1,HOLDING,1.000A/A
31578,2026-06-03 23:00:49,17.6250,9.02,1.000,9.050,A,#1,HOLDING,1.251A/A
31579,2026-06-03 23:00:50,17.5750,9.02,1.132,13.560,A,#1,HOLDING,1.284A/A
31580,2026-06-03 23:00:53,17.5625,9.02,1.132,13.560,A,#1,HOLDING,1.335A/A
31581,2026-06-03 23:00:54,17.5375,9.02,1.132,13.560,A,#1,HOLDING,1.368A/A
31582,2026-06-03 23:00:56,17.5000,11.43,1.132,13.560,A,#1,HOLDING,1.405A/A
31583,2026-06-03 23:00:58,17.4500,11.43,1.388,16.677,A,#1,HOLDING,1.385A/A
31584,2026-06-03 23:01:00,17.4250,11.43,1.388,16.677,A,#1,HOLDING,1.429A/A
31585,2026-06-03 23:01:02,17.3750,11.43,1.388,16.677,A,#2,APPROACH,1.456A/A
31586,2026-06-03 23:01:04,17.3125,11.43,1.388,16.677,OFF,#2,APPROACH,0.000A/OFF
31587,2026-06-03 23:01:05,17.2625,7.10,1.388,16.677,OFF,#2,APPROACH,0.000A/OFF
31588,2026-06-03 23:01:06,17.2625,7.10,0.000,16.677,OFF,#2,APPROACH,0.000A/OFF
31589,2026-06-03 23:01:07,17.1875,7.10,0.000,16.677,OFF,#2,APPROACH,0.000A/OFF
31590,2026-06-03 23:01:08,17.1875,7.10,0.000,0.000,A,#2,APPROACH,0.117A/A
31591,2026-06-03 23:01:10,17.1375,7.10,0.000,0.000,A,#2,APPROACH,0.152A/A
31592,2026-06-03 23:01:11,17.1125,7.10,0.000,0.000,A,#2,APPROACH,0.195A/A
31593,2026-06-03 23:01:13,17.0625,2.51,0.000,0.000,A,#2,APPROACH,0.220A/A
31594,2026-06-03 23:01:15,17.0625,2.51,0.220,0.605,A,#2,APPROACH,0.264A/A
31595,2026-06-03 23:01:17,17.0625,2.51,0.220,0.605,A,#2,APPROACH,0.317A/A
31596,2026-06-03 23:01:19,17.0625,2.51,0.220,0.605,A,#2,APPROACH,0.358A/A
31597,2026-06-03 23:01:21,17.0875,3.79,0.220,0.605,A,#2,APPROACH,0.402A/A
31598,2026-06-03 23:01:22,17.1000,3.79,0.402,1.720,A,#2,APPROACH,0.445A/A
31599,2026-06-03 23:01:25,17.1250,3.79,0.402,1.720,A,#2,APPROACH,0.501A/A
31600,2026-06-03 23:01:26,17.1375,3.79,0.402,1.720,A,#2,APPROACH,0.537A/A
31601,2026-06-03 23:01:28,17.1875,5.18,0.402,1.720,A,#2,APPROACH,0.588A/A
31602,2026-06-03 23:01:30,17.1875,5.18,0.588,3.369,A,#2,APPROACH,0.629A/A
31603,2026-06-03 23:01:33,17.2375,5.18,0.588,3.369,A,#2,APPROACH,0.693A/A
31604,2026-06-03 23:01:34,17.2500,5.18,0.588,3.369,A,#2,APPROACH,0.730A/A
31605,2026-06-03 23:01:36,17.2500,6.66,0.588,3.369,A,#2,APPROACH,0.777A/A
31606,2026-06-03 23:01:38,17.3125,6.66,0.777,5.609,A,#2,APPROACH,0.831A/A
31607,2026-06-03 23:01:40,17.3125,6.66,0.777,5.609,A,#2,APPROACH,0.892A/A
31608,2026-06-03 23:01:42,17.3500,6.66,0.777,5.609,A,#2,APPROACH,0.941A/A
31609,2026-06-03 23:01:44,17.3750,8.28,0.777,5.609,A,#2,APPROACH,0.990A/A
31610,2026-06-03 23:01:46,17.3750,8.28,0.976,8.692,A,#2,APPROACH,1.041A/A
31611,2026-06-03 23:01:48,17.3750,8.28,0.976,8.692,A,#2,APPROACH,1.000A/A
31612,2026-06-03 23:01:50,17.3750,8.28,0.976,8.692,A,#2,APPROACH,1.099A/A
31613,2026-06-03 23:01:51,17.3750,9.40,0.976,8.692,A,#2,APPROACH,1.150A/A
31614,2026-06-03 23:01:53,17.3750,9.40,1.150,11.500,A,#2,APPROACH,1.201A/A
31615,2026-06-03 23:01:56,17.3750,9.40,1.150,11.500,A,#2,APPROACH,1.266A/A
31616,2026-06-03 23:01:57,17.3375,9.40,1.150,11.500,A,#2,APPROACH,1.302A/A
31617,2026-06-03 23:01:59,17.3125,10.85,1.150,11.500,A,#2,APPROACH,1.348A/A
31618,2026-06-03 23:02:01,17.3125,10.85,1.348,15.475,A,#2,APPROACH,1.396A/A
31619,2026-06-03 23:02:03,17.2625,10.85,1.348,15.475,A,#2,APPROACH,1.000A/A
31620,2026-06-03 23:02:05,17.2375,10.85,1.348,15.475,A,#2,APPROACH,1.452A/A
31621,2026-06-03 23:02:07,17.1875,12.00,1.348,15.475,A,#2,APPROACH,1.000A/A
31622,2026-06-03 23:02:09,17.1875,12.00,1.014,9.250,A,#2,APPROACH,1.493A/A
31623,2026-06-03 23:02:11,17.1000,12.00,1.014,9.250,A,#2,APPROACH,1.537A/A
31624,2026-06-03 23:02:13,17.1000,12.00,1.014,9.250,A,#2,APPROACH,1.577A/A
31625,2026-06-03 23:02:14,17.0000,12.00,1.014,9.250,A,#2,HOLDING,1.500A/A
31626,2026-06-03 23:02:16,17.0000,12.00,1.419,9.250,OFF,#2,HOLDING,0.000A/OFF
31627,2026-06-03 23:02:17,16.9375,12.00,1.419,16.896,OFF,#2,HOLDING,0.000A/OFF
31628,2026-06-03 23:02:18,16.8875,12.00,1.419,16.896,OFF,#2,HOLDING,0.000A/OFF
31629,2026-06-03 23:02:19,16.8875,12.00,1.419,16.896,OFF,#2,HOLDING,0.000A/OFF
31630,2026-06-03 23:02:20,16.8375,12.00,1.419,16.896,OFF,#2,HOLDING,0.000A/OFF
31631,2026-06-03 23:02:21,16.8375,12.00,1.419,16.896,A,#2,HOLDING,0.117A/A
31632,2026-06-03 23:02:23,16.7625,12.00,0.000,0.234,A,#2,HOLDING,0.137A/A
31633,2026-06-03 23:02:26,16.7000,12.00,0.000,0.234,A,#2,HOLDING,0.175A/A
31634,2026-06-03 23:02:27,16.7250,12.00,0.000,0.234,A,#2,HOLDING,0.201A/A
31635,2026-06-03 23:02:29,16.6875,2.57,0.000,0.234,A,#2,HOLDING,0.230A/A
31636,2026-06-03 23:02:31,16.6875,2.57,0.213,0.664,A,#2,HOLDING,0.260A/A
31637,2026-06-03 23:02:33,16.6875,2.57,0.213,0.664,A,#2,HOLDING,0.290A/A
31638,2026-06-03 23:02:35,16.7375,2.57,0.213,0.664,A,#2,HOLDING,0.323A/A
31639,2026-06-03 23:02:37,16.7500,3.49,0.213,0.664,A,#2,HOLDING,0.352A/A
31640,2026-06-03 23:02:38,16.7500,3.49,0.335,1.341,A,#2,HOLDING,0.379A/A
31641,2026-06-03 23:02:41,16.8125,3.49,0.335,1.341,A,#2,HOLDING,0.417A/A
31642,2026-06-03 23:02:42,16.8125,3.49,0.335,1.341,A,#2,HOLDING,0.441A/A
31643,2026-06-03 23:02:44,16.8750,4.37,0.335,1.341,A,#2,HOLDING,0.480A/A
31644,2026-06-03 23:02:46,16.9000,4.37,0.458,2.299,A,#2,HOLDING,0.511A/A
31645,2026-06-03 23:02:49,16.9375,4.37,0.458,2.299,A,#2,HOLDING,0.559A/A
31646,2026-06-03 23:02:50,16.9875,4.37,0.458,2.299,A,#2,HOLDING,0.590A/A
31647,2026-06-03 23:02:52,17.0375,5.58,0.458,2.299,A,#2,HOLDING,0.683A/A
31648,2026-06-03 23:02:54,17.0625,5.58,0.633,4.384,A,#2,HOLDING,0.723A/A
31649,2026-06-03 23:02:56,17.0750,5.58,0.633,4.384,A,#2,HOLDING,0.770A/A
31650,2026-06-03 23:02:58,17.1500,5.58,0.633,4.384,A,#2,HOLDING,0.814A/A
31651,2026-06-03 23:03:00,17.1750,7.32,0.633,4.384,A,#2,HOLDING,0.860A/A
31652,2026-06-03 23:03:02,17.1750,7.32,0.860,6.699,A,#2,HOLDING,0.902A/A
31653,2026-06-03 23:03:04,17.2000,7.32,0.860,6.699,A,#2,HOLDING,0.953A/A
31654,2026-06-03 23:03:06,17.2500,7.32,0.860,6.699,A,#2,HOLDING,1.000A/A
31655,2026-06-03 23:03:07,17.2250,8.66,0.860,6.699,A,#2,HOLDING,1.042A/A
31656,2026-06-03 23:03:09,17.2500,8.66,1.018,9.513,A,#2,HOLDING,1.089A/A
31657,2026-06-03 23:03:12,17.2500,8.66,1.018,9.513,A,#2,HOLDING,1.144A/A
31658,2026-06-03 23:03:13,17.2500,8.66,1.018,9.513,A,#2,HOLDING,1.186A/A
31659,2026-06-03 23:03:15,17.2500,9.98,1.018,9.513,A,#2,HOLDING,1.000A/A
31660,2026-06-03 23:03:17,17.2500,9.98,1.000,8.900,A,#2,HOLDING,1.230A/A
31661,2026-06-03 23:03:19,17.2250,9.98,1.000,8.900,A,#2,HOLDING,1.284A/A
31662,2026-06-03 23:03:21,17.2000,9.98,1.000,8.900,A,#2,HOLDING,1.319A/A
31663,2026-06-03 23:03:23,17.1750,10.96,1.000,8.900,A,#2,HOLDING,1.359A/A
31664,2026-06-03 23:03:25,17.1250,10.96,1.359,15.560,A,#2,HOLDING,1.000A/A
31665,2026-06-03 23:03:27,17.1250,10.96,1.359,15.560,A,#2,HOLDING,1.398A/A
31666,2026-06-03 23:03:29,17.1000,10.96,1.359,15.560,A,#2,HOLDING,1.431A/A
31667,2026-06-03 23:03:30,17.0625,11.79,1.359,15.560,A,#2,HOLDING,1.470A/A
31668,2026-06-03 23:03:32,17.0125,11.79,1.433,17.148,A,#2,HOLDING,1.000A/A
31669,2026-06-03 23:03:35,16.9375,11.79,1.433,17.148,A,#2,HOLDING,1.447A/A
31670,2026-06-03 23:03:36,16.9125,11.79,1.433,17.148,A,#2,HOLDING,1.477A/A
31671,2026-06-03 23:03:38,16.8375,12.00,1.433,17.148,A,#2,HOLDING,1.500A/A
31672,2026-06-03 23:03:40,16.7875,12.00,1.437,17.052,A,#2,HOLDING,1.000A/A
31673,2026-06-03 23:03:42,16.7500,12.00,1.437,17.052,A,#2,HOLDING,1.506A/A
31674,2026-06-03 23:03:44,16.7250,12.00,1.437,17.052,A,#2,HOLDING,1.534A/A
31675,2026-06-03 23:03:46,16.6500,12.00,1.437,17.052,A,#2,HOLDING,1.556A/A
31676,2026-06-03 23:03:48,16.5750,12.00,1.429,17.040,A,#2,HOLDING,1.573A/A
31677,2026-06-03 23:03:50,16.5500,12.00,1.429,17.040,A,#2,HOLDING,1.600A/A
31678,2026-06-03 23:03:52,16.4500,12.00,1.429,17.040,A,#2,HOLDING,1.610A/A
31679,2026-06-03 23:03:54,16.4250,12.00,1.429,17.040,A,#2,HOLDING,1.631A/A
31680,2026-06-03 23:03:55,16.3500,12.00,1.424,16.980,A,#2,HOLDING,1.639A/A
31681,2026-06-03 23:03:58,16.3125,12.00,1.424,16.980,A,#3,APPROACH,1.662A/A
31682,2026-06-03 23:03:59,16.2625,12.00,1.424,16.980,B,#3,APPROACH,0.109A/B
31683,2026-06-03 23:04:01,16.1750,12.00,1.424,16.980,B,#3,APPROACH,0.154A/B
31684,2026-06-03 23:04:03,16.1250,6.17,1.424,16.980,B,#3,APPROACH,0.210A/B
31685,2026-06-03 23:04:05,16.0625,6.17,0.331,0.228,B,#3,APPROACH,0.293A/B
31686,2026-06-03 23:04:08,16.0625,6.17,0.331,0.228,B,#3,APPROACH,0.384A/B
31687,2026-06-03 23:04:09,16.0625,6.17,0.331,0.228,B,#3,APPROACH,0.448A/B
31688,2026-06-03 23:04:11,16.1125,3.13,0.331,0.228,B,#3,APPROACH,0.513A/B
31689,2026-06-03 23:04:13,16.1625,3.13,0.513,1.990,B,#3,APPROACH,0.580A/B
31690,2026-06-03 23:04:15,16.2625,3.13,0.513,1.990,B,#3,APPROACH,0.660A/B
31691,2026-06-03 23:04:17,16.3250,3.13,0.513,1.990,B,#3,APPROACH,0.715A/B
31692,2026-06-03 23:04:19,16.4500,5.52,0.513,1.990,B,#3,APPROACH,0.766A/B
31693,2026-06-03 23:04:21,16.5500,5.52,0.766,4.672,B,#3,APPROACH,0.819A/B
31694,2026-06-03 23:04:23,16.7000,5.52,0.766,4.672,B,#3,APPROACH,0.879A/B
31695,2026-06-03 23:04:25,16.8250,5.52,0.766,4.672,B,#3,APPROACH,0.915A/B
31696,2026-06-03 23:04:26,16.9750,7.26,0.766,4.672,B,#3,APPROACH,0.948A/B
31697,2026-06-03 23:04:28,17.1375,7.26,0.948,7.271,B,#3,APPROACH,0.976A/B
31698,2026-06-03 23:04:31,17.3125,7.26,0.948,7.271,B,#3,HOLDING,0.966A/B
31699,2026-06-03 23:04:32,17.4625,7.26,0.948,7.271,OFF,#3,HOLDING,0.000A/OFF
31700,2026-06-03 23:04:33,17.4625,7.26,0.948,7.271,OFF,#3,HOLDING,0.000A/OFF
31701,2026-06-03 23:04:34,17.6875,12.00,0.948,7.271,OFF,#3,HOLDING,0.000A/OFF
31702,2026-06-03 23:04:35,17.6875,12.00,0.787,7.271,OFF,#3,HOLDING,0.000A/OFF
31703,2026-06-03 23:04:36,17.8625,12.00,0.787,0.000,OFF,#3,HOLDING,0.000A/OFF
31704,2026-06-03 23:04:37,18.0625,12.00,0.787,0.000,OFF,#3,HOLDING,0.000A/OFF
31705,2026-06-03 23:04:38,18.0625,12.00,0.787,0.000,OFF,#3,HOLDING,0.000A/OFF
31706,2026-06-03 23:04:39,18.2750,12.00,0.787,0.000,OFF,#3,HOLDING,0.000A/OFF
31707,2026-06-03 23:04:40,18.2750,12.00,0.787,0.000,OFF,#3,HOLDING,0.000A/OFF
31708,2026-06-03 23:04:41,18.5000,12.00,0.000,0.000,OFF,#3,HOLDING,0.000A/OFF
31709,2026-06-03 23:04:42,18.5000,12.00,0.000,0.000,OFF,#3,HOLDING,0.000A/OFF
31710,2026-06-03 23:04:43,18.6750,12.00,0.000,0.000,OFF,#3,HOLDING,0.000A/OFF
31711,2026-06-03 23:04:44,18.6750,12.00,0.000,0.000,OFF,#3,HOLDING,0.000A/OFF
31712,2026-06-03 23:04:45,18.8500,12.00,0.000,0.000,OFF,#3,HOLDING,0.000A/OFF
31713,2026-06-03 23:04:46,18.8500,12.00,0.000,0.000,OFF,#3,HOLDING,0.000A/OFF
31714,2026-06-03 23:04:47,19.0500,12.00,0.000,0.000,OFF,#3,HOLDING,0.000A/OFF
31715,2026-06-03 23:04:48,19.0500,12.00,0.000,0.000,OFF,#3,HOLDING,0.000A/OFF
31716,2026-06-03 23:04:49,19.2250,12.00,0.000,0.000,A,#3,HOLDING,0.162A/A
31717,2026-06-03 23:04:51,19.3625,12.00,0.000,0.000,A,#3,HOLDING,0.193A/A
31718,2026-06-03 23:04:53,19.5625,12.00,0.000,0.000,A,#3,HOLDING,0.269A/A
31719,2026-06-03 23:04:55,19.5625,2.28,0.000,0.000,A,#3,HOLDING,0.281A/A
31720,2026-06-03 23:04:56,19.6750,2.28,0.281,0.713,A,#3,HOLDING,0.341A/A
31721,2026-06-03 23:04:59,19.9750,2.28,0.281,0.713,A,#3,HOLDING,0.440A/A
31722,2026-06-03 23:05:00,20.1000,2.28,0.281,0.713,A,#3,HOLDING,0.523A/A
31723,2026-06-03 23:05:02,20.1000,4.46,0.281,0.713,A,#3,HOLDING,0.582A/A
31724,2026-06-03 23:05:04,20.1625,4.46,0.550,2.939,A,#3,HOLDING,0.639A/A
31725,2026-06-03 23:05:07,20.3875,4.46,0.550,2.939,A,#3,HOLDING,0.759A/A
31726,2026-06-03 23:05:08,20.4625,4.46,0.550,2.939,A,#3,HOLDING,0.845A/A
31727,2026-06-03 23:05:10,20.4625,7.06,0.550,2.939,A,#3,HOLDING,0.922A/A
31728,2026-06-03 23:05:12,20.5375,7.06,0.922,7.191,A,#3,HOLDING,1.002A/A
31729,2026-06-03 23:05:14,20.6250,7.06,0.922,7.191,A,#3,HOLDING,1.120A/A
31730,2026-06-03 23:05:16,20.6500,7.06,0.922,7.191,A,#3,HOLDING,1.202A/A
31731,2026-06-03 23:05:18,20.6500,9.71,0.922,7.191,A,#3,HOLDING,1.285A/A
31732,2026-06-03 23:05:20,20.6875,9.71,1.240,13.595,A,#3,HOLDING,1.376A/A
31733,2026-06-03 23:05:22,20.6875,9.71,1.240,13.595,A,#3,HOLDING,1.490A/A
31734,2026-06-03 23:05:24,20.6875,9.71,1.240,13.595,A,#3,HOLDING,1.569A/A
31735,2026-06-03 23:05:25,20.6875,12.00,1.240,13.595,A,#3,HOLDING,1.658A/A
31736,2026-06-03 23:05:27,20.6250,12.00,1.509,17.904,A,#3,HOLDING,1.000A/A
31737,2026-06-03 23:05:30,20.5500,12.00,1.509,17.904,A,#3,HOLDING,1.728A/A
31738,2026-06-03 23:05:31,20.4750,12.00,1.509,17.904,A,#3,HOLDING,1.789A/A
31739,2026-06-03 23:05:33,20.4750,12.00,1.509,17.904,A,#3,HOLDING,1.880A/A
31740,2026-06-03 23:05:35,20.4000,12.00,1.476,17.508,A,#3,HOLDING,1.956A/A
31741,2026-06-03 23:05:37,20.2750,12.00,1.476,17.508,A,#3,HOLDING,1.000A/A
31742,2026-06-03 23:05:39,20.1750,12.00,1.476,17.508,A,#3,HOLDING,1.500A/A
31743,2026-06-03 23:05:41,20.1750,12.00,1.476,17.508,A,#3,HOLDING,1.500A/A
31744,2026-06-03 23:05:43,20.0875,12.00,1.449,17.220,A,#3,HOLDING,2.000A/A
31745,2026-06-03 23:05:45,19.8750,12.00,1.449,17.220,A,#3,HOLDING,2.020A/A
31746,2026-06-03 23:05:47,19.8750,12.00,1.449,17.220,A,#3,HOLDING,2.074A/A
31747,2026-06-03 23:05:48,19.8000,12.00,1.449,17.220,A,#3,HOLDING,2.000A/A
31748,2026-06-03 23:05:50,19.6750,12.00,1.436,17.076,A,#3,HOLDING,1.500A/A
31749,2026-06-03 23:05:53,19.4625,12.00,1.436,17.076,A,#3,HOLDING,2.000A/A
31750,2026-06-03 23:05:54,19.4625,12.00,1.436,17.076,A,#3,HOLDING,2.000A/A
31751,2026-06-03 23:05:56,19.3125,12.00,1.436,17.076,A,#3,HOLDING,2.099A/A
31752,2026-06-03 23:05:58,19.2125,12.00,1.424,16.920,A,#3,HOLDING,2.000A/A
31753,2026-06-03 23:06:00,19.0000,12.00,1.424,16.920,A,#3,HOLDING,1.000A/A
31754,2026-06-03 23:06:02,19.0000,12.00,1.424,16.920,A,#3,HOLDING,2.087A/A
31755,2026-06-03 23:06:04,18.9000,12.00,1.424,16.920,A,#3,HOLDING,1.500A/A
31756,2026-06-03 23:06:06,18.7750,12.00,1.420,16.920,A,#3,HOLDING,1.000A/A
31757,2026-06-03 23:06:08,18.5500,12.00,1.420,16.920,A,#3,HOLDING,2.101A/A
31758,2026-06-03 23:06:10,18.5500,12.00,1.420,16.920,A,#3,HOLDING,1.000A/A
31759,2026-06-03 23:06:12,18.4500,9.13,1.420,16.920,A,#3,HOLDING,1.000A/A
31760,2026-06-03 23:06:13,18.3375,9.13,1.000,9.260,A,#3,HOLDING,1.000A/A
31761,2026-06-03 23:06:16,18.1375,9.13,1.000,9.260,A,#3,HOLDING,1.000A/A
31762,2026-06-03 23:06:17,18.1375,9.13,1.000,9.260,A,#3,HOLDING,1.000A/A
31763,2026-06-03 23:06:19,18.0375,9.10,1.000,9.260,A,#3,HOLDING,2.126A/A
31764,2026-06-03 23:06:21,17.9625,9.10,1.212,17.016,A,#3,HOLDING,2.124A/A
31765,2026-06-03 23:06:23,17.7750,9.10,1.212,17.016,A,#3,HOLDING,2.090A/A
31766,2026-06-03 23:06:25,17.7750,9.10,1.212,17.016,A,#3,HOLDING,2.000A/A
31767,2026-06-03 23:06:27,17.7000,12.00,1.212,17.016,A,#3,HOLDING,2.000A/A
31768,2026-06-03 23:06:29,17.6125,12.00,1.418,16.908,A,#3,HOLDING,1.500A/A
31769,2026-06-03 23:06:31,17.5125,12.00,1.418,16.908,A,#3,HOLDING,2.084A/A
31770,2026-06-03 23:06:33,17.4625,12.00,1.418,16.908,A,#3,HOLDING,2.061A/A
31771,2026-06-03 23:06:35,17.3625,12.00,1.418,16.908,A,#3,HOLDING,1.500A/A
31772,2026-06-03 23:06:36,17.2750,12.00,1.414,16.848,A,#3,HOLDING,2.028A/A
31773,2026-06-03 23:06:39,17.2000,12.00,1.414,16.848,A,#3,HOLDING,1.930A/A
31774,2026-06-03 23:06:40,17.1250,12.00,1.414,16.848,A,#3,HOLDING,1.893A/A
31775,2026-06-03 23:06:42,17.0500,12.00,1.414,16.848,A,#3,HOLDING,1.848A/A
31776,2026-06-03 23:06:44,16.9875,12.00,1.402,16.728,A,#3,HOLDING,1.000A/A
31777,2026-06-03 23:06:46,16.8875,12.00,1.402,16.728,A,#3,HOLDING,1.795A/A
31778,2026-06-03 23:06:48,16.8250,12.00,1.402,16.728,A,#3,HOLDING,1.500A/A
31779,2026-06-03 23:06:50,16.7500,12.00,1.402,16.728,A,#3,HOLDING,1.743A/A
31780,2026-06-03 23:06:52,16.6875,12.00,1.402,16.716,A,#3,HOLDING,1.686A/A
31781,2026-06-03 23:06:54,16.5875,12.00,1.402,16.716,A,#3,HOLDING,1.604A/A
31782,2026-06-03 23:06:56,16.5250,12.00,1.402,16.716,A,#3,HOLDING,1.547A/A
31783,2026-06-03 23:06:58,16.4500,12.00,1.402,16.716,A,#3,HOLDING,1.477A/A
31784,2026-06-03 23:06:59,16.3750,12.00,1.390,16.572,A,#3,HOLDING,1.000A/A
31785,2026-06-03 23:07:02,16.3250,12.00,1.390,16.572,A,#3,HOLDING,1.407A/A
31786,2026-06-03 23:07:03,16.2750,12.00,1.390,16.572,A,#3,HOLDING,1.345A/A
31787,2026-06-03 23:07:05,16.2000,11.56,1.390,16.572,A,#3,HOLDING,1.268A/A
31788,2026-06-03 23:07:07,16.1250,11.56,1.268,14.277,A,#3,HOLDING,1.183A/A
31789,2026-06-03 23:07:09,16.0750,11.56,1.268,14.277,A,#3,HOLDING,1.081A/A
31790,2026-06-03 23:07:11,16.0500,11.56,1.268,14.277,A,#3,HOLDING,1.016A/A
31791,2026-06-03 23:07:13,15.9750,9.51,1.268,14.277,A,#3,HOLDING,0.929A/A
31792,2026-06-03 23:07:15,15.9375,9.51,0.943,8.314,A,#3,HOLDING,0.844A/A
31793,2026-06-03 23:07:17,15.8875,9.51,0.943,8.314,A,#3,HOLDING,0.730A/A
31794,2026-06-03 23:07:19,15.8625,9.51,0.943,8.314,A,#3,HOLDING,0.659A/A
31795,2026-06-03 23:07:21,15.8125,6.91,0.943,8.314,A,#3,HOLDING,0.566A/A
31796,2026-06-03 23:07:22,15.7500,6.91,0.591,3.531,A,#3,HOLDING,0.470A/A
31797,2026-06-03 23:07:25,15.7500,6.91,0.591,3.531,A,#3,HOLDING,0.355A/A
31798,2026-06-03 23:07:26,15.7375,6.91,0.591,3.531,A,#3,HOLDING,0.279A/A
31799,2026-06-03 23:07:28,15.6875,3.74,0.591,3.531,A,#3,HOLDING,0.185A/A
31800,2026-06-03 23:07:30,15.6875,3.74,0.225,3.531,OFF,#3,HOLDING,0.000A/OFF
31801,2026-06-03 23:07:31,15.6875,3.74,0.225,0.567,OFF,#3,HOLDING,0.000A/OFF
31802,2026-06-03 23:07:32,15.6875,3.74,0.225,0.567,OFF,#3,HOLDING,0.000A/OFF
31803,2026-06-03 23:07:33,15.6875,3.74,0.225,0.567,OFF,#3,HOLDING,0.000A/OFF
31804,2026-06-03 23:07:34,15.6875,3.74,0.225,0.567,B,#3,HOLDING,0.103A/B
31805,2026-06-03 23:07:36,15.6875,12.01,0.103,0.567,B,#3,HOLDING,0.206A/B
31806,2026-06-03 23:07:38,15.7125,12.01,0.103,0.199,B,#3,HOLDING,0.294A/B
31807,2026-06-03 23:07:40,15.7125,12.01,0.103,0.199,B,#3,HOLDING,0.374A/B
31808,2026-06-03 23:07:41,15.7625,12.01,0.103,0.199,B,#3,HOLDING,0.444A/B
31809,2026-06-03 23:07:43,15.8375,3.10,0.103,0.199,B,#3,HOLDING,0.523A/B
31810,2026-06-03 23:07:45,15.9125,3.10,0.480,2.034,B,#3,HOLDING,0.596A/B
31811,2026-06-03 23:07:47,15.9625,3.10,0.480,2.034,B,#3,HOLDING,0.703A/B
31812,2026-06-03 23:07:49,16.0375,3.10,0.480,2.034,B,#3,HOLDING,0.768A/B
31813,2026-06-03 23:07:51,16.1625,5.86,0.480,2.034,B,#3,HOLDING,0.834A/B
31814,2026-06-03 23:07:53,16.3000,5.86,0.834,5.496,B,#3,HOLDING,0.887A/B
31815,2026-06-03 23:07:55,16.4500,5.86,0.834,5.496,B,#3,HOLDING,0.959A/B
31816,2026-06-03 23:07:57,16.5500,5.86,0.834,5.496,B,#3,HOLDING,1.008A/B
31817,2026-06-03 23:07:59,16.7250,7.93,0.834,5.496,B,#3,HOLDING,1.050A/B
31818,2026-06-03 23:08:00,16.8625,7.93,1.050,8.851,B,#3,HOLDING,1.091A/B
31819,2026-06-03 23:08:03,17.0625,7.93,1.050,8.851,B,#3,HOLDING,1.131A/B
31820,2026-06-03 23:08:04,17.2375,7.93,1.050,8.851,B,#4,APPROACH,1.103A/B
31821,2026-06-03 23:08:06,17.4375,1.84,1.050,8.851,B,#4,APPROACH,0.190A/B
31822,2026-06-03 23:08:08,17.6375,1.84,0.000,8.851,B,#4,APPROACH,0.188A/B
31823,2026-06-03 23:08:11,17.8625,1.84,0.000,0.000,B,#4,APPROACH,0.199A/B
31824,2026-06-03 23:08:13,18.0875,1.84,0.000,0.000,B,#4,APPROACH,0.216A/B
31825,2026-06-03 23:08:14,18.2875,1.84,0.000,0.000,B,#4,APPROACH,0.187A/B
31826,2026-06-03 23:08:16,18.4625,1.99,0.000,0.000,B,#4,APPROACH,0.223A/B
31827,2026-06-03 23:08:18,18.6375,1.99,0.223,0.532,B,#4,APPROACH,0.266A/B
31828,2026-06-03 23:08:20,18.8000,1.99,0.223,0.532,B,#4,APPROACH,0.348A/B
31829,2026-06-03 23:08:22,19.0000,1.99,0.223,0.532,B,#4,APPROACH,0.388A/B
31830,2026-06-03 23:08:24,19.1750,3.57,0.223,0.532,B,#4,APPROACH,0.451A/B
31831,2026-06-03 23:08:26,19.3250,3.57,0.451,1.885,B,#4,APPROACH,0.507A/B
31832,2026-06-03 23:08:28,19.4875,3.57,0.451,1.885,B,#4,APPROACH,0.586A/B
31833,2026-06-03 23:08:30,19.6375,3.57,0.451,1.885,B,#4,APPROACH,0.626A/B
31834,2026-06-03 23:08:31,19.8000,5.49,0.451,1.885,B,#4,APPROACH,0.666A/B
31835,2026-06-03 23:08:33,19.9750,5.49,0.666,3.969,B,#4,APPROACH,0.695A/B
31836,2026-06-03 23:08:36,20.1125,5.49,0.666,3.969,B,#4,HOLDING,0.692A/B
31837,2026-06-03 23:08:37,20.2625,5.49,0.666,3.969,OFF,#4,HOLDING,0.000A/OFF
31838,2026-06-03 23:08:38,20.2625,5.49,0.666,3.969,OFF,#4,HOLDING,0.000A/OFF
31839,2026-06-03 23:08:39,20.4250,12.00,0.666,3.969,OFF,#4,HOLDING,0.000A/OFF
31840,2026-06-03 23:08:40,20.5750,12.00,1.099,3.969,OFF,#4,HOLDING,0.000A/OFF
31841,2026-06-03 23:08:41,20.5750,12.00,1.099,0.000,OFF,#4,HOLDING,0.000A/OFF
31842,2026-06-03 23:08:42,20.7375,12.00,1.099,0.000,OFF,#4,HOLDING,0.000A/OFF
31843,2026-06-03 23:08:43,20.7375,12.00,1.099,0.000,OFF,#4,HOLDING,0.000A/OFF
31844,2026-06-03 23:08:44,20.9125,12.00,1.099,0.000,OFF,#4,HOLDING,0.000A/OFF
31845,2026-06-03 23:08:45,20.9125,12.00,1.099,0.000,OFF,#4,HOLDING,0.000A/OFF
31846,2026-06-03 23:08:46,21.0500,12.00,0.000,0.000,OFF,#4,HOLDING,0.000A/OFF
31847,2026-06-03 23:08:47,21.0500,12.00,0.000,0.000,OFF,#4,HOLDING,0.000A/OFF
31848,2026-06-03 23:08:48,21.2000,12.00,0.000,0.000,OFF,#4,HOLDING,0.000A/OFF
31849,2026-06-03 23:08:49,21.2000,12.00,0.000,0.000,OFF,#4,HOLDING,0.000A/OFF
31850,2026-06-03 23:08:50,21.3625,12.00,0.000,0.000,OFF,#4,HOLDING,0.000A/OFF
31851,2026-06-03 23:08:51,21.3625,12.00,0.000,0.000,OFF,#4,HOLDING,0.000A/OFF
31852,2026-06-03 23:08:52,21.5125,12.00,0.000,0.000,OFF,#4,HOLDING,0.000A/OFF
31853,2026-06-03 23:08:53,21.5125,12.00,0.000,0.000,OFF,#4,HOLDING,0.000A/OFF
31854,2026-06-03 23:08:55,21.6375,12.00,0.000,0.000,OFF,#4,HOLDING,0.000A/OFF
31855,2026-06-03 23:08:56,21.6375,12.00,0.000,0.000,OFF,#4,HOLDING,0.000A/OFF
31856,2026-06-03 23:08:57,21.7625,12.00,0.000,0.000,OFF,#4,HOLDING,0.000A/OFF
31857,2026-06-03 23:08:58,21.7625,12.00,0.000,0.000,OFF,#4,HOLDING,0.000A/OFF
31858,2026-06-03 23:08:59,21.8625,12.00,0.000,0.000,OFF,#4,HOLDING,0.000A/OFF
31859,2026-06-03 23:09:00,21.9625,12.00,0.000,0.000,OFF,#4,HOLDING,0.000A/OFF
31860,2026-06-03 23:09:01,21.9625,12.00,0.000,0.000,OFF,#4,HOLDING,0.000A/OFF
31861,2026-06-03 23:09:02,22.0625,12.00,0.000,0.000,OFF,#4,HOLDING,0.000A/OFF
31862,2026-06-03 23:09:03,22.0625,12.00,0.000,0.000,OFF,#4,HOLDING,0.000A/OFF
31863,2026-06-03 23:09:04,22.1125,12.00,0.000,0.000,A,#4,HOLDING,0.165A/A
31864,2026-06-03 23:09:05,22.2250,1.40,0.000,0.000,A,#4,HOLDING,0.205A/A
31865,2026-06-03 23:09:07,22.3000,1.40,0.205,0.381,A,#4,HOLDING,0.262A/A
31866,2026-06-03 23:09:10,22.3500,1.40,0.205,0.381,A,#4,HOLDING,0.318A/A
31867,2026-06-03 23:09:11,22.4250,1.40,0.205,0.381,A,#4,HOLDING,0.362A/A
31868,2026-06-03 23:09:13,22.4750,3.22,0.205,0.381,A,#4,HOLDING,0.413A/A
31869,2026-06-03 23:09:15,22.5250,3.22,0.413,1.548,A,#4,HOLDING,0.470A/A
31870,2026-06-03 23:09:17,22.5625,3.22,0.413,1.548,A,#4,HOLDING,0.536A/A
31871,2026-06-03 23:09:19,22.5875,3.22,0.413,1.548,A,#4,HOLDING,0.583A/A
31872,2026-06-03 23:09:21,22.6000,5.12,0.413,1.548,A,#4,HOLDING,0.635A/A
31873,2026-06-03 23:09:23,22.6250,5.12,0.635,3.619,A,#4,HOLDING,0.691A/A
31874,2026-06-03 23:09:25,22.6250,5.12,0.635,3.619,A,#4,HOLDING,0.762A/A
31875,2026-06-03 23:09:27,22.6000,5.12,0.635,3.619,A,#4,HOLDING,0.804A/A
31876,2026-06-03 23:09:29,22.5875,6.95,0.635,3.619,A,#4,HOLDING,0.856A/A
31877,2026-06-03 23:09:30,22.5625,6.95,0.856,6.377,A,#4,HOLDING,0.905A/A
31878,2026-06-03 23:09:33,22.5250,6.95,0.856,6.377,A,#4,HOLDING,0.972A/A
31879,2026-06-03 23:09:34,22.5000,6.95,0.856,6.377,A,#4,HOLDING,1.000A/A
31880,2026-06-03 23:09:36,22.5000,8.50,0.856,6.377,A,#4,HOLDING,1.018A/A
31881,2026-06-03 23:09:38,22.4875,8.50,1.006,8.938,A,#4,HOLDING,1.070A/A
31882,2026-06-03 23:09:40,22.3625,8.50,1.006,8.938,A,#4,HOLDING,1.000A/A
31883,2026-06-03 23:09:42,22.2625,8.50,1.006,8.938,A,#4,HOLDING,1.099A/A
31884,2026-06-03 23:09:44,22.2625,9.30,1.006,8.938,A,#4,HOLDING,1.000A/A
31885,2026-06-03 23:09:46,22.1750,9.30,1.047,8.740,A,#4,HOLDING,1.140A/A
31886,2026-06-03 23:09:48,22.0500,9.30,1.047,8.740,A,#4,HOLDING,1.133A/A
31887,2026-06-03 23:09:50,21.9250,9.30,1.047,8.740,A,#4,HOLDING,1.145A/A
31888,2026-06-03 23:09:52,21.9250,9.72,1.047,8.740,A,#4,HOLDING,1.185A/A
31889,2026-06-03 23:09:53,21.8375,9.72,1.162,12.027,A,#4,HOLDING,1.000A/A
31890,2026-06-03 23:09:56,21.6500,9.72,1.162,12.027,A,#4,HOLDING,1.000A/A
31891,2026-06-03 23:09:57,21.5250,9.72,1.162,12.027,A,#4,HOLDING,1.000A/A
31892,2026-06-03 23:09:59,21.5250,8.84,1.162,12.027,A,#4,HOLDING,1.000A/A
31893,2026-06-03 23:10:01,21.4250,8.84,1.000,8.990,A,#4,HOLDING,1.212A/A
31894,2026-06-03 23:10:03,21.2125,8.84,1.000,8.990,A,#4,HOLDING,1.215A/A
31895,2026-06-03 23:10:05,21.1125,8.84,1.000,8.990,A,#4,HOLDING,1.206A/A
31896,2026-06-03 23:10:07,21.1125,10.31,1.000,8.990,A,#4,HOLDING,1.000A/A
31897,2026-06-03 23:10:09,20.9625,10.31,1.101,9.010,A,#4,HOLDING,1.000A/A
31898,2026-06-03 23:10:11,20.7625,10.31,1.101,9.010,A,#4,HOLDING,1.212A/A
31899,2026-06-03 23:10:13,20.6125,10.31,1.101,9.010,A,#4,HOLDING,1.180A/A
31900,2026-06-03 23:10:15,20.6125,10.19,1.101,9.010,A,#4,HOLDING,1.176A/A
31901,2026-06-03 23:10:16,20.5125,10.19,1.176,12.124,A,#4,HOLDING,1.000A/A
31902,2026-06-03 23:10:19,20.2750,10.19,1.176,12.124,A,#4,HOLDING,1.157A/A
31903,2026-06-03 23:10:20,20.2750,10.19,1.176,12.124,A,#5,APPROACH,1.131A/A
31904,2026-06-03 23:10:22,20.1750,6.05,1.176,12.124,B,#5,APPROACH,0.594A/B
31905,2026-06-03 23:10:24,19.9500,6.05,0.017,12.124,B,#5,APPROACH,0.664A/B
31906,2026-06-03 23:10:27,19.8625,6.05,0.017,0.000,B,#5,APPROACH,0.737A/B
31907,2026-06-03 23:10:29,19.7625,6.05,0.017,0.000,B,#5,APPROACH,0.838A/B
31908,2026-06-03 23:10:30,19.6750,6.05,0.017,0.000,B,#5,APPROACH,0.921A/B
31909,2026-06-03 23:10:32,19.6000,6.91,0.017,0.000,B,#5,APPROACH,1.039A/B
31910,2026-06-03 23:10:34,19.6000,6.91,0.987,8.291,B,#5,APPROACH,1.162A/B
31911,2026-06-03 23:10:36,19.5625,6.91,0.987,8.291,B,#5,APPROACH,1.345A/B
31912,2026-06-03 23:10:38,19.5625,6.91,0.987,8.291,B,#5,APPROACH,1.477A/B
31913,2026-06-03 23:10:40,19.5875,11.02,0.987,8.291,B,#5,APPROACH,1.500A/B
31914,2026-06-03 23:10:42,19.5875,11.02,1.489,17.190,B,#5,APPROACH,1.000A/B
31915,2026-06-03 23:10:44,19.7125,11.02,1.489,17.190,B,#5,APPROACH,1.500A/B
31916,2026-06-03 23:10:46,19.8000,11.02,1.489,17.190,B,#5,APPROACH,1.625A/B
31917,2026-06-03 23:10:47,19.9500,12.00,1.489,17.190,B,#5,APPROACH,1.000A/B
31918,2026-06-03 23:10:49,19.9500,12.00,1.273,8.430,B,#5,APPROACH,1.835A/B
31919,2026-06-03 23:10:52,20.2375,12.00,1.273,8.430,B,#5,APPROACH,2.000A/B
31920,2026-06-03 23:10:53,20.3875,12.00,1.273,8.430,B,#5,APPROACH,1.000A/B
31921,2026-06-03 23:10:55,20.5625,8.58,1.273,8.430,B,#5,APPROACH,2.000A/B
31922,2026-06-03 23:10:57,20.5625,8.58,1.349,17.832,B,#5,APPROACH,2.110A/B
31923,2026-06-03 23:10:59,20.9375,8.58,1.349,17.832,B,#5,APPROACH,1.500A/B
31924,2026-06-03 23:11:01,20.9375,8.58,1.349,17.832,B,#5,APPROACH,2.000A/B
31925,2026-06-03 23:11:03,21.4000,12.00,1.349,17.832,B,#5,APPROACH,2.000A/B
31926,2026-06-03 23:11:05,21.4000,12.00,1.457,17.268,B,#5,APPROACH,2.000A/B
31927,2026-06-03 23:11:07,21.8500,12.00,1.457,17.268,B,#5,APPROACH,1.000A/B
31928,2026-06-03 23:11:09,22.0875,12.00,1.457,17.268,B,#5,APPROACH,2.375A/B
31929,2026-06-03 23:11:11,22.3375,12.00,1.457,17.268,B,#5,APPROACH,1.500A/B
31930,2026-06-03 23:11:12,22.3375,12.00,1.417,16.812,B,#5,APPROACH,1.500A/B
31931,2026-06-03 23:11:15,22.8375,12.00,1.417,16.812,B,#5,APPROACH,2.615A/B
31932,2026-06-03 23:11:16,22.8375,12.00,1.417,16.812,B,#5,APPROACH,1.000A/B
31933,2026-06-03 23:11:18,23.3625,9.24,1.417,16.812,B,#5,APPROACH,2.000A/B
31934,2026-06-03 23:11:20,23.3625,9.24,1.245,16.488,B,#5,APPROACH,2.873A/B
31935,2026-06-03 23:11:22,23.8625,9.24,1.245,16.488,B,#5,APPROACH,2.000A/B
31936,2026-06-03 23:11:24,23.8625,9.24,1.245,16.488,B,#5,APPROACH,1.500A/B
31937,2026-06-03 23:11:26,24.3500,12.00,1.245,16.488,B,#5,APPROACH,2.000A/B
31938,2026-06-03 23:11:28,24.3500,12.00,1.367,16.224,B,#5,APPROACH,2.000A/B
31939,2026-06-03 23:11:30,24.8125,12.00,1.367,16.224,B,#5,APPROACH,2.000A/B
31940,2026-06-03 23:11:32,24.8125,12.00,1.367,16.224,B,#5,APPROACH,2.000A/B
31941,2026-06-03 23:11:34,25.0875,12.00,1.367,16.224,B,#5,APPROACH,1.000A/B
31942,2026-06-03 23:11:35,25.3125,12.00,1.162,9.590,B,#5,APPROACH,2.500A/B
31943,2026-06-03 23:11:38,25.8125,12.00,1.162,9.590,B,#5,APPROACH,2.000A/B
31944,2026-06-03 23:11:39,25.8125,12.00,1.162,9.590,B,#5,APPROACH,3.000A/B
31945,2026-06-03 23:11:41,26.0250,12.00,1.162,9.590,B,#5,APPROACH,2.000A/B
31946,2026-06-03 23:11:43,26.2750,12.00,1.336,15.864,B,#5,APPROACH,3.000A/B
31947,2026-06-03 23:11:46,26.7250,12.00,1.336,15.864,B,#5,APPROACH,2.000A/B
31948,2026-06-03 23:11:47,26.7250,12.00,1.336,15.864,B,#5,APPROACH,1.000A/B
31949,2026-06-03 23:11:49,26.9375,9.64,1.336,15.864,B,#5,APPROACH,2.000A/B
31950,2026-06-03 23:11:51,27.1625,9.64,1.325,15.756,B,#5,APPROACH,1.500A/B
31951,2026-06-03 23:11:53,27.6250,9.64,1.325,15.756,B,#5,APPROACH,3.000A/B
31952,2026-06-03 23:11:55,27.6250,9.64,1.325,15.756,B,#5,APPROACH,3.000A/B
31953,2026-06-03 23:11:57,27.8000,12.00,1.325,15.756,B,#5,APPROACH,2.500A/B
31954,2026-06-03 23:11:59,28.0000,12.00,1.312,15.600,B,#5,APPROACH,1.000A/B
31955,2026-06-03 23:12:01,28.5000,12.00,1.312,15.600,B,#5,APPROACH,2.000A/B
31956,2026-06-03 23:12:03,28.5000,12.00,1.312,15.600,B,#5,APPROACH,1.000A/B
31957,2026-06-03 23:12:04,28.9000,9.74,1.312,15.600,B,#5,APPROACH,1.000A/B
31958,2026-06-03 23:12:06,28.9000,9.74,1.000,9.860,B,#5,APPROACH,2.000A/B
31959,2026-06-03 23:12:09,29.3375,9.74,1.000,9.860,B,#5,APPROACH,2.000A/B
31960,2026-06-03 23:12:10,29.3375,9.74,1.000,9.860,B,#5,APPROACH,2.916A/B
31961,2026-06-03 23:12:12,29.7500,12.00,1.000,9.860,B,#5,APPROACH,2.500A/B
31962,2026-06-03 23:12:14,29.7500,12.00,1.305,15.504,B,#5,APPROACH,1.000A/B
31963,2026-06-03 23:12:16,30.1250,12.00,1.305,15.504,B,#5,APPROACH,2.000A/B
31964,2026-06-03 23:12:18,30.1250,12.00,1.305,15.504,B,#5,APPROACH,1.000A/B
31965,2026-06-03 23:12:20,30.5000,9.80,1.305,15.504,B,#5,APPROACH,2.000A/B
31966,2026-06-03 23:12:22,30.5000,9.80,1.300,15.480,B,#5,APPROACH,1.500A/B
31967,2026-06-03 23:12:24,30.8500,9.80,1.300,15.480,B,#5,HOLDING,2.500A/B
31968,2026-06-03 23:12:26,30.8500,9.80,1.300,15.480,OFF,#5,HOLDING,0.000A/OFF
31969,2026-06-03 23:12:27,31.0500,9.80,1.300,15.480,OFF,#5,HOLDING,0.000A/OFF
31970,2026-06-03 23:12:28,31.2000,12.00,1.300,15.480,OFF,#5,HOLDING,0.000A/OFF
31971,2026-06-03 23:12:29,31.2000,12.00,0.000,15.480,OFF,#5,HOLDING,0.000A/OFF
31972,2026-06-03 23:12:30,31.3625,12.00,0.000,0.000,OFF,#5,HOLDING,0.000A/OFF
31973,2026-06-03 23:12:31,31.3625,12.00,0.000,0.000,OFF,#5,HOLDING,0.000A/OFF
31974,2026-06-03 23:12:32,31.5375,12.00,0.000,0.000,OFF,#5,HOLDING,0.000A/OFF
31975,2026-06-03 23:12:33,31.5375,12.00,0.000,0.000,OFF,#5,HOLDING,0.000A/OFF
31976,2026-06-03 23:12:34,31.6750,12.00,0.000,0.000,OFF,#5,HOLDING,0.000A/OFF
31977,2026-06-03 23:12:35,31.6750,12.00,0.000,0.000,OFF,#5,HOLDING,0.000A/OFF
31978,2026-06-03 23:12:36,31.7750,12.00,0.000,0.000,OFF,#5,HOLDING,0.000A/OFF
31979,2026-06-03 23:12:37,31.7750,12.00,0.000,0.000,OFF,#5,HOLDING,0.000A/OFF
31980,2026-06-03 23:12:38,31.9125,12.00,0.000,0.000,OFF,#5,HOLDING,0.000A/OFF
31981,2026-06-03 23:12:39,31.9125,12.00,0.000,0.000,OFF,#5,HOLDING,0.000A/OFF
31982,2026-06-03 23:12:40,31.9875,12.00,0.000,0.000,OFF,#5,HOLDING,0.000A/OFF
31983,2026-06-03 23:12:41,31.9875,12.00,0.000,0.000,OFF,#5,HOLDING,0.000A/OFF
31984,2026-06-03 23:12:42,32.0750,12.00,0.000,0.000,OFF,#5,HOLDING,0.000A/OFF
31985,2026-06-03 23:12:43,32.1250,12.00,0.000,0.000,OFF,#5,HOLDING,0.000A/OFF
31986,2026-06-03 23:12:44,32.1250,12.00,0.000,0.000,OFF,#5,HOLDING,0.000A/OFF
31987,2026-06-03 23:12:45,32.1875,12.00,0.000,0.000,OFF,#5,HOLDING,0.000A/OFF
31988,2026-06-03 23:12:46,32.1875,12.00,0.000,0.000,OFF,#5,HOLDING,0.000A/OFF
31989,2026-06-03 23:12:47,32.2125,12.00,0.000,0.000,OFF,#5,HOLDING,0.000A/OFF
31990,2026-06-03 23:12:48,32.2125,12.00,0.000,0.000,OFF,#5,HOLDING,0.000A/OFF
31991,2026-06-03 23:12:49,32.2500,12.00,0.000,0.000,OFF,#5,HOLDING,0.000A/OFF
31992,2026-06-03 23:12:50,32.2500,12.00,0.000,0.000,OFF,#5,HOLDING,0.000A/OFF
31993,2026-06-03 23:12:51,32.2500,12.00,0.000,0.000,OFF,#5,HOLDING,0.000A/OFF
31994,2026-06-03 23:12:52,32.2500,12.00,0.000,0.000,OFF,#5,HOLDING,0.000A/OFF
31995,2026-06-03 23:12:53,32.3125,12.00,0.000,0.000,OFF,#5,HOLDING,0.000A/OFF
31996,2026-06-03 23:12:54,32.3125,12.00,0.000,0.000,OFF,#5,HOLDING,0.000A/OFF
31997,2026-06-03 23:12:55,32.3125,12.00,0.000,0.000,OFF,#5,HOLDING,0.000A/OFF
31998,2026-06-03 23:12:56,32.3125,12.00,0.000,0.000,A,#5,HOLDING,0.100A/A
31999,2026-06-03 23:12:58,32.2750,12.00,0.000,0.000,A,#5,HOLDING,0.121A/A
32000,2026-06-03 23:12:59,32.2500,12.00,0.000,0.000,A,#5,HOLDING,0.135A/A
32001,2026-06-03 23:13:01,32.2500,0.68,0.000,0.000,A,#5,HOLDING,0.153A/A
32002,2026-06-03 23:13:03,32.2000,0.68,0.141,0.145,A,#5,HOLDING,0.170A/A
32003,2026-06-03 23:13:05,32.1875,0.68,0.141,0.145,A,#5,HOLDING,0.195A/A
32004,2026-06-03 23:13:07,32.1375,0.68,0.141,0.145,A,#5,HOLDING,0.203A/A
32005,2026-06-03 23:13:09,32.0500,1.48,0.141,0.145,A,#5,HOLDING,0.213A/A
32006,2026-06-03 23:13:11,32.0000,1.48,0.213,0.351,A,#5,HOLDING,0.220A/A
32007,2026-06-03 23:13:13,31.9625,1.48,0.213,0.351,A,#5,HOLDING,0.236A/A
32008,2026-06-03 23:13:15,31.8875,1.48,0.213,0.351,A,#5,HOLDING,0.242A/A
32009,2026-06-03 23:13:16,31.8000,1.93,0.213,0.351,A,#5,HOLDING,0.242A/A
32010,2026-06-03 23:13:18,31.7000,1.93,0.242,0.479,A,#5,HOLDING,0.236A/A
32011,2026-06-03 23:13:21,31.6125,1.93,0.242,0.479,A,#5,HOLDING,0.233A/A
32012,2026-06-03 23:13:22,31.4875,1.93,0.242,0.479,A,#5,HOLDING,0.221A/A
32013,2026-06-03 23:13:24,31.4000,1.84,0.242,0.479,OFF,--,DONE,0.211A/A
32014,2026-06-03 23:13:26,31.2750,1.84,0.211,0.479,OFF,--,DONE,--
32015,2026-06-03 23:13:27,31.1750,1.84,0.211,0.000,OFF,--,DONE,--
32016,2026-06-03 23:13:28,31.1750,1.84,0.211,0.000,OFF,--,DONE,--
32017,2026-06-03 23:13:29,31.0500,6.38,0.000,0.000,OFF,--,DONE,--
32018,2026-06-03 23:13:30,31.0500,6.38,0.000,0.000,OFF,--,DONE,--
32019,2026-06-03 23:13:31,30.9250,6.38,0.000,0.000,OFF,--,DONE,--
32020,2026-06-03 23:13:32,30.9250,2.47,0.000,0.000,OFF,--,DONE,--
32021,2026-06-03 23:13:33,30.7750,2.47,0.000,0.000,OFF,--,DONE,--
32022,2026-06-03 23:13:34,30.7750,2.47,0.000,0.000,OFF,--,DONE,--
32023,2026-06-03 23:13:35,30.6750,2.47,0.000,0.000,OFF,--,DONE,--
32024,2026-06-03 23:13:36,30.5750,0.97,0.000,0.000,OFF,--,DONE,--
32025,2026-06-03 23:13:37,30.5750,0.97,0.000,0.000,OFF,--,DONE,--
32026,2026-06-03 23:13:38,30.4500,0.97,0.000,0.000,OFF,--,DONE,--
32027,2026-06-03 23:13:39,30.4500,0.97,0.000,0.000,OFF,--,DONE,--
32028,2026-06-03 23:13:40,30.3250,0.32,0.000,0.000,OFF,--,DONE,--
32029,2026-06-03 23:13:41,30.3250,0.32,0.000,0.000,OFF,--,DONE,--
32030,2026-06-03 23:13:42,30.2125,0.32,0.000,0.000,OFF,--,DONE,--
32031,2026-06-03 23:13:43,30.2125,0.00,0.000,0.000,OFF,--,DONE,--
32032,2026-06-03 23:13:44,30.1125,0.00,0.000,0.000,OFF,--,DONE,--
32033,2026-06-03 23:13:46,30.1125,0.00,0.000,0.000,OFF,--,DONE,--
32034,2026-06-03 23:13:47,29.9750,0.00,0.000,0.000,OFF,--,DONE,--
32035,2026-06-03 23:13:48,29.9750,0.00,0.000,0.000,OFF,--,DONE,--
32036,2026-06-03 23:13:49,29.8500,0.00,0.000,0.000,OFF,--,DONE,--
32037,2026-06-03 23:13:50,29.8500,0.00,0.000,0.000,OFF,--,DONE,--
32038,2026-06-03 23:13:51,29.7625,0.00,0.000,0.000,OFF,--,DONE,--
32039,2026-06-03 23:13:52,29.7625,0.00,0.000,0.000,OFF,--,DONE,--
32040,2026-06-03 23:13:53,29.6125,0.00,0.000,0.000,OFF,--,DONE,--
32041,2026-06-03 23:13:54,29.6125,0.00,0.000,0.000,OFF,--,DONE,--
32042,2026-06-03 23:13:55,29.5250,0.00,0.000,0.000,OFF,--,DONE,--
32043,2026-06-03 23:13:56,29.4000,0.00,0.000,0.000,OFF,--,DONE,--
32044,2026-06-03 23:13:57,29.4000,0.00,0.000,0.000,OFF,--,DONE,--
32045,2026-06-03 23:13:58,29.2750,0.00,0.000,0.000,OFF,--,DONE,--
32046,2026-06-03 23:13:59,29.2750,0.00,0.000,0.000,OFF,--,DONE,--
32047,2026-06-03 23:14:00,29.1750,0.00,0.000,0.000,OFF,--,DONE,--
32048,2026-06-03 23:14:01,29.1750,0.00,0.000,0.000,OFF,--,DONE,--
32049,2026-06-03 23:14:02,29.0875,0.00,0.000,0.000,OFF,--,DONE,--
32050,2026-06-03 23:14:03,29.0875,0.00,0.000,0.000,OFF,--,DONE,--
32051,2026-06-03 23:14:04,28.9625,0.00,0.000,0.000,OFF,--,DONE,--
32052,2026-06-03 23:14:05,28.9625,0.00,0.000,0.000,OFF,--,DONE,--
32053,2026-06-03 23:14:06,28.8375,0.00,0.000,0.000,OFF,--,DONE,--
32054,2026-06-03 23:14:07,28.8375,0.00,0.000,0.000,OFF,--,DONE,--
32055,2026-06-03 23:14:08,28.7375,0.00,0.000,0.000,OFF,--,DONE,--
32056,2026-06-03 23:14:09,28.7375,0.00,0.000,0.000,OFF,--,DONE,--
32057,2026-06-03 23:14:10,28.6500,0.00,0.000,0.000,OFF,--,DONE,--
32058,2026-06-03 23:14:11,28.6500,0.00,0.000,0.000,OFF,--,DONE,--
32059,2026-06-03 23:14:12,28.5250,0.00,0.000,0.000,OFF,--,DONE,--
32060,2026-06-03 23:14:13,28.4500,0.00,0.000,0.000,OFF,--,DONE,--
32061,2026-06-03 23:14:14,28.4500,0.00,0.000,0.000,OFF,--,DONE,--
32062,2026-06-03 23:14:15,28.3500,0.00,0.000,0.000,OFF,--,DONE,--
32063,2026-06-03 23:14:16,28.3500,0.00,0.000,0.000,OFF,--,DONE,--
32064,2026-06-03 23:14:17,28.2125,0.00,0.000,0.000,OFF,--,DONE,--
32065,2026-06-03 23:14:18,28.2125,0.00,0.000,0.000,OFF,--,DONE,--
32066,2026-06-03 23:14:19,28.1375,0.00,0.000,0.000,OFF,--,DONE,--
32067,2026-06-03 23:14:20,28.1375,0.00,0.000,0.000,OFF,--,DONE,--
32068,2026-06-03 23:14:21,28.0500,0.00,0.000,0.000,OFF,--,DONE,--
32069,2026-06-03 23:14:22,28.0500,0.00,0.000,0.000,OFF,--,DONE,--
32070,2026-06-03 23:14:23,27.9500,0.00,0.000,0.000,OFF,--,DONE,--
32071,2026-06-03 23:14:24,27.9500,0.00,0.000,0.000,OFF,--,DONE,--
32072,2026-06-03 23:14:25,27.8750,0.00,0.000,0.000,OFF,--,DONE,--
32073,2026-06-03 23:14:26,27.8750,0.00,0.000,0.000,OFF,--,DONE,--
32074,2026-06-03 23:14:27,27.8000,0.00,0.000,0.000,OFF,--,DONE,--
32075,2026-06-03 23:14:28,27.7000,0.00,0.000,0.000,OFF,--,DONE,--
32076,2026-06-03 23:14:29,27.7000,0.00,0.000,0.000,OFF,--,DONE,--
32077,2026-06-03 23:14:30,27.5750,0.00,0.000,0.000,OFF,--,DONE,--
32078,2026-06-03 23:14:31,27.5750,0.00,0.000,0.000,OFF,--,DONE,--
32079,2026-06-03 23:14:32,27.5500,0.00,0.000,0.000,OFF,--,DONE,--
32080,2026-06-03 23:14:33,27.5500,0.00,0.000,0.000,OFF,--,DONE,--
32081,2026-06-03 23:14:34,27.4500,0.00,0.000,0.000,OFF,--,DONE,--
32082,2026-06-03 23:14:35,27.4500,0.00,0.000,0.000,OFF,--,DONE,--
32083,2026-06-03 23:14:36,27.3625,0.00,0.000,0.000,OFF,--,DONE,--
32084,2026-06-03 23:14:38,27.3625,0.00,0.000,0.000,OFF,--,DONE,--
32085,2026-06-03 23:14:39,27.2875,0.00,0.000,0.000,OFF,--,DONE,--
32086,2026-06-03 23:14:40,27.2875,0.00,0.000,0.000,OFF,--,DONE,--
32087,2026-06-03 23:14:41,27.2375,0.00,0.000,0.000,OFF,--,DONE,--
32088,2026-06-03 23:14:42,27.2375,0.00,0.000,0.000,OFF,--,DONE,--
32089,2026-06-03 23:14:43,27.1375,0.00,0.000,0.000,OFF,--,DONE,--
32090,2026-06-03 23:14:44,27.1375,0.00,0.000,0.000,OFF,--,DONE,--
32091,2026-06-03 23:14:45,27.0500,0.00,0.000,0.000,OFF,--,DONE,--
32092,2026-06-03 23:14:46,26.9750,0.00,0.000,0.000,OFF,--,DONE,--
32093,2026-06-03 23:14:47,26.9750,0.00,0.000,0.000,OFF,--,DONE,--
32094,2026-06-03 23:14:48,26.9000,0.00,0.000,0.000,OFF,--,DONE,--
32095,2026-06-03 23:14:49,26.9000,0.00,0.000,0.000,OFF,--,DONE,--
32096,2026-06-03 23:14:50,26.8250,0.00,0.000,0.000,OFF,--,DONE,--
32097,2026-06-03 23:14:51,26.8250,0.00,0.000,0.000,OFF,--,DONE,--
32098,2026-06-03 23:14:52,26.7375,0.00,0.000,0.000,OFF,--,DONE,--
32099,2026-06-03 23:14:53,26.7375,0.00,0.000,0.000,OFF,--,DONE,--
32100,2026-06-03 23:14:54,26.6625,0.00,0.000,0.000,OFF,--,DONE,--
32101,2026-06-03 23:14:55,26.6625,0.00,0.000,0.000,OFF,--,DONE,--
32102,2026-06-03 23:14:56,26.6125,0.00,0.000,0.000,OFF,--,DONE,--
32103,2026-06-03 23:14:57,26.6125,0.00,0.000,0.000,OFF,--,DONE,--
32104,2026-06-03 23:14:58,26.5125,0.00,0.000,0.000,OFF,--,DONE,--
32105,2026-06-03 23:14:59,26.5125,0.00,0.000,0.000,OFF,--,DONE,--
32106,2026-06-03 23:15:00,26.4625,0.00,0.000,0.000,OFF,--,DONE,--
32107,2026-06-03 23:15:01,26.3875,0.00,0.000,0.000,OFF,--,DONE,--
32108,2026-06-03 23:15:02,26.3875,0.00,0.000,0.000,OFF,--,DONE,--
32109,2026-06-03 23:15:03,26.3000,0.00,0.000,0.000,OFF,--,DONE,--
32110,2026-06-03 23:15:04,26.3000,0.00,0.000,0.000,OFF,--,DONE,--
32111,2026-06-03 23:15:05,26.2250,0.00,0.000,0.000,OFF,--,DONE,--
32112,2026-06-03 23:15:06,26.2250,0.00,0.000,0.000,OFF,--,DONE,--
32113,2026-06-03 23:15:07,26.1875,0.00,0.000,0.000,OFF,--,DONE,--
32114,2026-06-03 23:15:08,26.1875,0.00,0.000,0.000,OFF,--,DONE,--
32115,2026-06-03 23:15:09,26.1125,0.00,0.000,0.000,A,#1,APPROACH,3.000A/A
32116,2026-06-03 23:15:11,26.0500,0.00,0.000,0.000,A,#1,APPROACH,1.500A/A
32117,2026-06-03 23:15:13,26.0000,0.00,0.000,0.000,A,#1,APPROACH,1.500A/A
32118,2026-06-03 23:15:15,25.9375,0.00,0.000,0.000,A,#1,APPROACH,3.000A/A
32119,2026-06-03 23:15:17,25.8875,12.00,1.544,0.000,A,#1,APPROACH,1.000A/A
32120,2026-06-03 23:15:19,25.8125,12.00,1.544,8.470,A,#1,APPROACH,2.500A/A
32121,2026-06-03 23:15:21,25.7375,12.00,1.544,8.470,A,#1,APPROACH,2.000A/A
32122,2026-06-03 23:15:22,25.6375,12.00,1.544,8.470,A,#1,APPROACH,3.000A/A
32123,2026-06-03 23:15:24,25.4625,12.00,1.544,8.470,A,#1,APPROACH,2.000A/A
32124,2026-06-03 23:15:26,25.4625,12.00,1.502,17.844,A,#1,APPROACH,3.000A/A
32125,2026-06-03 23:15:28,25.1875,12.00,1.502,17.844,A,#1,APPROACH,2.000A/A
32126,2026-06-03 23:15:30,25.0125,12.00,1.502,17.844,A,#1,APPROACH,2.500A/A
32127,2026-06-03 23:15:32,24.8125,12.00,1.502,17.844,A,#1,APPROACH,3.000A/A
32128,2026-06-03 23:15:34,24.8125,12.00,1.467,17.436,A,#1,APPROACH,1.500A/A
32129,2026-06-03 23:15:36,24.5000,12.00,1.467,17.436,A,#1,APPROACH,3.000A/A
32130,2026-06-03 23:15:38,24.3250,12.00,1.467,17.436,A,#1,APPROACH,3.000A/A
32131,2026-06-03 23:15:39,24.1250,12.00,1.467,17.436,A,#1,APPROACH,1.639A/A
32132,2026-06-03 23:15:41,24.1250,12.00,1.443,17.172,A,#1,APPROACH,1.000A/A
32133,2026-06-03 23:15:44,23.7500,12.00,1.443,17.172,A,#1,APPROACH,0.984A/A
32134,2026-06-03 23:15:45,23.5750,12.00,1.443,17.172,A,#1,APPROACH,1.102A/A
32135,2026-06-03 23:15:47,23.3750,9.69,1.443,17.172,A,#1,APPROACH,1.128A/A
32136,2026-06-03 23:15:49,23.3750,9.69,1.128,11.336,A,#1,APPROACH,1.154A/A
32137,2026-06-03 23:15:51,23.0000,9.69,1.128,11.336,A,#1,APPROACH,1.340A/A
32138,2026-06-03 23:15:53,22.8375,9.69,1.128,11.336,A,#1,APPROACH,1.000A/A
32139,2026-06-03 23:15:55,22.6375,9.07,1.128,11.336,A,#1,APPROACH,1.364A/A
32140,2026-06-03 23:15:57,22.6375,9.07,1.175,15.890,A,#1,APPROACH,1.500A/A
32141,2026-06-03 23:15:59,22.3000,9.07,1.175,15.890,A,#1,APPROACH,1.479A/A
32142,2026-06-03 23:16:01,22.3000,9.07,1.175,15.890,A,#1,APPROACH,1.632A/A
32143,2026-06-03 23:16:02,21.9375,12.00,1.175,15.890,A,#1,APPROACH,1.000A/A
32144,2026-06-03 23:16:04,21.9375,12.00,1.215,9.180,A,#1,APPROACH,1.670A/A
32145,2026-06-03 23:16:07,21.6500,12.00,1.215,9.180,A,#1,APPROACH,1.702A/A
32146,2026-06-03 23:16:08,21.6500,12.00,1.215,9.180,A,#1,APPROACH,1.000A/A
32147,2026-06-03 23:16:10,21.3125,9.11,1.215,9.180,A,#1,APPROACH,1.740A/A
32148,2026-06-03 23:16:12,21.3125,9.11,1.208,16.908,A,#1,APPROACH,1.000A/A
32149,2026-06-03 23:16:14,21.0000,9.11,1.208,16.908,A,#1,APPROACH,1.803A/A
32150,2026-06-03 23:16:16,21.0000,9.11,1.208,16.908,A,#1,APPROACH,1.903A/A
32151,2026-06-03 23:16:18,20.7125,12.00,1.208,16.908,A,#1,APPROACH,1.000A/A
32152,2026-06-03 23:16:20,20.7125,12.00,1.213,9.200,A,#1,APPROACH,1.946A/A
32153,2026-06-03 23:16:22,20.4250,12.00,1.213,9.200,A,#1,APPROACH,1.500A/A
32154,2026-06-03 23:16:24,20.4250,12.00,1.213,9.200,A,#1,APPROACH,2.007A/A
32155,2026-06-03 23:16:25,20.2750,12.00,1.213,9.200,A,#1,APPROACH,1.500A/A
32156,2026-06-03 23:16:27,20.1500,12.00,1.413,16.836,A,#1,APPROACH,2.036A/A
32157,2026-06-03 23:16:30,19.9000,12.00,1.413,16.836,A,#1,HOLDING,2.002A/A
32158,2026-06-03 23:16:31,19.9000,12.00,1.413,16.836,OFF,#1,HOLDING,0.000A/OFF
32159,2026-06-03 23:16:32,19.7750,12.00,1.413,16.836,OFF,#1,HOLDING,0.000A/OFF
32160,2026-06-03 23:16:33,19.6250,12.00,1.413,16.836,OFF,#1,HOLDING,0.000A/OFF
32161,2026-06-03 23:16:34,19.6250,12.00,0.000,16.836,OFF,#1,HOLDING,0.000A/OFF
32162,2026-06-03 23:16:35,19.5125,12.00,0.000,0.000,OFF,#1,HOLDING,0.000A/OFF
32163,2026-06-03 23:16:36,19.5125,12.00,0.000,0.000,OFF,#1,HOLDING,0.000A/OFF
32164,2026-06-03 23:16:37,19.3875,12.00,0.000,0.000,OFF,#1,HOLDING,0.000A/OFF
32165,2026-06-03 23:16:38,19.3875,12.00,0.000,0.000,OFF,#1,HOLDING,0.000A/OFF
32166,2026-06-03 23:16:39,19.3000,12.00,0.000,0.000,OFF,#1,HOLDING,0.000A/OFF
32167,2026-06-03 23:16:40,19.3000,12.00,0.000,0.000,A,#1,HOLDING,0.104A/A
32168,2026-06-03 23:16:42,19.2000,12.00,0.000,0.000,A,#1,HOLDING,0.000A/OFF
32169,2026-06-03 23:16:43,19.2000,12.00,0.000,0.000,A,#1,HOLDING,0.117A/A
32170,2026-06-03 23:16:45,19.1000,12.00,0.000,0.000,A,#1,HOLDING,0.112A/A
32171,2026-06-03 23:16:47,19.1000,1.64,0.000,0.000,A,#1,HOLDING,0.127A/A
32172,2026-06-03 23:16:49,19.0625,1.64,0.127,0.224,A,#1,HOLDING,0.126A/A
32173,2026-06-03 23:16:51,19.0000,1.64,0.127,0.224,A,#1,HOLDING,0.130A/A
32174,2026-06-03 23:16:53,19.0000,1.64,0.127,0.224,A,#1,HOLDING,0.130A/A
32175,2026-06-03 23:16:54,19.0000,1.69,0.127,0.224,A,#1,HOLDING,0.134A/A
32176,2026-06-03 23:16:56,19.0000,1.69,0.134,0.230,A,#1,HOLDING,0.138A/A
32177,2026-06-03 23:16:59,19.0250,1.69,0.134,0.230,A,#1,HOLDING,0.141A/A
32178,2026-06-03 23:17:00,19.0250,1.69,0.134,0.230,A,#1,HOLDING,0.142A/A
32179,2026-06-03 23:17:02,19.0250,1.69,0.134,0.230,A,#1,HOLDING,0.143A/A
32180,2026-06-03 23:17:04,19.0625,1.69,0.143,0.244,A,#1,HOLDING,0.147A/A
32181,2026-06-03 23:17:06,19.0625,1.69,0.143,0.244,A,#1,HOLDING,0.150A/A
32182,2026-06-03 23:17:08,19.0625,1.69,0.143,0.244,A,#1,HOLDING,0.152A/A
32183,2026-06-03 23:17:10,19.1125,1.71,0.143,0.244,A,#1,HOLDING,0.157A/A
32184,2026-06-03 23:17:12,19.1250,1.71,0.157,0.277,A,#1,HOLDING,0.163A/A
32185,2026-06-03 23:17:14,19.1875,1.71,0.157,0.277,A,#1,HOLDING,0.176A/A
32186,2026-06-03 23:17:16,19.1875,1.71,0.157,0.277,A,#1,HOLDING,0.178A/A
32187,2026-06-03 23:17:17,19.2125,1.89,0.157,0.277,A,#1,HOLDING,0.187A/A
32188,2026-06-03 23:17:19,19.2500,1.89,0.187,0.374,A,#1,HOLDING,0.195A/A
32189,2026-06-03 23:17:22,19.3250,1.89,0.187,0.374,A,#1,HOLDING,0.216A/A
32190,2026-06-03 23:17:23,19.3250,1.89,0.187,0.374,A,#1,HOLDING,0.224A/A
32191,2026-06-03 23:17:25,19.3750,2.27,0.187,0.374,A,#1,HOLDING,0.239A/A
32192,2026-06-03 23:17:27,19.3875,2.27,0.239,0.585,A,#1,HOLDING,0.249A/A
32193,2026-06-03 23:17:29,19.4375,2.27,0.239,0.585,A,#1,HOLDING,0.274A/A
32194,2026-06-03 23:17:31,19.4375,2.27,0.239,0.585,A,#2,APPROACH,0.283A/A
32195,2026-06-03 23:17:33,19.4625,1.69,0.239,0.585,B,#2,APPROACH,0.585A/B
32196,2026-06-03 23:17:35,19.5500,1.69,0.000,0.585,B,#2,APPROACH,0.605A/B
32197,2026-06-03 23:17:37,19.5625,1.69,0.000,0.000,B,#2,APPROACH,0.653A/B
32198,2026-06-03 23:17:39,19.5875,1.69,0.000,0.000,B,#2,APPROACH,0.714A/B
32199,2026-06-03 23:17:41,19.5875,1.69,0.000,0.000,B,#2,APPROACH,0.775A/B
32200,2026-06-03 23:17:43,19.6875,6.19,0.000,0.000,B,#2,APPROACH,0.846A/B
32201,2026-06-03 23:17:45,19.6875,6.19,0.820,5.812,B,#2,APPROACH,0.937A/B
32202,2026-06-03 23:17:47,19.7750,6.19,0.820,5.812,B,#2,APPROACH,1.065A/B
32203,2026-06-03 23:17:48,19.7750,6.19,0.820,5.812,B,#2,APPROACH,1.169A/B
32204,2026-06-03 23:17:50,19.8500,9.15,0.820,5.812,B,#2,APPROACH,1.291A/B
32205,2026-06-03 23:17:52,19.9500,9.15,1.272,13.258,B,#2,APPROACH,1.424A/B
32206,2026-06-03 23:17:55,20.1625,9.15,1.272,13.258,B,#2,APPROACH,1.500A/B
32207,2026-06-03 23:17:56,20.1625,9.15,1.272,13.258,B,#2,APPROACH,1.500A/B
32208,2026-06-03 23:17:58,20.3000,11.73,1.272,13.258,B,#2,APPROACH,1.591A/B
32209,2026-06-03 23:18:00,20.4500,11.73,1.518,18.048,B,#2,APPROACH,1.500A/B
32210,2026-06-03 23:18:02,20.7625,11.73,1.518,18.048,B,#2,APPROACH,1.737A/B
32211,2026-06-03 23:18:04,20.7625,11.73,1.518,18.048,B,#2,APPROACH,1.000A/B
32212,2026-06-03 23:18:06,20.9250,8.66,1.518,18.048,B,#2,APPROACH,1.900A/B
32213,2026-06-03 23:18:08,21.1250,8.66,1.473,17.484,B,#2,APPROACH,1.500A/B
32214,2026-06-03 23:18:10,21.5625,8.66,1.473,17.484,B,#2,APPROACH,2.063A/B
32215,2026-06-03 23:18:12,21.5625,8.66,1.473,17.484,B,#2,APPROACH,1.000A/B
32216,2026-06-03 23:18:13,21.8000,8.91,1.473,17.484,B,#2,APPROACH,2.249A/B
32217,2026-06-03 23:18:15,22.0000,8.91,1.436,17.064,B,#2,APPROACH,1.500A/B
32218,2026-06-03 23:18:18,22.5000,8.91,1.436,17.064,B,#2,APPROACH,2.438A/B
32219,2026-06-03 23:18:19,22.5000,8.91,1.436,17.064,B,#2,APPROACH,2.500A/B
32220,2026-06-03 23:18:21,22.7375,12.00,1.436,17.064,B,#2,APPROACH,1.500A/B
32221,2026-06-03 23:18:23,22.9875,12.00,1.404,16.668,B,#2,APPROACH,1.000A/B
32222,2026-06-03 23:18:25,23.5000,12.00,1.404,16.668,B,#2,APPROACH,2.000A/B
32223,2026-06-03 23:18:27,23.5000,12.00,1.404,16.668,B,#2,APPROACH,1.000A/B
32224,2026-06-03 23:18:29,23.7250,9.20,1.404,16.668,B,#2,APPROACH,2.500A/B
32225,2026-06-03 23:18:31,24.0000,9.20,1.384,16.452,B,#2,APPROACH,2.000A/B
32226,2026-06-03 23:18:33,24.5000,9.20,1.384,16.452,B,#2,APPROACH,2.000A/B
32227,2026-06-03 23:18:35,24.5000,9.20,1.384,16.452,B,#2,APPROACH,1.000A/B
32228,2026-06-03 23:18:36,24.6875,9.34,1.384,16.452,B,#2,APPROACH,2.000A/B
32229,2026-06-03 23:18:38,24.9625,9.34,1.367,16.236,B,#2,APPROACH,2.000A/B
32230,2026-06-03 23:18:41,25.4375,9.34,1.367,16.236,B,#2,APPROACH,2.500A/B
32231,2026-06-03 23:18:42,25.4375,9.34,1.367,16.236,B,#2,APPROACH,1.500A/B
32232,2026-06-03 23:18:44,25.6250,12.00,1.367,16.236,B,#2,APPROACH,1.000A/B
32233,2026-06-03 23:18:46,25.8750,12.00,1.042,9.550,B,#2,APPROACH,1.000A/B
32234,2026-06-03 23:18:48,26.3125,12.00,1.042,9.550,B,#2,APPROACH,2.460A/B
32235,2026-06-03 23:18:50,26.3125,12.00,1.042,9.550,B,#2,APPROACH,2.500A/B
32236,2026-06-03 23:18:52,26.5250,12.00,1.042,9.550,B,#2,APPROACH,2.000A/B
32237,2026-06-03 23:18:54,26.7750,12.00,1.342,15.948,B,#2,APPROACH,1.500A/B
32238,2026-06-03 23:18:56,27.1875,12.00,1.342,15.948,B,#2,APPROACH,2.564A/B
32239,2026-06-03 23:18:58,27.1875,12.00,1.342,15.948,B,#2,APPROACH,2.690A/B
32240,2026-06-03 23:18:59,27.4125,12.00,1.342,15.948,B,#2,APPROACH,2.500A/B
32241,2026-06-03 23:19:01,27.6125,12.00,1.326,15.756,B,#2,APPROACH,1.500A/B
32242,2026-06-03 23:19:04,28.0625,12.00,1.326,15.756,B,#2,APPROACH,2.707A/B
32243,2026-06-03 23:19:05,28.0625,12.00,1.326,15.756,B,#2,APPROACH,1.000A/B
32244,2026-06-03 23:19:07,28.2500,9.67,1.326,15.756,B,#2,APPROACH,2.500A/B
32245,2026-06-03 23:19:09,28.4750,9.67,1.315,15.648,B,#2,APPROACH,2.500A/B
32246,2026-06-03 23:19:11,28.8500,9.67,1.315,15.648,B,#2,APPROACH,1.500A/B
32247,2026-06-03 23:19:13,28.8500,9.67,1.315,15.648,B,#2,APPROACH,2.789A/B
32248,2026-06-03 23:19:15,29.0500,12.00,1.315,15.648,B,#2,APPROACH,2.500A/B
32249,2026-06-03 23:19:17,29.2500,12.00,1.305,15.516,B,#2,APPROACH,1.000A/B
32250,2026-06-03 23:19:19,29.6375,12.00,1.305,15.516,B,#2,APPROACH,2.000A/B
32251,2026-06-03 23:19:21,29.6375,12.00,1.305,15.516,B,#2,APPROACH,2.824A/B
32252,2026-06-03 23:19:23,29.8125,12.00,1.305,15.516,B,#2,APPROACH,2.000A/B
32253,2026-06-03 23:19:24,30.0375,12.00,1.299,15.432,B,#2,HOLDING,2.500A/B
32254,2026-06-03 23:19:27,30.4375,12.00,1.299,15.432,OFF,#2,HOLDING,0.000A/OFF
32255,2026-06-03 23:19:28,30.4375,12.00,1.299,15.432,OFF,#2,HOLDING,0.000A/OFF
32256,2026-06-03 23:19:29,30.6125,12.00,1.299,15.432,OFF,#2,HOLDING,0.000A/OFF
32257,2026-06-03 23:19:30,30.6125,12.00,1.299,15.432,OFF,#2,HOLDING,0.000A/OFF
32258,2026-06-03 23:19:31,30.7625,12.00,0.000,15.432,OFF,#2,HOLDING,0.000A/OFF
32259,2026-06-03 23:19:32,30.7625,12.00,0.000,15.432,OFF,#2,HOLDING,0.000A/OFF
32260,2026-06-03 23:19:33,30.9875,12.00,0.000,0.000,OFF,#2,HOLDING,0.000A/OFF
32261,2026-06-03 23:19:34,30.9875,12.00,0.000,0.000,OFF,#2,HOLDING,0.000A/OFF
32262,2026-06-03 23:19:35,31.1625,12.00,0.000,0.000,OFF,#2,HOLDING,0.000A/OFF
32263,2026-06-03 23:19:36,31.1625,12.00,0.000,0.000,OFF,#2,HOLDING,0.000A/OFF
32264,2026-06-03 23:19:37,31.3000,12.00,0.000,0.000,OFF,#2,HOLDING,0.000A/OFF
32265,2026-06-03 23:19:38,31.3000,12.00,0.000,0.000,OFF,#2,HOLDING,0.000A/OFF
32266,2026-06-03 23:19:39,31.4500,12.00,0.000,0.000,OFF,#2,HOLDING,0.000A/OFF
32267,2026-06-03 23:19:40,31.4500,12.00,0.000,0.000,OFF,#2,HOLDING,0.000A/OFF
32268,2026-06-03 23:19:41,31.5375,12.00,0.000,0.000,OFF,#2,HOLDING,0.000A/OFF
32269,2026-06-03 23:19:42,31.6375,12.00,0.000,0.000,OFF,#2,HOLDING,0.000A/OFF
32270,2026-06-03 23:19:43,31.6375,12.00,0.000,0.000,OFF,#2,HOLDING,0.000A/OFF
32271,2026-06-03 23:19:44,31.7250,12.00,0.000,0.000,OFF,#2,HOLDING,0.000A/OFF
32272,2026-06-03 23:19:45,31.7250,12.00,0.000,0.000,OFF,#2,HOLDING,0.000A/OFF
32273,2026-06-03 23:19:46,31.8250,12.00,0.000,0.000,A,#2,HOLDING,0.133A/A
32274,2026-06-03 23:19:48,31.8250,12.00,0.000,0.000,A,#2,HOLDING,0.147A/A
32275,2026-06-03 23:19:49,31.9125,12.00,0.000,0.000,A,#2,HOLDING,0.239A/A
32276,2026-06-03 23:19:51,31.9875,1.38,0.000,0.000,A,#2,HOLDING,0.268A/A
32277,2026-06-03 23:19:53,32.0000,1.38,0.268,0.479,A,#2,HOLDING,0.311A/A
32278,2026-06-03 23:19:55,32.0500,1.38,0.268,0.479,A,#2,HOLDING,0.362A/A
32279,2026-06-03 23:19:57,32.0625,1.38,0.268,0.479,A,#2,HOLDING,0.392A/A
32280,2026-06-03 23:19:58,32.0875,2.82,0.268,0.479,A,#2,HOLDING,0.439A/A
32281,2026-06-03 23:20:00,32.0625,2.82,0.439,1.483,A,#2,HOLDING,0.475A/A
32282,2026-06-03 23:20:03,32.0625,2.82,0.439,1.483,A,#2,HOLDING,0.528A/A
32283,2026-06-03 23:20:04,32.0500,2.82,0.439,1.483,A,#2,HOLDING,0.561A/A
32284,2026-06-03 23:20:06,31.9500,4.56,0.439,1.483,A,#2,HOLDING,0.587A/A
32285,2026-06-03 23:20:08,31.9250,4.56,0.587,2.835,A,#2,HOLDING,0.622A/A
32286,2026-06-03 23:20:10,31.8500,4.56,0.587,2.835,A,#2,HOLDING,0.612A/A
32287,2026-06-03 23:20:12,31.7375,4.56,0.587,2.835,A,#2,HOLDING,0.636A/A
32288,2026-06-03 23:20:14,31.6375,5.28,0.587,2.835,A,#2,HOLDING,0.656A/A
32289,2026-06-03 23:20:16,31.5500,5.28,0.656,3.686,A,#2,HOLDING,0.677A/A
32290,2026-06-03 23:20:18,31.4250,5.28,0.656,3.686,A,#2,HOLDING,0.706A/A
32291,2026-06-03 23:20:20,31.3000,5.28,0.656,3.686,A,#2,HOLDING,0.714A/A
32292,2026-06-03 23:20:22,31.1500,6.14,0.656,3.686,A,#2,HOLDING,0.719A/A
32293,2026-06-03 23:20:23,31.0125,6.14,0.719,4.529,A,#2,HOLDING,0.719A/A
32294,2026-06-03 23:20:26,30.8625,6.14,0.719,4.529,A,#2,HOLDING,0.721A/A
32295,2026-06-03 23:20:27,30.7000,6.14,0.719,4.529,A,#2,HOLDING,0.710A/A
32296,2026-06-03 23:20:29,30.5000,6.24,0.719,4.529,A,#2,HOLDING,0.689A/A
32297,2026-06-03 23:20:31,30.3250,6.24,0.689,4.313,A,#2,HOLDING,0.661A/A
32298,2026-06-03 23:20:33,30.1250,6.24,0.689,4.313,A,#2,HOLDING,0.627A/A
32299,2026-06-03 23:20:35,30.0125,6.24,0.689,4.313,A,#2,HOLDING,0.605A/A
32300,2026-06-03 23:20:37,29.8125,5.51,0.689,4.313,A,#2,HOLDING,0.506A/A
32301,2026-06-03 23:20:39,29.6375,5.51,0.506,2.449,A,#2,HOLDING,0.448A/A
32302,2026-06-03 23:20:41,29.4375,5.51,0.506,2.449,A,#2,HOLDING,0.365A/A
32303,2026-06-03 23:20:43,29.2625,5.51,0.506,2.449,A,#2,HOLDING,0.302A/A
32304,2026-06-03 23:20:45,29.0875,3.19,0.506,2.449,A,#2,HOLDING,0.226A/A
32305,2026-06-03 23:20:46,28.8875,3.19,0.251,0.585,A,#2,HOLDING,0.135A/A
32306,2026-06-03 23:20:49,28.6875,3.19,0.251,0.585,OFF,#2,HOLDING,0.000A/OFF
32307,2026-06-03 23:20:50,28.5500,3.19,0.251,0.585,OFF,#2,HOLDING,0.000A/OFF
32308,2026-06-03 23:20:51,28.5500,3.19,0.251,0.585,OFF,#2,HOLDING,0.000A/OFF
32309,2026-06-03 23:20:52,28.3750,12.00,0.251,0.585,B,#2,HOLDING,0.142A/B
32310,2026-06-03 23:20:54,28.2000,12.00,0.000,0.187,B,#2,HOLDING,0.239A/B
32311,2026-06-03 23:20:56,28.0500,12.00,0.000,0.187,B,#2,HOLDING,0.396A/B
32312,2026-06-03 23:20:58,27.9000,12.00,0.000,0.187,B,#2,HOLDING,0.483A/B
32313,2026-06-03 23:20:59,27.7750,4.07,0.000,0.187,B,#2,HOLDING,0.568A/B
32314,2026-06-03 23:21:01,27.6375,4.07,0.525,2.834,B,#2,HOLDING,0.697A/B
32315,2026-06-03 23:21:04,27.5125,4.07,0.525,2.834,B,#2,HOLDING,0.860A/B
32316,2026-06-03 23:21:05,27.4250,4.07,0.525,2.834,B,#2,HOLDING,0.975A/B
32317,2026-06-03 23:21:07,27.3000,8.03,0.525,2.834,B,#2,HOLDING,1.000A/B
32318,2026-06-03 23:21:09,27.2375,8.03,0.986,8.380,B,#2,HOLDING,1.116A/B
32319,2026-06-03 23:21:11,27.1625,8.03,0.986,8.380,B,#2,HOLDING,1.295A/B
32320,2026-06-03 23:21:13,27.0875,8.03,0.986,8.380,B,#2,HOLDING,1.422A/B
32321,2026-06-03 23:21:15,27.0375,11.27,0.986,8.380,B,#2,HOLDING,1.569A/B
32322,2026-06-03 23:21:17,27.0000,11.27,1.465,17.892,B,#2,HOLDING,1.713A/B
32323,2026-06-03 23:21:19,27.0000,11.27,1.465,17.892,B,#2,HOLDING,1.897A/B
32324,2026-06-03 23:21:21,27.0000,11.27,1.465,17.892,B,#2,HOLDING,2.000A/B
32325,2026-06-03 23:21:23,27.0500,12.00,1.465,17.892,B,#2,HOLDING,1.500A/B
32326,2026-06-03 23:21:24,27.1250,12.00,1.458,17.268,B,#2,HOLDING,1.500A/B
32327,2026-06-03 23:21:27,27.1750,12.00,1.458,17.268,B,#2,HOLDING,2.003A/B
32328,2026-06-03 23:21:28,27.2250,12.00,1.458,17.268,B,#2,HOLDING,1.000A/B
32329,2026-06-03 23:21:30,27.3250,9.09,1.458,17.268,B,#2,HOLDING,1.000A/B
32330,2026-06-03 23:21:32,27.4500,9.09,1.000,9.200,B,#2,HOLDING,2.105A/B
32331,2026-06-03 23:21:34,27.5750,9.09,1.000,9.200,B,#2,HOLDING,2.000A/B
32332,2026-06-03 23:21:36,27.6750,9.09,1.000,9.200,B,#2,HOLDING,2.249A/B
32333,2026-06-03 23:21:38,27.8250,12.00,1.000,9.200,B,#2,HOLDING,1.500A/B
32334,2026-06-03 23:21:40,27.9250,12.00,1.392,16.512,B,#2,HOLDING,2.000A/B
32335,2026-06-03 23:21:42,28.0750,12.00,1.392,16.512,B,#2,HOLDING,1.500A/B
32336,2026-06-03 23:21:44,28.2000,12.00,1.392,16.512,B,#2,HOLDING,2.308A/B
32337,2026-06-03 23:21:46,28.3750,12.00,1.392,16.512,B,#2,HOLDING,2.386A/B
32338,2026-06-03 23:21:47,28.5000,12.00,1.363,16.176,B,#2,HOLDING,2.468A/B
32339,2026-06-03 23:21:50,28.6750,12.00,1.363,16.176,B,#2,HOLDING,2.566A/B
32340,2026-06-03 23:21:51,28.8000,12.00,1.363,16.176,B,#2,HOLDING,2.500A/B
32341,2026-06-03 23:21:53,28.9750,12.00,1.363,16.176,B,#2,HOLDING,2.500A/B
32342,2026-06-03 23:21:55,29.1125,12.00,1.339,15.900,B,#2,HOLDING,1.000A/B
32343,2026-06-03 23:21:57,29.2875,12.00,1.339,15.900,B,#2,HOLDING,2.500A/B
32344,2026-06-03 23:21:59,29.4250,12.00,1.339,15.900,B,#2,HOLDING,1.500A/B
32345,2026-06-03 23:22:01,29.5750,12.00,1.339,15.900,B,#2,HOLDING,1.500A/B
32346,2026-06-03 23:22:03,29.7375,12.00,1.325,15.708,B,#2,HOLDING,2.500A/B
32347,2026-06-03 23:22:05,29.8875,12.00,1.325,15.708,B,#2,HOLDING,2.500A/B
32348,2026-06-03 23:22:07,30.0500,12.00,1.325,15.708,B,#2,HOLDING,2.500A/B
32349,2026-06-03 23:22:09,30.2000,12.00,1.325,15.708,B,#2,HOLDING,2.525A/B
32350,2026-06-03 23:22:10,30.3625,12.00,1.309,15.540,B,#2,HOLDING,2.500A/B
32351,2026-06-03 23:22:13,30.5125,12.00,1.309,15.540,B,#2,HOLDING,2.500A/B
32352,2026-06-03 23:22:14,30.6750,12.00,1.309,15.540,B,#2,HOLDING,1.500A/B
32353,2026-06-03 23:22:16,30.8250,12.00,1.309,15.540,B,#3,APPROACH,2.500A/B
32354,2026-06-03 23:22:18,30.9875,12.00,1.298,15.540,OFF,#3,HOLDING,0.000A/OFF
32355,2026-06-03 23:22:19,31.1625,12.00,1.298,15.540,OFF,#3,HOLDING,0.000A/OFF
32356,2026-06-03 23:22:20,31.1625,12.00,1.298,0.000,OFF,#3,HOLDING,0.000A/OFF
32357,2026-06-03 23:22:21,31.3000,12.00,1.298,0.000,OFF,#3,HOLDING,0.000A/OFF
32358,2026-06-03 23:22:22,31.3000,12.00,1.298,0.000,OFF,#3,HOLDING,0.000A/OFF
32359,2026-06-03 23:22:23,31.4500,12.00,1.298,0.000,OFF,#3,HOLDING,0.000A/OFF
32360,2026-06-03 23:22:24,31.4500,12.00,1.298,0.000,OFF,#3,HOLDING,0.000A/OFF
32361,2026-06-03 23:22:25,31.6125,12.00,1.298,0.000,OFF,#3,HOLDING,0.000A/OFF
32362,2026-06-03 23:22:26,31.6125,12.00,0.000,0.000,OFF,#3,HOLDING,0.000A/OFF
32363,2026-06-03 23:22:27,31.7625,12.00,0.000,0.000,OFF,#3,HOLDING,0.000A/OFF
32364,2026-06-03 23:22:28,31.7625,12.00,0.000,0.000,OFF,#3,HOLDING,0.000A/OFF
32365,2026-06-03 23:22:29,31.8625,12.00,0.000,0.000,OFF,#3,HOLDING,0.000A/OFF
32366,2026-06-03 23:22:30,31.8625,12.00,0.000,0.000,OFF,#3,HOLDING,0.000A/OFF
32367,2026-06-03 23:22:31,31.9625,12.00,0.000,0.000,OFF,#3,HOLDING,0.000A/OFF
32368,2026-06-03 23:22:32,31.9625,12.00,0.000,0.000,OFF,#3,HOLDING,0.000A/OFF
32369,2026-06-03 23:22:33,32.0375,12.00,0.000,0.000,OFF,#3,HOLDING,0.000A/OFF
32370,2026-06-03 23:22:34,32.0375,12.00,0.000,0.000,OFF,#3,HOLDING,0.000A/OFF
32371,2026-06-03 23:22:35,32.0875,12.00,0.000,0.000,OFF,#3,HOLDING,0.000A/OFF
32372,2026-06-03 23:22:36,32.0875,12.00,0.000,0.000,OFF,#3,HOLDING,0.000A/OFF
32373,2026-06-03 23:22:37,32.1375,12.00,0.000,0.000,OFF,#3,HOLDING,0.000A/OFF
32374,2026-06-03 23:22:38,32.1875,12.00,0.000,0.000,OFF,#3,HOLDING,0.000A/OFF
32375,2026-06-03 23:22:39,32.1875,12.00,0.000,0.000,OFF,#3,HOLDING,0.000A/OFF
32376,2026-06-03 23:22:40,32.1875,12.00,0.000,0.000,OFF,#3,HOLDING,0.000A/OFF
32377,2026-06-03 23:22:41,32.1875,12.00,0.000,0.000,OFF,#3,HOLDING,0.000A/OFF
32378,2026-06-03 23:22:42,32.1875,12.00,0.000,0.000,OFF,#3,HOLDING,0.000A/OFF
32379,2026-06-03 23:22:43,32.1875,12.00,0.000,0.000,OFF,#3,HOLDING,0.000A/OFF
32380,2026-06-03 23:22:44,32.2125,12.00,0.000,0.000,OFF,#3,HOLDING,0.000A/OFF
32381,2026-06-03 23:22:45,32.2125,12.00,0.000,0.000,OFF,#3,HOLDING,0.000A/OFF
32382,2026-06-03 23:22:46,32.1875,12.00,0.000,0.000,OFF,#3,HOLDING,0.000A/OFF
32383,2026-06-03 23:22:47,32.1875,12.00,0.000,0.000,OFF,#3,HOLDING,0.000A/OFF
32384,2026-06-03 23:22:48,32.1875,12.00,0.000,0.000,OFF,#3,HOLDING,0.000A/OFF
32385,2026-06-03 23:22:50,32.1875,12.00,0.000,0.000,OFF,#3,HOLDING,0.000A/OFF
32386,2026-06-03 23:22:51,32.1375,12.00,0.000,0.000,OFF,#3,HOLDING,0.000A/OFF
32387,2026-06-03 23:22:52,32.1375,12.00,0.000,0.000,OFF,#3,HOLDING,0.000A/OFF
32388,2026-06-03 23:22:53,32.1875,12.00,0.000,0.000,OFF,#3,HOLDING,0.000A/OFF
32389,2026-06-03 23:22:54,32.1875,12.00,0.000,0.000,A,#3,HOLDING,0.113A/A
32390,2026-06-03 23:22:55,32.1375,12.00,0.000,0.000,A,#3,HOLDING,0.120A/A
32391,2026-06-03 23:22:57,32.0625,12.00,0.000,0.000,A,#3,HOLDING,0.111A/A
32392,2026-06-03 23:22:58,32.0375,0.45,0.000,0.000,A,#3,HOLDING,0.116A/A
32393,2026-06-03 23:23:00,32.0000,0.45,0.116,0.064,A,#3,HOLDING,0.125A/A
32394,2026-06-03 23:23:03,31.9500,0.45,0.116,0.064,A,#3,HOLDING,0.137A/A
32395,2026-06-03 23:23:04,31.8625,0.45,0.116,0.064,A,#3,HOLDING,0.133A/A
32396,2026-06-03 23:23:06,31.8125,0.77,0.116,0.064,A,#3,HOLDING,0.132A/A
32397,2026-06-03 23:23:08,31.7375,0.77,0.132,0.108,A,#3,HOLDING,0.126A/A
32398,2026-06-03 23:23:10,31.6625,0.77,0.132,0.108,A,#3,HOLDING,0.124A/A
32399,2026-06-03 23:23:12,31.5875,0.77,0.132,0.108,A,#3,HOLDING,0.113A/A
32400,2026-06-03 23:23:14,31.5125,0.67,0.132,0.108,A,#3,HOLDING,0.102A/A
32401,2026-06-03 23:23:16,31.4250,0.67,0.102,0.108,OFF,#3,HOLDING,0.000A/OFF
32402,2026-06-03 23:23:17,31.3000,0.67,0.102,0.062,OFF,#3,HOLDING,0.000A/OFF
32403,2026-06-03 23:23:18,31.3000,0.67,0.102,0.062,OFF,#3,HOLDING,0.000A/OFF
32404,2026-06-03 23:23:19,31.2125,0.67,0.102,0.062,OFF,#4,APPROACH,0.000A/OFF
32405,2026-06-03 23:23:20,31.2125,0.67,0.102,0.062,A,#4,APPROACH,0.355A/A
32406,2026-06-03 23:23:22,31.0875,2.88,0.102,0.062,A,#4,APPROACH,0.362A/A
32407,2026-06-03 23:23:24,30.9875,2.88,0.980,0.062,A,#4,APPROACH,0.390A/A
32408,2026-06-03 23:23:26,30.8875,2.88,0.980,1.392,A,#4,APPROACH,0.430A/A
32409,2026-06-03 23:23:28,30.7875,2.88,0.980,1.392,A,#4,APPROACH,0.468A/A
32410,2026-06-03 23:23:29,30.6625,2.88,0.980,1.392,A,#4,APPROACH,0.510A/A
32411,2026-06-03 23:23:31,30.5125,4.54,0.980,1.392,A,#4,APPROACH,0.566A/A
32412,2026-06-03 23:23:33,30.3375,4.54,0.553,2.880,A,#4,APPROACH,0.629A/A
32413,2026-06-03 23:23:35,30.1750,4.54,0.553,2.880,A,#4,APPROACH,0.729A/A
32414,2026-06-03 23:23:37,30.0000,4.54,0.553,2.880,A,#4,APPROACH,0.795A/A
32415,2026-06-03 23:23:39,29.8250,6.85,0.553,2.880,A,#4,APPROACH,0.884A/A
32416,2026-06-03 23:23:41,29.6250,6.85,0.858,6.771,A,#4,APPROACH,0.973A/A
32417,2026-06-03 23:23:43,29.4500,6.85,0.858,6.771,A,#4,APPROACH,1.000A/A
32418,2026-06-03 23:23:45,29.2500,6.85,0.858,6.771,A,#4,APPROACH,1.101A/A
32419,2026-06-03 23:23:46,29.1250,9.19,0.858,6.771,A,#4,APPROACH,1.227A/A
32420,2026-06-03 23:23:48,28.8750,9.19,1.196,12.564,A,#4,APPROACH,1.343A/A
32421,2026-06-03 23:23:51,28.7000,9.19,1.196,12.564,A,#4,APPROACH,1.500A/A
32422,2026-06-03 23:23:52,28.5000,9.19,1.196,12.564,A,#4,APPROACH,1.509A/A
32423,2026-06-03 23:23:54,28.3125,12.00,1.196,12.564,A,#4,APPROACH,1.657A/A
32424,2026-06-03 23:23:56,28.0625,12.00,1.492,17.772,A,#4,APPROACH,1.785A/A
32425,2026-06-03 23:23:58,27.8750,12.00,1.492,17.772,A,#4,APPROACH,1.952A/A
32426,2026-06-03 23:24:00,27.6250,12.00,1.492,17.772,A,#4,APPROACH,2.046A/A
32427,2026-06-03 23:24:02,27.4375,12.00,1.492,17.772,A,#4,APPROACH,2.162A/A
32428,2026-06-03 23:24:04,27.1875,12.00,1.467,17.436,A,#4,APPROACH,1.000A/A
32429,2026-06-03 23:24:06,26.9750,12.00,1.467,17.436,A,#4,APPROACH,1.500A/A
32430,2026-06-03 23:24:08,26.7250,12.00,1.467,17.436,A,#4,APPROACH,2.000A/A
32431,2026-06-03 23:24:10,26.5000,12.00,1.467,17.436,A,#4,APPROACH,2.174A/A
32432,2026-06-03 23:24:11,26.2500,12.00,1.447,17.220,A,#4,APPROACH,2.229A/A
32433,2026-06-03 23:24:14,26.0125,12.00,1.447,17.220,A,#4,APPROACH,1.500A/A
32434,2026-06-03 23:24:15,25.8125,12.00,1.447,17.220,A,#4,APPROACH,2.306A/A
32435,2026-06-03 23:24:17,25.5875,12.00,1.447,17.220,A,#4,APPROACH,2.000A/A
32436,2026-06-03 23:24:19,25.3125,12.00,1.431,17.028,A,#4,APPROACH,1.500A/A
32437,2026-06-03 23:24:21,25.1250,12.00,1.431,17.028,A,#4,HOLDING,2.281A/A
32438,2026-06-03 23:24:23,24.8750,12.00,1.431,17.028,OFF,#4,HOLDING,0.000A/OFF
32439,2026-06-03 23:24:24,24.6625,12.00,1.431,17.028,OFF,#4,HOLDING,0.000A/OFF
32440,2026-06-03 23:24:25,24.6625,12.00,1.431,17.028,OFF,#4,HOLDING,0.000A/OFF
32441,2026-06-03 23:24:26,24.4375,12.00,0.000,17.028,OFF,#4,HOLDING,0.000A/OFF
32442,2026-06-03 23:24:27,24.4375,12.00,0.000,0.000,OFF,#4,HOLDING,0.000A/OFF
32443,2026-06-03 23:24:28,24.2000,12.00,0.000,0.000,OFF,#4,HOLDING,0.000A/OFF
32444,2026-06-03 23:24:29,24.2000,12.00,0.000,0.000,OFF,#4,HOLDING,0.000A/OFF
32445,2026-06-03 23:24:30,24.0000,12.00,0.000,0.000,OFF,#4,HOLDING,0.000A/OFF
32446,2026-06-03 23:24:31,24.0000,12.00,0.000,0.000,OFF,#4,HOLDING,0.000A/OFF
32447,2026-06-03 23:24:32,23.8250,12.00,0.000,0.000,OFF,#4,HOLDING,0.000A/OFF
32448,2026-06-03 23:24:33,23.8250,12.00,0.000,0.000,OFF,#4,HOLDING,0.000A/OFF
32449,2026-06-03 23:24:34,23.6250,12.00,0.000,0.000,OFF,#4,HOLDING,0.000A/OFF
32450,2026-06-03 23:24:35,23.6250,12.00,0.000,0.000,OFF,#4,HOLDING,0.000A/OFF
32451,2026-06-03 23:24:36,23.4875,12.00,0.000,0.000,OFF,#4,HOLDING,0.000A/OFF
32452,2026-06-03 23:24:37,23.4875,12.00,0.000,0.000,OFF,#4,HOLDING,0.000A/OFF
32453,2026-06-03 23:24:38,23.3375,12.00,0.000,0.000,OFF,#4,HOLDING,0.000A/OFF
32454,2026-06-03 23:24:39,23.3375,12.00,0.000,0.000,OFF,#4,HOLDING,0.000A/OFF
32455,2026-06-03 23:24:40,23.2375,12.00,0.000,0.000,B,#4,HOLDING,0.124A/B
32456,2026-06-03 23:24:42,23.1125,12.00,0.000,0.000,B,#4,HOLDING,0.207A/B
32457,2026-06-03 23:24:44,23.0250,12.00,0.000,0.000,B,#4,HOLDING,0.258A/B
32458,2026-06-03 23:24:45,22.9500,1.79,0.000,0.000,B,#4,HOLDING,0.293A/B
32459,2026-06-03 23:24:47,22.8625,1.79,0.293,0.662,B,#4,HOLDING,0.344A/B
32460,2026-06-03 23:24:50,22.7875,1.79,0.293,0.662,B,#4,HOLDING,0.410A/B
32461,2026-06-03 23:24:51,22.7500,1.79,0.293,0.662,B,#4,HOLDING,0.454A/B
32462,2026-06-03 23:24:53,22.7000,3.59,0.293,0.662,B,#4,HOLDING,0.509A/B
32463,2026-06-03 23:24:55,22.6875,3.59,0.509,2.122,B,#4,HOLDING,0.561A/B
32464,2026-06-03 23:24:57,22.6375,3.59,0.509,2.122,B,#4,HOLDING,0.637A/B
32465,2026-06-03 23:24:59,22.6250,3.59,0.509,2.122,B,#4,HOLDING,0.685A/B
32466,2026-06-03 23:25:01,22.6250,5.56,0.509,2.122,B,#4,HOLDING,0.742A/B
32467,2026-06-03 23:25:03,22.6875,5.56,0.742,4.607,B,#4,HOLDING,0.786A/B
32468,2026-06-03 23:25:05,22.6875,5.56,0.742,4.607,B,#4,HOLDING,0.856A/B
32469,2026-06-03 23:25:07,22.7250,5.56,0.742,4.607,B,#4,HOLDING,0.898A/B
32470,2026-06-03 23:25:08,22.7750,7.38,0.742,4.607,B,#4,HOLDING,0.949A/B
32471,2026-06-03 23:25:10,22.8125,7.38,0.938,7.582,B,#4,HOLDING,0.994A/B
32472,2026-06-03 23:25:13,22.8625,7.38,0.938,7.582,B,#4,HOLDING,1.056A/B
32473,2026-06-03 23:25:14,22.9500,7.38,0.938,7.582,B,#4,HOLDING,1.000A/B
32474,2026-06-03 23:25:16,23.0500,8.40,0.938,7.582,B,#4,HOLDING,1.077A/B
32475,2026-06-03 23:25:18,23.1625,8.40,1.077,9.843,B,#4,HOLDING,1.102A/B
32476,2026-06-03 23:25:20,23.2625,8.40,1.077,9.843,B,#4,HOLDING,1.096A/B
32477,2026-06-03 23:25:22,23.3500,8.40,1.077,9.843,B,#4,HOLDING,1.000A/B
32478,2026-06-03 23:25:24,23.4500,8.63,1.077,9.843,B,#4,HOLDING,1.125A/B
32479,2026-06-03 23:25:26,23.6125,8.63,1.114,10.867,B,#4,HOLDING,1.139A/B
32480,2026-06-03 23:25:28,23.7625,8.63,1.114,10.867,B,#4,HOLDING,1.159A/B
32481,2026-06-03 23:25:30,23.8875,8.63,1.114,10.867,B,#4,HOLDING,1.165A/B
32482,2026-06-03 23:25:32,24.0625,9.92,1.114,10.867,B,#4,HOLDING,1.170A/B
32483,2026-06-03 23:25:33,24.2250,9.92,1.170,11.898,B,#4,HOLDING,1.165A/B
32484,2026-06-03 23:25:36,24.3750,9.92,1.170,11.898,B,#4,HOLDING,1.000A/B
32485,2026-06-03 23:25:37,24.4875,9.92,1.170,11.898,B,#4,HOLDING,1.163A/B
32486,2026-06-03 23:25:39,24.6875,10.07,1.170,11.898,B,#4,HOLDING,1.000A/B
32487,2026-06-03 23:25:41,24.8625,10.07,1.026,9.100,B,#4,HOLDING,1.134A/B
32488,2026-06-03 23:25:43,25.0375,10.07,1.026,9.100,B,#4,HOLDING,1.093A/B
32489,2026-06-03 23:25:45,25.2375,10.07,1.026,9.100,B,#4,HOLDING,1.000A/B
32490,2026-06-03 23:25:47,25.4375,9.13,1.026,9.100,B,#4,HOLDING,0.991A/B
32491,2026-06-03 23:25:49,25.6125,9.13,0.991,9.097,B,#4,HOLDING,0.925A/B
32492,2026-06-03 23:25:51,25.7625,9.13,0.991,9.097,B,#4,HOLDING,0.853A/B
32493,2026-06-03 23:25:53,25.9250,9.13,0.991,9.097,B,#4,HOLDING,0.790A/B
32494,2026-06-03 23:25:55,26.1250,7.66,0.991,9.097,B,#4,HOLDING,0.706A/B
32495,2026-06-03 23:25:56,26.3000,7.66,0.720,5.012,B,#4,HOLDING,0.613A/B
32496,2026-06-03 23:25:59,26.5000,7.66,0.720,5.012,B,#4,HOLDING,0.497A/B
32497,2026-06-03 23:26:00,26.6750,7.66,0.720,5.012,B,#4,HOLDING,0.407A/B
32498,2026-06-03 23:26:02,26.8750,4.64,0.720,5.012,B,#4,HOLDING,0.293A/B
32499,2026-06-03 23:26:04,27.0125,4.64,0.309,1.110,B,#4,HOLDING,0.184A/B
32500,2026-06-03 23:26:07,27.1875,4.64,0.309,1.110,OFF,#4,HOLDING,0.000A/OFF
32501,2026-06-03 23:26:08,27.1875,4.64,0.309,1.110,OFF,#4,HOLDING,0.000A/OFF
32502,2026-06-03 23:26:09,27.3000,4.64,0.309,1.110,OFF,#4,HOLDING,0.000A/OFF
32503,2026-06-03 23:26:10,27.3000,12.00,0.309,1.110,A,#4,HOLDING,0.106A/A
32504,2026-06-03 23:26:11,27.4500,12.00,0.000,0.018,A,#4,HOLDING,0.233A/A
32505,2026-06-03 23:26:14,27.7125,12.00,0.000,0.018,A,#4,HOLDING,0.413A/A
32506,2026-06-03 23:26:15,27.7125,12.00,0.000,0.018,A,#4,HOLDING,0.527A/A
32507,2026-06-03 23:26:17,27.8500,3.89,0.000,0.018,A,#4,HOLDING,0.672A/A
32508,2026-06-03 23:26:19,27.9500,3.89,0.598,3.541,A,#4,HOLDING,0.809A/A
32509,2026-06-03 23:26:21,28.0625,3.89,0.598,3.541,A,#4,HOLDING,1.001A/A
32510,2026-06-03 23:26:23,28.0625,3.89,0.598,3.541,A,#4,HOLDING,1.000A/A
32511,2026-06-03 23:26:25,28.1250,7.74,0.598,3.541,A,#4,HOLDING,1.122A/A
32512,2026-06-03 23:26:27,28.1250,7.74,1.059,9.929,A,#4,HOLDING,1.268A/A
32513,2026-06-03 23:26:29,28.1250,7.74,1.059,9.929,A,#4,HOLDING,1.000A/A
32514,2026-06-03 23:26:31,28.1250,7.74,1.059,9.929,A,#4,HOLDING,1.451A/A
32515,2026-06-03 23:26:33,28.0875,11.21,1.059,9.929,A,#4,HOLDING,1.000A/A
32516,2026-06-03 23:26:34,28.0125,11.21,1.142,8.320,A,#4,HOLDING,1.583A/A
32517,2026-06-03 23:26:37,27.8875,11.21,1.142,8.320,A,#4,HOLDING,1.500A/A
32518,2026-06-03 23:26:38,27.8875,11.21,1.142,8.320,A,#4,HOLDING,1.748A/A
32519,2026-06-03 23:26:40,27.7750,12.00,1.142,8.320,A,#4,HOLDING,1.873A/A
32520,2026-06-03 23:26:42,27.6500,12.00,1.520,18.048,A,#4,HOLDING,1.500A/A
32521,2026-06-03 23:26:44,27.3625,12.00,1.520,18.048,A,#4,HOLDING,1.969A/A
32522,2026-06-03 23:26:46,27.3625,12.00,1.520,18.048,A,#4,HOLDING,2.074A/A
32523,2026-06-03 23:26:48,27.2000,12.00,1.520,18.048,A,#4,HOLDING,2.000A/A
32524,2026-06-03 23:26:50,27.0250,12.00,1.484,17.652,A,#4,HOLDING,2.143A/A
32525,2026-06-03 23:26:52,26.6875,12.00,1.484,17.652,A,#4,HOLDING,2.217A/A
32526,2026-06-03 23:26:54,26.6875,12.00,1.484,17.652,A,#4,HOLDING,2.000A/A
32527,2026-06-03 23:26:56,26.5125,12.00,1.484,17.652,A,#4,HOLDING,2.000A/A
32528,2026-06-03 23:26:57,26.3125,12.00,1.455,17.328,A,#4,HOLDING,2.303A/A
32529,2026-06-03 23:27:00,25.9000,12.00,1.455,17.328,A,#4,HOLDING,2.000A/A
32530,2026-06-03 23:27:01,25.9000,12.00,1.455,17.328,A,#4,HOLDING,2.000A/A
32531,2026-06-03 23:27:03,25.7250,12.00,1.455,17.328,A,#4,HOLDING,1.000A/A
32532,2026-06-03 23:27:05,25.5000,12.00,1.119,9.090,A,#4,HOLDING,2.342A/A
32533,2026-06-03 23:27:08,25.0750,12.00,1.119,9.090,A,#4,HOLDING,1.500A/A
32534,2026-06-03 23:27:09,25.0750,12.00,1.119,9.090,A,#4,HOLDING,2.000A/A
32535,2026-06-03 23:27:11,24.8875,12.00,1.119,9.090,A,#4,HOLDING,1.000A/A
32536,2026-06-03 23:27:13,24.6625,12.00,1.128,9.140,A,#4,HOLDING,2.320A/A
32537,2026-06-03 23:27:15,24.2875,12.00,1.128,9.140,A,#4,HOLDING,2.298A/A
32538,2026-06-03 23:27:17,24.2875,12.00,1.128,9.140,A,#4,HOLDING,2.318A/A
32539,2026-06-03 23:27:19,24.1250,12.00,1.128,9.140,A,#4,HOLDING,1.000A/A
32540,2026-06-03 23:27:20,23.8750,12.00,1.094,9.170,A,#4,HOLDING,2.324A/A
32541,2026-06-03 23:27:23,23.5000,12.00,1.094,9.170,A,#5,APPROACH,1.000A/A
32542,2026-06-03 23:27:24,23.5000,12.00,1.094,9.170,B,#5,APPROACH,0.245A/B
32543,2026-06-03 23:27:26,23.3250,12.00,1.094,9.170,B,#5,APPROACH,0.291A/B
32544,2026-06-03 23:27:28,23.1250,6.91,1.094,9.170,B,#5,APPROACH,0.366A/B
32545,2026-06-03 23:27:30,22.8000,6.91,0.537,1.021,B,#5,APPROACH,0.486A/B
32546,2026-06-03 23:27:33,22.6750,6.91,0.537,1.021,B,#5,APPROACH,0.622A/B
32547,2026-06-03 23:27:34,22.5750,6.91,0.537,1.021,B,#5,APPROACH,0.727A/B
32548,2026-06-03 23:27:36,22.5750,5.70,0.537,1.021,B,#5,APPROACH,0.850A/B
32549,2026-06-03 23:27:38,22.5375,5.70,0.839,5.856,B,#5,APPROACH,0.997A/B
32550,2026-06-03 23:27:40,22.5000,5.70,0.839,5.856,B,#5,APPROACH,1.000A/B
32551,2026-06-03 23:27:42,22.5000,5.70,0.839,5.856,B,#5,APPROACH,1.209A/B
32552,2026-06-03 23:27:44,22.5000,9.43,0.839,5.856,B,#5,APPROACH,1.401A/B
32553,2026-06-03 23:27:46,22.5000,9.43,1.401,15.354,B,#5,APPROACH,1.605A/B
32554,2026-06-03 23:27:48,22.6000,9.43,1.401,15.354,B,#5,APPROACH,1.865A/B
32555,2026-06-03 23:27:50,22.6500,9.43,1.401,15.354,B,#5,APPROACH,2.038A/B
32556,2026-06-03 23:27:52,22.6500,12.00,1.401,15.354,B,#5,APPROACH,2.245A/B
32557,2026-06-03 23:27:53,22.7625,12.00,1.518,17.940,B,#5,APPROACH,1.500A/B
32558,2026-06-03 23:27:56,22.9875,12.00,1.518,17.940,B,#5,APPROACH,2.000A/B
32559,2026-06-03 23:27:57,23.1375,12.00,1.518,17.940,B,#5,APPROACH,2.410A/B
32560,2026-06-03 23:27:59,23.1375,12.00,1.518,17.940,B,#5,APPROACH,1.500A/B
32561,2026-06-03 23:28:01,23.3250,12.00,1.457,17.268,B,#5,APPROACH,1.500A/B
32562,2026-06-03 23:28:03,23.6750,12.00,1.457,17.268,B,#5,APPROACH,2.572A/B
32563,2026-06-03 23:28:05,23.8750,12.00,1.457,17.268,B,#5,APPROACH,2.692A/B
32564,2026-06-03 23:28:07,23.8750,12.00,1.457,17.268,B,#5,APPROACH,2.500A/B
32565,2026-06-03 23:28:09,24.0875,12.00,1.412,16.752,B,#5,APPROACH,1.500A/B
32566,2026-06-03 23:28:11,24.5000,12.00,1.412,16.752,B,#5,APPROACH,2.827A/B
32567,2026-06-03 23:28:13,24.7250,12.00,1.412,16.752,B,#5,APPROACH,2.917A/B
32568,2026-06-03 23:28:15,24.7250,12.00,1.412,16.752,B,#5,APPROACH,3.000A/B
32569,2026-06-03 23:28:16,24.9875,12.00,1.379,16.368,B,#5,APPROACH,1.000A/B
32570,2026-06-03 23:28:19,25.4625,12.00,1.379,16.368,B,#5,APPROACH,2.967A/B
32571,2026-06-03 23:28:20,25.6875,12.00,1.379,16.368,B,#5,APPROACH,2.000A/B
32572,2026-06-03 23:28:22,25.6875,12.00,1.379,16.368,B,#5,APPROACH,2.000A/B
32573,2026-06-03 23:28:24,25.9250,12.00,1.358,16.116,B,#5,APPROACH,1.500A/B
32574,2026-06-03 23:28:27,26.3625,12.00,1.358,16.116,B,#5,APPROACH,1.000A/B
32575,2026-06-03 23:28:28,26.6125,12.00,1.358,16.116,B,#5,APPROACH,2.000A/B
32576,2026-06-03 23:28:30,26.6125,12.00,1.358,16.116,B,#5,APPROACH,2.995A/B
32577,2026-06-03 23:28:32,26.8000,12.00,1.336,15.876,B,#5,APPROACH,2.500A/B
32578,2026-06-03 23:28:34,27.2375,12.00,1.336,15.876,B,#5,HOLDING,2.949A/B
32579,2026-06-03 23:28:36,27.4625,12.00,1.336,15.876,OFF,#5,HOLDING,0.000A/OFF
32580,2026-06-03 23:28:37,27.4625,12.00,1.336,15.876,OFF,#5,HOLDING,0.000A/OFF
32581,2026-06-03 23:28:38,27.6750,12.00,1.336,15.876,OFF,#5,HOLDING,0.000A/OFF
32582,2026-06-03 23:28:39,27.6750,12.00,0.000,15.876,OFF,#5,HOLDING,0.000A/OFF
32583,2026-06-03 23:28:40,27.9000,12.00,0.000,0.000,OFF,#5,HOLDING,0.000A/OFF
32584,2026-06-03 23:28:41,27.9000,12.00,0.000,0.000,OFF,#5,HOLDING,0.000A/OFF
32585,2026-06-03 23:28:42,28.1250,12.00,0.000,0.000,OFF,#5,HOLDING,0.000A/OFF
32586,2026-06-03 23:28:43,28.1250,12.00,0.000,0.000,OFF,#5,HOLDING,0.000A/OFF
32587,2026-06-03 23:28:44,28.3000,12.00,0.000,0.000,OFF,#5,HOLDING,0.000A/OFF
32588,2026-06-03 23:28:45,28.3000,12.00,0.000,0.000,OFF,#5,HOLDING,0.000A/OFF
32589,2026-06-03 23:28:46,28.4875,12.00,0.000,0.000,OFF,#5,HOLDING,0.000A/OFF
32590,2026-06-03 23:28:47,28.4875,12.00,0.000,0.000,OFF,#5,HOLDING,0.000A/OFF
32591,2026-06-03 23:28:48,28.6375,12.00,0.000,0.000,OFF,#5,HOLDING,0.000A/OFF
32592,2026-06-03 23:28:49,28.6375,12.00,0.000,0.000,OFF,#5,HOLDING,0.000A/OFF
32593,2026-06-03 23:28:50,28.7875,12.00,0.000,0.000,OFF,#5,HOLDING,0.000A/OFF
32594,2026-06-03 23:28:51,28.7875,12.00,0.000,0.000,OFF,#5,HOLDING,0.000A/OFF
32595,2026-06-03 23:28:52,28.8875,12.00,0.000,0.000,OFF,#5,HOLDING,0.000A/OFF
32596,2026-06-03 23:28:53,28.8875,12.00,0.000,0.000,OFF,#5,HOLDING,0.000A/OFF
32597,2026-06-03 23:28:54,29.0375,12.00,0.000,0.000,OFF,#5,HOLDING,0.000A/OFF
32598,2026-06-03 23:28:55,29.1375,12.00,0.000,0.000,OFF,#5,HOLDING,0.000A/OFF
32599,2026-06-03 23:28:56,29.1375,12.00,0.000,0.000,A,#5,HOLDING,0.109A/A
32600,2026-06-03 23:28:58,29.2250,12.00,0.053,0.000,A,#5,HOLDING,0.182A/A
32601,2026-06-03 23:29:00,29.3000,12.00,0.053,0.180,A,#5,HOLDING,0.216A/A
32602,2026-06-03 23:29:01,29.3500,12.00,0.053,0.180,A,#5,HOLDING,0.261A/A
32603,2026-06-03 23:29:03,29.4250,12.00,0.053,0.180,A,#5,HOLDING,0.304A/A
32604,2026-06-03 23:29:05,29.4750,2.16,0.053,0.180,A,#5,HOLDING,0.352A/A
32605,2026-06-03 23:29:07,29.5000,2.16,0.326,0.943,A,#5,HOLDING,0.398A/A
32606,2026-06-03 23:29:09,29.5500,2.16,0.326,0.943,A,#5,HOLDING,0.460A/A
32607,2026-06-03 23:29:11,29.5000,2.16,0.326,0.943,A,#5,HOLDING,0.489A/A
32608,2026-06-03 23:29:13,29.5125,3.91,0.326,0.943,A,#5,HOLDING,0.537A/A
32609,2026-06-03 23:29:14,29.5125,3.91,0.511,2.395,A,#5,HOLDING,0.581A/A
32610,2026-06-03 23:29:17,29.4875,3.91,0.511,2.395,A,#5,HOLDING,0.644A/A
32611,2026-06-03 23:29:18,29.4625,3.91,0.511,2.395,A,#5,HOLDING,0.680A/A
32612,2026-06-03 23:29:20,29.3750,5.66,0.511,2.395,A,#5,HOLDING,0.710A/A
32613,2026-06-03 23:29:22,29.3250,5.66,0.693,4.302,A,#5,HOLDING,0.746A/A
32614,2026-06-03 23:29:24,29.2375,5.66,0.693,4.302,A,#5,HOLDING,0.787A/A
32615,2026-06-03 23:29:26,29.1875,5.66,0.693,4.302,A,#5,HOLDING,0.770A/A
32616,2026-06-03 23:29:28,29.0625,6.58,0.693,4.302,A,#5,HOLDING,0.795A/A
32617,2026-06-03 23:29:30,28.9875,6.58,0.783,5.485,A,#5,HOLDING,0.823A/A
32618,2026-06-03 23:29:32,28.8625,6.58,0.783,5.485,A,#5,HOLDING,0.851A/A
32619,2026-06-03 23:29:34,28.7375,6.58,0.783,5.485,A,#5,HOLDING,0.867A/A
32620,2026-06-03 23:29:36,28.6375,7.45,0.783,5.485,A,#5,HOLDING,0.881A/A
32621,2026-06-03 23:29:37,28.5125,7.45,0.881,6.774,A,#5,HOLDING,0.891A/A
32622,2026-06-03 23:29:40,28.3375,7.45,0.881,6.774,A,#5,HOLDING,0.898A/A
32623,2026-06-03 23:29:41,28.1875,7.45,0.881,6.774,A,#5,HOLDING,0.891A/A
32624,2026-06-03 23:29:43,28.0750,7.69,0.881,6.774,A,#5,HOLDING,0.887A/A
32625,2026-06-03 23:29:45,27.8750,7.69,0.887,6.980,A,#5,HOLDING,0.869A/A
32626,2026-06-03 23:29:47,27.7625,7.69,0.887,6.980,A,#5,HOLDING,0.856A/A
32627,2026-06-03 23:29:49,27.5625,7.69,0.887,6.980,A,#5,HOLDING,0.824A/A
32628,2026-06-03 23:29:51,27.3875,7.36,0.887,6.980,A,#5,HOLDING,0.795A/A
32629,2026-06-03 23:29:53,27.2375,7.36,0.795,5.803,A,#5,HOLDING,0.753A/A
32630,2026-06-03 23:29:55,27.0750,7.36,0.795,5.803,A,#5,HOLDING,0.653A/A
32631,2026-06-03 23:29:57,26.9000,7.36,0.795,5.803,A,#5,HOLDING,0.599A/A
32632,2026-06-03 23:29:59,26.7625,5.71,0.795,5.803,A,#5,HOLDING,0.540A/A
32633,2026-06-03 23:30:00,26.5625,5.71,0.540,2.916,A,#5,HOLDING,0.461A/A
32634,2026-06-03 23:30:03,26.3875,5.71,0.540,2.916,A,#5,HOLDING,0.372A/A
32635,2026-06-03 23:30:04,26.2125,5.71,0.540,2.916,A,#5,HOLDING,0.293A/A
32636,2026-06-03 23:30:06,26.0500,3.29,0.540,2.916,A,#5,HOLDING,0.208A/A
32637,2026-06-03 23:30:08,25.9000,3.29,0.208,0.542,A,#5,HOLDING,0.113A/A
32638,2026-06-03 23:30:11,25.7375,3.29,0.208,0.542,OFF,#5,HOLDING,0.000A/OFF
32639,2026-06-03 23:30:12,25.7375,3.29,0.208,0.542,OFF,#5,HOLDING,0.000A/OFF
32640,2026-06-03 23:30:13,25.5875,3.29,0.208,0.542,B,#5,HOLDING,0.112A/B
32641,2026-06-03 23:30:14,25.4500,12.00,0.000,0.542,B,#5,HOLDING,0.229A/B
32642,2026-06-03 23:30:16,25.3000,12.00,0.000,0.389,B,#5,HOLDING,0.360A/B
32643,2026-06-03 23:30:18,25.2000,12.00,0.000,0.389,B,#5,HOLDING,0.443A/B
32644,2026-06-03 23:30:20,25.0500,12.00,0.000,0.389,B,#5,HOLDING,0.522A/B
32645,2026-06-03 23:30:21,24.9875,4.10,0.000,0.389,B,#5,HOLDING,0.644A/B
32646,2026-06-03 23:30:23,24.8875,4.10,0.631,3.393,B,#5,HOLDING,0.772A/B
32647,2026-06-03 23:30:26,24.8000,4.10,0.631,3.393,B,#5,HOLDING,0.935A/B
32648,2026-06-03 23:30:27,24.7250,4.10,0.631,3.393,B,#5,HOLDING,1.050A/B
32649,2026-06-03 23:30:29,24.6875,8.40,0.631,3.393,B,#5,HOLDING,1.183A/B
32650,2026-06-03 23:30:31,24.6375,8.40,1.148,11.297,B,#5,HOLDING,1.316A/B
32651,2026-06-03 23:30:33,24.6250,8.40,1.148,11.297,B,#5,HOLDING,1.485A/B
32652,2026-06-03 23:30:35,24.6250,8.40,1.148,11.297,B,#5,HOLDING,1.500A/B
32653,2026-06-03 23:30:37,24.6875,11.76,1.148,11.297,B,#5,HOLDING,1.592A/B
32654,2026-06-03 23:30:39,24.6875,11.76,1.514,17.964,B,#5,HOLDING,1.722A/B
32655,2026-06-03 23:30:41,24.7500,11.76,1.514,17.964,B,#5,HOLDING,1.881A/B
32656,2026-06-03 23:30:43,24.8000,11.76,1.514,17.964,B,#5,HOLDING,1.988A/B
32657,2026-06-03 23:30:45,24.9125,12.00,1.514,17.964,B,#5,HOLDING,1.000A/B
32658,2026-06-03 23:30:46,25.0125,12.00,1.232,8.900,B,#5,HOLDING,2.000A/B
32659,2026-06-03 23:30:49,25.1625,12.00,1.232,8.900,B,#5,HOLDING,2.000A/B
32660,2026-06-03 23:30:50,25.2875,12.00,1.232,8.900,B,#5,HOLDING,1.000A/B
32661,2026-06-03 23:30:52,25.4250,8.98,1.232,8.900,B,#5,HOLDING,2.039A/B
32662,2026-06-03 23:30:54,25.6000,8.98,1.210,16.896,B,#5,HOLDING,2.000A/B
32663,2026-06-03 23:30:56,25.7375,8.98,1.210,16.896,B,#5,HOLDING,1.000A/B
32664,2026-06-03 23:30:58,25.9125,8.98,1.210,16.896,B,#5,HOLDING,2.103A/B
32665,2026-06-03 23:31:00,26.0500,12.00,1.210,16.896,B,#5,HOLDING,2.179A/B
32666,2026-06-03 23:31:02,26.2500,12.00,1.392,16.512,B,#5,HOLDING,1.000A/B
32667,2026-06-03 23:31:04,26.4250,12.00,1.392,16.512,B,#5,HOLDING,2.230A/B
32668,2026-06-03 23:31:06,26.6250,12.00,1.392,16.512,B,#5,HOLDING,2.262A/B
32669,2026-06-03 23:31:08,26.8000,12.00,1.392,16.512,B,#5,HOLDING,2.310A/B
32670,2026-06-03 23:31:10,26.9500,12.00,1.368,16.200,B,#5,HOLDING,1.000A/B
32671,2026-06-03 23:31:12,27.1375,12.00,1.368,16.200,B,#5,HOLDING,2.000A/B
32672,2026-06-03 23:31:13,27.3125,12.00,1.368,16.200,B,#5,HOLDING,2.000A/B
32673,2026-06-03 23:31:15,27.4875,12.00,1.368,16.200,B,#5,HOLDING,2.290A/B
32674,2026-06-03 23:31:17,27.6875,12.00,1.348,15.972,B,#5,HOLDING,2.305A/B
32675,2026-06-03 23:31:20,27.8625,12.00,1.348,15.972,B,#5,HOLDING,1.000A/B
32676,2026-06-03 23:31:21,28.0625,12.00,1.348,15.972,B,#5,HOLDING,2.323A/B
32677,2026-06-03 23:31:23,28.2375,12.00,1.348,15.972,OFF,--,DONE,2.325A/B
32678,2026-06-03 23:31:25,28.4125,12.00,1.329,15.972,OFF,--,DONE,--
32679,2026-06-03 23:31:26,28.4125,12.00,1.329,0.000,OFF,--,DONE,--
32680,2026-06-03 23:31:27,28.5750,12.00,1.329,0.000,OFF,--,DONE,--
32681,2026-06-03 23:31:28,28.5750,1.15,0.000,0.000,OFF,--,DONE,--
32682,2026-06-03 23:31:29,28.7500,1.15,0.000,0.000,OFF,--,DONE,--
32683,2026-06-03 23:31:30,28.7500,1.15,0.000,0.000,OFF,--,DONE,--
32684,2026-06-03 23:31:31,28.9250,0.44,0.000,0.000,OFF,--,DONE,--
32685,2026-06-03 23:31:32,29.0750,0.44,0.000,0.000,OFF,--,DONE,--
32686,2026-06-03 23:31:33,29.0750,0.44,0.000,0.000,OFF,--,DONE,--
32687,2026-06-03 23:31:34,29.2375,0.44,0.000,0.000,OFF,--,DONE,--
32688,2026-06-03 23:31:35,29.2375,0.12,0.000,0.000,OFF,--,DONE,--
32689,2026-06-03 23:31:36,29.4125,0.12,0.000,0.000,OFF,--,DONE,--
32690,2026-06-03 23:31:37,29.4125,0.12,0.000,0.000,OFF,--,DONE,--
32691,2026-06-03 23:31:38,29.5500,0.12,0.000,0.000,OFF,--,DONE,--
32692,2026-06-03 23:31:39,29.5500,0.00,0.000,0.000,OFF,--,DONE,--
32693,2026-06-03 23:31:40,29.6750,0.00,0.000,0.000,OFF,--,DONE,--
32694,2026-06-03 23:31:42,29.6750,0.00,0.000,0.000,OFF,--,DONE,--
32695,2026-06-03 23:31:43,29.7875,0.00,0.000,0.000,OFF,--,DONE,--
32696,2026-06-03 23:31:44,29.7875,0.00,0.000,0.000,OFF,--,DONE,--
32697,2026-06-03 23:31:45,29.8625,0.00,0.000,0.000,OFF,--,DONE,--
32698,2026-06-03 23:31:46,29.8625,0.00,0.000,0.000,OFF,--,DONE,--
32699,2026-06-03 23:31:47,29.9375,0.00,0.000,0.000,OFF,--,DONE,--
32700,2026-06-03 23:31:48,29.9375,0.00,0.000,0.000,OFF,--,DONE,--
32701,2026-06-03 23:31:49,29.9875,0.00,0.000,0.000,OFF,--,DONE,--
32702,2026-06-03 23:31:50,29.9875,0.00,0.000,0.000,OFF,--,DONE,--
32703,2026-06-03 23:31:51,30.0125,0.00,0.000,0.000,OFF,--,DONE,--
32704,2026-06-03 23:31:52,30.0625,0.00,0.000,0.000,OFF,--,DONE,--
32705,2026-06-03 23:31:53,30.0625,0.00,0.000,0.000,OFF,--,DONE,--
32706,2026-06-03 23:31:54,30.1000,0.00,0.000,0.000,OFF,--,DONE,--
32707,2026-06-03 23:31:55,30.1000,0.00,0.000,0.000,OFF,--,DONE,--
32708,2026-06-03 23:31:56,30.1250,0.00,0.000,0.000,OFF,--,DONE,--
32709,2026-06-03 23:31:57,30.1250,0.00,0.000,0.000,OFF,--,DONE,--
32710,2026-06-03 23:31:58,30.1375,0.00,0.000,0.000,OFF,--,DONE,--
32711,2026-06-03 23:31:59,30.1375,0.00,0.000,0.000,OFF,--,DONE,--
32712,2026-06-03 23:32:00,30.1625,0.00,0.000,0.000,OFF,--,DONE,--
32713,2026-06-03 23:32:01,30.1625,0.00,0.000,0.000,OFF,--,DONE,--
32714,2026-06-03 23:32:02,30.1500,0.00,0.000,0.000,OFF,--,DONE,--
32715,2026-06-03 23:32:03,30.1500,0.00,0.000,0.000,OFF,--,DONE,--
32716,2026-06-03 23:32:04,30.1250,0.00,0.000,0.000,OFF,--,DONE,--
32717,2026-06-03 23:32:05,30.1250,0.00,0.000,0.000,OFF,--,DONE,--
32718,2026-06-03 23:32:06,30.1250,0.00,0.000,0.000,OFF,--,DONE,--
32719,2026-06-03 23:32:07,30.1000,0.00,0.000,0.000,OFF,--,DONE,--
32720,2026-06-03 23:32:08,30.1000,0.00,0.000,0.000,OFF,--,DONE,--
32721,2026-06-03 23:32:09,30.0625,0.00,0.000,0.000,OFF,--,DONE,--
32722,2026-06-03 23:32:10,30.0625,0.00,0.000,0.000,OFF,--,DONE,--
32723,2026-06-03 23:32:11,30.0125,0.00,0.000,0.000,OFF,--,DONE,--
32724,2026-06-03 23:32:12,30.0125,0.00,0.000,0.000,OFF,--,DONE,--
32725,2026-06-03 23:32:13,29.9875,0.00,0.000,0.000,OFF,--,DONE,--
32726,2026-06-03 23:32:14,29.9875,0.00,0.000,0.000,OFF,--,DONE,--
32727,2026-06-03 23:32:15,29.9375,0.00,0.000,0.000,OFF,--,DONE,--
32728,2026-06-03 23:32:16,29.9375,0.00,0.000,0.000,OFF,--,DONE,--
32729,2026-06-03 23:32:17,29.9250,0.00,0.000,0.000,OFF,--,DONE,--
32730,2026-06-03 23:32:18,29.9250,0.00,0.000,0.000,OFF,--,DONE,--
32731,2026-06-03 23:32:19,29.8250,0.00,0.000,0.000,OFF,--,DONE,--
32732,2026-06-03 23:32:20,29.8250,0.00,0.000,0.000,OFF,--,DONE,--
32733,2026-06-03 23:32:21,29.7750,0.00,0.000,0.000,OFF,--,DONE,--
32734,2026-06-03 23:32:22,29.7250,0.00,0.000,0.000,OFF,--,DONE,--
32735,2026-06-03 23:32:23,29.7250,0.00,0.000,0.000,OFF,--,DONE,--
32736,2026-06-03 23:32:24,29.6125,0.00,0.000,0.000,OFF,--,DONE,--
32737,2026-06-03 23:32:25,29.6125,0.00,0.000,0.000,OFF,--,DONE,--
32738,2026-06-03 23:32:27,29.5875,0.00,0.000,0.000,OFF,--,DONE,--
32739,2026-06-03 23:32:28,29.5875,0.00,0.000,0.000,OFF,--,DONE,--
32740,2026-06-03 23:32:29,29.4625,0.00,0.000,0.000,OFF,--,DONE,--
32741,2026-06-03 23:32:30,29.4625,0.00,0.000,0.000,OFF,--,DONE,--
32742,2026-06-03 23:32:31,29.3875,0.00,0.000,0.000,OFF,--,DONE,--
32743,2026-06-03 23:32:32,29.3875,0.00,0.000,0.000,OFF,--,DONE,--
32744,2026-06-03 23:32:33,29.3000,0.00,0.000,0.000,OFF,--,DONE,--
32745,2026-06-03 23:32:34,29.3000,0.00,0.000,0.000,OFF,--,DONE,--
32746,2026-06-03 23:32:35,29.2000,0.00,0.000,0.000,OFF,--,DONE,--
32747,2026-06-03 23:32:36,29.2000,0.00,0.000,0.000,OFF,--,DONE,--
32748,2026-06-03 23:32:37,29.1500,0.00,0.000,0.000,OFF,--,DONE,--
32749,2026-06-03 23:32:38,29.0500,0.00,0.000,0.000,OFF,--,DONE,--
32750,2026-06-03 23:32:39,29.0500,0.00,0.000,0.000,OFF,--,DONE,--
32751,2026-06-03 23:32:40,28.9875,0.00,0.000,0.000,OFF,--,DONE,--
32752,2026-06-03 23:32:41,28.9875,0.00,0.000,0.000,OFF,--,DONE,--
32753,2026-06-03 23:32:42,28.8875,0.00,0.000,0.000,OFF,--,DONE,--
32754,2026-06-03 23:32:43,28.8875,0.00,0.000,0.000,OFF,--,DONE,--
32755,2026-06-03 23:32:44,28.8000,0.00,0.000,0.000,OFF,--,DONE,--
32756,2026-06-03 23:32:45,28.8000,0.00,0.000,0.000,OFF,--,DONE,--
32757,2026-06-03 23:32:46,28.7000,0.00,0.000,0.000,OFF,--,DONE,--
32758,2026-06-03 23:32:47,28.7000,0.00,0.000,0.000,A,#1,APPROACH,3.000A/A
32759,2026-06-03 23:32:49,28.6125,0.00,0.000,0.000,A,#1,APPROACH,2.000A/A
32760,2026-06-03 23:32:50,28.5375,0.00,0.000,0.000,A,#1,APPROACH,2.025A/A
32761,2026-06-03 23:32:52,28.4625,0.00,0.000,0.000,A,#1,APPROACH,1.000A/A
32762,2026-06-03 23:32:54,28.3875,10.09,1.000,0.000,A,#1,APPROACH,1.732A/A
32763,2026-06-03 23:32:56,28.3000,10.09,1.000,18.372,A,#1,APPROACH,1.000A/A
32764,2026-06-03 23:32:58,28.1750,10.09,1.000,18.372,A,#1,APPROACH,2.000A/A
32765,2026-06-03 23:32:59,28.0250,10.09,1.000,18.372,A,#1,APPROACH,1.000A/A
32766,2026-06-03 23:33:01,27.8750,8.49,1.000,18.372,A,#1,APPROACH,1.000A/A
32767,2026-06-03 23:33:03,27.7250,8.49,1.000,8.660,A,#1,APPROACH,2.201A/A
32768,2026-06-03 23:33:05,27.5500,8.49,1.000,8.660,A,#1,APPROACH,1.000A/A
32769,2026-06-03 23:33:07,27.3875,8.49,1.000,8.660,A,#1,APPROACH,2.139A/A
32770,2026-06-03 23:33:09,27.1875,12.00,1.000,8.660,A,#1,APPROACH,1.500A/A
32771,2026-06-03 23:33:11,27.0125,12.00,1.488,17.676,A,#1,APPROACH,1.000A/A
32772,2026-06-03 23:33:13,26.8125,12.00,1.488,17.676,A,#1,APPROACH,1.000A/A
32773,2026-06-03 23:33:14,26.6375,12.00,1.488,17.676,A,#1,APPROACH,2.053A/A
32774,2026-06-03 23:33:16,26.4375,12.00,1.488,17.676,A,#1,APPROACH,1.000A/A
32775,2026-06-03 23:33:18,26.2250,12.00,1.208,8.920,A,#1,APPROACH,1.000A/A
32776,2026-06-03 23:33:21,26.0500,12.00,1.208,8.920,A,#1,APPROACH,2.428A/A
32777,2026-06-03 23:33:22,25.8250,12.00,1.208,8.920,A,#1,APPROACH,2.000A/A
32778,2026-06-03 23:33:24,25.6500,12.00,1.208,8.920,A,#1,APPROACH,1.500A/A
32779,2026-06-03 23:33:26,25.4375,12.00,1.454,17.304,A,#1,APPROACH,2.000A/A
32780,2026-06-03 23:33:28,25.1875,12.00,1.454,17.304,A,#1,APPROACH,1.000A/A
32781,2026-06-03 23:33:30,25.0125,12.00,1.454,17.304,A,#1,APPROACH,1.000A/A
32782,2026-06-03 23:33:32,24.8125,8.91,1.454,17.304,A,#1,APPROACH,1.000A/A
32783,2026-06-03 23:33:34,24.6000,8.91,1.000,9.120,A,#1,APPROACH,1.755A/A
32784,2026-06-03 23:33:36,24.4000,8.91,1.000,9.120,A,#1,APPROACH,1.000A/A
32785,2026-06-03 23:33:38,24.2250,8.91,1.000,9.120,A,#1,APPROACH,1.000A/A
32786,2026-06-03 23:33:39,24.0000,8.98,1.000,9.120,A,#1,APPROACH,1.791A/A
32787,2026-06-03 23:33:41,23.8000,8.98,1.436,17.124,A,#1,APPROACH,1.872A/A
32788,2026-06-03 23:33:44,23.6250,8.98,1.436,17.124,A,#1,APPROACH,1.987A/A
32789,2026-06-03 23:33:45,23.4500,8.98,1.436,17.124,A,#1,APPROACH,2.000A/A
32790,2026-06-03 23:33:47,23.2500,12.00,1.436,17.124,A,#1,APPROACH,2.044A/A
32791,2026-06-03 23:33:49,23.0750,12.00,1.425,16.992,A,#1,APPROACH,1.000A/A
32792,2026-06-03 23:33:51,22.8750,12.00,1.425,16.992,A,#1,APPROACH,2.081A/A
32793,2026-06-03 23:33:53,22.7000,12.00,1.425,16.992,A,#1,APPROACH,2.113A/A
32794,2026-06-03 23:33:55,22.5000,12.00,1.425,16.992,A,#1,APPROACH,1.000A/A
32795,2026-06-03 23:33:57,22.3250,12.00,1.036,9.230,A,#1,APPROACH,1.000A/A
32796,2026-06-03 23:33:59,22.1500,12.00,1.036,9.230,A,#1,HOLDING,1.000A/A
32797,2026-06-03 23:34:01,21.9875,12.00,1.036,9.230,OFF,#1,HOLDING,0.000A/OFF
32798,2026-06-03 23:34:02,21.9875,12.00,1.036,9.230,OFF,#1,HOLDING,0.000A/OFF
32799,2026-06-03 23:34:03,21.8125,12.00,1.036,9.230,OFF,#1,HOLDING,0.000A/OFF
32800,2026-06-03 23:34:04,21.8125,12.00,0.000,9.230,OFF,#1,HOLDING,0.000A/OFF
32801,2026-06-03 23:34:05,21.6375,12.00,0.000,0.000,OFF,#1,HOLDING,0.000A/OFF
32802,2026-06-03 23:34:06,21.6375,12.00,0.000,0.000,OFF,#1,HOLDING,0.000A/OFF
32803,2026-06-03 23:34:07,21.4875,12.00,0.000,0.000,OFF,#1,HOLDING,0.000A/OFF
32804,2026-06-03 23:34:08,21.4875,12.00,0.000,0.000,OFF,#1,HOLDING,0.000A/OFF
32805,2026-06-03 23:34:09,21.3625,12.00,0.000,0.000,OFF,#1,HOLDING,0.000A/OFF
32806,2026-06-03 23:34:10,21.3625,12.00,0.000,0.000,OFF,#1,HOLDING,0.000A/OFF
32807,2026-06-03 23:34:11,21.2375,12.00,0.000,0.000,OFF,#1,HOLDING,0.000A/OFF
32808,2026-06-03 23:34:12,21.2375,12.00,0.000,0.000,OFF,#1,HOLDING,0.000A/OFF
32809,2026-06-03 23:34:13,21.1500,12.00,0.000,0.000,OFF,#1,HOLDING,0.000A/OFF
32810,2026-06-03 23:34:14,21.1500,12.00,0.000,0.000,OFF,#1,HOLDING,0.000A/OFF
32811,2026-06-03 23:34:15,21.0750,12.00,0.000,0.000,OFF,#1,HOLDING,0.000A/OFF
32812,2026-06-03 23:34:16,21.0750,12.00,0.000,0.000,OFF,#1,HOLDING,0.000A/OFF
32813,2026-06-03 23:34:17,21.0125,12.00,0.000,0.000,OFF,#1,HOLDING,0.000A/OFF
32814,2026-06-03 23:34:18,20.9375,12.00,0.000,0.000,OFF,#1,HOLDING,0.000A/OFF
32815,2026-06-03 23:34:19,20.9375,12.00,0.000,0.000,OFF,#1,HOLDING,0.000A/OFF
32816,2026-06-03 23:34:20,20.8750,12.00,0.000,0.000,OFF,#1,HOLDING,0.000A/OFF
32817,2026-06-03 23:34:21,20.8750,12.00,0.000,0.000,OFF,#1,HOLDING,0.000A/OFF
32818,2026-06-03 23:34:22,20.8750,12.00,0.000,0.000,OFF,#1,HOLDING,0.000A/OFF
32819,2026-06-03 23:34:23,20.8750,12.00,0.000,0.000,OFF,#1,HOLDING,0.000A/OFF
32820,2026-06-03 23:34:24,20.8375,12.00,0.000,0.000,OFF,#1,HOLDING,0.000A/OFF
32821,2026-06-03 23:34:25,20.8375,12.00,0.000,0.000,OFF,#1,HOLDING,0.000A/OFF
32822,2026-06-03 23:34:26,20.8125,12.00,0.000,0.000,OFF,#1,HOLDING,0.000A/OFF
32823,2026-06-03 23:34:27,20.8125,12.00,0.000,0.000,OFF,#1,HOLDING,0.000A/OFF
32824,2026-06-03 23:34:28,20.8125,12.00,0.000,0.000,OFF,#1,HOLDING,0.000A/OFF
32825,2026-06-03 23:34:29,20.8125,12.00,0.000,0.000,OFF,#1,HOLDING,0.000A/OFF
32826,2026-06-03 23:34:30,20.8125,12.00,0.000,0.000,OFF,#1,HOLDING,0.000A/OFF
32827,2026-06-03 23:34:31,20.8125,12.00,0.000,0.000,OFF,#1,HOLDING,0.000A/OFF
32828,2026-06-03 23:34:32,20.7875,12.00,0.000,0.000,OFF,#1,HOLDING,0.000A/OFF
32829,2026-06-03 23:34:33,20.7875,12.00,0.000,0.000,OFF,#1,HOLDING,0.000A/OFF
32830,2026-06-03 23:34:34,20.8125,12.00,0.000,0.000,B,#1,HOLDING,0.101A/B
32831,2026-06-03 23:34:36,20.8125,12.00,0.000,0.000,B,#1,HOLDING,0.115A/B
32832,2026-06-03 23:34:38,20.8375,12.00,0.000,0.090,B,#1,HOLDING,0.130A/B
32833,2026-06-03 23:34:39,20.8500,12.00,0.000,0.090,B,#1,HOLDING,0.147A/B
32834,2026-06-03 23:34:41,20.8750,12.00,0.000,0.090,B,#1,HOLDING,0.158A/B
32835,2026-06-03 23:34:43,20.8750,1.19,0.000,0.090,B,#1,HOLDING,0.177A/B
32836,2026-06-03 23:34:45,20.8875,1.19,0.177,0.254,B,#1,HOLDING,0.192A/B
32837,2026-06-03 23:34:47,20.9375,1.19,0.177,0.254,B,#1,HOLDING,0.208A/B
32838,2026-06-03 23:34:49,20.9625,1.19,0.177,0.254,B,#1,HOLDING,0.217A/B
32839,2026-06-03 23:34:50,20.9625,1.81,0.177,0.254,B,#1,HOLDING,0.230A/B
32840,2026-06-03 23:34:52,21.0375,1.81,0.230,0.455,B,#1,HOLDING,0.237A/B
32841,2026-06-03 23:34:55,21.1250,1.81,0.230,0.455,B,#1,HOLDING,0.241A/B
32842,2026-06-03 23:34:56,21.1500,1.81,0.230,0.455,B,#1,HOLDING,0.243A/B
32843,2026-06-03 23:34:58,21.1500,2.12,0.230,0.455,B,#1,HOLDING,0.256A/B
32844,2026-06-03 23:35:00,21.2000,2.12,0.256,0.586,B,#2,APPROACH,0.261A/B
32845,2026-06-03 23:35:02,21.3125,2.12,0.256,0.586,B,#2,APPROACH,0.162A/B
32846,2026-06-03 23:35:04,21.3875,2.12,0.256,0.586,B,#2,APPROACH,0.178A/B
32847,2026-06-03 23:35:07,21.4500,2.12,0.256,0.586,B,#2,APPROACH,0.218A/B
32848,2026-06-03 23:35:09,21.5250,7.38,0.218,0.586,B,#2,APPROACH,0.269A/B
32849,2026-06-03 23:35:11,21.5750,7.38,0.218,0.734,B,#2,APPROACH,0.333A/B
32850,2026-06-03 23:35:12,21.6500,7.38,0.218,0.734,B,#2,APPROACH,0.390A/B
32851,2026-06-03 23:35:14,21.7250,7.38,0.218,0.734,B,#2,APPROACH,0.456A/B
32852,2026-06-03 23:35:16,21.8000,4.17,0.218,0.734,B,#2,APPROACH,0.539A/B
32853,2026-06-03 23:35:17,21.8000,4.17,0.539,2.668,B,#2,APPROACH,0.637A/B
32854,2026-06-03 23:35:20,21.9500,4.17,0.539,2.668,B,#2,APPROACH,0.733A/B
32855,2026-06-03 23:35:21,22.0750,4.17,0.539,2.668,B,#2,APPROACH,0.788A/B
32856,2026-06-03 23:35:23,22.1750,6.77,0.539,2.668,B,#2,APPROACH,0.848A/B
32857,2026-06-03 23:35:25,22.1750,6.77,0.848,6.275,B,#2,APPROACH,0.935A/B
32858,2026-06-03 23:35:28,22.3500,6.77,0.848,6.275,B,#2,APPROACH,1.000A/B
32859,2026-06-03 23:35:29,22.4500,6.77,0.848,6.275,B,#2,APPROACH,1.009A/B
32860,2026-06-03 23:35:31,22.5750,8.51,0.848,6.275,B,#2,APPROACH,1.052A/B
32861,2026-06-03 23:35:33,22.5750,8.51,1.052,9.489,B,#2,APPROACH,1.126A/B
32862,2026-06-03 23:35:35,22.8000,8.51,1.052,9.489,B,#2,APPROACH,1.176A/B
32863,2026-06-03 23:35:37,22.9125,8.51,1.052,9.489,B,#2,APPROACH,1.211A/B
32864,2026-06-03 23:35:39,23.0625,10.11,1.052,9.489,B,#2,APPROACH,1.231A/B
32865,2026-06-03 23:35:41,23.1750,10.11,1.231,12.863,B,#2,APPROACH,1.000A/B
32866,2026-06-03 23:35:43,23.3500,10.11,1.231,12.863,B,#2,HOLDING,1.000A/B
32867,2026-06-03 23:35:45,23.4875,10.11,1.231,12.863,OFF,#2,HOLDING,0.000A/OFF
32868,2026-06-03 23:35:46,23.4875,10.11,1.231,12.863,OFF,#2,HOLDING,0.000A/OFF
32869,2026-06-03 23:35:47,23.6875,12.00,1.231,12.863,OFF,#2,HOLDING,0.000A/OFF
32870,2026-06-03 23:35:48,23.6875,12.00,0.000,12.863,OFF,#2,HOLDING,0.000A/OFF
32871,2026-06-03 23:35:49,23.8375,12.00,0.000,0.000,OFF,#2,HOLDING,0.000A/OFF
32872,2026-06-03 23:35:50,23.8375,12.00,0.000,0.000,OFF,#2,HOLDING,0.000A/OFF
32873,2026-06-03 23:35:51,24.0125,12.00,0.000,0.000,OFF,#2,HOLDING,0.000A/OFF
32874,2026-06-03 23:35:52,24.0125,12.00,0.000,0.000,OFF,#2,HOLDING,0.000A/OFF
32875,2026-06-03 23:35:53,24.1500,12.00,0.000,0.000,OFF,#2,HOLDING,0.000A/OFF
32876,2026-06-03 23:35:54,24.1500,12.00,0.000,0.000,OFF,#2,HOLDING,0.000A/OFF
32877,2026-06-03 23:35:55,24.2750,12.00,0.000,0.000,OFF,#2,HOLDING,0.000A/OFF
32878,2026-06-03 23:35:56,24.2750,12.00,0.000,0.000,OFF,#2,HOLDING,0.000A/OFF
32879,2026-06-03 23:35:57,24.4125,12.00,0.000,0.000,OFF,#2,HOLDING,0.000A/OFF
32880,2026-06-03 23:35:58,24.4125,12.00,0.000,0.000,OFF,#2,HOLDING,0.000A/OFF
32881,2026-06-03 23:35:59,24.5125,12.00,0.000,0.000,OFF,#2,HOLDING,0.000A/OFF
32882,2026-06-03 23:36:00,24.5125,12.00,0.000,0.000,OFF,#2,HOLDING,0.000A/OFF
32883,2026-06-03 23:36:01,24.6125,12.00,0.000,0.000,OFF,#2,HOLDING,0.000A/OFF
32884,2026-06-03 23:36:02,24.7375,12.00,0.000,0.000,OFF,#2,HOLDING,0.000A/OFF
32885,2026-06-03 23:36:03,24.7375,12.00,0.000,0.000,OFF,#2,HOLDING,0.000A/OFF
32886,2026-06-03 23:36:04,24.8375,12.00,0.000,0.000,OFF,#2,HOLDING,0.000A/OFF
32887,2026-06-03 23:36:05,24.8375,12.00,0.000,0.000,OFF,#2,HOLDING,0.000A/OFF
32888,2026-06-03 23:36:06,24.9125,12.00,0.000,0.000,OFF,#2,HOLDING,0.000A/OFF
32889,2026-06-03 23:36:07,24.9125,12.00,0.000,0.000,OFF,#2,HOLDING,0.000A/OFF
32890,2026-06-03 23:36:08,24.9500,12.00,0.000,0.000,OFF,#2,HOLDING,0.000A/OFF
32891,2026-06-03 23:36:09,24.9500,12.00,0.000,0.000,OFF,#2,HOLDING,0.000A/OFF
32892,2026-06-03 23:36:10,25.0500,12.00,0.000,0.000,OFF,#2,HOLDING,0.000A/OFF
32893,2026-06-03 23:36:11,25.0500,12.00,0.000,0.000,A,#2,HOLDING,0.110A/A
32894,2026-06-03 23:36:13,25.1000,0.85,0.000,0.000,A,#2,HOLDING,0.149A/A
32895,2026-06-03 23:36:14,25.1500,0.85,0.149,0.180,A,#2,HOLDING,0.172A/A
32896,2026-06-03 23:36:17,25.1875,0.85,0.149,0.180,A,#2,HOLDING,0.221A/A
32897,2026-06-03 23:36:18,25.2125,0.85,0.149,0.180,A,#2,HOLDING,0.303A/A
32898,2026-06-03 23:36:20,25.2500,2.63,0.149,0.180,A,#2,HOLDING,0.344A/A
32899,2026-06-03 23:36:22,25.2750,2.63,0.344,1.062,A,#2,HOLDING,0.383A/A
32900,2026-06-03 23:36:25,25.3125,2.63,0.344,1.062,A,#2,HOLDING,0.436A/A
32901,2026-06-03 23:36:26,25.2625,2.63,0.344,1.062,A,#2,HOLDING,0.458A/A
32902,2026-06-03 23:36:28,25.2500,4.02,0.344,1.062,A,#2,HOLDING,0.493A/A
32903,2026-06-03 23:36:30,25.2500,4.02,0.493,2.198,A,#2,HOLDING,0.529A/A
32904,2026-06-03 23:36:32,25.2500,4.02,0.493,2.198,A,#2,HOLDING,0.584A/A
32905,2026-06-03 23:36:34,25.2000,4.02,0.493,2.198,A,#2,HOLDING,0.609A/A
32906,2026-06-03 23:36:36,25.1750,5.37,0.493,2.198,A,#2,HOLDING,0.593A/A
32907,2026-06-03 23:36:38,25.1000,5.37,0.593,3.196,A,#2,HOLDING,0.619A/A
32908,2026-06-03 23:36:40,25.0625,5.37,0.593,3.196,A,#2,HOLDING,0.662A/A
32909,2026-06-03 23:36:42,25.0125,5.37,0.593,3.196,A,#2,HOLDING,0.685A/A
32910,2026-06-03 23:36:43,24.9625,6.08,0.593,3.196,A,#2,HOLDING,0.716A/A
32911,2026-06-03 23:36:45,24.8625,6.08,0.716,4.639,A,#2,HOLDING,0.735A/A
32912,2026-06-03 23:36:48,24.7750,6.08,0.716,4.639,A,#2,HOLDING,0.761A/A
32913,2026-06-03 23:36:49,24.7000,6.08,0.716,4.639,A,#2,HOLDING,0.774A/A
32914,2026-06-03 23:36:51,24.6125,6.88,0.716,4.639,A,#2,HOLDING,0.790A/A
32915,2026-06-03 23:36:53,24.5125,6.88,0.790,5.648,A,#2,HOLDING,0.799A/A
32916,2026-06-03 23:36:55,24.4125,6.88,0.790,5.648,A,#2,HOLDING,0.810A/A
32917,2026-06-03 23:36:57,24.3375,6.88,0.790,5.648,A,#2,HOLDING,0.815A/A
32918,2026-06-03 23:36:59,24.2125,7.31,0.790,5.648,A,#3,APPROACH,0.813A/A
32919,2026-06-03 23:37:01,24.1125,7.31,0.813,5.648,OFF,#3,APPROACH,0.000A/OFF
32920,2026-06-03 23:37:02,24.0125,7.31,0.813,0.000,OFF,#3,APPROACH,0.130A/B
32921,2026-06-03 23:37:04,23.8625,7.31,0.813,0.000,B,#3,APPROACH,0.202A/B
32922,2026-06-03 23:37:06,23.7750,7.31,0.813,0.000,B,#3,APPROACH,0.283A/B
32923,2026-06-03 23:37:08,23.6750,7.31,0.813,0.000,B,#3,APPROACH,0.337A/B
32924,2026-06-03 23:37:09,23.5500,7.59,0.337,0.000,B,#3,APPROACH,0.405A/B
32925,2026-06-03 23:37:11,23.4750,7.59,0.337,1.425,B,#3,APPROACH,0.480A/B
32926,2026-06-03 23:37:13,23.4750,7.59,0.337,1.425,B,#3,APPROACH,0.530A/B
32927,2026-06-03 23:37:14,23.4000,7.59,0.337,1.425,B,#3,APPROACH,0.592A/B
32928,2026-06-03 23:37:16,23.3750,4.99,0.337,1.425,B,#3,APPROACH,0.664A/B
32929,2026-06-03 23:37:18,23.3750,4.99,0.664,3.811,B,#3,APPROACH,0.739A/B
32930,2026-06-03 23:37:20,23.3500,4.99,0.664,3.811,B,#3,APPROACH,0.831A/B
32931,2026-06-03 23:37:22,23.3500,4.99,0.664,3.811,B,#3,APPROACH,0.894A/B
32932,2026-06-03 23:37:24,23.3500,7.47,0.664,3.811,B,#3,APPROACH,0.970A/B
32933,2026-06-03 23:37:26,23.3750,7.47,0.970,7.954,B,#3,APPROACH,1.039A/B
32934,2026-06-03 23:37:28,23.4250,7.47,0.970,7.954,B,#3,APPROACH,1.000A/B
32935,2026-06-03 23:37:30,23.4375,7.47,0.970,7.954,B,#3,APPROACH,1.125A/B
32936,2026-06-03 23:37:31,23.4875,9.34,0.970,7.954,B,#3,APPROACH,1.191A/B
32937,2026-06-03 23:37:33,23.5625,9.34,1.191,11.850,B,#3,APPROACH,1.250A/B
32938,2026-06-03 23:37:36,23.6375,9.34,1.191,11.850,B,#3,APPROACH,1.326A/B
32939,2026-06-03 23:37:37,23.7250,9.34,1.191,11.850,B,#3,APPROACH,1.370A/B
32940,2026-06-03 23:37:39,23.8250,11.20,1.191,11.850,B,#3,APPROACH,1.422A/B
32941,2026-06-03 23:37:41,23.9500,11.20,1.422,16.808,B,#3,APPROACH,1.463A/B
32942,2026-06-03 23:37:43,24.0750,11.20,1.422,16.808,B,#3,APPROACH,1.520A/B
32943,2026-06-03 23:37:45,24.1750,11.20,1.422,16.808,B,#3,APPROACH,1.000A/B
32944,2026-06-03 23:37:47,24.3250,8.96,1.422,16.808,B,#3,APPROACH,1.543A/B
32945,2026-06-03 23:37:49,24.4875,8.96,1.427,16.944,B,#3,HOLDING,1.500A/B
32946,2026-06-03 23:37:51,24.6375,8.96,1.427,16.944,OFF,#3,HOLDING,0.000A/OFF
32947,2026-06-03 23:37:52,24.8000,8.96,1.427,16.944,OFF,#3,HOLDING,0.000A/OFF
32948,2026-06-03 23:37:53,24.8000,8.96,1.427,16.944,OFF,#3,HOLDING,0.000A/OFF
32949,2026-06-03 23:37:54,24.9500,8.96,1.427,16.944,OFF,#3,HOLDING,0.000A/OFF
32950,2026-06-03 23:37:55,24.9500,12.00,0.000,16.944,OFF,#3,HOLDING,0.000A/OFF
32951,2026-06-03 23:37:56,25.1500,12.00,0.000,16.944,OFF,#3,HOLDING,0.000A/OFF
32952,2026-06-03 23:37:57,25.3750,12.00,0.000,0.000,OFF,#3,HOLDING,0.000A/OFF
32953,2026-06-03 23:37:58,25.3750,12.00,0.000,0.000,OFF,#3,HOLDING,0.000A/OFF
32954,2026-06-03 23:37:59,25.5125,12.00,0.000,0.000,OFF,#3,HOLDING,0.000A/OFF
32955,2026-06-03 23:38:00,25.5125,12.00,0.000,0.000,OFF,#3,HOLDING,0.000A/OFF
32956,2026-06-03 23:38:01,25.6625,12.00,0.000,0.000,OFF,#3,HOLDING,0.000A/OFF
32957,2026-06-03 23:38:02,25.6625,12.00,0.000,0.000,OFF,#3,HOLDING,0.000A/OFF
32958,2026-06-03 23:38:03,25.8000,12.00,0.000,0.000,OFF,#3,HOLDING,0.000A/OFF
32959,2026-06-03 23:38:04,25.8000,12.00,0.000,0.000,OFF,#3,HOLDING,0.000A/OFF
32960,2026-06-03 23:38:05,25.9500,12.00,0.000,0.000,OFF,#3,HOLDING,0.000A/OFF
32961,2026-06-03 23:38:06,25.9500,12.00,0.000,0.000,OFF,#3,HOLDING,0.000A/OFF
32962,2026-06-03 23:38:07,26.0375,12.00,0.000,0.000,OFF,#3,HOLDING,0.000A/OFF
32963,2026-06-03 23:38:08,26.0375,12.00,0.000,0.000,OFF,#3,HOLDING,0.000A/OFF
32964,2026-06-03 23:38:09,26.1375,12.00,0.000,0.000,OFF,#3,HOLDING,0.000A/OFF
32965,2026-06-03 23:38:10,26.1375,12.00,0.000,0.000,OFF,#3,HOLDING,0.000A/OFF
32966,2026-06-03 23:38:11,26.2375,12.00,0.000,0.000,OFF,#3,HOLDING,0.000A/OFF
32967,2026-06-03 23:38:12,26.2375,12.00,0.000,0.000,OFF,#3,HOLDING,0.000A/OFF
32968,2026-06-03 23:38:13,26.3375,12.00,0.000,0.000,A,#3,HOLDING,0.113A/A
32969,2026-06-03 23:38:15,26.3875,12.00,0.000,0.000,A,#3,HOLDING,0.132A/A
32970,2026-06-03 23:38:17,26.4625,12.00,0.000,0.100,A,#3,HOLDING,0.232A/A
32971,2026-06-03 23:38:18,26.5000,12.00,0.000,0.100,A,#3,HOLDING,0.255A/A
32972,2026-06-03 23:38:20,26.5000,12.00,0.000,0.100,A,#3,HOLDING,0.284A/A
32973,2026-06-03 23:38:22,26.5500,2.23,0.000,0.100,A,#3,HOLDING,0.327A/A
32974,2026-06-03 23:38:24,26.6000,2.23,0.303,0.895,A,#3,HOLDING,0.374A/A
32975,2026-06-03 23:38:26,26.6250,2.23,0.303,0.895,A,#3,HOLDING,0.436A/A
32976,2026-06-03 23:38:28,26.6250,2.23,0.303,0.895,A,#3,HOLDING,0.470A/A
32977,2026-06-03 23:38:29,26.6250,3.96,0.303,0.895,A,#3,HOLDING,0.511A/A
32978,2026-06-03 23:38:31,26.6250,3.96,0.489,2.248,A,#3,HOLDING,0.555A/A
32979,2026-06-03 23:38:34,26.6250,3.96,0.489,2.248,A,#3,HOLDING,0.613A/A
32980,2026-06-03 23:38:35,26.6250,3.96,0.489,2.248,A,#3,HOLDING,0.652A/A
32981,2026-06-03 23:38:37,26.5500,5.52,0.489,2.248,A,#3,HOLDING,0.683A/A
32982,2026-06-03 23:38:39,26.5000,5.52,0.665,4.016,A,#3,HOLDING,0.717A/A
32983,2026-06-03 23:38:41,26.3750,5.52,0.665,4.016,A,#3,HOLDING,0.699A/A
32984,2026-06-03 23:38:43,26.3750,5.52,0.665,4.016,A,#3,HOLDING,0.737A/A
32985,2026-06-03 23:38:45,26.3000,6.35,0.665,4.016,A,#3,HOLDING,0.768A/A
32986,2026-06-03 23:38:47,26.2375,6.35,0.750,5.145,A,#3,HOLDING,0.803A/A
32987,2026-06-03 23:38:49,26.0750,6.35,0.750,5.145,A,#3,HOLDING,0.823A/A
32988,2026-06-03 23:38:51,26.0750,6.35,0.750,5.145,A,#3,HOLDING,0.851A/A
32989,2026-06-03 23:38:52,25.9500,7.32,0.750,5.145,A,#3,HOLDING,0.866A/A
32990,2026-06-03 23:38:54,25.8375,7.32,0.866,6.546,A,#3,HOLDING,0.884A/A
32991,2026-06-03 23:38:57,25.6125,7.32,0.866,6.546,A,#3,HOLDING,0.878A/A
32992,2026-06-03 23:38:58,25.6125,7.32,0.866,6.546,A,#3,HOLDING,0.896A/A
32993,2026-06-03 23:39:00,25.4875,7.76,0.866,6.546,A,#3,HOLDING,0.899A/A
32994,2026-06-03 23:39:02,25.3875,7.76,0.899,7.120,A,#3,HOLDING,0.906A/A
32995,2026-06-03 23:39:04,25.1125,7.76,0.899,7.120,A,#3,HOLDING,0.872A/A
32996,2026-06-03 23:39:06,25.1125,7.76,0.899,7.120,A,#3,HOLDING,0.874A/A
32997,2026-06-03 23:39:08,24.9875,7.74,0.899,7.120,A,#3,HOLDING,0.856A/A
32998,2026-06-03 23:39:10,24.8250,7.74,0.856,6.591,A,#3,HOLDING,0.839A/A
32999,2026-06-03 23:39:12,24.5500,7.74,0.856,6.591,A,#3,HOLDING,0.777A/A
33000,2026-06-03 23:39:14,24.5500,7.74,0.856,6.591,A,#4,APPROACH,0.762A/A
33001,2026-06-03 23:39:16,24.4250,2.18,0.856,6.591,B,#4,APPROACH,0.143A/B
33002,2026-06-03 23:39:18,24.2625,2.18,0.000,6.591,B,#4,APPROACH,0.220A/B
33003,2026-06-03 23:39:20,24.0125,2.18,0.000,0.000,B,#4,APPROACH,0.325A/B
33004,2026-06-03 23:39:22,23.8625,2.18,0.000,0.000,B,#4,APPROACH,0.409A/B
33005,2026-06-03 23:39:24,23.8625,2.18,0.000,0.000,B,#4,APPROACH,0.489A/B
33006,2026-06-03 23:39:25,23.6125,3.94,0.000,0.000,B,#4,APPROACH,0.627A/B
33007,2026-06-03 23:39:27,23.6125,3.94,0.612,3.316,B,#4,APPROACH,0.745A/B
33008,2026-06-03 23:39:30,23.4250,3.94,0.612,3.316,B,#4,APPROACH,0.926A/B
33009,2026-06-03 23:39:31,23.4250,3.94,0.612,3.316,B,#4,APPROACH,1.028A/B
33010,2026-06-03 23:39:33,23.3500,8.21,0.612,3.316,B,#4,APPROACH,1.170A/B
33011,2026-06-03 23:39:35,23.3500,8.21,1.134,11.068,B,#4,APPROACH,1.296A/B
33012,2026-06-03 23:39:37,23.3125,8.21,1.134,11.068,B,#4,APPROACH,1.000A/B
33013,2026-06-03 23:39:39,23.3125,8.21,1.134,11.068,B,#4,APPROACH,1.469A/B
33014,2026-06-03 23:39:41,23.3375,11.41,1.134,11.068,B,#4,APPROACH,1.602A/B
33015,2026-06-03 23:39:43,23.3375,11.41,1.525,18.096,B,#4,APPROACH,1.738A/B
33016,2026-06-03 23:39:45,23.4250,11.41,1.525,18.096,B,#4,APPROACH,1.896A/B
33017,2026-06-03 23:39:47,23.4250,11.41,1.525,18.096,B,#4,APPROACH,2.002A/B
33018,2026-06-03 23:39:49,23.6375,12.00,1.525,18.096,B,#4,APPROACH,1.000A/B
33019,2026-06-03 23:39:50,23.6375,12.00,1.072,8.870,B,#4,APPROACH,2.110A/B
33020,2026-06-03 23:39:53,23.9125,12.00,1.072,8.870,B,#4,APPROACH,1.500A/B
33021,2026-06-03 23:39:54,23.9125,12.00,1.072,8.870,B,#4,APPROACH,2.000A/B
33022,2026-06-03 23:39:56,24.2000,12.00,1.072,8.870,B,#4,APPROACH,2.173A/B
33023,2026-06-03 23:39:58,24.2000,12.00,1.435,17.004,B,#4,APPROACH,2.000A/B
33024,2026-06-03 23:40:00,24.5125,12.00,1.435,17.004,B,#4,APPROACH,2.000A/B
33025,2026-06-03 23:40:02,24.5125,12.00,1.435,17.004,B,#4,APPROACH,2.284A/B
33026,2026-06-03 23:40:04,24.9000,12.00,1.435,17.004,B,#4,APPROACH,2.000A/B
33027,2026-06-03 23:40:06,24.9000,12.00,1.397,16.584,B,#4,APPROACH,1.000A/B
33028,2026-06-03 23:40:08,25.2625,12.00,1.397,16.584,B,#4,APPROACH,2.000A/B
33029,2026-06-03 23:40:10,25.2625,12.00,1.397,16.584,B,#4,APPROACH,2.316A/B
33030,2026-06-03 23:40:12,25.6750,12.00,1.397,16.584,B,#4,APPROACH,1.000A/B
33031,2026-06-03 23:40:13,25.6750,12.00,1.114,9.390,B,#4,APPROACH,1.500A/B
33032,2026-06-03 23:40:16,26.0625,12.00,1.114,9.390,B,#4,HOLDING,1.500A/B
33033,2026-06-03 23:40:17,26.0625,12.00,1.114,9.390,OFF,#4,HOLDING,0.000A/OFF
33034,2026-06-03 23:40:18,26.2625,12.00,1.114,9.390,OFF,#4,HOLDING,0.000A/OFF
33035,2026-06-03 23:40:19,26.4375,12.00,1.114,9.390,OFF,#4,HOLDING,0.000A/OFF
33036,2026-06-03 23:40:20,26.4375,12.00,0.000,9.390,OFF,#4,HOLDING,0.000A/OFF
33037,2026-06-03 23:40:21,26.6500,12.00,0.000,0.000,OFF,#4,HOLDING,0.000A/OFF
33038,2026-06-03 23:40:22,26.6500,12.00,0.000,0.000,OFF,#4,HOLDING,0.000A/OFF
33039,2026-06-03 23:40:24,26.8500,12.00,0.000,0.000,OFF,#4,HOLDING,0.000A/OFF
33040,2026-06-03 23:40:25,26.8500,12.00,0.000,0.000,OFF,#4,HOLDING,0.000A/OFF
33041,2026-06-03 23:40:26,26.9875,12.00,0.000,0.000,OFF,#4,HOLDING,0.000A/OFF
33042,2026-06-03 23:40:27,26.9875,12.00,0.000,0.000,OFF,#4,HOLDING,0.000A/OFF
33043,2026-06-03 23:40:28,27.1625,12.00,0.000,0.000,OFF,#4,HOLDING,0.000A/OFF
33044,2026-06-03 23:40:29,27.1625,12.00,0.000,0.000,OFF,#4,HOLDING,0.000A/OFF
33045,2026-06-03 23:40:30,27.3000,12.00,0.000,0.000,OFF,#4,HOLDING,0.000A/OFF
33046,2026-06-03 23:40:31,27.3000,12.00,0.000,0.000,OFF,#4,HOLDING,0.000A/OFF
33047,2026-06-03 23:40:32,27.4250,12.00,0.000,0.000,OFF,#4,HOLDING,0.000A/OFF
33048,2026-06-03 23:40:33,27.4250,12.00,0.000,0.000,OFF,#4,HOLDING,0.000A/OFF
33049,2026-06-03 23:40:34,27.5375,12.00,0.000,0.000,OFF,#4,HOLDING,0.000A/OFF
33050,2026-06-03 23:40:35,27.5375,12.00,0.000,0.000,OFF,#4,HOLDING,0.000A/OFF
33051,2026-06-03 23:40:36,27.6375,12.00,0.000,0.000,OFF,#4,HOLDING,0.000A/OFF
33052,2026-06-03 23:40:37,27.6375,12.00,0.000,0.000,OFF,#4,HOLDING,0.000A/OFF
33053,2026-06-03 23:40:38,27.7000,12.00,0.000,0.000,OFF,#4,HOLDING,0.000A/OFF
33054,2026-06-03 23:40:39,27.8000,12.00,0.000,0.000,A,#4,HOLDING,0.105A/A
33055,2026-06-03 23:40:40,27.8000,12.00,0.105,0.039,A,#4,HOLDING,0.133A/A
33056,2026-06-03 23:40:43,27.9250,12.00,0.105,0.039,A,#4,HOLDING,0.234A/A
33057,2026-06-03 23:40:44,27.9250,12.00,0.105,0.039,A,#4,HOLDING,0.249A/A
33058,2026-06-03 23:40:46,27.9375,1.84,0.105,0.039,A,#4,HOLDING,0.290A/A
33059,2026-06-03 23:40:48,27.9625,1.84,0.267,0.661,A,#4,HOLDING,0.327A/A
33060,2026-06-03 23:40:50,28.0000,1.84,0.267,0.661,A,#4,HOLDING,0.382A/A
33061,2026-06-03 23:40:52,28.0000,1.84,0.267,0.661,A,#4,HOLDING,0.412A/A
33062,2026-06-03 23:40:54,28.0625,3.35,0.267,0.661,A,#4,HOLDING,0.462A/A
33063,2026-06-03 23:40:56,28.0375,3.35,0.435,1.797,A,#4,HOLDING,0.498A/A
33064,2026-06-03 23:40:58,28.0000,3.35,0.435,1.797,A,#4,HOLDING,0.546A/A
33065,2026-06-03 23:41:00,28.0000,3.35,0.435,1.797,A,#4,HOLDING,0.574A/A
33066,2026-06-03 23:41:02,28.0000,4.87,0.435,1.797,A,#4,HOLDING,0.618A/A
33067,2026-06-03 23:41:03,27.9500,4.87,0.618,3.318,A,#4,HOLDING,0.653A/A
33068,2026-06-03 23:41:06,27.8250,4.87,0.618,3.318,A,#4,HOLDING,0.633A/A
33069,2026-06-03 23:41:07,27.8250,4.87,0.618,3.318,A,#4,HOLDING,0.664A/A
33070,2026-06-03 23:41:09,27.7500,5.78,0.618,3.318,A,#4,HOLDING,0.694A/A
33071,2026-06-03 23:41:11,27.7000,5.78,0.694,4.261,A,#4,HOLDING,0.730A/A
33072,2026-06-03 23:41:13,27.5125,5.78,0.694,4.261,A,#4,HOLDING,0.741A/A
33073,2026-06-03 23:41:15,27.5125,5.78,0.694,4.261,A,#4,HOLDING,0.769A/A
33074,2026-06-03 23:41:17,27.3000,6.71,0.694,4.261,A,#4,HOLDING,0.769A/A
33075,2026-06-03 23:41:19,27.3000,6.71,0.769,5.252,A,#4,HOLDING,0.800A/A
33076,2026-06-03 23:41:21,27.0750,6.71,0.769,5.252,A,#4,HOLDING,0.788A/A
33077,2026-06-03 23:41:23,27.0750,6.71,0.769,5.252,A,#4,HOLDING,0.813A/A
33078,2026-06-03 23:41:25,26.8000,7.15,0.769,5.252,A,#4,HOLDING,0.781A/A
33079,2026-06-03 23:41:26,26.8000,7.15,0.781,5.498,A,#4,HOLDING,0.794A/A
33080,2026-06-03 23:41:29,26.5500,7.15,0.781,5.498,A,#4,HOLDING,0.756A/A
33081,2026-06-03 23:41:30,26.5500,7.15,0.781,5.498,A,#4,HOLDING,0.767A/A
33082,2026-06-03 23:41:32,26.2750,6.92,0.781,5.498,A,#4,HOLDING,0.709A/A
33083,2026-06-03 23:41:34,26.2750,6.92,0.709,4.679,A,#4,HOLDING,0.697A/A
33084,2026-06-03 23:41:37,25.9625,6.92,0.709,4.679,A,#4,HOLDING,0.599A/A
33085,2026-06-03 23:41:38,25.8250,6.92,0.709,4.679,A,#4,HOLDING,0.528A/A
33086,2026-06-03 23:41:40,25.6750,5.11,0.709,4.679,A,#4,HOLDING,0.453A/A
33087,2026-06-03 23:41:42,25.6750,5.11,0.453,2.120,A,#4,HOLDING,0.432A/A
33088,2026-06-03 23:41:44,25.3750,5.11,0.453,2.120,A,#4,HOLDING,0.355A/A
33089,2026-06-03 23:41:46,25.3750,5.11,0.453,2.120,A,#4,HOLDING,0.321A/A
33090,2026-06-03 23:41:48,25.1125,3.42,0.453,2.120,A,#4,HOLDING,0.217A/A
33091,2026-06-03 23:41:50,25.1125,3.42,0.233,0.568,A,#4,HOLDING,0.175A/A
33092,2026-06-03 23:41:52,24.8375,3.42,0.233,0.568,OFF,#4,HOLDING,0.000A/OFF
33093,2026-06-03 23:41:53,24.8375,3.42,0.233,0.568,OFF,#4,HOLDING,0.000A/OFF
33094,2026-06-03 23:41:54,24.7000,3.42,0.233,0.568,OFF,#4,HOLDING,0.000A/OFF
33095,2026-06-03 23:41:55,24.7000,3.42,0.233,0.568,OFF,#4,HOLDING,0.000A/OFF
33096,2026-06-03 23:41:56,24.5750,12.00,0.000,0.568,B,#4,HOLDING,0.130A/B
33097,2026-06-03 23:41:58,24.4875,12.00,0.000,0.000,B,#4,HOLDING,0.194A/B
33098,2026-06-03 23:41:59,24.4875,12.00,0.000,0.000,B,#4,HOLDING,0.271A/B
33099,2026-06-03 23:42:01,24.3625,12.00,0.000,0.000,B,#4,HOLDING,0.351A/B
33100,2026-06-03 23:42:03,24.2750,2.84,0.000,0.000,B,#4,HOLDING,0.456A/B
33101,2026-06-03 23:42:04,24.2000,2.84,0.400,1.751,B,#4,HOLDING,0.568A/B
33102,2026-06-03 23:42:07,24.1125,2.84,0.400,1.751,B,#4,HOLDING,0.690A/B
33103,2026-06-03 23:42:08,24.0375,2.84,0.400,1.751,B,#4,HOLDING,0.788A/B
33104,2026-06-03 23:42:10,23.9625,6.49,0.400,1.751,B,#4,HOLDING,0.908A/B
33105,2026-06-03 23:42:12,23.9375,6.49,0.908,6.864,B,#4,HOLDING,1.014A/B
33106,2026-06-03 23:42:15,23.8750,6.49,0.908,6.864,B,#4,HOLDING,1.000A/B
33107,2026-06-03 23:42:16,23.8750,6.49,0.908,6.864,B,#4,HOLDING,1.137A/B
33108,2026-06-03 23:42:18,23.8750,9.26,0.908,6.864,B,#4,HOLDING,1.242A/B
33109,2026-06-03 23:42:20,23.8750,9.26,1.185,12.643,B,#4,HOLDING,1.352A/B
33110,2026-06-03 23:42:22,23.9125,9.26,1.185,12.643,B,#4,HOLDING,1.485A/B
33111,2026-06-03 23:42:24,23.9375,9.26,1.185,12.643,B,#4,HOLDING,1.574A/B
33112,2026-06-03 23:42:26,24.0125,12.00,1.185,12.643,B,#4,HOLDING,1.000A/B
33113,2026-06-03 23:42:27,24.0875,12.00,1.250,8.710,B,#4,HOLDING,1.661A/B
33114,2026-06-03 23:42:30,24.2000,12.00,1.250,8.710,B,#4,HOLDING,1.777A/B
33115,2026-06-03 23:42:31,24.3000,12.00,1.250,8.710,B,#4,HOLDING,1.851A/B
33116,2026-06-03 23:42:33,24.4125,12.00,1.250,8.710,B,#4,HOLDING,1.000A/B
33117,2026-06-03 23:42:35,24.5125,12.00,1.000,8.930,B,#4,HOLDING,1.929A/B
33118,2026-06-03 23:42:38,24.6750,12.00,1.000,8.930,B,#4,HOLDING,1.000A/B
33119,2026-06-03 23:42:39,24.8250,12.00,1.000,8.930,B,#4,HOLDING,2.012A/B
33120,2026-06-03 23:42:41,24.9875,12.00,1.000,8.930,B,#4,HOLDING,2.069A/B
33121,2026-06-03 23:42:43,25.1375,12.00,1.415,16.776,B,#4,HOLDING,2.125A/B
33122,2026-06-03 23:42:45,25.3000,12.00,1.415,16.776,B,#4,HOLDING,2.199A/B
33123,2026-06-03 23:42:47,25.5000,12.00,1.415,16.776,B,#4,HOLDING,1.000A/B
33124,2026-06-03 23:42:49,25.6750,9.23,1.415,16.776,B,#4,HOLDING,1.500A/B
33125,2026-06-03 23:42:51,25.8750,9.23,1.384,16.440,B,#4,HOLDING,1.500A/B
33126,2026-06-03 23:42:53,26.0250,9.23,1.384,16.440,B,#5,APPROACH,1.500A/B
33127,2026-06-03 23:42:55,26.2000,9.23,1.384,16.440,B,#5,APPROACH,0.295A/B
33128,2026-06-03 23:42:56,26.4000,9.23,1.384,16.440,B,#5,APPROACH,0.280A/B
33129,2026-06-03 23:42:58,26.6000,7.99,1.384,16.440,B,#5,APPROACH,0.289A/B
33130,2026-06-03 23:43:00,26.8000,7.99,0.693,1.176,B,#5,APPROACH,0.304A/B
33131,2026-06-03 23:43:03,27.1125,7.99,0.693,1.176,B,#5,APPROACH,0.330A/B
33132,2026-06-03 23:43:04,27.1125,7.99,0.693,1.176,B,#5,APPROACH,0.376A/B
33133,2026-06-03 23:43:06,27.3125,4.60,0.693,1.176,B,#5,APPROACH,0.417A/B
33134,2026-06-03 23:43:08,27.4500,4.60,0.398,2.068,B,#5,APPROACH,0.473A/B
33135,2026-06-03 23:43:11,27.7375,4.60,0.398,2.068,B,#5,APPROACH,0.537A/B
33136,2026-06-03 23:43:12,27.7375,4.60,0.398,2.068,B,#5,APPROACH,0.612A/B
33137,2026-06-03 23:43:14,27.8875,6.36,0.398,2.068,B,#5,APPROACH,0.692A/B
33138,2026-06-03 23:43:16,27.9875,6.36,0.652,4.899,B,#5,APPROACH,0.788A/B
33139,2026-06-03 23:43:18,28.2000,6.36,0.652,4.899,B,#5,APPROACH,0.909A/B
33140,2026-06-03 23:43:20,28.2000,6.36,0.652,4.899,B,#5,APPROACH,1.017A/B
33141,2026-06-03 23:43:22,28.3000,9.35,0.652,4.899,B,#5,APPROACH,1.142A/B
33142,2026-06-03 23:43:24,28.4250,9.35,1.077,11.831,B,#5,APPROACH,1.000A/B
33143,2026-06-03 23:43:26,28.6125,9.35,1.077,11.831,B,#5,APPROACH,1.254A/B
33144,2026-06-03 23:43:28,28.6125,9.35,1.077,11.831,B,#5,APPROACH,1.367A/B
33145,2026-06-03 23:43:29,28.7125,11.84,1.077,11.831,B,#5,APPROACH,1.486A/B
33146,2026-06-03 23:43:31,28.7875,11.84,1.366,16.236,B,#5,APPROACH,1.500A/B
33147,2026-06-03 23:43:34,29.0125,11.84,1.366,16.236,B,#5,APPROACH,1.557A/B
33148,2026-06-03 23:43:35,29.0125,11.84,1.366,16.236,B,#5,APPROACH,1.664A/B
33149,2026-06-03 23:43:37,29.1125,12.00,1.366,16.236,B,#5,APPROACH,1.500A/B
33150,2026-06-03 23:43:39,29.2375,12.00,1.345,15.960,B,#5,APPROACH,1.000A/B
33151,2026-06-03 23:43:41,29.4875,12.00,1.345,15.960,B,#5,APPROACH,1.500A/B
33152,2026-06-03 23:43:43,29.4875,12.00,1.345,15.960,B,#5,APPROACH,1.744A/B
33153,2026-06-03 23:43:45,29.6125,12.00,1.345,15.960,B,#5,APPROACH,1.500A/B
33154,2026-06-03 23:43:47,29.7375,12.00,1.329,15.768,B,#5,APPROACH,1.000A/B
33155,2026-06-03 23:43:49,29.9875,12.00,1.329,15.768,B,#5,APPROACH,1.000A/B
33156,2026-06-03 23:43:51,30.1375,12.00,1.329,15.768,B,#5,APPROACH,1.000A/B
33157,2026-06-03 23:43:52,30.1375,9.66,1.329,15.768,B,#5,APPROACH,1.796A/B
33158,2026-06-03 23:43:54,30.3000,9.66,1.156,15.636,B,#5,APPROACH,1.854A/B
33159,2026-06-03 23:43:57,30.5500,9.66,1.156,15.636,B,#5,APPROACH,1.909A/B
33160,2026-06-03 23:43:58,30.7000,9.66,1.156,15.636,B,#5,APPROACH,1.926A/B
33161,2026-06-03 23:44:00,30.7000,12.00,1.156,15.636,B,#5,APPROACH,1.991A/B
33162,2026-06-03 23:44:02,30.8625,12.00,1.302,15.468,B,#5,APPROACH,1.000A/B
33163,2026-06-03 23:44:04,31.1125,12.00,1.302,15.468,B,#5,HOLDING,1.970A/B
33164,2026-06-03 23:44:06,31.2625,12.00,1.302,15.468,OFF,#5,HOLDING,0.000A/OFF
33165,2026-06-03 23:44:07,31.2625,12.00,1.302,15.468,OFF,#5,HOLDING,0.000A/OFF
33166,2026-06-03 23:44:08,31.4250,12.00,1.302,15.468,OFF,#5,HOLDING,0.000A/OFF
33167,2026-06-03 23:44:09,31.4250,12.00,0.000,15.468,OFF,#5,HOLDING,0.000A/OFF
33168,2026-06-03 23:44:10,31.5750,12.00,0.000,0.000,OFF,#5,HOLDING,0.000A/OFF
33169,2026-06-03 23:44:11,31.5750,12.00,0.000,0.000,OFF,#5,HOLDING,0.000A/OFF
33170,2026-06-03 23:44:12,31.7000,12.00,0.000,0.000,OFF,#5,HOLDING,0.000A/OFF
33171,2026-06-03 23:44:13,31.7000,12.00,0.000,0.000,OFF,#5,HOLDING,0.000A/OFF
33172,2026-06-03 23:44:14,31.8250,12.00,0.000,0.000,OFF,#5,HOLDING,0.000A/OFF
33173,2026-06-03 23:44:15,31.8250,12.00,0.000,0.000,OFF,#5,HOLDING,0.000A/OFF
33174,2026-06-03 23:44:16,31.9125,12.00,0.000,0.000,OFF,#5,HOLDING,0.000A/OFF
33175,2026-06-03 23:44:17,31.9125,12.00,0.000,0.000,OFF,#5,HOLDING,0.000A/OFF
33176,2026-06-03 23:44:18,32.0375,12.00,0.000,0.000,OFF,#5,HOLDING,0.000A/OFF
33177,2026-06-03 23:44:19,32.0375,12.00,0.000,0.000,OFF,#5,HOLDING,0.000A/OFF
33178,2026-06-03 23:44:20,32.1125,12.00,0.000,0.000,OFF,#5,HOLDING,0.000A/OFF
33179,2026-06-03 23:44:21,32.1125,12.00,0.000,0.000,OFF,#5,HOLDING,0.000A/OFF
33180,2026-06-03 23:44:22,32.2375,12.00,0.000,0.000,OFF,#5,HOLDING,0.000A/OFF
33181,2026-06-03 23:44:23,32.2375,12.00,0.000,0.000,OFF,#5,HOLDING,0.000A/OFF
33182,2026-06-03 23:44:24,32.3125,12.00,0.000,0.000,OFF,#5,HOLDING,0.000A/OFF
33183,2026-06-03 23:44:25,32.3375,12.00,0.000,0.000,OFF,#5,HOLDING,0.000A/OFF
33184,2026-06-03 23:44:26,32.3375,12.00,0.000,0.000,OFF,#5,HOLDING,0.000A/OFF
33185,2026-06-03 23:44:27,32.3750,12.00,0.000,0.000,OFF,#5,HOLDING,0.000A/OFF
33186,2026-06-03 23:44:28,32.3750,12.00,0.000,0.000,OFF,#5,HOLDING,0.000A/OFF
33187,2026-06-03 23:44:29,32.3750,12.00,0.000,0.000,OFF,#5,HOLDING,0.000A/OFF
33188,2026-06-03 23:44:30,32.3750,12.00,0.000,0.000,OFF,#5,HOLDING,0.000A/OFF
33189,2026-06-03 23:44:31,32.4000,12.00,0.000,0.000,OFF,#5,HOLDING,0.000A/OFF
33190,2026-06-03 23:44:32,32.4000,12.00,0.000,0.000,OFF,#5,HOLDING,0.000A/OFF
33191,2026-06-03 23:44:33,32.3750,12.00,0.000,0.000,OFF,#5,HOLDING,0.000A/OFF
33192,2026-06-03 23:44:34,32.3750,12.00,0.000,0.000,OFF,#5,HOLDING,0.000A/OFF
33193,2026-06-03 23:44:35,32.3750,12.00,0.000,0.000,OFF,#5,HOLDING,0.000A/OFF
33194,2026-06-03 23:44:36,32.3750,12.00,0.000,0.000,OFF,#5,HOLDING,0.000A/OFF
33195,2026-06-03 23:44:37,32.3750,12.00,0.000,0.000,OFF,#5,HOLDING,0.000A/OFF
33196,2026-06-03 23:44:38,32.3750,12.00,0.000,0.000,OFF,#5,HOLDING,0.000A/OFF
33197,2026-06-03 23:44:39,32.3125,12.00,0.000,0.000,OFF,#5,HOLDING,0.000A/OFF
33198,2026-06-03 23:44:40,32.3125,12.00,0.000,0.000,OFF,#5,HOLDING,0.000A/OFF
33199,2026-06-03 23:44:41,32.2625,12.00,0.000,0.000,OFF,#5,HOLDING,0.000A/OFF
33200,2026-06-03 23:44:42,32.2375,12.00,0.000,0.000,OFF,#5,HOLDING,0.000A/OFF
33201,2026-06-03 23:44:44,32.2375,12.00,0.000,0.000,OFF,#5,HOLDING,0.000A/OFF
33202,2026-06-03 23:44:45,32.1625,12.00,0.000,0.000,OFF,#5,HOLDING,0.000A/OFF
33203,2026-06-03 23:44:46,32.1625,12.00,0.000,0.000,OFF,#5,HOLDING,0.000A/OFF
33204,2026-06-03 23:44:47,32.1125,12.00,0.000,0.000,OFF,#5,HOLDING,0.000A/OFF
33205,2026-06-03 23:44:48,32.1125,12.00,0.000,0.000,OFF,#5,HOLDING,0.000A/OFF
33206,2026-06-03 23:44:49,32.0375,12.00,0.000,0.000,OFF,#5,HOLDING,0.000A/OFF
33207,2026-06-03 23:44:50,32.0375,12.00,0.000,0.000,OFF,#5,HOLDING,0.000A/OFF
33208,2026-06-03 23:44:51,31.9625,12.00,0.000,0.000,OFF,#5,HOLDING,0.000A/OFF
33209,2026-06-03 23:44:52,31.9625,12.00,0.000,0.000,OFF,#5,HOLDING,0.000A/OFF
33210,2026-06-03 23:44:53,31.8875,12.00,0.000,0.000,OFF,#5,HOLDING,0.000A/OFF
33211,2026-06-03 23:44:54,31.8875,12.00,0.000,0.000,OFF,#5,HOLDING,0.000A/OFF
33212,2026-06-03 23:44:55,31.8000,12.00,0.000,0.000,OFF,#5,HOLDING,0.000A/OFF
33213,2026-06-03 23:44:56,31.7250,12.00,0.000,0.000,OFF,#5,HOLDING,0.000A/OFF
33214,2026-06-03 23:44:57,31.7250,12.00,0.000,0.000,OFF,#5,HOLDING,0.000A/OFF
33215,2026-06-03 23:44:58,31.6750,12.00,0.000,0.000,OFF,#5,HOLDING,0.000A/OFF
33216,2026-06-03 23:44:59,31.6750,12.00,0.000,0.000,OFF,#5,HOLDING,0.000A/OFF
33217,2026-06-03 23:45:00,31.5500,12.00,0.000,0.000,OFF,#5,HOLDING,0.000A/OFF
33218,2026-06-03 23:45:01,31.5500,12.00,0.000,0.000,OFF,#5,HOLDING,0.000A/OFF
33219,2026-06-03 23:45:02,31.4250,12.00,0.000,0.000,OFF,#5,HOLDING,0.000A/OFF
33220,2026-06-03 23:45:03,31.4250,12.00,0.000,0.000,OFF,#5,HOLDING,0.000A/OFF
33221,2026-06-03 23:45:04,31.3500,12.00,0.000,0.000,OFF,#5,HOLDING,0.000A/OFF
33222,2026-06-03 23:45:05,31.3500,12.00,0.000,0.000,OFF,--,DONE,0.000A/OFF
33223,2026-06-03 23:45:07,31.2375,12.00,0.000,0.000,OFF,--,DONE,--
33224,2026-06-03 23:45:08,31.1625,12.00,0.000,0.000,OFF,--,DONE,--
33225,2026-06-03 23:45:09,31.1625,12.00,0.000,0.000,OFF,--,DONE,--
33226,2026-06-03 23:45:10,31.0375,12.00,0.000,0.000,OFF,--,DONE,--
33227,2026-06-03 23:45:11,31.0375,12.00,0.000,0.000,OFF,--,DONE,--
33228,2026-06-03 23:45:12,30.9625,12.00,0.000,0.000,OFF,--,DONE,--
33229,2026-06-03 23:45:13,30.9625,12.00,0.000,0.000,OFF,--,DONE,--
33230,2026-06-03 23:45:14,30.8625,12.00,0.000,0.000,OFF,--,DONE,--
33231,2026-06-03 23:45:15,30.8625,12.00,0.000,0.000,OFF,--,DONE,--
33232,2026-06-03 23:45:16,30.7375,12.00,0.000,0.000,OFF,--,DONE,--
33233,2026-06-03 23:45:17,30.7375,12.00,0.000,0.000,OFF,--,DONE,--
33234,2026-06-03 23:45:18,30.6500,12.00,0.000,0.000,OFF,--,DONE,--
33235,2026-06-03 23:45:19,30.6500,12.00,0.000,0.000,OFF,--,DONE,--
33236,2026-06-03 23:45:20,30.5250,12.00,0.000,0.000,OFF,--,DONE,--
33237,2026-06-03 23:45:21,30.5250,12.00,0.000,0.000,OFF,--,DONE,--
33238,2026-06-03 23:45:22,30.4000,12.00,0.000,0.000,OFF,--,DONE,--
33239,2026-06-03 23:45:23,30.3000,12.00,0.000,0.000,OFF,--,DONE,--
33240,2026-06-03 23:45:24,30.3000,12.00,0.000,0.000,OFF,--,DONE,--
33241,2026-06-03 23:45:25,30.1750,12.00,0.000,0.000,OFF,--,DONE,--
33242,2026-06-03 23:45:26,30.1750,12.00,0.000,0.000,OFF,--,DONE,--
33243,2026-06-03 23:45:27,30.0500,12.00,0.000,0.000,OFF,--,DONE,--
33244,2026-06-03 23:45:28,30.0500,12.00,0.000,0.000,OFF,--,DONE,--
33245,2026-06-03 23:45:29,29.9500,12.00,0.000,0.000,OFF,--,DONE,--
33246,2026-06-03 23:45:30,29.9500,12.00,0.000,0.000,OFF,--,DONE,--
33247,2026-06-03 23:45:31,29.8250,12.00,0.000,0.000,OFF,--,DONE,--
33248,2026-06-03 23:45:32,29.8250,12.00,0.000,0.000,OFF,--,DONE,--
33249,2026-06-03 23:45:33,29.7125,12.00,0.000,0.000,OFF,--,DONE,--
33250,2026-06-03 23:45:34,29.7125,12.00,0.000,0.000,OFF,--,DONE,--
33251,2026-06-03 23:45:35,29.6125,12.00,0.000,0.000,OFF,--,DONE,--
33252,2026-06-03 23:45:36,29.6125,12.00,0.000,0.000,OFF,--,DONE,--
33253,2026-06-03 23:45:37,29.5125,12.00,0.000,0.000,OFF,--,DONE,--
33254,2026-06-03 23:45:38,29.5125,12.00,0.000,0.000,OFF,--,DONE,--
33255,2026-06-03 23:45:39,29.3875,12.00,0.000,0.000,OFF,--,DONE,--
33256,2026-06-03 23:45:40,29.2750,12.00,0.000,0.000,OFF,--,DONE,--
33257,2026-06-03 23:45:41,29.2750,12.00,0.000,0.000,OFF,--,DONE,--
33258,2026-06-03 23:45:42,29.1750,12.00,0.000,0.000,OFF,--,DONE,--
33259,2026-06-03 23:45:43,29.1750,12.00,0.000,0.000,OFF,--,DONE,--
33260,2026-06-03 23:45:44,29.1000,12.00,0.000,0.000,OFF,--,DONE,--
33261,2026-06-03 23:45:45,29.1000,12.00,0.000,0.000,OFF,--,DONE,--
33262,2026-06-03 23:45:46,28.9500,12.00,0.000,0.000,OFF,--,DONE,--
33263,2026-06-03 23:45:47,28.9500,12.00,0.000,0.000,OFF,--,DONE,--
33264,2026-06-03 23:45:48,28.8625,12.00,0.000,0.000,OFF,--,DONE,--
33265,2026-06-03 23:45:49,28.8625,12.00,0.000,0.000,OFF,--,DONE,--
33266,2026-06-03 23:45:50,28.7375,12.00,0.000,0.000,OFF,--,DONE,--
33267,2026-06-03 23:45:51,28.7375,12.00,0.000,0.000,OFF,--,DONE,--
33268,2026-06-03 23:45:52,28.6750,12.00,0.000,0.000,OFF,--,DONE,--
33269,2026-06-03 23:45:53,28.5500,12.00,0.000,0.000,OFF,--,DONE,--
33270,2026-06-03 23:45:54,28.5500,12.00,0.000,0.000,OFF,--,DONE,--
33271,2026-06-03 23:45:55,28.4625,12.00,0.000,0.000,OFF,--,DONE,--
33272,2026-06-03 23:45:56,28.4625,12.00,0.000,0.000,OFF,--,DONE,--
33273,2026-06-03 23:45:57,28.3625,12.00,0.000,0.000,OFF,--,DONE,--
33274,2026-06-03 23:45:58,28.3625,12.00,0.000,0.000,OFF,--,DONE,--
33275,2026-06-03 23:46:00,28.2625,12.00,0.000,0.000,OFF,--,DONE,--
33276,2026-06-03 23:46:01,28.2625,12.00,0.000,0.000,OFF,--,DONE,--
33277,2026-06-03 23:46:02,28.1375,12.00,0.000,0.000,OFF,--,DONE,--
33278,2026-06-03 23:46:03,28.1375,12.00,0.000,0.000,OFF,--,DONE,--
33279,2026-06-03 23:46:04,28.0500,12.00,0.000,0.000,OFF,--,DONE,--
33280,2026-06-03 23:46:05,28.0500,12.00,0.000,0.000,OFF,--,DONE,--
33281,2026-06-03 23:46:06,27.9500,12.00,0.000,0.000,OFF,--,DONE,--
33282,2026-06-03 23:46:07,27.9500,12.00,0.000,0.000,OFF,--,DONE,--
33283,2026-06-03 23:46:08,27.8875,12.00,0.000,0.000,OFF,--,DONE,--
33284,2026-06-03 23:46:09,27.7625,12.00,0.000,0.000,OFF,--,DONE,--
33285,2026-06-03 23:46:10,27.7625,12.00,0.000,0.000,OFF,--,DONE,--
33286,2026-06-03 23:46:11,27.6750,12.00,0.000,0.000,OFF,--,DONE,--
33287,2026-06-03 23:46:12,27.6750,12.00,0.000,0.000,OFF,--,DONE,--
33288,2026-06-03 23:46:13,27.5500,12.00,0.000,0.000,OFF,--,DONE,--
33289,2026-06-03 23:46:14,27.5500,12.00,0.000,0.000,OFF,--,DONE,--
33290,2026-06-03 23:46:15,27.5000,12.00,0.000,0.000,OFF,--,DONE,--
33291,2026-06-03 23:46:16,27.5000,12.00,0.000,0.000,OFF,--,DONE,--
33292,2026-06-03 23:46:17,27.4250,12.00,0.000,0.000,OFF,--,DONE,--
33293,2026-06-03 23:46:18,27.4250,12.00,0.000,0.000,OFF,--,DONE,--
33294,2026-06-03 23:46:19,27.3000,12.00,0.000,0.000,OFF,--,DONE,--
33295,2026-06-03 23:46:20,27.3000,12.00,0.000,0.000,OFF,--,DONE,--
33296,2026-06-03 23:46:21,27.2000,12.00,0.000,0.000,OFF,--,DONE,--
33297,2026-06-03 23:46:22,27.2000,12.00,0.000,0.000,OFF,--,DONE,--
33298,2026-06-03 23:46:23,27.1125,12.00,0.000,0.000,OFF,--,DONE,--
33299,2026-06-03 23:46:24,27.0375,12.00,0.000,0.000,OFF,--,DONE,--
33300,2026-06-03 23:46:25,27.0375,12.00,0.000,0.000,OFF,--,DONE,--
33301,2026-06-03 23:46:26,26.9625,12.00,0.000,0.000,OFF,--,DONE,--
33302,2026-06-03 23:46:27,26.9625,12.00,0.000,0.000,OFF,--,DONE,--
33303,2026-06-03 23:46:28,26.8875,12.00,0.000,0.000,OFF,--,DONE,--
33304,2026-06-03 23:46:29,26.8875,12.00,0.000,0.000,OFF,--,DONE,--
33305,2026-06-03 23:46:30,26.7750,12.00,0.000,0.000,OFF,--,DONE,--
33306,2026-06-03 23:46:31,26.7750,12.00,0.000,0.000,OFF,--,DONE,--
33307,2026-06-03 23:46:32,26.7000,12.00,0.000,0.000,OFF,--,DONE,--
33308,2026-06-03 23:46:33,26.7000,12.00,0.000,0.000,OFF,--,DONE,--
33309,2026-06-03 23:46:34,26.6750,12.00,0.000,0.000,OFF,--,DONE,--
33310,2026-06-03 23:46:35,26.6750,12.00,0.000,0.000,OFF,--,DONE,--
33311,2026-06-03 23:46:36,26.5750,12.00,0.000,0.000,OFF,--,DONE,--
33312,2026-06-03 23:46:37,26.5750,12.00,0.000,0.000,OFF,--,DONE,--
33313,2026-06-03 23:46:38,26.5000,12.00,0.000,0.000,OFF,--,DONE,--
33314,2026-06-03 23:46:40,26.4500,12.00,0.000,0.000,OFF,--,DONE,--
33315,2026-06-03 23:46:41,26.4500,12.00,0.000,0.000,OFF,--,DONE,--
33316,2026-06-03 23:46:42,26.3625,12.00,0.000,0.000,OFF,--,DONE,--
33317,2026-06-03 23:46:43,26.3625,12.00,0.000,0.000,OFF,--,DONE,--
33318,2026-06-03 23:46:44,26.3125,12.00,0.000,0.000,OFF,--,DONE,--
33319,2026-06-03 23:46:45,26.3125,12.00,0.000,0.000,OFF,--,DONE,--
33320,2026-06-03 23:46:46,26.2125,12.00,0.000,0.000,OFF,--,DONE,--
33321,2026-06-03 23:46:47,26.2125,12.00,0.000,0.000,OFF,--,DONE,--
33322,2026-06-03 23:46:48,26.1375,12.00,0.000,0.000,OFF,--,DONE,--
33323,2026-06-03 23:46:49,26.1375,12.00,0.000,0.000,OFF,--,DONE,--
33324,2026-06-03 23:46:50,26.0875,12.00,0.000,0.000,OFF,--,DONE,--
33325,2026-06-03 23:46:51,26.0875,12.00,0.000,0.000,OFF,--,DONE,--
33326,2026-06-03 23:46:52,26.0375,12.00,0.000,0.000,OFF,--,DONE,--
33327,2026-06-03 23:46:53,26.0375,12.00,0.000,0.000,OFF,--,DONE,--
33328,2026-06-03 23:46:54,25.9625,12.00,0.000,0.000,OFF,--,DONE,--
33329,2026-06-03 23:46:55,25.8875,12.00,0.000,0.000,OFF,--,DONE,--
33330,2026-06-03 23:46:56,25.8875,12.00,0.000,0.000,OFF,--,DONE,--
33331,2026-06-03 23:46:57,25.8625,12.00,0.000,0.000,OFF,--,DONE,--
33332,2026-06-03 23:46:58,25.8625,12.00,0.000,0.000,OFF,--,DONE,--
33333,2026-06-03 23:46:59,25.7625,12.00,0.000,0.000,OFF,--,DONE,--
33334,2026-06-03 23:47:00,25.7625,12.00,0.000,0.000,OFF,--,DONE,--
33335,2026-06-03 23:47:01,25.7375,12.00,0.000,0.000,OFF,--,DONE,--
33336,2026-06-03 23:47:02,25.7375,12.00,0.000,0.000,OFF,--,DONE,--
33337,2026-06-03 23:47:03,25.6625,12.00,0.000,0.000,OFF,--,DONE,--
33338,2026-06-03 23:47:04,25.6625,12.00,0.000,0.000,OFF,--,DONE,--
33339,2026-06-03 23:47:05,25.5875,12.00,0.000,0.000,OFF,--,DONE,--
33340,2026-06-03 23:47:06,25.5875,12.00,0.000,0.000,OFF,--,DONE,--
33341,2026-06-03 23:47:07,25.5375,12.00,0.000,0.000,OFF,--,DONE,--
33342,2026-06-03 23:47:08,25.5375,12.00,0.000,0.000,OFF,--,DONE,--
33343,2026-06-03 23:47:09,25.5000,12.00,0.000,0.000,A,#1,APPROACH,2.452A/A
33344,2026-06-03 23:47:12,25.4500,12.00,0.000,0.000,A,#1,APPROACH,1.000A/A
33345,2026-06-03 23:47:14,25.4250,12.00,0.000,0.000,A,#1,APPROACH,3.000A/A
33346,2026-06-03 23:47:16,25.3500,12.00,0.000,0.000,A,#1,APPROACH,2.000A/A
33347,2026-06-03 23:47:18,25.3000,12.00,1.541,0.000,A,#1,APPROACH,2.500A/A
33348,2026-06-03 23:47:20,25.2500,12.00,1.541,18.300,A,#1,APPROACH,1.000A/A
33349,2026-06-03 23:47:21,25.1750,12.00,1.541,18.300,A,#1,APPROACH,3.000A/A
33350,2026-06-03 23:47:23,25.0750,12.00,1.541,18.300,A,#1,APPROACH,2.036A/A
33351,2026-06-03 23:47:25,24.9500,12.00,1.541,18.300,A,#1,APPROACH,1.437A/A
33352,2026-06-03 23:47:26,24.8250,12.00,1.472,16.712,A,#1,APPROACH,1.904A/A
33353,2026-06-03 23:47:29,24.7000,12.00,1.472,16.712,A,#1,APPROACH,1.567A/A
33354,2026-06-03 23:47:30,24.5500,12.00,1.472,16.712,A,#1,APPROACH,1.000A/A
33355,2026-06-03 23:47:32,24.3875,8.76,1.472,16.712,A,#1,APPROACH,1.409A/A
33356,2026-06-03 23:47:34,24.2375,8.76,1.338,16.386,A,#1,APPROACH,1.000A/A
33357,2026-06-03 23:47:36,24.0750,8.76,1.338,16.386,A,#1,APPROACH,1.508A/A
33358,2026-06-03 23:47:38,23.9250,8.76,1.338,16.386,A,#1,APPROACH,1.500A/A
33359,2026-06-03 23:47:40,23.7625,12.00,1.338,16.386,A,#1,APPROACH,1.490A/A
33360,2026-06-03 23:47:42,23.5625,12.00,1.460,17.376,A,#1,APPROACH,1.000A/A
33361,2026-06-03 23:47:44,23.3875,12.00,1.460,17.376,A,#1,APPROACH,1.000A/A
33362,2026-06-03 23:47:46,23.2375,12.00,1.460,17.376,A,#1,APPROACH,1.487A/A
33363,2026-06-03 23:47:48,23.0625,12.00,1.460,17.376,A,#1,APPROACH,1.555A/A
33364,2026-06-03 23:47:49,22.8625,12.00,1.445,17.196,A,#1,APPROACH,1.623A/A
33365,2026-06-03 23:47:52,22.7000,12.00,1.445,17.196,A,#1,APPROACH,1.000A/A
33366,2026-06-03 23:47:53,22.5500,12.00,1.445,17.196,A,#1,APPROACH,1.713A/A
33367,2026-06-03 23:47:55,22.3875,12.00,1.445,17.196,A,#1,APPROACH,1.000A/A
33368,2026-06-03 23:47:57,22.1875,12.00,1.050,9.170,A,#1,APPROACH,1.500A/A
33369,2026-06-03 23:48:00,22.0125,12.00,1.050,9.170,A,#1,APPROACH,1.758A/A
33370,2026-06-03 23:48:01,21.8625,12.00,1.050,9.170,A,#1,APPROACH,1.794A/A
33371,2026-06-03 23:48:03,21.7000,12.00,1.050,9.170,A,#1,APPROACH,1.500A/A
33372,2026-06-03 23:48:05,21.5250,12.00,1.424,16.980,A,#1,APPROACH,1.821A/A
33373,2026-06-03 23:48:07,21.3875,12.00,1.424,16.980,A,#1,HOLDING,1.000A/A
33374,2026-06-03 23:48:09,21.1875,12.00,1.424,16.980,OFF,#1,HOLDING,0.000A/OFF
33375,2026-06-03 23:48:10,21.1875,12.00,1.424,16.980,OFF,#1,HOLDING,0.000A/OFF
33376,2026-06-03 23:48:11,21.0250,12.00,1.424,16.980,OFF,#1,HOLDING,0.000A/OFF
33377,2026-06-03 23:48:12,20.8750,12.00,0.957,16.980,OFF,#1,HOLDING,0.000A/OFF
33378,2026-06-03 23:48:13,20.8750,12.00,0.957,0.000,OFF,#1,HOLDING,0.000A/OFF
33379,2026-06-03 23:48:14,20.7125,12.00,0.957,0.000,OFF,#1,HOLDING,0.000A/OFF
33380,2026-06-03 23:48:15,20.7125,12.00,0.957,0.000,OFF,#1,HOLDING,0.000A/OFF
33381,2026-06-03 23:48:16,20.5625,12.00,0.957,0.000,OFF,#1,HOLDING,0.000A/OFF
33382,2026-06-03 23:48:17,20.5625,12.00,0.957,0.000,OFF,#1,HOLDING,0.000A/OFF
33383,2026-06-03 23:48:18,20.4625,12.00,0.000,0.000,OFF,#1,HOLDING,0.000A/OFF
33384,2026-06-03 23:48:19,20.4625,12.00,0.000,0.000,OFF,#1,HOLDING,0.000A/OFF
33385,2026-06-03 23:48:20,20.3375,12.00,0.000,0.000,OFF,#1,HOLDING,0.000A/OFF
33386,2026-06-03 23:48:21,20.3375,12.00,0.000,0.000,OFF,#1,HOLDING,0.000A/OFF
33387,2026-06-03 23:48:22,20.2375,12.00,0.000,0.000,OFF,#1,HOLDING,0.000A/OFF
33388,2026-06-03 23:48:23,20.2375,12.00,0.000,0.000,OFF,#1,HOLDING,0.000A/OFF
33389,2026-06-03 23:48:24,20.1625,12.00,0.000,0.000,OFF,#1,HOLDING,0.000A/OFF
33390,2026-06-03 23:48:25,20.1625,12.00,0.000,0.000,OFF,#1,HOLDING,0.000A/OFF
33391,2026-06-03 23:48:26,20.0875,12.00,0.000,0.000,OFF,#1,HOLDING,0.000A/OFF
33392,2026-06-03 23:48:27,20.0875,12.00,0.000,0.000,OFF,#1,HOLDING,0.000A/OFF
33393,2026-06-03 23:48:28,20.0375,12.00,0.000,0.000,OFF,#1,HOLDING,0.000A/OFF
33394,2026-06-03 23:48:29,20.0375,12.00,0.000,0.000,OFF,#1,HOLDING,0.000A/OFF
33395,2026-06-03 23:48:30,20.0000,12.00,0.000,0.000,OFF,#1,HOLDING,0.000A/OFF
33396,2026-06-03 23:48:31,20.0000,12.00,0.000,0.000,OFF,#1,HOLDING,0.000A/OFF
33397,2026-06-03 23:48:32,20.0000,12.00,0.000,0.000,OFF,#1,HOLDING,0.000A/OFF
33398,2026-06-03 23:48:33,20.0000,12.00,0.000,0.000,OFF,#1,HOLDING,0.000A/OFF
33399,2026-06-03 23:48:34,19.9625,12.00,0.000,0.000,OFF,#1,HOLDING,0.000A/OFF
33400,2026-06-03 23:48:35,19.9375,12.00,0.000,0.000,OFF,#1,HOLDING,0.000A/OFF
33401,2026-06-03 23:48:36,19.9375,12.00,0.000,0.000,OFF,#1,HOLDING,0.000A/OFF
33402,2026-06-03 23:48:37,19.9375,12.00,0.000,0.000,OFF,#1,HOLDING,0.000A/OFF
33403,2026-06-03 23:48:38,19.9375,12.00,0.000,0.000,B,#1,HOLDING,0.104A/B
33404,2026-06-03 23:48:40,19.9625,12.00,0.000,0.000,B,#1,HOLDING,0.127A/B
33405,2026-06-03 23:48:42,20.0000,12.00,0.000,0.000,B,#1,HOLDING,0.135A/B
33406,2026-06-03 23:48:44,20.0000,0.90,0.000,0.000,B,#1,HOLDING,0.158A/B
33407,2026-06-03 23:48:46,20.0125,0.90,0.144,0.183,B,#1,HOLDING,0.179A/B
33408,2026-06-03 23:48:48,20.0625,0.90,0.144,0.183,B,#1,HOLDING,0.199A/B
33409,2026-06-03 23:48:50,20.1000,0.90,0.144,0.183,B,#1,HOLDING,0.213A/B
33410,2026-06-03 23:48:52,20.1250,1.69,0.144,0.183,B,#1,HOLDING,0.233A/B
33411,2026-06-03 23:48:53,20.1625,1.69,0.221,0.449,B,#1,HOLDING,0.255A/B
33412,2026-06-03 23:48:56,20.2375,1.69,0.221,0.449,B,#1,HOLDING,0.251A/B
33413,2026-06-03 23:48:57,20.2500,1.69,0.221,0.449,B,#1,HOLDING,0.269A/B
33414,2026-06-03 23:48:59,20.3000,2.30,0.221,0.449,B,#1,HOLDING,0.263A/B
33415,2026-06-03 23:49:01,20.3500,2.30,0.263,0.604,B,#1,HOLDING,0.268A/B
33416,2026-06-03 23:49:03,20.4250,2.30,0.263,0.604,B,#1,HOLDING,0.260A/B
33417,2026-06-03 23:49:05,20.4750,2.30,0.263,0.604,B,#1,HOLDING,0.255A/B
33418,2026-06-03 23:49:07,20.5500,2.28,0.263,0.604,B,#1,HOLDING,0.244A/B
33419,2026-06-03 23:49:09,20.6250,2.28,0.244,0.544,B,#2,APPROACH,0.226A/B
33420,2026-06-03 23:49:11,20.6750,2.28,0.244,0.544,OFF,#2,HOLDING,0.000A/OFF
33421,2026-06-03 23:49:12,20.7625,2.28,0.244,0.544,OFF,#2,HOLDING,0.148A/A
33422,2026-06-03 23:49:14,20.8375,2.28,0.244,0.544,A,#2,HOLDING,0.128A/A
33423,2026-06-03 23:49:16,20.9125,2.28,0.244,0.544,A,#2,HOLDING,0.163A/A
33424,2026-06-03 23:49:18,20.9625,6.98,0.163,0.544,A,#2,HOLDING,0.160A/A
33425,2026-06-03 23:49:19,21.0625,6.98,0.163,0.291,A,#2,HOLDING,0.243A/A
33426,2026-06-03 23:49:21,21.0625,6.98,0.163,0.291,A,#2,HOLDING,0.267A/A
33427,2026-06-03 23:49:23,21.0875,6.98,0.163,0.291,A,#2,HOLDING,0.298A/A
33428,2026-06-03 23:49:24,21.1625,2.97,0.163,0.291,A,#2,HOLDING,0.341A/A
33429,2026-06-03 23:49:26,21.1875,2.97,0.341,1.159,A,#2,HOLDING,0.389A/A
33430,2026-06-03 23:49:29,21.1875,2.97,0.341,1.159,A,#2,HOLDING,0.444A/A
33431,2026-06-03 23:49:30,21.2125,2.97,0.341,1.159,A,#2,HOLDING,0.475A/A
33432,2026-06-03 23:49:32,21.2500,4.40,0.341,1.159,A,#2,HOLDING,0.524A/A
33433,2026-06-03 23:49:34,21.2500,4.40,0.524,2.578,A,#2,HOLDING,0.569A/A
33434,2026-06-03 23:49:36,21.2500,4.40,0.524,2.578,A,#2,HOLDING,0.627A/A
33435,2026-06-03 23:49:38,21.2750,4.40,0.524,2.578,A,#2,HOLDING,0.668A/A
33436,2026-06-03 23:49:40,21.2875,5.99,0.524,2.578,A,#2,HOLDING,0.716A/A
33437,2026-06-03 23:49:42,21.2875,5.99,0.716,4.696,A,#2,HOLDING,0.764A/A
33438,2026-06-03 23:49:44,21.2750,5.99,0.716,4.696,A,#2,HOLDING,0.820A/A
33439,2026-06-03 23:49:46,21.2500,5.99,0.716,4.696,A,#2,HOLDING,0.854A/A
33440,2026-06-03 23:49:48,21.2500,7.50,0.716,4.696,A,#2,HOLDING,0.900A/A
33441,2026-06-03 23:49:49,21.2000,7.50,0.900,7.272,A,#2,HOLDING,0.938A/A
33442,2026-06-03 23:49:52,21.1875,7.50,0.900,7.272,A,#2,HOLDING,0.996A/A
33443,2026-06-03 23:49:53,21.1625,7.50,0.900,7.272,A,#2,HOLDING,1.029A/A
33444,2026-06-03 23:49:55,21.1125,8.81,0.900,7.272,A,#2,HOLDING,1.068A/A
33445,2026-06-03 23:49:57,21.0375,8.81,1.068,9.921,A,#2,HOLDING,1.096A/A
33446,2026-06-03 23:49:59,21.0000,8.81,1.068,9.921,A,#2,HOLDING,1.142A/A
33447,2026-06-03 23:50:01,20.9500,8.81,1.068,9.921,A,#2,HOLDING,1.122A/A
33448,2026-06-03 23:50:03,20.8625,9.57,1.068,9.921,A,#2,HOLDING,1.152A/A
33449,2026-06-03 23:50:05,20.7625,9.57,1.152,11.485,A,#2,HOLDING,1.174A/A
33450,2026-06-03 23:50:07,20.7375,9.57,1.152,11.485,A,#2,HOLDING,1.213A/A
33451,2026-06-03 23:50:09,20.6375,9.57,1.152,11.485,A,#2,HOLDING,1.231A/A
33452,2026-06-03 23:50:11,20.5500,10.39,1.152,11.485,A,#2,HOLDING,1.252A/A
33453,2026-06-03 23:50:12,20.4750,10.39,1.252,13.433,A,#2,HOLDING,1.265A/A
33454,2026-06-03 23:50:15,20.3750,10.39,1.252,13.433,A,#2,HOLDING,1.286A/A
33455,2026-06-03 23:50:16,20.3000,10.39,1.252,13.433,A,#2,HOLDING,1.296A/A
33456,2026-06-03 23:50:18,20.2000,10.92,1.252,13.433,A,#2,HOLDING,1.302A/A
33457,2026-06-03 23:50:20,20.0750,10.92,1.302,14.530,A,#2,HOLDING,1.000A/A
33458,2026-06-03 23:50:23,20.0000,10.92,1.302,14.530,A,#2,HOLDING,1.303A/A
33459,2026-06-03 23:50:24,19.9250,10.92,1.302,14.530,A,#2,HOLDING,1.301A/A
33460,2026-06-03 23:50:26,19.8000,11.01,1.302,14.530,A,#2,HOLDING,1.294A/A
33461,2026-06-03 23:50:28,19.6750,11.01,1.294,14.466,A,#2,HOLDING,1.275A/A
33462,2026-06-03 23:50:30,19.5750,11.01,1.294,14.466,A,#2,HOLDING,1.255A/A
33463,2026-06-03 23:50:32,19.4750,11.01,1.294,14.466,A,#2,HOLDING,1.000A/A
33464,2026-06-03 23:50:34,19.3625,9.10,1.294,14.466,A,#2,HOLDING,1.239A/A
33465,2026-06-03 23:50:36,19.2375,9.10,1.216,13.467,A,#2,HOLDING,1.000A/A
33466,2026-06-03 23:50:38,19.1500,9.10,1.216,13.467,A,#2,HOLDING,1.210A/A
33467,2026-06-03 23:50:39,19.0750,9.10,1.216,13.467,A,#2,HOLDING,1.000A/A
33468,2026-06-03 23:50:41,18.9500,9.12,1.216,13.467,A,#2,HOLDING,1.127A/A
33469,2026-06-03 23:50:43,18.8250,9.12,1.114,11.461,A,#2,HOLDING,1.070A/A
33470,2026-06-03 23:50:46,18.7500,9.12,1.114,11.461,A,#2,HOLDING,1.000A/A
33471,2026-06-03 23:50:47,18.6750,9.12,1.114,11.461,A,#2,HOLDING,1.007A/A
33472,2026-06-03 23:50:49,18.5500,9.24,1.114,11.461,A,#2,HOLDING,0.944A/A
33473,2026-06-03 23:50:51,18.4500,9.24,0.944,8.448,A,#2,HOLDING,0.876A/A
33474,2026-06-03 23:50:53,18.4000,9.24,0.944,8.448,A,#2,HOLDING,0.795A/A
33475,2026-06-03 23:50:55,18.3250,9.24,0.944,8.448,A,#2,HOLDING,0.740A/A
33476,2026-06-03 23:50:57,18.2125,7.37,0.944,8.448,A,#2,HOLDING,0.670A/A
33477,2026-06-03 23:50:59,18.1375,7.37,0.670,4.676,A,#2,HOLDING,0.593A/A
33478,2026-06-03 23:51:01,18.0625,7.37,0.670,4.676,A,#2,HOLDING,0.494A/A
33479,2026-06-03 23:51:03,18.0125,7.37,0.670,4.676,A,#2,HOLDING,0.445A/A
33480,2026-06-03 23:51:04,17.9375,4.93,0.670,4.676,A,#2,HOLDING,0.367A/A
33481,2026-06-03 23:51:06,17.8875,4.93,0.380,1.673,A,#2,HOLDING,0.282A/A
33482,2026-06-03 23:51:09,17.8125,4.93,0.380,1.673,A,#2,HOLDING,0.182A/A
33483,2026-06-03 23:51:10,17.7875,4.93,0.380,1.673,A,#2,HOLDING,0.116A/A
33484,2026-06-03 23:51:12,17.7500,4.93,0.380,1.673,OFF,#2,HOLDING,0.000A/OFF
33485,2026-06-03 23:51:13,17.7000,2.24,0.380,1.673,OFF,#2,HOLDING,0.000A/OFF
33486,2026-06-03 23:51:14,17.7000,2.24,0.116,1.673,OFF,#2,HOLDING,0.000A/OFF
33487,2026-06-03 23:51:15,17.6875,2.24,0.116,0.544,B,#2,HOLDING,0.112A/B
33488,2026-06-03 23:51:17,17.6625,2.24,0.116,0.544,B,#2,HOLDING,0.183A/B
33489,2026-06-03 23:51:18,17.6625,2.24,0.116,0.544,B,#2,HOLDING,0.257A/B
33490,2026-06-03 23:51:20,17.6875,1.59,0.116,0.544,B,#2,HOLDING,0.321A/B
33491,2026-06-03 23:51:22,17.6875,1.59,0.289,0.725,B,#2,HOLDING,0.403A/B
33492,2026-06-03 23:51:24,17.6875,1.59,0.289,0.725,B,#2,HOLDING,0.514A/B
33493,2026-06-03 23:51:26,17.7125,1.59,0.289,0.725,B,#2,HOLDING,0.585A/B
33494,2026-06-03 23:51:28,17.7625,4.43,0.289,0.725,B,#2,HOLDING,0.660A/B
33495,2026-06-03 23:51:29,17.8125,4.43,0.646,3.498,B,#2,HOLDING,0.734A/B
33496,2026-06-03 23:51:32,17.8875,4.43,0.646,3.498,B,#2,HOLDING,0.827A/B
33497,2026-06-03 23:51:33,17.9625,4.43,0.646,3.498,B,#2,HOLDING,0.883A/B
33498,2026-06-03 23:51:35,18.0375,7.04,0.646,3.498,B,#2,HOLDING,0.949A/B
33499,2026-06-03 23:51:37,18.1375,7.04,0.949,7.345,B,#2,HOLDING,1.000A/B
33500,2026-06-03 23:51:40,18.2375,7.04,0.949,7.345,B,#2,HOLDING,1.000A/B
33501,2026-06-03 23:51:41,18.3875,7.04,0.949,7.345,B,#2,HOLDING,0.986A/B
33502,2026-06-03 23:51:43,18.4875,8.08,0.949,7.345,B,#2,HOLDING,1.038A/B
33503,2026-06-03 23:51:45,18.6375,8.08,1.038,8.989,B,#2,HOLDING,1.073A/B
33504,2026-06-03 23:51:47,18.8000,8.08,1.038,8.989,B,#2,HOLDING,1.127A/B
33505,2026-06-03 23:51:49,18.9500,8.08,1.038,8.989,B,#2,HOLDING,1.147A/B
33506,2026-06-03 23:51:51,19.1125,9.46,1.038,8.989,B,#2,HOLDING,1.126A/B
33507,2026-06-03 23:51:53,19.3125,9.46,1.126,10.674,B,#2,HOLDING,1.000A/B
33508,2026-06-03 23:51:55,19.5250,9.46,1.126,10.674,B,#2,HOLDING,1.146A/B
33509,2026-06-03 23:51:56,19.7000,9.46,1.126,10.674,B,#2,HOLDING,1.000A/B
33510,2026-06-03 23:51:58,19.9000,8.65,1.126,10.674,B,#2,HOLDING,1.153A/B
33511,2026-06-03 23:52:00,20.1250,8.65,1.153,11.380,B,#3,APPROACH,1.143A/B
33512,2026-06-03 23:52:03,20.3625,8.65,1.153,11.380,B,#3,APPROACH,0.138A/B
33513,2026-06-03 23:52:05,20.5625,8.65,1.153,11.380,B,#3,APPROACH,0.121A/B
33514,2026-06-03 23:52:07,20.7500,8.65,1.153,11.380,B,#3,APPROACH,0.134A/B
33515,2026-06-03 23:52:09,21.2375,7.86,1.153,11.380,OFF,#3,APPROACH,0.000A/OFF
33516,2026-06-03 23:52:10,21.2375,7.86,0.134,0.662,OFF,#3,APPROACH,0.130A/B
33517,2026-06-03 23:52:12,21.4625,7.86,0.134,0.662,B,#3,APPROACH,0.162A/B
33518,2026-06-03 23:52:14,21.6750,7.86,0.134,0.662,B,#3,APPROACH,0.207A/B
33519,2026-06-03 23:52:16,21.9000,2.46,0.134,0.662,B,#3,HOLDING,0.212A/B
33520,2026-06-03 23:52:17,22.0875,2.46,0.212,0.662,OFF,#3,HOLDING,0.000A/OFF
33521,2026-06-03 23:52:18,22.0875,2.46,0.212,0.534,OFF,#3,HOLDING,0.000A/OFF
33522,2026-06-03 23:52:19,22.2625,2.46,0.212,0.534,OFF,#3,HOLDING,0.000A/OFF
33523,2026-06-03 23:52:20,22.2625,2.46,0.212,0.534,OFF,#3,HOLDING,0.000A/OFF
33524,2026-06-03 23:52:21,22.4750,2.46,0.212,0.534,OFF,#3,HOLDING,0.000A/OFF
33525,2026-06-03 23:52:22,22.6250,2.46,0.212,0.534,OFF,#3,HOLDING,0.000A/OFF
33526,2026-06-03 23:52:24,22.6250,12.00,0.212,0.534,OFF,#3,HOLDING,0.000A/OFF
33527,2026-06-03 23:52:25,22.8000,12.00,0.000,0.534,OFF,#3,HOLDING,0.000A/OFF
33528,2026-06-03 23:52:26,22.8000,12.00,0.000,0.000,OFF,#3,HOLDING,0.000A/OFF
33529,2026-06-03 23:52:27,22.9500,12.00,0.000,0.000,OFF,#3,HOLDING,0.000A/OFF
33530,2026-06-03 23:52:28,22.9500,12.00,0.000,0.000,OFF,#3,HOLDING,0.000A/OFF
33531,2026-06-03 23:52:29,23.0750,12.00,0.000,0.000,OFF,#3,HOLDING,0.000A/OFF
33532,2026-06-03 23:52:30,23.0750,12.00,0.000,0.000,OFF,#3,HOLDING,0.000A/OFF
33533,2026-06-03 23:52:31,23.2000,12.00,0.000,0.000,OFF,#3,HOLDING,0.000A/OFF
33534,2026-06-03 23:52:32,23.2000,12.00,0.000,0.000,OFF,#3,HOLDING,0.000A/OFF
33535,2026-06-03 23:52:33,23.3000,12.00,0.000,0.000,OFF,#3,HOLDING,0.000A/OFF
33536,2026-06-03 23:52:34,23.3000,12.00,0.000,0.000,OFF,#3,HOLDING,0.000A/OFF
33537,2026-06-03 23:52:35,23.4000,12.00,0.000,0.000,OFF,#3,HOLDING,0.000A/OFF
33538,2026-06-03 23:52:36,23.4000,12.00,0.000,0.000,OFF,#3,HOLDING,0.000A/OFF
33539,2026-06-03 23:52:37,23.4875,12.00,0.000,0.000,OFF,#3,HOLDING,0.000A/OFF
33540,2026-06-03 23:52:38,23.4875,12.00,0.000,0.000,OFF,#3,HOLDING,0.000A/OFF
33541,2026-06-03 23:52:39,23.5875,12.00,0.000,0.000,OFF,#3,HOLDING,0.000A/OFF
33542,2026-06-03 23:52:40,23.5875,12.00,0.000,0.000,OFF,#3,HOLDING,0.000A/OFF
33543,2026-06-03 23:52:41,23.6375,12.00,0.000,0.000,OFF,#3,HOLDING,0.000A/OFF
33544,2026-06-03 23:52:42,23.7375,12.00,0.000,0.000,OFF,#3,HOLDING,0.000A/OFF
33545,2026-06-03 23:52:43,23.7375,12.00,0.000,0.000,OFF,#3,HOLDING,0.000A/OFF
33546,2026-06-03 23:52:44,23.7750,12.00,0.000,0.000,A,#3,HOLDING,0.106A/A
33547,2026-06-03 23:52:46,23.8250,12.00,0.000,0.000,A,#3,HOLDING,0.137A/A
33548,2026-06-03 23:52:48,23.8875,12.00,0.000,0.000,A,#3,HOLDING,0.177A/A
33549,2026-06-03 23:52:50,23.9375,1.65,0.000,0.000,A,#3,HOLDING,0.264A/A
33550,2026-06-03 23:52:51,23.9750,1.65,0.218,0.657,A,#3,HOLDING,0.306A/A
33551,2026-06-03 23:52:54,24.0000,1.65,0.218,0.657,A,#3,HOLDING,0.353A/A
33552,2026-06-03 23:52:55,24.0000,1.65,0.218,0.657,A,#3,HOLDING,0.383A/A
33553,2026-06-03 23:52:57,24.0000,3.43,0.218,0.657,A,#3,HOLDING,0.420A/A
33554,2026-06-03 23:52:59,24.0000,3.43,0.399,1.612,A,#3,HOLDING,0.458A/A
33555,2026-06-03 23:53:01,24.0000,3.43,0.399,1.612,A,#3,HOLDING,0.511A/A
33556,2026-06-03 23:53:03,24.0000,3.43,0.399,1.612,A,#3,HOLDING,0.546A/A
33557,2026-06-03 23:53:05,24.0000,4.79,0.399,1.612,A,#3,HOLDING,0.587A/A
33558,2026-06-03 23:53:07,23.9375,4.79,0.564,3.075,A,#3,HOLDING,0.616A/A
33559,2026-06-03 23:53:09,23.9375,4.79,0.564,3.075,A,#3,HOLDING,0.666A/A
33560,2026-06-03 23:53:11,23.9250,4.79,0.564,3.075,A,#3,HOLDING,0.697A/A
33561,2026-06-03 23:53:13,23.8250,6.11,0.564,3.075,A,#3,HOLDING,0.677A/A
33562,2026-06-03 23:53:14,23.8000,6.11,0.677,4.129,A,#3,HOLDING,0.708A/A
33563,2026-06-03 23:53:17,23.7250,6.11,0.677,4.129,A,#3,HOLDING,0.743A/A
33564,2026-06-03 23:53:18,23.6750,6.11,0.677,4.129,A,#3,HOLDING,0.772A/A
33565,2026-06-03 23:53:20,23.6000,6.82,0.677,4.129,A,#3,HOLDING,0.795A/A
33566,2026-06-03 23:53:22,23.5250,6.82,0.781,5.660,A,#3,HOLDING,0.816A/A
33567,2026-06-03 23:53:25,23.4750,6.82,0.781,5.660,A,#3,HOLDING,0.846A/A
33568,2026-06-03 23:53:26,23.3750,6.82,0.781,5.660,A,#3,HOLDING,0.858A/A
33569,2026-06-03 23:53:28,23.3000,7.56,0.781,5.660,A,#3,HOLDING,0.871A/A
33570,2026-06-03 23:53:30,23.2125,7.56,0.871,6.793,A,#3,HOLDING,0.878A/A
33571,2026-06-03 23:53:32,23.1125,7.56,0.871,6.793,A,#3,HOLDING,0.892A/A
33572,2026-06-03 23:53:34,23.0000,7.56,0.871,6.793,A,#3,HOLDING,0.889A/A
33573,2026-06-03 23:53:36,22.9250,7.90,0.871,6.793,A,#3,HOLDING,0.891A/A
33574,2026-06-03 23:53:38,22.8250,7.90,0.891,7.154,A,#3,HOLDING,0.886A/A
33575,2026-06-03 23:53:40,22.7000,7.90,0.891,7.154,A,#4,APPROACH,0.879A/A
33576,2026-06-03 23:53:42,22.5875,7.90,0.891,7.154,A,#4,APPROACH,0.207A/A
33577,2026-06-03 23:53:43,22.5875,7.90,0.891,7.154,A,#4,APPROACH,0.226A/A
33578,2026-06-03 23:53:45,22.3750,7.65,0.891,7.154,A,#4,APPROACH,0.242A/A
33579,2026-06-03 23:53:47,22.3000,7.65,0.282,0.728,A,#4,APPROACH,0.285A/A
33580,2026-06-03 23:53:50,22.1500,7.65,0.282,0.728,A,#4,APPROACH,0.343A/A
33581,2026-06-03 23:53:51,22.0750,7.65,0.282,0.728,A,#4,APPROACH,0.396A/A
33582,2026-06-03 23:53:53,21.9500,4.12,0.282,0.728,A,#4,APPROACH,0.464A/A
33583,2026-06-03 23:53:55,21.8000,4.12,0.464,2.199,A,#4,APPROACH,0.531A/A
33584,2026-06-03 23:53:57,21.7375,4.12,0.464,2.199,A,#4,APPROACH,0.655A/A
33585,2026-06-03 23:53:59,21.6375,4.12,0.464,2.199,A,#4,APPROACH,0.744A/A
33586,2026-06-03 23:54:01,21.5250,6.84,0.464,2.199,A,#4,APPROACH,0.822A/A
33587,2026-06-03 23:54:03,21.4500,6.84,0.822,6.222,A,#4,APPROACH,0.925A/A
33588,2026-06-03 23:54:05,21.3875,6.84,0.822,6.222,A,#4,APPROACH,1.000A/A
33589,2026-06-03 23:54:07,21.2625,6.84,0.822,6.222,A,#4,APPROACH,1.000A/A
33590,2026-06-03 23:54:09,21.2000,8.71,0.822,6.222,A,#4,APPROACH,1.039A/A
33591,2026-06-03 23:54:10,21.1000,8.71,1.039,9.496,A,#4,APPROACH,1.116A/A
33592,2026-06-03 23:54:13,21.0250,8.71,1.039,9.496,A,#4,APPROACH,1.234A/A
33593,2026-06-03 23:54:14,20.9250,8.71,1.039,9.496,A,#4,APPROACH,1.298A/A
33594,2026-06-03 23:54:16,20.8375,10.77,1.039,9.496,A,#4,APPROACH,1.378A/A
33595,2026-06-03 23:54:18,20.7375,10.77,1.378,15.847,A,#4,APPROACH,1.448A/A
33596,2026-06-03 23:54:21,20.6500,10.77,1.378,15.847,A,#4,APPROACH,1.546A/A
33597,2026-06-03 23:54:22,20.5250,10.77,1.378,15.847,A,#4,APPROACH,1.595A/A
33598,2026-06-03 23:54:24,20.4500,12.00,1.378,15.847,A,#4,APPROACH,1.663A/A
33599,2026-06-03 23:54:26,20.3250,12.00,1.445,17.184,A,#4,APPROACH,1.715A/A
33600,2026-06-03 23:54:28,20.2375,12.00,1.445,17.184,A,#4,APPROACH,1.796A/A
33601,2026-06-03 23:54:30,20.1125,12.00,1.445,17.184,A,#4,APPROACH,1.831A/A
33602,2026-06-03 23:54:32,20.0000,12.00,1.445,17.184,A,#4,APPROACH,1.880A/A
33603,2026-06-03 23:54:34,19.8750,12.00,1.426,16.968,A,#4,APPROACH,1.000A/A
33604,2026-06-03 23:54:36,19.7375,12.00,1.426,16.968,A,#4,APPROACH,1.913A/A
33605,2026-06-03 23:54:37,19.6125,12.00,1.426,16.968,A,#4,APPROACH,1.000A/A
33606,2026-06-03 23:54:39,19.5125,9.09,1.426,16.968,A,#4,HOLDING,1.000A/A
33607,2026-06-03 23:54:41,19.3625,9.09,1.000,16.968,OFF,#4,HOLDING,0.000A/OFF
33608,2026-06-03 23:54:42,19.3625,9.09,1.000,9.202,OFF,#4,HOLDING,0.000A/OFF
33609,2026-06-03 23:54:43,19.2500,9.09,1.000,9.202,OFF,#4,HOLDING,0.000A/OFF
33610,2026-06-03 23:54:44,19.2500,9.09,1.000,9.202,OFF,#4,HOLDING,0.000A/OFF
33611,2026-06-03 23:54:45,19.1500,9.09,1.000,9.202,OFF,#4,HOLDING,0.000A/OFF
33612,2026-06-03 23:54:46,19.1500,9.09,1.000,9.202,OFF,#4,HOLDING,0.000A/OFF
33613,2026-06-03 23:54:47,19.0250,12.00,1.000,9.202,OFF,#4,HOLDING,0.000A/OFF
33614,2026-06-03 23:54:48,19.0250,12.00,0.000,9.202,OFF,#4,HOLDING,0.000A/OFF
33615,2026-06-03 23:54:49,18.9250,12.00,0.000,0.000,OFF,#4,HOLDING,0.000A/OFF
33616,2026-06-03 23:54:50,18.9250,12.00,0.000,0.000,A,#4,HOLDING,0.106A/A
33617,2026-06-03 23:54:52,18.8625,12.00,0.000,0.000,A,#4,HOLDING,0.107A/A
33618,2026-06-03 23:54:53,18.7875,1.72,0.000,0.000,A,#4,HOLDING,0.122A/A
33619,2026-06-03 23:54:55,18.7500,1.72,0.122,0.225,A,#4,HOLDING,0.124A/A
33620,2026-06-03 23:54:58,18.7000,1.72,0.122,0.225,A,#4,HOLDING,0.132A/A
33621,2026-06-03 23:54:59,18.6875,1.72,0.122,0.225,A,#4,HOLDING,0.141A/A
33622,2026-06-03 23:55:01,18.6875,1.90,0.122,0.225,A,#4,HOLDING,0.148A/A
33623,2026-06-03 23:55:03,18.6875,1.90,0.148,0.291,A,#4,HOLDING,0.155A/A
33624,2026-06-03 23:55:05,18.6875,1.90,0.148,0.291,A,#4,HOLDING,0.160A/A
33625,2026-06-03 23:55:07,18.6750,1.90,0.148,0.291,A,#4,HOLDING,0.161A/A
33626,2026-06-03 23:55:09,18.6750,1.99,0.148,0.291,A,#4,HOLDING,0.164A/A
33627,2026-06-03 23:55:11,18.6875,1.99,0.164,0.332,A,#4,HOLDING,0.168A/A
33628,2026-06-03 23:55:13,18.7375,1.99,0.164,0.332,A,#4,HOLDING,0.180A/A
33629,2026-06-03 23:55:15,18.7500,1.99,0.164,0.332,A,#4,HOLDING,0.186A/A
33630,2026-06-03 23:55:17,18.7500,2.15,0.164,0.332,A,#4,HOLDING,0.191A/A
33631,2026-06-03 23:55:18,18.7875,2.15,0.191,0.424,A,#4,HOLDING,0.197A/A
33632,2026-06-03 23:55:21,18.8125,2.15,0.191,0.424,A,#4,HOLDING,0.208A/A
33633,2026-06-03 23:55:22,18.8125,2.15,0.191,0.424,A,#4,HOLDING,0.215A/A
33634,2026-06-03 23:55:24,18.8625,2.37,0.191,0.424,A,#4,HOLDING,0.226A/A
33635,2026-06-03 23:55:26,18.8875,2.37,0.226,0.567,A,#4,HOLDING,0.237A/A
33636,2026-06-03 23:55:28,18.9375,2.37,0.226,0.567,A,#4,HOLDING,0.257A/A
33637,2026-06-03 23:55:30,18.9375,2.37,0.226,0.567,A,#4,HOLDING,0.263A/A
33638,2026-06-03 23:55:32,18.9625,2.78,0.226,0.567,A,#4,HOLDING,0.277A/A
33639,2026-06-03 23:55:34,19.0000,2.78,0.277,0.822,A,#4,HOLDING,0.291A/A
33640,2026-06-03 23:55:36,19.0250,2.78,0.277,0.822,A,#4,HOLDING,0.314A/A
33641,2026-06-03 23:55:38,19.0625,2.78,0.277,0.822,A,#4,HOLDING,0.330A/A
33642,2026-06-03 23:55:40,19.1125,3.37,0.277,0.822,A,#5,APPROACH,0.351A/A
33643,2026-06-03 23:55:41,19.1250,3.37,0.351,0.822,OFF,#5,HOLDING,0.000A/OFF
33644,2026-06-03 23:55:42,19.1250,3.37,0.351,0.822,OFF,#5,HOLDING,0.000A/OFF
33645,2026-06-03 23:55:43,19.1500,3.37,0.351,0.000,OFF,#5,HOLDING,0.000A/OFF
33646,2026-06-03 23:55:44,19.1500,3.37,0.351,0.000,OFF,#5,HOLDING,0.000A/OFF
33647,2026-06-03 23:55:45,19.1875,3.37,0.351,0.000,OFF,#5,HOLDING,0.000A/OFF
33648,2026-06-03 23:55:47,19.1875,3.37,0.351,0.000,OFF,#5,HOLDING,0.000A/OFF
33649,2026-06-03 23:55:48,19.2125,3.37,0.351,0.000,OFF,#5,HOLDING,0.000A/OFF
33650,2026-06-03 23:55:49,19.2125,12.00,0.351,0.000,OFF,#5,HOLDING,0.000A/OFF
33651,2026-06-03 23:55:50,19.2625,12.00,0.000,0.000,OFF,#5,HOLDING,0.000A/OFF
33652,2026-06-03 23:55:51,19.3125,12.00,0.000,0.000,OFF,#5,HOLDING,0.000A/OFF
33653,2026-06-03 23:55:52,19.3125,12.00,0.000,0.000,OFF,#5,HOLDING,0.000A/OFF
33654,2026-06-03 23:55:53,19.3125,12.00,0.000,0.000,OFF,#5,HOLDING,0.000A/OFF
33655,2026-06-03 23:55:54,19.3125,12.00,0.000,0.000,OFF,#5,HOLDING,0.000A/OFF
33656,2026-06-03 23:55:55,19.3625,12.00,0.000,0.000,OFF,#5,HOLDING,0.000A/OFF
33657,2026-06-03 23:55:56,19.3625,12.00,0.000,0.000,OFF,#5,HOLDING,0.000A/OFF
33658,2026-06-03 23:55:57,19.4375,12.00,0.000,0.000,OFF,#5,HOLDING,0.000A/OFF
33659,2026-06-03 23:55:58,19.4375,12.00,0.000,0.000,OFF,#5,HOLDING,0.000A/OFF
33660,2026-06-03 23:55:59,19.4375,12.00,0.000,0.000,OFF,#5,HOLDING,0.000A/OFF
33661,2026-06-03 23:56:00,19.4375,12.00,0.000,0.000,OFF,#5,HOLDING,0.000A/OFF
33662,2026-06-03 23:56:01,19.4750,12.00,0.000,0.000,OFF,#5,HOLDING,0.000A/OFF
33663,2026-06-03 23:56:02,19.4750,12.00,0.000,0.000,OFF,#5,HOLDING,0.000A/OFF
33664,2026-06-03 23:56:03,19.5250,12.00,0.000,0.000,OFF,#5,HOLDING,0.000A/OFF
33665,2026-06-03 23:56:04,19.5250,12.00,0.000,0.000,OFF,#5,HOLDING,0.000A/OFF
33666,2026-06-03 23:56:05,19.5750,12.00,0.000,0.000,OFF,#5,HOLDING,0.000A/OFF
33667,2026-06-03 23:56:06,19.5750,12.00,0.000,0.000,OFF,#5,HOLDING,0.000A/OFF
33668,2026-06-03 23:56:07,19.6250,12.00,0.000,0.000,A,#5,HOLDING,0.105A/A
33669,2026-06-03 23:56:08,19.6625,12.00,0.000,0.000,A,#5,HOLDING,0.118A/A
33670,2026-06-03 23:56:10,19.7125,12.00,0.000,0.146,A,#5,HOLDING,0.146A/A
33671,2026-06-03 23:56:12,19.7875,12.00,0.000,0.146,A,#5,HOLDING,0.169A/A
33672,2026-06-03 23:56:13,19.7875,12.00,0.000,0.146,A,#5,HOLDING,0.186A/A
33673,2026-06-03 23:56:15,19.8375,1.80,0.000,0.146,A,#5,HOLDING,0.214A/A
33674,2026-06-03 23:56:17,19.8750,1.80,0.214,0.457,A,#5,HOLDING,0.236A/A
33675,2026-06-03 23:56:19,19.9750,1.80,0.214,0.457,A,#5,HOLDING,0.286A/A
33676,2026-06-03 23:56:21,19.9750,1.80,0.214,0.457,A,#5,HOLDING,0.311A/A
33677,2026-06-03 23:56:23,20.0250,2.93,0.214,0.457,A,#5,HOLDING,0.343A/A
33678,2026-06-03 23:56:25,20.0375,2.93,0.343,1.149,A,#5,HOLDING,0.372A/A
33679,2026-06-03 23:56:27,20.1250,2.93,0.343,1.149,A,#5,HOLDING,0.429A/A
33680,2026-06-03 23:56:29,20.1250,2.93,0.343,1.149,A,#5,HOLDING,0.453A/A
33681,2026-06-03 23:56:31,20.1250,4.19,0.343,1.149,A,#5,HOLDING,0.488A/A
33682,2026-06-03 23:56:32,20.1250,4.19,0.488,2.249,A,#5,HOLDING,0.519A/A
33683,2026-06-03 23:56:35,20.1875,4.19,0.488,2.249,A,#5,HOLDING,0.576A/A
33684,2026-06-03 23:56:36,20.1875,4.19,0.488,2.249,A,#5,HOLDING,0.611A/A
33685,2026-06-03 23:56:38,20.1875,5.52,0.488,2.249,A,#5,HOLDING,0.652A/A
33686,2026-06-03 23:56:40,20.1875,5.52,0.652,3.938,A,#5,HOLDING,0.689A/A
33687,2026-06-03 23:56:43,20.2125,5.52,0.652,3.938,OFF,--,DONE,0.747A/A
33688,2026-06-03 23:56:45,20.1875,5.52,0.652,3.938,OFF,--,DONE,--
33689,2026-06-03 23:56:46,20.1875,5.52,0.652,3.938,OFF,--,DONE,--
33690,2026-06-03 23:56:47,20.1875,12.00,0.652,3.938,OFF,--,DONE,--
33691,2026-06-03 23:56:48,20.1875,12.00,0.000,3.938,OFF,--,DONE,--
33692,2026-06-03 23:56:49,20.1875,12.00,0.000,0.000,OFF,--,DONE,--
33693,2026-06-03 23:56:50,20.1875,12.00,0.000,0.000,OFF,--,DONE,--
33694,2026-06-03 23:56:51,20.1750,12.00,0.000,0.000,OFF,--,DONE,--
33695,2026-06-03 23:56:52,20.1750,12.00,0.000,0.000,OFF,--,DONE,--
33696,2026-06-03 23:56:53,20.1250,12.00,0.000,0.000,OFF,--,DONE,--
33697,2026-06-03 23:56:54,20.1250,12.00,0.000,0.000,OFF,--,DONE,--
33698,2026-06-03 23:56:55,20.1250,12.00,0.000,0.000,OFF,--,DONE,--
33699,2026-06-03 23:56:56,20.1250,12.00,0.000,0.000,OFF,--,DONE,--
33700,2026-06-03 23:56:57,20.1500,12.00,0.000,0.000,OFF,--,DONE,--
33701,2026-06-03 23:56:58,20.1500,12.00,0.000,0.000,OFF,--,DONE,--
33702,2026-06-03 23:56:59,20.1500,12.00,0.000,0.000,OFF,--,DONE,--
33703,2026-06-03 23:57:00,20.1750,12.00,0.000,0.000,OFF,--,DONE,--
33704,2026-06-03 23:57:01,20.1750,12.00,0.000,0.000,OFF,--,DONE,--
33705,2026-06-03 23:57:02,20.1875,12.00,0.000,0.000,OFF,--,DONE,--
33706,2026-06-03 23:57:03,20.1875,12.00,0.000,0.000,OFF,--,DONE,--
33707,2026-06-03 23:57:04,20.1875,12.00,0.000,0.000,OFF,--,DONE,--
33708,2026-06-03 23:57:05,20.1875,12.00,0.000,0.000,OFF,--,DONE,--
33709,2026-06-03 23:57:06,20.2250,12.00,0.000,0.000,OFF,--,DONE,--
33710,2026-06-03 23:57:07,20.2250,12.00,0.000,0.000,OFF,--,DONE,--
33711,2026-06-03 23:57:08,20.2500,12.00,0.000,0.000,OFF,--,DONE,--
33712,2026-06-03 23:57:09,20.2500,12.00,0.000,0.000,OFF,--,DONE,--
33713,2026-06-03 23:57:10,20.2625,12.00,0.000,0.000,OFF,--,DONE,--
33714,2026-06-03 23:57:11,20.2625,12.00,0.000,0.000,OFF,--,DONE,--
33715,2026-06-03 23:57:12,20.2875,12.00,0.000,0.000,OFF,--,DONE,--
33716,2026-06-03 23:57:13,20.2875,12.00,0.000,0.000,OFF,--,DONE,--
33717,2026-06-03 23:57:14,20.3125,12.00,0.000,0.000,OFF,--,DONE,--
33718,2026-06-03 23:57:15,20.3125,12.00,0.000,0.000,OFF,--,DONE,--
33719,2026-06-03 23:57:16,20.3625,12.00,0.000,0.000,OFF,--,DONE,--
33720,2026-06-03 23:57:17,20.3625,12.00,0.000,0.000,OFF,--,DONE,--
33721,2026-06-03 23:57:18,20.3750,12.00,0.000,0.000,OFF,--,DONE,--
33722,2026-06-03 23:57:19,20.4000,12.00,0.000,0.000,OFF,--,DONE,--
33723,2026-06-03 23:57:20,20.4000,12.00,0.000,0.000,OFF,--,DONE,--
33724,2026-06-03 23:57:21,20.4375,12.00,0.000,0.000,OFF,--,DONE,--
33725,2026-06-03 23:57:22,20.4375,12.00,0.000,0.000,OFF,--,DONE,--
33726,2026-06-03 23:57:23,20.4625,12.00,0.000,0.000,OFF,--,DONE,--
33727,2026-06-03 23:57:24,20.4625,12.00,0.000,0.000,OFF,--,DONE,--
33728,2026-06-03 23:57:25,20.5125,12.00,0.000,0.000,OFF,--,DONE,--
33729,2026-06-03 23:57:26,20.5125,12.00,0.000,0.000,OFF,--,DONE,--
33730,2026-06-03 23:57:27,20.5625,12.00,0.000,0.000,OFF,--,DONE,--
33731,2026-06-03 23:57:29,20.5625,12.00,0.000,0.000,OFF,--,DONE,--
33732,2026-06-03 23:57:30,20.5625,12.00,0.000,0.000,OFF,--,DONE,--
33733,2026-06-03 23:57:31,20.5625,12.00,0.000,0.000,OFF,--,DONE,--
33734,2026-06-03 23:57:32,20.6125,12.00,0.000,0.000,OFF,--,DONE,--
33735,2026-06-03 23:57:33,20.6125,12.00,0.000,0.000,OFF,--,DONE,--
33736,2026-06-03 23:57:34,20.6250,12.00,0.000,0.000,OFF,--,DONE,--
33737,2026-06-03 23:57:35,20.6750,12.00,0.000,0.000,OFF,--,DONE,--
33738,2026-06-03 23:57:36,20.6750,12.00,0.000,0.000,OFF,--,DONE,--
33739,2026-06-03 23:57:37,20.6875,12.00,0.000,0.000,OFF,--,DONE,--
33740,2026-06-03 23:57:38,20.6875,12.00,0.000,0.000,OFF,--,DONE,--
33741,2026-06-03 23:57:39,20.7125,12.00,0.000,0.000,OFF,--,DONE,--
33742,2026-06-03 23:57:40,20.7125,12.00,0.000,0.000,OFF,--,DONE,--
33743,2026-06-03 23:57:41,20.7500,12.00,0.000,0.000,OFF,--,DONE,--
33744,2026-06-03 23:57:42,20.7500,12.00,0.000,0.000,OFF,--,DONE,--
33745,2026-06-03 23:57:43,20.7750,12.00,0.000,0.000,OFF,--,DONE,--
33746,2026-06-03 23:57:44,20.7750,12.00,0.000,0.000,OFF,--,DONE,--
33747,2026-06-03 23:57:45,20.8250,12.00,0.000,0.000,OFF,--,DONE,--
33748,2026-06-03 23:57:46,20.8250,12.00,0.000,0.000,OFF,--,DONE,--
33749,2026-06-03 23:57:47,20.8750,12.00,0.000,0.000,OFF,--,DONE,--
33750,2026-06-03 23:57:48,20.8750,12.00,0.000,0.000,OFF,--,DONE,--
33751,2026-06-03 23:57:49,20.8875,12.00,0.000,0.000,OFF,--,DONE,--
33752,2026-06-03 23:57:50,20.9375,12.00,0.000,0.000,OFF,--,DONE,--
33753,2026-06-03 23:57:51,20.9375,12.00,0.000,0.000,OFF,--,DONE,--
33754,2026-06-03 23:57:52,20.9750,12.00,0.000,0.000,OFF,--,DONE,--
33755,2026-06-03 23:57:53,20.9750,12.00,0.000,0.000,OFF,--,DONE,--
33756,2026-06-03 23:57:54,21.0250,12.00,0.000,0.000,OFF,--,DONE,--
33757,2026-06-03 23:57:55,21.0250,12.00,0.000,0.000,OFF,--,DONE,--
33758,2026-06-03 23:57:56,21.0375,12.00,0.000,0.000,OFF,--,DONE,--
33759,2026-06-03 23:57:57,21.0375,12.00,0.000,0.000,OFF,--,DONE,--
33760,2026-06-03 23:57:58,21.0625,12.00,0.000,0.000,OFF,--,DONE,--
33761,2026-06-03 23:57:59,21.0625,12.00,0.000,0.000,OFF,--,DONE,--
33762,2026-06-03 23:58:00,21.1000,12.00,0.000,0.000,OFF,--,DONE,--
33763,2026-06-03 23:58:01,21.1000,12.00,0.000,0.000,OFF,--,DONE,--
33764,2026-06-03 23:58:02,21.1250,12.00,0.000,0.000,OFF,--,DONE,--
33765,2026-06-03 23:58:03,21.1250,12.00,0.000,0.000,OFF,--,DONE,--
33766,2026-06-03 23:58:04,21.1750,12.00,0.000,0.000,OFF,--,DONE,--
33767,2026-06-03 23:58:06,21.1750,12.00,0.000,0.000,OFF,--,DONE,--
33768,2026-06-03 23:58:07,21.1750,12.00,0.000,0.000,OFF,--,DONE,--
33769,2026-06-03 23:58:08,21.2500,12.00,0.000,0.000,OFF,--,DONE,--
33770,2026-06-03 23:58:09,21.2500,12.00,0.000,0.000,OFF,--,DONE,--
33771,2026-06-03 23:58:10,21.2750,12.00,0.000,0.000,OFF,--,DONE,--
33772,2026-06-03 23:58:11,21.2750,12.00,0.000,0.000,OFF,--,DONE,--
33773,2026-06-03 23:58:12,21.2875,12.00,0.000,0.000,OFF,--,DONE,--
33774,2026-06-03 23:58:13,21.2875,12.00,0.000,0.000,OFF,--,DONE,--
33775,2026-06-03 23:58:14,21.3125,12.00,0.000,0.000,OFF,--,DONE,--
33776,2026-06-03 23:58:15,21.3125,12.00,0.000,0.000,OFF,--,DONE,--
33777,2026-06-03 23:58:16,21.3375,12.00,0.000,0.000,OFF,--,DONE,--
33778,2026-06-03 23:58:17,21.3375,12.00,0.000,0.000,OFF,--,DONE,--
33779,2026-06-03 23:58:18,21.3375,12.00,0.000,0.000,OFF,--,DONE,--
33780,2026-06-03 23:58:19,21.3750,12.00,0.000,0.000,OFF,--,DONE,--
33781,2026-06-03 23:58:20,21.3750,12.00,0.000,0.000,OFF,--,DONE,--
33782,2026-06-03 23:58:21,21.4250,12.00,0.000,0.000,OFF,--,DONE,--
33783,2026-06-03 23:58:22,21.4250,12.00,0.000,0.000,OFF,--,DONE,--
33784,2026-06-03 23:58:23,21.4500,12.00,0.000,0.000,OFF,--,DONE,--
33785,2026-06-03 23:58:24,21.4500,12.00,0.000,0.000,OFF,--,DONE,--
33786,2026-06-03 23:58:25,21.4750,12.00,0.000,0.000,OFF,--,DONE,--
33787,2026-06-03 23:58:26,21.4750,12.00,0.000,0.000,OFF,--,DONE,--
33788,2026-06-03 23:58:27,21.5000,12.00,0.000,0.000,OFF,--,DONE,--
33789,2026-06-03 23:58:28,21.5000,12.00,0.000,0.000,OFF,--,DONE,--
33790,2026-06-03 23:58:29,21.5250,12.00,0.000,0.000,OFF,--,DONE,--
33791,2026-06-03 23:58:30,21.5250,12.00,0.000,0.000,OFF,--,DONE,--
33792,2026-06-03 23:58:31,21.5375,12.00,0.000,0.000,OFF,--,DONE,--
33793,2026-06-03 23:58:32,21.5625,12.00,0.000,0.000,OFF,--,DONE,--
33794,2026-06-03 23:58:33,21.5625,12.00,0.000,0.000,OFF,--,DONE,--
33795,2026-06-03 23:58:34,21.6250,12.00,0.000,0.000,OFF,--,DONE,--
33796,2026-06-03 23:58:35,21.6250,12.00,0.000,0.000,OFF,--,DONE,--
33797,2026-06-03 23:58:36,21.6250,12.00,0.000,0.000,OFF,--,DONE,--
33798,2026-06-03 23:58:37,21.6250,12.00,0.000,0.000,OFF,--,DONE,--
33799,2026-06-03 23:58:38,21.6375,12.00,0.000,0.000,OFF,--,DONE,--
33800,2026-06-03 23:58:39,21.6375,12.00,0.000,0.000,OFF,--,DONE,--
33801,2026-06-03 23:58:41,21.6375,12.00,0.000,0.000,OFF,--,DONE,--
33802,2026-06-03 23:58:42,21.6375,12.00,0.000,0.000,OFF,--,DONE,--
33803,2026-06-03 23:58:43,21.6625,12.00,0.000,0.000,OFF,--,DONE,--
33804,2026-06-03 23:58:44,21.6625,12.00,0.000,0.000,OFF,--,DONE,--
33805,2026-06-03 23:58:45,21.6875,12.00,0.000,0.000,OFF,--,DONE,--
33806,2026-06-03 23:58:46,21.6875,12.00,0.000,0.000,OFF,--,DONE,--
33807,2026-06-03 23:58:47,21.7250,12.00,0.000,0.000,OFF,--,DONE,--
33808,2026-06-03 23:58:48,21.7500,12.00,0.000,0.000,A,#1,HOLDING,0.218A/A
33809,2026-06-03 23:58:50,21.7500,12.00,0.000,0.000,A,#1,HOLDING,0.239A/A
33810,2026-06-03 23:58:52,21.8000,12.00,0.000,0.000,A,#1,HOLDING,0.179A/A
33811,2026-06-03 23:58:54,21.8125,12.00,0.000,0.000,A,#1,HOLDING,0.262A/A
33812,2026-06-03 23:58:56,21.8125,2.63,0.000,0.000,A,#1,HOLDING,0.200A/A
33813,2026-06-03 23:58:57,21.8375,2.63,0.200,0.416,A,#1,HOLDING,0.185A/A
33814,2026-06-03 23:59:00,21.8375,2.63,0.200,0.416,A,#1,HOLDING,0.197A/A
33815,2026-06-03 23:59:01,21.8750,2.63,0.200,0.416,A,#1,HOLDING,0.221A/A
33816,2026-06-03 23:59:03,21.8250,2.26,0.200,0.416,A,#1,HOLDING,0.244A/A
33817,2026-06-03 23:59:05,21.8125,2.26,0.244,0.646,A,#1,HOLDING,0.273A/A
33818,2026-06-03 23:59:08,21.8125,2.26,0.244,0.646,A,#1,HOLDING,0.315A/A
33819,2026-06-03 23:59:09,21.8125,2.26,0.244,0.646,A,#1,HOLDING,0.352A/A
33820,2026-06-03 23:59:11,21.8125,3.40,0.244,0.646,A,#1,HOLDING,0.368A/A
33821,2026-06-03 23:59:13,21.8000,3.40,0.368,1.343,A,#1,HOLDING,0.409A/A
33822,2026-06-03 23:59:15,21.7500,3.40,0.368,1.343,A,#1,HOLDING,0.444A/A
33823,2026-06-03 23:59:17,21.7500,3.40,0.368,1.343,A,#1,HOLDING,0.465A/A
33824,2026-06-03 23:59:19,21.7500,4.34,0.368,1.343,A,#1,HOLDING,0.505A/A
33825,2026-06-03 23:59:20,21.7500,4.34,0.505,2.408,A,#1,HOLDING,0.514A/A
33826,2026-06-03 23:59:23,21.6875,4.34,0.505,2.408,A,#1,HOLDING,0.557A/A
33827,2026-06-03 23:59:24,21.6250,4.34,0.505,2.408,A,#1,HOLDING,0.592A/A
33828,2026-06-03 23:59:26,21.6250,5.42,0.505,2.408,A,#1,HOLDING,0.662A/A
33829,2026-06-03 23:59:28,21.6250,5.42,0.662,4.051,A,#1,HOLDING,0.611A/A
33830,2026-06-03 23:59:31,21.5375,5.42,0.662,4.051,A,#1,HOLDING,0.650A/A
33831,2026-06-03 23:59:32,21.5000,5.42,0.662,4.051,A,#1,HOLDING,0.672A/A
33832,2026-06-03 23:59:34,21.4500,6.15,0.662,4.051,A,#1,HOLDING,0.713A/A
33833,2026-06-03 23:59:36,21.4500,6.15,0.713,4.727,A,#1,HOLDING,0.802A/A
33834,2026-06-03 23:59:38,21.3500,6.15,0.713,4.727,A,#1,HOLDING,0.824A/A
33835,2026-06-03 23:59:40,21.2750,6.15,0.713,4.727,A,#1,HOLDING,0.720A/A
33836,2026-06-03 23:59:42,21.2250,6.62,0.713,4.727,A,#1,HOLDING,0.707A/A
33837,2026-06-03 23:59:44,21.2250,6.62,0.707,4.729,A,#1,HOLDING,0.719A/A
33838,2026-06-03 23:59:46,21.1000,6.62,0.707,4.729,A,#1,HOLDING,0.615A/A
33839,2026-06-03 23:59:48,21.0250,6.62,0.707,4.729,A,#1,HOLDING,0.579A/A
33840,2026-06-03 23:59:49,20.9500,5.57,0.707,4.729,A,#2,APPROACH,0.520A/A
33841,2026-06-03 23:59:51,20.9500,5.57,0.520,0.000,B,#2,APPROACH,0.282A/B
33842,2026-06-03 23:59:54,20.8000,5.57,0.520,0.000,B,#2,APPROACH,0.789A/B
33843,2026-06-03 23:59:56,20.7750,5.57,0.520,0.000,B,#2,APPROACH,1.316A/B
33844,2026-06-03 23:59:58,20.7000,5.57,0.520,0.000,B,#2,APPROACH,1.006A/B
33845,2026-06-03 23:59:59,20.6500,7.93,0.520,0.000,B,#2,APPROACH,1.412A/B
33846,2026-06-04 00:00:01,20.6250,7.93,1.282,15.348,B,#2,APPROACH,1.284A/B
33847,2026-06-04 00:00:04,20.6250,7.93,1.282,15.348,B,#2,APPROACH,1.388A/B
33848,2026-06-04 00:00:05,20.6500,7.93,1.282,15.348,B,#2,APPROACH,1.500A/B
33849,2026-06-04 00:00:07,20.7250,11.50,1.282,15.348,B,#2,APPROACH,1.500A/B
33850,2026-06-04 00:00:09,20.8000,11.50,1.500,17.745,B,#2,APPROACH,2.332A/B
33851,2026-06-04 00:00:11,20.9250,11.50,1.500,17.745,B,#2,APPROACH,1.514A/B
33852,2026-06-04 00:00:13,21.0250,11.50,1.500,17.745,B,#2,APPROACH,1.338A/B
33853,2026-06-04 00:00:15,21.1750,10.87,1.500,17.745,B,#2,APPROACH,1.600A/B
33854,2026-06-04 00:00:16,21.3500,10.87,1.483,17.616,B,#2,APPROACH,1.734A/B
33855,2026-06-04 00:00:19,21.5500,10.87,1.483,17.616,B,#2,APPROACH,1.500A/B
33856,2026-06-04 00:00:20,21.7000,10.87,1.483,17.616,B,#2,APPROACH,1.500A/B
33857,2026-06-04 00:00:22,21.9000,12.00,1.483,17.616,B,#2,APPROACH,1.500A/B
33858,2026-06-04 00:00:24,22.1000,12.00,1.439,17.064,B,#2,HOLDING,1.127A/B
33859,2026-06-04 00:00:27,22.3375,12.00,1.439,17.064,OFF,#2,HOLDING,0.000A/OFF
33860,2026-06-04 00:00:28,22.3375,12.00,1.439,17.064,OFF,#2,HOLDING,0.000A/OFF
33861,2026-06-04 00:00:29,22.5875,12.00,1.439,17.064,OFF,#2,HOLDING,0.000A/OFF
33862,2026-06-04 00:00:30,22.5875,12.00,1.439,17.064,OFF,#2,HOLDING,0.000A/OFF
33863,2026-06-04 00:00:31,22.8000,12.00,0.000,17.064,OFF,#2,HOLDING,0.000A/OFF
33864,2026-06-04 00:00:32,22.8000,12.00,0.000,17.064,OFF,#2,HOLDING,0.000A/OFF
33865,2026-06-04 00:00:33,23.0250,12.00,0.000,0.000,OFF,#2,HOLDING,0.000A/OFF
33866,2026-06-04 00:00:34,23.0250,12.00,0.000,0.000,OFF,#2,HOLDING,0.000A/OFF
33867,2026-06-04 00:00:35,23.2500,12.00,0.000,0.000,OFF,#2,HOLDING,0.000A/OFF
33868,2026-06-04 00:00:36,23.4750,12.00,0.000,0.000,OFF,#2,HOLDING,0.000A/OFF
33869,2026-06-04 00:00:37,23.4750,12.00,0.000,0.000,A,#2,HOLDING,0.103A/A
33870,2026-06-04 00:00:39,23.6625,12.00,0.000,0.601,A,#2,HOLDING,0.187A/A
33871,2026-06-04 00:00:40,23.8125,12.00,0.000,0.601,A,#2,HOLDING,0.319A/A
33872,2026-06-04 00:00:42,23.9875,12.00,0.000,0.601,A,#2,HOLDING,0.264A/A
33873,2026-06-04 00:00:44,24.1375,1.81,0.000,0.601,A,#2,HOLDING,0.390A/A
33874,2026-06-04 00:00:46,24.2625,1.81,0.324,1.181,A,#2,HOLDING,0.518A/A
33875,2026-06-04 00:00:48,24.3875,1.81,0.324,1.181,A,#2,HOLDING,0.610A/A
33876,2026-06-04 00:00:50,24.4875,1.81,0.324,1.181,A,#2,HOLDING,0.518A/A
33877,2026-06-04 00:00:51,24.5625,4.19,0.324,1.181,A,#2,HOLDING,0.628A/A
33878,2026-06-04 00:00:53,24.6625,4.19,0.577,3.278,A,#2,HOLDING,0.592A/A
33879,2026-06-04 00:00:56,24.7375,4.19,0.577,3.278,A,#2,HOLDING,0.709A/A
33880,2026-06-04 00:00:57,24.8125,4.19,0.577,3.278,A,#2,HOLDING,0.780A/A
33881,2026-06-04 00:00:59,24.8375,6.49,0.577,3.278,A,#2,HOLDING,0.886A/A
33882,2026-06-04 00:01:01,24.8750,6.49,0.867,6.600,A,#2,HOLDING,0.854A/A
33883,2026-06-04 00:01:03,24.8750,6.49,0.867,6.600,A,#2,HOLDING,0.907A/A
33884,2026-06-04 00:01:05,24.8750,6.49,0.867,6.600,A,#2,HOLDING,0.985A/A
33885,2026-06-04 00:01:07,24.8750,8.11,0.867,6.600,A,#2,HOLDING,1.051A/A
33886,2026-06-04 00:01:09,24.8375,8.11,1.038,9.269,A,#2,HOLDING,1.062A/A
33887,2026-06-04 00:01:11,24.8125,8.11,1.038,9.269,A,#2,HOLDING,1.000A/A
33888,2026-06-04 00:01:13,24.7500,8.11,1.038,9.269,A,#2,HOLDING,1.143A/A
33889,2026-06-04 00:01:14,24.7000,9.41,1.038,9.269,A,#2,HOLDING,1.200A/A
33890,2026-06-04 00:01:16,24.6125,9.41,1.200,12.024,A,#2,HOLDING,1.246A/A
33891,2026-06-04 00:01:19,24.5125,9.41,1.200,12.024,A,#2,HOLDING,1.308A/A
33892,2026-06-04 00:01:20,24.4375,9.41,1.200,12.024,A,#2,HOLDING,1.356A/A
33893,2026-06-04 00:01:22,24.3375,10.98,1.200,12.024,A,#2,HOLDING,1.000A/A
33894,2026-06-04 00:01:24,24.2375,10.98,1.035,8.760,A,#2,HOLDING,1.354A/A
33895,2026-06-04 00:01:26,24.1125,10.98,1.035,8.760,A,#2,HOLDING,1.000A/A
33896,2026-06-04 00:01:28,23.9875,10.98,1.035,8.760,A,#2,HOLDING,1.330A/A
33897,2026-06-04 00:01:30,23.8625,10.93,1.035,8.760,A,#2,HOLDING,1.362A/A
33898,2026-06-04 00:01:32,23.7375,10.93,1.362,15.513,A,#2,HOLDING,1.384A/A
33899,2026-06-04 00:01:34,23.5875,10.93,1.362,15.513,A,#2,HOLDING,1.414A/A
33900,2026-06-04 00:01:36,23.4625,10.93,1.362,15.513,A,#2,HOLDING,1.428A/A
33901,2026-06-04 00:01:38,23.3125,11.71,1.362,15.513,A,#2,HOLDING,1.436A/A
33902,2026-06-04 00:01:39,23.1625,11.71,1.436,17.196,A,#2,HOLDING,1.438A/A
33903,2026-06-04 00:01:42,22.9875,11.71,1.436,17.196,A,#2,HOLDING,1.000A/A
33904,2026-06-04 00:01:43,22.8625,11.71,1.436,17.196,A,#2,HOLDING,1.000A/A
33905,2026-06-04 00:01:45,22.6875,9.00,1.436,17.196,A,#2,HOLDING,1.429A/A
33906,2026-06-04 00:01:47,22.5250,9.00,1.410,17.076,A,#2,HOLDING,1.405A/A
33907,2026-06-04 00:01:49,22.3750,9.00,1.410,17.076,A,#2,HOLDING,1.377A/A
33908,2026-06-04 00:01:51,22.2375,9.00,1.410,17.076,A,#2,HOLDING,1.000A/A
33909,2026-06-04 00:01:53,22.0875,9.09,1.410,17.076,A,#2,HOLDING,1.356A/A
33910,2026-06-04 00:01:55,21.9250,9.09,1.356,15.770,A,#2,HOLDING,1.254A/A
33911,2026-06-04 00:01:57,21.7500,9.09,1.356,15.770,A,#2,HOLDING,1.189A/A
33912,2026-06-04 00:01:59,21.6375,9.09,1.356,15.770,A,#2,HOLDING,1.137A/A
33913,2026-06-04 00:02:01,21.4625,10.07,1.356,15.770,A,#2,HOLDING,1.064A/A
33914,2026-06-04 00:02:02,21.2750,10.07,1.098,10.288,A,#2,HOLDING,0.988A/A
33915,2026-06-04 00:02:05,21.1750,10.07,1.098,10.288,A,#2,HOLDING,0.891A/A
33916,2026-06-04 00:02:06,21.0125,10.07,1.098,10.288,A,#2,HOLDING,0.828A/A
33917,2026-06-04 00:02:08,20.8625,7.94,1.098,10.288,A,#2,HOLDING,0.743A/A
33918,2026-06-04 00:02:10,20.7375,7.94,0.743,5.498,A,#2,HOLDING,0.647A/A
33919,2026-06-04 00:02:12,20.6125,7.94,0.743,5.498,A,#2,HOLDING,0.535A/A
33920,2026-06-04 00:02:14,20.4625,7.94,0.743,5.498,A,#2,HOLDING,0.442A/A
33921,2026-06-04 00:02:16,20.3625,4.92,0.743,5.498,A,#2,HOLDING,0.341A/A
33922,2026-06-04 00:02:18,20.2125,4.92,0.341,1.435,A,#2,HOLDING,0.222A/A
33923,2026-06-04 00:02:20,20.1375,4.92,0.341,1.435,OFF,#2,HOLDING,0.000A/OFF
33924,2026-06-04 00:02:21,20.1375,4.92,0.341,1.435,OFF,#2,HOLDING,0.000A/OFF
33925,2026-06-04 00:02:22,20.0500,4.92,0.341,1.435,OFF,#2,HOLDING,0.000A/OFF
33926,2026-06-04 00:02:23,20.0500,4.92,0.341,1.435,OFF,#2,HOLDING,0.000A/OFF
33927,2026-06-04 00:02:24,19.9500,12.00,0.000,1.435,B,#2,HOLDING,0.115A/B
33928,2026-06-04 00:02:26,19.8750,12.00,0.000,0.000,B,#2,HOLDING,0.213A/B
33929,2026-06-04 00:02:27,19.8250,12.00,0.000,0.000,B,#2,HOLDING,0.321A/B
33930,2026-06-04 00:02:29,19.8250,12.00,0.000,0.000,B,#2,HOLDING,0.418A/B
33931,2026-06-04 00:02:31,19.7750,2.97,0.000,0.000,B,#2,HOLDING,0.535A/B
33932,2026-06-04 00:02:33,19.7500,2.97,0.474,2.177,B,#2,HOLDING,0.656A/B
33933,2026-06-04 00:02:35,19.7250,2.97,0.474,2.177,B,#2,HOLDING,0.815A/B
33934,2026-06-04 00:02:37,19.7250,2.97,0.474,2.177,B,#2,HOLDING,0.919A/B
33935,2026-06-04 00:02:38,19.7000,7.13,0.474,2.177,B,#2,HOLDING,1.000A/B
33936,2026-06-04 00:02:40,19.7500,7.13,0.958,7.980,B,#2,HOLDING,1.041A/B
33937,2026-06-04 00:02:43,19.8375,7.13,0.958,7.980,B,#2,HOLDING,1.180A/B
33938,2026-06-04 00:02:44,19.8375,7.13,0.958,7.980,B,#2,HOLDING,1.282A/B
33939,2026-06-04 00:02:46,19.8875,10.07,0.958,7.980,B,#2,HOLDING,1.398A/B
33940,2026-06-04 00:02:48,19.9875,10.07,1.346,15.433,B,#2,HOLDING,1.498A/B
33941,2026-06-04 00:02:50,20.2000,10.07,1.346,15.433,B,#2,HOLDING,1.000A/B
33942,2026-06-04 00:02:52,20.2000,10.07,1.346,15.433,B,#2,HOLDING,1.598A/B
33943,2026-06-04 00:02:54,20.3375,12.00,1.346,15.433,B,#2,HOLDING,1.500A/B
33944,2026-06-04 00:02:56,20.4875,12.00,1.500,17.964,B,#2,HOLDING,1.682A/B
33945,2026-06-04 00:02:58,20.8250,12.00,1.500,17.964,B,#2,HOLDING,1.000A/B
33946,2026-06-04 00:03:00,20.8250,12.00,1.500,17.964,B,#2,HOLDING,1.759A/B
33947,2026-06-04 00:03:02,21.0000,12.00,1.500,17.964,B,#2,HOLDING,1.000A/B
33948,2026-06-04 00:03:03,21.2500,12.00,1.211,8.890,B,#2,HOLDING,1.804A/B
33949,2026-06-04 00:03:06,21.6875,12.00,1.211,8.890,B,#2,HOLDING,1.812A/B
33950,2026-06-04 00:03:07,21.6875,12.00,1.211,8.890,B,#2,HOLDING,1.871A/B
33951,2026-06-04 00:03:09,21.9000,12.00,1.211,8.890,B,#2,HOLDING,1.906A/B
33952,2026-06-04 00:03:11,22.1500,12.00,1.434,17.004,B,#2,HOLDING,1.892A/B
33953,2026-06-04 00:03:13,22.6500,12.00,1.434,17.004,B,#2,HOLDING,1.500A/B
33954,2026-06-04 00:03:15,22.6500,12.00,1.434,17.004,B,#2,HOLDING,1.892A/B
33955,2026-06-04 00:03:17,22.8750,12.00,1.434,17.004,B,#2,HOLDING,1.900A/B
33956,2026-06-04 00:03:19,23.1500,12.00,1.400,16.608,B,#2,HOLDING,1.000A/B
33957,2026-06-04 00:03:21,23.6250,12.00,1.400,16.608,B,#2,HOLDING,1.866A/B
33958,2026-06-04 00:03:23,23.6250,12.00,1.400,16.608,B,#2,HOLDING,1.000A/B
33959,2026-06-04 00:03:25,23.9000,9.35,1.400,16.608,B,#2,HOLDING,1.866A/B
33960,2026-06-04 00:03:26,24.1500,9.35,1.380,16.404,B,#2,HOLDING,1.776A/B
33961,2026-06-04 00:03:29,24.6250,9.35,1.380,16.404,B,#2,HOLDING,1.000A/B
33962,2026-06-04 00:03:30,24.6250,9.35,1.380,16.404,B,#2,HOLDING,1.665A/B
33963,2026-06-04 00:03:32,24.8375,12.00,1.380,16.404,B,#2,HOLDING,1.587A/B
33964,2026-06-04 00:03:34,25.0625,12.00,1.359,16.128,B,#2,HOLDING,1.513A/B
33965,2026-06-04 00:03:37,25.5250,12.00,1.359,16.128,B,#2,HOLDING,1.330A/B
33966,2026-06-04 00:03:38,25.5250,12.00,1.359,16.128,B,#2,HOLDING,1.272A/B
33967,2026-06-04 00:03:40,25.7750,11.44,1.359,16.128,B,#2,HOLDING,1.153A/B
33968,2026-06-04 00:03:42,26.0000,11.44,1.206,12.394,B,#2,HOLDING,1.046A/B
33969,2026-06-04 00:03:44,26.4625,11.44,1.206,12.394,B,#2,HOLDING,0.882A/B
33970,2026-06-04 00:03:46,26.4625,11.44,1.206,12.394,B,#2,HOLDING,0.779A/B
33971,2026-06-04 00:03:48,26.6875,8.03,1.206,12.394,B,#2,HOLDING,0.629A/B
33972,2026-06-04 00:03:50,26.9125,8.03,0.702,4.352,B,#2,HOLDING,0.479A/B
33973,2026-06-04 00:03:52,27.3250,8.03,0.702,4.352,B,#2,HOLDING,0.243A/B
33974,2026-06-04 00:03:54,27.3250,8.03,0.702,4.352,B,#2,HOLDING,0.112A/B
33975,2026-06-04 00:03:55,27.5500,8.03,0.702,4.352,OFF,#2,HOLDING,0.000A/OFF
33976,2026-06-04 00:03:56,27.7500,2.40,0.112,4.352,OFF,#2,HOLDING,0.176A/A
33977,2026-06-04 00:03:58,27.9250,2.40,0.112,0.000,A,#2,HOLDING,0.352A/A
33978,2026-06-04 00:04:00,28.1250,2.40,0.112,0.000,A,#2,HOLDING,0.525A/A
33979,2026-06-04 00:04:01,28.1250,2.40,0.112,0.000,A,#2,HOLDING,0.675A/A
33980,2026-06-04 00:04:03,28.2500,4.73,0.112,0.000,A,#2,HOLDING,0.876A/A
33981,2026-06-04 00:04:05,28.4250,4.73,0.772,5.755,A,#2,HOLDING,1.000A/A
33982,2026-06-04 00:04:07,28.6500,4.73,0.772,5.755,A,#2,HOLDING,1.100A/A
33983,2026-06-04 00:04:09,28.6500,4.73,0.772,5.755,A,#2,HOLDING,1.277A/A
33984,2026-06-04 00:04:11,28.7500,9.64,0.772,5.755,A,#2,HOLDING,1.492A/A
33985,2026-06-04 00:04:13,28.8000,9.64,1.382,16.949,A,#2,HOLDING,1.703A/A
33986,2026-06-04 00:04:15,28.8750,9.64,1.382,16.949,A,#2,HOLDING,1.990A/A
33987,2026-06-04 00:04:17,28.8750,9.64,1.382,16.949,A,#2,HOLDING,2.000A/A
33988,2026-06-04 00:04:18,28.8750,12.00,1.382,16.949,A,#2,HOLDING,1.500A/A
33989,2026-06-04 00:04:20,28.8500,12.00,1.527,17.655,A,#2,HOLDING,1.000A/A
33990,2026-06-04 00:04:23,28.7875,12.00,1.527,17.655,A,#2,HOLDING,1.000A/A
33991,2026-06-04 00:04:24,28.7875,12.00,1.527,17.655,A,#2,HOLDING,2.163A/A
33992,2026-06-04 00:04:26,28.7000,12.00,1.527,17.655,A,#2,HOLDING,2.369A/A
33993,2026-06-04 00:04:28,28.5750,12.00,1.507,17.868,A,#2,HOLDING,2.000A/A
33994,2026-06-04 00:04:30,28.4000,12.00,1.507,17.868,A,#2,HOLDING,2.000A/A
33995,2026-06-04 00:04:32,28.4000,12.00,1.507,17.868,A,#2,HOLDING,2.000A/A
33996,2026-06-04 00:04:34,28.2625,12.00,1.507,17.868,A,#2,HOLDING,1.500A/A
33997,2026-06-04 00:04:36,28.0625,12.00,1.472,17.508,A,#2,HOLDING,1.500A/A
33998,2026-06-04 00:04:38,27.7750,12.00,1.472,17.508,A,#2,HOLDING,1.000A/A
33999,2026-06-04 00:04:40,27.7750,12.00,1.472,17.508,A,#2,HOLDING,1.000A/A
34000,2026-06-04 00:04:41,27.6000,8.82,1.472,17.508,A,#2,HOLDING,1.500A/A
34001,2026-06-04 00:04:43,27.4000,8.82,1.386,17.304,A,#2,HOLDING,2.498A/A
34002,2026-06-04 00:04:46,27.0000,8.82,1.386,17.304,A,#2,HOLDING,1.500A/A
34003,2026-06-04 00:04:47,27.0000,8.82,1.386,17.304,A,#2,HOLDING,2.500A/A
34004,2026-06-04 00:04:49,26.8250,12.00,1.386,17.304,A,#2,HOLDING,2.500A/A
34005,2026-06-04 00:04:51,26.6250,12.00,1.434,17.088,A,#2,HOLDING,1.000A/A
34006,2026-06-04 00:04:53,26.2125,12.00,1.434,17.088,A,#2,HOLDING,1.000A/A
34007,2026-06-04 00:04:55,26.2125,12.00,1.434,17.088,A,#2,HOLDING,1.000A/A
34008,2026-06-04 00:04:57,26.0125,9.05,1.434,17.088,A,#2,HOLDING,2.616A/A
34009,2026-06-04 00:04:59,25.7875,9.05,1.432,17.076,A,#2,HOLDING,1.500A/A
34010,2026-06-04 00:05:01,25.4000,9.05,1.432,17.076,A,#2,HOLDING,2.500A/A
34011,2026-06-04 00:05:03,25.4000,9.05,1.432,17.076,A,#2,HOLDING,2.000A/A
34012,2026-06-04 00:05:04,25.2000,12.00,1.432,17.076,A,#2,HOLDING,2.000A/A
34013,2026-06-04 00:05:06,25.0000,12.00,1.423,16.956,A,#2,HOLDING,2.644A/A
34014,2026-06-04 00:05:09,24.6250,12.00,1.423,16.956,A,#2,HOLDING,2.674A/A
34015,2026-06-04 00:05:10,24.6250,12.00,1.423,16.956,A,#2,HOLDING,1.500A/A
34016,2026-06-04 00:05:12,24.4125,12.00,1.423,16.956,A,#2,HOLDING,2.500A/A
34017,2026-06-04 00:05:14,24.1875,12.00,1.411,16.812,A,#2,HOLDING,2.000A/A
34018,2026-06-04 00:05:16,23.8125,12.00,1.411,16.812,A,#3,APPROACH,2.645A/A
34019,2026-06-04 00:05:18,23.8125,12.00,1.411,16.812,OFF,#3,HOLDING,0.000A/OFF
34020,2026-06-04 00:05:19,23.6375,12.00,1.411,16.812,OFF,#3,HOLDING,0.120A/B
34021,2026-06-04 00:05:21,23.4375,12.00,1.411,16.812,B,#3,HOLDING,0.190A/B
34022,2026-06-04 00:05:23,23.2375,12.00,0.000,0.144,B,#3,HOLDING,0.285A/B
34023,2026-06-04 00:05:26,23.0625,12.00,0.000,0.144,B,#3,HOLDING,0.359A/B
34024,2026-06-04 00:05:27,22.9000,12.00,0.000,0.144,B,#3,HOLDING,0.431A/B
34025,2026-06-04 00:05:29,22.7750,3.01,0.000,0.144,B,#3,HOLDING,0.508A/B
34026,2026-06-04 00:05:31,22.6750,3.01,0.475,1.945,B,#3,HOLDING,0.589A/B
34027,2026-06-04 00:05:33,22.5500,3.01,0.475,1.945,B,#3,HOLDING,0.693A/B
34028,2026-06-04 00:05:35,22.4875,3.01,0.475,1.945,B,#3,HOLDING,0.766A/B
34029,2026-06-04 00:05:37,22.4125,6.04,0.475,1.945,B,#3,HOLDING,0.859A/B
34030,2026-06-04 00:05:39,22.3750,6.04,0.831,5.961,B,#3,HOLDING,0.946A/B
34031,2026-06-04 00:05:41,22.3250,6.04,0.831,5.961,B,#3,HOLDING,1.067A/B
34032,2026-06-04 00:05:43,22.3750,6.04,0.831,5.961,B,#3,HOLDING,1.000A/B
34033,2026-06-04 00:05:45,22.3750,8.07,0.831,5.961,B,#3,HOLDING,1.120A/B
34034,2026-06-04 00:05:46,22.3750,8.07,1.077,10.236,B,#3,HOLDING,1.208A/B
34035,2026-06-04 00:05:49,22.4250,8.07,1.077,10.236,B,#3,HOLDING,1.326A/B
34036,2026-06-04 00:05:50,22.5125,8.07,1.077,10.236,B,#3,HOLDING,1.391A/B
34037,2026-06-04 00:05:52,22.5875,11.04,1.077,10.236,B,#3,HOLDING,1.000A/B
34038,2026-06-04 00:05:54,22.6625,11.04,1.112,8.540,B,#3,HOLDING,1.465A/B
34039,2026-06-04 00:05:57,22.7625,11.04,1.112,8.540,B,#3,HOLDING,1.000A/B
34040,2026-06-04 00:05:58,22.8875,11.04,1.112,8.540,B,#3,HOLDING,1.557A/B
34041,2026-06-04 00:06:00,23.0125,12.00,1.112,8.540,B,#3,HOLDING,1.598A/B
34042,2026-06-04 00:06:02,23.1750,12.00,1.483,17.568,B,#3,HOLDING,1.500A/B
34043,2026-06-04 00:06:04,23.3250,12.00,1.483,17.568,B,#3,HOLDING,1.000A/B
34044,2026-06-04 00:06:06,23.4625,12.00,1.483,17.568,B,#3,HOLDING,1.608A/B
34045,2026-06-04 00:06:08,23.6375,12.00,1.483,17.568,B,#3,HOLDING,1.646A/B
34046,2026-06-04 00:06:09,23.8375,12.00,1.434,17.016,B,#3,HOLDING,1.605A/B
34047,2026-06-04 00:06:12,24.0625,12.00,1.434,17.016,B,#3,HOLDING,1.639A/B
34048,2026-06-04 00:06:13,24.2375,12.00,1.434,17.016,B,#3,HOLDING,1.656A/B
34049,2026-06-04 00:06:15,24.4625,12.00,1.434,17.016,B,#3,HOLDING,1.664A/B
34050,2026-06-04 00:06:17,24.6500,12.00,1.398,16.596,B,#3,HOLDING,1.500A/B
34051,2026-06-04 00:06:19,24.8750,12.00,1.398,16.596,B,#3,HOLDING,1.000A/B
34052,2026-06-04 00:06:21,25.0875,12.00,1.398,16.596,B,#3,HOLDING,1.000A/B
34053,2026-06-04 00:06:23,25.3125,9.30,1.398,16.596,B,#3,HOLDING,1.655A/B
34054,2026-06-04 00:06:25,25.5500,9.30,1.373,16.320,B,#3,HOLDING,1.613A/B
34055,2026-06-04 00:06:27,25.7750,9.30,1.373,16.320,B,#3,HOLDING,1.568A/B
34056,2026-06-04 00:06:29,25.9875,9.30,1.373,16.320,B,#3,HOLDING,1.469A/B
34057,2026-06-04 00:06:31,26.1875,12.00,1.373,16.320,B,#3,HOLDING,1.403A/B
34058,2026-06-04 00:06:32,26.4000,12.00,1.353,16.068,B,#3,HOLDING,1.311A/B
34059,2026-06-04 00:06:35,26.6250,12.00,1.353,16.068,B,#3,HOLDING,1.000A/B
34060,2026-06-04 00:06:36,26.8375,12.00,1.353,16.068,B,#3,HOLDING,1.223A/B
34061,2026-06-04 00:06:38,27.0375,11.05,1.353,16.068,B,#3,HOLDING,1.139A/B
34062,2026-06-04 00:06:40,27.2375,11.05,1.139,12.164,B,#3,HOLDING,1.040A/B
34063,2026-06-04 00:06:43,27.4625,11.05,1.139,12.164,B,#3,HOLDING,0.908A/B
34064,2026-06-04 00:06:44,27.6750,11.05,1.139,12.164,B,#3,HOLDING,0.797A/B
34065,2026-06-04 00:06:46,27.8750,8.10,1.139,12.164,B,#3,HOLDING,0.718A/B
34066,2026-06-04 00:06:48,28.0875,8.10,0.718,5.449,B,#3,HOLDING,0.583A/B
34067,2026-06-04 00:06:50,28.2875,8.10,0.718,5.449,B,#3,HOLDING,0.402A/B
34068,2026-06-04 00:06:52,28.4875,8.10,0.718,5.449,B,#3,HOLDING,0.266A/B
34069,2026-06-04 00:06:54,28.6625,3.85,0.718,5.449,B,#3,HOLDING,0.112A/B
34070,2026-06-04 00:06:56,28.8625,3.85,0.127,5.449,OFF,#3,HOLDING,0.000A/OFF
34071,2026-06-04 00:06:57,29.0375,3.85,0.127,0.276,OFF,#3,HOLDING,0.148A/A
34072,2026-06-04 00:06:58,29.0375,3.85,0.127,0.276,A,#3,HOLDING,0.288A/A
34073,2026-06-04 00:07:00,29.1625,3.85,0.127,0.276,A,#3,HOLDING,0.459A/A
34074,2026-06-04 00:07:02,29.3125,2.98,0.127,0.276,A,#3,HOLDING,0.651A/A
34075,2026-06-04 00:07:03,29.4250,2.98,0.603,3.137,A,#3,HOLDING,0.811A/A
34076,2026-06-04 00:07:06,29.5750,2.98,0.603,3.137,A,#3,HOLDING,1.027A/A
34077,2026-06-04 00:07:07,29.7000,2.98,0.603,3.137,A,#3,HOLDING,1.208A/A
34078,2026-06-04 00:07:09,29.7500,9.01,0.603,3.137,A,#3,HOLDING,1.411A/A
34079,2026-06-04 00:07:11,29.8500,9.01,1.392,15.125,A,#3,HOLDING,1.654A/A
34080,2026-06-04 00:07:13,29.8750,9.01,1.392,15.125,A,#3,HOLDING,1.928A/A
34081,2026-06-04 00:07:15,29.8875,9.01,1.392,15.125,A,#3,HOLDING,1.998A/A
34082,2026-06-04 00:07:17,29.8875,12.00,1.392,15.125,A,#3,HOLDING,1.000A/A
34083,2026-06-04 00:07:19,29.8750,12.00,1.034,8.240,A,#3,HOLDING,2.148A/A
34084,2026-06-04 00:07:21,29.8250,12.00,1.034,8.240,A,#3,HOLDING,2.366A/A
34085,2026-06-04 00:07:23,29.8000,12.00,1.034,8.240,A,#3,HOLDING,2.500A/A
34086,2026-06-04 00:07:25,29.7250,12.00,1.034,8.240,A,#3,HOLDING,1.000A/A
34087,2026-06-04 00:07:26,29.6375,12.00,1.028,8.510,A,#3,HOLDING,1.500A/A
34088,2026-06-04 00:07:29,29.5375,12.00,1.028,8.510,A,#3,HOLDING,2.489A/A
34089,2026-06-04 00:07:30,29.4250,12.00,1.028,8.510,A,#3,HOLDING,2.500A/A
34090,2026-06-04 00:07:32,29.3000,12.00,1.028,8.510,A,#3,HOLDING,1.500A/A
34091,2026-06-04 00:07:34,29.1375,12.00,1.491,17.724,A,#3,HOLDING,2.000A/A
34092,2026-06-04 00:07:37,28.9875,12.00,1.491,17.724,A,#3,HOLDING,2.000A/A
34093,2026-06-04 00:07:38,28.8250,12.00,1.491,17.724,A,#3,HOLDING,2.579A/A
34094,2026-06-04 00:07:40,28.6250,12.00,1.491,17.724,A,#3,HOLDING,2.710A/A
34095,2026-06-04 00:07:42,28.4500,12.00,1.462,17.388,A,#3,HOLDING,1.000A/A
34096,2026-06-04 00:07:44,28.2500,12.00,1.462,17.388,A,#3,HOLDING,2.500A/A
34097,2026-06-04 00:07:46,28.0375,12.00,1.462,17.388,A,#3,HOLDING,1.000A/A
34098,2026-06-04 00:07:48,27.8125,8.87,1.462,17.388,A,#3,HOLDING,2.815A/A
34099,2026-06-04 00:07:50,27.6375,8.87,1.445,17.208,A,#3,HOLDING,2.000A/A
34100,2026-06-04 00:07:52,27.4375,8.87,1.445,17.208,A,#3,HOLDING,2.500A/A
34101,2026-06-04 00:07:54,27.2000,8.87,1.445,17.208,A,#3,HOLDING,1.000A/A
34102,2026-06-04 00:07:55,27.0000,8.99,1.445,17.208,A,#3,HOLDING,2.500A/A
34103,2026-06-04 00:07:57,26.7875,8.99,1.429,17.028,A,#3,HOLDING,2.500A/A
34104,2026-06-04 00:08:00,26.5625,8.99,1.429,17.028,A,#3,HOLDING,1.500A/A
34105,2026-06-04 00:08:01,26.3500,8.99,1.429,17.028,A,#3,HOLDING,1.500A/A
34106,2026-06-04 00:08:03,26.1250,12.00,1.429,17.028,A,#3,HOLDING,2.500A/A
34107,2026-06-04 00:08:05,25.9375,12.00,1.418,16.884,A,#3,HOLDING,1.500A/A
34108,2026-06-04 00:08:07,25.7375,12.00,1.418,16.884,A,#3,HOLDING,2.500A/A
34109,2026-06-04 00:08:09,25.5125,12.00,1.418,16.884,A,#3,HOLDING,1.000A/A
34110,2026-06-04 00:08:11,25.3125,9.10,1.418,16.884,A,#3,HOLDING,1.500A/A
34111,2026-06-04 00:08:13,25.1000,9.10,1.389,16.824,A,#3,HOLDING,2.500A/A
34112,2026-06-04 00:08:15,24.8750,9.10,1.389,16.824,A,#3,HOLDING,2.500A/A
34113,2026-06-04 00:08:17,24.7000,9.10,1.389,16.824,A,#3,HOLDING,2.710A/A
34114,2026-06-04 00:08:19,24.4750,12.00,1.389,16.824,A,#3,HOLDING,1.500A/A
34115,2026-06-04 00:08:20,24.2625,12.00,1.400,16.692,A,#3,HOLDING,1.000A/A
34116,2026-06-04 00:08:23,24.0625,12.00,1.400,16.692,A,#3,HOLDING,2.695A/A
34117,2026-06-04 00:08:24,23.8875,12.00,1.400,16.692,A,#3,HOLDING,2.667A/A
34118,2026-06-04 00:08:26,23.6875,12.00,1.400,16.692,A,#3,HOLDING,2.570A/A
34119,2026-06-04 00:08:28,23.4750,12.00,1.395,16.632,A,#3,HOLDING,1.000A/A
34120,2026-06-04 00:08:30,23.2750,12.00,1.395,16.632,A,#3,HOLDING,1.500A/A
34121,2026-06-04 00:08:32,23.0750,12.00,1.395,16.632,A,#3,HOLDING,2.483A/A
34122,2026-06-04 00:08:34,22.9250,12.00,1.395,16.632,A,#3,HOLDING,2.412A/A
34123,2026-06-04 00:08:36,22.7500,12.00,1.391,16.584,A,#3,HOLDING,1.000A/A
34124,2026-06-04 00:08:38,22.5250,12.00,1.391,16.584,A,#3,HOLDING,2.319A/A
34125,2026-06-04 00:08:40,22.3875,12.00,1.391,16.584,A,#3,HOLDING,2.233A/A
34126,2026-06-04 00:08:42,22.1875,12.00,1.391,16.584,A,#3,HOLDING,2.123A/A
34127,2026-06-04 00:08:43,22.0500,12.00,1.387,16.560,A,#3,HOLDING,2.018A/A
34128,2026-06-04 00:08:46,21.8750,12.00,1.387,16.560,A,#3,HOLDING,1.872A/A
34129,2026-06-04 00:08:47,21.7125,12.00,1.387,16.560,A,#3,HOLDING,1.000A/A
34130,2026-06-04 00:08:49,21.5625,9.29,1.387,16.560,A,#3,HOLDING,1.794A/A
34131,2026-06-04 00:08:51,21.3875,9.29,1.387,16.524,A,#3,HOLDING,1.000A/A
34132,2026-06-04 00:08:53,21.2375,9.29,1.387,16.524,A,#3,HOLDING,1.652A/A
34133,2026-06-04 00:08:55,21.0875,9.29,1.387,16.524,A,#3,HOLDING,1.525A/A
34134,2026-06-04 00:08:57,20.9375,12.00,1.387,16.524,A,#3,HOLDING,1.000A/A
34135,2026-06-04 00:08:59,20.8000,12.00,1.049,9.350,A,#3,HOLDING,1.000A/A
34136,2026-06-04 00:09:01,20.6750,12.00,1.049,9.350,A,#3,HOLDING,1.361A/A
34137,2026-06-04 00:09:03,20.5250,12.00,1.049,9.350,A,#3,HOLDING,1.215A/A
34138,2026-06-04 00:09:05,20.4000,10.73,1.049,9.350,A,#3,HOLDING,1.046A/A
34139,2026-06-04 00:09:06,20.2625,10.73,1.046,10.198,A,#3,HOLDING,0.870A/A
34140,2026-06-04 00:09:09,20.1375,10.73,1.046,10.198,A,#3,HOLDING,0.644A/A
34141,2026-06-04 00:09:10,20.0500,10.73,1.046,10.198,A,#3,HOLDING,0.487A/A
34142,2026-06-04 00:09:12,19.9250,5.54,1.046,10.198,A,#3,HOLDING,0.298A/A
34143,2026-06-04 00:09:14,19.8000,5.54,0.351,1.215,A,#3,HOLDING,0.106A/A
34144,2026-06-04 00:09:17,19.6750,5.54,0.351,1.215,B,#3,HOLDING,0.145A/B
34145,2026-06-04 00:09:18,19.5875,5.54,0.351,1.215,B,#3,HOLDING,0.316A/B
34146,2026-06-04 00:09:20,19.5125,2.19,0.351,1.215,B,#3,HOLDING,0.514A/B
34147,2026-06-04 00:09:22,19.4375,2.19,0.465,2.009,B,#3,HOLDING,0.714A/B
34148,2026-06-04 00:09:24,19.3875,2.19,0.465,2.009,B,#3,HOLDING,0.972A/B
34149,2026-06-04 00:09:26,19.3125,2.19,0.465,2.009,B,#3,HOLDING,1.151A/B
34150,2026-06-04 00:09:28,19.2875,8.52,0.465,2.009,B,#3,HOLDING,1.356A/B
34151,2026-06-04 00:09:30,19.2625,8.52,1.331,13.912,B,#3,HOLDING,1.560A/B
34152,2026-06-04 00:09:32,19.2875,8.52,1.331,13.912,B,#3,HOLDING,1.815A/B
34153,2026-06-04 00:09:33,19.3125,8.52,1.331,13.912,B,#3,HOLDING,1.500A/B
34154,2026-06-04 00:09:35,19.3625,11.30,1.331,13.912,B,#3,HOLDING,1.981A/B
34155,2026-06-04 00:09:37,19.4875,11.30,1.575,18.636,B,#3,HOLDING,1.000A/B
34156,2026-06-04 00:09:40,19.5875,11.30,1.575,18.636,B,#3,HOLDING,2.160A/B
34157,2026-06-04 00:09:41,19.7375,11.30,1.575,18.636,B,#3,HOLDING,2.310A/B
34158,2026-06-04 00:09:43,19.8875,12.00,1.575,18.636,B,#3,HOLDING,2.487A/B
34159,2026-06-04 00:09:45,20.0875,12.00,1.517,17.976,B,#3,HOLDING,2.645A/B
34160,2026-06-04 00:09:47,20.2875,12.00,1.517,17.976,B,#3,HOLDING,2.852A/B
34161,2026-06-04 00:09:49,20.4875,12.00,1.517,17.976,B,#3,HOLDING,1.500A/B
34162,2026-06-04 00:09:51,20.7125,12.00,1.517,17.976,B,#3,HOLDING,1.000A/B
34163,2026-06-04 00:09:53,20.9375,12.00,1.054,8.900,B,#3,HOLDING,1.000A/B
34164,2026-06-04 00:09:55,21.1875,12.00,1.054,8.900,B,#3,HOLDING,2.942A/B
34165,2026-06-04 00:09:57,21.4375,12.00,1.054,8.900,B,#3,HOLDING,3.000A/B
34166,2026-06-04 00:09:58,21.6875,12.00,1.054,8.900,B,#3,HOLDING,3.000A/B
34167,2026-06-04 00:10:00,21.9375,12.00,1.436,17.028,B,#3,HOLDING,2.500A/B
34168,2026-06-04 00:10:03,22.2125,12.00,1.436,17.028,B,#3,HOLDING,2.944A/B
34169,2026-06-04 00:10:04,22.4250,12.00,1.436,17.028,B,#3,HOLDING,1.500A/B
34170,2026-06-04 00:10:06,22.7000,12.00,1.436,17.028,B,#3,HOLDING,1.000A/B
34171,2026-06-04 00:10:08,22.9625,12.00,1.070,9.260,B,#3,HOLDING,2.000A/B
34172,2026-06-04 00:10:10,23.2625,12.00,1.070,9.260,B,#3,HOLDING,1.500A/B
34173,2026-06-04 00:10:12,23.4875,12.00,1.070,9.260,B,#3,HOLDING,1.000A/B
34174,2026-06-04 00:10:14,23.7375,9.22,1.070,9.260,B,#3,HOLDING,2.000A/B
34175,2026-06-04 00:10:16,24.0250,9.22,1.384,16.440,B,#3,HOLDING,2.000A/B
34176,2026-06-04 00:10:18,24.2750,9.22,1.384,16.440,B,#3,HOLDING,2.000A/B
34177,2026-06-04 00:10:20,24.5000,9.22,1.384,16.440,B,#3,HOLDING,2.500A/B
34178,2026-06-04 00:10:21,24.7500,12.00,1.384,16.440,B,#3,HOLDING,2.904A/B
34179,2026-06-04 00:10:23,24.9875,12.00,1.361,16.152,B,#3,HOLDING,1.500A/B
34180,2026-06-04 00:10:26,25.2125,12.00,1.361,16.152,B,#3,HOLDING,2.899A/B
34181,2026-06-04 00:10:27,25.4625,12.00,1.361,16.152,B,#3,HOLDING,1.000A/B
34182,2026-06-04 00:10:29,25.6875,9.47,1.361,16.152,B,#3,HOLDING,2.000A/B
34183,2026-06-04 00:10:31,25.9250,9.47,1.345,15.984,B,#3,HOLDING,2.500A/B
34184,2026-06-04 00:10:33,26.1750,9.47,1.345,15.984,B,#3,HOLDING,1.500A/B
34185,2026-06-04 00:10:35,26.3750,9.47,1.345,15.984,B,#3,HOLDING,2.791A/B
34186,2026-06-04 00:10:37,26.6250,12.00,1.345,15.984,B,#3,HOLDING,2.500A/B
34187,2026-06-04 00:10:39,26.8500,12.00,1.328,15.780,B,#3,HOLDING,2.000A/B
34188,2026-06-04 00:10:41,27.1000,12.00,1.328,15.780,B,#3,HOLDING,1.500A/B
34189,2026-06-04 00:10:43,27.3000,12.00,1.328,15.780,B,#3,HOLDING,1.500A/B
34190,2026-06-04 00:10:45,27.5000,12.00,1.328,15.780,B,#3,HOLDING,1.000A/B
34191,2026-06-04 00:10:46,27.7375,12.00,1.099,9.780,B,#3,HOLDING,2.646A/B
34192,2026-06-04 00:10:49,27.9875,12.00,1.099,9.780,B,#3,HOLDING,2.534A/B
34193,2026-06-04 00:10:50,28.2125,12.00,1.099,9.780,B,#3,HOLDING,1.500A/B
34194,2026-06-04 00:10:52,28.4125,12.00,1.099,9.780,B,#3,HOLDING,2.403A/B
34195,2026-06-04 00:10:54,28.6500,12.00,1.310,15.576,B,#3,HOLDING,1.500A/B
34196,2026-06-04 00:10:56,28.8250,12.00,1.310,15.576,B,#3,HOLDING,2.240A/B
34197,2026-06-04 00:10:58,29.0250,12.00,1.310,15.576,B,#3,HOLDING,2.097A/B
34198,2026-06-04 00:11:00,29.2500,12.00,1.310,15.576,B,#3,HOLDING,1.500A/B
34199,2026-06-04 00:11:02,29.4250,12.00,1.299,15.432,B,#3,HOLDING,1.911A/B
34200,2026-06-04 00:11:04,29.6500,12.00,1.299,15.432,B,#3,HOLDING,1.670A/B
34201,2026-06-04 00:11:06,29.8375,12.00,1.299,15.432,B,#3,HOLDING,1.500A/B
34202,2026-06-04 00:11:08,30.0375,12.00,1.299,15.432,B,#3,HOLDING,1.296A/B
34203,2026-06-04 00:11:09,30.2375,12.00,1.290,15.336,B,#3,HOLDING,1.084A/B
34204,2026-06-04 00:11:12,30.4375,12.00,1.290,15.336,B,#3,HOLDING,0.808A/B
34205,2026-06-04 00:11:13,30.6125,12.00,1.290,15.336,B,#3,HOLDING,0.614A/B
34206,2026-06-04 00:11:15,30.8125,7.12,1.290,15.336,B,#3,HOLDING,0.379A/B
34207,2026-06-04 00:11:17,31.0250,7.12,0.431,1.989,B,#3,HOLDING,0.137A/B
34208,2026-06-04 00:11:20,31.2000,7.12,0.431,1.989,A,#3,HOLDING,0.175A/A
34209,2026-06-04 00:11:21,31.3625,7.12,0.431,1.989,A,#3,HOLDING,0.393A/A
34210,2026-06-04 00:11:23,31.5375,2.21,0.431,1.989,A,#3,HOLDING,0.651A/A
34211,2026-06-04 00:11:25,31.6750,2.21,0.560,2.955,A,#3,HOLDING,0.910A/A
34212,2026-06-04 00:11:27,31.8250,2.21,0.560,2.955,A,#3,HOLDING,1.248A/A
34213,2026-06-04 00:11:29,31.9250,2.21,0.560,2.955,A,#3,HOLDING,1.000A/A
34214,2026-06-04 00:11:31,32.0250,7.32,0.560,2.955,A,#3,HOLDING,1.484A/A
34215,2026-06-04 00:11:33,32.1125,7.32,1.434,16.368,A,#3,HOLDING,1.500A/A
34216,2026-06-04 00:11:35,32.1875,7.32,1.434,16.368,A,#3,HOLDING,1.761A/A
34217,2026-06-04 00:11:36,32.2250,7.32,1.434,16.368,A,#3,HOLDING,1.999A/A
34218,2026-06-04 00:11:38,32.2000,12.00,1.434,16.368,A,#3,HOLDING,1.500A/A
34219,2026-06-04 00:11:40,32.1875,12.00,1.523,17.310,A,#3,HOLDING,2.000A/A
34220,2026-06-04 00:11:43,32.1625,12.00,1.523,17.310,A,#3,HOLDING,1.000A/A
34221,2026-06-04 00:11:44,32.1125,12.00,1.523,17.310,A,#3,HOLDING,2.259A/A
34222,2026-06-04 00:11:46,32.0375,12.00,1.523,17.310,A,#3,HOLDING,1.000A/A
34223,2026-06-04 00:11:48,31.9500,12.00,1.066,8.340,A,#3,HOLDING,2.500A/A
34224,2026-06-04 00:11:50,31.8250,12.00,1.066,8.340,A,#3,HOLDING,2.513A/A
34225,2026-06-04 00:11:52,31.7125,12.00,1.066,8.340,A,#3,HOLDING,2.730A/A
34226,2026-06-04 00:11:54,31.5625,12.00,1.066,8.340,A,#3,HOLDING,1.500A/A
34227,2026-06-04 00:11:56,31.4500,12.00,1.498,17.808,A,#3,HOLDING,2.969A/A
34228,2026-06-04 00:11:58,31.2500,12.00,1.498,17.808,A,#3,HOLDING,2.500A/A
34229,2026-06-04 00:12:00,31.0750,12.00,1.498,17.808,A,#3,HOLDING,3.000A/A
34230,2026-06-04 00:12:01,30.8750,12.00,1.498,17.808,A,#3,HOLDING,1.500A/A
34231,2026-06-04 00:12:03,30.6875,12.00,1.466,17.448,A,#3,HOLDING,1.000A/A
34232,2026-06-04 00:12:06,30.4375,12.00,1.466,17.448,A,#3,HOLDING,2.000A/A
34233,2026-06-04 00:12:07,30.2500,12.00,1.466,17.448,A,#3,HOLDING,3.000A/A
34234,2026-06-04 00:12:09,30.0000,12.00,1.466,17.448,A,#3,HOLDING,2.000A/A
34235,2026-06-04 00:12:11,29.7625,12.00,1.446,17.220,A,#3,HOLDING,1.000A/A
34236,2026-06-04 00:12:13,29.5375,12.00,1.446,17.220,A,#3,HOLDING,1.000A/A
34237,2026-06-04 00:12:15,29.2875,12.00,1.446,17.220,A,#3,HOLDING,1.000A/A
34238,2026-06-04 00:12:17,29.0375,8.83,1.446,17.220,A,#3,HOLDING,2.500A/A
34239,2026-06-04 00:12:19,28.8125,8.83,1.435,17.100,A,#3,HOLDING,3.000A/A
34240,2026-06-04 00:12:21,28.5625,8.83,1.435,17.100,A,#3,HOLDING,2.000A/A
34241,2026-06-04 00:12:23,28.3500,8.83,1.435,17.100,A,#3,HOLDING,1.000A/A
34242,2026-06-04 00:12:25,28.0750,8.92,1.435,17.100,A,#3,HOLDING,2.500A/A
34243,2026-06-04 00:12:26,27.8250,8.92,1.425,16.980,A,#3,HOLDING,1.500A/A
34244,2026-06-04 00:12:29,27.5750,8.92,1.425,16.980,A,#3,HOLDING,3.000A/A
34245,2026-06-04 00:12:30,27.3500,8.92,1.425,16.980,A,#3,HOLDING,3.000A/A
34246,2026-06-04 00:12:32,27.1250,12.00,1.425,16.980,A,#3,HOLDING,1.500A/A
34247,2026-06-04 00:12:34,26.9125,12.00,1.417,16.884,A,#3,HOLDING,2.000A/A
34248,2026-06-04 00:12:36,26.6375,12.00,1.417,16.884,A,#3,HOLDING,3.000A/A
34249,2026-06-04 00:12:38,26.4125,12.00,1.417,16.884,A,#3,HOLDING,1.000A/A
34250,2026-06-04 00:12:40,26.1625,9.05,1.417,16.884,A,#3,HOLDING,1.500A/A
34251,2026-06-04 00:12:42,25.9500,9.05,1.403,16.800,A,#3,HOLDING,2.500A/A
34252,2026-06-04 00:12:44,25.7250,9.05,1.403,16.800,A,#3,HOLDING,2.939A/A
34253,2026-06-04 00:12:46,25.5000,9.05,1.403,16.800,A,#3,HOLDING,1.000A/A
34254,2026-06-04 00:12:48,25.2500,9.15,1.403,16.800,A,#4,APPROACH,2.000A/A
34255,2026-06-04 00:12:49,25.0625,9.15,1.309,0.000,B,#4,APPROACH,0.173A/B
34256,2026-06-04 00:12:52,24.6000,9.15,1.309,0.000,B,#4,APPROACH,0.295A/B
34257,2026-06-04 00:12:54,24.4250,9.15,1.309,0.000,B,#4,APPROACH,0.395A/B
34258,2026-06-04 00:12:56,24.2375,9.15,1.309,0.000,B,#4,APPROACH,0.499A/B
34259,2026-06-04 00:12:57,24.2375,3.61,1.309,0.000,B,#4,APPROACH,0.584A/B
34260,2026-06-04 00:12:59,24.0625,3.61,0.547,2.598,B,#4,APPROACH,0.723A/B
34261,2026-06-04 00:13:02,23.8000,3.61,0.547,2.598,B,#4,APPROACH,0.938A/B
34262,2026-06-04 00:13:03,23.8000,3.61,0.547,2.598,B,#4,APPROACH,1.077A/B
34263,2026-06-04 00:13:05,23.7125,8.25,0.547,2.598,B,#4,APPROACH,1.241A/B
34264,2026-06-04 00:13:07,23.6375,8.25,1.173,11.963,B,#4,APPROACH,1.406A/B
34265,2026-06-04 00:13:09,23.5375,8.25,1.173,11.963,B,#4,APPROACH,1.630A/B
34266,2026-06-04 00:13:11,23.5375,8.25,1.173,11.963,B,#4,APPROACH,1.773A/B
34267,2026-06-04 00:13:13,23.5625,12.00,1.173,11.963,B,#4,APPROACH,1.936A/B
34268,2026-06-04 00:13:15,23.6125,12.00,1.549,18.312,B,#4,APPROACH,2.000A/B
34269,2026-06-04 00:13:17,23.6875,12.00,1.549,18.312,B,#4,APPROACH,2.089A/B
34270,2026-06-04 00:13:19,23.6875,12.00,1.549,18.312,B,#4,APPROACH,2.230A/B
34271,2026-06-04 00:13:21,23.7875,12.00,1.549,18.312,B,#4,APPROACH,2.384A/B
34272,2026-06-04 00:13:22,23.8875,12.00,1.481,17.520,B,#4,APPROACH,2.532A/B
34273,2026-06-04 00:13:25,24.1875,12.00,1.481,17.520,B,#4,APPROACH,2.696A/B
34274,2026-06-04 00:13:26,24.1875,12.00,1.481,17.520,B,#4,APPROACH,1.500A/B
34275,2026-06-04 00:13:28,24.3500,12.00,1.481,17.520,B,#4,APPROACH,1.000A/B
34276,2026-06-04 00:13:30,24.5000,12.00,1.030,9.110,B,#4,APPROACH,1.000A/B
34277,2026-06-04 00:13:32,24.8750,12.00,1.030,9.110,B,#4,APPROACH,1.500A/B
34278,2026-06-04 00:13:34,24.8750,12.00,1.030,9.110,B,#4,APPROACH,2.500A/B
34279,2026-06-04 00:13:36,25.0750,12.00,1.030,9.110,B,#4,APPROACH,1.500A/B
34280,2026-06-04 00:13:38,25.2750,12.00,1.408,16.680,B,#4,APPROACH,1.500A/B
34281,2026-06-04 00:13:40,25.6875,12.00,1.408,16.680,B,#4,APPROACH,2.500A/B
34282,2026-06-04 00:13:42,25.6875,12.00,1.408,16.680,B,#4,APPROACH,2.000A/B
34283,2026-06-04 00:13:44,25.8750,12.00,1.408,16.680,B,#4,APPROACH,1.500A/B
34284,2026-06-04 00:13:45,26.0750,12.00,1.375,16.308,B,#4,APPROACH,2.000A/B
34285,2026-06-04 00:13:48,26.5000,12.00,1.375,16.308,B,#4,APPROACH,1.500A/B
34286,2026-06-04 00:13:49,26.5000,12.00,1.375,16.308,B,#4,APPROACH,2.667A/B
34287,2026-06-04 00:13:51,26.6750,12.00,1.375,16.308,B,#4,APPROACH,2.715A/B
34288,2026-06-04 00:13:53,26.9000,12.00,1.350,16.008,B,#4,APPROACH,2.500A/B
34289,2026-06-04 00:13:56,27.2875,12.00,1.350,16.008,B,#4,HOLDING,2.670A/B
34290,2026-06-04 00:13:57,27.2875,12.00,1.350,16.008,OFF,#4,HOLDING,0.000A/OFF
34291,2026-06-04 00:13:58,27.4875,12.00,1.350,16.008,OFF,#4,HOLDING,0.000A/OFF
34292,2026-06-04 00:13:59,27.6875,12.00,1.350,16.008,OFF,#4,HOLDING,0.000A/OFF
34293,2026-06-04 00:14:00,27.6875,12.00,0.000,16.008,OFF,#4,HOLDING,0.000A/OFF
34294,2026-06-04 00:14:01,27.9125,12.00,0.000,0.000,OFF,#4,HOLDING,0.000A/OFF
34295,2026-06-04 00:14:02,27.9125,12.00,0.000,0.000,OFF,#4,HOLDING,0.000A/OFF
34296,2026-06-04 00:14:03,28.0875,12.00,0.000,0.000,OFF,#4,HOLDING,0.000A/OFF
34297,2026-06-04 00:14:04,28.0875,12.00,0.000,0.000,OFF,#4,HOLDING,0.000A/OFF
34298,2026-06-04 00:14:05,28.2625,12.00,0.000,0.000,OFF,#4,HOLDING,0.000A/OFF
34299,2026-06-04 00:14:06,28.2625,12.00,0.000,0.000,OFF,#4,HOLDING,0.000A/OFF
34300,2026-06-04 00:14:07,28.4375,12.00,0.000,0.000,OFF,#4,HOLDING,0.000A/OFF
34301,2026-06-04 00:14:08,28.4375,12.00,0.000,0.000,OFF,#4,HOLDING,0.000A/OFF
34302,2026-06-04 00:14:09,28.5500,12.00,0.000,0.000,OFF,#4,HOLDING,0.000A/OFF
34303,2026-06-04 00:14:10,28.5500,12.00,0.000,0.000,OFF,#4,HOLDING,0.000A/OFF
34304,2026-06-04 00:14:11,28.7000,12.00,0.000,0.000,OFF,#4,HOLDING,0.000A/OFF
34305,2026-06-04 00:14:12,28.7000,12.00,0.000,0.000,OFF,#4,HOLDING,0.000A/OFF
34306,2026-06-04 00:14:13,28.8250,12.00,0.000,0.000,OFF,#4,HOLDING,0.000A/OFF
34307,2026-06-04 00:14:14,28.8250,12.00,0.000,0.000,OFF,#4,HOLDING,0.000A/OFF
34308,2026-06-04 00:14:15,28.9250,12.00,0.000,0.000,OFF,#4,HOLDING,0.000A/OFF
34309,2026-06-04 00:14:16,28.9250,12.00,0.000,0.000,OFF,#4,HOLDING,0.000A/OFF
34310,2026-06-04 00:14:17,29.0375,12.00,0.000,0.000,A,#4,HOLDING,0.122A/A
34311,2026-06-04 00:14:19,29.0875,12.00,0.059,0.000,A,#4,HOLDING,0.149A/A
34312,2026-06-04 00:14:21,29.1375,12.00,0.059,0.113,A,#4,HOLDING,0.246A/A
34313,2026-06-04 00:14:23,29.1875,12.00,0.059,0.113,A,#4,HOLDING,0.269A/A
34314,2026-06-04 00:14:24,29.2500,12.00,0.059,0.113,A,#4,HOLDING,0.310A/A
34315,2026-06-04 00:14:26,29.2750,2.26,0.059,0.113,A,#4,HOLDING,0.356A/A
34316,2026-06-04 00:14:28,29.2750,2.26,0.331,0.986,A,#4,HOLDING,0.396A/A
34317,2026-06-04 00:14:30,29.3125,2.26,0.331,0.986,A,#4,HOLDING,0.446A/A
34318,2026-06-04 00:14:32,29.3125,2.26,0.331,0.986,A,#4,HOLDING,0.481A/A
34319,2026-06-04 00:14:34,29.3125,3.82,0.331,0.986,A,#4,HOLDING,0.526A/A
34320,2026-06-04 00:14:36,29.3125,3.82,0.502,2.272,A,#4,HOLDING,0.567A/A
34321,2026-06-04 00:14:38,29.2625,3.82,0.502,2.272,A,#4,HOLDING,0.614A/A
34322,2026-06-04 00:14:40,29.2500,3.82,0.502,2.272,A,#4,HOLDING,0.649A/A
34323,2026-06-04 00:14:42,29.2000,5.36,0.502,2.272,A,#4,HOLDING,0.684A/A
34324,2026-06-04 00:14:43,29.1500,5.36,0.665,3.967,A,#4,HOLDING,0.718A/A
34325,2026-06-04 00:14:46,29.0750,5.36,0.665,3.967,A,#4,HOLDING,0.708A/A
34326,2026-06-04 00:14:47,29.0250,5.36,0.665,3.967,A,#4,HOLDING,0.737A/A
34327,2026-06-04 00:14:49,28.9250,6.27,0.665,3.967,A,#4,HOLDING,0.763A/A
34328,2026-06-04 00:14:51,28.8625,6.27,0.748,5.043,A,#4,HOLDING,0.790A/A
34329,2026-06-04 00:14:53,28.7375,6.27,0.748,5.043,A,#4,HOLDING,0.816A/A
34330,2026-06-04 00:14:55,28.6125,6.27,0.748,5.043,A,#4,HOLDING,0.829A/A
34331,2026-06-04 00:14:57,28.5125,7.13,0.748,5.043,A,#4,HOLDING,0.841A/A
34332,2026-06-04 00:14:59,28.3625,7.13,0.841,6.189,A,#4,HOLDING,0.846A/A
34333,2026-06-04 00:15:01,28.2375,7.13,0.841,6.189,A,#4,HOLDING,0.857A/A
34334,2026-06-04 00:15:03,28.1125,7.13,0.841,6.189,A,#4,HOLDING,0.853A/A
34335,2026-06-04 00:15:05,27.9375,7.47,0.841,6.189,A,#4,HOLDING,0.845A/A
34336,2026-06-04 00:15:06,27.8000,7.47,0.845,6.354,A,#4,HOLDING,0.829A/A
34337,2026-06-04 00:15:09,27.6250,7.47,0.845,6.354,A,#4,HOLDING,0.807A/A
34338,2026-06-04 00:15:10,27.4875,7.47,0.845,6.354,A,#4,HOLDING,0.788A/A
34339,2026-06-04 00:15:12,27.3125,7.10,0.845,6.354,A,#4,HOLDING,0.755A/A
34340,2026-06-04 00:15:14,27.1375,7.10,0.770,5.247,A,#4,HOLDING,0.714A/A
34341,2026-06-04 00:15:17,26.9875,7.10,0.770,5.247,A,#4,HOLDING,0.609A/A
34342,2026-06-04 00:15:18,26.8250,7.10,0.770,5.247,A,#4,HOLDING,0.558A/A
34343,2026-06-04 00:15:20,26.6250,5.34,0.770,5.247,A,#4,HOLDING,0.489A/A
34344,2026-06-04 00:15:22,26.4500,5.34,0.489,2.381,A,#4,HOLDING,0.414A/A
34345,2026-06-04 00:15:24,26.3000,5.34,0.489,2.381,A,#4,HOLDING,0.327A/A
34346,2026-06-04 00:15:26,26.1375,5.34,0.489,2.381,A,#4,HOLDING,0.255A/A
34347,2026-06-04 00:15:28,25.9875,2.92,0.489,2.381,A,#4,HOLDING,0.173A/A
34348,2026-06-04 00:15:30,25.8250,2.92,0.173,2.381,OFF,#4,HOLDING,0.000A/OFF
34349,2026-06-04 00:15:31,25.8250,2.92,0.173,0.389,OFF,#4,HOLDING,0.000A/OFF
34350,2026-06-04 00:15:32,25.6750,2.92,0.173,0.389,OFF,#4,HOLDING,0.000A/OFF
34351,2026-06-04 00:15:33,25.6750,2.92,0.173,0.389,OFF,#4,HOLDING,0.000A/OFF
34352,2026-06-04 00:15:34,25.5750,2.92,0.173,0.389,B,#4,HOLDING,0.128A/B
34353,2026-06-04 00:15:36,25.4000,7.00,0.128,0.389,B,#4,HOLDING,0.234A/B
34354,2026-06-04 00:15:37,25.2750,7.00,0.128,0.453,B,#4,HOLDING,0.359A/B
34355,2026-06-04 00:15:39,25.1750,7.00,0.128,0.453,B,#4,HOLDING,0.451A/B
34356,2026-06-04 00:15:41,25.1750,7.00,0.128,0.453,B,#4,HOLDING,0.526A/B
34357,2026-06-04 00:15:42,25.1125,4.32,0.128,0.453,B,#4,HOLDING,0.634A/B
34358,2026-06-04 00:15:44,25.0125,4.32,0.634,3.404,B,#4,HOLDING,0.739A/B
34359,2026-06-04 00:15:47,24.8875,4.32,0.634,3.404,B,#4,HOLDING,0.901A/B
34360,2026-06-04 00:15:48,24.8875,4.32,0.634,3.404,B,#4,HOLDING,1.002A/B
34361,2026-06-04 00:15:50,24.8375,8.09,0.634,3.404,B,#4,HOLDING,1.125A/B
34362,2026-06-04 00:15:52,24.7875,8.09,1.125,10.338,B,#4,HOLDING,1.247A/B
34363,2026-06-04 00:15:54,24.7500,8.09,1.125,10.338,B,#4,HOLDING,1.410A/B
34364,2026-06-04 00:15:56,24.7500,8.09,1.125,10.338,B,#4,HOLDING,1.516A/B
34365,2026-06-04 00:15:58,24.7625,11.84,1.125,10.338,B,#4,HOLDING,1.000A/B
34366,2026-06-04 00:16:00,24.8375,11.84,1.022,8.610,B,#4,HOLDING,1.500A/B
34367,2026-06-04 00:16:02,24.9250,11.84,1.022,8.610,B,#4,HOLDING,1.624A/B
34368,2026-06-04 00:16:04,24.9250,11.84,1.022,8.610,B,#4,HOLDING,1.500A/B
34369,2026-06-04 00:16:06,25.0000,12.00,1.022,8.610,B,#4,HOLDING,1.000A/B
34370,2026-06-04 00:16:07,25.0750,12.00,1.023,8.890,B,#4,HOLDING,1.500A/B
34371,2026-06-04 00:16:10,25.3000,12.00,1.023,8.890,B,#4,HOLDING,1.500A/B
34372,2026-06-04 00:16:11,25.3000,12.00,1.023,8.890,B,#4,HOLDING,1.000A/B
34373,2026-06-04 00:16:13,25.4250,8.95,1.023,8.890,B,#4,HOLDING,1.670A/B
34374,2026-06-04 00:16:15,25.5750,8.95,1.439,17.076,B,#4,HOLDING,1.759A/B
34375,2026-06-04 00:16:17,25.8250,8.95,1.439,17.076,B,#4,HOLDING,1.000A/B
34376,2026-06-04 00:16:19,25.8250,8.95,1.439,17.076,B,#4,HOLDING,1.848A/B
34377,2026-06-04 00:16:21,25.9875,12.00,1.439,17.076,B,#4,HOLDING,1.917A/B
34378,2026-06-04 00:16:23,26.1375,12.00,1.403,16.632,B,#4,HOLDING,1.000A/B
34379,2026-06-04 00:16:25,26.4500,12.00,1.403,16.632,B,#4,HOLDING,1.947A/B
34380,2026-06-04 00:16:27,26.4500,12.00,1.403,16.632,B,#4,HOLDING,2.000A/B
34381,2026-06-04 00:16:29,26.6250,12.00,1.403,16.632,B,#4,HOLDING,2.006A/B
34382,2026-06-04 00:16:30,26.8250,12.00,1.376,16.332,B,#4,HOLDING,2.000A/B
34383,2026-06-04 00:16:33,27.1375,12.00,1.376,16.332,B,#4,HOLDING,1.962A/B
34384,2026-06-04 00:16:34,27.1375,12.00,1.376,16.332,B,#4,HOLDING,2.009A/B
34385,2026-06-04 00:16:36,27.3000,12.00,1.376,16.332,B,#5,APPROACH,2.043A/B
34386,2026-06-04 00:16:38,27.4500,12.00,1.352,0.000,B,#5,APPROACH,0.236A/B
34387,2026-06-04 00:16:41,27.8125,12.00,1.352,0.000,B,#5,APPROACH,0.225A/B
34388,2026-06-04 00:16:43,27.9875,12.00,1.352,0.000,B,#5,APPROACH,0.243A/B
34389,2026-06-04 00:16:45,28.1375,12.00,1.352,0.000,B,#5,APPROACH,0.255A/B
34390,2026-06-04 00:16:46,28.1375,3.68,1.352,0.000,B,#5,APPROACH,0.301A/B
34391,2026-06-04 00:16:48,28.3000,3.68,0.301,1.213,B,#5,APPROACH,0.342A/B
34392,2026-06-04 00:16:50,28.5500,3.68,0.301,1.213,B,#5,APPROACH,0.404A/B
34393,2026-06-04 00:16:52,28.5500,3.68,0.301,1.213,B,#5,APPROACH,0.463A/B
34394,2026-06-04 00:16:54,28.7000,5.21,0.301,1.213,B,#5,APPROACH,0.535A/B
34395,2026-06-04 00:16:56,28.8250,5.21,0.535,3.156,B,#5,APPROACH,0.617A/B
34396,2026-06-04 00:16:58,29.0125,5.21,0.535,3.156,B,#5,APPROACH,0.696A/B
34397,2026-06-04 00:17:00,29.1125,5.21,0.535,3.156,B,#5,APPROACH,0.786A/B
34398,2026-06-04 00:17:02,29.1125,7.70,0.535,3.156,B,#5,APPROACH,0.909A/B
34399,2026-06-04 00:17:03,29.2000,7.70,0.881,7.881,B,#5,APPROACH,1.013A/B
34400,2026-06-04 00:17:06,29.3875,7.70,0.881,7.881,B,#5,APPROACH,1.125A/B
34401,2026-06-04 00:17:07,29.4875,7.70,0.881,7.881,B,#5,APPROACH,1.000A/B
34402,2026-06-04 00:17:09,29.4875,9.22,0.881,7.881,B,#5,APPROACH,1.197A/B
34403,2026-06-04 00:17:11,29.5750,9.22,1.175,12.891,B,#5,APPROACH,1.289A/B
34404,2026-06-04 00:17:13,29.7625,9.22,1.175,12.891,B,#5,APPROACH,1.383A/B
34405,2026-06-04 00:17:15,29.8625,9.22,1.175,12.891,A,#1,APPROACH,1.051A/A
34406,2026-06-04 00:17:17,29.8625,9.22,1.175,12.891,A,#1,APPROACH,1.478A/A
34407,2026-06-04 00:17:19,29.9875,12.00,1.175,12.891,A,#1,APPROACH,2.000A/A
34408,2026-06-04 00:17:21,30.1750,12.00,1.671,19.776,A,#1,APPROACH,1.500A/A
34409,2026-06-04 00:17:23,30.2500,12.00,1.671,19.776,A,#1,APPROACH,2.057A/A
34410,2026-06-04 00:17:25,30.3000,12.00,1.671,19.776,A,#1,APPROACH,1.000A/A
34411,2026-06-04 00:17:27,30.3000,7.85,1.671,19.776,A,#1,APPROACH,1.000A/A
34412,2026-06-04 00:17:29,30.2750,7.85,1.000,8.050,A,#1,APPROACH,1.500A/A
34413,2026-06-04 00:17:31,30.2500,7.85,1.000,8.050,A,#1,APPROACH,1.500A/A
34414,2026-06-04 00:17:33,30.1875,7.85,1.000,8.050,A,#1,APPROACH,1.500A/A
34415,2026-06-04 00:17:34,30.1375,11.46,1.000,8.050,A,#1,APPROACH,2.457A/A
34416,2026-06-04 00:17:36,30.0875,11.46,1.544,18.360,A,#1,APPROACH,2.500A/A
34417,2026-06-04 00:17:39,29.9875,11.46,1.544,18.360,A,#1,APPROACH,2.500A/A
34418,2026-06-04 00:17:40,29.8875,11.46,1.544,18.360,A,#1,APPROACH,2.922A/A
34419,2026-06-04 00:17:42,29.7375,12.00,1.544,18.360,A,#1,APPROACH,1.500A/A
34420,2026-06-04 00:17:44,29.6000,12.00,1.501,17.856,A,#1,APPROACH,1.500A/A
34421,2026-06-04 00:17:46,29.4250,12.00,1.501,17.856,A,#1,APPROACH,2.500A/A
34422,2026-06-04 00:17:48,29.2625,12.00,1.501,17.856,A,#1,APPROACH,2.000A/A
34423,2026-06-04 00:17:50,29.0625,12.00,1.501,17.856,A,#1,APPROACH,3.000A/A
34424,2026-06-04 00:17:52,28.8250,12.00,1.472,17.508,A,#1,APPROACH,1.500A/A
34425,2026-06-04 00:17:54,28.6250,12.00,1.472,17.508,A,#1,APPROACH,3.000A/A
34426,2026-06-04 00:17:56,28.4500,12.00,1.472,17.508,A,#1,APPROACH,1.500A/A
34427,2026-06-04 00:17:57,28.2000,12.00,1.472,17.508,A,#1,APPROACH,1.000A/A
34428,2026-06-04 00:17:59,27.9750,12.00,1.226,8.870,A,#1,APPROACH,2.500A/A
34429,2026-06-04 00:18:02,27.7500,12.00,1.226,8.870,A,#1,APPROACH,3.000A/A
34430,2026-06-04 00:18:03,27.5625,12.00,1.226,8.870,A,#1,APPROACH,2.000A/A
34431,2026-06-04 00:18:05,27.3125,12.00,1.226,8.870,A,#1,APPROACH,2.500A/A
34432,2026-06-04 00:18:07,27.1250,12.00,1.441,17.160,A,#1,APPROACH,1.000A/A
34433,2026-06-04 00:18:09,26.8750,12.00,1.441,17.160,A,#1,APPROACH,2.500A/A
34434,2026-06-04 00:18:11,26.6625,12.00,1.441,17.160,A,#1,APPROACH,1.500A/A
34435,2026-06-04 00:18:13,26.4125,12.00,1.441,17.160,A,#1,APPROACH,2.000A/A
34436,2026-06-04 00:18:15,26.2000,12.00,1.431,17.028,A,#1,APPROACH,1.000A/A
34437,2026-06-04 00:18:17,26.0000,12.00,1.431,17.028,A,#1,APPROACH,3.000A/A
34438,2026-06-04 00:18:19,25.7625,12.00,1.431,17.028,A,#1,APPROACH,2.500A/A
34439,2026-06-04 00:18:20,25.5625,12.00,1.431,17.028,A,#1,APPROACH,1.000A/A
34440,2026-06-04 00:18:22,25.3250,12.00,1.214,9.060,A,#1,APPROACH,3.000A/A
34441,2026-06-04 00:18:25,25.1250,12.00,1.214,9.060,A,#1,APPROACH,2.000A/A
34442,2026-06-04 00:18:26,24.9125,12.00,1.214,9.060,A,#1,APPROACH,2.000A/A
34443,2026-06-04 00:18:28,24.6875,12.00,1.214,9.060,A,#1,APPROACH,1.500A/A
34444,2026-06-04 00:18:30,24.5125,12.00,1.421,16.944,A,#1,APPROACH,2.000A/A
34445,2026-06-04 00:18:32,24.2875,12.00,1.421,16.944,A,#1,APPROACH,2.000A/A
34446,2026-06-04 00:18:34,24.1250,12.00,1.421,16.944,A,#1,APPROACH,2.500A/A
34447,2026-06-04 00:18:36,23.8750,12.00,1.421,16.944,A,#1,APPROACH,3.000A/A
34448,2026-06-04 00:18:38,23.7000,12.00,1.414,16.848,A,#1,APPROACH,1.000A/A
34449,2026-06-04 00:18:40,23.5000,12.00,1.414,16.848,A,#1,APPROACH,1.000A/A
34450,2026-06-04 00:18:42,23.3250,12.00,1.414,16.848,A,#1,APPROACH,1.000A/A
34451,2026-06-04 00:18:44,23.1000,9.08,1.414,16.848,A,#1,APPROACH,2.500A/A
34452,2026-06-04 00:18:45,22.9500,9.08,1.338,16.812,A,#1,APPROACH,3.000A/A
34453,2026-06-04 00:18:48,22.7500,9.08,1.338,16.812,A,#1,APPROACH,1.000A/A
34454,2026-06-04 00:18:49,22.5750,9.08,1.338,16.812,A,#1,APPROACH,1.500A/A
34455,2026-06-04 00:18:51,22.4250,12.00,1.338,16.812,A,#1,APPROACH,2.000A/A
34456,2026-06-04 00:18:53,22.2375,12.00,1.408,16.800,A,#1,APPROACH,1.500A/A
34457,2026-06-04 00:18:55,22.0625,12.00,1.408,16.800,A,#1,APPROACH,2.991A/A
34458,2026-06-04 00:18:57,21.8875,12.00,1.408,16.800,A,#1,APPROACH,1.000A/A
34459,2026-06-04 00:18:59,21.6875,9.12,1.408,16.800,A,#1,APPROACH,3.000A/A
34460,2026-06-04 00:19:01,21.5750,9.12,1.212,16.752,A,#1,APPROACH,3.000A/A
34461,2026-06-04 00:19:03,21.3750,9.12,1.212,16.752,A,#1,APPROACH,1.000A/A
34462,2026-06-04 00:19:05,21.2625,9.12,1.212,16.752,A,#1,APPROACH,1.500A/A
34463,2026-06-04 00:19:07,21.1125,12.00,1.212,16.752,A,#1,APPROACH,2.500A/A
34464,2026-06-04 00:19:08,21.1125,12.00,1.406,16.764,A,#1,APPROACH,2.000A/A
34465,2026-06-04 00:19:11,20.8000,12.00,1.406,16.764,A,#1,APPROACH,1.500A/A
34466,2026-06-04 00:19:12,20.6375,12.00,1.406,16.764,A,#1,APPROACH,2.000A/A
34467,2026-06-04 00:19:14,20.4875,12.00,1.406,16.764,A,#1,APPROACH,1.000A/A
34468,2026-06-04 00:19:16,20.4875,12.00,1.199,9.220,A,#1,APPROACH,2.500A/A
34469,2026-06-04 00:19:18,20.2125,12.00,1.199,9.220,A,#1,APPROACH,1.000A/A
34470,2026-06-04 00:19:20,20.1125,12.00,1.199,9.220,A,#1,APPROACH,3.000A/A
34471,2026-06-04 00:19:22,19.9625,12.00,1.199,9.220,A,#1,APPROACH,2.000A/A
34472,2026-06-04 00:19:24,19.9625,12.00,1.400,16.704,A,#1,APPROACH,1.500A/A
34473,2026-06-04 00:19:26,19.7375,12.00,1.400,16.704,A,#1,APPROACH,1.500A/A
34474,2026-06-04 00:19:28,19.6125,12.00,1.400,16.704,A,#1,APPROACH,3.000A/A
34475,2026-06-04 00:19:30,19.4875,12.00,1.400,16.704,A,#1,APPROACH,2.985A/A
34476,2026-06-04 00:19:31,19.4875,12.00,1.396,16.656,A,#1,APPROACH,3.000A/A
34477,2026-06-04 00:19:34,19.2625,12.00,1.396,16.656,A,#1,APPROACH,1.000A/A
34478,2026-06-04 00:19:35,19.1500,12.00,1.396,16.656,A,#1,APPROACH,1.000A/A
34479,2026-06-04 00:19:37,19.0250,9.19,1.396,16.656,A,#1,APPROACH,2.000A/A
34480,2026-06-04 00:19:39,19.0250,9.19,1.390,16.656,A,#1,APPROACH,2.000A/A
34481,2026-06-04 00:19:42,18.8000,9.19,1.390,16.656,A,#1,APPROACH,3.000A/A
34482,2026-06-04 00:19:43,18.8000,9.19,1.390,16.656,A,#1,APPROACH,1.500A/A
34483,2026-06-04 00:19:45,18.5875,12.00,1.390,16.656,A,#1,APPROACH,3.000A/A
34484,2026-06-04 00:19:47,18.5875,12.00,1.393,16.596,A,#1,APPROACH,2.000A/A
34485,2026-06-04 00:19:49,18.3875,12.00,1.393,16.596,A,#1,APPROACH,1.500A/A
34486,2026-06-04 00:19:51,18.3875,12.00,1.393,16.596,A,#1,APPROACH,1.000A/A
34487,2026-06-04 00:19:53,18.2000,9.21,1.393,16.596,A,#1,APPROACH,3.000A/A
34488,2026-06-04 00:19:55,18.2000,9.21,1.391,16.584,A,#1,APPROACH,2.000A/A
34489,2026-06-04 00:19:57,18.0125,9.21,1.391,16.584,A,#1,HOLDING,1.500A/A
34490,2026-06-04 00:19:58,18.0125,9.21,1.391,16.584,OFF,#1,HOLDING,0.000A/OFF
34491,2026-06-04 00:20:00,17.9375,9.21,1.391,16.584,OFF,#1,HOLDING,0.000A/OFF
34492,2026-06-04 00:20:01,17.8375,12.00,1.391,16.584,OFF,#1,HOLDING,0.000A/OFF
34493,2026-06-04 00:20:02,17.8375,12.00,0.000,16.584,OFF,#1,HOLDING,0.000A/OFF
34494,2026-06-04 00:20:03,17.7750,12.00,0.000,0.000,OFF,#1,HOLDING,0.000A/OFF
34495,2026-06-04 00:20:04,17.7750,12.00,0.000,0.000,OFF,#1,HOLDING,0.000A/OFF
34496,2026-06-04 00:20:05,17.7000,12.00,0.000,0.000,OFF,#1,HOLDING,0.000A/OFF
34497,2026-06-04 00:20:06,17.7000,12.00,0.000,0.000,A,#1,HOLDING,0.115A/A
34498,2026-06-04 00:20:07,17.6250,12.00,0.115,0.000,A,#1,HOLDING,0.128A/A
34499,2026-06-04 00:20:09,17.6250,12.00,0.115,0.259,A,#1,HOLDING,0.160A/A
34500,2026-06-04 00:20:11,17.5625,12.00,0.115,0.259,A,#1,HOLDING,0.168A/A
34501,2026-06-04 00:20:13,17.5625,12.00,0.115,0.259,A,#1,HOLDING,0.190A/A
34502,2026-06-04 00:20:14,17.5875,2.40,0.115,0.259,A,#1,HOLDING,0.210A/A
34503,2026-06-04 00:20:16,17.6125,2.40,0.210,0.546,A,#1,HOLDING,0.238A/A
34504,2026-06-04 00:20:19,17.6250,2.40,0.210,0.546,A,#1,HOLDING,0.265A/A
34505,2026-06-04 00:20:20,17.6250,2.40,0.210,0.546,A,#1,HOLDING,0.279A/A
34506,2026-06-04 00:20:22,17.6875,3.08,0.210,0.546,A,#1,HOLDING,0.304A/A
34507,2026-06-04 00:20:24,17.7125,3.08,0.292,1.009,A,#1,HOLDING,0.328A/A
34508,2026-06-04 00:20:26,17.7875,3.08,0.292,1.009,A,#1,HOLDING,0.367A/A
34509,2026-06-04 00:20:28,17.8125,3.08,0.292,1.009,A,#1,HOLDING,0.387A/A
34510,2026-06-04 00:20:30,17.8250,3.94,0.292,1.009,A,#1,HOLDING,0.412A/A
34511,2026-06-04 00:20:32,17.8750,3.94,0.412,1.730,A,#1,HOLDING,0.440A/A
34512,2026-06-04 00:20:34,17.9125,3.94,0.412,1.730,A,#1,HOLDING,0.478A/A
34513,2026-06-04 00:20:36,17.9875,3.94,0.412,1.730,A,#1,HOLDING,0.514A/A
34514,2026-06-04 00:20:37,18.0000,4.85,0.412,1.730,A,#1,HOLDING,0.544A/A
34515,2026-06-04 00:20:39,18.0500,4.85,0.544,2.856,A,#1,HOLDING,0.581A/A
34516,2026-06-04 00:20:42,18.0750,4.85,0.544,2.856,A,#1,HOLDING,0.621A/A
34517,2026-06-04 00:20:43,18.1000,4.85,0.544,2.856,A,#1,HOLDING,0.705A/A
34518,2026-06-04 00:20:45,18.1250,6.42,0.544,2.856,A,#1,HOLDING,0.741A/A
34519,2026-06-04 00:20:47,18.1750,6.42,0.741,5.061,A,#1,HOLDING,0.786A/A
34520,2026-06-04 00:20:49,18.1875,6.42,0.741,5.061,A,#1,HOLDING,0.837A/A
34521,2026-06-04 00:20:51,18.2125,6.42,0.741,5.061,A,#1,HOLDING,0.874A/A
34522,2026-06-04 00:20:53,18.2250,7.76,0.741,5.061,A,#1,HOLDING,0.913A/A
34523,2026-06-04 00:20:55,18.2500,7.76,0.890,7.450,A,#1,HOLDING,0.959A/A
34524,2026-06-04 00:20:57,18.2500,7.76,0.890,7.450,A,#1,HOLDING,1.010A/A
34525,2026-06-04 00:20:59,18.2500,7.76,0.890,7.450,A,#1,HOLDING,1.047A/A
34526,2026-06-04 00:21:00,18.2500,9.07,0.890,7.450,A,#1,HOLDING,1.087A/A
34527,2026-06-04 00:21:02,18.2500,9.07,1.064,10.315,A,#1,HOLDING,1.131A/A
34528,2026-06-04 00:21:05,18.2250,9.07,1.064,10.315,A,#1,HOLDING,1.178A/A
34529,2026-06-04 00:21:06,18.2500,9.07,1.064,10.315,A,#1,HOLDING,1.218A/A
34530,2026-06-04 00:21:08,18.1875,10.37,1.064,10.315,A,#1,HOLDING,1.250A/A
34531,2026-06-04 00:21:10,18.1875,10.37,1.231,13.425,A,#1,HOLDING,1.000A/A
34532,2026-06-04 00:21:12,18.1500,10.37,1.231,13.425,A,#1,HOLDING,1.286A/A
34533,2026-06-04 00:21:14,18.1000,10.37,1.231,13.425,A,#1,HOLDING,1.317A/A
34534,2026-06-04 00:21:16,18.1000,11.11,1.231,13.425,A,#1,HOLDING,1.356A/A
34535,2026-06-04 00:21:18,18.0375,11.11,1.334,15.688,A,#1,HOLDING,1.341A/A
34536,2026-06-04 00:21:20,18.0000,11.11,1.334,15.688,A,#1,HOLDING,1.386A/A
34537,2026-06-04 00:21:22,17.9500,11.11,1.334,15.688,A,#1,HOLDING,1.407A/A
34538,2026-06-04 00:21:23,17.9500,11.82,1.334,15.688,A,#1,HOLDING,1.445A/A
34539,2026-06-04 00:21:25,17.8750,11.82,1.410,16.896,A,#1,HOLDING,1.469A/A
34540,2026-06-04 00:21:28,17.7750,11.82,1.410,16.896,A,#2,APPROACH,1.500A/A
34541,2026-06-04 00:21:29,17.7000,11.82,1.410,16.896,OFF,#2,APPROACH,0.000A/OFF
34542,2026-06-04 00:21:30,17.7000,11.82,1.410,16.896,OFF,#2,APPROACH,0.111A/B
34543,2026-06-04 00:21:32,17.6500,12.00,1.410,16.896,B,#2,APPROACH,0.191A/B
34544,2026-06-04 00:21:35,17.5750,12.00,0.000,0.124,B,#2,APPROACH,0.262A/B
34545,2026-06-04 00:21:37,17.4500,12.00,0.000,0.124,B,#2,APPROACH,0.357A/B
34546,2026-06-04 00:21:39,17.4500,12.00,0.000,0.124,B,#2,APPROACH,0.389A/B
34547,2026-06-04 00:21:40,17.4375,2.48,0.000,0.124,B,#2,APPROACH,0.433A/B
34548,2026-06-04 00:21:42,17.4375,2.48,0.409,1.311,B,#2,APPROACH,0.496A/B
34549,2026-06-04 00:21:45,17.4375,2.48,0.409,1.311,B,#2,APPROACH,0.560A/B
34550,2026-06-04 00:21:46,17.4375,2.48,0.409,1.311,B,#2,APPROACH,0.609A/B
34551,2026-06-04 00:21:48,17.4750,4.51,0.409,1.311,B,#2,APPROACH,0.643A/B
34552,2026-06-04 00:21:50,17.5250,4.51,0.643,3.195,B,#2,APPROACH,0.689A/B
34553,2026-06-04 00:21:52,17.6750,4.51,0.643,3.195,B,#2,APPROACH,0.735A/B
34554,2026-06-04 00:21:54,17.6750,4.51,0.643,3.195,B,#2,APPROACH,0.785A/B
34555,2026-06-04 00:21:56,17.7875,6.16,0.643,3.195,B,#2,APPROACH,0.807A/B
34556,2026-06-04 00:21:58,17.8875,6.16,0.794,5.277,B,#2,APPROACH,0.844A/B
34557,2026-06-04 00:22:00,18.0125,6.16,0.794,5.277,B,#2,HOLDING,0.827A/B
34558,2026-06-04 00:22:02,18.1375,6.16,0.794,5.277,OFF,#2,HOLDING,0.000A/OFF
34559,2026-06-04 00:22:03,18.2625,6.16,0.794,5.277,OFF,#2,HOLDING,0.000A/OFF
34560,2026-06-04 00:22:04,18.2625,12.00,0.794,5.277,OFF,#2,HOLDING,0.000A/OFF
34561,2026-06-04 00:22:05,18.4125,12.00,0.000,5.277,OFF,#2,HOLDING,0.000A/OFF
34562,2026-06-04 00:22:06,18.4125,12.00,0.000,0.000,OFF,#2,HOLDING,0.000A/OFF
34563,2026-06-04 00:22:07,18.5500,12.00,0.000,0.000,OFF,#2,HOLDING,0.000A/OFF
34564,2026-06-04 00:22:08,18.5500,12.00,0.000,0.000,OFF,#2,HOLDING,0.000A/OFF
34565,2026-06-04 00:22:09,18.7000,12.00,0.000,0.000,OFF,#2,HOLDING,0.000A/OFF
34566,2026-06-04 00:22:10,18.7000,12.00,0.000,0.000,OFF,#2,HOLDING,0.000A/OFF
34567,2026-06-04 00:22:11,18.8625,12.00,0.000,0.000,OFF,#2,HOLDING,0.000A/OFF
34568,2026-06-04 00:22:12,19.0125,12.00,0.000,0.000,OFF,#2,HOLDING,0.000A/OFF
34569,2026-06-04 00:22:13,19.0125,12.00,0.000,0.000,OFF,#2,HOLDING,0.000A/OFF
34570,2026-06-04 00:22:14,19.1625,12.00,0.000,0.000,OFF,#2,HOLDING,0.000A/OFF
34571,2026-06-04 00:22:15,19.1625,12.00,0.000,0.000,OFF,#2,HOLDING,0.000A/OFF
34572,2026-06-04 00:22:16,19.2625,12.00,0.000,0.000,OFF,#2,HOLDING,0.000A/OFF
34573,2026-06-04 00:22:17,19.2625,12.00,0.000,0.000,OFF,#2,HOLDING,0.000A/OFF
34574,2026-06-04 00:22:18,19.4250,12.00,0.000,0.000,OFF,#2,HOLDING,0.000A/OFF
34575,2026-06-04 00:22:19,19.4250,12.00,0.000,0.000,OFF,#2,HOLDING,0.000A/OFF
34576,2026-06-04 00:22:20,19.5500,12.00,0.000,0.000,OFF,#2,HOLDING,0.000A/OFF
34577,2026-06-04 00:22:21,19.5500,12.00,0.000,0.000,OFF,#2,HOLDING,0.000A/OFF
34578,2026-06-04 00:22:22,19.6625,12.00,0.000,0.000,OFF,#2,HOLDING,0.000A/OFF
34579,2026-06-04 00:22:23,19.6625,12.00,0.000,0.000,OFF,#2,HOLDING,0.000A/OFF
34580,2026-06-04 00:22:24,19.7625,12.00,0.000,0.000,OFF,#2,HOLDING,0.000A/OFF
34581,2026-06-04 00:22:25,19.7625,12.00,0.000,0.000,OFF,#2,HOLDING,0.000A/OFF
34582,2026-06-04 00:22:26,19.8875,12.00,0.000,0.000,OFF,#2,HOLDING,0.000A/OFF
34583,2026-06-04 00:22:27,19.8875,12.00,0.000,0.000,OFF,#2,HOLDING,0.000A/OFF
34584,2026-06-04 00:22:28,20.0125,12.00,0.000,0.000,A,#2,HOLDING,0.164A/A
34585,2026-06-04 00:22:30,20.0750,12.00,0.000,0.000,A,#2,HOLDING,0.199A/A
34586,2026-06-04 00:22:32,20.2000,12.00,0.179,0.342,A,#2,HOLDING,0.270A/A
34587,2026-06-04 00:22:34,20.2625,12.00,0.179,0.342,A,#2,HOLDING,0.310A/A
34588,2026-06-04 00:22:36,20.3625,12.00,0.179,0.342,A,#2,HOLDING,0.378A/A
34589,2026-06-04 00:22:37,20.4500,3.32,0.179,0.342,A,#2,HOLDING,0.436A/A
34590,2026-06-04 00:22:39,20.5250,3.32,0.436,1.691,A,#2,HOLDING,0.521A/A
34591,2026-06-04 00:22:42,20.6000,3.32,0.436,1.691,A,#2,HOLDING,0.631A/A
34592,2026-06-04 00:22:43,20.6500,3.32,0.436,1.691,A,#2,HOLDING,0.687A/A
34593,2026-06-04 00:22:45,20.6875,5.83,0.436,1.691,A,#2,HOLDING,0.725A/A
34594,2026-06-04 00:22:47,20.7375,5.83,0.725,4.560,A,#2,HOLDING,0.833A/A
34595,2026-06-04 00:22:49,20.8125,5.83,0.725,4.560,A,#2,HOLDING,0.867A/A
34596,2026-06-04 00:22:51,20.8125,5.83,0.725,4.560,A,#2,HOLDING,0.937A/A
34597,2026-06-04 00:22:53,20.8125,7.83,0.725,4.560,A,#2,HOLDING,0.960A/A
34598,2026-06-04 00:22:55,20.8125,7.83,0.960,7.891,A,#2,HOLDING,1.011A/A
34599,2026-06-04 00:22:57,20.8125,7.83,0.960,7.891,A,#2,HOLDING,1.105A/A
34600,2026-06-04 00:22:59,20.8125,7.83,0.960,7.891,A,#2,HOLDING,1.181A/A
34601,2026-06-04 00:23:01,20.8125,9.68,0.960,7.891,A,#2,HOLDING,1.248A/A
34602,2026-06-04 00:23:02,20.7625,9.68,1.248,12.929,A,#2,HOLDING,1.331A/A
34603,2026-06-04 00:23:05,20.7500,9.68,1.248,12.929,A,#2,HOLDING,1.451A/A
34604,2026-06-04 00:23:06,20.7000,9.68,1.248,12.929,A,#2,HOLDING,1.550A/A
34605,2026-06-04 00:23:08,20.6500,12.00,1.248,12.929,A,#2,HOLDING,1.645A/A
34606,2026-06-04 00:23:10,20.5750,12.00,1.481,17.604,A,#2,HOLDING,1.780A/A
34607,2026-06-04 00:23:12,20.5000,12.00,1.481,17.604,A,#2,HOLDING,1.902A/A
34608,2026-06-04 00:23:14,20.4250,12.00,1.481,17.604,A,#2,HOLDING,2.086A/A
34609,2026-06-04 00:23:16,20.3625,12.00,1.481,17.604,A,#2,HOLDING,2.347A/A
34610,2026-06-04 00:23:18,20.2625,12.00,1.455,17.316,A,#2,HOLDING,2.653A/A
34611,2026-06-04 00:23:20,20.1500,12.00,1.455,17.316,A,#2,HOLDING,3.000A/A
34612,2026-06-04 00:23:22,20.0750,12.00,1.455,17.316,A,#2,HOLDING,2.000A/A
34613,2026-06-04 00:23:24,19.9625,12.00,1.455,17.316,A,#2,HOLDING,3.000A/A
34614,2026-06-04 00:23:25,19.8625,12.00,1.436,17.112,A,#2,HOLDING,1.500A/A
34615,2026-06-04 00:23:28,19.7625,12.00,1.436,17.112,A,#2,HOLDING,1.500A/A
34616,2026-06-04 00:23:29,19.6375,12.00,1.436,17.112,A,#2,HOLDING,1.500A/A
34617,2026-06-04 00:23:31,19.5250,12.00,1.436,17.112,A,#2,HOLDING,2.000A/A
34618,2026-06-04 00:23:33,19.4250,12.00,1.423,16.968,A,#2,HOLDING,1.500A/A
34619,2026-06-04 00:23:36,19.3250,12.00,1.423,16.968,A,#2,HOLDING,1.873A/A
34620,2026-06-04 00:23:37,19.1750,12.00,1.423,16.968,A,#2,HOLDING,1.500A/A
34621,2026-06-04 00:23:39,19.1125,12.00,1.423,16.968,A,#2,HOLDING,1.500A/A
34622,2026-06-04 00:23:41,18.9875,12.00,1.414,16.860,A,#2,HOLDING,1.000A/A
34623,2026-06-04 00:23:43,18.8625,12.00,1.414,16.860,A,#2,HOLDING,1.599A/A
34624,2026-06-04 00:23:45,18.7625,12.00,1.414,16.860,A,#2,HOLDING,1.000A/A
34625,2026-06-04 00:23:47,18.6500,9.02,1.414,16.860,A,#2,HOLDING,1.443A/A
34626,2026-06-04 00:23:49,18.5500,9.02,1.400,16.836,A,#2,HOLDING,1.432A/A
34627,2026-06-04 00:23:51,18.4500,9.02,1.400,16.836,A,#2,HOLDING,1.228A/A
34628,2026-06-04 00:23:53,18.3500,9.02,1.400,16.836,A,#2,HOLDING,1.249A/A
34629,2026-06-04 00:23:54,18.2375,10.79,1.400,16.836,A,#2,HOLDING,1.051A/A
34630,2026-06-04 00:23:56,18.1125,10.79,1.062,10.037,A,#3,APPROACH,0.769A/A
34631,2026-06-04 00:23:59,18.0875,10.79,1.062,10.037,B,#3,APPROACH,0.781A/B
34632,2026-06-04 00:24:01,17.9875,10.79,1.062,10.037,B,#3,APPROACH,1.183A/B
34633,2026-06-04 00:24:03,17.8625,10.79,1.062,10.037,B,#3,APPROACH,1.500A/B
34634,2026-06-04 00:24:05,17.7625,11.23,1.500,10.037,B,#3,APPROACH,3.000A/B
34635,2026-06-04 00:24:07,17.7375,11.23,1.500,20.424,B,#3,APPROACH,1.000A/B
34636,2026-06-04 00:24:08,17.6875,11.23,1.500,20.424,B,#3,APPROACH,1.895A/B
34637,2026-06-04 00:24:10,17.6875,11.23,1.500,20.424,B,#3,APPROACH,2.000A/B
34638,2026-06-04 00:24:12,17.7125,12.00,1.500,20.424,B,#3,APPROACH,1.500A/B
34639,2026-06-04 00:24:14,17.8250,12.00,1.518,16.845,B,#3,APPROACH,1.000A/B
34640,2026-06-04 00:24:16,17.9500,12.00,1.518,16.845,B,#3,APPROACH,1.000A/B
34641,2026-06-04 00:24:18,18.1000,12.00,1.518,16.845,B,#3,APPROACH,2.500A/B
34642,2026-06-04 00:24:20,18.2500,12.00,1.518,16.845,B,#3,APPROACH,1.000A/B
34643,2026-06-04 00:24:21,18.4500,12.00,1.023,8.360,B,#3,APPROACH,1.583A/B
34644,2026-06-04 00:24:24,18.6750,12.00,1.023,8.360,B,#3,APPROACH,1.829A/B
34645,2026-06-04 00:24:25,18.8750,12.00,1.023,8.360,B,#3,APPROACH,1.409A/B
34646,2026-06-04 00:24:27,19.1000,11.20,1.023,8.360,B,#3,APPROACH,1.342A/B
34647,2026-06-04 00:24:29,19.3375,11.20,1.342,14.735,B,#3,APPROACH,1.080A/B
34648,2026-06-04 00:24:32,19.5625,11.20,1.342,14.735,B,#3,APPROACH,0.826A/B
34649,2026-06-04 00:24:33,19.8125,11.20,1.342,14.735,B,#3,APPROACH,0.708A/B
34650,2026-06-04 00:24:35,20.0625,6.60,1.342,14.735,B,#3,HOLDING,0.662A/B
34651,2026-06-04 00:24:37,20.3125,6.60,0.662,14.735,OFF,#3,HOLDING,0.000A/OFF
34652,2026-06-04 00:24:38,20.3125,6.60,0.662,4.203,OFF,#3,HOLDING,0.000A/OFF
34653,2026-06-04 00:24:39,20.5875,6.60,0.662,4.203,OFF,#3,HOLDING,0.000A/OFF
34654,2026-06-04 00:24:40,20.5875,6.60,0.662,4.203,OFF,#3,HOLDING,0.000A/OFF
34655,2026-06-04 00:24:41,20.8625,6.60,0.662,4.203,OFF,#3,HOLDING,0.000A/OFF
34656,2026-06-04 00:24:42,20.8625,6.60,0.662,4.203,OFF,#3,HOLDING,0.000A/OFF
34657,2026-06-04 00:24:43,21.1125,12.00,0.662,4.203,OFF,#3,HOLDING,0.000A/OFF
34658,2026-06-04 00:24:44,21.1125,12.00,0.000,4.203,OFF,#3,HOLDING,0.000A/OFF
34659,2026-06-04 00:24:45,21.3625,12.00,0.000,0.000,OFF,#3,HOLDING,0.000A/OFF
34660,2026-06-04 00:24:46,21.6125,12.00,0.000,0.000,A,#3,HOLDING,0.107A/A
34661,2026-06-04 00:24:47,21.6125,12.00,0.000,0.000,A,#3,HOLDING,0.138A/A
34662,2026-06-04 00:24:49,21.8375,0.68,0.000,0.000,A,#3,HOLDING,0.195A/A
34663,2026-06-04 00:24:51,22.0625,0.68,0.195,0.261,A,#3,HOLDING,0.298A/A
34664,2026-06-04 00:24:53,22.2375,0.68,0.195,0.261,A,#3,HOLDING,0.403A/A
34665,2026-06-04 00:24:55,22.4125,0.68,0.195,0.261,A,#3,HOLDING,0.437A/A
34666,2026-06-04 00:24:57,22.6000,3.50,0.195,0.261,A,#3,HOLDING,0.491A/A
34667,2026-06-04 00:24:59,22.7250,3.50,0.479,1.998,A,#3,HOLDING,0.598A/A
34668,2026-06-04 00:25:01,22.8625,3.50,0.479,1.998,A,#3,HOLDING,0.735A/A
34669,2026-06-04 00:25:03,23.0125,3.50,0.479,1.998,A,#3,HOLDING,0.922A/A
34670,2026-06-04 00:25:05,23.1000,7.40,0.479,1.998,A,#3,HOLDING,1.095A/A
34671,2026-06-04 00:25:06,23.2000,7.40,1.018,9.657,A,#3,HOLDING,1.404A/A
34672,2026-06-04 00:25:09,23.2875,7.40,1.018,9.657,A,#3,HOLDING,1.000A/A
34673,2026-06-04 00:25:10,23.3625,7.40,1.018,9.657,A,#3,HOLDING,2.000A/A
34674,2026-06-04 00:25:12,23.3875,12.00,1.018,9.657,A,#3,HOLDING,2.500A/A
34675,2026-06-04 00:25:14,23.4125,12.00,1.544,18.312,A,#3,HOLDING,1.000A/A
34676,2026-06-04 00:25:16,23.4375,12.00,1.544,18.312,A,#3,HOLDING,1.500A/A
34677,2026-06-04 00:25:18,23.4125,12.00,1.544,18.312,A,#3,HOLDING,1.769A/A
34678,2026-06-04 00:25:20,23.3750,12.00,1.544,18.312,A,#3,HOLDING,1.000A/A
34679,2026-06-04 00:25:22,23.3250,12.00,1.158,8.590,A,#3,HOLDING,1.000A/A
34680,2026-06-04 00:25:24,23.3000,12.00,1.158,8.590,A,#3,HOLDING,1.550A/A
34681,2026-06-04 00:25:26,23.2250,12.00,1.158,8.590,A,#3,HOLDING,1.875A/A
34682,2026-06-04 00:25:28,23.1500,12.00,1.158,8.590,A,#3,HOLDING,1.718A/A
34683,2026-06-04 00:25:29,23.0750,12.00,1.481,17.616,A,#3,HOLDING,1.000A/A
34684,2026-06-04 00:25:32,22.9875,12.00,1.481,17.616,A,#3,HOLDING,2.000A/A
34685,2026-06-04 00:25:33,22.8875,12.00,1.481,17.616,A,#3,HOLDING,1.763A/A
34686,2026-06-04 00:25:35,22.8000,12.00,1.481,17.616,A,#3,HOLDING,1.940A/A
34687,2026-06-04 00:25:37,22.6750,12.00,1.459,17.364,A,#3,HOLDING,1.000A/A
34688,2026-06-04 00:25:39,22.5750,12.00,1.459,17.364,A,#3,HOLDING,1.000A/A
34689,2026-06-04 00:25:41,22.4500,12.00,1.459,17.364,A,#3,HOLDING,1.000A/A
34690,2026-06-04 00:25:43,22.3250,8.80,1.459,17.364,A,#3,HOLDING,2.000A/A
34691,2026-06-04 00:25:45,22.2000,8.80,1.446,17.220,A,#3,HOLDING,1.500A/A
34692,2026-06-04 00:25:47,22.0750,8.80,1.446,17.220,A,#3,HOLDING,1.805A/A
34693,2026-06-04 00:25:49,21.9250,8.80,1.446,17.220,A,#3,HOLDING,1.632A/A
34694,2026-06-04 00:25:51,21.8250,12.00,1.446,17.220,A,#3,HOLDING,1.500A/A
34695,2026-06-04 00:25:52,21.6750,12.00,1.432,17.064,A,#3,HOLDING,1.457A/A
34696,2026-06-04 00:25:55,21.5500,12.00,1.432,17.064,A,#3,HOLDING,1.463A/A
34697,2026-06-04 00:25:56,21.4250,12.00,1.432,17.064,A,#3,HOLDING,1.443A/A
34698,2026-06-04 00:25:58,21.2875,12.00,1.432,17.064,A,#3,HOLDING,1.424A/A
34699,2026-06-04 00:26:00,21.1125,12.00,1.420,16.920,A,#3,HOLDING,1.394A/A
34700,2026-06-04 00:26:03,21.0125,12.00,1.420,16.920,A,#3,HOLDING,1.375A/A
34701,2026-06-04 00:26:04,20.8625,12.00,1.420,16.920,A,#3,HOLDING,1.320A/A
34702,2026-06-04 00:26:06,20.7375,11.25,1.420,16.920,A,#3,HOLDING,1.279A/A
34703,2026-06-04 00:26:08,20.6125,11.25,1.279,14.235,A,#3,HOLDING,1.270A/A
34704,2026-06-04 00:26:10,20.4500,11.25,1.279,14.235,A,#3,HOLDING,1.184A/A
34705,2026-06-04 00:26:12,20.3000,11.25,1.279,14.235,A,#3,HOLDING,1.159A/A
34706,2026-06-04 00:26:14,20.2000,10.18,1.279,14.235,A,#3,HOLDING,1.044A/A
34707,2026-06-04 00:26:16,20.1000,10.18,1.044,9.897,A,#3,HOLDING,1.000A/A
34708,2026-06-04 00:26:18,19.9625,10.18,1.044,9.897,A,#3,HOLDING,1.072A/A
34709,2026-06-04 00:26:20,19.8375,10.18,1.044,9.897,A,#3,HOLDING,0.957A/A
34710,2026-06-04 00:26:21,19.7000,8.84,1.044,9.897,A,#3,HOLDING,0.875A/A
34711,2026-06-04 00:26:23,19.5750,8.84,0.890,7.253,A,#3,HOLDING,0.794A/A
34712,2026-06-04 00:26:26,19.4625,8.84,0.890,7.253,A,#3,HOLDING,0.639A/A
34713,2026-06-04 00:26:27,19.3875,8.84,0.890,7.253,A,#3,HOLDING,0.658A/A
34714,2026-06-04 00:26:29,19.3000,6.66,0.890,7.253,A,#3,HOLDING,0.447A/A
34715,2026-06-04 00:26:31,19.2000,6.66,0.504,2.266,A,#3,HOLDING,0.565A/A
34716,2026-06-04 00:26:33,19.1125,6.66,0.504,2.266,A,#3,HOLDING,0.465A/A
34717,2026-06-04 00:26:35,19.0125,6.66,0.504,2.266,A,#3,HOLDING,0.260A/A
34718,2026-06-04 00:26:37,18.9625,3.52,0.504,2.266,A,#3,HOLDING,0.180A/A
34719,2026-06-04 00:26:39,18.8875,3.52,0.204,2.266,OFF,#3,HOLDING,0.000A/OFF
34720,2026-06-04 00:26:40,18.8375,3.52,0.204,0.520,OFF,#3,HOLDING,0.000A/OFF
34721,2026-06-04 00:26:41,18.8375,3.52,0.204,0.520,B,#3,HOLDING,0.105A/B
34722,2026-06-04 00:26:42,18.7625,3.52,0.204,0.520,B,#3,HOLDING,0.000A/OFF
34723,2026-06-04 00:26:43,18.7625,3.52,0.204,0.520,OFF,#3,HOLDING,0.000A/OFF
34724,2026-06-04 00:26:44,18.6875,12.00,0.204,0.520,OFF,#3,HOLDING,0.000A/OFF
34725,2026-06-04 00:26:45,18.6625,12.00,0.862,0.520,OFF,#3,HOLDING,0.000A/OFF
34726,2026-06-04 00:26:46,18.6625,12.00,0.862,0.000,OFF,#3,HOLDING,0.000A/OFF
34727,2026-06-04 00:26:47,18.6625,12.00,0.862,0.000,OFF,#3,HOLDING,0.000A/OFF
34728,2026-06-04 00:26:48,18.6625,12.00,0.862,0.000,B,#3,HOLDING,0.114A/B
34729,2026-06-04 00:26:50,18.6875,12.00,0.862,0.000,B,#3,HOLDING,0.188A/B
34730,2026-06-04 00:26:52,18.7000,3.51,0.188,0.000,B,#3,HOLDING,0.345A/B
34731,2026-06-04 00:26:54,18.7500,3.51,0.188,0.910,B,#3,HOLDING,0.476A/B
34732,2026-06-04 00:26:55,18.8000,3.51,0.188,0.910,B,#3,HOLDING,0.528A/B
34733,2026-06-04 00:26:57,18.9000,3.51,0.188,0.910,B,#3,HOLDING,0.561A/B
34734,2026-06-04 00:26:59,18.9000,4.52,0.188,0.910,B,#3,HOLDING,0.564A/B
34735,2026-06-04 00:27:01,18.9500,4.52,0.564,2.656,B,#3,HOLDING,0.519A/B
34736,2026-06-04 00:27:03,19.1375,4.52,0.564,2.656,B,#3,HOLDING,0.579A/B
34737,2026-06-04 00:27:05,19.2375,4.52,0.564,2.656,B,#3,HOLDING,0.564A/B
34738,2026-06-04 00:27:06,19.2375,4.77,0.564,2.656,B,#3,HOLDING,0.631A/B
34739,2026-06-04 00:27:08,19.3500,4.77,0.595,3.451,B,#3,HOLDING,0.661A/B
34740,2026-06-04 00:27:11,19.5750,4.77,0.595,3.451,B,#3,HOLDING,0.709A/B
34741,2026-06-04 00:27:12,19.7000,4.77,0.595,3.451,B,#3,HOLDING,0.725A/B
34742,2026-06-04 00:27:14,19.7000,6.24,0.595,3.451,B,#3,HOLDING,0.776A/B
34743,2026-06-04 00:27:16,19.8000,6.24,0.748,5.245,B,#3,HOLDING,0.814A/B
34744,2026-06-04 00:27:18,20.1000,6.24,0.748,5.245,B,#3,HOLDING,0.790A/B
34745,2026-06-04 00:27:20,20.2500,6.24,0.748,5.245,B,#3,HOLDING,0.795A/B
34746,2026-06-04 00:27:22,20.2500,6.96,0.748,5.245,B,#3,HOLDING,0.826A/B
34747,2026-06-04 00:27:24,20.3875,6.96,0.826,6.013,B,#3,HOLDING,0.854A/B
34748,2026-06-04 00:27:26,20.6750,6.96,0.826,6.013,B,#3,HOLDING,0.855A/B
34749,2026-06-04 00:27:28,20.8500,6.96,0.826,6.013,B,#3,HOLDING,0.837A/B
34750,2026-06-04 00:27:30,20.8500,7.38,0.826,6.013,B,#3,HOLDING,0.851A/B
34751,2026-06-04 00:27:31,21.0500,7.38,0.851,6.476,B,#3,HOLDING,0.847A/B
34752,2026-06-04 00:27:34,21.3625,7.38,0.851,6.476,B,#4,APPROACH,0.819A/B
34753,2026-06-04 00:27:35,21.5125,7.38,0.851,6.476,B,#4,APPROACH,0.145A/B
34754,2026-06-04 00:27:37,21.5125,7.38,0.851,6.476,B,#4,APPROACH,0.162A/B
34755,2026-06-04 00:27:39,21.6875,7.10,0.851,6.476,B,#4,APPROACH,0.168A/B
34756,2026-06-04 00:27:41,21.8875,7.10,0.268,0.391,B,#4,APPROACH,0.182A/B
34757,2026-06-04 00:27:44,22.2250,7.10,0.268,0.391,B,#4,APPROACH,0.192A/B
34758,2026-06-04 00:27:45,22.4250,7.10,0.268,0.391,B,#4,APPROACH,0.213A/B
34759,2026-06-04 00:27:47,22.5750,2.61,0.268,0.391,B,#4,APPROACH,0.263A/B
34760,2026-06-04 00:27:49,22.5750,2.61,0.263,0.844,B,#4,APPROACH,0.355A/B
34761,2026-06-04 00:27:51,22.9375,2.61,0.263,0.844,B,#4,APPROACH,0.397A/B
34762,2026-06-04 00:27:53,23.0875,2.61,0.263,0.844,B,#4,APPROACH,0.426A/B
34763,2026-06-04 00:27:55,23.2625,4.46,0.263,0.844,B,#4,APPROACH,0.439A/B
34764,2026-06-04 00:27:57,23.3625,4.46,0.439,2.023,B,#4,HOLDING,0.440A/B
34765,2026-06-04 00:27:59,23.5125,4.46,0.439,2.023,OFF,#4,HOLDING,0.000A/OFF
34766,2026-06-04 00:28:00,23.5125,4.46,0.439,2.023,OFF,#4,HOLDING,0.000A/OFF
34767,2026-06-04 00:28:01,23.6375,4.46,0.439,2.023,OFF,#4,HOLDING,0.000A/OFF
34768,2026-06-04 00:28:02,23.6375,4.46,0.439,2.023,OFF,#4,HOLDING,0.000A/OFF
34769,2026-06-04 00:28:03,23.7625,12.00,0.000,2.023,OFF,#4,HOLDING,0.000A/OFF
34770,2026-06-04 00:28:04,23.7625,12.00,0.000,2.023,OFF,#4,HOLDING,0.000A/OFF
34771,2026-06-04 00:28:05,23.8875,12.00,0.000,0.000,OFF,#4,HOLDING,0.000A/OFF
34772,2026-06-04 00:28:06,23.8875,12.00,0.000,0.000,OFF,#4,HOLDING,0.000A/OFF
34773,2026-06-04 00:28:07,24.0125,12.00,0.000,0.000,OFF,#4,HOLDING,0.000A/OFF
34774,2026-06-04 00:28:08,24.0125,12.00,0.000,0.000,B,#4,HOLDING,0.110A/B
34775,2026-06-04 00:28:10,24.1125,12.00,0.110,0.000,B,#4,HOLDING,0.104A/B
34776,2026-06-04 00:28:12,24.2125,12.00,0.110,0.137,B,#4,HOLDING,0.119A/B
34777,2026-06-04 00:28:13,24.2875,12.00,0.110,0.137,B,#4,HOLDING,0.112A/B
34778,2026-06-04 00:28:15,24.3625,12.00,0.110,0.137,B,#4,HOLDING,0.113A/B
34779,2026-06-04 00:28:17,24.4250,1.34,0.110,0.137,B,#4,HOLDING,0.112A/B
34780,2026-06-04 00:28:18,24.5250,1.34,0.112,0.151,B,#4,HOLDING,0.102A/B
34781,2026-06-04 00:28:21,24.5625,1.34,0.112,0.151,OFF,#4,HOLDING,0.000A/OFF
34782,2026-06-04 00:28:22,24.6125,1.34,0.112,0.151,OFF,#4,HOLDING,0.000A/OFF
34783,2026-06-04 00:28:23,24.6125,1.34,0.112,0.151,OFF,#4,HOLDING,0.000A/OFF
34784,2026-06-04 00:28:24,24.7125,1.34,0.112,0.151,OFF,#4,HOLDING,0.000A/OFF
34785,2026-06-04 00:28:25,24.7125,12.00,0.000,0.151,OFF,#4,HOLDING,0.000A/OFF
34786,2026-06-04 00:28:26,24.7375,12.00,0.000,0.151,OFF,#4,HOLDING,0.000A/OFF
34787,2026-06-04 00:28:27,24.7375,12.00,0.000,0.000,OFF,#4,HOLDING,0.000A/OFF
34788,2026-06-04 00:28:28,24.7875,12.00,0.000,0.000,OFF,#4,HOLDING,0.000A/OFF
34789,2026-06-04 00:28:29,24.7875,12.00,0.000,0.000,OFF,#4,HOLDING,0.000A/OFF
34790,2026-06-04 00:28:30,24.8125,12.00,0.000,0.000,OFF,#4,HOLDING,0.000A/OFF
34791,2026-06-04 00:28:31,24.8125,12.00,0.000,0.000,OFF,#4,HOLDING,0.000A/OFF
34792,2026-06-04 00:28:32,24.8500,12.00,0.000,0.000,OFF,#4,HOLDING,0.000A/OFF
34793,2026-06-04 00:28:33,24.8500,12.00,0.000,0.000,OFF,#4,HOLDING,0.000A/OFF
34794,2026-06-04 00:28:34,24.8750,12.00,0.000,0.000,OFF,#4,HOLDING,0.000A/OFF
34795,2026-06-04 00:28:35,24.8750,12.00,0.000,0.000,OFF,#4,HOLDING,0.000A/OFF
34796,2026-06-04 00:28:36,24.8750,12.00,0.000,0.000,OFF,#4,HOLDING,0.000A/OFF
34797,2026-06-04 00:28:37,24.9250,12.00,0.000,0.000,OFF,#4,HOLDING,0.000A/OFF
34798,2026-06-04 00:28:38,24.9250,12.00,0.000,0.000,OFF,#4,HOLDING,0.000A/OFF
34799,2026-06-04 00:28:39,24.9375,12.00,0.000,0.000,OFF,#4,HOLDING,0.000A/OFF
34800,2026-06-04 00:28:40,24.9375,12.00,0.000,0.000,OFF,#4,HOLDING,0.000A/OFF
34801,2026-06-04 00:28:41,24.9375,12.00,0.000,0.000,OFF,#4,HOLDING,0.000A/OFF
34802,2026-06-04 00:28:42,24.9375,12.00,0.000,0.000,A,#4,HOLDING,0.109A/A
34803,2026-06-04 00:28:44,24.9375,3.73,0.000,0.000,A,#4,HOLDING,0.133A/A
34804,2026-06-04 00:28:46,24.9375,3.73,0.133,0.146,A,#4,HOLDING,0.157A/A
34805,2026-06-04 00:28:48,24.9375,3.73,0.133,0.146,A,#4,HOLDING,0.187A/A
34806,2026-06-04 00:28:50,24.9375,3.73,0.133,0.146,A,#4,HOLDING,0.207A/A
34807,2026-06-04 00:28:52,24.9375,1.75,0.133,0.146,A,#4,HOLDING,0.231A/A
34808,2026-06-04 00:28:53,24.9375,1.75,0.231,0.471,A,#4,HOLDING,0.255A/A
34809,2026-06-04 00:28:56,24.9000,1.75,0.231,0.471,A,#4,HOLDING,0.280A/A
34810,2026-06-04 00:28:57,24.8750,1.75,0.231,0.471,A,#5,APPROACH,0.296A/A
34811,2026-06-04 00:28:59,24.8375,1.36,0.231,0.471,B,#5,APPROACH,0.104A/B
34812,2026-06-04 00:29:01,24.8125,1.36,0.000,0.471,B,#5,APPROACH,0.145A/B
34813,2026-06-04 00:29:04,24.8000,1.36,0.000,0.000,B,#5,APPROACH,0.202A/B
34814,2026-06-04 00:29:06,24.7500,1.36,0.000,0.000,B,#5,APPROACH,0.285A/B
34815,2026-06-04 00:29:07,24.7125,1.36,0.000,0.000,B,#5,APPROACH,0.350A/B
34816,2026-06-04 00:29:09,24.6875,3.22,0.000,0.000,B,#5,APPROACH,0.424A/B
34817,2026-06-04 00:29:11,24.6250,3.22,0.388,1.645,B,#5,APPROACH,0.502A/B
34818,2026-06-04 00:29:13,24.6250,3.22,0.388,1.645,B,#5,APPROACH,0.592A/B
34819,2026-06-04 00:29:15,24.5875,3.22,0.388,1.645,B,#5,APPROACH,0.660A/B
34820,2026-06-04 00:29:17,24.5625,5.69,0.388,1.645,B,#5,APPROACH,0.734A/B
34821,2026-06-04 00:29:19,24.5625,5.69,0.699,4.704,B,#5,APPROACH,0.808A/B
34822,2026-06-04 00:29:21,24.5625,5.69,0.699,4.704,B,#5,APPROACH,0.900A/B
34823,2026-06-04 00:29:23,24.5375,5.69,0.699,4.704,B,#5,APPROACH,0.968A/B
34824,2026-06-04 00:29:25,24.5625,8.15,0.699,4.704,B,#5,APPROACH,1.040A/B
34825,2026-06-04 00:29:26,24.5750,8.15,1.003,9.172,B,#5,APPROACH,1.000A/B
34826,2026-06-04 00:29:29,24.6250,8.15,1.003,9.172,B,#5,APPROACH,1.103A/B
34827,2026-06-04 00:29:30,24.6375,8.15,1.003,9.172,B,#5,APPROACH,1.166A/B
34828,2026-06-04 00:29:32,24.6875,9.74,1.003,9.172,B,#5,APPROACH,1.232A/B
34829,2026-06-04 00:29:34,24.7625,9.74,1.196,12.751,B,#5,APPROACH,1.292A/B
34830,2026-06-04 00:29:36,24.8375,9.74,1.196,12.751,B,#5,APPROACH,1.368A/B
34831,2026-06-04 00:29:38,24.9125,9.74,1.196,12.751,B,#5,APPROACH,1.414A/B
34832,2026-06-04 00:29:40,24.9875,11.60,1.196,12.751,B,#5,APPROACH,1.000A/B
34833,2026-06-04 00:29:42,25.0750,11.60,1.205,8.940,B,#5,APPROACH,1.464A/B
34834,2026-06-04 00:29:44,25.2000,11.60,1.205,8.940,B,#5,APPROACH,1.523A/B
34835,2026-06-04 00:29:46,25.3250,11.60,1.205,8.940,B,#5,APPROACH,1.500A/B
34836,2026-06-04 00:29:48,25.4500,12.00,1.205,8.940,B,#5,APPROACH,1.000A/B
34837,2026-06-04 00:29:49,25.6000,12.00,1.213,9.100,B,#5,HOLDING,1.529A/B
34838,2026-06-04 00:29:52,25.7000,12.00,1.213,9.100,OFF,#5,HOLDING,0.000A/OFF
34839,2026-06-04 00:29:53,25.8500,12.00,1.213,9.100,OFF,#5,HOLDING,0.000A/OFF
34840,2026-06-04 00:29:54,25.9500,12.00,1.213,9.100,OFF,#5,HOLDING,0.000A/OFF
34841,2026-06-04 00:29:55,25.9500,12.00,1.213,9.100,OFF,#5,HOLDING,0.000A/OFF
34842,2026-06-04 00:29:56,26.1125,12.00,0.000,9.100,OFF,#5,HOLDING,0.000A/OFF
34843,2026-06-04 00:29:57,26.1125,12.00,0.000,9.100,OFF,#5,HOLDING,0.000A/OFF
34844,2026-06-04 00:29:58,26.2625,12.00,0.000,0.000,OFF,#5,HOLDING,0.000A/OFF
34845,2026-06-04 00:29:59,26.2625,12.00,0.000,0.000,OFF,#5,HOLDING,0.000A/OFF
34846,2026-06-04 00:30:00,26.3875,12.00,0.000,0.000,OFF,#5,HOLDING,0.000A/OFF
34847,2026-06-04 00:30:01,26.3875,12.00,0.000,0.000,B,#5,HOLDING,0.105A/B
34848,2026-06-04 00:30:02,26.5125,12.00,0.000,0.000,B,#5,HOLDING,0.000A/OFF
34849,2026-06-04 00:30:03,26.5125,12.00,0.051,0.178,B,#5,HOLDING,0.117A/B
34850,2026-06-04 00:30:06,26.7000,12.00,0.051,0.178,OFF,#5,HOLDING,0.000A/OFF
34851,2026-06-04 00:30:07,26.7000,12.00,0.051,0.178,OFF,#5,HOLDING,0.110A/B
34852,2026-06-04 00:30:09,26.7875,12.00,0.051,0.178,OFF,#5,HOLDING,0.000A/OFF
34853,2026-06-04 00:30:10,26.8875,12.00,0.051,0.178,OFF,#5,HOLDING,0.000A/OFF
34854,2026-06-04 00:30:11,26.8875,12.00,0.000,0.178,OFF,#5,HOLDING,0.000A/OFF
34855,2026-06-04 00:30:12,26.9500,12.00,0.000,0.000,OFF,#5,HOLDING,0.000A/OFF
34856,2026-06-04 00:30:13,26.9500,12.00,0.000,0.000,OFF,#5,HOLDING,0.000A/OFF
34857,2026-06-04 00:30:14,27.0000,12.00,0.000,0.000,OFF,#5,HOLDING,0.000A/OFF
34858,2026-06-04 00:30:15,27.0000,12.00,0.000,0.000,OFF,#5,HOLDING,0.000A/OFF
34859,2026-06-04 00:30:16,27.0625,12.00,0.000,0.000,OFF,#5,HOLDING,0.000A/OFF
34860,2026-06-04 00:30:17,27.0625,12.00,0.000,0.000,OFF,#5,HOLDING,0.000A/OFF
34861,2026-06-04 00:30:18,27.1125,12.00,0.000,0.000,OFF,#5,HOLDING,0.000A/OFF
34862,2026-06-04 00:30:19,27.1125,12.00,0.000,0.000,OFF,#5,HOLDING,0.000A/OFF
34863,2026-06-04 00:30:20,27.1625,12.00,0.000,0.000,OFF,#5,HOLDING,0.000A/OFF
34864,2026-06-04 00:30:21,27.1625,12.00,0.000,0.000,OFF,#5,HOLDING,0.000A/OFF
34865,2026-06-04 00:30:22,27.1625,12.00,0.000,0.000,OFF,#5,HOLDING,0.000A/OFF
34866,2026-06-04 00:30:23,27.1625,12.00,0.000,0.000,OFF,#5,HOLDING,0.000A/OFF
34867,2026-06-04 00:30:24,27.1875,12.00,0.000,0.000,OFF,#5,HOLDING,0.000A/OFF
34868,2026-06-04 00:30:25,27.2375,12.00,0.000,0.000,OFF,#5,HOLDING,0.000A/OFF
34869,2026-06-04 00:30:26,27.2375,12.00,0.000,0.000,OFF,#5,HOLDING,0.000A/OFF
34870,2026-06-04 00:30:27,27.1875,12.00,0.000,0.000,OFF,#5,HOLDING,0.000A/OFF
34871,2026-06-04 00:30:28,27.1875,12.00,0.000,0.000,OFF,#5,HOLDING,0.000A/OFF
34872,2026-06-04 00:30:29,27.2125,12.00,0.000,0.000,OFF,#5,HOLDING,0.000A/OFF
34873,2026-06-04 00:30:30,27.2125,12.00,0.000,0.000,A,#5,HOLDING,0.100A/A
34874,2026-06-04 00:30:31,27.2500,12.00,0.000,0.000,A,#5,HOLDING,0.126A/A
34875,2026-06-04 00:30:33,27.2250,12.00,0.000,0.000,A,#5,HOLDING,0.139A/A
34876,2026-06-04 00:30:35,27.2375,12.00,0.000,0.000,A,#5,HOLDING,0.160A/A
34877,2026-06-04 00:30:37,27.1875,1.19,0.000,0.000,A,#5,HOLDING,0.174A/A
34878,2026-06-04 00:30:38,27.1875,1.19,0.174,0.238,A,#5,HOLDING,0.198A/A
34879,2026-06-04 00:30:41,27.1375,1.19,0.174,0.238,A,#5,HOLDING,0.219A/A
34880,2026-06-04 00:30:42,27.1125,1.19,0.174,0.238,A,#5,HOLDING,0.237A/A
34881,2026-06-04 00:30:44,27.0625,1.96,0.174,0.238,A,#5,HOLDING,0.250A/A
34882,2026-06-04 00:30:46,27.0500,1.96,0.250,0.532,A,#5,HOLDING,0.269A/A
34883,2026-06-04 00:30:48,26.9750,1.96,0.250,0.532,A,#5,HOLDING,0.284A/A
34884,2026-06-04 00:30:50,26.9125,1.96,0.250,0.532,OFF,--,DONE,0.292A/A
34885,2026-06-04 00:30:52,26.8625,1.96,0.250,0.532,OFF,--,DONE,--
34886,2026-06-04 00:30:53,26.8625,1.44,0.000,0.532,OFF,--,DONE,--
34887,2026-06-04 00:30:54,26.8000,1.44,0.000,0.532,OFF,--,DONE,--
34888,2026-06-04 00:30:55,26.7250,1.44,0.000,0.000,OFF,--,DONE,--
34889,2026-06-04 00:30:56,26.7250,0.00,0.000,0.000,OFF,--,DONE,--
34890,2026-06-04 00:30:57,26.6875,0.00,0.000,0.000,OFF,--,DONE,--
34891,2026-06-04 00:30:58,26.6875,0.00,0.000,0.000,OFF,--,DONE,--
34892,2026-06-04 00:30:59,26.6375,0.00,0.000,0.000,OFF,--,DONE,--
34893,2026-06-04 00:31:01,26.6375,0.00,0.000,0.000,OFF,--,DONE,--
34894,2026-06-04 00:31:02,26.5500,0.00,0.000,0.000,OFF,--,DONE,--
34895,2026-06-04 00:31:03,26.5500,0.00,0.000,0.000,OFF,--,DONE,--
34896,2026-06-04 00:31:04,26.4750,0.00,0.000,0.000,OFF,--,DONE,--
34897,2026-06-04 00:31:05,26.4750,0.00,0.000,0.000,OFF,--,DONE,--
34898,2026-06-04 00:31:06,26.4375,0.00,0.000,0.000,OFF,--,DONE,--
34899,2026-06-04 00:31:07,26.4375,0.00,0.000,0.000,OFF,--,DONE,--
34900,2026-06-04 00:31:08,26.3625,0.00,0.000,0.000,OFF,--,DONE,--
34901,2026-06-04 00:31:09,26.3625,0.00,0.000,0.000,OFF,--,DONE,--
34902,2026-06-04 00:31:10,26.3000,0.00,0.000,0.000,OFF,--,DONE,--
34903,2026-06-04 00:31:11,26.3000,0.00,0.000,0.000,OFF,--,DONE,--
34904,2026-06-04 00:31:12,26.2250,0.00,0.000,0.000,OFF,--,DONE,--
34905,2026-06-04 00:31:13,26.2250,0.00,0.000,0.000,OFF,--,DONE,--
34906,2026-06-04 00:31:14,26.1875,0.00,0.000,0.000,OFF,--,DONE,--
34907,2026-06-04 00:31:15,26.1375,0.00,0.000,0.000,OFF,--,DONE,--
34908,2026-06-04 00:31:16,26.1375,0.00,0.000,0.000,OFF,--,DONE,--
34909,2026-06-04 00:31:17,26.0625,0.00,0.000,0.000,OFF,--,DONE,--
34910,2026-06-04 00:31:18,26.0625,0.00,0.000,0.000,OFF,--,DONE,--
34911,2026-06-04 00:31:19,26.0125,0.00,0.000,0.000,OFF,--,DONE,--
34912,2026-06-04 00:31:20,26.0125,0.00,0.000,0.000,OFF,--,DONE,--
34913,2026-06-04 00:31:21,25.9625,0.00,0.000,0.000,OFF,--,DONE,--
34914,2026-06-04 00:31:22,25.9625,0.00,0.000,0.000,OFF,--,DONE,--
34915,2026-06-04 00:31:23,25.8875,0.00,0.000,0.000,OFF,--,DONE,--
34916,2026-06-04 00:31:24,25.8875,0.00,0.000,0.000,OFF,--,DONE,--
34917,2026-06-04 00:31:25,25.8375,0.00,0.000,0.000,OFF,--,DONE,--
34918,2026-06-04 00:31:26,25.8375,0.00,0.000,0.000,OFF,--,DONE,--
34919,2026-06-04 00:31:27,25.7875,0.00,0.000,0.000,OFF,--,DONE,--
34920,2026-06-04 00:31:28,25.7875,0.00,0.000,0.000,OFF,--,DONE,--
34921,2026-06-04 00:31:29,25.7125,0.00,0.000,0.000,OFF,--,DONE,--
34922,2026-06-04 00:31:30,25.7125,0.00,0.000,0.000,OFF,--,DONE,--
34923,2026-06-04 00:31:31,25.6625,0.00,0.000,0.000,OFF,--,DONE,--
34924,2026-06-04 00:31:32,25.6625,0.00,0.000,0.000,OFF,--,DONE,--
34925,2026-06-04 00:31:33,25.6500,0.00,0.000,0.000,OFF,--,DONE,--
34926,2026-06-04 00:31:34,25.5750,0.00,0.000,0.000,OFF,--,DONE,--
34927,2026-06-04 00:31:35,25.5750,0.00,0.000,0.000,OFF,--,DONE,--
34928,2026-06-04 00:31:36,25.5250,0.00,0.000,0.000,OFF,--,DONE,--
34929,2026-06-04 00:31:37,25.5250,0.00,0.000,0.000,OFF,--,DONE,--
34930,2026-06-04 00:31:38,25.5000,0.00,0.000,0.000,OFF,--,DONE,--
34931,2026-06-04 00:31:39,25.5000,0.00,0.000,0.000,OFF,--,DONE,--
34932,2026-06-04 00:31:40,25.4375,0.00,0.000,0.000,OFF,--,DONE,--
34933,2026-06-04 00:31:41,25.4375,0.00,0.000,0.000,OFF,--,DONE,--
34934,2026-06-04 00:31:42,25.3875,0.00,0.000,0.000,OFF,--,DONE,--
34935,2026-06-04 00:31:43,25.3875,0.00,0.000,0.000,OFF,--,DONE,--
34936,2026-06-04 00:31:44,25.3625,0.00,0.000,0.000,OFF,--,DONE,--
34937,2026-06-04 00:31:45,25.3625,0.00,0.000,0.000,OFF,--,DONE,--
34938,2026-06-04 00:31:46,25.2875,0.00,0.000,0.000,OFF,--,DONE,--
34939,2026-06-04 00:31:47,25.2875,0.00,0.000,0.000,OFF,--,DONE,--
34940,2026-06-04 00:31:48,25.2375,0.00,0.000,0.000,OFF,--,DONE,--
34941,2026-06-04 00:31:49,25.1875,0.00,0.000,0.000,OFF,--,DONE,--
34942,2026-06-04 00:31:50,25.1875,0.00,0.000,0.000,OFF,--,DONE,--
34943,2026-06-04 00:31:51,25.1750,0.00,0.000,0.000,OFF,--,DONE,--
34944,2026-06-04 00:31:52,25.1750,0.00,0.000,0.000,OFF,--,DONE,--
34945,2026-06-04 00:31:53,25.1250,0.00,0.000,0.000,OFF,--,DONE,--
34946,2026-06-04 00:31:54,25.1250,0.00,0.000,0.000,OFF,--,DONE,--
34947,2026-06-04 00:31:55,25.0625,0.00,0.000,0.000,OFF,--,DONE,--
34948,2026-06-04 00:31:56,25.0625,0.00,0.000,0.000,OFF,--,DONE,--
34949,2026-06-04 00:31:57,25.0125,0.00,0.000,0.000,OFF,--,DONE,--
34950,2026-06-04 00:31:59,25.0125,0.00,0.000,0.000,OFF,--,DONE,--
34951,2026-06-04 00:32:00,24.9875,0.00,0.000,0.000,OFF,--,DONE,--
34952,2026-06-04 00:32:01,24.9875,0.00,0.000,0.000,OFF,--,DONE,--
34953,2026-06-04 00:32:02,24.9375,0.00,0.000,0.000,OFF,--,DONE,--
34954,2026-06-04 00:32:03,24.9375,0.00,0.000,0.000,OFF,--,DONE,--
34955,2026-06-04 00:32:04,24.9000,0.00,0.000,0.000,OFF,--,DONE,--
34956,2026-06-04 00:32:05,24.8500,0.00,0.000,0.000,OFF,--,DONE,--
34957,2026-06-04 00:32:06,24.8500,0.00,0.000,0.000,OFF,--,DONE,--
34958,2026-06-04 00:32:07,24.8125,0.00,0.000,0.000,OFF,--,DONE,--
34959,2026-06-04 00:32:08,24.8125,0.00,0.000,0.000,OFF,--,DONE,--
34960,2026-06-04 00:32:09,24.7875,0.00,0.000,0.000,OFF,--,DONE,--
34961,2026-06-04 00:32:10,24.7875,0.00,0.000,0.000,OFF,--,DONE,--
34962,2026-06-04 00:32:11,24.7500,0.00,0.000,0.000,OFF,--,DONE,--
34963,2026-06-04 00:32:12,24.7500,0.00,0.000,0.000,OFF,--,DONE,--
34964,2026-06-04 00:32:13,24.7250,0.00,0.000,0.000,OFF,--,DONE,--
34965,2026-06-04 00:32:14,24.7250,0.00,0.000,0.000,OFF,--,DONE,--
34966,2026-06-04 00:32:15,24.6875,0.00,0.000,0.000,OFF,--,DONE,--
34967,2026-06-04 00:32:16,24.6875,0.00,0.000,0.000,OFF,--,DONE,--
34968,2026-06-04 00:32:17,24.6375,0.00,0.000,0.000,OFF,--,DONE,--
34969,2026-06-04 00:32:18,24.6375,0.00,0.000,0.000,OFF,--,DONE,--
34970,2026-06-04 00:32:19,24.6250,0.00,0.000,0.000,OFF,--,DONE,--
34971,2026-06-04 00:32:20,24.5750,0.00,0.000,0.000,OFF,--,DONE,--
34972,2026-06-04 00:32:21,24.5750,0.00,0.000,0.000,OFF,--,DONE,--
34973,2026-06-04 00:32:22,24.5625,0.00,0.000,0.000,OFF,--,DONE,--
34974,2026-06-04 00:32:23,24.5625,0.00,0.000,0.000,OFF,--,DONE,--
34975,2026-06-04 00:32:24,24.5125,0.00,0.000,0.000,OFF,--,DONE,--
34976,2026-06-04 00:32:25,24.5125,0.00,0.000,0.000,OFF,--,DONE,--
34977,2026-06-04 00:32:26,24.5000,0.00,0.000,0.000,OFF,--,DONE,--
34978,2026-06-04 00:32:27,24.5000,0.00,0.000,0.000,OFF,--,DONE,--
34979,2026-06-04 00:32:28,24.4500,0.00,0.000,0.000,OFF,--,DONE,--
34980,2026-06-04 00:32:29,24.4500,0.00,0.000,0.000,OFF,--,DONE,--
34981,2026-06-04 00:32:30,24.4375,0.00,0.000,0.000,OFF,--,DONE,--
34982,2026-06-04 00:32:31,24.4375,0.00,0.000,0.000,OFF,--,DONE,--
34983,2026-06-04 00:32:32,24.3875,0.00,0.000,0.000,OFF,--,DONE,--
34984,2026-06-04 00:32:33,24.3875,0.00,0.000,0.000,OFF,--,DONE,--
34985,2026-06-04 00:32:34,24.3750,0.00,0.000,0.000,OFF,--,DONE,--
34986,2026-06-04 00:32:35,24.3250,0.00,0.000,0.000,OFF,--,DONE,--
34987,2026-06-04 00:32:36,24.3250,0.00,0.000,0.000,OFF,--,DONE,--
34988,2026-06-04 00:32:37,24.2750,0.00,0.000,0.000,OFF,--,DONE,--
34989,2026-06-04 00:32:38,24.2750,0.00,0.000,0.000,OFF,--,DONE,--
34990,2026-06-04 00:32:39,24.2750,0.00,0.000,0.000,OFF,--,DONE,--
34991,2026-06-04 00:32:40,24.2750,0.00,0.000,0.000,OFF,--,DONE,--
34992,2026-06-04 00:32:41,24.2500,0.00,0.000,0.000,OFF,--,DONE,--
34993,2026-06-04 00:32:42,24.2500,0.00,0.000,0.000,OFF,--,DONE,--
34994,2026-06-04 00:32:43,24.2250,0.00,0.000,0.000,OFF,--,DONE,--
34995,2026-06-04 00:32:44,24.2250,0.00,0.000,0.000,OFF,--,DONE,--
34996,2026-06-04 00:32:46,24.1875,0.00,0.000,0.000,OFF,--,DONE,--
34997,2026-06-04 00:32:47,24.1875,0.00,0.000,0.000,OFF,--,DONE,--
34998,2026-06-04 00:32:48,24.1875,0.00,0.000,0.000,OFF,--,DONE,--
34999,2026-06-04 00:32:49,24.1875,0.00,0.000,0.000,OFF,--,DONE,--
35000,2026-06-04 00:32:50,24.1500,0.00,0.000,0.000,OFF,--,DONE,--
35001,2026-06-04 00:32:51,24.1500,0.00,0.000,0.000,OFF,--,DONE,--
35002,2026-06-04 00:32:52,24.1250,0.00,0.000,0.000,OFF,--,DONE,--
35003,2026-06-04 00:32:53,24.0875,0.00,0.000,0.000,OFF,--,DONE,--
35004,2026-06-04 00:32:54,24.0875,0.00,0.000,0.000,OFF,--,DONE,--
35005,2026-06-04 00:32:55,24.0625,0.00,0.000,0.000,A,#1,APPROACH,1.900A/A
35006,2026-06-04 00:32:57,24.0625,0.00,0.000,0.000,A,#1,APPROACH,1.264A/A
35007,2026-06-04 00:32:59,24.0125,0.00,0.000,0.000,A,#1,APPROACH,1.000A/A
35008,2026-06-04 00:33:01,24.0000,0.00,0.000,0.000,A,#1,APPROACH,0.920A/A
35009,2026-06-04 00:33:03,23.9750,9.93,0.920,0.000,A,#1,APPROACH,0.895A/A
35010,2026-06-04 00:33:05,23.9375,9.93,0.920,6.739,A,#1,APPROACH,1.001A/A
35011,2026-06-04 00:33:06,23.8875,9.93,0.920,6.739,A,#1,APPROACH,1.000A/A
35012,2026-06-04 00:33:08,23.8875,9.93,0.920,6.739,A,#1,APPROACH,1.147A/A
35013,2026-06-04 00:33:10,23.8000,9.34,0.920,6.739,A,#1,APPROACH,1.214A/A
35014,2026-06-04 00:33:11,23.7250,9.34,1.214,12.164,A,#1,APPROACH,1.330A/A
35015,2026-06-04 00:33:14,23.5500,9.34,1.214,12.164,A,#1,APPROACH,1.470A/A
35016,2026-06-04 00:33:15,23.5500,9.34,1.214,12.164,A,#1,APPROACH,1.500A/A
35017,2026-06-04 00:33:17,23.4250,11.90,1.214,12.164,A,#1,APPROACH,1.577A/A
35018,2026-06-04 00:33:19,23.3000,11.90,1.493,17.724,A,#1,APPROACH,1.000A/A
35019,2026-06-04 00:33:22,23.0500,11.90,1.493,17.724,A,#1,APPROACH,1.500A/A
35020,2026-06-04 00:33:23,23.0500,11.90,1.493,17.724,A,#1,APPROACH,1.000A/A
35021,2026-06-04 00:33:25,22.9500,8.74,1.493,17.724,A,#1,APPROACH,1.623A/A
35022,2026-06-04 00:33:27,22.8000,8.74,1.470,17.472,A,#1,APPROACH,1.000A/A
35023,2026-06-04 00:33:29,22.5000,8.74,1.470,17.472,A,#1,APPROACH,1.500A/A
35024,2026-06-04 00:33:31,22.5000,8.74,1.470,17.472,A,#1,APPROACH,1.500A/A
35025,2026-06-04 00:33:33,22.3625,12.00,1.470,17.472,A,#1,APPROACH,1.500A/A
35026,2026-06-04 00:33:35,22.2125,12.00,1.458,17.364,A,#1,APPROACH,1.000A/A
35027,2026-06-04 00:33:37,21.9000,12.00,1.458,17.364,A,#1,APPROACH,1.000A/A
35028,2026-06-04 00:33:38,21.9000,12.00,1.458,17.364,A,#1,APPROACH,1.664A/A
35029,2026-06-04 00:33:40,21.7625,12.00,1.458,17.364,A,#1,APPROACH,1.500A/A
35030,2026-06-04 00:33:42,21.6125,12.00,1.448,17.208,A,#1,APPROACH,1.000A/A
35031,2026-06-04 00:33:45,21.3125,12.00,1.448,17.208,A,#1,APPROACH,1.000A/A
35032,2026-06-04 00:33:46,21.3125,12.00,1.448,17.208,A,#1,APPROACH,1.702A/A
35033,2026-06-04 00:33:48,21.1875,12.00,1.448,17.208,A,#1,APPROACH,1.743A/A
35034,2026-06-04 00:33:50,21.0125,12.00,1.437,17.112,A,#1,APPROACH,1.500A/A
35035,2026-06-04 00:33:52,20.7125,12.00,1.437,17.112,A,#1,HOLDING,1.706A/A
35036,2026-06-04 00:33:54,20.7125,12.00,1.437,17.112,OFF,#1,HOLDING,0.000A/OFF
35037,2026-06-04 00:33:55,20.5750,12.00,1.437,17.112,OFF,#1,HOLDING,0.000A/OFF
35038,2026-06-04 00:33:56,20.5750,12.00,1.437,17.112,OFF,#1,HOLDING,0.000A/OFF
35039,2026-06-04 00:33:57,20.4500,12.00,0.000,17.112,OFF,#1,HOLDING,0.000A/OFF
35040,2026-06-04 00:33:58,20.4500,12.00,0.000,0.000,OFF,#1,HOLDING,0.000A/OFF
35041,2026-06-04 00:33:59,20.2625,12.00,0.000,0.000,OFF,#1,HOLDING,0.000A/OFF
35042,2026-06-04 00:34:00,20.2625,12.00,0.000,0.000,OFF,#1,HOLDING,0.000A/OFF
35043,2026-06-04 00:34:01,20.1375,12.00,0.000,0.000,OFF,#1,HOLDING,0.000A/OFF
35044,2026-06-04 00:34:02,20.1375,12.00,0.000,0.000,OFF,#1,HOLDING,0.000A/OFF
35045,2026-06-04 00:34:03,20.0250,12.00,0.000,0.000,OFF,#1,HOLDING,0.000A/OFF
35046,2026-06-04 00:34:04,19.9500,12.00,0.000,0.000,OFF,#1,HOLDING,0.000A/OFF
35047,2026-06-04 00:34:05,19.9500,12.00,0.000,0.000,OFF,#1,HOLDING,0.000A/OFF
35048,2026-06-04 00:34:06,19.8375,12.00,0.000,0.000,OFF,#1,HOLDING,0.000A/OFF
35049,2026-06-04 00:34:07,19.8375,12.00,0.000,0.000,OFF,#1,HOLDING,0.000A/OFF
35050,2026-06-04 00:34:08,19.7875,12.00,0.000,0.000,OFF,#1,HOLDING,0.000A/OFF
35051,2026-06-04 00:34:09,19.7875,12.00,0.000,0.000,OFF,#1,HOLDING,0.000A/OFF
35052,2026-06-04 00:34:10,19.7125,12.00,0.000,0.000,OFF,#1,HOLDING,0.000A/OFF
35053,2026-06-04 00:34:11,19.7125,12.00,0.000,0.000,OFF,#1,HOLDING,0.000A/OFF
35054,2026-06-04 00:34:12,19.6625,12.00,0.000,0.000,OFF,#1,HOLDING,0.000A/OFF
35055,2026-06-04 00:34:13,19.6625,12.00,0.000,0.000,OFF,#1,HOLDING,0.000A/OFF
35056,2026-06-04 00:34:14,19.6250,12.00,0.000,0.000,OFF,#1,HOLDING,0.000A/OFF
35057,2026-06-04 00:34:15,19.6250,12.00,0.000,0.000,OFF,#1,HOLDING,0.000A/OFF
35058,2026-06-04 00:34:16,19.6250,12.00,0.000,0.000,OFF,#1,HOLDING,0.000A/OFF
35059,2026-06-04 00:34:17,19.6250,12.00,0.000,0.000,OFF,#1,HOLDING,0.000A/OFF
35060,2026-06-04 00:34:18,19.6000,12.00,0.000,0.000,OFF,#1,HOLDING,0.000A/OFF
35061,2026-06-04 00:34:19,19.6000,12.00,0.000,0.000,OFF,#1,HOLDING,0.000A/OFF
35062,2026-06-04 00:34:20,19.5750,12.00,0.000,0.000,OFF,#1,HOLDING,0.000A/OFF
35063,2026-06-04 00:34:21,19.5750,12.00,0.000,0.000,OFF,#1,HOLDING,0.000A/OFF
35064,2026-06-04 00:34:22,19.6250,12.00,0.000,0.000,OFF,#1,HOLDING,0.000A/OFF
35065,2026-06-04 00:34:23,19.6250,12.00,0.000,0.000,OFF,#1,HOLDING,0.000A/OFF
35066,2026-06-04 00:34:24,19.6250,12.00,0.000,0.000,OFF,#1,HOLDING,0.000A/OFF
35067,2026-06-04 00:34:25,19.6250,12.00,0.000,0.000,OFF,#1,HOLDING,0.000A/OFF
35068,2026-06-04 00:34:26,19.6250,12.00,0.000,0.000,OFF,#1,HOLDING,0.000A/OFF
35069,2026-06-04 00:34:27,19.6750,12.00,0.000,0.000,OFF,#1,HOLDING,0.000A/OFF
35070,2026-06-04 00:34:28,19.6750,12.00,0.000,0.000,OFF,#1,HOLDING,0.000A/OFF
35071,2026-06-04 00:34:29,19.7000,12.00,0.000,0.000,OFF,#1,HOLDING,0.000A/OFF
35072,2026-06-04 00:34:30,19.7000,12.00,0.000,0.000,OFF,#1,HOLDING,0.000A/OFF
35073,2026-06-04 00:34:31,19.7500,12.00,0.000,0.000,OFF,#1,HOLDING,0.000A/OFF
35074,2026-06-04 00:34:32,19.7500,12.00,0.000,0.000,OFF,#1,HOLDING,0.000A/OFF
35075,2026-06-04 00:34:33,19.7500,12.00,0.000,0.000,OFF,#1,HOLDING,0.000A/OFF
35076,2026-06-04 00:34:34,19.7500,12.00,0.000,0.000,B,#1,HOLDING,0.109A/B
35077,2026-06-04 00:34:36,19.8000,12.00,0.109,0.000,B,#1,HOLDING,0.109A/B
35078,2026-06-04 00:34:38,19.8500,12.00,0.109,0.079,B,#1,HOLDING,0.110A/B
35079,2026-06-04 00:34:39,19.8750,12.00,0.109,0.079,B,#1,HOLDING,0.112A/B
35080,2026-06-04 00:34:41,19.9375,12.00,0.109,0.079,B,#1,HOLDING,0.113A/B
35081,2026-06-04 00:34:43,19.9875,0.79,0.109,0.079,B,#1,HOLDING,0.113A/B
35082,2026-06-04 00:34:45,20.0375,0.79,0.113,0.093,B,#1,HOLDING,0.110A/B
35083,2026-06-04 00:34:47,20.0875,0.79,0.113,0.093,B,#1,HOLDING,0.109A/B
35084,2026-06-04 00:34:49,20.1625,0.79,0.113,0.093,B,#1,HOLDING,0.100A/B
35085,2026-06-04 00:34:50,20.2375,0.79,0.113,0.093,OFF,#1,HOLDING,0.000A/OFF
35086,2026-06-04 00:34:51,20.2375,0.74,0.113,0.093,OFF,#1,HOLDING,0.000A/OFF
35087,2026-06-04 00:34:52,20.2875,0.74,0.100,0.093,OFF,#2,APPROACH,0.000A/OFF
35088,2026-06-04 00:34:53,20.2875,0.74,0.100,0.000,OFF,#2,HOLDING,0.000A/OFF
35089,2026-06-04 00:34:54,20.3375,0.74,0.100,0.000,OFF,#2,HOLDING,0.000A/OFF
35090,2026-06-04 00:34:55,20.3375,0.74,0.100,0.000,OFF,#2,HOLDING,0.000A/OFF
35091,2026-06-04 00:34:56,20.4125,0.74,0.100,0.000,OFF,#2,HOLDING,0.000A/OFF
35092,2026-06-04 00:34:57,20.4125,0.74,0.100,0.000,OFF,#2,HOLDING,0.000A/OFF
35093,2026-06-04 00:34:58,20.4625,12.00,0.100,0.000,OFF,#2,HOLDING,0.000A/OFF
35094,2026-06-04 00:34:59,20.4625,12.00,0.000,0.000,OFF,#2,HOLDING,0.000A/OFF
35095,2026-06-04 00:35:00,20.5125,12.00,0.000,0.000,OFF,#2,HOLDING,0.000A/OFF
35096,2026-06-04 00:35:01,20.5125,12.00,0.000,0.000,OFF,#2,HOLDING,0.000A/OFF
35097,2026-06-04 00:35:03,20.5625,12.00,0.000,0.000,OFF,#2,HOLDING,0.000A/OFF
35098,2026-06-04 00:35:04,20.5625,12.00,0.000,0.000,OFF,#2,HOLDING,0.000A/OFF
35099,2026-06-04 00:35:05,20.6250,12.00,0.000,0.000,OFF,#2,HOLDING,0.000A/OFF
35100,2026-06-04 00:35:06,20.6750,12.00,0.000,0.000,OFF,#2,HOLDING,0.000A/OFF
35101,2026-06-04 00:35:07,20.6750,12.00,0.000,0.000,OFF,#2,HOLDING,0.000A/OFF
35102,2026-06-04 00:35:08,20.7000,12.00,0.000,0.000,OFF,#2,HOLDING,0.000A/OFF
35103,2026-06-04 00:35:09,20.7000,12.00,0.000,0.000,OFF,#2,HOLDING,0.000A/OFF
35104,2026-06-04 00:35:10,20.7500,12.00,0.000,0.000,OFF,#2,HOLDING,0.000A/OFF
35105,2026-06-04 00:35:11,20.7500,12.00,0.000,0.000,A,#2,HOLDING,0.101A/A
35106,2026-06-04 00:35:12,20.8125,12.00,0.000,0.000,A,#2,HOLDING,0.125A/A
35107,2026-06-04 00:35:14,20.8750,12.00,0.000,0.155,A,#2,HOLDING,0.144A/A
35108,2026-06-04 00:35:16,20.9375,12.00,0.000,0.155,A,#2,HOLDING,0.172A/A
35109,2026-06-04 00:35:17,20.9625,12.00,0.000,0.155,A,#2,HOLDING,0.189A/A
35110,2026-06-04 00:35:19,21.0250,1.95,0.000,0.155,A,#2,HOLDING,0.217A/A
35111,2026-06-04 00:35:21,21.0500,1.95,0.217,0.512,A,#2,HOLDING,0.240A/A
35112,2026-06-04 00:35:23,21.0750,1.95,0.217,0.512,A,#2,HOLDING,0.277A/A
35113,2026-06-04 00:35:25,21.1250,1.95,0.217,0.512,A,#2,HOLDING,0.303A/A
35114,2026-06-04 00:35:27,21.1500,2.78,0.217,0.512,A,#2,HOLDING,0.335A/A
35115,2026-06-04 00:35:29,21.1750,2.78,0.335,1.045,A,#2,HOLDING,0.369A/A
35116,2026-06-04 00:35:31,21.1875,2.78,0.335,1.045,A,#2,HOLDING,0.407A/A
35117,2026-06-04 00:35:33,21.1875,2.78,0.335,1.045,A,#2,HOLDING,0.433A/A
35118,2026-06-04 00:35:35,21.2500,3.93,0.335,1.045,A,#2,HOLDING,0.525A/A
35119,2026-06-04 00:35:36,21.2250,3.93,0.525,2.504,A,#2,HOLDING,0.555A/A
35120,2026-06-04 00:35:39,21.2500,3.93,0.525,2.504,A,#2,HOLDING,0.605A/A
35121,2026-06-04 00:35:40,21.2250,3.93,0.525,2.504,A,#2,HOLDING,0.624A/A
35122,2026-06-04 00:35:42,21.2500,5.53,0.525,2.504,A,#2,HOLDING,0.666A/A
35123,2026-06-04 00:35:44,21.2000,5.53,0.666,3.989,A,#2,HOLDING,0.691A/A
35124,2026-06-04 00:35:46,21.1875,5.53,0.666,3.989,A,#2,HOLDING,0.686A/A
35125,2026-06-04 00:35:48,21.1875,5.53,0.666,3.989,A,#2,HOLDING,0.712A/A
35126,2026-06-04 00:35:50,21.1875,6.34,0.666,3.989,A,#2,HOLDING,0.750A/A
35127,2026-06-04 00:35:52,21.1250,6.34,0.750,5.055,A,#2,HOLDING,0.776A/A
35128,2026-06-04 00:35:54,21.1125,6.34,0.750,5.055,A,#2,HOLDING,0.814A/A
35129,2026-06-04 00:35:56,21.0375,6.34,0.750,5.055,A,#2,HOLDING,0.830A/A
35130,2026-06-04 00:35:58,21.0375,7.27,0.750,5.055,A,#2,HOLDING,0.864A/A
35131,2026-06-04 00:35:59,20.9750,7.27,0.864,6.644,A,#2,HOLDING,0.884A/A
35132,2026-06-04 00:36:02,20.9375,7.27,0.864,6.644,A,#2,HOLDING,0.921A/A
35133,2026-06-04 00:36:03,20.8625,7.27,0.864,6.644,A,#3,APPROACH,0.931A/A
35134,2026-06-04 00:36:05,20.8625,3.38,0.864,6.644,A,#3,APPROACH,0.197A/A
35135,2026-06-04 00:36:07,20.7625,3.38,0.000,6.644,A,#3,APPROACH,0.218A/A
35136,2026-06-04 00:36:10,20.6750,3.38,0.000,0.000,A,#3,APPROACH,0.256A/A
35137,2026-06-04 00:36:12,20.5750,3.38,0.000,0.000,A,#3,APPROACH,0.307A/A
35138,2026-06-04 00:36:13,20.5500,3.38,0.000,0.000,A,#3,APPROACH,0.361A/A
35139,2026-06-04 00:36:15,20.5000,3.69,0.000,0.000,A,#3,APPROACH,0.434A/A
35140,2026-06-04 00:36:17,20.5000,3.69,0.415,1.900,A,#3,APPROACH,0.523A/A
35141,2026-06-04 00:36:19,20.4500,3.69,0.415,1.900,A,#3,APPROACH,0.653A/A
35142,2026-06-04 00:36:21,20.4375,3.69,0.415,1.900,A,#3,APPROACH,0.752A/A
35143,2026-06-04 00:36:23,20.3875,6.72,0.415,1.900,A,#3,APPROACH,0.866A/A
35144,2026-06-04 00:36:25,20.3750,6.72,0.848,6.685,A,#3,APPROACH,0.984A/A
35145,2026-06-04 00:36:27,20.3250,6.72,0.848,6.685,A,#3,APPROACH,1.128A/A
35146,2026-06-04 00:36:29,20.2750,6.72,0.848,6.685,A,#3,APPROACH,1.224A/A
35147,2026-06-04 00:36:30,20.2250,10.04,0.848,6.685,A,#3,APPROACH,1.334A/A
35148,2026-06-04 00:36:32,20.1875,10.04,1.320,14.714,A,#3,APPROACH,1.430A/A
35149,2026-06-04 00:36:35,20.1375,10.04,1.320,14.714,A,#3,APPROACH,1.500A/A
35150,2026-06-04 00:36:36,20.0875,10.04,1.320,14.714,A,#3,APPROACH,1.567A/A
35151,2026-06-04 00:36:38,20.0125,12.00,1.320,14.714,A,#3,APPROACH,1.664A/A
35152,2026-06-04 00:36:40,19.9375,12.00,1.468,17.448,A,#3,APPROACH,1.758A/A
35153,2026-06-04 00:36:42,19.8625,12.00,1.468,17.448,A,#3,APPROACH,1.879A/A
35154,2026-06-04 00:36:44,19.7375,12.00,1.468,17.448,A,#3,APPROACH,1.500A/A
35155,2026-06-04 00:36:46,19.6375,12.00,1.468,17.448,A,#3,APPROACH,1.939A/A
35156,2026-06-04 00:36:48,19.5500,12.00,1.445,17.196,A,#3,APPROACH,1.500A/A
35157,2026-06-04 00:36:50,19.4500,12.00,1.445,17.196,A,#3,APPROACH,1.500A/A
35158,2026-06-04 00:36:52,19.3625,12.00,1.445,17.196,A,#3,APPROACH,2.000A/A
35159,2026-06-04 00:36:54,19.2375,12.00,1.445,17.196,A,#3,APPROACH,2.000A/A
35160,2026-06-04 00:36:55,19.2375,12.00,1.427,16.992,A,#3,APPROACH,2.016A/A
35161,2026-06-04 00:36:58,19.0375,12.00,1.427,16.992,A,#3,APPROACH,1.000A/A
35162,2026-06-04 00:36:59,18.9250,12.00,1.427,16.992,A,#3,APPROACH,2.082A/A
35163,2026-06-04 00:37:01,18.8000,12.00,1.427,16.992,A,#3,APPROACH,2.123A/A
35164,2026-06-04 00:37:03,18.8000,12.00,1.415,16.848,A,#3,APPROACH,2.198A/A
35165,2026-06-04 00:37:06,18.5875,12.00,1.415,16.848,A,#3,APPROACH,1.500A/A
35166,2026-06-04 00:37:07,18.4875,12.00,1.415,16.848,A,#3,APPROACH,2.247A/A
35167,2026-06-04 00:37:09,18.3625,12.00,1.415,16.848,A,#3,APPROACH,2.272A/A
35168,2026-06-04 00:37:11,18.2625,12.00,1.406,16.752,A,#3,APPROACH,1.000A/A
35169,2026-06-04 00:37:13,18.1625,12.00,1.406,16.752,A,#3,HOLDING,1.500A/A
35170,2026-06-04 00:37:15,18.0500,12.00,1.406,16.752,OFF,#3,HOLDING,0.000A/OFF
35171,2026-06-04 00:37:16,18.0500,12.00,1.406,16.752,OFF,#3,HOLDING,0.000A/OFF
35172,2026-06-04 00:37:17,17.9500,12.00,1.406,16.752,OFF,#3,HOLDING,0.000A/OFF
35173,2026-06-04 00:37:18,17.9500,12.00,0.000,16.752,OFF,#3,HOLDING,0.000A/OFF
35174,2026-06-04 00:37:19,17.8375,12.00,0.000,0.000,OFF,#3,HOLDING,0.000A/OFF
35175,2026-06-04 00:37:20,17.8375,12.00,0.000,0.000,OFF,#3,HOLDING,0.000A/OFF
35176,2026-06-04 00:37:21,17.7625,12.00,0.000,0.000,OFF,#3,HOLDING,0.000A/OFF
35177,2026-06-04 00:37:22,17.7625,12.00,0.000,0.000,A,#3,HOLDING,0.110A/A
35178,2026-06-04 00:37:24,17.6750,12.00,0.110,0.000,A,#3,HOLDING,0.120A/A
35179,2026-06-04 00:37:26,17.6250,12.00,0.110,0.235,A,#3,HOLDING,0.144A/A
35180,2026-06-04 00:37:27,17.5875,12.00,0.110,0.235,A,#3,HOLDING,0.153A/A
35181,2026-06-04 00:37:29,17.5625,12.00,0.110,0.235,A,#3,HOLDING,0.170A/A
35182,2026-06-04 00:37:31,17.5625,2.25,0.110,0.235,A,#3,HOLDING,0.188A/A
35183,2026-06-04 00:37:33,17.5375,2.25,0.177,0.453,A,#3,HOLDING,0.202A/A
35184,2026-06-04 00:37:35,17.5625,2.25,0.177,0.453,A,#3,HOLDING,0.224A/A
35185,2026-06-04 00:37:37,17.5625,2.25,0.177,0.453,A,#3,HOLDING,0.235A/A
35186,2026-06-04 00:37:38,17.5625,2.70,0.177,0.453,A,#3,HOLDING,0.251A/A
35187,2026-06-04 00:37:40,17.5875,2.70,0.251,0.717,A,#3,HOLDING,0.266A/A
35188,2026-06-04 00:37:43,17.6250,2.70,0.251,0.717,A,#3,HOLDING,0.289A/A
35189,2026-06-04 00:37:44,17.6250,2.70,0.251,0.717,A,#3,HOLDING,0.302A/A
35190,2026-06-04 00:37:46,17.6625,3.19,0.251,0.717,A,#3,HOLDING,0.321A/A
35191,2026-06-04 00:37:48,17.6875,3.19,0.321,1.094,A,#3,HOLDING,0.338A/A
35192,2026-06-04 00:37:50,17.7250,3.19,0.321,1.094,A,#3,HOLDING,0.366A/A
35193,2026-06-04 00:37:52,17.7500,3.19,0.321,1.094,A,#3,HOLDING,0.383A/A
35194,2026-06-04 00:37:54,17.8125,3.84,0.321,1.094,A,#3,HOLDING,0.409A/A
35195,2026-06-04 00:37:56,17.8125,3.84,0.409,1.689,A,#3,HOLDING,0.429A/A
35196,2026-06-04 00:37:58,17.8750,3.84,0.409,1.689,A,#3,HOLDING,0.463A/A
35197,2026-06-04 00:38:00,17.9000,3.84,0.409,1.689,A,#3,HOLDING,0.482A/A
35198,2026-06-04 00:38:01,17.9375,4.67,0.409,1.689,A,#3,HOLDING,0.514A/A
35199,2026-06-04 00:38:03,17.9625,4.67,0.503,2.570,A,#3,HOLDING,0.539A/A
35200,2026-06-04 00:38:06,18.0000,4.67,0.503,2.570,A,#3,HOLDING,0.578A/A
35201,2026-06-04 00:38:07,18.0250,4.67,0.503,2.570,A,#3,HOLDING,0.604A/A
35202,2026-06-04 00:38:09,18.0625,5.66,0.503,2.570,A,#3,HOLDING,0.637A/A
35203,2026-06-04 00:38:11,18.0875,5.66,0.621,3.841,A,#3,HOLDING,0.669A/A
35204,2026-06-04 00:38:13,18.1250,5.66,0.621,3.841,A,#4,APPROACH,0.714A/A
35205,2026-06-04 00:38:15,18.1250,5.66,0.621,3.841,B,#4,APPROACH,0.254A/B
35206,2026-06-04 00:38:17,18.1250,5.66,0.621,3.841,B,#4,APPROACH,0.275A/B
35207,2026-06-04 00:38:19,18.1750,10.58,0.621,3.841,B,#4,APPROACH,0.315A/B
35208,2026-06-04 00:38:21,18.1875,10.58,0.998,0.781,B,#4,APPROACH,0.376A/B
35209,2026-06-04 00:38:23,18.2125,10.58,0.998,0.781,B,#4,APPROACH,0.465A/B
35210,2026-06-04 00:38:25,18.2625,10.58,0.998,0.781,B,#4,APPROACH,0.531A/B
35211,2026-06-04 00:38:27,18.3625,4.27,0.998,0.781,B,#4,APPROACH,0.614A/B
35212,2026-06-04 00:38:29,18.4500,4.27,0.614,3.119,B,#4,APPROACH,0.708A/B
35213,2026-06-04 00:38:31,18.5500,4.27,0.614,3.119,B,#4,APPROACH,0.850A/B
35214,2026-06-04 00:38:33,18.6625,4.27,0.614,3.119,B,#4,APPROACH,0.952A/B
35215,2026-06-04 00:38:34,18.7625,7.60,0.614,3.119,B,#4,APPROACH,1.000A/B
35216,2026-06-04 00:38:36,18.9125,7.60,0.973,8.170,B,#4,APPROACH,1.068A/B
35217,2026-06-04 00:38:39,19.0125,7.60,0.973,8.170,B,#4,APPROACH,1.251A/B
35218,2026-06-04 00:38:40,19.1625,7.60,0.973,8.170,B,#4,APPROACH,1.367A/B
35219,2026-06-04 00:38:42,19.3125,10.67,0.973,8.170,B,#4,APPROACH,1.500A/B
35220,2026-06-04 00:38:44,19.4875,10.67,1.430,17.745,B,#4,APPROACH,1.000A/B
35221,2026-06-04 00:38:46,19.6375,10.67,1.430,17.745,B,#4,APPROACH,1.476A/B
35222,2026-06-04 00:38:48,19.8125,10.67,1.430,17.745,B,#4,APPROACH,1.566A/B
35223,2026-06-04 00:38:50,20.0625,12.00,1.430,17.745,B,#4,APPROACH,1.500A/B
35224,2026-06-04 00:38:52,20.2375,12.00,1.497,17.712,B,#4,APPROACH,1.602A/B
35225,2026-06-04 00:38:54,20.4375,12.00,1.497,17.712,B,#4,APPROACH,1.720A/B
35226,2026-06-04 00:38:56,20.6500,12.00,1.497,17.712,B,#4,APPROACH,1.786A/B
35227,2026-06-04 00:38:57,20.8750,12.00,1.497,17.712,B,#4,APPROACH,1.851A/B
35228,2026-06-04 00:38:59,21.1250,12.00,1.450,17.136,B,#4,APPROACH,1.000A/B
35229,2026-06-04 00:39:02,21.3750,12.00,1.450,17.136,B,#4,APPROACH,1.891A/B
35230,2026-06-04 00:39:03,21.6250,12.00,1.450,17.136,B,#4,APPROACH,1.916A/B
35231,2026-06-04 00:39:05,21.9000,12.00,1.450,17.136,B,#4,APPROACH,1.942A/B
35232,2026-06-04 00:39:07,22.1250,12.00,1.420,16.800,B,#4,HOLDING,1.918A/B
35233,2026-06-04 00:39:09,22.4000,12.00,1.420,16.800,OFF,#4,HOLDING,0.000A/OFF
35234,2026-06-04 00:39:10,22.4000,12.00,1.420,16.800,OFF,#4,HOLDING,0.000A/OFF
35235,2026-06-04 00:39:11,22.6250,12.00,1.420,16.800,OFF,#4,HOLDING,0.000A/OFF
35236,2026-06-04 00:39:12,22.9000,12.00,1.420,16.800,OFF,#4,HOLDING,0.000A/OFF
35237,2026-06-04 00:39:13,22.9000,12.00,0.000,16.800,OFF,#4,HOLDING,0.000A/OFF
35238,2026-06-04 00:39:14,23.1250,12.00,0.000,16.800,OFF,#4,HOLDING,0.000A/OFF
35239,2026-06-04 00:39:15,23.1250,12.00,0.000,0.000,OFF,#4,HOLDING,0.000A/OFF
35240,2026-06-04 00:39:16,23.3750,12.00,0.000,0.000,OFF,#4,HOLDING,0.000A/OFF
35241,2026-06-04 00:39:17,23.3750,12.00,0.000,0.000,OFF,#4,HOLDING,0.000A/OFF
35242,2026-06-04 00:39:18,23.6125,12.00,0.000,0.000,OFF,#4,HOLDING,0.000A/OFF
35243,2026-06-04 00:39:19,23.6125,12.00,0.000,0.000,OFF,#4,HOLDING,0.000A/OFF
35244,2026-06-04 00:39:20,23.8375,12.00,0.000,0.000,OFF,#4,HOLDING,0.000A/OFF
35245,2026-06-04 00:39:21,23.8375,12.00,0.000,0.000,OFF,#4,HOLDING,0.000A/OFF
35246,2026-06-04 00:39:22,24.0500,12.00,0.000,0.000,A,#4,HOLDING,0.178A/A
35247,2026-06-04 00:39:24,24.2500,12.00,0.000,0.000,A,#4,HOLDING,0.212A/A
35248,2026-06-04 00:39:26,24.4250,1.26,0.000,0.000,A,#4,HOLDING,0.292A/A
35249,2026-06-04 00:39:28,24.5750,1.26,0.271,0.607,A,#4,HOLDING,0.335A/A
35250,2026-06-04 00:39:30,24.7000,1.26,0.271,0.607,A,#4,HOLDING,0.410A/A
35251,2026-06-04 00:39:32,24.8500,1.26,0.271,0.607,A,#4,HOLDING,0.477A/A
35252,2026-06-04 00:39:34,24.9500,3.77,0.271,0.607,A,#4,HOLDING,0.549A/A
35253,2026-06-04 00:39:36,25.0750,3.77,0.534,2.486,A,#4,HOLDING,0.635A/A
35254,2026-06-04 00:39:38,25.1875,3.77,0.534,2.486,A,#4,HOLDING,0.736A/A
35255,2026-06-04 00:39:39,25.2375,3.77,0.534,2.486,A,#4,HOLDING,0.806A/A
35256,2026-06-04 00:39:41,25.2875,6.53,0.534,2.486,A,#4,HOLDING,0.885A/A
35257,2026-06-04 00:39:43,25.3625,6.53,0.868,6.504,A,#4,HOLDING,0.976A/A
35258,2026-06-04 00:39:46,25.3875,6.53,0.868,6.504,A,#4,HOLDING,1.087A/A
35259,2026-06-04 00:39:47,25.4125,6.53,0.868,6.504,A,#4,HOLDING,1.163A/A
35260,2026-06-04 00:39:49,25.4375,9.20,0.868,6.504,A,#4,HOLDING,1.249A/A
35261,2026-06-04 00:39:51,25.3875,9.20,1.232,12.627,A,#4,HOLDING,1.328A/A
35262,2026-06-04 00:39:53,25.3750,9.20,1.232,12.627,A,#4,HOLDING,1.437A/A
35263,2026-06-04 00:39:55,25.3250,9.20,1.232,12.627,A,#4,HOLDING,1.500A/A
35264,2026-06-04 00:39:57,25.2750,11.79,1.232,12.627,A,#4,HOLDING,1.583A/A
35265,2026-06-04 00:39:59,25.2000,11.79,1.508,17.928,A,#4,HOLDING,1.653A/A
35266,2026-06-04 00:40:01,25.1375,11.79,1.508,17.928,A,#4,HOLDING,1.753A/A
35267,2026-06-04 00:40:03,25.0125,11.79,1.508,17.928,A,#4,HOLDING,1.802A/A
35268,2026-06-04 00:40:04,24.8875,12.00,1.508,17.928,A,#4,HOLDING,1.000A/A
35269,2026-06-04 00:40:06,24.7875,12.00,1.163,8.770,A,#4,HOLDING,1.000A/A
35270,2026-06-04 00:40:09,24.6750,12.00,1.163,8.770,A,#4,HOLDING,1.852A/A
35271,2026-06-04 00:40:10,24.5500,12.00,1.163,8.770,A,#4,HOLDING,1.000A/A
35272,2026-06-04 00:40:12,24.4000,8.75,1.163,8.770,A,#4,HOLDING,1.000A/A
35273,2026-06-04 00:40:14,24.2750,8.75,1.000,8.890,A,#4,HOLDING,1.500A/A
35274,2026-06-04 00:40:16,24.1375,8.75,1.000,8.890,A,#4,HOLDING,1.500A/A
35275,2026-06-04 00:40:18,23.9875,8.75,1.000,8.890,A,#4,HOLDING,1.809A/A
35276,2026-06-04 00:40:20,23.8500,12.00,1.000,8.890,A,#4,HOLDING,1.839A/A
35277,2026-06-04 00:40:22,23.6750,12.00,1.451,17.268,A,#4,HOLDING,1.859A/A
35278,2026-06-04 00:40:24,23.5750,12.00,1.451,17.268,A,#4,HOLDING,1.500A/A
35279,2026-06-04 00:40:26,23.4000,12.00,1.451,17.268,A,#4,HOLDING,1.500A/A
35280,2026-06-04 00:40:27,23.2625,12.00,1.451,17.268,A,#4,HOLDING,1.893A/A
35281,2026-06-04 00:40:29,23.0875,12.00,1.433,17.076,A,#4,HOLDING,1.888A/A
35282,2026-06-04 00:40:32,22.9500,12.00,1.433,17.076,A,#4,HOLDING,1.000A/A
35283,2026-06-04 00:40:33,22.7750,12.00,1.433,17.076,A,#4,HOLDING,1.888A/A
35284,2026-06-04 00:40:35,22.5875,12.00,1.433,17.076,A,#4,HOLDING,1.871A/A
35285,2026-06-04 00:40:37,22.4375,12.00,1.422,16.944,A,#4,HOLDING,1.845A/A
35286,2026-06-04 00:40:39,22.3000,12.00,1.422,16.944,A,#4,HOLDING,1.821A/A
35287,2026-06-04 00:40:41,22.1250,12.00,1.422,16.944,A,#4,HOLDING,1.500A/A
35288,2026-06-04 00:40:43,21.9500,12.00,1.422,16.944,A,#4,HOLDING,1.500A/A
35289,2026-06-04 00:40:45,21.7750,12.00,1.413,16.836,A,#4,HOLDING,1.500A/A
35290,2026-06-04 00:40:47,21.6375,12.00,1.413,16.836,A,#4,HOLDING,1.500A/A
35291,2026-06-04 00:40:49,21.4625,12.00,1.413,16.836,A,#4,HOLDING,1.708A/A
35292,2026-06-04 00:40:51,21.3000,12.00,1.413,16.836,A,#4,HOLDING,1.638A/A
35293,2026-06-04 00:40:52,21.1500,12.00,1.407,16.764,A,#4,HOLDING,1.500A/A
35294,2026-06-04 00:40:55,21.0125,12.00,1.407,16.764,A,#4,HOLDING,1.559A/A
35295,2026-06-04 00:40:56,20.8625,12.00,1.407,16.764,A,#4,HOLDING,1.481A/A
35296,2026-06-04 00:40:58,20.7000,12.00,1.407,16.764,A,#4,HOLDING,1.385A/A
35297,2026-06-04 00:41:00,20.5500,12.00,1.385,16.550,A,#4,HOLDING,1.282A/A
35298,2026-06-04 00:41:02,20.4250,12.00,1.385,16.550,A,#4,HOLDING,1.000A/A
35299,2026-06-04 00:41:04,20.2500,12.00,1.385,16.550,A,#4,HOLDING,1.146A/A
35300,2026-06-04 00:41:06,20.1375,10.14,1.385,16.550,A,#4,HOLDING,1.037A/A
35301,2026-06-04 00:41:08,19.9875,10.14,1.037,9.861,A,#4,HOLDING,0.949A/A
35302,2026-06-04 00:41:10,19.8625,10.14,1.037,9.861,A,#4,HOLDING,0.796A/A
35303,2026-06-04 00:41:12,19.7375,10.14,1.037,9.861,A,#4,HOLDING,0.687A/A
35304,2026-06-04 00:41:14,19.5875,6.82,1.037,9.861,A,#4,HOLDING,0.551A/A
35305,2026-06-04 00:41:15,19.4625,6.82,0.569,3.261,A,#4,HOLDING,0.413A/A
35306,2026-06-04 00:41:18,19.3625,6.82,0.569,3.261,A,#4,HOLDING,0.237A/A
35307,2026-06-04 00:41:19,19.2625,6.82,0.569,3.261,A,#4,HOLDING,0.113A/A
35308,2026-06-04 00:41:21,19.1500,6.82,0.569,3.261,OFF,#4,HOLDING,0.000A/OFF
35309,2026-06-04 00:41:22,19.1500,2.12,0.113,3.261,OFF,#4,HOLDING,0.111A/B
35310,2026-06-04 00:41:24,19.0750,2.12,0.113,0.000,B,#4,HOLDING,0.239A/B
35311,2026-06-04 00:41:26,19.0000,2.12,0.113,0.000,B,#4,HOLDING,0.370A/B
35312,2026-06-04 00:41:27,18.9500,2.12,0.113,0.000,B,#4,HOLDING,0.503A/B
35313,2026-06-04 00:41:29,18.9250,3.47,0.113,0.000,B,#4,HOLDING,0.653A/B
35314,2026-06-04 00:41:31,18.8750,3.47,0.594,3.160,B,#4,HOLDING,0.806A/B
35315,2026-06-04 00:41:33,18.8750,3.47,0.594,3.160,B,#4,HOLDING,1.002A/B
35316,2026-06-04 00:41:35,18.9000,3.47,0.594,3.160,B,#4,HOLDING,1.131A/B
35317,2026-06-04 00:41:37,18.9000,8.47,0.594,3.160,B,#4,HOLDING,1.280A/B
35318,2026-06-04 00:41:39,18.9625,8.47,1.229,12.518,B,#4,HOLDING,1.423A/B
35319,2026-06-04 00:41:41,19.0250,8.47,1.229,12.518,B,#4,HOLDING,1.500A/B
35320,2026-06-04 00:41:43,19.1000,8.47,1.229,12.518,B,#4,HOLDING,1.000A/B
35321,2026-06-04 00:41:44,19.1000,8.08,1.229,12.518,B,#4,HOLDING,1.500A/B
35322,2026-06-04 00:41:46,19.2375,8.08,1.348,17.475,B,#4,HOLDING,1.592A/B
35323,2026-06-04 00:41:49,19.5125,8.08,1.348,17.475,B,#4,HOLDING,1.000A/B
35324,2026-06-04 00:41:50,19.6875,8.08,1.348,17.475,B,#4,HOLDING,1.500A/B
35325,2026-06-04 00:41:52,19.6875,11.68,1.348,17.475,B,#4,HOLDING,1.728A/B
35326,2026-06-04 00:41:54,19.8750,11.68,1.506,17.904,B,#4,HOLDING,1.835A/B
35327,2026-06-04 00:41:56,20.2500,11.68,1.506,17.904,B,#4,HOLDING,1.000A/B
35328,2026-06-04 00:41:58,20.5000,11.68,1.506,17.904,B,#4,HOLDING,1.500A/B
35329,2026-06-04 00:42:00,20.5000,12.00,1.506,17.904,B,#4,HOLDING,1.000A/B
35330,2026-06-04 00:42:02,20.7125,12.00,1.080,8.960,B,#4,HOLDING,1.883A/B
35331,2026-06-04 00:42:04,21.2125,12.00,1.080,8.960,B,#4,HOLDING,1.500A/B
35332,2026-06-04 00:42:06,21.4625,12.00,1.080,8.960,B,#4,HOLDING,1.894A/B
35333,2026-06-04 00:42:07,21.4625,12.00,1.080,8.960,B,#4,HOLDING,1.973A/B
35334,2026-06-04 00:42:09,21.7125,12.00,1.430,16.956,B,#4,HOLDING,2.000A/B
35335,2026-06-04 00:42:12,22.2500,12.00,1.430,16.956,B,#4,HOLDING,1.948A/B
35336,2026-06-04 00:42:13,22.4750,12.00,1.430,16.956,B,#4,HOLDING,1.942A/B
35337,2026-06-04 00:42:15,22.4750,12.00,1.430,16.956,B,#4,HOLDING,1.500A/B
35338,2026-06-04 00:42:17,22.7250,12.00,1.395,16.536,B,#4,HOLDING,1.500A/B
35339,2026-06-04 00:42:19,23.2375,12.00,1.395,16.536,B,#4,HOLDING,1.988A/B
35340,2026-06-04 00:42:21,23.4875,12.00,1.395,16.536,B,#4,HOLDING,1.944A/B
35341,2026-06-04 00:42:23,23.4875,12.00,1.395,16.536,B,#4,HOLDING,1.000A/B
35342,2026-06-04 00:42:25,23.7500,12.00,1.095,9.490,B,#4,HOLDING,1.961A/B
35343,2026-06-04 00:42:27,24.2375,12.00,1.095,9.490,B,#4,HOLDING,1.829A/B
35344,2026-06-04 00:42:29,24.4875,12.00,1.095,9.490,B,#4,HOLDING,1.739A/B
35345,2026-06-04 00:42:30,24.4875,12.00,1.095,9.490,B,#4,HOLDING,1.000A/B
35346,2026-06-04 00:42:32,24.7375,12.00,1.107,9.580,B,#4,HOLDING,1.709A/B
35347,2026-06-04 00:42:35,25.2250,12.00,1.107,9.580,B,#4,HOLDING,1.000A/B
35348,2026-06-04 00:42:36,25.5000,12.00,1.107,9.580,B,#4,HOLDING,1.518A/B
35349,2026-06-04 00:42:38,25.5000,12.00,1.107,9.580,B,#4,HOLDING,1.000A/B
35350,2026-06-04 00:42:40,25.6875,12.00,1.055,9.640,B,#4,HOLDING,1.463A/B
35351,2026-06-04 00:42:42,26.1750,12.00,1.055,9.640,B,#4,HOLDING,1.323A/B
35352,2026-06-04 00:42:44,26.3750,12.00,1.055,9.640,B,#4,HOLDING,1.196A/B
35353,2026-06-04 00:42:46,26.3750,10.85,1.055,9.640,B,#4,HOLDING,1.078A/B
35354,2026-06-04 00:42:48,26.6125,10.85,1.089,11.049,B,#4,HOLDING,0.937A/B
35355,2026-06-04 00:42:50,27.0625,10.85,1.089,11.049,B,#4,HOLDING,0.716A/B
35356,2026-06-04 00:42:52,27.2625,10.85,1.089,11.049,B,#4,HOLDING,0.560A/B
35357,2026-06-04 00:42:54,27.2625,6.30,1.089,11.049,B,#4,HOLDING,0.410A/B
35358,2026-06-04 00:42:55,27.4875,6.30,0.440,2.115,B,#4,HOLDING,0.238A/B
35359,2026-06-04 00:42:58,27.9250,6.30,0.440,2.115,OFF,#4,HOLDING,0.000A/OFF
35360,2026-06-04 00:42:59,27.9250,6.30,0.440,2.115,OFF,#4,HOLDING,0.121A/A
35361,2026-06-04 00:43:01,28.1000,6.30,0.440,2.115,A,#4,HOLDING,0.322A/A
35362,2026-06-04 00:43:02,28.3000,12.00,0.117,2.115,A,#4,HOLDING,0.498A/A
35363,2026-06-04 00:43:04,28.5000,12.00,0.117,1.608,A,#4,HOLDING,0.718A/A
35364,2026-06-04 00:43:06,28.7000,12.00,0.117,1.608,A,#4,HOLDING,0.912A/A
35365,2026-06-04 00:43:07,28.8250,12.00,0.117,1.608,A,#4,HOLDING,1.000A/A
35366,2026-06-04 00:43:09,28.9750,7.37,0.117,1.608,A,#4,HOLDING,1.107A/A
35367,2026-06-04 00:43:11,29.0500,7.37,1.107,9.365,A,#4,HOLDING,1.328A/A
35368,2026-06-04 00:43:13,29.1625,7.37,1.107,9.365,A,#4,HOLDING,1.500A/A
35369,2026-06-04 00:43:15,29.1875,7.37,1.107,9.365,A,#4,HOLDING,1.622A/A
35370,2026-06-04 00:43:17,29.2125,12.00,1.107,9.365,A,#4,HOLDING,1.500A/A
35371,2026-06-04 00:43:19,29.2125,12.00,1.500,17.235,A,#4,HOLDING,1.852A/A
35372,2026-06-04 00:43:21,29.2500,12.00,1.500,17.235,A,#4,HOLDING,1.500A/A
35373,2026-06-04 00:43:23,29.2000,12.00,1.500,17.235,A,#4,HOLDING,2.144A/A
35374,2026-06-04 00:43:25,29.1625,12.00,1.500,17.235,A,#4,HOLDING,2.000A/A
35375,2026-06-04 00:43:26,29.0875,12.00,1.538,18.192,A,#4,HOLDING,1.500A/A
35376,2026-06-04 00:43:29,29.0250,12.00,1.538,18.192,A,#4,HOLDING,2.360A/A
35377,2026-06-04 00:43:30,28.9250,12.00,1.538,18.192,A,#4,HOLDING,2.541A/A
35378,2026-06-04 00:43:32,28.8000,12.00,1.538,18.192,A,#4,HOLDING,2.749A/A
35379,2026-06-04 00:43:34,28.6750,12.00,1.492,17.712,A,#4,HOLDING,2.949A/A
35380,2026-06-04 00:43:36,28.5500,12.00,1.492,17.712,A,#4,HOLDING,1.500A/A
35381,2026-06-04 00:43:38,28.3750,12.00,1.492,17.712,A,#4,HOLDING,2.500A/A
35382,2026-06-04 00:43:40,28.2000,12.00,1.492,17.712,A,#4,HOLDING,2.000A/A
35383,2026-06-04 00:43:42,28.0250,12.00,1.458,17.352,A,#4,HOLDING,2.000A/A
35384,2026-06-04 00:43:44,27.8250,12.00,1.458,17.352,A,#4,HOLDING,3.000A/A
35385,2026-06-04 00:43:46,27.6500,12.00,1.458,17.352,A,#4,HOLDING,1.000A/A
35386,2026-06-04 00:43:48,27.4375,8.83,1.458,17.352,A,#4,HOLDING,1.000A/A
35387,2026-06-04 00:43:49,27.2375,8.83,1.000,8.990,A,#4,HOLDING,1.500A/A
35388,2026-06-04 00:43:52,27.0375,8.83,1.000,8.990,A,#4,HOLDING,3.000A/A
35389,2026-06-04 00:43:53,26.8125,8.83,1.000,8.990,A,#4,HOLDING,2.500A/A
35390,2026-06-04 00:43:55,26.6375,12.00,1.000,8.990,A,#4,HOLDING,2.500A/A
35391,2026-06-04 00:43:57,26.4375,12.00,1.434,17.052,A,#4,HOLDING,2.000A/A
35392,2026-06-04 00:44:00,26.2625,12.00,1.434,17.052,A,#4,HOLDING,2.500A/A
35393,2026-06-04 00:44:01,26.0125,12.00,1.434,17.052,A,#4,HOLDING,1.000A/A
35394,2026-06-04 00:44:03,25.8250,9.00,1.434,17.052,A,#4,HOLDING,2.500A/A
35395,2026-06-04 00:44:05,25.6250,9.00,1.210,16.956,A,#4,HOLDING,3.000A/A
35396,2026-06-04 00:44:07,25.4000,9.00,1.210,16.956,A,#4,HOLDING,1.000A/A
35397,2026-06-04 00:44:09,25.2000,9.00,1.210,16.956,A,#4,HOLDING,2.500A/A
35398,2026-06-04 00:44:11,25.0125,12.00,1.210,16.956,A,#4,HOLDING,2.000A/A
35399,2026-06-04 00:44:13,24.7875,12.00,1.415,16.872,A,#4,HOLDING,2.966A/A
35400,2026-06-04 00:44:15,24.6000,12.00,1.415,16.872,A,#4,HOLDING,3.000A/A
35401,2026-06-04 00:44:17,24.4000,12.00,1.415,16.872,A,#4,HOLDING,2.000A/A
35402,2026-06-04 00:44:18,24.2000,12.00,1.415,16.872,A,#4,HOLDING,1.500A/A
35403,2026-06-04 00:44:20,24.0000,12.00,1.407,16.752,A,#4,HOLDING,1.000A/A
35404,2026-06-04 00:44:23,23.8250,12.00,1.407,16.752,A,#4,HOLDING,1.500A/A
35405,2026-06-04 00:44:24,23.6250,12.00,1.407,16.752,A,#5,APPROACH,2.947A/A
35406,2026-06-04 00:44:26,23.4125,2.36,1.407,16.752,A,#5,APPROACH,0.156A/A
35407,2026-06-04 00:44:28,23.2375,2.36,0.000,16.752,A,#5,APPROACH,0.140A/A
35408,2026-06-04 00:44:30,23.0750,2.36,0.000,0.000,A,#5,APPROACH,0.154A/A
35409,2026-06-04 00:44:33,22.9000,2.36,0.000,0.000,A,#5,APPROACH,0.170A/A
35410,2026-06-04 00:44:34,22.7625,2.36,0.000,0.000,A,#5,APPROACH,0.199A/A
35411,2026-06-04 00:44:36,22.6125,2.81,0.000,0.000,A,#5,APPROACH,0.240A/A
35412,2026-06-04 00:44:38,22.4875,2.81,0.240,0.765,A,#5,APPROACH,0.295A/A
35413,2026-06-04 00:44:40,22.3875,2.81,0.240,0.765,A,#5,APPROACH,0.392A/A
35414,2026-06-04 00:44:42,22.3000,2.81,0.240,0.765,A,#5,APPROACH,0.454A/A
35415,2026-06-04 00:44:44,22.2000,4.55,0.240,0.765,A,#5,APPROACH,0.519A/A
35416,2026-06-04 00:44:45,22.1125,4.55,0.519,2.693,A,#5,APPROACH,0.577A/A
35417,2026-06-04 00:44:48,22.0125,4.55,0.519,2.693,A,#5,APPROACH,0.650A/A
35418,2026-06-04 00:44:49,21.9625,4.55,0.519,2.693,A,#5,APPROACH,0.702A/A
35419,2026-06-04 00:44:51,21.8875,6.49,0.519,2.693,A,#5,APPROACH,0.754A/A
35420,2026-06-04 00:44:53,21.8375,6.49,0.754,5.315,A,#5,APPROACH,0.808A/A
35421,2026-06-04 00:44:56,21.7625,6.49,0.754,5.315,A,#5,APPROACH,0.869A/A
35422,2026-06-04 00:44:57,21.6875,6.49,0.754,5.315,A,#5,APPROACH,0.906A/A
35423,2026-06-04 00:44:59,21.6375,8.06,0.754,5.315,A,#5,APPROACH,0.949A/A
35424,2026-06-04 00:45:01,21.5625,8.06,0.949,8.047,A,#5,APPROACH,0.987A/A
35425,2026-06-04 00:45:03,21.4875,8.06,0.949,8.047,A,#5,APPROACH,1.037A/A
35426,2026-06-04 00:45:05,21.4375,8.06,0.949,8.047,A,#5,APPROACH,1.067A/A
35427,2026-06-04 00:45:07,21.3375,9.22,0.949,8.047,A,#5,HOLDING,1.048A/A
35428,2026-06-04 00:45:09,21.2500,9.22,1.048,8.047,OFF,#5,HOLDING,0.000A/OFF
35429,2026-06-04 00:45:10,21.2500,9.22,1.048,9.673,OFF,#5,HOLDING,0.000A/OFF
35430,2026-06-04 00:45:11,21.2000,9.22,1.048,9.673,OFF,#5,HOLDING,0.000A/OFF
35431,2026-06-04 00:45:12,21.2000,9.22,1.048,9.673,OFF,#5,HOLDING,0.000A/OFF
35432,2026-06-04 00:45:13,21.1125,9.22,1.048,9.673,OFF,#5,HOLDING,0.000A/OFF
35433,2026-06-04 00:45:14,21.1125,9.22,1.048,9.673,OFF,#5,HOLDING,0.000A/OFF
35434,2026-06-04 00:45:15,21.0125,12.00,1.048,9.673,OFF,#5,HOLDING,0.000A/OFF
35435,2026-06-04 00:45:16,21.0125,12.00,0.000,0.000,A,#5,HOLDING,0.117A/A
35436,2026-06-04 00:45:17,20.9375,12.00,0.000,0.000,A,#5,HOLDING,0.130A/A
35437,2026-06-04 00:45:19,20.9125,12.00,0.000,0.000,A,#5,HOLDING,0.161A/A
35438,2026-06-04 00:45:21,20.8625,1.97,0.000,0.000,A,#5,HOLDING,0.174A/A
35439,2026-06-04 00:45:23,20.8125,1.97,0.174,0.363,A,#5,HOLDING,0.191A/A
35440,2026-06-04 00:45:25,20.8000,1.97,0.174,0.363,A,#5,HOLDING,0.212A/A
35441,2026-06-04 00:45:27,20.7500,1.97,0.174,0.363,A,#5,HOLDING,0.223A/A
35442,2026-06-04 00:45:29,20.7375,2.41,0.174,0.363,A,#5,HOLDING,0.239A/A
35443,2026-06-04 00:45:30,20.6875,2.41,0.239,0.616,A,#5,HOLDING,0.246A/A
35444,2026-06-04 00:45:33,20.6875,2.41,0.239,0.616,A,#5,HOLDING,0.265A/A
35445,2026-06-04 00:45:34,20.6625,2.41,0.239,0.616,A,#5,HOLDING,0.272A/A
35446,2026-06-04 00:45:36,20.6625,2.73,0.239,0.616,A,#5,HOLDING,0.286A/A
35447,2026-06-04 00:45:38,20.6375,2.73,0.286,0.840,A,#5,HOLDING,0.292A/A
35448,2026-06-04 00:45:41,20.6250,2.73,0.286,0.840,A,#5,HOLDING,0.305A/A
35449,2026-06-04 00:45:42,20.6250,2.73,0.286,0.840,A,#5,HOLDING,0.312A/A
35450,2026-06-04 00:45:44,20.6500,3.05,0.286,0.840,A,#5,HOLDING,0.326A/A
35451,2026-06-04 00:45:46,20.6250,3.05,0.326,1.069,A,#5,HOLDING,0.333A/A
35452,2026-06-04 00:45:48,20.6250,3.05,0.326,1.069,A,#5,HOLDING,0.344A/A
35453,2026-06-04 00:45:50,20.6250,3.05,0.326,1.069,A,#5,HOLDING,0.349A/A
35454,2026-06-04 00:45:52,20.6250,3.35,0.326,1.069,A,#5,HOLDING,0.359A/A
35455,2026-06-04 00:45:53,20.6250,3.35,0.359,1.281,A,#5,HOLDING,0.367A/A
35456,2026-06-04 00:45:56,20.6000,3.35,0.359,1.281,A,#5,HOLDING,0.375A/A
35457,2026-06-04 00:45:57,20.6000,3.35,0.359,1.281,A,#5,HOLDING,0.382A/A
35458,2026-06-04 00:45:59,20.5875,3.72,0.359,1.281,A,#5,HOLDING,0.387A/A
35459,2026-06-04 00:46:01,20.5625,3.72,0.387,1.478,A,#5,HOLDING,0.393A/A
35460,2026-06-04 00:46:04,20.5625,3.72,0.387,1.478,A,#5,HOLDING,0.401A/A
35461,2026-06-04 00:46:05,20.5625,3.72,0.387,1.478,A,#5,HOLDING,0.407A/A
35462,2026-06-04 00:46:07,20.5625,3.96,0.415,1.478,OFF,--,DONE,0.415A/A
35463,2026-06-04 00:46:09,20.5125,3.96,0.415,1.478,OFF,--,DONE,--
35464,2026-06-04 00:46:10,20.5125,3.96,0.415,0.000,OFF,--,DONE,--
35465,2026-06-04 00:46:11,20.5125,3.96,0.415,0.000,OFF,--,DONE,--
35466,2026-06-04 00:46:12,20.5125,6.92,0.000,0.000,OFF,--,DONE,--
35467,2026-06-04 00:46:13,20.5125,6.92,0.000,0.000,OFF,--,DONE,--
35468,2026-06-04 00:46:14,20.5000,6.92,0.000,0.000,OFF,--,DONE,--
35469,2026-06-04 00:46:15,20.5000,2.71,0.000,0.000,OFF,--,DONE,--
35470,2026-06-04 00:46:16,20.5000,2.71,0.000,0.000,OFF,--,DONE,--
35471,2026-06-04 00:46:17,20.5000,2.71,0.000,0.000,OFF,--,DONE,--
35472,2026-06-04 00:46:19,20.4750,2.71,0.000,0.000,OFF,--,DONE,--
35473,2026-06-04 00:46:20,20.5000,1.07,0.000,0.000,OFF,--,DONE,--
35474,2026-06-04 00:46:21,20.5000,1.07,0.000,0.000,OFF,--,DONE,--
35475,2026-06-04 00:46:22,20.5000,1.07,0.000,0.000,OFF,--,DONE,--
35476,2026-06-04 00:46:23,20.5000,0.36,0.000,0.000,OFF,--,DONE,--
35477,2026-06-04 00:46:24,20.5000,0.36,0.000,0.000,OFF,--,DONE,--
35478,2026-06-04 00:46:25,20.5000,0.36,0.000,0.000,OFF,--,DONE,--
35479,2026-06-04 00:46:26,20.5000,0.36,0.000,0.000,OFF,--,DONE,--
35480,2026-06-04 00:46:27,20.5000,0.00,0.000,0.000,OFF,--,DONE,--
35481,2026-06-04 00:46:28,20.5500,0.00,0.000,0.000,OFF,--,DONE,--
35482,2026-06-04 00:46:29,20.5500,0.00,0.000,0.000,OFF,--,DONE,--
35483,2026-06-04 00:46:30,20.5375,0.00,0.000,0.000,OFF,--,DONE,--
35484,2026-06-04 00:46:31,20.5375,0.00,0.000,0.000,OFF,--,DONE,--
35485,2026-06-04 00:46:32,20.5875,0.00,0.000,0.000,OFF,--,DONE,--
35486,2026-06-04 00:46:33,20.5875,0.00,0.000,0.000,OFF,--,DONE,--
35487,2026-06-04 00:46:34,20.6000,0.00,0.000,0.000,OFF,--,DONE,--
35488,2026-06-04 00:46:35,20.6000,0.00,0.000,0.000,OFF,--,DONE,--
35489,2026-06-04 00:46:36,20.6250,0.00,0.000,0.000,OFF,--,DONE,--
35490,2026-06-04 00:46:37,20.6250,0.00,0.000,0.000,OFF,--,DONE,--
35491,2026-06-04 00:46:38,20.6625,0.00,0.000,0.000,OFF,--,DONE,--
35492,2026-06-04 00:46:39,20.6875,0.00,0.000,0.000,OFF,--,DONE,--
35493,2026-06-04 00:46:40,20.6875,0.00,0.000,0.000,OFF,--,DONE,--
35494,2026-06-04 00:46:41,20.7125,0.00,0.000,0.000,OFF,--,DONE,--
35495,2026-06-04 00:46:42,20.7125,0.00,0.000,0.000,OFF,--,DONE,--
35496,2026-06-04 00:46:43,20.7375,0.00,0.000,0.000,OFF,--,DONE,--
35497,2026-06-04 00:46:44,20.7375,0.00,0.000,0.000,OFF,--,DONE,--
35498,2026-06-04 00:46:45,20.7625,0.00,0.000,0.000,OFF,--,DONE,--
35499,2026-06-04 00:46:46,20.7625,0.00,0.000,0.000,OFF,--,DONE,--
35500,2026-06-04 00:46:47,20.8375,0.00,0.000,0.000,OFF,--,DONE,--
35501,2026-06-04 00:46:48,20.8375,0.00,0.000,0.000,OFF,--,DONE,--
35502,2026-06-04 00:46:49,20.8500,0.00,0.000,0.000,OFF,--,DONE,--
35503,2026-06-04 00:46:50,20.8500,0.00,0.000,0.000,OFF,--,DONE,--
35504,2026-06-04 00:46:51,20.8750,0.00,0.000,0.000,OFF,--,DONE,--
35505,2026-06-04 00:46:52,20.8750,0.00,0.000,0.000,OFF,--,DONE,--
35506,2026-06-04 00:46:53,20.8875,0.00,0.000,0.000,OFF,--,DONE,--
35507,2026-06-04 00:46:54,20.9375,0.00,0.000,0.000,OFF,--,DONE,--
35508,2026-06-04 00:46:55,20.9375,0.00,0.000,0.000,OFF,--,DONE,--
35509,2026-06-04 00:46:56,20.9500,0.00,0.000,0.000,OFF,--,DONE,--
35510,2026-06-04 00:46:57,20.9500,0.00,0.000,0.000,OFF,--,DONE,--
35511,2026-06-04 00:46:58,21.0000,0.00,0.000,0.000,OFF,--,DONE,--
35512,2026-06-04 00:46:59,21.0000,0.00,0.000,0.000,OFF,--,DONE,--
35513,2026-06-04 00:47:00,21.0625,0.00,0.000,0.000,OFF,--,DONE,--
35514,2026-06-04 00:47:01,21.0625,0.00,0.000,0.000,OFF,--,DONE,--
35515,2026-06-04 00:47:02,21.0875,0.00,0.000,0.000,OFF,--,DONE,--
35516,2026-06-04 00:47:03,21.0875,0.00,0.000,0.000,OFF,--,DONE,--
35517,2026-06-04 00:47:04,21.1000,0.00,0.000,0.000,OFF,--,DONE,--
35518,2026-06-04 00:47:05,21.1000,0.00,0.000,0.000,OFF,--,DONE,--
35519,2026-06-04 00:47:06,21.1250,0.00,0.000,0.000,OFF,--,DONE,--
35520,2026-06-04 00:47:07,21.1250,0.00,0.000,0.000,OFF,--,DONE,--
35521,2026-06-04 00:47:08,21.1875,0.00,0.000,0.000,OFF,--,DONE,--
35522,2026-06-04 00:47:09,21.1875,0.00,0.000,0.000,OFF,--,DONE,--
35523,2026-06-04 00:47:10,21.2125,0.00,0.000,0.000,OFF,--,DONE,--
35524,2026-06-04 00:47:12,21.2500,0.00,0.000,0.000,OFF,--,DONE,--
35525,2026-06-04 00:47:13,21.2500,0.00,0.000,0.000,OFF,--,DONE,--
35526,2026-06-04 00:47:14,21.2750,0.00,0.000,0.000,OFF,--,DONE,--
35527,2026-06-04 00:47:15,21.2750,0.00,0.000,0.000,OFF,--,DONE,--
35528,2026-06-04 00:47:16,21.3125,0.00,0.000,0.000,OFF,--,DONE,--
35529,2026-06-04 00:47:17,21.3125,0.00,0.000,0.000,OFF,--,DONE,--
35530,2026-06-04 00:47:18,21.3375,0.00,0.000,0.000,OFF,--,DONE,--
35531,2026-06-04 00:47:19,21.3375,0.00,0.000,0.000,OFF,--,DONE,--
35532,2026-06-04 00:47:20,21.3750,0.00,0.000,0.000,OFF,--,DONE,--
35533,2026-06-04 00:47:21,21.3750,0.00,0.000,0.000,OFF,--,DONE,--
35534,2026-06-04 00:47:22,21.3750,0.00,0.000,0.000,OFF,--,DONE,--
35535,2026-06-04 00:47:23,21.3750,0.00,0.000,0.000,OFF,--,DONE,--
35536,2026-06-04 00:47:24,21.4125,0.00,0.000,0.000,OFF,--,DONE,--
35537,2026-06-04 00:47:25,21.4125,0.00,0.000,0.000,OFF,--,DONE,--
35538,2026-06-04 00:47:26,21.4375,0.00,0.000,0.000,OFF,--,DONE,--
35539,2026-06-04 00:47:27,21.4375,0.00,0.000,0.000,OFF,--,DONE,--
35540,2026-06-04 00:47:28,21.4750,0.00,0.000,0.000,OFF,--,DONE,--
35541,2026-06-04 00:47:29,21.5000,0.00,0.000,0.000,OFF,--,DONE,--
35542,2026-06-04 00:47:30,21.5000,0.00,0.000,0.000,OFF,--,DONE,--
35543,2026-06-04 00:47:31,21.5375,0.00,0.000,0.000,OFF,--,DONE,--
35544,2026-06-04 00:47:32,21.5375,0.00,0.000,0.000,OFF,--,DONE,--
35545,2026-06-04 00:47:33,21.5625,0.00,0.000,0.000,OFF,--,DONE,--
35546,2026-06-04 00:47:34,21.5625,0.00,0.000,0.000,OFF,--,DONE,--
35547,2026-06-04 00:47:35,21.5750,0.00,0.000,0.000,OFF,--,DONE,--
35548,2026-06-04 00:47:36,21.5750,0.00,0.000,0.000,OFF,--,DONE,--
35549,2026-06-04 00:47:37,21.6250,0.00,0.000,0.000,OFF,--,DONE,--
35550,2026-06-04 00:47:38,21.6250,0.00,0.000,0.000,OFF,--,DONE,--
35551,2026-06-04 00:47:39,21.6250,0.00,0.000,0.000,OFF,--,DONE,--
35552,2026-06-04 00:47:40,21.6250,0.00,0.000,0.000,OFF,--,DONE,--
35553,2026-06-04 00:47:41,21.6750,0.00,0.000,0.000,OFF,--,DONE,--
35554,2026-06-04 00:47:42,21.6750,0.00,0.000,0.000,OFF,--,DONE,--
35555,2026-06-04 00:47:43,21.6875,0.00,0.000,0.000,OFF,--,DONE,--
35556,2026-06-04 00:47:44,21.6875,0.00,0.000,0.000,OFF,--,DONE,--
35557,2026-06-04 00:47:45,21.6875,0.00,0.000,0.000,OFF,--,DONE,--
35558,2026-06-04 00:47:46,21.7500,0.00,0.000,0.000,OFF,--,DONE,--
35559,2026-06-04 00:47:47,21.7500,0.00,0.000,0.000,OFF,--,DONE,--
35560,2026-06-04 00:47:48,21.7750,0.00,0.000,0.000,OFF,--,DONE,--
35561,2026-06-04 00:47:49,21.7750,0.00,0.000,0.000,OFF,--,DONE,--
35562,2026-06-04 00:47:51,21.7625,0.00,0.000,0.000,OFF,--,DONE,--
35563,2026-06-04 00:47:52,21.7625,0.00,0.000,0.000,OFF,--,DONE,--
35564,2026-06-04 00:47:53,21.8125,0.00,0.000,0.000,OFF,--,DONE,--
35565,2026-06-04 00:47:54,21.8125,0.00,0.000,0.000,OFF,--,DONE,--
35566,2026-06-04 00:47:55,21.8125,0.00,0.000,0.000,OFF,--,DONE,--
35567,2026-06-04 00:47:56,21.8125,0.00,0.000,0.000,OFF,--,DONE,--
35568,2026-06-04 00:47:57,21.8375,0.00,0.000,0.000,OFF,--,DONE,--
35569,2026-06-04 00:47:58,21.8375,0.00,0.000,0.000,OFF,--,DONE,--
35570,2026-06-04 00:47:59,21.8750,0.00,0.000,0.000,OFF,--,DONE,--
35571,2026-06-04 00:48:00,21.8750,0.00,0.000,0.000,OFF,--,DONE,--
35572,2026-06-04 00:48:01,21.8750,0.00,0.000,0.000,OFF,--,DONE,--
35573,2026-06-04 00:48:02,21.8875,0.00,0.000,0.000,OFF,--,DONE,--
35574,2026-06-04 00:48:03,21.8875,0.00,0.000,0.000,OFF,--,DONE,--
35575,2026-06-04 00:48:04,21.9375,0.00,0.000,0.000,OFF,--,DONE,--
35576,2026-06-04 00:48:05,21.9375,0.00,0.000,0.000,OFF,--,DONE,--
35577,2026-06-04 00:48:06,21.9375,0.00,0.000,0.000,OFF,--,DONE,--
35578,2026-06-04 00:48:07,21.9375,0.00,0.000,0.000,OFF,--,DONE,--
35579,2026-06-04 00:48:08,21.9625,0.00,0.000,0.000,OFF,--,DONE,--
35580,2026-06-04 00:48:09,21.9625,0.00,0.000,0.000,OFF,--,DONE,--
35581,2026-06-04 00:48:10,21.9750,0.00,0.000,0.000,OFF,--,DONE,--
35582,2026-06-04 00:48:11,21.9750,0.00,0.000,0.000,OFF,--,DONE,--
35583,2026-06-04 00:48:12,22.0000,0.00,0.000,0.000,A,#1,APPROACH,2.698A/A
35584,2026-06-04 00:48:14,22.0000,0.00,0.000,0.000,A,#1,APPROACH,1.000A/A
35585,2026-06-04 00:48:17,22.0375,0.00,0.000,0.000,A,#1,APPROACH,1.500A/A
35586,2026-06-04 00:48:19,22.0625,0.00,0.000,0.000,A,#1,APPROACH,1.000A/A
35587,2026-06-04 00:48:21,22.0625,8.10,0.000,0.000,A,#1,APPROACH,2.000A/A
35588,2026-06-04 00:48:23,22.0625,8.10,1.427,18.492,A,#1,APPROACH,2.500A/A
35589,2026-06-04 00:48:25,22.0625,8.10,1.427,18.492,A,#1,APPROACH,3.000A/A
35590,2026-06-04 00:48:27,22.0625,8.10,1.427,18.492,A,#1,APPROACH,3.000A/A
35591,2026-06-04 00:48:29,22.0250,12.00,1.427,18.492,A,#1,APPROACH,3.000A/A
35592,2026-06-04 00:48:31,21.9750,12.00,1.509,17.904,A,#1,APPROACH,1.000A/A
35593,2026-06-04 00:48:33,21.9250,12.00,1.509,17.904,A,#1,APPROACH,1.000A/A
35594,2026-06-04 00:48:35,21.8500,12.00,1.509,17.904,A,#1,APPROACH,1.000A/A
35595,2026-06-04 00:48:36,21.7750,8.61,1.509,17.904,A,#1,APPROACH,1.989A/A
35596,2026-06-04 00:48:38,21.6750,8.61,1.481,17.568,A,#1,APPROACH,1.500A/A
35597,2026-06-04 00:48:41,21.5875,8.61,1.481,17.568,A,#1,APPROACH,1.500A/A
35598,2026-06-04 00:48:42,21.4875,8.61,1.481,17.568,A,#1,APPROACH,1.000A/A
35599,2026-06-04 00:48:44,21.3625,8.81,1.481,17.568,A,#1,APPROACH,1.578A/A
35600,2026-06-04 00:48:46,21.2375,8.81,1.459,17.328,A,#1,APPROACH,1.911A/A
35601,2026-06-04 00:48:48,21.1375,8.81,1.459,17.328,A,#1,APPROACH,1.868A/A
35602,2026-06-04 00:48:50,21.0125,8.81,1.459,17.328,A,#1,APPROACH,1.813A/A
35603,2026-06-04 00:48:52,20.9000,12.00,1.459,17.328,A,#1,APPROACH,1.000A/A
35604,2026-06-04 00:48:54,20.8000,12.00,1.000,8.980,A,#1,APPROACH,1.000A/A
35605,2026-06-04 00:48:56,20.6750,12.00,1.000,8.980,A,#1,APPROACH,1.799A/A
35606,2026-06-04 00:48:58,20.5500,12.00,1.000,8.980,A,#1,APPROACH,1.500A/A
35607,2026-06-04 00:48:59,20.5500,12.00,1.000,8.980,A,#1,APPROACH,1.766A/A
35608,2026-06-04 00:49:01,20.2875,12.00,1.437,17.064,A,#1,APPROACH,1.959A/A
35609,2026-06-04 00:49:04,20.2000,12.00,1.437,17.064,A,#1,APPROACH,1.000A/A
35610,2026-06-04 00:49:05,20.0500,12.00,1.437,17.064,A,#1,APPROACH,1.998A/A
35611,2026-06-04 00:49:07,20.0500,12.00,1.437,17.064,A,#1,APPROACH,2.000A/A
35612,2026-06-04 00:49:09,19.8000,12.00,1.422,16.896,A,#1,APPROACH,2.000A/A
35613,2026-06-04 00:49:11,19.7000,12.00,1.422,16.896,A,#1,APPROACH,2.034A/A
35614,2026-06-04 00:49:13,19.5500,12.00,1.422,16.896,A,#1,APPROACH,1.500A/A
35615,2026-06-04 00:49:15,19.5500,12.00,1.422,16.896,A,#1,APPROACH,2.000A/A
35616,2026-06-04 00:49:17,19.4500,12.00,1.412,16.788,A,#1,APPROACH,2.000A/A
35617,2026-06-04 00:49:19,19.1875,12.00,1.412,16.788,A,#1,APPROACH,2.050A/A
35618,2026-06-04 00:49:21,19.0625,12.00,1.412,16.788,A,#1,APPROACH,2.103A/A
35619,2026-06-04 00:49:22,19.0625,12.00,1.412,16.788,A,#1,APPROACH,2.205A/A
35620,2026-06-04 00:49:24,18.9500,12.00,1.403,16.716,A,#1,APPROACH,2.300A/A
35621,2026-06-04 00:49:27,18.7125,12.00,1.403,16.716,A,#1,APPROACH,1.500A/A
35622,2026-06-04 00:49:28,18.5875,12.00,1.403,16.716,A,#1,APPROACH,1.500A/A
35623,2026-06-04 00:49:30,18.5875,12.00,1.403,16.716,A,#1,APPROACH,2.000A/A
35624,2026-06-04 00:49:32,18.4875,12.00,1.401,16.680,A,#1,APPROACH,2.383A/A
35625,2026-06-04 00:49:34,18.2625,12.00,1.401,16.680,A,#1,APPROACH,2.453A/A
35626,2026-06-04 00:49:36,18.1375,12.00,1.401,16.680,A,#1,APPROACH,1.500A/A
35627,2026-06-04 00:49:38,18.1375,12.00,1.401,16.680,A,#1,APPROACH,1.000A/A
35628,2026-06-04 00:49:40,18.0250,12.00,1.201,9.300,A,#1,APPROACH,2.494A/A
35629,2026-06-04 00:49:42,17.8250,12.00,1.201,9.300,A,#1,APPROACH,2.546A/A
35630,2026-06-04 00:49:44,17.8250,12.00,1.201,9.300,A,#1,APPROACH,2.500A/A
35631,2026-06-04 00:49:45,17.7250,12.00,1.201,9.300,A,#1,APPROACH,2.500A/A
35632,2026-06-04 00:49:47,17.6500,12.00,1.395,16.620,A,#1,APPROACH,1.000A/A
35633,2026-06-04 00:49:50,17.4625,12.00,1.395,16.620,A,#1,HOLDING,2.500A/A
35634,2026-06-04 00:49:51,17.4625,12.00,1.395,16.620,OFF,#1,HOLDING,0.000A/OFF
35635,2026-06-04 00:49:52,17.3625,12.00,1.395,16.620,OFF,#1,HOLDING,0.000A/OFF
35636,2026-06-04 00:49:53,17.3625,12.00,1.395,16.620,OFF,#1,HOLDING,0.000A/OFF
35637,2026-06-04 00:49:54,17.2750,12.00,0.000,16.620,OFF,#1,HOLDING,0.000A/OFF
35638,2026-06-04 00:49:55,17.2000,12.00,0.000,0.000,OFF,#1,HOLDING,0.000A/OFF
35639,2026-06-04 00:49:56,17.2000,12.00,0.000,0.000,OFF,#1,HOLDING,0.000A/OFF
35640,2026-06-04 00:49:57,17.1500,12.00,0.000,0.000,A,#1,HOLDING,0.101A/A
35641,2026-06-04 00:49:59,17.1000,12.00,0.000,0.000,A,#1,HOLDING,0.132A/A
35642,2026-06-04 00:50:01,17.1000,3.67,0.132,0.000,A,#1,HOLDING,0.151A/A
35643,2026-06-04 00:50:03,17.0625,3.67,0.132,0.339,A,#1,HOLDING,0.176A/A
35644,2026-06-04 00:50:04,17.0375,3.67,0.132,0.339,A,#1,HOLDING,0.195A/A
35645,2026-06-04 00:50:06,17.0500,3.67,0.132,0.339,A,#1,HOLDING,0.215A/A
35646,2026-06-04 00:50:08,17.0250,2.62,0.132,0.339,A,#1,HOLDING,0.235A/A
35647,2026-06-04 00:50:09,17.0375,2.62,0.235,0.662,A,#1,HOLDING,0.259A/A
35648,2026-06-04 00:50:12,17.0625,2.62,0.235,0.662,A,#1,HOLDING,0.286A/A
35649,2026-06-04 00:50:13,17.0625,2.62,0.235,0.662,A,#1,HOLDING,0.306A/A
35650,2026-06-04 00:50:15,17.0875,3.34,0.235,0.662,A,#1,HOLDING,0.330A/A
35651,2026-06-04 00:50:17,17.1250,3.34,0.330,1.181,A,#1,HOLDING,0.354A/A
35652,2026-06-04 00:50:20,17.1750,3.34,0.330,1.181,A,#1,HOLDING,0.390A/A
35653,2026-06-04 00:50:21,17.2000,3.34,0.330,1.181,A,#1,HOLDING,0.413A/A
35654,2026-06-04 00:50:23,17.2500,4.21,0.330,1.181,A,#1,HOLDING,0.442A/A
35655,2026-06-04 00:50:25,17.2875,4.21,0.428,1.993,A,#1,HOLDING,0.471A/A
35656,2026-06-04 00:50:27,17.3375,4.21,0.428,1.993,A,#1,HOLDING,0.512A/A
35657,2026-06-04 00:50:29,17.3750,4.21,0.428,1.993,A,#1,HOLDING,0.539A/A
35658,2026-06-04 00:50:31,17.4000,5.20,0.428,1.993,A,#1,HOLDING,0.572A/A
35659,2026-06-04 00:50:33,17.4500,5.20,0.558,3.180,A,#1,HOLDING,0.608A/A
35660,2026-06-04 00:50:35,17.4750,5.20,0.558,3.180,A,#1,HOLDING,0.652A/A
35661,2026-06-04 00:50:37,17.5250,5.20,0.558,3.180,A,#1,HOLDING,0.739A/A
35662,2026-06-04 00:50:38,17.5500,6.80,0.558,3.180,A,#1,HOLDING,0.777A/A
35663,2026-06-04 00:50:40,17.6000,6.80,0.762,5.617,A,#1,HOLDING,0.823A/A
35664,2026-06-04 00:50:43,17.6250,6.80,0.762,5.617,A,#1,HOLDING,0.874A/A
35665,2026-06-04 00:50:44,17.6375,6.80,0.762,5.617,A,#1,HOLDING,0.910A/A
35666,2026-06-04 00:50:46,17.6875,8.04,0.762,5.617,A,#1,HOLDING,0.957A/A
35667,2026-06-04 00:50:48,17.6875,8.04,0.944,8.124,A,#1,HOLDING,0.999A/A
35668,2026-06-04 00:50:50,17.6875,8.04,0.944,8.124,A,#1,HOLDING,1.054A/A
35669,2026-06-04 00:50:52,17.6875,8.04,0.944,8.124,A,#1,HOLDING,1.000A/A
35670,2026-06-04 00:50:54,17.6875,8.65,0.944,8.124,A,#1,HOLDING,1.000A/A
35671,2026-06-04 00:50:56,17.6875,8.65,1.000,8.850,A,#1,HOLDING,1.087A/A
35672,2026-06-04 00:50:58,17.6875,8.65,1.000,8.850,A,#1,HOLDING,1.000A/A
35673,2026-06-04 00:51:00,17.6875,8.65,1.000,8.850,A,#1,HOLDING,1.000A/A
35674,2026-06-04 00:51:01,17.6375,8.77,1.000,8.850,A,#1,HOLDING,1.135A/A
35675,2026-06-04 00:51:03,17.6250,8.77,1.135,11.191,A,#1,HOLDING,1.175A/A
35676,2026-06-04 00:51:06,17.6250,8.77,1.135,11.191,A,#1,HOLDING,1.228A/A
35677,2026-06-04 00:51:07,17.5625,8.77,1.135,11.191,A,#1,HOLDING,1.000A/A
35678,2026-06-04 00:51:09,17.5625,8.85,1.135,11.191,A,#1,HOLDING,1.258A/A
35679,2026-06-04 00:51:11,17.5000,8.85,1.258,13.586,A,#1,HOLDING,1.286A/A
35680,2026-06-04 00:51:13,17.5000,8.85,1.258,13.586,A,#1,HOLDING,1.341A/A
35681,2026-06-04 00:51:15,17.4375,8.85,1.258,13.586,A,#1,HOLDING,1.314A/A
35682,2026-06-04 00:51:17,17.4375,11.07,1.258,13.586,A,#1,HOLDING,1.354A/A
35683,2026-06-04 00:51:19,17.3750,11.07,1.354,15.719,A,#1,HOLDING,1.381A/A
35684,2026-06-04 00:51:21,17.3250,11.07,1.354,15.719,A,#1,HOLDING,1.423A/A
35685,2026-06-04 00:51:23,17.2750,11.07,1.354,15.719,A,#1,HOLDING,1.443A/A
35686,2026-06-04 00:51:24,17.2500,12.00,1.354,15.719,A,#2,APPROACH,1.474A/A
35687,2026-06-04 00:51:26,17.1750,12.00,1.418,15.719,OFF,#2,APPROACH,0.000A/OFF
35688,2026-06-04 00:51:27,17.1750,12.00,1.418,15.719,OFF,#2,APPROACH,0.000A/OFF
35689,2026-06-04 00:51:28,17.1250,12.00,1.418,0.000,B,#2,APPROACH,0.111A/B
35690,2026-06-04 00:51:31,17.0625,12.00,1.418,0.000,B,#2,APPROACH,0.170A/B
35691,2026-06-04 00:51:32,17.0125,12.00,1.418,0.000,B,#2,APPROACH,0.217A/B
35692,2026-06-04 00:51:34,16.9750,1.11,1.418,0.000,B,#2,APPROACH,0.253A/B
35693,2026-06-04 00:51:36,16.9750,1.11,0.253,0.371,B,#2,APPROACH,0.293A/B
35694,2026-06-04 00:51:38,16.9375,1.11,0.253,0.371,B,#2,APPROACH,0.351A/B
35695,2026-06-04 00:51:40,16.9875,1.11,0.253,0.371,B,#2,APPROACH,0.378A/B
35696,2026-06-04 00:51:41,16.9875,2.66,0.253,0.371,B,#2,APPROACH,0.423A/B
35697,2026-06-04 00:51:43,17.0125,2.66,0.423,1.357,B,#2,APPROACH,0.460A/B
35698,2026-06-04 00:51:46,17.1250,2.66,0.423,1.357,B,#2,APPROACH,0.502A/B
35699,2026-06-04 00:51:47,17.2000,2.66,0.423,1.357,B,#2,HOLDING,0.522A/B
35700,2026-06-04 00:51:49,17.2000,2.66,0.423,1.357,OFF,#2,HOLDING,0.000A/OFF
35701,2026-06-04 00:51:50,17.2875,4.09,0.423,1.357,OFF,#2,HOLDING,0.000A/OFF
35702,2026-06-04 00:51:51,17.3875,4.09,0.522,1.357,OFF,#2,HOLDING,0.000A/OFF
35703,2026-06-04 00:51:52,17.3875,4.09,0.522,0.000,OFF,#2,HOLDING,0.000A/OFF
35704,2026-06-04 00:51:53,17.4875,4.09,0.522,0.000,OFF,#2,HOLDING,0.000A/OFF
35705,2026-06-04 00:51:54,17.4875,4.09,0.522,0.000,B,#2,HOLDING,0.101A/B
35706,2026-06-04 00:51:56,17.5875,0.68,0.522,0.000,B,#2,HOLDING,0.117A/B
35707,2026-06-04 00:51:58,17.7000,0.68,0.117,0.095,B,#2,HOLDING,0.142A/B
35708,2026-06-04 00:52:00,17.8250,0.68,0.117,0.095,B,#2,HOLDING,0.151A/B
35709,2026-06-04 00:52:02,17.9125,0.68,0.117,0.095,B,#2,HOLDING,0.160A/B
35710,2026-06-04 00:52:04,18.0625,1.22,0.117,0.095,B,#2,HOLDING,0.162A/B
35711,2026-06-04 00:52:06,18.1375,1.22,0.162,0.208,B,#2,HOLDING,0.166A/B
35712,2026-06-04 00:52:08,18.2625,1.22,0.162,0.208,B,#2,HOLDING,0.163A/B
35713,2026-06-04 00:52:10,18.3500,1.22,0.162,0.208,B,#2,HOLDING,0.163A/B
35714,2026-06-04 00:52:12,18.4500,1.31,0.162,0.208,B,#2,HOLDING,0.151A/B
35715,2026-06-04 00:52:13,18.5750,1.31,0.151,0.188,B,#2,HOLDING,0.134A/B
35716,2026-06-04 00:52:16,18.7000,1.31,0.151,0.188,B,#2,HOLDING,0.111A/B
35717,2026-06-04 00:52:17,18.7875,1.31,0.151,0.188,OFF,#2,HOLDING,0.000A/OFF
35718,2026-06-04 00:52:18,18.9125,1.31,0.151,0.188,OFF,#2,HOLDING,0.000A/OFF
35719,2026-06-04 00:52:19,18.9125,12.00,0.151,0.188,OFF,#2,HOLDING,0.000A/OFF
35720,2026-06-04 00:52:20,19.0125,12.00,0.000,0.188,OFF,#2,HOLDING,0.000A/OFF
35721,2026-06-04 00:52:21,19.0125,12.00,0.000,0.000,OFF,#2,HOLDING,0.000A/OFF
35722,2026-06-04 00:52:22,19.1375,12.00,0.000,0.000,OFF,#2,HOLDING,0.000A/OFF
35723,2026-06-04 00:52:23,19.1375,12.00,0.000,0.000,OFF,#2,HOLDING,0.000A/OFF
35724,2026-06-04 00:52:24,19.2375,12.00,0.000,0.000,OFF,#2,HOLDING,0.000A/OFF
35725,2026-06-04 00:52:25,19.2375,12.00,0.000,0.000,OFF,#2,HOLDING,0.000A/OFF
35726,2026-06-04 00:52:26,19.3375,12.00,0.000,0.000,A,#2,HOLDING,0.136A/A
35727,2026-06-04 00:52:28,19.4750,12.00,0.000,0.000,A,#2,HOLDING,0.181A/A
35728,2026-06-04 00:52:30,19.5500,12.00,0.000,0.000,A,#2,HOLDING,0.236A/A
35729,2026-06-04 00:52:31,19.5500,12.00,0.000,0.000,A,#2,HOLDING,0.261A/A
35730,2026-06-04 00:52:33,19.6625,2.28,0.000,0.000,A,#2,HOLDING,0.316A/A
35731,2026-06-04 00:52:35,19.7375,2.28,0.316,0.922,A,#2,HOLDING,0.376A/A
35732,2026-06-04 00:52:37,19.9500,2.28,0.316,0.922,A,#2,HOLDING,0.487A/A
35733,2026-06-04 00:52:39,19.9500,2.28,0.316,0.922,A,#2,HOLDING,0.531A/A
35734,2026-06-04 00:52:41,20.0375,4.57,0.316,0.922,A,#2,HOLDING,0.606A/A
35735,2026-06-04 00:52:43,20.1125,4.57,0.606,3.248,A,#2,HOLDING,0.671A/A
35736,2026-06-04 00:52:45,20.1875,4.57,0.606,3.248,A,#2,HOLDING,0.775A/A
35737,2026-06-04 00:52:47,20.1875,4.57,0.606,3.248,A,#2,HOLDING,0.829A/A
35738,2026-06-04 00:52:48,20.2500,6.99,0.606,3.248,A,#2,HOLDING,0.908A/A
35739,2026-06-04 00:52:50,20.2750,6.99,0.908,7.046,A,#2,HOLDING,0.982A/A
35740,2026-06-04 00:52:53,20.3125,6.99,0.908,7.046,A,#2,HOLDING,1.088A/A
35741,2026-06-04 00:52:54,20.3375,6.99,0.908,7.046,A,#2,HOLDING,1.000A/A
35742,2026-06-04 00:52:56,20.3125,8.39,0.908,7.046,A,#2,HOLDING,1.147A/A
35743,2026-06-04 00:52:58,20.3375,8.39,1.147,11.045,A,#2,HOLDING,1.227A/A
35744,2026-06-04 00:53:00,20.3375,8.39,1.147,11.045,A,#2,HOLDING,1.325A/A
35745,2026-06-04 00:53:02,20.3125,8.39,1.147,11.045,A,#2,HOLDING,1.390A/A
35746,2026-06-04 00:53:04,20.3000,11.13,1.147,11.045,A,#2,HOLDING,1.000A/A
35747,2026-06-04 00:53:06,20.2500,11.13,1.000,8.730,A,#2,HOLDING,1.458A/A
35748,2026-06-04 00:53:08,20.1875,11.13,1.000,8.730,A,#2,HOLDING,1.548A/A
35749,2026-06-04 00:53:10,20.1625,11.13,1.000,8.730,A,#2,HOLDING,1.607A/A
35750,2026-06-04 00:53:11,20.0875,12.00,1.000,8.730,A,#2,HOLDING,1.671A/A
35751,2026-06-04 00:53:13,20.0125,12.00,1.479,17.532,A,#2,HOLDING,1.500A/A
35752,2026-06-04 00:53:16,19.9875,12.00,1.479,17.532,A,#2,HOLDING,1.733A/A
35753,2026-06-04 00:53:17,19.8875,12.00,1.479,17.532,A,#2,HOLDING,1.779A/A
35754,2026-06-04 00:53:19,19.8000,12.00,1.479,17.532,A,#2,HOLDING,1.833A/A
35755,2026-06-04 00:53:21,19.7000,12.00,1.453,17.268,A,#2,HOLDING,1.500A/A
35756,2026-06-04 00:53:23,19.5875,12.00,1.453,17.268,A,#2,HOLDING,1.500A/A
35757,2026-06-04 00:53:25,19.5375,12.00,1.453,17.268,A,#2,HOLDING,1.500A/A
35758,2026-06-04 00:53:27,19.4500,12.00,1.453,17.268,A,#2,HOLDING,1.870A/A
35759,2026-06-04 00:53:29,19.3500,12.00,1.437,17.088,A,#2,HOLDING,1.500A/A
35760,2026-06-04 00:53:31,19.2375,12.00,1.437,17.088,A,#2,HOLDING,1.500A/A
35761,2026-06-04 00:53:33,19.1125,12.00,1.437,17.088,A,#2,HOLDING,1.839A/A
35762,2026-06-04 00:53:35,19.0125,12.00,1.437,17.088,A,#2,HOLDING,1.868A/A
35763,2026-06-04 00:53:36,18.9125,12.00,1.424,16.944,A,#2,HOLDING,1.000A/A
35764,2026-06-04 00:53:39,18.8000,12.00,1.424,16.944,A,#2,HOLDING,1.000A/A
35765,2026-06-04 00:53:40,18.7000,12.00,1.424,16.944,A,#2,HOLDING,1.897A/A
35766,2026-06-04 00:53:42,18.5875,12.00,1.424,16.944,A,#2,HOLDING,1.911A/A
35767,2026-06-04 00:53:44,18.4875,12.00,1.417,16.872,A,#2,HOLDING,1.000A/A
35768,2026-06-04 00:53:46,18.3625,12.00,1.417,16.872,A,#2,HOLDING,1.923A/A
35769,2026-06-04 00:53:48,18.2875,12.00,1.417,16.872,A,#2,HOLDING,1.500A/A
35770,2026-06-04 00:53:50,18.1750,12.00,1.417,16.872,A,#2,HOLDING,1.927A/A
35771,2026-06-04 00:53:52,18.0500,12.00,1.413,16.836,A,#2,HOLDING,1.919A/A
35772,2026-06-04 00:53:54,17.9625,12.00,1.413,16.836,A,#2,HOLDING,1.000A/A
35773,2026-06-04 00:53:56,17.8625,12.00,1.413,16.836,A,#3,APPROACH,1.000A/A
35774,2026-06-04 00:53:58,17.8000,3.42,1.413,16.836,B,#3,APPROACH,0.241A/B
35775,2026-06-04 00:54:00,17.6750,3.42,0.030,16.836,B,#3,APPROACH,0.296A/B
35776,2026-06-04 00:54:02,17.5875,3.42,0.030,0.000,B,#3,APPROACH,0.365A/B
35777,2026-06-04 00:54:04,17.5125,3.42,0.030,0.000,B,#3,APPROACH,0.456A/B
35778,2026-06-04 00:54:06,17.4625,3.42,0.030,0.000,B,#3,APPROACH,0.532A/B
35779,2026-06-04 00:54:07,17.4125,3.70,0.030,0.000,B,#3,APPROACH,0.638A/B
35780,2026-06-04 00:54:09,17.3750,3.70,0.638,3.062,B,#3,APPROACH,0.756A/B
35781,2026-06-04 00:54:12,17.3750,3.70,0.638,3.062,B,#3,APPROACH,0.928A/B
35782,2026-06-04 00:54:13,17.3750,3.70,0.638,3.062,B,#3,APPROACH,1.054A/B
35783,2026-06-04 00:54:15,17.4000,7.83,0.638,3.062,B,#3,APPROACH,1.211A/B
35784,2026-06-04 00:54:17,17.4750,7.83,1.211,11.056,B,#3,APPROACH,1.376A/B
35785,2026-06-04 00:54:19,17.5000,7.83,1.211,11.056,B,#3,APPROACH,1.500A/B
35786,2026-06-04 00:54:21,17.6000,7.83,1.211,11.056,B,#3,APPROACH,1.593A/B
35787,2026-06-04 00:54:23,17.7000,11.79,1.211,11.056,B,#3,APPROACH,1.761A/B
35788,2026-06-04 00:54:25,17.8625,11.79,1.590,18.804,B,#3,APPROACH,1.911A/B
35789,2026-06-04 00:54:27,18.0125,11.79,1.590,18.804,B,#3,APPROACH,1.500A/B
35790,2026-06-04 00:54:29,18.1500,11.79,1.590,18.804,B,#3,APPROACH,2.099A/B
35791,2026-06-04 00:54:31,18.3750,12.00,1.590,18.804,B,#3,APPROACH,1.000A/B
35792,2026-06-04 00:54:32,18.5500,12.00,1.274,8.540,B,#3,APPROACH,2.221A/B
35793,2026-06-04 00:54:35,18.8000,12.00,1.274,8.540,B,#3,APPROACH,2.000A/B
35794,2026-06-04 00:54:36,19.0250,12.00,1.274,8.540,B,#3,APPROACH,2.361A/B
35795,2026-06-04 00:54:38,19.2500,12.00,1.274,8.540,B,#3,APPROACH,1.000A/B
35796,2026-06-04 00:54:40,19.5000,12.00,1.016,8.790,B,#3,APPROACH,2.393A/B
35797,2026-06-04 00:54:42,19.7750,12.00,1.016,8.790,B,#3,APPROACH,2.505A/B
35798,2026-06-04 00:54:44,20.0250,12.00,1.016,8.790,B,#3,APPROACH,2.000A/B
35799,2026-06-04 00:54:46,20.2750,12.00,1.016,8.790,B,#3,APPROACH,1.500A/B
35800,2026-06-04 00:54:48,20.5625,12.00,1.449,17.148,B,#3,APPROACH,2.500A/B
35801,2026-06-04 00:54:50,20.8125,12.00,1.449,17.148,B,#3,APPROACH,2.500A/B
35802,2026-06-04 00:54:52,21.0875,12.00,1.449,17.148,B,#3,APPROACH,2.500A/B
35803,2026-06-04 00:54:54,21.3625,12.00,1.449,17.148,B,#3,HOLDING,2.450A/B
35804,2026-06-04 00:54:55,21.6500,12.00,1.412,17.148,OFF,#3,HOLDING,0.000A/OFF
35805,2026-06-04 00:54:56,21.9000,12.00,1.412,16.716,OFF,#3,HOLDING,0.000A/OFF
35806,2026-06-04 00:54:57,21.9000,12.00,1.412,16.716,OFF,#3,HOLDING,0.000A/OFF
35807,2026-06-04 00:54:58,22.1500,12.00,1.412,16.716,OFF,#3,HOLDING,0.000A/OFF
35808,2026-06-04 00:54:59,22.1500,12.00,1.412,16.716,OFF,#3,HOLDING,0.000A/OFF
35809,2026-06-04 00:55:01,22.4000,12.00,1.412,16.716,OFF,#3,HOLDING,0.000A/OFF
35810,2026-06-04 00:55:02,22.4000,12.00,1.412,16.716,OFF,#3,HOLDING,0.000A/OFF
35811,2026-06-04 00:55:03,22.6875,12.00,0.000,16.716,OFF,#3,HOLDING,0.000A/OFF
35812,2026-06-04 00:55:04,22.6875,12.00,0.000,0.000,OFF,#3,HOLDING,0.000A/OFF
35813,2026-06-04 00:55:05,22.9375,12.00,0.000,0.000,OFF,#3,HOLDING,0.000A/OFF
35814,2026-06-04 00:55:06,22.9375,12.00,0.000,0.000,OFF,#3,HOLDING,0.000A/OFF
35815,2026-06-04 00:55:07,23.1875,12.00,0.000,0.000,A,#3,HOLDING,0.105A/A
35816,2026-06-04 00:55:08,23.4125,12.00,0.000,0.000,A,#3,HOLDING,0.179A/A
35817,2026-06-04 00:55:10,23.5875,12.00,0.000,0.157,A,#3,HOLDING,0.253A/A
35818,2026-06-04 00:55:12,23.8125,12.00,0.000,0.157,A,#3,HOLDING,0.295A/A
35819,2026-06-04 00:55:13,23.8125,12.00,0.000,0.157,A,#3,HOLDING,0.316A/A
35820,2026-06-04 00:55:15,23.9875,2.22,0.000,0.157,A,#3,HOLDING,0.388A/A
35821,2026-06-04 00:55:17,24.1375,2.22,0.354,1.148,A,#3,HOLDING,0.453A/A
35822,2026-06-04 00:55:19,24.4500,2.22,0.354,1.148,A,#3,HOLDING,0.597A/A
35823,2026-06-04 00:55:21,24.4500,2.22,0.354,1.148,A,#3,HOLDING,0.648A/A
35824,2026-06-04 00:55:23,24.5500,5.17,0.354,1.148,A,#3,HOLDING,0.731A/A
35825,2026-06-04 00:55:25,24.6500,5.17,0.705,4.407,A,#3,HOLDING,0.807A/A
35826,2026-06-04 00:55:27,24.8375,5.17,0.705,4.407,A,#3,HOLDING,0.954A/A
35827,2026-06-04 00:55:29,24.8375,5.17,0.705,4.407,A,#3,HOLDING,1.024A/A
35828,2026-06-04 00:55:30,24.8875,8.17,0.705,4.407,A,#3,HOLDING,1.117A/A
35829,2026-06-04 00:55:32,24.9375,8.17,1.092,10.097,A,#3,HOLDING,1.206A/A
35830,2026-06-04 00:55:35,25.0000,8.17,1.092,10.097,A,#3,HOLDING,1.343A/A
35831,2026-06-04 00:55:36,25.0000,8.17,1.092,10.097,A,#3,HOLDING,1.000A/A
35832,2026-06-04 00:55:38,25.0250,8.23,1.092,10.097,A,#3,HOLDING,1.423A/A
35833,2026-06-04 00:55:40,25.0000,8.23,1.377,16.193,A,#3,HOLDING,1.513A/A
35834,2026-06-04 00:55:42,24.9500,8.23,1.377,16.193,A,#3,HOLDING,1.633A/A
35835,2026-06-04 00:55:44,24.9500,8.23,1.377,16.193,A,#3,HOLDING,1.715A/A
35836,2026-06-04 00:55:46,24.9250,12.00,1.377,16.193,A,#3,HOLDING,1.812A/A
35837,2026-06-04 00:55:48,24.8500,12.00,1.496,17.760,A,#3,HOLDING,1.898A/A
35838,2026-06-04 00:55:50,24.7000,12.00,1.496,17.760,A,#3,HOLDING,1.000A/A
35839,2026-06-04 00:55:52,24.7000,12.00,1.496,17.760,A,#3,HOLDING,1.500A/A
35840,2026-06-04 00:55:53,24.5750,12.00,1.496,17.760,A,#3,HOLDING,1.000A/A
35841,2026-06-04 00:55:55,24.4250,12.00,1.024,8.850,A,#3,HOLDING,1.973A/A
35842,2026-06-04 00:55:58,24.1750,12.00,1.024,8.850,A,#3,HOLDING,2.000A/A
35843,2026-06-04 00:55:59,24.1750,12.00,1.024,8.850,A,#3,HOLDING,2.000A/A
35844,2026-06-04 00:56:01,24.0500,12.00,1.024,8.850,A,#3,HOLDING,1.000A/A
35845,2026-06-04 00:56:03,23.9250,12.00,1.059,8.910,A,#3,HOLDING,2.000A/A
35846,2026-06-04 00:56:05,23.6375,12.00,1.059,8.910,A,#3,HOLDING,1.500A/A
35847,2026-06-04 00:56:07,23.6375,12.00,1.059,8.910,A,#3,HOLDING,1.500A/A
35848,2026-06-04 00:56:09,23.5125,12.00,1.059,8.910,A,#3,HOLDING,1.500A/A
35849,2026-06-04 00:56:11,23.3375,12.00,1.440,17.136,A,#3,HOLDING,2.000A/A
35850,2026-06-04 00:56:13,23.0250,12.00,1.440,17.136,A,#3,HOLDING,1.000A/A
35851,2026-06-04 00:56:15,23.0250,12.00,1.440,17.136,A,#3,HOLDING,1.000A/A
35852,2026-06-04 00:56:16,22.8875,8.98,1.440,17.136,A,#3,HOLDING,1.000A/A
35853,2026-06-04 00:56:18,22.7375,8.98,1.000,9.150,A,#3,HOLDING,1.000A/A
35854,2026-06-04 00:56:21,22.4250,8.98,1.000,9.150,A,#3,HOLDING,1.936A/A
35855,2026-06-04 00:56:22,22.4250,8.98,1.000,9.150,A,#3,HOLDING,1.500A/A
35856,2026-06-04 00:56:24,22.3000,12.00,1.000,9.150,A,#3,HOLDING,1.955A/A
35857,2026-06-04 00:56:26,22.1250,12.00,1.427,16.980,A,#3,HOLDING,1.954A/A
35858,2026-06-04 00:56:28,21.9875,12.00,1.427,16.980,A,#3,HOLDING,1.929A/A
35859,2026-06-04 00:56:30,21.8375,12.00,1.427,16.980,A,#3,HOLDING,1.909A/A
35860,2026-06-04 00:56:32,21.7000,12.00,1.427,16.980,A,#3,HOLDING,1.890A/A
35861,2026-06-04 00:56:34,21.5500,12.00,1.415,16.836,A,#3,HOLDING,1.858A/A
35862,2026-06-04 00:56:36,21.4250,12.00,1.415,16.836,A,#3,HOLDING,1.000A/A
35863,2026-06-04 00:56:38,21.2750,12.00,1.415,16.836,A,#3,HOLDING,1.768A/A
35864,2026-06-04 00:56:40,21.1375,12.00,1.415,16.836,A,#3,HOLDING,1.500A/A
35865,2026-06-04 00:56:41,20.9875,12.00,1.411,16.764,A,#3,HOLDING,1.705A/A
35866,2026-06-04 00:56:44,20.8500,12.00,1.411,16.764,A,#3,HOLDING,1.500A/A
35867,2026-06-04 00:56:45,20.7250,12.00,1.411,16.764,A,#3,HOLDING,1.500A/A
35868,2026-06-04 00:56:47,20.5750,12.00,1.411,16.764,A,#3,HOLDING,1.620A/A
35869,2026-06-04 00:56:49,20.4250,12.00,1.403,16.692,A,#3,HOLDING,1.000A/A
35870,2026-06-04 00:56:51,20.3000,12.00,1.403,16.692,A,#3,HOLDING,1.000A/A
35871,2026-06-04 00:56:53,20.1750,12.00,1.403,16.692,A,#3,HOLDING,1.531A/A
35872,2026-06-04 00:56:55,20.0250,12.00,1.403,16.692,A,#3,HOLDING,1.000A/A
35873,2026-06-04 00:56:57,19.9000,12.00,1.203,9.270,A,#3,HOLDING,1.428A/A
35874,2026-06-04 00:56:59,19.7625,12.00,1.203,9.270,A,#3,HOLDING,1.304A/A
35875,2026-06-04 00:57:01,19.6125,12.00,1.203,9.270,A,#3,HOLDING,1.207A/A
35876,2026-06-04 00:57:03,19.5125,10.62,1.203,9.270,A,#3,HOLDING,1.100A/A
35877,2026-06-04 00:57:04,19.4125,10.62,1.151,11.022,A,#3,HOLDING,0.988A/A
35878,2026-06-04 00:57:07,19.3000,10.62,1.151,11.022,A,#3,HOLDING,0.850A/A
35879,2026-06-04 00:57:08,19.2000,10.62,1.151,11.022,A,#3,HOLDING,0.768A/A
35880,2026-06-04 00:57:10,19.0875,7.57,1.151,11.022,A,#3,HOLDING,0.641A/A
35881,2026-06-04 00:57:12,18.9625,7.57,0.641,4.281,A,#3,HOLDING,0.511A/A
35882,2026-06-04 00:57:14,18.9000,7.57,0.641,4.281,A,#3,HOLDING,0.349A/A
35883,2026-06-04 00:57:16,18.8000,7.57,0.641,4.281,A,#3,HOLDING,0.232A/A
35884,2026-06-04 00:57:18,18.7125,7.57,0.641,4.281,OFF,#3,HOLDING,0.000A/OFF
35885,2026-06-04 00:57:19,18.6375,3.24,0.641,4.281,OFF,#3,HOLDING,0.000A/OFF
35886,2026-06-04 00:57:20,18.6375,3.24,0.232,4.281,OFF,#3,HOLDING,0.000A/OFF
35887,2026-06-04 00:57:21,18.5625,3.24,0.232,0.000,B,#3,HOLDING,0.136A/B
35888,2026-06-04 00:57:23,18.5125,3.24,0.232,0.000,B,#3,HOLDING,0.262A/B
35889,2026-06-04 00:57:24,18.5125,3.24,0.232,0.000,B,#3,HOLDING,0.380A/B
35890,2026-06-04 00:57:26,18.4375,2.54,0.232,0.000,B,#3,HOLDING,0.504A/B
35891,2026-06-04 00:57:28,18.4375,2.54,0.504,1.910,B,#3,HOLDING,0.645A/B
35892,2026-06-04 00:57:30,18.4375,2.54,0.504,1.910,B,#3,HOLDING,0.829A/B
35893,2026-06-04 00:57:32,18.4375,2.54,0.504,1.910,B,#3,HOLDING,0.948A/B
35894,2026-06-04 00:57:33,18.4375,7.21,0.504,1.910,B,#3,HOLDING,1.092A/B
35895,2026-06-04 00:57:35,18.4875,7.21,1.092,9.194,B,#3,HOLDING,1.000A/B
35896,2026-06-04 00:57:38,18.5125,7.21,1.092,9.194,B,#3,HOLDING,1.228A/B
35897,2026-06-04 00:57:39,18.5875,7.21,1.092,9.194,B,#3,HOLDING,1.000A/B
35898,2026-06-04 00:57:41,18.7000,7.97,1.092,9.194,B,#3,HOLDING,1.331A/B
35899,2026-06-04 00:57:43,18.8250,7.97,1.331,13.842,B,#3,HOLDING,1.000A/B
35900,2026-06-04 00:57:45,18.9250,7.97,1.331,13.842,B,#3,HOLDING,1.445A/B
35901,2026-06-04 00:57:47,19.0750,7.97,1.331,13.842,B,#3,HOLDING,1.500A/B
35902,2026-06-04 00:57:49,19.2375,11.58,1.331,13.842,B,#3,HOLDING,1.500A/B
35903,2026-06-04 00:57:51,19.4125,11.58,1.500,17.865,B,#3,HOLDING,1.479A/B
35904,2026-06-04 00:57:53,19.5625,11.58,1.500,17.865,B,#3,HOLDING,1.608A/B
35905,2026-06-04 00:57:55,19.7625,11.58,1.500,17.865,B,#3,HOLDING,1.673A/B
35906,2026-06-04 00:57:57,19.9625,12.00,1.500,17.865,B,#3,HOLDING,1.748A/B
35907,2026-06-04 00:57:58,20.1875,12.00,1.480,17.496,B,#3,HOLDING,1.804A/B
35908,2026-06-04 00:58:01,20.4125,12.00,1.480,17.496,B,#3,HOLDING,1.000A/B
35909,2026-06-04 00:58:02,20.6625,12.00,1.480,17.496,B,#3,HOLDING,1.868A/B
35910,2026-06-04 00:58:04,20.9000,12.00,1.480,17.496,B,#3,HOLDING,1.500A/B
35911,2026-06-04 00:58:06,21.1750,12.00,1.435,17.004,B,#3,HOLDING,1.887A/B
35912,2026-06-04 00:58:08,21.4125,12.00,1.435,17.004,B,#3,HOLDING,1.884A/B
35913,2026-06-04 00:58:10,21.7125,12.00,1.435,17.004,B,#3,HOLDING,1.894A/B
35914,2026-06-04 00:58:12,21.9375,12.00,1.435,17.004,B,#3,HOLDING,1.914A/B
35915,2026-06-04 00:58:14,22.2125,12.00,1.403,16.620,B,#3,HOLDING,1.911A/B
35916,2026-06-04 00:58:16,22.4625,12.00,1.403,16.620,B,#3,HOLDING,1.916A/B
35917,2026-06-04 00:58:18,22.7375,12.00,1.403,16.620,B,#3,HOLDING,1.892A/B
35918,2026-06-04 00:58:20,23.0000,12.00,1.403,16.620,B,#3,HOLDING,1.500A/B
35919,2026-06-04 00:58:21,23.2500,12.00,1.377,16.332,B,#3,HOLDING,1.859A/B
35920,2026-06-04 00:58:24,23.5250,12.00,1.377,16.332,B,#3,HOLDING,1.747A/B
35921,2026-06-04 00:58:25,23.7500,12.00,1.377,16.332,B,#3,HOLDING,1.688A/B
35922,2026-06-04 00:58:27,24.0250,12.00,1.377,16.332,B,#3,HOLDING,1.500A/B
35923,2026-06-04 00:58:29,24.3000,12.00,1.356,16.092,B,#3,HOLDING,1.584A/B
35924,2026-06-04 00:58:31,24.5250,12.00,1.356,16.092,B,#3,HOLDING,1.475A/B
35925,2026-06-04 00:58:33,24.8000,12.00,1.356,16.092,B,#3,HOLDING,1.000A/B
35926,2026-06-04 00:58:35,25.0625,9.52,1.356,16.092,B,#3,HOLDING,1.361A/B
35927,2026-06-04 00:58:37,25.3125,9.52,1.342,15.960,B,#3,HOLDING,1.292A/B
35928,2026-06-04 00:58:39,25.5875,9.52,1.342,15.960,B,#3,HOLDING,1.125A/B
35929,2026-06-04 00:58:41,25.8375,9.52,1.342,15.960,B,#3,HOLDING,0.996A/B
35930,2026-06-04 00:58:43,26.0625,9.57,1.342,15.960,B,#3,HOLDING,0.847A/B
35931,2026-06-04 00:58:44,26.3375,9.57,0.920,7.258,B,#3,HOLDING,0.680A/B
35932,2026-06-04 00:58:47,26.5625,9.57,0.920,7.258,B,#3,HOLDING,0.473A/B
35933,2026-06-04 00:58:48,26.8125,9.57,0.920,7.258,B,#3,HOLDING,0.312A/B
35934,2026-06-04 00:58:50,27.0250,4.34,0.920,7.258,B,#3,HOLDING,0.127A/B
35935,2026-06-04 00:58:52,27.2500,4.34,0.127,7.258,OFF,#3,HOLDING,0.000A/OFF
35936,2026-06-04 00:58:53,27.4625,4.34,0.127,0.360,OFF,#3,HOLDING,0.188A/A
35937,2026-06-04 00:58:55,27.4625,4.34,0.127,0.360,A,#3,HOLDING,0.338A/A
35938,2026-06-04 00:58:56,27.6625,4.34,0.127,0.360,A,#3,HOLDING,0.518A/A
35939,2026-06-04 00:58:58,27.8625,3.42,0.127,0.360,A,#3,HOLDING,0.729A/A
35940,2026-06-04 00:59:00,28.0125,3.42,0.729,3.965,A,#3,HOLDING,0.953A/A
35941,2026-06-04 00:59:02,28.1625,3.42,0.729,3.965,A,#3,HOLDING,1.000A/A
35942,2026-06-04 00:59:04,28.3125,3.42,0.729,3.965,A,#3,HOLDING,1.242A/A
35943,2026-06-04 00:59:06,28.4250,9.24,0.729,3.965,A,#3,HOLDING,1.475A/A
35944,2026-06-04 00:59:08,28.5500,9.24,1.475,16.402,A,#3,HOLDING,1.000A/A
35945,2026-06-04 00:59:10,28.5750,9.24,1.475,16.402,A,#3,HOLDING,1.000A/A
35946,2026-06-04 00:59:12,28.6750,9.24,1.475,16.402,A,#3,HOLDING,1.500A/A
35947,2026-06-04 00:59:14,28.6875,11.36,1.475,16.402,A,#3,HOLDING,1.709A/A
35948,2026-06-04 00:59:15,28.7125,11.36,1.531,18.564,A,#3,HOLDING,1.500A/A
35949,2026-06-04 00:59:18,28.6875,11.36,1.531,18.564,A,#3,HOLDING,1.000A/A
35950,2026-06-04 00:59:19,28.6875,11.36,1.531,18.564,A,#3,HOLDING,1.939A/A
35951,2026-06-04 00:59:21,28.6750,12.00,1.531,18.564,A,#3,HOLDING,2.171A/A
35952,2026-06-04 00:59:23,28.5750,12.00,1.521,18.024,A,#3,HOLDING,2.000A/A
35953,2026-06-04 00:59:25,28.5500,12.00,1.521,18.024,A,#3,HOLDING,1.000A/A
35954,2026-06-04 00:59:27,28.4750,12.00,1.521,18.024,A,#3,HOLDING,1.500A/A
35955,2026-06-04 00:59:29,28.3875,12.00,1.521,18.024,A,#3,HOLDING,1.500A/A
35956,2026-06-04 00:59:31,28.2375,12.00,1.482,17.580,A,#3,HOLDING,1.500A/A
35957,2026-06-04 00:59:33,28.1375,12.00,1.482,17.580,A,#3,HOLDING,1.500A/A
35958,2026-06-04 00:59:35,27.9625,12.00,1.482,17.580,A,#3,HOLDING,2.352A/A
35959,2026-06-04 00:59:37,27.8250,12.00,1.482,17.580,A,#3,HOLDING,2.552A/A
35960,2026-06-04 00:59:38,27.6250,12.00,1.455,17.280,A,#3,HOLDING,2.735A/A
35961,2026-06-04 00:59:41,27.4500,12.00,1.455,17.280,A,#3,HOLDING,2.500A/A
35962,2026-06-04 00:59:42,27.2500,12.00,1.455,17.280,A,#3,HOLDING,1.000A/A
35963,2026-06-04 00:59:44,27.0750,8.93,1.455,17.280,A,#3,HOLDING,2.500A/A
35964,2026-06-04 00:59:46,26.8750,8.93,1.288,17.124,A,#3,HOLDING,1.000A/A
35965,2026-06-04 00:59:49,26.7000,8.93,1.288,17.124,A,#3,HOLDING,2.934A/A
35966,2026-06-04 00:59:50,26.4750,8.93,1.288,17.124,A,#3,HOLDING,1.500A/A
35967,2026-06-04 00:59:52,26.2875,12.00,1.288,17.124,A,#3,HOLDING,3.000A/A
35968,2026-06-04 00:59:54,26.0625,12.00,1.427,16.980,A,#3,HOLDING,1.500A/A
35969,2026-06-04 00:59:56,25.8875,12.00,1.427,16.980,A,#3,HOLDING,1.500A/A
35970,2026-06-04 00:59:58,25.6875,12.00,1.427,16.980,A,#3,HOLDING,3.000A/A
35971,2026-06-04 01:00:00,25.5000,12.00,1.427,16.980,A,#3,HOLDING,2.000A/A
35972,2026-06-04 01:00:01,25.2750,12.00,1.415,16.860,A,#3,HOLDING,1.000A/A
35973,2026-06-04 01:00:04,25.0750,12.00,1.415,16.860,A,#3,HOLDING,2.944A/A
35974,2026-06-04 01:00:05,24.8750,12.00,1.415,16.860,A,#3,HOLDING,2.000A/A
35975,2026-06-04 01:00:07,24.6750,12.00,1.415,16.860,A,#3,HOLDING,2.000A/A
35976,2026-06-04 01:00:09,24.5000,12.00,1.410,16.800,A,#3,HOLDING,1.000A/A
35977,2026-06-04 01:00:12,24.2875,12.00,1.410,16.800,A,#3,HOLDING,1.500A/A
35978,2026-06-04 01:00:13,24.1125,12.00,1.410,16.800,A,#3,HOLDING,2.000A/A
35979,2026-06-04 01:00:15,23.8875,12.00,1.410,16.800,A,#3,HOLDING,2.970A/A
35980,2026-06-04 01:00:17,23.6875,12.00,1.407,16.764,A,#3,HOLDING,2.000A/A
35981,2026-06-04 01:00:19,23.5125,12.00,1.407,16.764,A,#3,HOLDING,3.000A/A
35982,2026-06-04 01:00:21,23.3125,12.00,1.407,16.764,A,#3,HOLDING,2.500A/A
35983,2026-06-04 01:00:23,23.1375,12.00,1.407,16.764,A,#3,HOLDING,2.948A/A
35984,2026-06-04 01:00:25,22.9375,12.00,1.399,16.668,A,#3,HOLDING,2.500A/A
35985,2026-06-04 01:00:27,22.8000,12.00,1.399,16.668,A,#3,HOLDING,2.955A/A
35986,2026-06-04 01:00:29,22.6250,12.00,1.399,16.668,A,#4,APPROACH,1.000A/A
35987,2026-06-04 01:00:30,22.4500,12.00,1.399,16.668,OFF,#4,HOLDING,0.000A/OFF
35988,2026-06-04 01:00:31,22.2500,5.11,1.399,16.668,OFF,#4,HOLDING,0.000A/OFF
35989,2026-06-04 01:00:32,22.2500,5.11,0.000,16.668,OFF,#4,HOLDING,0.000A/OFF
35990,2026-06-04 01:00:33,22.0750,5.11,0.000,16.668,OFF,#4,HOLDING,0.000A/OFF
35991,2026-06-04 01:00:34,22.0750,5.11,0.000,0.000,OFF,#4,HOLDING,0.000A/OFF
35992,2026-06-04 01:00:35,21.9000,5.11,0.000,0.000,B,#4,HOLDING,0.170A/B
35993,2026-06-04 01:00:37,21.7875,5.11,0.000,0.000,B,#4,HOLDING,0.184A/B
35994,2026-06-04 01:00:39,21.6625,0.94,0.000,0.000,B,#4,HOLDING,0.238A/B
35995,2026-06-04 01:00:41,21.6625,0.94,0.238,0.373,B,#4,HOLDING,0.241A/B
35996,2026-06-04 01:00:43,21.4750,0.94,0.238,0.373,B,#4,HOLDING,0.307A/B
35997,2026-06-04 01:00:45,21.4250,0.94,0.238,0.373,B,#4,HOLDING,0.340A/B
35998,2026-06-04 01:00:46,21.3500,2.47,0.238,0.373,B,#4,HOLDING,0.399A/B
35999,2026-06-04 01:00:48,21.3500,2.47,0.399,1.248,B,#4,HOLDING,0.432A/B
36000,2026-06-04 01:00:51,21.2625,2.47,0.399,1.248,B,#4,HOLDING,0.502A/B
36001,2026-06-04 01:00:52,21.2500,2.47,0.399,1.248,B,#4,HOLDING,0.540A/B
36002,2026-06-04 01:00:54,21.2500,4.33,0.399,1.248,B,#4,HOLDING,0.591A/B
36003,2026-06-04 01:00:56,21.2500,4.33,0.591,2.901,B,#4,HOLDING,0.634A/B
36004,2026-06-04 01:00:58,21.3125,4.33,0.591,2.901,B,#4,HOLDING,0.687A/B
36005,2026-06-04 01:01:00,21.3500,4.33,0.591,2.901,B,#4,HOLDING,0.722A/B
36006,2026-06-04 01:01:02,21.4000,5.94,0.591,2.901,B,#4,HOLDING,0.760A/B
36007,2026-06-04 01:01:04,21.4000,5.94,0.760,4.841,B,#4,HOLDING,0.810A/B
36008,2026-06-04 01:01:06,21.5250,5.94,0.760,4.841,B,#4,HOLDING,0.850A/B
36009,2026-06-04 01:01:08,21.5250,5.94,0.760,4.841,B,#4,HOLDING,0.890A/B
36010,2026-06-04 01:01:09,21.6750,7.39,0.760,4.841,B,#4,HOLDING,0.903A/B
36011,2026-06-04 01:01:11,21.6750,7.39,0.903,6.898,B,#4,HOLDING,0.948A/B
36012,2026-06-04 01:01:14,21.8625,7.39,0.903,6.898,B,#4,HOLDING,0.960A/B
36013,2026-06-04 01:01:15,21.8625,7.39,0.903,6.898,B,#4,HOLDING,1.000A/B
36014,2026-06-04 01:01:17,21.9875,8.40,0.903,6.898,B,#4,HOLDING,0.982A/B
36015,2026-06-04 01:01:19,22.1375,8.40,0.982,8.297,B,#4,HOLDING,0.949A/B
36016,2026-06-04 01:01:21,22.3625,8.40,0.982,8.297,B,#4,HOLDING,0.945A/B
36017,2026-06-04 01:01:23,22.3625,8.40,0.982,8.297,B,#4,HOLDING,0.966A/B
36018,2026-06-04 01:01:25,22.4875,8.38,0.982,8.297,B,#4,HOLDING,0.973A/B
36019,2026-06-04 01:01:27,22.6875,8.38,0.973,8.297,OFF,#4,HOLDING,0.000A/OFF
36020,2026-06-04 01:01:28,22.8000,8.38,0.973,8.328,OFF,#4,HOLDING,0.000A/OFF
36021,2026-06-04 01:01:29,22.8000,8.38,0.973,8.328,OFF,#4,HOLDING,0.000A/OFF
36022,2026-06-04 01:01:30,22.9500,8.38,0.973,8.328,OFF,#4,HOLDING,0.000A/OFF
36023,2026-06-04 01:01:31,22.9500,8.38,0.973,8.328,OFF,#4,HOLDING,0.000A/OFF
36024,2026-06-04 01:01:32,23.1125,8.38,0.973,8.328,OFF,#4,HOLDING,0.000A/OFF
36025,2026-06-04 01:01:33,23.2625,12.00,0.973,8.328,OFF,#4,HOLDING,0.000A/OFF
36026,2026-06-04 01:01:34,23.2625,12.00,0.000,0.000,A,#4,HOLDING,0.102A/A
36027,2026-06-04 01:01:36,23.4500,12.00,0.000,0.000,A,#4,HOLDING,0.123A/A
36028,2026-06-04 01:01:37,23.5750,12.00,0.000,0.000,A,#4,HOLDING,0.141A/A
36029,2026-06-04 01:01:39,23.6750,0.81,0.000,0.000,A,#4,HOLDING,0.190A/A
36030,2026-06-04 01:01:41,23.8250,0.81,0.163,0.256,A,#4,HOLDING,0.231A/A
36031,2026-06-04 01:01:43,23.9500,0.81,0.163,0.256,A,#4,HOLDING,0.290A/A
36032,2026-06-04 01:01:45,24.0750,0.81,0.163,0.256,A,#4,HOLDING,0.395A/A
36033,2026-06-04 01:01:47,24.1625,3.18,0.163,0.256,A,#4,HOLDING,0.451A/A
36034,2026-06-04 01:01:49,24.2625,3.18,0.451,1.704,A,#4,HOLDING,0.518A/A
36035,2026-06-04 01:01:51,24.3125,3.18,0.451,1.704,A,#4,HOLDING,0.590A/A
36036,2026-06-04 01:01:53,24.3625,3.18,0.451,1.704,A,#4,HOLDING,0.646A/A
36037,2026-06-04 01:01:54,24.4375,5.36,0.451,1.704,A,#4,HOLDING,0.714A/A
36038,2026-06-04 01:01:56,24.4375,5.36,0.714,4.348,A,#4,HOLDING,0.778A/A
36039,2026-06-04 01:01:59,24.4750,5.36,0.714,4.348,A,#4,HOLDING,0.865A/A
36040,2026-06-04 01:02:00,24.5000,5.36,0.714,4.348,A,#4,HOLDING,0.921A/A
36041,2026-06-04 01:02:02,24.5000,7.57,0.714,4.348,A,#4,HOLDING,0.991A/A
36042,2026-06-04 01:02:04,24.4750,7.57,0.991,8.255,A,#4,HOLDING,1.000A/A
36043,2026-06-04 01:02:06,24.4375,7.57,0.991,8.255,A,#4,HOLDING,1.045A/A
36044,2026-06-04 01:02:08,24.4125,7.57,0.991,8.255,A,#4,HOLDING,1.099A/A
36045,2026-06-04 01:02:10,24.3625,9.05,0.991,8.255,A,#4,HOLDING,1.158A/A
36046,2026-06-04 01:02:12,24.3125,9.05,1.158,11.221,A,#4,HOLDING,1.215A/A
36047,2026-06-04 01:02:14,24.2500,9.05,1.158,11.221,A,#4,HOLDING,1.288A/A
36048,2026-06-04 01:02:16,24.1750,9.05,1.158,11.221,A,#4,HOLDING,1.330A/A
36049,2026-06-04 01:02:17,24.0875,10.82,1.158,11.221,A,#4,HOLDING,1.377A/A
36050,2026-06-04 01:02:19,23.9875,10.82,1.377,15.656,A,#4,HOLDING,1.369A/A
36051,2026-06-04 01:02:22,23.8625,10.82,1.377,15.656,A,#4,HOLDING,1.426A/A
36052,2026-06-04 01:02:23,23.7375,10.82,1.377,15.656,A,#4,HOLDING,1.456A/A
36053,2026-06-04 01:02:25,23.6375,11.85,1.377,15.656,A,#4,HOLDING,1.494A/A
36054,2026-06-04 01:02:27,23.4875,11.85,1.453,17.304,A,#4,HOLDING,1.521A/A
36055,2026-06-04 01:02:29,23.3625,11.85,1.453,17.304,A,#4,HOLDING,1.560A/A
36056,2026-06-04 01:02:31,23.2375,11.85,1.453,17.304,A,#4,HOLDING,1.576A/A
36057,2026-06-04 01:02:33,23.0875,12.00,1.453,17.304,A,#4,HOLDING,1.000A/A
36058,2026-06-04 01:02:35,22.9375,12.00,1.219,9.000,A,#4,HOLDING,1.589A/A
36059,2026-06-04 01:02:37,22.8250,12.00,1.219,9.000,OFF,#4,HOLDING,0.000A/OFF
36060,2026-06-04 01:02:38,22.6250,12.00,1.219,9.000,OFF,#4,HOLDING,0.000A/OFF
36061,2026-06-04 01:02:39,22.6250,12.00,1.219,9.000,OFF,#4,HOLDING,0.000A/OFF
36062,2026-06-04 01:02:40,22.5125,12.00,1.219,9.000,OFF,#4,HOLDING,0.000A/OFF
36063,2026-06-04 01:02:41,22.5125,12.00,0.000,9.000,OFF,#4,HOLDING,0.000A/OFF
36064,2026-06-04 01:02:42,22.3375,12.00,0.000,9.000,OFF,#4,HOLDING,0.000A/OFF
36065,2026-06-04 01:02:43,22.3375,12.00,0.000,0.000,OFF,#4,HOLDING,0.000A/OFF
36066,2026-06-04 01:02:44,22.2000,12.00,0.000,0.000,OFF,#4,HOLDING,0.000A/OFF
36067,2026-06-04 01:02:45,22.2000,12.00,0.000,0.000,OFF,#4,HOLDING,0.000A/OFF
36068,2026-06-04 01:02:46,22.0500,12.00,0.000,0.000,OFF,#4,HOLDING,0.000A/OFF
36069,2026-06-04 01:02:47,22.0500,12.00,0.000,0.000,OFF,#4,HOLDING,0.000A/OFF
36070,2026-06-04 01:02:48,21.9625,12.00,0.000,0.000,B,#4,HOLDING,0.165A/B
36071,2026-06-04 01:02:50,21.8625,12.00,0.000,0.000,B,#4,HOLDING,0.186A/B
36072,2026-06-04 01:02:52,21.8000,12.00,0.000,0.000,B,#4,HOLDING,0.223A/B
36073,2026-06-04 01:02:54,21.7250,1.41,0.000,0.000,B,#4,HOLDING,0.252A/B
36074,2026-06-04 01:02:56,21.6500,1.41,0.235,0.443,B,#4,HOLDING,0.291A/B
36075,2026-06-04 01:02:58,21.6250,1.41,0.235,0.443,B,#4,HOLDING,0.335A/B
36076,2026-06-04 01:03:00,21.5625,1.41,0.235,0.443,B,#4,HOLDING,0.372A/B
36077,2026-06-04 01:03:02,21.5625,2.89,0.235,0.443,B,#4,HOLDING,0.404A/B
36078,2026-06-04 01:03:03,21.5250,2.89,0.386,1.321,B,#4,HOLDING,0.448A/B
36079,2026-06-04 01:03:06,21.5500,2.89,0.386,1.321,B,#4,HOLDING,0.489A/B
36080,2026-06-04 01:03:07,21.5625,2.89,0.386,1.321,B,#4,HOLDING,0.521A/B
36081,2026-06-04 01:03:09,21.5625,4.27,0.386,1.321,B,#4,HOLDING,0.557A/B
36082,2026-06-04 01:03:11,21.5875,4.27,0.537,2.601,B,#4,HOLDING,0.593A/B
36083,2026-06-04 01:03:14,21.6125,4.27,0.537,2.601,B,#4,HOLDING,0.640A/B
36084,2026-06-04 01:03:15,21.6625,4.27,0.537,2.601,B,#4,HOLDING,0.662A/B
36085,2026-06-04 01:03:17,21.7125,5.56,0.537,2.601,B,#4,HOLDING,0.691A/B
36086,2026-06-04 01:03:19,21.7625,5.56,0.674,4.076,B,#4,HOLDING,0.718A/B
36087,2026-06-04 01:03:21,21.8375,5.56,0.674,4.076,B,#4,HOLDING,0.751A/B
36088,2026-06-04 01:03:23,21.9125,5.56,0.674,4.076,B,#4,HOLDING,0.767A/B
36089,2026-06-04 01:03:25,22.0125,6.53,0.674,4.076,B,#5,APPROACH,0.731A/B
36090,2026-06-04 01:03:27,22.0750,6.53,0.747,0.000,B,#5,APPROACH,0.203A/B
36091,2026-06-04 01:03:29,22.1500,6.53,0.747,0.000,B,#5,APPROACH,0.237A/B
36092,2026-06-04 01:03:31,22.2625,6.53,0.747,0.000,B,#5,APPROACH,0.276A/B
36093,2026-06-04 01:03:33,22.3375,6.53,0.747,0.000,B,#5,APPROACH,0.312A/B
36094,2026-06-04 01:03:35,22.4500,3.11,0.747,0.000,B,#5,APPROACH,0.352A/B
36095,2026-06-04 01:03:36,22.5500,3.11,0.352,1.217,B,#5,APPROACH,0.414A/B
36096,2026-06-04 01:03:39,22.6375,3.11,0.352,1.217,B,#5,APPROACH,0.515A/B
36097,2026-06-04 01:03:40,22.7375,3.11,0.352,1.217,B,#5,APPROACH,0.587A/B
36098,2026-06-04 01:03:42,22.8250,5.35,0.352,1.217,B,#5,APPROACH,0.682A/B
36099,2026-06-04 01:03:44,22.9000,5.35,0.682,4.242,B,#5,APPROACH,0.767A/B
36100,2026-06-04 01:03:46,23.0125,5.35,0.682,4.242,B,#5,APPROACH,0.903A/B
36101,2026-06-04 01:03:48,23.1125,5.35,0.682,4.242,B,#5,APPROACH,0.985A/B
36102,2026-06-04 01:03:50,23.2250,8.33,0.682,4.242,B,#5,APPROACH,1.074A/B
36103,2026-06-04 01:03:52,23.3250,8.33,1.074,9.827,B,#5,APPROACH,1.163A/B
36104,2026-06-04 01:03:54,23.4250,8.33,1.074,9.827,B,#5,APPROACH,1.280A/B
36105,2026-06-04 01:03:56,23.5500,8.33,1.074,9.827,B,#5,APPROACH,1.347A/B
36106,2026-06-04 01:03:58,23.6750,10.98,1.074,9.827,B,#5,APPROACH,1.422A/B
36107,2026-06-04 01:03:59,23.8000,10.98,1.422,16.779,B,#5,APPROACH,1.488A/B
36108,2026-06-04 01:04:02,23.9250,10.98,1.422,16.779,B,#5,APPROACH,1.580A/B
36109,2026-06-04 01:04:03,24.0750,10.98,1.422,16.779,B,#5,APPROACH,1.000A/B
36110,2026-06-04 01:04:05,24.2375,8.89,1.422,16.779,B,#5,APPROACH,1.000A/B
36111,2026-06-04 01:04:07,24.3875,8.89,1.000,9.070,B,#5,APPROACH,1.603A/B
36112,2026-06-04 01:04:09,24.5500,8.89,1.000,9.070,B,#5,APPROACH,1.663A/B
36113,2026-06-04 01:04:11,24.7000,8.89,1.000,9.070,B,#5,APPROACH,1.694A/B
36114,2026-06-04 01:04:13,24.8625,12.00,1.000,9.070,B,#5,APPROACH,1.724A/B
36115,2026-06-04 01:04:15,25.0125,12.00,1.411,16.740,B,#5,HOLDING,1.000A/B
36116,2026-06-04 01:04:17,25.1750,12.00,1.411,16.740,OFF,#5,HOLDING,0.000A/OFF
36117,2026-06-04 01:04:18,25.3250,12.00,1.411,16.740,OFF,#5,HOLDING,0.000A/OFF
36118,2026-06-04 01:04:19,25.3250,12.00,1.411,16.740,OFF,#5,HOLDING,0.000A/OFF
36119,2026-06-04 01:04:20,25.5125,12.00,1.411,16.740,OFF,#5,HOLDING,0.000A/OFF
36120,2026-06-04 01:04:21,25.5125,12.00,0.000,16.740,OFF,#5,HOLDING,0.000A/OFF
36121,2026-06-04 01:04:22,25.6875,12.00,0.000,16.740,OFF,#5,HOLDING,0.000A/OFF
36122,2026-06-04 01:04:23,25.6875,12.00,0.000,0.000,OFF,#5,HOLDING,0.000A/OFF
36123,2026-06-04 01:04:24,25.8625,12.00,0.000,0.000,OFF,#5,HOLDING,0.000A/OFF
36124,2026-06-04 01:04:25,25.8625,12.00,0.000,0.000,OFF,#5,HOLDING,0.000A/OFF
36125,2026-06-04 01:04:26,26.0375,12.00,0.000,0.000,OFF,#5,HOLDING,0.000A/OFF
36126,2026-06-04 01:04:27,26.0375,12.00,0.000,0.000,OFF,#5,HOLDING,0.000A/OFF
36127,2026-06-04 01:04:28,26.1750,12.00,0.000,0.000,OFF,#5,HOLDING,0.000A/OFF
36128,2026-06-04 01:04:29,26.1750,12.00,0.000,0.000,OFF,#5,HOLDING,0.000A/OFF
36129,2026-06-04 01:04:30,26.2750,12.00,0.000,0.000,OFF,#5,HOLDING,0.000A/OFF
36130,2026-06-04 01:04:31,26.2750,12.00,0.000,0.000,OFF,#5,HOLDING,0.000A/OFF
36131,2026-06-04 01:04:32,26.4250,12.00,0.000,0.000,OFF,#5,HOLDING,0.000A/OFF
36132,2026-06-04 01:04:33,26.4250,12.00,0.000,0.000,OFF,#5,HOLDING,0.000A/OFF
36133,2026-06-04 01:04:34,26.5250,12.00,0.000,0.000,OFF,#5,HOLDING,0.000A/OFF
36134,2026-06-04 01:04:35,26.5250,12.00,0.000,0.000,OFF,#5,HOLDING,0.000A/OFF
36135,2026-06-04 01:04:36,26.6375,12.00,0.000,0.000,OFF,#5,HOLDING,0.000A/OFF
36136,2026-06-04 01:04:37,26.7125,12.00,0.000,0.000,OFF,#5,HOLDING,0.000A/OFF
36137,2026-06-04 01:04:38,26.7125,12.00,0.000,0.000,OFF,#5,HOLDING,0.000A/OFF
36138,2026-06-04 01:04:39,26.7875,12.00,0.000,0.000,OFF,#5,HOLDING,0.000A/OFF
36139,2026-06-04 01:04:40,26.7875,12.00,0.000,0.000,OFF,#5,HOLDING,0.000A/OFF
36140,2026-06-04 01:04:41,26.8375,12.00,0.000,0.000,A,#5,HOLDING,0.119A/A
36141,2026-06-04 01:04:44,26.9125,12.00,0.000,0.000,A,#5,HOLDING,0.211A/A
36142,2026-06-04 01:04:45,26.9875,12.00,0.000,0.000,A,#5,HOLDING,0.258A/A
36143,2026-06-04 01:04:47,27.0000,1.89,0.000,0.000,A,#5,HOLDING,0.292A/A
36144,2026-06-04 01:04:49,27.0000,1.89,0.292,0.683,A,#5,HOLDING,0.327A/A
36145,2026-06-04 01:04:51,27.0625,1.89,0.292,0.683,A,#5,HOLDING,0.381A/A
36146,2026-06-04 01:04:53,27.0625,1.89,0.292,0.683,A,#5,HOLDING,0.417A/A
36147,2026-06-04 01:04:55,27.0625,3.41,0.292,0.683,A,#5,HOLDING,0.460A/A
36148,2026-06-04 01:04:57,27.0625,3.41,0.460,1.807,A,#5,HOLDING,0.499A/A
36149,2026-06-04 01:04:59,27.0625,3.41,0.460,1.807,A,#5,HOLDING,0.554A/A
36150,2026-06-04 01:05:01,27.0125,3.41,0.460,1.807,A,#5,HOLDING,0.581A/A
36151,2026-06-04 01:05:03,27.0000,4.89,0.460,1.807,A,#5,HOLDING,0.621A/A
36152,2026-06-04 01:05:04,26.9500,4.89,0.621,3.359,A,#5,HOLDING,0.652A/A
36153,2026-06-04 01:05:07,26.9000,4.89,0.621,3.359,A,#5,HOLDING,0.699A/A
36154,2026-06-04 01:05:08,26.8250,4.89,0.621,3.359,A,#5,HOLDING,0.671A/A
36155,2026-06-04 01:05:10,26.7750,5.78,0.621,3.359,A,#5,HOLDING,0.704A/A
36156,2026-06-04 01:05:12,26.6750,5.78,0.704,4.378,A,#5,HOLDING,0.728A/A
36157,2026-06-04 01:05:15,26.6125,5.78,0.704,4.378,A,#5,HOLDING,0.765A/A
36158,2026-06-04 01:05:16,26.5125,5.78,0.704,4.378,A,#5,HOLDING,0.778A/A
36159,2026-06-04 01:05:18,26.4250,6.72,0.704,4.378,A,#5,HOLDING,0.799A/A
36160,2026-06-04 01:05:20,26.3000,6.72,0.799,5.632,A,#5,HOLDING,0.807A/A
36161,2026-06-04 01:05:22,26.2000,6.72,0.799,5.632,A,#5,HOLDING,0.825A/A
36162,2026-06-04 01:05:24,26.0750,6.72,0.799,5.632,A,#5,HOLDING,0.826A/A
36163,2026-06-04 01:05:26,25.9500,7.23,0.799,5.632,A,#5,HOLDING,0.828A/A
36164,2026-06-04 01:05:27,25.8250,7.23,0.828,6.127,A,#5,HOLDING,0.821A/A
36165,2026-06-04 01:05:30,25.7000,7.23,0.828,6.127,A,#5,HOLDING,0.815A/A
36166,2026-06-04 01:05:31,25.5500,7.23,0.828,6.127,A,#5,HOLDING,0.799A/A
36167,2026-06-04 01:05:33,25.4250,7.18,0.828,6.127,A,#5,HOLDING,0.781A/A
36168,2026-06-04 01:05:35,25.2750,7.18,0.781,5.623,A,#5,HOLDING,0.753A/A
36169,2026-06-04 01:05:38,25.1750,7.18,0.781,5.623,A,#5,HOLDING,0.727A/A
36170,2026-06-04 01:05:39,25.0250,7.18,0.781,5.623,OFF,--,DONE,0.694A/A
36171,2026-06-04 01:05:42,24.8875,7.18,0.781,5.623,OFF,--,DONE,--
36172,2026-06-04 01:05:43,24.7375,1.73,0.000,5.623,OFF,--,DONE,--
36173,2026-06-04 01:05:44,24.7375,1.73,0.000,5.623,OFF,--,DONE,--
36174,2026-06-04 01:05:45,24.5875,1.73,0.000,0.000,OFF,--,DONE,--
36175,2026-06-04 01:05:46,24.5875,0.21,0.000,0.000,OFF,--,DONE,--
36176,2026-06-04 01:05:47,24.4625,0.21,0.000,0.000,OFF,--,DONE,--
36177,2026-06-04 01:05:48,24.4625,0.21,0.000,0.000,OFF,--,DONE,--
36178,2026-06-04 01:05:49,24.3625,0.21,0.000,0.000,OFF,--,DONE,--
36179,2026-06-04 01:05:50,24.3625,0.00,0.000,0.000,OFF,--,DONE,--
36180,2026-06-04 01:05:51,24.2375,0.00,0.000,0.000,OFF,--,DONE,--
36181,2026-06-04 01:05:52,24.2375,0.00,0.000,0.000,OFF,--,DONE,--
36182,2026-06-04 01:05:53,24.1500,0.00,0.000,0.000,OFF,--,DONE,--
36183,2026-06-04 01:05:54,24.1500,0.00,0.000,0.000,OFF,--,DONE,--
36184,2026-06-04 01:05:55,24.0500,0.00,0.000,0.000,OFF,--,DONE,--
36185,2026-06-04 01:05:56,24.0500,0.00,0.000,0.000,OFF,--,DONE,--
36186,2026-06-04 01:05:57,23.9875,0.00,0.000,0.000,OFF,--,DONE,--
36187,2026-06-04 01:05:58,23.9875,0.00,0.000,0.000,OFF,--,DONE,--
36188,2026-06-04 01:05:59,23.8875,0.00,0.000,0.000,OFF,--,DONE,--
36189,2026-06-04 01:06:00,23.8875,0.00,0.000,0.000,OFF,--,DONE,--
36190,2026-06-04 01:06:01,23.8125,0.00,0.000,0.000,OFF,--,DONE,--
36191,2026-06-04 01:06:02,23.8125,0.00,0.000,0.000,OFF,--,DONE,--
36192,2026-06-04 01:06:03,23.7625,0.00,0.000,0.000,OFF,--,DONE,--
36193,2026-06-04 01:06:04,23.7625,0.00,0.000,0.000,OFF,--,DONE,--
36194,2026-06-04 01:06:05,23.7125,0.00,0.000,0.000,OFF,--,DONE,--
36195,2026-06-04 01:06:06,23.6875,0.00,0.000,0.000,OFF,--,DONE,--
36196,2026-06-04 01:06:07,23.6875,0.00,0.000,0.000,OFF,--,DONE,--
36197,2026-06-04 01:06:08,23.6125,0.00,0.000,0.000,OFF,--,DONE,--
36198,2026-06-04 01:06:09,23.6125,0.00,0.000,0.000,OFF,--,DONE,--
36199,2026-06-04 01:06:10,23.5625,0.00,0.000,0.000,OFF,--,DONE,--
36200,2026-06-04 01:06:11,23.5625,0.00,0.000,0.000,OFF,--,DONE,--
36201,2026-06-04 01:06:12,23.5625,0.00,0.000,0.000,OFF,--,DONE,--
36202,2026-06-04 01:06:13,23.5625,0.00,0.000,0.000,OFF,--,DONE,--
36203,2026-06-04 01:06:14,23.5125,0.00,0.000,0.000,A,#1,HOLDING,0.205A/A
36204,2026-06-04 01:06:15,23.4875,0.00,0.000,0.000,A,#1,HOLDING,0.246A/A
36205,2026-06-04 01:06:17,23.4875,0.00,0.000,0.000,A,#1,HOLDING,0.381A/A
36206,2026-06-04 01:06:19,23.4375,0.00,0.000,0.000,A,#1,HOLDING,0.211A/A
36207,2026-06-04 01:06:21,23.4000,7.17,0.211,0.000,A,#1,HOLDING,0.178A/A
36208,2026-06-04 01:06:23,23.3750,7.17,0.211,0.338,A,#1,HOLDING,0.136A/A
36209,2026-06-04 01:06:24,23.3125,7.17,0.211,0.338,A,#1,HOLDING,0.150A/A
36210,2026-06-04 01:06:26,23.2875,7.17,0.211,0.338,A,#1,HOLDING,0.134A/A
36211,2026-06-04 01:06:28,23.2500,1.42,0.211,0.338,A,#1,HOLDING,0.138A/A
36212,2026-06-04 01:06:29,23.2000,1.42,0.138,0.202,A,#1,HOLDING,0.141A/A
36213,2026-06-04 01:06:32,23.1500,1.42,0.138,0.202,A,#1,HOLDING,0.147A/A
36214,2026-06-04 01:06:33,23.1000,1.42,0.138,0.202,A,#1,HOLDING,0.150A/A
36215,2026-06-04 01:06:35,23.0625,1.54,0.138,0.202,A,#1,HOLDING,0.156A/A
36216,2026-06-04 01:06:37,23.0125,1.54,0.156,0.251,A,#1,HOLDING,0.159A/A
36217,2026-06-04 01:06:40,22.9625,1.54,0.156,0.251,A,#1,HOLDING,0.164A/A
36218,2026-06-04 01:06:41,22.9375,1.54,0.156,0.251,A,#1,HOLDING,0.166A/A
36219,2026-06-04 01:06:43,22.9000,1.67,0.156,0.251,A,#1,HOLDING,0.167A/A
36220,2026-06-04 01:06:45,22.8500,1.67,0.167,0.283,A,#1,HOLDING,0.164A/A
36221,2026-06-04 01:06:47,22.8125,1.67,0.167,0.283,A,#1,HOLDING,0.160A/A
36222,2026-06-04 01:06:49,22.7625,1.67,0.167,0.283,A,#1,HOLDING,0.153A/A
36223,2026-06-04 01:06:51,22.7500,1.56,0.167,0.283,A,#1,HOLDING,0.151A/A
36224,2026-06-04 01:06:53,22.7500,1.56,0.151,0.235,A,#1,HOLDING,0.148A/A
36225,2026-06-04 01:06:55,22.6875,1.56,0.151,0.235,A,#1,HOLDING,0.139A/A
36226,2026-06-04 01:06:56,22.6375,1.56,0.151,0.235,A,#1,HOLDING,0.126A/A
36227,2026-06-04 01:06:58,22.6250,1.34,0.151,0.235,A,#1,HOLDING,0.114A/A
36228,2026-06-04 01:07:00,22.5750,1.34,0.114,0.142,A,#1,HOLDING,0.101A/A
36229,2026-06-04 01:07:03,22.5625,1.34,0.114,0.142,OFF,#1,HOLDING,0.000A/OFF
36230,2026-06-04 01:07:04,22.5625,1.34,0.114,0.142,OFF,#1,HOLDING,0.000A/OFF
36231,2026-06-04 01:07:05,22.5625,1.34,0.114,0.142,OFF,#1,HOLDING,0.000A/OFF
36232,2026-06-04 01:07:06,22.5250,1.34,0.114,0.142,OFF,#1,HOLDING,0.000A/OFF
36233,2026-06-04 01:07:07,22.5250,12.00,0.000,0.142,OFF,#1,HOLDING,0.000A/OFF
36234,2026-06-04 01:07:08,22.5000,12.00,0.000,0.142,OFF,#1,HOLDING,0.000A/OFF
36235,2026-06-04 01:07:09,22.5000,12.00,0.000,0.000,OFF,#1,HOLDING,0.000A/OFF
36236,2026-06-04 01:07:10,22.4625,12.00,0.000,0.000,OFF,#1,HOLDING,0.000A/OFF
36237,2026-06-04 01:07:11,22.4625,12.00,0.000,0.000,OFF,#1,HOLDING,0.000A/OFF
36238,2026-06-04 01:07:12,22.4375,12.00,0.000,0.000,OFF,#1,HOLDING,0.000A/OFF
36239,2026-06-04 01:07:13,22.4375,12.00,0.000,0.000,OFF,#1,HOLDING,0.000A/OFF
36240,2026-06-04 01:07:14,22.4375,12.00,0.000,0.000,OFF,#1,HOLDING,0.000A/OFF
36241,2026-06-04 01:07:15,22.4375,12.00,0.000,0.000,OFF,#2,APPROACH,0.000A/OFF
36242,2026-06-04 01:07:16,22.4375,12.00,0.000,0.000,OFF,#2,HOLDING,0.000A/OFF
36243,2026-06-04 01:07:17,22.4375,12.00,0.000,0.000,OFF,#2,HOLDING,0.000A/OFF
36244,2026-06-04 01:07:18,22.4375,12.00,0.000,0.000,OFF,#2,HOLDING,0.000A/OFF
36245,2026-06-04 01:07:19,22.4375,12.00,0.000,0.000,OFF,#2,HOLDING,0.000A/OFF
36246,2026-06-04 01:07:20,22.3875,12.00,0.000,0.000,OFF,#2,HOLDING,0.000A/OFF
36247,2026-06-04 01:07:21,22.3875,12.00,0.000,0.000,OFF,#2,HOLDING,0.000A/OFF
36248,2026-06-04 01:07:22,22.3750,12.00,0.000,0.000,OFF,#2,HOLDING,0.000A/OFF
36249,2026-06-04 01:07:23,22.3750,12.00,0.000,0.000,OFF,#2,HOLDING,0.000A/OFF
36250,2026-06-04 01:07:24,22.3750,12.00,0.000,0.000,OFF,#2,HOLDING,0.000A/OFF
36251,2026-06-04 01:07:25,22.3750,12.00,0.000,0.000,OFF,#2,HOLDING,0.000A/OFF
36252,2026-06-04 01:07:26,22.3750,12.00,0.000,0.000,A,#2,HOLDING,0.101A/A
36253,2026-06-04 01:07:28,22.3750,12.00,0.049,0.000,A,#2,HOLDING,0.119A/A
36254,2026-06-04 01:07:29,22.3750,12.00,0.049,0.133,A,#2,HOLDING,0.134A/A
36255,2026-06-04 01:07:31,22.3750,12.00,0.049,0.133,A,#2,HOLDING,0.148A/A
36256,2026-06-04 01:07:33,22.3750,12.00,0.049,0.133,A,#2,HOLDING,0.163A/A
36257,2026-06-04 01:07:34,22.3750,1.48,0.049,0.133,A,#2,HOLDING,0.181A/A
36258,2026-06-04 01:07:36,22.3750,1.48,0.181,0.307,A,#2,HOLDING,0.198A/A
36259,2026-06-04 01:07:39,22.3750,1.48,0.181,0.307,A,#2,HOLDING,0.221A/A
36260,2026-06-04 01:07:40,22.3750,1.48,0.181,0.307,A,#2,HOLDING,0.235A/A
36261,2026-06-04 01:07:42,22.3500,2.14,0.181,0.307,A,#2,HOLDING,0.249A/A
36262,2026-06-04 01:07:44,22.3125,2.14,0.249,0.582,A,#2,HOLDING,0.261A/A
36263,2026-06-04 01:07:46,22.3125,2.14,0.249,0.582,A,#2,HOLDING,0.280A/A
36264,2026-06-04 01:07:48,22.3125,2.14,0.249,0.582,A,#2,HOLDING,0.296A/A
36265,2026-06-04 01:07:50,22.3125,2.72,0.249,0.582,A,#2,HOLDING,0.315A/A
36266,2026-06-04 01:07:52,22.3125,2.72,0.315,0.929,A,#2,HOLDING,0.330A/A
36267,2026-06-04 01:07:54,22.2625,2.72,0.315,0.929,A,#2,HOLDING,0.344A/A
36268,2026-06-04 01:07:56,22.2500,2.72,0.315,0.929,A,#2,HOLDING,0.353A/A
36269,2026-06-04 01:07:57,22.2000,3.27,0.315,0.929,A,#2,HOLDING,0.360A/A
36270,2026-06-04 01:07:59,22.2000,3.27,0.360,1.220,A,#2,HOLDING,0.374A/A
36271,2026-06-04 01:08:02,22.1875,3.27,0.360,1.220,A,#2,HOLDING,0.388A/A
36272,2026-06-04 01:08:03,22.1500,3.27,0.360,1.220,A,#2,HOLDING,0.397A/A
36273,2026-06-04 01:08:05,22.1000,3.69,0.360,1.220,A,#2,HOLDING,0.400A/A
36274,2026-06-04 01:08:07,22.1000,3.69,0.400,1.512,A,#2,HOLDING,0.408A/A
36275,2026-06-04 01:08:09,22.0125,3.69,0.400,1.512,A,#2,HOLDING,0.411A/A
36276,2026-06-04 01:08:11,22.0000,3.69,0.400,1.512,A,#2,HOLDING,0.418A/A
36277,2026-06-04 01:08:13,21.9500,3.91,0.400,1.512,A,#2,HOLDING,0.415A/A
36278,2026-06-04 01:08:15,21.9500,3.91,0.415,1.647,A,#2,HOLDING,0.423A/A
36279,2026-06-04 01:08:17,21.8750,3.91,0.415,1.647,A,#3,APPROACH,0.418A/A
36280,2026-06-04 01:08:19,21.8125,3.91,0.415,1.647,B,#3,APPROACH,0.212A/B
36281,2026-06-04 01:08:20,21.8125,3.91,0.415,1.647,B,#3,APPROACH,0.234A/B
36282,2026-06-04 01:08:22,21.7875,11.62,0.415,1.647,B,#3,APPROACH,0.285A/B
36283,2026-06-04 01:08:24,21.7000,11.62,0.955,0.715,B,#3,APPROACH,0.363A/B
36284,2026-06-04 01:08:27,21.6875,11.62,0.955,0.715,B,#3,APPROACH,0.467A/B
36285,2026-06-04 01:08:28,21.7125,11.62,0.955,0.715,B,#3,APPROACH,0.543A/B
36286,2026-06-04 01:08:30,21.7250,4.61,0.955,0.715,B,#3,APPROACH,0.644A/B
36287,2026-06-04 01:08:32,21.7750,4.61,0.592,3.580,B,#3,APPROACH,0.753A/B
36288,2026-06-04 01:08:34,21.8250,4.61,0.592,3.580,B,#3,APPROACH,0.919A/B
36289,2026-06-04 01:08:36,21.8750,4.61,0.592,3.580,B,#3,APPROACH,1.037A/B
36290,2026-06-04 01:08:38,21.9375,8.40,0.592,3.580,B,#3,APPROACH,1.176A/B
36291,2026-06-04 01:08:40,21.9875,8.40,1.127,11.242,B,#3,APPROACH,1.315A/B
36292,2026-06-04 01:08:42,22.0750,8.40,1.127,11.242,B,#3,APPROACH,1.488A/B
36293,2026-06-04 01:08:44,22.1500,8.40,1.127,11.242,B,#3,APPROACH,1.500A/B
36294,2026-06-04 01:08:46,22.2375,11.77,1.127,11.242,B,#3,APPROACH,1.000A/B
36295,2026-06-04 01:08:47,22.3875,11.77,1.177,8.580,B,#3,APPROACH,1.585A/B
36296,2026-06-04 01:08:50,22.5125,11.77,1.177,8.580,B,#3,APPROACH,1.000A/B
36297,2026-06-04 01:08:51,22.6375,11.77,1.177,8.580,B,#3,APPROACH,1.728A/B
36298,2026-06-04 01:08:53,22.8000,12.00,1.177,8.580,B,#3,APPROACH,1.000A/B
36299,2026-06-04 01:08:55,22.9500,12.00,1.233,8.800,B,#3,APPROACH,1.787A/B
36300,2026-06-04 01:08:58,23.1125,12.00,1.233,8.800,B,#3,APPROACH,1.908A/B
36301,2026-06-04 01:08:59,23.2625,12.00,1.233,8.800,B,#3,APPROACH,1.500A/B
36302,2026-06-04 01:09:01,23.4375,12.00,1.233,8.800,B,#3,APPROACH,1.500A/B
36303,2026-06-04 01:09:03,23.6375,12.00,1.439,17.052,B,#3,APPROACH,1.952A/B
36304,2026-06-04 01:09:05,23.8000,12.00,1.439,17.052,B,#3,APPROACH,2.044A/B
36305,2026-06-04 01:09:07,24.0000,12.00,1.439,17.052,B,#3,APPROACH,2.087A/B
36306,2026-06-04 01:09:09,24.1750,12.00,1.439,17.052,B,#3,APPROACH,2.142A/B
36307,2026-06-04 01:09:10,24.3750,12.00,1.401,16.656,B,#3,APPROACH,1.500A/B
36308,2026-06-04 01:09:13,24.5750,12.00,1.401,16.656,B,#3,APPROACH,2.176A/B
36309,2026-06-04 01:09:14,24.7500,12.00,1.401,16.656,B,#3,APPROACH,2.199A/B
36310,2026-06-04 01:09:16,24.9625,12.00,1.401,16.656,B,#3,HOLDING,1.500A/B
36311,2026-06-04 01:09:18,25.1625,12.00,1.374,16.656,OFF,#3,HOLDING,0.000A/OFF
36312,2026-06-04 01:09:19,25.1625,12.00,1.374,16.320,OFF,#3,HOLDING,0.000A/OFF
36313,2026-06-04 01:09:20,25.3625,12.00,1.374,16.320,OFF,#3,HOLDING,0.000A/OFF
36314,2026-06-04 01:09:21,25.3625,12.00,1.374,16.320,OFF,#3,HOLDING,0.000A/OFF
36315,2026-06-04 01:09:22,25.5625,12.00,1.374,16.320,OFF,#3,HOLDING,0.000A/OFF
36316,2026-06-04 01:09:23,25.5625,12.00,1.374,16.320,OFF,#3,HOLDING,0.000A/OFF
36317,2026-06-04 01:09:24,25.7500,12.00,1.374,16.320,OFF,#3,HOLDING,0.000A/OFF
36318,2026-06-04 01:09:25,25.7500,12.00,0.000,16.320,OFF,#3,HOLDING,0.000A/OFF
36319,2026-06-04 01:09:26,25.9500,12.00,0.000,0.000,OFF,#3,HOLDING,0.000A/OFF
36320,2026-06-04 01:09:27,25.9500,12.00,0.000,0.000,OFF,#3,HOLDING,0.000A/OFF
36321,2026-06-04 01:09:28,26.1375,12.00,0.000,0.000,OFF,#3,HOLDING,0.000A/OFF
36322,2026-06-04 01:09:29,26.1375,12.00,0.000,0.000,OFF,#3,HOLDING,0.000A/OFF
36323,2026-06-04 01:09:30,26.2875,12.00,0.000,0.000,OFF,#3,HOLDING,0.000A/OFF
36324,2026-06-04 01:09:31,26.2875,12.00,0.000,0.000,OFF,#3,HOLDING,0.000A/OFF
36325,2026-06-04 01:09:32,26.4750,12.00,0.000,0.000,OFF,#3,HOLDING,0.000A/OFF
36326,2026-06-04 01:09:33,26.4750,12.00,0.000,0.000,OFF,#3,HOLDING,0.000A/OFF
36327,2026-06-04 01:09:34,26.6000,12.00,0.000,0.000,OFF,#3,HOLDING,0.000A/OFF
36328,2026-06-04 01:09:35,26.6000,12.00,0.000,0.000,OFF,#3,HOLDING,0.000A/OFF
36329,2026-06-04 01:09:36,26.7125,12.00,0.000,0.000,OFF,#3,HOLDING,0.000A/OFF
36330,2026-06-04 01:09:37,26.8625,12.00,0.000,0.000,A,#3,HOLDING,0.174A/A
36331,2026-06-04 01:09:39,26.8625,12.00,0.000,0.147,A,#3,HOLDING,0.207A/A
36332,2026-06-04 01:09:41,26.9250,12.00,0.000,0.147,A,#3,HOLDING,0.234A/A
36333,2026-06-04 01:09:42,27.0500,12.00,0.000,0.147,A,#3,HOLDING,0.268A/A
36334,2026-06-04 01:09:44,27.1000,1.75,0.000,0.147,A,#3,HOLDING,0.324A/A
36335,2026-06-04 01:09:46,27.1750,1.75,0.297,0.764,A,#3,HOLDING,0.378A/A
36336,2026-06-04 01:09:48,27.2250,1.75,0.297,0.764,A,#3,HOLDING,0.439A/A
36337,2026-06-04 01:09:50,27.2750,1.75,0.297,0.764,A,#3,HOLDING,0.489A/A
36338,2026-06-04 01:09:52,27.3125,3.86,0.297,0.764,A,#3,HOLDING,0.543A/A
36339,2026-06-04 01:09:54,27.3375,3.86,0.514,2.405,A,#3,HOLDING,0.600A/A
36340,2026-06-04 01:09:56,27.3500,3.86,0.514,2.405,A,#3,HOLDING,0.670A/A
36341,2026-06-04 01:09:58,27.3750,3.86,0.514,2.405,A,#3,HOLDING,0.720A/A
36342,2026-06-04 01:09:59,27.3500,5.88,0.514,2.405,A,#3,HOLDING,0.772A/A
36343,2026-06-04 01:10:01,27.3250,5.88,0.744,4.979,A,#3,HOLDING,0.824A/A
36344,2026-06-04 01:10:04,27.2750,5.88,0.744,4.979,A,#3,HOLDING,0.885A/A
36345,2026-06-04 01:10:05,27.2500,5.88,0.744,4.979,A,#3,HOLDING,0.929A/A
36346,2026-06-04 01:10:07,27.1875,7.63,0.744,4.979,A,#3,HOLDING,0.975A/A
36347,2026-06-04 01:10:09,27.1375,7.63,0.950,7.946,A,#3,HOLDING,1.000A/A
36348,2026-06-04 01:10:11,27.0500,7.63,0.950,7.946,A,#3,HOLDING,1.012A/A
36349,2026-06-04 01:10:13,26.9750,7.63,0.950,7.946,A,#3,HOLDING,1.044A/A
36350,2026-06-04 01:10:15,26.8625,8.66,0.950,7.946,A,#3,HOLDING,1.072A/A
36351,2026-06-04 01:10:17,26.7625,8.66,1.055,9.690,A,#3,HOLDING,1.051A/A
36352,2026-06-04 01:10:19,26.6125,8.66,1.055,9.690,A,#3,HOLDING,1.000A/A
36353,2026-06-04 01:10:21,26.4875,8.66,1.055,9.690,A,#3,HOLDING,1.084A/A
36354,2026-06-04 01:10:22,26.3875,9.12,1.055,9.690,A,#3,HOLDING,1.106A/A
36355,2026-06-04 01:10:24,26.2375,9.12,1.093,10.440,A,#3,HOLDING,1.000A/A
36356,2026-06-04 01:10:27,26.0750,9.12,1.093,10.440,A,#3,HOLDING,1.122A/A
36357,2026-06-04 01:10:28,25.9250,9.12,1.093,10.440,A,#3,HOLDING,1.119A/A
36358,2026-06-04 01:10:30,25.7625,9.47,1.093,10.440,A,#3,HOLDING,1.000A/A
36359,2026-06-04 01:10:32,25.6125,9.47,1.039,8.770,A,#3,HOLDING,1.114A/A
36360,2026-06-04 01:10:34,25.4500,9.47,1.039,8.770,A,#3,HOLDING,1.101A/A
36361,2026-06-04 01:10:36,25.2750,9.47,1.039,8.770,A,#3,HOLDING,1.080A/A
36362,2026-06-04 01:10:38,25.1375,9.31,1.039,8.770,A,#3,HOLDING,1.057A/A
36363,2026-06-04 01:10:40,24.9375,9.31,1.057,9.819,A,#3,HOLDING,1.000A/A
36364,2026-06-04 01:10:42,24.7625,9.31,1.057,9.819,A,#3,HOLDING,0.971A/A
36365,2026-06-04 01:10:44,24.6125,9.31,1.057,9.819,A,#3,HOLDING,0.921A/A
36366,2026-06-04 01:10:46,24.4500,8.28,1.057,9.819,A,#3,HOLDING,0.866A/A
36367,2026-06-04 01:10:47,24.2500,8.28,0.879,6.919,A,#3,HOLDING,0.792A/A
36368,2026-06-04 01:10:50,24.1125,8.28,0.879,6.919,A,#3,HOLDING,0.710A/A
36369,2026-06-04 01:10:51,23.9625,8.28,0.879,6.919,A,#3,HOLDING,0.643A/A
36370,2026-06-04 01:10:53,23.7750,6.29,0.879,6.919,A,#3,HOLDING,0.558A/A
36371,2026-06-04 01:10:55,23.6250,6.29,0.590,3.180,A,#3,HOLDING,0.465A/A
36372,2026-06-04 01:10:57,23.4500,6.29,0.590,3.180,A,#3,HOLDING,0.348A/A
36373,2026-06-04 01:10:59,23.3000,6.29,0.590,3.180,A,#3,HOLDING,0.261A/A
36374,2026-06-04 01:11:01,23.2000,3.13,0.590,3.180,A,#3,HOLDING,0.165A/A
36375,2026-06-04 01:11:03,23.0250,3.13,0.200,3.180,OFF,#3,HOLDING,0.000A/OFF
36376,2026-06-04 01:11:04,23.0250,3.13,0.200,0.400,OFF,#3,HOLDING,0.000A/OFF
36377,2026-06-04 01:11:05,22.9000,3.13,0.200,0.400,OFF,#3,HOLDING,0.000A/OFF
36378,2026-06-04 01:11:06,22.7750,3.13,0.200,0.400,B,#3,HOLDING,0.106A/B
36379,2026-06-04 01:11:08,22.6500,3.13,0.200,0.400,B,#3,HOLDING,0.241A/B
36380,2026-06-04 01:11:09,22.6500,3.59,0.241,0.400,B,#3,HOLDING,0.334A/B
36381,2026-06-04 01:11:11,22.5750,3.59,0.241,0.838,B,#3,HOLDING,0.453A/B
36382,2026-06-04 01:11:13,22.4625,3.59,0.241,0.838,B,#3,HOLDING,0.566A/B
36383,2026-06-04 01:11:14,22.4375,3.59,0.241,0.838,B,#3,HOLDING,0.676A/B
36384,2026-06-04 01:11:16,22.3625,5.41,0.241,0.838,B,#3,HOLDING,0.809A/B
36385,2026-06-04 01:11:18,22.3125,5.41,0.745,5.363,B,#3,HOLDING,0.939A/B
36386,2026-06-04 01:11:20,22.3125,5.41,0.745,5.363,B,#3,HOLDING,1.101A/B
36387,2026-06-04 01:11:22,22.2875,5.41,0.745,5.363,B,#3,HOLDING,1.215A/B
36388,2026-06-04 01:11:24,22.3125,9.45,0.745,5.363,B,#3,HOLDING,1.339A/B
36389,2026-06-04 01:11:26,22.3125,9.45,1.297,14.099,B,#3,HOLDING,1.467A/B
36390,2026-06-04 01:11:28,22.3750,9.45,1.297,14.099,B,#3,HOLDING,1.500A/B
36391,2026-06-04 01:11:30,22.4250,9.45,1.297,14.099,B,#3,HOLDING,1.500A/B
36392,2026-06-04 01:11:32,22.5000,11.64,1.297,14.099,B,#3,HOLDING,1.615A/B
36393,2026-06-04 01:11:33,22.5750,11.64,1.512,17.952,B,#3,HOLDING,1.500A/B
36394,2026-06-04 01:11:36,22.7000,11.64,1.512,17.952,B,#3,HOLDING,1.500A/B
36395,2026-06-04 01:11:37,22.8250,11.64,1.512,17.952,B,#3,HOLDING,1.686A/B
36396,2026-06-04 01:11:39,22.9875,12.00,1.512,17.952,B,#3,HOLDING,1.773A/B
36397,2026-06-04 01:11:41,23.1375,12.00,1.464,17.340,B,#3,HOLDING,1.000A/B
36398,2026-06-04 01:11:43,23.3000,12.00,1.464,17.340,B,#3,HOLDING,1.500A/B
36399,2026-06-04 01:11:45,23.4750,12.00,1.464,17.340,B,#3,HOLDING,1.837A/B
36400,2026-06-04 01:11:47,23.6750,12.00,1.464,17.340,B,#3,HOLDING,1.902A/B
36401,2026-06-04 01:11:49,23.8750,12.00,1.424,16.872,B,#3,HOLDING,1.000A/B
36402,2026-06-04 01:11:51,24.0625,12.00,1.424,16.872,B,#3,HOLDING,1.954A/B
36403,2026-06-04 01:11:53,24.2625,12.00,1.424,16.872,B,#3,HOLDING,1.991A/B
36404,2026-06-04 01:11:54,24.4500,12.00,1.424,16.872,B,#3,HOLDING,2.000A/B
36405,2026-06-04 01:11:56,24.6750,12.00,1.393,16.524,B,#3,HOLDING,2.000A/B
36406,2026-06-04 01:11:59,24.8625,12.00,1.393,16.524,B,#3,HOLDING,1.969A/B
36407,2026-06-04 01:12:00,25.0625,12.00,1.393,16.524,B,#3,HOLDING,1.987A/B
36408,2026-06-04 01:12:02,25.2750,12.00,1.393,16.524,B,#3,HOLDING,2.000A/B
36409,2026-06-04 01:12:04,25.4750,12.00,1.372,16.212,B,#3,HOLDING,2.005A/B
36410,2026-06-04 01:12:06,25.6750,12.00,1.372,16.212,B,#3,HOLDING,2.018A/B
36411,2026-06-04 01:12:08,25.8750,12.00,1.372,16.212,B,#3,HOLDING,2.014A/B
36412,2026-06-04 01:12:10,26.0625,12.00,1.372,16.212,B,#3,HOLDING,2.005A/B
36413,2026-06-04 01:12:12,26.3125,12.00,1.348,16.008,B,#4,APPROACH,1.976A/B
36414,2026-06-04 01:12:14,26.5250,12.00,1.348,16.008,OFF,#4,APPROACH,0.000A/OFF
36415,2026-06-04 01:12:15,26.5250,12.00,1.348,16.008,OFF,#4,APPROACH,0.107A/A
36416,2026-06-04 01:12:17,26.7500,12.00,1.348,16.008,A,#4,APPROACH,0.190A/A
36417,2026-06-04 01:12:19,26.9375,12.00,1.348,16.008,A,#4,APPROACH,0.281A/A
36418,2026-06-04 01:12:20,27.1625,4.48,0.281,16.008,A,#4,APPROACH,0.375A/A
36419,2026-06-04 01:12:22,27.3625,4.48,0.281,0.832,A,#4,APPROACH,0.454A/A
36420,2026-06-04 01:12:24,27.5625,4.48,0.281,0.832,A,#4,APPROACH,0.541A/A
36421,2026-06-04 01:12:25,27.7125,4.48,0.281,0.832,A,#4,APPROACH,0.613A/A
36422,2026-06-04 01:12:27,27.8375,4.40,0.281,0.832,A,#4,APPROACH,0.702A/A
36423,2026-06-04 01:12:29,27.9750,4.40,0.677,3.762,A,#4,APPROACH,0.794A/A
36424,2026-06-04 01:12:31,28.0750,4.40,0.677,3.762,A,#4,APPROACH,0.915A/A
36425,2026-06-04 01:12:33,28.1625,4.40,0.677,3.762,A,#4,APPROACH,1.005A/A
36426,2026-06-04 01:12:35,28.2375,7.56,0.677,3.762,A,#4,APPROACH,1.107A/A
36427,2026-06-04 01:12:37,28.3250,7.56,1.107,9.542,A,#4,APPROACH,1.221A/A
36428,2026-06-04 01:12:39,28.3750,7.56,1.107,9.542,A,#4,APPROACH,1.358A/A
36429,2026-06-04 01:12:41,28.3750,7.56,1.107,9.542,A,#4,APPROACH,1.445A/A
36430,2026-06-04 01:12:43,28.4000,10.98,1.107,9.542,A,#4,APPROACH,1.549A/A
36431,2026-06-04 01:12:44,28.3750,10.98,1.493,18.552,A,#4,APPROACH,1.650A/A
36432,2026-06-04 01:12:47,28.3250,10.98,1.493,18.552,A,#4,APPROACH,1.500A/A
36433,2026-06-04 01:12:48,28.3125,10.98,1.493,18.552,A,#4,APPROACH,1.500A/A
36434,2026-06-04 01:12:50,28.2625,11.81,1.493,18.552,A,#4,APPROACH,1.771A/A
36435,2026-06-04 01:12:52,28.1500,11.81,1.501,17.892,A,#4,APPROACH,1.858A/A
36436,2026-06-04 01:12:54,28.0750,11.81,1.501,17.892,A,#4,APPROACH,1.976A/A
36437,2026-06-04 01:12:56,27.9875,11.81,1.501,17.892,A,#4,APPROACH,2.049A/A
36438,2026-06-04 01:12:58,27.8125,12.00,1.501,17.892,A,#4,APPROACH,1.000A/A
36439,2026-06-04 01:13:00,27.7000,12.00,1.125,8.740,A,#4,APPROACH,2.000A/A
36440,2026-06-04 01:13:02,27.5500,12.00,1.125,8.740,A,#4,APPROACH,2.000A/A
36441,2026-06-04 01:13:04,27.3875,12.00,1.125,8.740,A,#4,APPROACH,1.000A/A
36442,2026-06-04 01:13:05,27.2375,8.76,1.125,8.740,A,#4,APPROACH,2.083A/A
36443,2026-06-04 01:13:07,27.0625,8.76,1.460,17.364,A,#4,APPROACH,2.130A/A
36444,2026-06-04 01:13:10,26.8625,8.76,1.460,17.364,A,#4,APPROACH,2.193A/A
36445,2026-06-04 01:13:11,26.7000,8.76,1.460,17.364,A,#4,APPROACH,1.000A/A
36446,2026-06-04 01:13:13,26.5500,8.91,1.460,17.364,A,#4,APPROACH,1.000A/A
36447,2026-06-04 01:13:15,26.3250,8.91,1.000,9.040,A,#4,HOLDING,2.000A/A
36448,2026-06-04 01:13:17,26.1500,8.91,1.000,9.040,OFF,#4,HOLDING,0.000A/OFF
36449,2026-06-04 01:13:18,26.1500,8.91,1.000,9.040,OFF,#4,HOLDING,0.000A/OFF
36450,2026-06-04 01:13:19,26.0000,8.91,1.000,9.040,OFF,#4,HOLDING,0.000A/OFF
36451,2026-06-04 01:13:20,25.7750,8.91,1.000,9.040,OFF,#4,HOLDING,0.000A/OFF
36452,2026-06-04 01:13:21,25.7750,12.00,0.000,9.040,OFF,#4,HOLDING,0.000A/OFF
36453,2026-06-04 01:13:22,25.5750,12.00,0.000,9.040,OFF,#4,HOLDING,0.000A/OFF
36454,2026-06-04 01:13:23,25.5750,12.00,0.000,0.000,OFF,#4,HOLDING,0.000A/OFF
36455,2026-06-04 01:13:24,25.4000,12.00,0.000,0.000,OFF,#4,HOLDING,0.000A/OFF
36456,2026-06-04 01:13:25,25.4000,12.00,0.000,0.000,OFF,#4,HOLDING,0.000A/OFF
36457,2026-06-04 01:13:26,25.2625,12.00,0.000,0.000,OFF,#4,HOLDING,0.000A/OFF
36458,2026-06-04 01:13:27,25.2625,12.00,0.000,0.000,OFF,#4,HOLDING,0.000A/OFF
36459,2026-06-04 01:13:28,25.0875,12.00,0.000,0.000,OFF,#4,HOLDING,0.000A/OFF
36460,2026-06-04 01:13:29,25.0875,12.00,0.000,0.000,OFF,#4,HOLDING,0.000A/OFF
36461,2026-06-04 01:13:30,24.9625,12.00,0.000,0.000,OFF,#4,HOLDING,0.000A/OFF
36462,2026-06-04 01:13:31,24.9625,12.00,0.000,0.000,OFF,#4,HOLDING,0.000A/OFF
36463,2026-06-04 01:13:32,24.8625,12.00,0.000,0.000,OFF,#4,HOLDING,0.000A/OFF
36464,2026-06-04 01:13:33,24.8625,12.00,0.000,0.000,OFF,#4,HOLDING,0.000A/OFF
36465,2026-06-04 01:13:34,24.7625,12.00,0.000,0.000,OFF,#4,HOLDING,0.000A/OFF
36466,2026-06-04 01:13:35,24.7625,12.00,0.000,0.000,OFF,#4,HOLDING,0.000A/OFF
36467,2026-06-04 01:13:36,24.6375,12.00,0.000,0.000,OFF,#4,HOLDING,0.000A/OFF
36468,2026-06-04 01:13:37,24.6375,12.00,0.000,0.000,OFF,#4,HOLDING,0.000A/OFF
36469,2026-06-04 01:13:39,24.5500,12.00,0.000,0.000,OFF,#4,HOLDING,0.000A/OFF
36470,2026-06-04 01:13:40,24.4750,12.00,0.000,0.000,OFF,#4,HOLDING,0.000A/OFF
36471,2026-06-04 01:13:41,24.4750,12.00,0.000,0.000,B,#4,HOLDING,0.113A/B
36472,2026-06-04 01:13:42,24.4250,12.00,0.000,0.000,B,#4,HOLDING,0.139A/B
36473,2026-06-04 01:13:44,24.3250,12.00,0.000,0.000,B,#4,HOLDING,0.226A/B
36474,2026-06-04 01:13:46,24.3000,12.00,0.000,0.000,B,#4,HOLDING,0.265A/B
36475,2026-06-04 01:13:47,24.2500,2.09,0.000,0.000,B,#4,HOLDING,0.310A/B
36476,2026-06-04 01:13:49,24.1875,2.09,0.287,0.793,B,#4,HOLDING,0.352A/B
36477,2026-06-04 01:13:52,24.1625,2.09,0.287,0.793,B,#4,HOLDING,0.411A/B
36478,2026-06-04 01:13:53,24.1250,2.09,0.287,0.793,B,#4,HOLDING,0.453A/B
36479,2026-06-04 01:13:55,24.1250,3.76,0.287,0.793,B,#4,HOLDING,0.494A/B
36480,2026-06-04 01:13:57,24.1000,3.76,0.494,2.104,B,#4,HOLDING,0.543A/B
36481,2026-06-04 01:13:59,24.1000,3.76,0.494,2.104,B,#4,HOLDING,0.600A/B
36482,2026-06-04 01:14:01,24.0750,3.76,0.494,2.104,B,#4,HOLDING,0.646A/B
36483,2026-06-04 01:14:03,24.1250,5.47,0.494,2.104,B,#4,HOLDING,0.684A/B
36484,2026-06-04 01:14:05,24.1250,5.47,0.662,4.028,B,#4,HOLDING,0.730A/B
36485,2026-06-04 01:14:07,24.1500,5.47,0.662,4.028,B,#4,HOLDING,0.783A/B
36486,2026-06-04 01:14:08,24.2000,5.47,0.662,4.028,B,#4,HOLDING,0.817A/B
36487,2026-06-04 01:14:10,24.2500,6.92,0.662,4.028,B,#4,HOLDING,0.853A/B
36488,2026-06-04 01:14:12,24.2500,6.92,0.834,6.269,B,#4,HOLDING,0.897A/B
36489,2026-06-04 01:14:15,24.3375,6.92,0.834,6.269,B,#4,HOLDING,0.942A/B
36490,2026-06-04 01:14:16,24.3875,6.92,0.834,6.269,B,#4,HOLDING,0.971A/B
36491,2026-06-04 01:14:18,24.4625,8.23,0.834,6.269,B,#4,HOLDING,0.948A/B
36492,2026-06-04 01:14:20,24.4625,8.23,0.948,7.811,B,#4,HOLDING,0.989A/B
36493,2026-06-04 01:14:22,24.6500,8.23,0.948,7.811,B,#4,HOLDING,1.000A/B
36494,2026-06-04 01:14:24,24.6500,8.23,0.948,7.811,B,#4,HOLDING,1.023A/B
36495,2026-06-04 01:14:26,24.7250,8.78,0.948,7.811,B,#4,HOLDING,1.041A/B
36496,2026-06-04 01:14:27,24.8250,8.78,1.041,9.462,B,#4,HOLDING,1.067A/B
36497,2026-06-04 01:14:30,25.0250,8.78,1.041,9.462,B,#4,HOLDING,1.070A/B
36498,2026-06-04 01:14:31,25.0250,8.78,1.041,9.462,B,#4,HOLDING,1.089A/B
36499,2026-06-04 01:14:33,25.1625,9.42,1.041,9.462,B,#4,HOLDING,1.000A/B
36500,2026-06-04 01:14:35,25.2625,9.42,1.042,8.950,B,#4,HOLDING,1.100A/B
36501,2026-06-04 01:14:37,25.5125,9.42,1.042,8.950,B,#4,HOLDING,1.077A/B
36502,2026-06-04 01:14:39,25.5125,9.42,1.042,8.950,B,#4,HOLDING,1.086A/B
36503,2026-06-04 01:14:41,25.6375,9.55,1.042,8.950,B,#4,HOLDING,1.075A/B
36504,2026-06-04 01:14:43,25.7625,9.55,1.075,10.373,B,#4,HOLDING,1.067A/B
36505,2026-06-04 01:14:45,26.0250,9.55,1.075,10.373,B,#4,HOLDING,1.018A/B
36506,2026-06-04 01:14:47,26.0250,9.55,1.075,10.373,B,#4,HOLDING,1.010A/B
36507,2026-06-04 01:14:49,26.1375,9.09,1.075,10.373,B,#4,HOLDING,0.983A/B
36508,2026-06-04 01:14:50,26.2875,9.09,0.983,8.935,B,#5,APPROACH,0.956A/B
36509,2026-06-04 01:14:53,26.5500,9.09,0.983,8.935,OFF,#5,APPROACH,0.000A/OFF
36510,2026-06-04 01:14:54,26.5500,9.09,0.983,8.935,OFF,#5,APPROACH,0.000A/OFF
36511,2026-06-04 01:14:55,26.6625,9.09,0.983,8.935,OFF,#5,APPROACH,0.000A/OFF
36512,2026-06-04 01:14:56,26.6625,9.09,0.983,8.935,OFF,#5,APPROACH,0.000A/OFF
36513,2026-06-04 01:14:57,26.7625,9.09,0.983,8.935,OFF,#5,APPROACH,0.000A/OFF
36514,2026-06-04 01:14:58,26.7625,12.00,0.000,8.935,B,#5,APPROACH,0.123A/B
36515,2026-06-04 01:15:00,26.9250,12.00,0.000,0.721,B,#5,APPROACH,0.139A/B
36516,2026-06-04 01:15:01,27.0500,12.00,0.000,0.721,B,#5,HOLDING,0.120A/B
36517,2026-06-04 01:15:03,27.1625,12.00,0.000,0.721,OFF,#5,HOLDING,0.000A/OFF
36518,2026-06-04 01:15:04,27.1625,12.00,0.000,0.721,OFF,#5,HOLDING,0.000A/OFF
36519,2026-06-04 01:15:05,27.2625,12.00,0.000,0.721,OFF,#5,HOLDING,0.000A/OFF
36520,2026-06-04 01:15:06,27.2625,12.00,1.440,0.721,OFF,#5,HOLDING,0.000A/OFF
36521,2026-06-04 01:15:07,27.3500,12.00,1.440,0.000,OFF,#5,HOLDING,0.000A/OFF
36522,2026-06-04 01:15:08,27.3500,12.00,1.440,0.000,OFF,#5,HOLDING,0.000A/OFF
36523,2026-06-04 01:15:09,27.4250,12.00,1.440,0.000,OFF,#5,HOLDING,0.000A/OFF
36524,2026-06-04 01:15:10,27.4250,12.00,1.440,0.000,B,#5,HOLDING,0.110A/B
36525,2026-06-04 01:15:12,27.5375,11.91,0.110,0.000,B,#5,HOLDING,0.117A/B
36526,2026-06-04 01:15:14,27.6125,11.91,0.110,0.205,B,#5,HOLDING,0.137A/B
36527,2026-06-04 01:15:15,27.7000,11.91,0.110,0.205,B,#5,HOLDING,0.137A/B
36528,2026-06-04 01:15:17,27.7500,11.91,0.110,0.205,B,#5,HOLDING,0.150A/B
36529,2026-06-04 01:15:19,27.8125,1.97,0.110,0.205,B,#5,HOLDING,0.158A/B
36530,2026-06-04 01:15:20,27.8375,1.97,0.158,0.327,B,#5,HOLDING,0.171A/B
36531,2026-06-04 01:15:23,27.9125,1.97,0.158,0.327,B,#5,HOLDING,0.175A/B
36532,2026-06-04 01:15:24,27.9625,1.97,0.158,0.327,B,#5,HOLDING,0.177A/B
36533,2026-06-04 01:15:26,28.0000,2.15,0.158,0.327,B,#5,HOLDING,0.176A/B
36534,2026-06-04 01:15:28,28.0500,2.15,0.176,0.380,B,#5,HOLDING,0.175A/B
36535,2026-06-04 01:15:30,28.0875,2.15,0.176,0.380,B,#5,HOLDING,0.173A/B
36536,2026-06-04 01:15:32,28.1125,2.15,0.176,0.380,B,#5,HOLDING,0.170A/B
36537,2026-06-04 01:15:34,28.1250,2.04,0.176,0.380,B,#5,HOLDING,0.169A/B
36538,2026-06-04 01:15:36,28.1250,2.04,0.169,0.344,B,#5,HOLDING,0.167A/B
36539,2026-06-04 01:15:38,28.1250,2.04,0.169,0.344,B,#5,HOLDING,0.164A/B
36540,2026-06-04 01:15:40,28.1250,2.04,0.169,0.344,B,#5,HOLDING,0.161A/B
36541,2026-06-04 01:15:42,28.1250,1.91,0.169,0.344,B,#5,HOLDING,0.156A/B
36542,2026-06-04 01:15:43,28.1250,1.91,0.156,0.293,B,#5,HOLDING,0.152A/B
36543,2026-06-04 01:15:46,28.1500,1.91,0.156,0.293,B,#5,HOLDING,0.143A/B
36544,2026-06-04 01:15:47,28.1250,1.91,0.156,0.293,B,#5,HOLDING,0.142A/B
36545,2026-06-04 01:15:49,28.1250,1.66,0.156,0.293,B,#5,HOLDING,0.137A/B
36546,2026-06-04 01:15:51,28.1250,1.66,0.137,0.228,B,#5,HOLDING,0.134A/B
36547,2026-06-04 01:15:53,28.1250,1.66,0.137,0.228,B,#5,HOLDING,0.126A/B
36548,2026-06-04 01:15:55,28.1250,1.66,0.137,0.228,B,#5,HOLDING,0.122A/B
36549,2026-06-04 01:15:57,28.1125,1.47,0.137,0.228,B,#5,HOLDING,0.119A/B
36550,2026-06-04 01:15:59,28.0875,1.47,0.119,0.174,B,#5,HOLDING,0.118A/B
36551,2026-06-04 01:16:01,28.0625,1.47,0.119,0.174,B,#5,HOLDING,0.117A/B
36552,2026-06-04 01:16:03,28.0625,1.47,0.119,0.174,OFF,--,DONE,0.113A/B
36553,2026-06-04 01:16:05,28.0000,0.96,0.119,0.174,OFF,--,DONE,--
36554,2026-06-04 01:16:06,27.9750,0.96,0.000,0.174,OFF,--,DONE,--
36555,2026-06-04 01:16:07,27.9750,0.96,0.000,0.174,OFF,--,DONE,--
36556,2026-06-04 01:16:08,27.9375,0.96,0.000,0.000,OFF,--,DONE,--
36557,2026-06-04 01:16:09,27.9375,0.14,0.000,0.000,OFF,--,DONE,--
36558,2026-06-04 01:16:10,27.9125,0.14,0.000,0.000,OFF,--,DONE,--
36559,2026-06-04 01:16:11,27.9125,0.14,0.000,0.000,OFF,--,DONE,--
36560,2026-06-04 01:16:12,27.8750,0.14,0.000,0.000,OFF,--,DONE,--
36561,2026-06-04 01:16:13,27.8750,0.00,0.000,0.000,OFF,--,DONE,--
36562,2026-06-04 01:16:14,27.8250,0.00,0.000,0.000,OFF,--,DONE,--
36563,2026-06-04 01:16:15,27.8250,0.00,0.000,0.000,OFF,--,DONE,--
36564,2026-06-04 01:16:16,27.8125,0.00,0.000,0.000,OFF,--,DONE,--
36565,2026-06-04 01:16:17,27.7625,0.00,0.000,0.000,OFF,--,DONE,--
36566,2026-06-04 01:16:18,27.7625,0.00,0.000,0.000,OFF,--,DONE,--
36567,2026-06-04 01:16:19,27.6875,0.00,0.000,0.000,OFF,--,DONE,--
36568,2026-06-04 01:16:20,27.6875,0.00,0.000,0.000,OFF,--,DONE,--
36569,2026-06-04 01:16:21,27.6375,0.00,0.000,0.000,OFF,--,DONE,--
36570,2026-06-04 01:16:22,27.6375,0.00,0.000,0.000,OFF,--,DONE,--
36571,2026-06-04 01:16:23,27.5625,0.00,0.000,0.000,OFF,--,DONE,--
36572,2026-06-04 01:16:24,27.5625,0.00,0.000,0.000,OFF,--,DONE,--
36573,2026-06-04 01:16:25,27.5125,0.00,0.000,0.000,OFF,--,DONE,--
36574,2026-06-04 01:16:26,27.5125,0.00,0.000,0.000,OFF,--,DONE,--
36575,2026-06-04 01:16:27,27.4625,0.00,0.000,0.000,OFF,--,DONE,--
36576,2026-06-04 01:16:28,27.4625,0.00,0.000,0.000,OFF,--,DONE,--
36577,2026-06-04 01:16:29,27.4125,0.00,0.000,0.000,OFF,--,DONE,--
36578,2026-06-04 01:16:30,27.4125,0.00,0.000,0.000,OFF,--,DONE,--
36579,2026-06-04 01:16:31,27.3625,0.00,0.000,0.000,OFF,--,DONE,--
36580,2026-06-04 01:16:32,27.3625,0.00,0.000,0.000,OFF,--,DONE,--
36581,2026-06-04 01:16:33,27.2625,0.00,0.000,0.000,OFF,--,DONE,--
36582,2026-06-04 01:16:34,27.2625,0.00,0.000,0.000,OFF,--,DONE,--
36583,2026-06-04 01:16:35,27.2125,0.00,0.000,0.000,OFF,--,DONE,--
36584,2026-06-04 01:16:36,27.1375,0.00,0.000,0.000,OFF,--,DONE,--
36585,2026-06-04 01:16:37,27.1375,0.00,0.000,0.000,OFF,--,DONE,--
36586,2026-06-04 01:16:38,27.0875,0.00,0.000,0.000,OFF,--,DONE,--
36587,2026-06-04 01:16:39,27.0875,0.00,0.000,0.000,OFF,--,DONE,--
36588,2026-06-04 01:16:40,27.0125,0.00,0.000,0.000,OFF,--,DONE,--
36589,2026-06-04 01:16:41,27.0125,0.00,0.000,0.000,OFF,--,DONE,--
36590,2026-06-04 01:16:42,26.9375,0.00,0.000,0.000,OFF,--,DONE,--
36591,2026-06-04 01:16:43,26.9375,0.00,0.000,0.000,OFF,--,DONE,--
36592,2026-06-04 01:16:44,26.8875,0.00,0.000,0.000,OFF,--,DONE,--
36593,2026-06-04 01:16:46,26.8875,0.00,0.000,0.000,OFF,--,DONE,--
36594,2026-06-04 01:16:47,26.8125,0.00,0.000,0.000,OFF,--,DONE,--
36595,2026-06-04 01:16:48,26.8125,0.00,0.000,0.000,OFF,--,DONE,--
36596,2026-06-04 01:16:49,26.7625,0.00,0.000,0.000,OFF,--,DONE,--
36597,2026-06-04 01:16:50,26.7625,0.00,0.000,0.000,OFF,--,DONE,--
36598,2026-06-04 01:16:51,26.6750,0.00,0.000,0.000,OFF,--,DONE,--
36599,2026-06-04 01:16:52,26.6250,0.00,0.000,0.000,OFF,--,DONE,--
36600,2026-06-04 01:16:53,26.6250,0.00,0.000,0.000,OFF,--,DONE,--
36601,2026-06-04 01:16:54,26.5625,0.00,0.000,0.000,OFF,--,DONE,--
36602,2026-06-04 01:16:55,26.5625,0.00,0.000,0.000,OFF,--,DONE,--
36603,2026-06-04 01:16:56,26.4875,0.00,0.000,0.000,OFF,--,DONE,--
36604,2026-06-04 01:16:57,26.4875,0.00,0.000,0.000,OFF,--,DONE,--
36605,2026-06-04 01:16:58,26.4000,0.00,0.000,0.000,OFF,--,DONE,--
36606,2026-06-04 01:16:59,26.4000,0.00,0.000,0.000,OFF,--,DONE,--
36607,2026-06-04 01:17:00,26.3250,0.00,0.000,0.000,OFF,--,DONE,--
36608,2026-06-04 01:17:01,26.3250,0.00,0.000,0.000,OFF,--,DONE,--
36609,2026-06-04 01:17:02,26.2750,0.00,0.000,0.000,OFF,--,DONE,--
36610,2026-06-04 01:17:03,26.2750,0.00,0.000,0.000,OFF,--,DONE,--
36611,2026-06-04 01:17:04,26.2000,0.00,0.000,0.000,OFF,--,DONE,--
36612,2026-06-04 01:17:05,26.2000,0.00,0.000,0.000,OFF,--,DONE,--
36613,2026-06-04 01:17:06,26.1500,0.00,0.000,0.000,OFF,--,DONE,--
36614,2026-06-04 01:17:07,26.0750,0.00,0.000,0.000,OFF,--,DONE,--
36615,2026-06-04 01:17:08,26.0750,0.00,0.000,0.000,OFF,--,DONE,--
36616,2026-06-04 01:17:09,26.0500,0.00,0.000,0.000,OFF,--,DONE,--
36617,2026-06-04 01:17:10,26.0500,0.00,0.000,0.000,OFF,--,DONE,--
36618,2026-06-04 01:17:11,25.9750,0.00,0.000,0.000,OFF,--,DONE,--
36619,2026-06-04 01:17:12,25.9750,0.00,0.000,0.000,OFF,--,DONE,--
36620,2026-06-04 01:17:13,25.9000,0.00,0.000,0.000,OFF,--,DONE,--
36621,2026-06-04 01:17:14,25.9000,0.00,0.000,0.000,OFF,--,DONE,--
36622,2026-06-04 01:17:15,25.8500,0.00,0.000,0.000,OFF,--,DONE,--
36623,2026-06-04 01:17:16,25.8500,0.00,0.000,0.000,OFF,--,DONE,--
36624,2026-06-04 01:17:17,25.8000,0.00,0.000,0.000,OFF,--,DONE,--
36625,2026-06-04 01:17:18,25.8000,0.00,0.000,0.000,OFF,--,DONE,--
36626,2026-06-04 01:17:19,25.7250,0.00,0.000,0.000,OFF,--,DONE,--
36627,2026-06-04 01:17:20,25.7250,0.00,0.000,0.000,OFF,--,DONE,--
36628,2026-06-04 01:17:21,25.6875,0.00,0.000,0.000,OFF,--,DONE,--
36629,2026-06-04 01:17:22,25.6375,0.00,0.000,0.000,OFF,--,DONE,--
36630,2026-06-04 01:17:23,25.6375,0.00,0.000,0.000,OFF,--,DONE,--
36631,2026-06-04 01:17:24,25.5625,0.00,0.000,0.000,OFF,--,DONE,--
36632,2026-06-04 01:17:25,25.5625,0.00,0.000,0.000,OFF,--,DONE,--
36633,2026-06-04 01:17:27,25.5125,0.00,0.000,0.000,OFF,--,DONE,--
36634,2026-06-04 01:17:28,25.5125,0.00,0.000,0.000,OFF,--,DONE,--
36635,2026-06-04 01:17:29,25.4875,0.00,0.000,0.000,OFF,--,DONE,--
36636,2026-06-04 01:17:30,25.4875,0.00,0.000,0.000,OFF,--,DONE,--
36637,2026-06-04 01:17:31,25.3875,0.00,0.000,0.000,OFF,--,DONE,--
36638,2026-06-04 01:17:32,25.3875,0.00,0.000,0.000,OFF,--,DONE,--
36639,2026-06-04 01:17:33,25.3750,0.00,0.000,0.000,OFF,--,DONE,--
36640,2026-06-04 01:17:34,25.3750,0.00,0.000,0.000,OFF,--,DONE,--
36641,2026-06-04 01:17:35,25.3250,0.00,0.000,0.000,OFF,--,DONE,--
36642,2026-06-04 01:17:36,25.3250,0.00,0.000,0.000,OFF,--,DONE,--
36643,2026-06-04 01:17:37,25.2750,0.00,0.000,0.000,OFF,--,DONE,--
36644,2026-06-04 01:17:38,25.2000,0.00,0.000,0.000,OFF,--,DONE,--
36645,2026-06-04 01:17:39,25.2000,0.00,0.000,0.000,OFF,--,DONE,--
36646,2026-06-04 01:17:40,25.1500,0.00,0.000,0.000,OFF,--,DONE,--
36647,2026-06-04 01:17:41,25.1500,0.00,0.000,0.000,OFF,--,DONE,--
36648,2026-06-04 01:17:42,25.1000,0.00,0.000,0.000,OFF,--,DONE,--
36649,2026-06-04 01:17:43,25.1000,0.00,0.000,0.000,OFF,--,DONE,--
36650,2026-06-04 01:17:44,25.0625,0.00,0.000,0.000,OFF,--,DONE,--
36651,2026-06-04 01:17:45,25.0625,0.00,0.000,0.000,OFF,--,DONE,--
36652,2026-06-04 01:17:46,25.0125,0.00,0.000,0.000,OFF,--,DONE,--
36653,2026-06-04 01:17:47,25.0125,0.00,0.000,0.000,OFF,--,DONE,--
36654,2026-06-04 01:17:48,24.9750,0.00,0.000,0.000,OFF,--,DONE,--
36655,2026-06-04 01:17:49,24.9750,0.00,0.000,0.000,OFF,--,DONE,--
36656,2026-06-04 01:17:50,24.9500,0.00,0.000,0.000,OFF,--,DONE,--
36657,2026-06-04 01:17:51,24.9500,0.00,0.000,0.000,OFF,--,DONE,--
36658,2026-06-04 01:17:52,24.9250,0.00,0.000,0.000,OFF,--,DONE,--
36659,2026-06-04 01:17:53,24.8750,0.00,0.000,0.000,OFF,--,DONE,--
36660,2026-06-04 01:17:54,24.8750,0.00,0.000,0.000,OFF,--,DONE,--
36661,2026-06-04 01:17:55,24.8125,0.00,0.000,0.000,OFF,--,DONE,--
36662,2026-06-04 01:17:56,24.8125,0.00,0.000,0.000,OFF,--,DONE,--
36663,2026-06-04 01:17:57,24.7625,0.00,0.000,0.000,OFF,--,DONE,--
36664,2026-06-04 01:17:58,24.7625,0.00,0.000,0.000,OFF,--,DONE,--
36665,2026-06-04 01:17:59,24.7500,0.00,0.000,0.000,OFF,--,DONE,--
36666,2026-06-04 01:18:00,24.7500,0.00,0.000,0.000,OFF,--,DONE,--
36667,2026-06-04 01:18:01,24.7000,0.00,0.000,0.000,OFF,--,DONE,--
36668,2026-06-04 01:18:02,24.7000,0.00,0.000,0.000,OFF,--,DONE,--
36669,2026-06-04 01:18:03,24.6875,0.00,0.000,0.000,OFF,--,DONE,--
36670,2026-06-04 01:18:04,24.6875,0.00,0.000,0.000,OFF,--,DONE,--
36671,2026-06-04 01:18:05,24.6375,0.00,0.000,0.000,OFF,--,DONE,--
36672,2026-06-04 01:18:06,24.6375,0.00,0.000,0.000,OFF,--,DONE,--
36673,2026-06-04 01:18:08,24.6250,0.00,0.000,0.000,B,#1,APPROACH,1.162A/B
36674,2026-06-04 01:18:10,24.5750,0.00,0.000,0.000,B,#1,APPROACH,0.816A/B
36675,2026-06-04 01:18:11,24.5500,0.00,0.000,0.000,B,#1,APPROACH,1.037A/B
36676,2026-06-04 01:18:13,24.5000,0.00,0.000,0.000,B,#1,APPROACH,0.855A/B
36677,2026-06-04 01:18:15,24.4625,9.76,0.855,0.000,B,#1,APPROACH,0.791A/B
36678,2026-06-04 01:18:17,24.4375,9.76,0.855,5.434,B,#1,APPROACH,0.815A/B
36679,2026-06-04 01:18:18,24.4625,9.76,0.855,5.434,B,#1,APPROACH,0.896A/B
36680,2026-06-04 01:18:20,24.4875,9.76,0.855,5.434,B,#1,APPROACH,0.936A/B
36681,2026-06-04 01:18:22,24.4875,7.97,0.855,5.434,B,#1,APPROACH,1.018A/B
36682,2026-06-04 01:18:24,24.5125,7.97,1.018,8.846,B,#1,APPROACH,1.125A/B
36683,2026-06-04 01:18:26,24.6250,7.97,1.018,8.846,B,#1,APPROACH,1.245A/B
36684,2026-06-04 01:18:28,24.6250,7.97,1.018,8.846,B,#1,APPROACH,1.337A/B
36685,2026-06-04 01:18:30,24.6750,10.85,1.018,8.846,B,#1,APPROACH,1.438A/B
36686,2026-06-04 01:18:31,24.7625,10.85,1.438,17.011,B,#1,APPROACH,1.514A/B
36687,2026-06-04 01:18:34,24.9125,10.85,1.438,17.011,B,#1,APPROACH,1.000A/B
36688,2026-06-04 01:18:35,24.9125,10.85,1.438,17.011,B,#1,APPROACH,1.608A/B
36689,2026-06-04 01:18:37,25.0125,12.00,1.438,17.011,B,#1,APPROACH,1.693A/B
36690,2026-06-04 01:18:39,25.1500,12.00,1.439,17.004,B,#1,APPROACH,1.761A/B
36691,2026-06-04 01:18:41,25.4250,12.00,1.439,17.004,B,#1,APPROACH,1.817A/B
36692,2026-06-04 01:18:43,25.4250,12.00,1.439,17.004,B,#1,APPROACH,1.000A/B
36693,2026-06-04 01:18:45,25.5500,9.10,1.439,17.004,B,#1,APPROACH,1.920A/B
36694,2026-06-04 01:18:47,25.7000,9.10,1.201,16.656,B,#1,APPROACH,1.500A/B
36695,2026-06-04 01:18:49,26.0125,9.10,1.201,16.656,B,#1,APPROACH,1.893A/B
36696,2026-06-04 01:18:51,26.0125,9.10,1.201,16.656,B,#1,APPROACH,1.946A/B
36697,2026-06-04 01:18:53,26.1875,12.00,1.201,16.656,B,#1,APPROACH,1.000A/B
36698,2026-06-04 01:18:54,26.3375,12.00,1.200,9.360,B,#1,HOLDING,1.000A/B
36699,2026-06-04 01:18:57,26.6750,12.00,1.200,9.360,OFF,#1,HOLDING,0.000A/OFF
36700,2026-06-04 01:18:58,26.6750,12.00,1.200,9.360,OFF,#1,HOLDING,0.000A/OFF
36701,2026-06-04 01:18:59,26.8250,12.00,1.200,9.360,OFF,#1,HOLDING,0.000A/OFF
36702,2026-06-04 01:19:00,26.8250,12.00,1.200,9.360,OFF,#1,HOLDING,0.000A/OFF
36703,2026-06-04 01:19:01,26.9875,12.00,0.000,9.360,OFF,#1,HOLDING,0.000A/OFF
36704,2026-06-04 01:19:02,26.9875,12.00,0.000,9.360,OFF,#1,HOLDING,0.000A/OFF
36705,2026-06-04 01:19:03,27.1625,12.00,0.000,0.000,OFF,#1,HOLDING,0.000A/OFF
36706,2026-06-04 01:19:04,27.1625,12.00,0.000,0.000,OFF,#1,HOLDING,0.000A/OFF
36707,2026-06-04 01:19:05,27.3000,12.00,0.000,0.000,OFF,#1,HOLDING,0.000A/OFF
36708,2026-06-04 01:19:06,27.3000,12.00,0.000,0.000,OFF,#1,HOLDING,0.000A/OFF
36709,2026-06-04 01:19:07,27.4500,12.00,0.000,0.000,OFF,#1,HOLDING,0.000A/OFF
36710,2026-06-04 01:19:08,27.4500,12.00,0.000,0.000,OFF,#1,HOLDING,0.000A/OFF
36711,2026-06-04 01:19:09,27.5750,12.00,0.000,0.000,OFF,#1,HOLDING,0.000A/OFF
36712,2026-06-04 01:19:10,27.5750,12.00,0.000,0.000,OFF,#1,HOLDING,0.000A/OFF
36713,2026-06-04 01:19:11,27.6750,12.00,0.000,0.000,OFF,#1,HOLDING,0.000A/OFF
36714,2026-06-04 01:19:12,27.6750,12.00,0.000,0.000,OFF,#1,HOLDING,0.000A/OFF
36715,2026-06-04 01:19:13,27.7625,12.00,0.000,0.000,OFF,#1,HOLDING,0.000A/OFF
36716,2026-06-04 01:19:14,27.8625,12.00,0.000,0.000,OFF,#1,HOLDING,0.000A/OFF
36717,2026-06-04 01:19:15,27.8625,12.00,0.000,0.000,OFF,#1,HOLDING,0.000A/OFF
36718,2026-06-04 01:19:16,27.9500,12.00,0.000,0.000,OFF,#1,HOLDING,0.000A/OFF
36719,2026-06-04 01:19:17,27.9500,12.00,0.000,0.000,OFF,#1,HOLDING,0.000A/OFF
36720,2026-06-04 01:19:18,28.0250,12.00,0.000,0.000,OFF,#1,HOLDING,0.000A/OFF
36721,2026-06-04 01:19:19,28.0250,12.00,0.000,0.000,OFF,#1,HOLDING,0.000A/OFF
36722,2026-06-04 01:19:20,28.0750,12.00,0.000,0.000,OFF,#1,HOLDING,0.000A/OFF
36723,2026-06-04 01:19:21,28.0750,12.00,0.000,0.000,OFF,#1,HOLDING,0.000A/OFF
36724,2026-06-04 01:19:22,28.1500,12.00,0.000,0.000,A,#1,HOLDING,0.111A/A
36725,2026-06-04 01:19:24,28.2000,12.00,0.000,0.000,A,#1,HOLDING,0.136A/A
36726,2026-06-04 01:19:25,28.2000,12.00,0.000,0.000,A,#1,HOLDING,0.165A/A
36727,2026-06-04 01:19:27,28.2500,1.05,0.000,0.000,A,#1,HOLDING,0.192A/A
36728,2026-06-04 01:19:29,28.2875,1.05,0.176,0.266,A,#1,HOLDING,0.226A/A
36729,2026-06-04 01:19:31,28.3125,1.05,0.176,0.266,A,#1,HOLDING,0.327A/A
36730,2026-06-04 01:19:33,28.3125,1.05,0.176,0.266,A,#1,HOLDING,0.355A/A
36731,2026-06-04 01:19:35,28.3375,2.88,0.176,0.266,A,#1,HOLDING,0.393A/A
36732,2026-06-04 01:19:37,28.3125,2.88,0.371,1.300,A,#1,HOLDING,0.424A/A
36733,2026-06-04 01:19:39,28.2750,2.88,0.371,1.300,A,#1,HOLDING,0.417A/A
36734,2026-06-04 01:19:41,28.2750,2.88,0.371,1.300,A,#1,HOLDING,0.446A/A
36735,2026-06-04 01:19:43,28.2250,3.80,0.371,1.300,A,#1,HOLDING,0.478A/A
36736,2026-06-04 01:19:44,28.1750,3.80,0.459,1.998,A,#1,HOLDING,0.508A/A
36737,2026-06-04 01:19:47,28.0625,3.80,0.459,1.998,A,#1,HOLDING,0.536A/A
36738,2026-06-04 01:19:48,28.0625,3.80,0.459,1.998,A,#1,HOLDING,0.565A/A
36739,2026-06-04 01:19:50,28.0125,4.91,0.459,1.998,A,#1,HOLDING,0.592A/A
36740,2026-06-04 01:19:52,27.9500,4.91,0.576,3.102,A,#1,HOLDING,0.619A/A
36741,2026-06-04 01:19:54,27.7750,4.91,0.576,3.102,A,#1,HOLDING,0.629A/A
36742,2026-06-04 01:19:56,27.7750,4.91,0.576,3.102,A,#1,HOLDING,0.648A/A
36743,2026-06-04 01:19:58,27.6750,5.73,0.576,3.102,A,#1,HOLDING,0.659A/A
36744,2026-06-04 01:20:00,27.5750,5.73,0.659,3.901,A,#1,HOLDING,0.673A/A
36745,2026-06-04 01:20:02,27.3375,5.73,0.659,3.901,A,#1,HOLDING,0.658A/A
36746,2026-06-04 01:20:04,27.3375,5.73,0.659,3.901,A,#2,APPROACH,0.668A/A
36747,2026-06-04 01:20:06,27.2125,5.73,0.659,3.901,OFF,#2,APPROACH,0.000A/OFF
36748,2026-06-04 01:20:07,27.0750,3.83,0.659,3.901,OFF,#2,APPROACH,0.000A/OFF
36749,2026-06-04 01:20:08,27.0750,3.83,0.000,3.901,OFF,#2,APPROACH,0.000A/OFF
36750,2026-06-04 01:20:09,26.9500,3.83,0.000,3.901,OFF,#2,APPROACH,0.000A/OFF
36751,2026-06-04 01:20:10,26.9500,3.83,0.000,0.000,OFF,#2,APPROACH,0.000A/OFF
36752,2026-06-04 01:20:11,26.8375,3.83,0.000,0.000,OFF,#2,APPROACH,0.000A/OFF
36753,2026-06-04 01:20:12,26.7125,3.83,0.000,0.000,A,#2,APPROACH,0.101A/A
36754,2026-06-04 01:20:13,26.7125,3.83,0.000,0.000,A,#2,APPROACH,0.135A/A
36755,2026-06-04 01:20:15,26.5875,6.93,0.135,0.000,A,#2,HOLDING,0.119A/A
36756,2026-06-04 01:20:17,26.4625,6.93,0.135,0.000,OFF,#2,HOLDING,0.000A/OFF
36757,2026-06-04 01:20:18,26.3625,6.93,0.135,0.149,OFF,#2,HOLDING,0.000A/OFF
36758,2026-06-04 01:20:19,26.3625,6.93,0.135,0.149,OFF,#2,HOLDING,0.000A/OFF
36759,2026-06-04 01:20:20,26.2375,6.93,0.135,0.149,OFF,#2,HOLDING,0.000A/OFF
36760,2026-06-04 01:20:21,26.2375,6.93,0.135,0.149,OFF,#2,HOLDING,0.000A/OFF
36761,2026-06-04 01:20:22,26.1500,12.00,0.135,0.149,OFF,#2,HOLDING,0.000A/OFF
36762,2026-06-04 01:20:23,26.1500,12.00,0.000,0.149,OFF,#2,HOLDING,0.000A/OFF
36763,2026-06-04 01:20:24,26.0500,12.00,0.000,0.000,OFF,#2,HOLDING,0.000A/OFF
36764,2026-06-04 01:20:25,26.0500,12.00,0.000,0.000,OFF,#2,HOLDING,0.000A/OFF
36765,2026-06-04 01:20:26,25.9625,12.00,0.000,0.000,OFF,#2,HOLDING,0.000A/OFF
36766,2026-06-04 01:20:27,25.8375,12.00,0.000,0.000,OFF,#2,HOLDING,0.000A/OFF
36767,2026-06-04 01:20:28,25.8375,12.00,0.000,0.000,OFF,#2,HOLDING,0.000A/OFF
36768,2026-06-04 01:20:29,25.7625,12.00,0.000,0.000,OFF,#2,HOLDING,0.000A/OFF
36769,2026-06-04 01:20:30,25.7625,12.00,0.000,0.000,A,#2,HOLDING,0.110A/A
36770,2026-06-04 01:20:32,25.6625,12.00,0.000,0.000,A,#2,HOLDING,0.000A/OFF
36771,2026-06-04 01:20:33,25.6625,12.00,0.000,0.000,A,#2,HOLDING,0.110A/A
36772,2026-06-04 01:20:34,25.5625,12.00,0.000,0.000,OFF,#2,HOLDING,0.000A/OFF
36773,2026-06-04 01:20:36,25.5125,12.00,0.000,0.000,OFF,#2,HOLDING,0.000A/OFF
36774,2026-06-04 01:20:37,25.5125,12.00,0.000,0.000,OFF,#2,HOLDING,0.000A/OFF
36775,2026-06-04 01:20:38,25.4250,12.00,0.000,0.000,OFF,#2,HOLDING,0.000A/OFF
36776,2026-06-04 01:20:39,25.3500,12.00,0.000,0.000,OFF,#2,HOLDING,0.000A/OFF
36777,2026-06-04 01:20:40,25.3500,12.00,0.000,0.000,OFF,#2,HOLDING,0.000A/OFF
36778,2026-06-04 01:20:41,25.2750,12.00,0.000,0.000,OFF,#2,HOLDING,0.000A/OFF
36779,2026-06-04 01:20:42,25.2750,12.00,0.000,0.000,OFF,#2,HOLDING,0.000A/OFF
36780,2026-06-04 01:20:43,25.2000,12.00,0.000,0.000,OFF,#2,HOLDING,0.000A/OFF
36781,2026-06-04 01:20:44,25.2000,12.00,0.000,0.000,OFF,#2,HOLDING,0.000A/OFF
36782,2026-06-04 01:20:45,25.1125,12.00,0.000,0.000,OFF,#2,HOLDING,0.000A/OFF
36783,2026-06-04 01:20:46,25.1125,12.00,0.000,0.000,OFF,#2,HOLDING,0.000A/OFF
36784,2026-06-04 01:20:47,25.0375,12.00,0.000,0.000,OFF,#2,HOLDING,0.000A/OFF
36785,2026-06-04 01:20:48,25.0375,12.00,0.000,0.000,OFF,#2,HOLDING,0.000A/OFF
36786,2026-06-04 01:20:49,25.0250,12.00,0.000,0.000,OFF,#2,HOLDING,0.000A/OFF
36787,2026-06-04 01:20:50,25.0250,12.00,0.000,0.000,OFF,#2,HOLDING,0.000A/OFF
36788,2026-06-04 01:20:51,24.9000,12.00,0.000,0.000,OFF,#2,HOLDING,0.000A/OFF
36789,2026-06-04 01:20:52,24.9000,12.00,0.000,0.000,OFF,#2,HOLDING,0.000A/OFF
36790,2026-06-04 01:20:53,24.8750,12.00,0.000,0.000,B,#2,HOLDING,0.107A/B
36791,2026-06-04 01:20:55,24.8250,12.00,0.000,0.000,B,#2,HOLDING,0.125A/B
36792,2026-06-04 01:20:56,24.7750,2.95,0.125,0.000,B,#2,HOLDING,0.158A/B
36793,2026-06-04 01:20:58,24.7250,2.95,0.125,0.225,B,#2,HOLDING,0.196A/B
36794,2026-06-04 01:21:00,24.6875,2.95,0.125,0.225,B,#2,HOLDING,0.280A/B
36795,2026-06-04 01:21:01,24.6875,2.95,0.125,0.225,B,#2,HOLDING,0.308A/B
36796,2026-06-04 01:21:03,24.6875,2.75,0.125,0.225,B,#2,HOLDING,0.339A/B
36797,2026-06-04 01:21:05,24.6250,2.75,0.322,1.040,B,#2,HOLDING,0.386A/B
36798,2026-06-04 01:21:07,24.6125,2.75,0.322,1.040,B,#2,HOLDING,0.436A/B
36799,2026-06-04 01:21:09,24.6125,2.75,0.322,1.040,B,#2,HOLDING,0.472A/B
36800,2026-06-04 01:21:11,24.5625,4.22,0.322,1.040,B,#2,HOLDING,0.514A/B
36801,2026-06-04 01:21:13,24.5625,4.22,0.491,2.390,B,#2,HOLDING,0.555A/B
36802,2026-06-04 01:21:15,24.6000,4.22,0.491,2.390,B,#2,HOLDING,0.602A/B
36803,2026-06-04 01:21:17,24.6000,4.22,0.491,2.390,B,#2,HOLDING,0.633A/B
36804,2026-06-04 01:21:19,24.6250,5.60,0.491,2.390,B,#2,HOLDING,0.670A/B
36805,2026-06-04 01:21:20,24.6250,5.60,0.649,4.006,B,#2,HOLDING,0.712A/B
36806,2026-06-04 01:21:23,24.6500,5.60,0.649,4.006,B,#2,HOLDING,0.758A/B
36807,2026-06-04 01:21:24,24.6500,5.60,0.649,4.006,B,#2,HOLDING,0.793A/B
36808,2026-06-04 01:21:26,24.6750,6.88,0.649,4.006,B,#2,HOLDING,0.827A/B
36809,2026-06-04 01:21:28,24.6875,6.88,0.808,5.995,B,#2,HOLDING,0.865A/B
36810,2026-06-04 01:21:31,24.8125,6.88,0.808,5.995,B,#2,HOLDING,0.847A/B
36811,2026-06-04 01:21:32,24.8125,6.88,0.808,5.995,B,#2,HOLDING,0.878A/B
36812,2026-06-04 01:21:34,24.8625,7.64,0.808,5.995,B,#2,HOLDING,0.905A/B
36813,2026-06-04 01:21:36,24.9125,7.64,0.890,7.212,B,#2,HOLDING,0.939A/B
36814,2026-06-04 01:21:38,25.0750,7.64,0.890,7.212,B,#2,HOLDING,0.956A/B
36815,2026-06-04 01:21:40,25.0750,7.64,0.890,7.212,B,#2,HOLDING,0.981A/B
36816,2026-06-04 01:21:42,25.1500,8.50,0.890,7.212,B,#2,HOLDING,0.999A/B
36817,2026-06-04 01:21:43,25.2250,8.50,0.999,8.801,B,#2,HOLDING,1.021A/B
36818,2026-06-04 01:21:46,25.4125,8.50,0.999,8.801,B,#3,APPROACH,1.022A/B
36819,2026-06-04 01:21:47,25.4125,8.50,0.999,8.801,A,#3,APPROACH,0.201A/A
36820,2026-06-04 01:21:49,25.4875,8.50,0.999,8.801,A,#3,APPROACH,0.232A/A
36821,2026-06-04 01:21:51,25.6000,12.00,0.999,8.801,A,#3,APPROACH,0.294A/A
36822,2026-06-04 01:21:53,25.7000,12.00,0.948,0.693,A,#3,APPROACH,0.377A/A
36823,2026-06-04 01:21:56,25.8875,12.00,0.948,0.693,A,#3,APPROACH,0.506A/A
36824,2026-06-04 01:21:57,25.8875,12.00,0.948,0.693,A,#3,APPROACH,0.591A/A
36825,2026-06-04 01:21:59,25.9875,4.84,0.948,0.693,A,#3,APPROACH,0.717A/A
36826,2026-06-04 01:22:01,25.9875,4.84,0.673,4.287,A,#3,APPROACH,0.844A/A
36827,2026-06-04 01:22:03,26.0000,4.84,0.673,4.287,A,#3,APPROACH,1.039A/A
36828,2026-06-04 01:22:05,26.0000,4.84,0.673,4.287,A,#3,APPROACH,1.176A/A
36829,2026-06-04 01:22:07,26.0375,9.23,0.673,4.287,A,#3,APPROACH,1.344A/A
36830,2026-06-04 01:22:09,26.0125,9.23,1.304,14.340,A,#3,APPROACH,1.500A/A
36831,2026-06-04 01:22:11,25.9750,9.23,1.304,14.340,A,#3,APPROACH,1.502A/A
36832,2026-06-04 01:22:13,25.9750,9.23,1.304,14.340,A,#3,APPROACH,1.642A/A
36833,2026-06-04 01:22:15,25.8500,12.00,1.304,14.340,A,#3,APPROACH,1.791A/A
36834,2026-06-04 01:22:16,25.8500,12.00,1.517,17.976,A,#3,APPROACH,1.951A/A
36835,2026-06-04 01:22:19,25.6750,12.00,1.517,17.976,A,#3,APPROACH,2.000A/A
36836,2026-06-04 01:22:20,25.6750,12.00,1.517,17.976,A,#3,APPROACH,2.000A/A
36837,2026-06-04 01:22:22,25.4250,12.00,1.517,17.976,A,#3,APPROACH,2.112A/A
36838,2026-06-04 01:22:24,25.4250,12.00,1.478,17.544,A,#3,APPROACH,2.257A/A
36839,2026-06-04 01:22:26,25.1500,12.00,1.478,17.544,A,#3,APPROACH,2.405A/A
36840,2026-06-04 01:22:28,25.1500,12.00,1.478,17.544,A,#3,APPROACH,2.000A/A
36841,2026-06-04 01:22:30,24.8375,12.00,1.478,17.544,A,#3,APPROACH,2.000A/A
36842,2026-06-04 01:22:32,24.8375,12.00,1.449,17.232,A,#3,APPROACH,2.000A/A
36843,2026-06-04 01:22:34,24.5000,12.00,1.449,17.232,A,#3,APPROACH,2.439A/A
36844,2026-06-04 01:22:36,24.5000,12.00,1.449,17.232,A,#3,APPROACH,2.566A/A
36845,2026-06-04 01:22:38,24.1750,12.00,1.449,17.232,A,#3,APPROACH,2.000A/A
36846,2026-06-04 01:22:39,24.1750,12.00,1.429,17.016,A,#3,APPROACH,2.639A/A
36847,2026-06-04 01:22:42,23.8125,12.00,1.429,17.016,A,#3,APPROACH,1.000A/A
36848,2026-06-04 01:22:43,23.8125,12.00,1.429,17.016,A,#3,APPROACH,1.500A/A
36849,2026-06-04 01:22:45,23.4375,12.00,1.429,17.016,A,#3,APPROACH,1.000A/A
36850,2026-06-04 01:22:47,23.4375,12.00,1.170,9.140,A,#3,APPROACH,2.000A/A
36851,2026-06-04 01:22:50,23.1125,12.00,1.170,9.140,A,#3,APPROACH,1.500A/A
36852,2026-06-04 01:22:51,22.9250,12.00,1.170,9.140,A,#3,APPROACH,2.000A/A
36853,2026-06-04 01:22:53,22.7500,12.00,1.170,9.140,A,#3,APPROACH,2.000A/A
36854,2026-06-04 01:22:55,22.7500,12.00,1.416,16.860,A,#3,APPROACH,2.671A/A
36855,2026-06-04 01:22:57,22.4250,12.00,1.416,16.860,A,#3,HOLDING,1.000A/A
36856,2026-06-04 01:22:59,22.4250,12.00,1.416,16.860,OFF,#3,HOLDING,0.000A/OFF
36857,2026-06-04 01:23:00,22.2625,12.00,1.416,16.860,OFF,#3,HOLDING,0.000A/OFF
36858,2026-06-04 01:23:01,22.0875,12.00,1.416,16.860,OFF,#3,HOLDING,0.000A/OFF
36859,2026-06-04 01:23:02,22.0875,12.00,0.000,16.860,OFF,#3,HOLDING,0.000A/OFF
36860,2026-06-04 01:23:03,21.9125,12.00,0.000,0.000,OFF,#3,HOLDING,0.000A/OFF
36861,2026-06-04 01:23:04,21.9125,12.00,0.000,0.000,OFF,#3,HOLDING,0.000A/OFF
36862,2026-06-04 01:23:05,21.7625,12.00,0.000,0.000,OFF,#3,HOLDING,0.000A/OFF
36863,2026-06-04 01:23:06,21.7625,12.00,0.000,0.000,OFF,#3,HOLDING,0.000A/OFF
36864,2026-06-04 01:23:07,21.6125,12.00,0.000,0.000,OFF,#3,HOLDING,0.000A/OFF
36865,2026-06-04 01:23:08,21.6125,12.00,0.000,0.000,OFF,#3,HOLDING,0.000A/OFF
36866,2026-06-04 01:23:09,21.5125,12.00,0.000,0.000,OFF,#3,HOLDING,0.000A/OFF
36867,2026-06-04 01:23:10,21.5125,12.00,0.000,0.000,OFF,#3,HOLDING,0.000A/OFF
36868,2026-06-04 01:23:11,21.4250,12.00,0.000,0.000,OFF,#3,HOLDING,0.000A/OFF
36869,2026-06-04 01:23:12,21.4250,12.00,0.000,0.000,OFF,#3,HOLDING,0.000A/OFF
36870,2026-06-04 01:23:13,21.3250,12.00,0.000,0.000,OFF,#3,HOLDING,0.000A/OFF
36871,2026-06-04 01:23:14,21.3250,12.00,0.000,0.000,OFF,#3,HOLDING,0.000A/OFF
36872,2026-06-04 01:23:15,21.2500,12.00,0.000,0.000,OFF,#3,HOLDING,0.000A/OFF
36873,2026-06-04 01:23:16,21.2500,12.00,0.000,0.000,OFF,#3,HOLDING,0.000A/OFF
36874,2026-06-04 01:23:17,21.1750,12.00,0.000,0.000,OFF,#3,HOLDING,0.000A/OFF
36875,2026-06-04 01:23:18,21.1750,12.00,0.000,0.000,OFF,#3,HOLDING,0.000A/OFF
36876,2026-06-04 01:23:19,21.1250,12.00,0.000,0.000,OFF,#3,HOLDING,0.000A/OFF
36877,2026-06-04 01:23:20,21.1000,12.00,0.000,0.000,OFF,#3,HOLDING,0.000A/OFF
36878,2026-06-04 01:23:21,21.1000,12.00,0.000,0.000,OFF,#3,HOLDING,0.000A/OFF
36879,2026-06-04 01:23:22,21.0625,12.00,0.000,0.000,OFF,#3,HOLDING,0.000A/OFF
36880,2026-06-04 01:23:23,21.0625,12.00,0.000,0.000,OFF,#3,HOLDING,0.000A/OFF
36881,2026-06-04 01:23:24,21.0625,12.00,0.000,0.000,OFF,#3,HOLDING,0.000A/OFF
36882,2026-06-04 01:23:25,21.0625,12.00,0.000,0.000,OFF,#3,HOLDING,0.000A/OFF
36883,2026-06-04 01:23:26,21.0625,12.00,0.000,0.000,OFF,#3,HOLDING,0.000A/OFF
36884,2026-06-04 01:23:27,21.0625,12.00,0.000,0.000,OFF,#3,HOLDING,0.000A/OFF
36885,2026-06-04 01:23:28,21.0375,12.00,0.000,0.000,OFF,#3,HOLDING,0.000A/OFF
36886,2026-06-04 01:23:29,21.0375,12.00,0.000,0.000,OFF,#3,HOLDING,0.000A/OFF
36887,2026-06-04 01:23:30,21.0375,12.00,0.000,0.000,B,#3,HOLDING,0.107A/B
36888,2026-06-04 01:23:32,21.0375,12.00,0.000,0.000,B,#3,HOLDING,0.120A/B
36889,2026-06-04 01:23:34,21.0375,0.86,0.000,0.000,B,#3,HOLDING,0.141A/B
36890,2026-06-04 01:23:35,21.0625,0.86,0.129,0.153,B,#3,HOLDING,0.159A/B
36891,2026-06-04 01:23:38,21.0625,0.86,0.129,0.153,B,#3,HOLDING,0.184A/B
36892,2026-06-04 01:23:39,21.1125,0.86,0.129,0.153,B,#3,HOLDING,0.194A/B
36893,2026-06-04 01:23:41,21.1125,1.60,0.129,0.153,B,#3,HOLDING,0.215A/B
36894,2026-06-04 01:23:43,21.1500,1.60,0.204,0.393,B,#3,HOLDING,0.228A/B
36895,2026-06-04 01:23:45,21.2000,1.60,0.204,0.393,B,#3,HOLDING,0.248A/B
36896,2026-06-04 01:23:47,21.2500,1.60,0.204,0.393,B,#3,HOLDING,0.254A/B
36897,2026-06-04 01:23:49,21.2500,2.20,0.204,0.393,B,#3,HOLDING,0.271A/B
36898,2026-06-04 01:23:51,21.3125,2.20,0.271,0.644,B,#3,HOLDING,0.279A/B
36899,2026-06-04 01:23:53,21.3875,2.20,0.271,0.644,B,#3,HOLDING,0.289A/B
36900,2026-06-04 01:23:55,21.4375,2.20,0.271,0.644,B,#3,HOLDING,0.289A/B
36901,2026-06-04 01:23:57,21.4375,2.58,0.271,0.644,B,#3,HOLDING,0.301A/B
36902,2026-06-04 01:23:58,21.5000,2.58,0.301,0.818,B,#4,APPROACH,0.305A/B
36903,2026-06-04 01:24:01,21.6000,2.58,0.301,0.818,A,#4,APPROACH,0.158A/A
36904,2026-06-04 01:24:03,21.6500,2.58,0.301,0.818,A,#4,APPROACH,0.212A/A
36905,2026-06-04 01:24:05,21.7250,2.58,0.301,0.818,A,#4,APPROACH,0.287A/A
36906,2026-06-04 01:24:07,21.7750,5.48,0.287,0.818,A,#4,APPROACH,0.382A/A
36907,2026-06-04 01:24:09,21.8750,5.48,0.287,1.344,A,#4,APPROACH,0.486A/A
36908,2026-06-04 01:24:11,21.9000,5.48,0.287,1.344,A,#4,APPROACH,0.576A/A
36909,2026-06-04 01:24:12,21.9375,5.48,0.287,1.344,A,#4,APPROACH,0.672A/A
36910,2026-06-04 01:24:14,21.9875,5.81,0.287,1.344,A,#4,APPROACH,0.782A/A
36911,2026-06-04 01:24:16,22.0000,5.81,0.724,5.309,A,#4,APPROACH,0.892A/A
36912,2026-06-04 01:24:18,22.0000,5.81,0.724,5.309,A,#4,APPROACH,1.000A/A
36913,2026-06-04 01:24:20,22.0250,5.81,0.724,5.309,A,#4,APPROACH,1.025A/A
36914,2026-06-04 01:24:22,22.0000,8.49,0.724,5.309,A,#4,APPROACH,1.000A/A
36915,2026-06-04 01:24:24,22.0000,8.49,1.000,8.510,A,#4,APPROACH,1.000A/A
36916,2026-06-04 01:24:26,21.9750,8.49,1.000,8.510,A,#4,APPROACH,1.129A/A
36917,2026-06-04 01:24:28,21.9375,8.49,1.000,8.510,A,#4,APPROACH,1.216A/A
36918,2026-06-04 01:24:30,21.8875,10.01,1.000,8.510,A,#4,APPROACH,1.316A/A
36919,2026-06-04 01:24:31,21.8625,10.01,1.263,14.344,A,#4,APPROACH,1.000A/A
36920,2026-06-04 01:24:34,21.7875,10.01,1.263,14.344,A,#4,APPROACH,1.415A/A
36921,2026-06-04 01:24:35,21.7375,10.01,1.263,14.344,A,#4,APPROACH,1.498A/A
36922,2026-06-04 01:24:37,21.6375,12.00,1.263,14.344,A,#4,APPROACH,1.584A/A
36923,2026-06-04 01:24:39,21.5875,12.00,1.471,17.460,A,#4,APPROACH,1.000A/A
36924,2026-06-04 01:24:41,21.4875,12.00,1.471,17.460,A,#4,APPROACH,1.000A/A
36925,2026-06-04 01:24:43,21.4000,12.00,1.471,17.460,A,#4,APPROACH,1.665A/A
36926,2026-06-04 01:24:45,21.2750,12.00,1.471,17.460,A,#4,APPROACH,1.000A/A
36927,2026-06-04 01:24:47,21.2750,12.00,1.200,8.950,A,#4,APPROACH,1.743A/A
36928,2026-06-04 01:24:49,21.0750,12.00,1.200,8.950,A,#4,APPROACH,1.826A/A
36929,2026-06-04 01:24:51,20.9625,12.00,1.200,8.950,A,#4,APPROACH,1.883A/A
36930,2026-06-04 01:24:53,20.8625,12.00,1.200,8.950,A,#4,APPROACH,1.000A/A
36931,2026-06-04 01:24:54,20.8625,12.00,1.219,9.010,A,#4,APPROACH,1.954A/A
36932,2026-06-04 01:24:57,20.6375,12.00,1.219,9.010,A,#4,APPROACH,2.000A/A
36933,2026-06-04 01:24:58,20.5250,12.00,1.219,9.010,A,#4,APPROACH,2.008A/A
36934,2026-06-04 01:25:00,20.4250,12.00,1.219,9.010,A,#4,APPROACH,2.047A/A
36935,2026-06-04 01:25:02,20.4250,12.00,1.429,16.968,A,#4,APPROACH,2.000A/A
36936,2026-06-04 01:25:05,20.1750,12.00,1.429,16.968,A,#4,APPROACH,2.099A/A
36937,2026-06-04 01:25:06,20.0875,12.00,1.429,16.968,A,#4,APPROACH,1.500A/A
36938,2026-06-04 01:25:08,19.9875,12.00,1.429,16.968,A,#4,HOLDING,2.000A/A
36939,2026-06-04 01:25:10,19.9875,12.00,1.415,16.968,OFF,#4,HOLDING,0.000A/OFF
36940,2026-06-04 01:25:11,19.8375,12.00,1.415,16.824,OFF,#4,HOLDING,0.000A/OFF
36941,2026-06-04 01:25:12,19.7375,12.00,1.415,16.824,OFF,#4,HOLDING,0.000A/OFF
36942,2026-06-04 01:25:13,19.7375,12.00,1.415,16.824,OFF,#4,HOLDING,0.000A/OFF
36943,2026-06-04 01:25:14,19.5875,12.00,1.415,16.824,OFF,#4,HOLDING,0.000A/OFF
36944,2026-06-04 01:25:15,19.5875,12.00,1.415,16.824,OFF,#4,HOLDING,0.000A/OFF
36945,2026-06-04 01:25:16,19.4875,12.00,1.415,16.824,OFF,#4,HOLDING,0.000A/OFF
36946,2026-06-04 01:25:17,19.4875,12.00,0.000,0.000,A,#4,HOLDING,0.109A/A
36947,2026-06-04 01:25:19,19.4000,12.00,0.000,0.000,A,#4,HOLDING,0.116A/A
36948,2026-06-04 01:25:20,19.3250,12.00,0.000,0.000,A,#4,HOLDING,0.136A/A
36949,2026-06-04 01:25:22,19.2375,1.93,0.000,0.000,A,#4,HOLDING,0.137A/A
36950,2026-06-04 01:25:24,19.1875,1.93,0.137,0.263,A,#4,HOLDING,0.147A/A
36951,2026-06-04 01:25:26,19.1750,1.93,0.137,0.263,A,#4,HOLDING,0.162A/A
36952,2026-06-04 01:25:28,19.1250,1.93,0.137,0.263,A,#4,HOLDING,0.169A/A
36953,2026-06-04 01:25:30,19.1125,2.05,0.137,0.263,A,#4,HOLDING,0.177A/A
36954,2026-06-04 01:25:32,19.0625,2.05,0.177,0.377,A,#4,HOLDING,0.175A/A
36955,2026-06-04 01:25:34,19.0625,2.05,0.177,0.377,A,#4,HOLDING,0.184A/A
36956,2026-06-04 01:25:36,19.0625,2.05,0.177,0.377,A,#4,HOLDING,0.187A/A
36957,2026-06-04 01:25:38,19.0625,2.11,0.177,0.377,A,#4,HOLDING,0.194A/A
36958,2026-06-04 01:25:39,19.0625,2.11,0.194,0.424,A,#4,HOLDING,0.196A/A
36959,2026-06-04 01:25:42,19.1000,2.11,0.194,0.424,A,#4,HOLDING,0.203A/A
36960,2026-06-04 01:25:43,19.1250,2.11,0.194,0.424,A,#4,HOLDING,0.210A/A
36961,2026-06-04 01:25:45,19.1375,2.24,0.194,0.424,A,#4,HOLDING,0.216A/A
36962,2026-06-04 01:25:47,19.1375,2.24,0.216,0.501,A,#4,HOLDING,0.219A/A
36963,2026-06-04 01:25:50,19.1875,2.24,0.216,0.501,A,#4,HOLDING,0.229A/A
36964,2026-06-04 01:25:51,19.1875,2.24,0.216,0.501,A,#4,HOLDING,0.233A/A
36965,2026-06-04 01:25:53,19.1875,2.38,0.216,0.501,A,#4,HOLDING,0.240A/A
36966,2026-06-04 01:25:55,19.2375,2.38,0.240,0.600,A,#4,HOLDING,0.250A/A
36967,2026-06-04 01:25:57,19.2500,2.38,0.240,0.600,A,#4,HOLDING,0.263A/A
36968,2026-06-04 01:25:59,19.2750,2.38,0.240,0.600,A,#4,HOLDING,0.274A/A
36969,2026-06-04 01:26:01,19.3125,2.70,0.240,0.600,A,#4,HOLDING,0.285A/A
36970,2026-06-04 01:26:02,19.3125,2.70,0.285,0.820,A,#4,HOLDING,0.296A/A
36971,2026-06-04 01:26:05,19.3500,2.70,0.285,0.820,A,#4,HOLDING,0.312A/A
36972,2026-06-04 01:26:06,19.3750,2.70,0.285,0.820,A,#4,HOLDING,0.324A/A
36973,2026-06-04 01:26:08,19.3875,3.14,0.285,0.820,A,#5,APPROACH,0.339A/A
36974,2026-06-04 01:26:10,19.4125,3.14,0.339,0.000,A,#5,APPROACH,0.105A/A
36975,2026-06-04 01:26:13,19.4375,3.14,0.339,0.000,A,#5,APPROACH,0.161A/A
36976,2026-06-04 01:26:15,19.4375,3.14,0.339,0.000,A,#5,APPROACH,0.219A/A
36977,2026-06-04 01:26:17,19.4750,3.14,0.339,0.000,A,#5,APPROACH,0.281A/A
36978,2026-06-04 01:26:18,19.5000,2.90,0.339,0.000,A,#5,APPROACH,0.345A/A
36979,2026-06-04 01:26:20,19.5375,2.90,0.345,1.190,A,#5,APPROACH,0.422A/A
36980,2026-06-04 01:26:22,19.5625,2.90,0.345,1.190,A,#5,APPROACH,0.514A/A
36981,2026-06-04 01:26:24,19.5625,2.90,0.345,1.190,A,#5,APPROACH,0.573A/A
36982,2026-06-04 01:26:26,19.5625,5.22,0.345,1.190,A,#5,APPROACH,0.643A/A
36983,2026-06-04 01:26:28,19.5625,5.22,0.643,3.838,A,#5,APPROACH,0.713A/A
36984,2026-06-04 01:26:30,19.5875,5.22,0.643,3.838,A,#5,APPROACH,0.811A/A
36985,2026-06-04 01:26:32,19.6250,5.22,0.643,3.838,A,#5,APPROACH,0.882A/A
36986,2026-06-04 01:26:34,19.6250,7.61,0.643,3.838,A,#5,APPROACH,0.958A/A
36987,2026-06-04 01:26:35,19.6250,7.61,0.947,7.970,A,#5,APPROACH,1.000A/A
36988,2026-06-04 01:26:38,19.6250,7.61,0.947,7.970,A,#5,APPROACH,1.027A/A
36989,2026-06-04 01:26:39,19.5625,7.61,0.947,7.970,A,#5,APPROACH,1.000A/A
36990,2026-06-04 01:26:41,19.5625,8.57,0.947,7.970,A,#5,APPROACH,1.079A/A
36991,2026-06-04 01:26:43,19.5500,8.57,1.079,10.023,A,#5,APPROACH,1.149A/A
36992,2026-06-04 01:26:45,19.5000,8.57,1.079,10.023,A,#5,APPROACH,1.239A/A
36993,2026-06-04 01:26:47,19.4875,8.57,1.079,10.023,A,#5,APPROACH,1.000A/A
36994,2026-06-04 01:26:49,19.4375,8.73,1.079,10.023,A,#5,APPROACH,1.292A/A
36995,2026-06-04 01:26:51,19.4000,8.73,1.281,14.069,A,#5,APPROACH,1.357A/A
36996,2026-06-04 01:26:53,19.3250,8.73,1.281,14.069,A,#5,APPROACH,1.431A/A
36997,2026-06-04 01:26:55,19.3000,8.73,1.281,14.069,A,#5,APPROACH,1.000A/A
36998,2026-06-04 01:26:57,19.2250,8.83,1.281,14.069,A,#5,APPROACH,1.479A/A
36999,2026-06-04 01:26:58,19.1500,8.83,1.433,17.232,A,#5,APPROACH,1.531A/A
37000,2026-06-04 01:27:01,19.0750,8.83,1.433,17.232,A,#5,APPROACH,1.595A/A
37001,2026-06-04 01:27:02,19.0250,8.83,1.433,17.232,A,#5,APPROACH,1.500A/A
37002,2026-06-04 01:27:04,18.9500,12.00,1.433,17.232,A,#5,APPROACH,1.000A/A
37003,2026-06-04 01:27:06,18.8625,12.00,1.054,9.040,A,#5,APPROACH,1.000A/A
37004,2026-06-04 01:27:09,18.7875,12.00,1.054,9.040,A,#5,APPROACH,1.000A/A
37005,2026-06-04 01:27:10,18.7125,12.00,1.054,9.040,A,#5,APPROACH,1.620A/A
37006,2026-06-04 01:27:12,18.6125,12.00,1.054,9.040,A,#5,APPROACH,1.000A/A
37007,2026-06-04 01:27:14,18.5500,12.00,1.039,9.080,A,#5,HOLDING,1.000A/A
37008,2026-06-04 01:27:16,18.4500,12.00,1.039,9.080,OFF,#5,HOLDING,0.000A/OFF
37009,2026-06-04 01:27:17,18.3750,12.00,1.039,9.080,OFF,#5,HOLDING,0.000A/OFF
37010,2026-06-04 01:27:18,18.3750,12.00,1.039,9.080,OFF,#5,HOLDING,0.000A/OFF
37011,2026-06-04 01:27:19,18.3250,12.00,1.039,9.080,OFF,#5,HOLDING,0.000A/OFF
37012,2026-06-04 01:27:20,18.3250,12.00,0.000,9.080,OFF,#5,HOLDING,0.000A/OFF
37013,2026-06-04 01:27:21,18.2375,12.00,0.000,9.080,OFF,#5,HOLDING,0.000A/OFF
37014,2026-06-04 01:27:22,18.2375,12.00,0.000,0.000,A,#5,HOLDING,0.112A/A
37015,2026-06-04 01:27:24,18.1375,12.00,0.000,0.000,A,#5,HOLDING,0.118A/A
37016,2026-06-04 01:27:25,18.0875,12.00,0.000,0.000,A,#5,HOLDING,0.142A/A
37017,2026-06-04 01:27:27,18.0625,1.97,0.000,0.000,A,#5,HOLDING,0.154A/A
37018,2026-06-04 01:27:29,18.0250,1.97,0.154,0.317,A,#5,HOLDING,0.178A/A
37019,2026-06-04 01:27:31,18.0000,1.97,0.154,0.317,A,#5,HOLDING,0.200A/A
37020,2026-06-04 01:27:33,18.0000,1.97,0.154,0.317,A,#5,HOLDING,0.216A/A
37021,2026-06-04 01:27:35,18.0000,2.49,0.154,0.317,A,#5,HOLDING,0.234A/A
37022,2026-06-04 01:27:37,18.0000,2.49,0.223,0.622,A,#5,HOLDING,0.251A/A
37023,2026-06-04 01:27:39,18.0000,2.49,0.223,0.622,A,#5,HOLDING,0.270A/A
37024,2026-06-04 01:27:40,18.0625,2.49,0.223,0.622,A,#5,HOLDING,0.291A/A
37025,2026-06-04 01:27:42,18.0625,3.07,0.223,0.622,A,#5,HOLDING,0.309A/A
37026,2026-06-04 01:27:44,18.0750,3.07,0.309,1.010,A,#5,HOLDING,0.327A/A
37027,2026-06-04 01:27:47,18.1250,3.07,0.309,1.010,A,#5,HOLDING,0.349A/A
37028,2026-06-04 01:27:48,18.1250,3.07,0.309,1.010,A,#5,HOLDING,0.366A/A
37029,2026-06-04 01:27:50,18.1750,3.68,0.309,1.010,A,#5,HOLDING,0.391A/A
37030,2026-06-04 01:27:52,18.1875,3.68,0.378,1.552,A,#5,HOLDING,0.410A/A
37031,2026-06-04 01:27:54,18.2125,3.68,0.378,1.552,A,#5,HOLDING,0.442A/A
37032,2026-06-04 01:27:56,18.2500,3.68,0.378,1.552,A,#5,HOLDING,0.462A/A
37033,2026-06-04 01:27:58,18.2500,4.52,0.378,1.552,A,#5,HOLDING,0.485A/A
37034,2026-06-04 01:28:00,18.2875,4.52,0.471,2.328,A,#5,HOLDING,0.513A/A
37035,2026-06-04 01:28:02,18.3125,4.52,0.471,2.328,A,#5,HOLDING,0.544A/A
37036,2026-06-04 01:28:04,18.3750,4.52,0.471,2.328,A,#5,HOLDING,0.576A/A
37037,2026-06-04 01:28:05,18.3750,5.47,0.471,2.328,A,#5,HOLDING,0.601A/A
37038,2026-06-04 01:28:07,18.3750,5.47,0.586,3.485,A,#5,HOLDING,0.628A/A
37039,2026-06-04 01:28:10,18.3750,5.47,0.586,3.485,A,#5,HOLDING,0.658A/A
37040,2026-06-04 01:28:11,18.4375,5.47,0.586,3.485,A,#5,HOLDING,0.692A/A
37041,2026-06-04 01:28:13,18.4375,6.43,0.586,3.485,A,#5,HOLDING,0.723A/A
37042,2026-06-04 01:28:15,18.4375,6.43,0.705,4.923,OFF,--,DONE,0.754A/A
37043,2026-06-04 01:28:18,18.4375,6.43,0.705,4.923,OFF,--,DONE,--
37044,2026-06-04 01:28:19,18.4375,4.34,0.000,4.923,OFF,--,DONE,--
37045,2026-06-04 01:28:20,18.4375,4.34,0.000,4.923,OFF,--,DONE,--
37046,2026-06-04 01:28:21,18.4375,4.34,0.000,0.000,OFF,--,DONE,--
37047,2026-06-04 01:28:22,18.4375,0.40,0.000,0.000,OFF,--,DONE,--
37048,2026-06-04 01:28:23,18.4375,0.40,0.000,0.000,OFF,--,DONE,--
37049,2026-06-04 01:28:24,18.4375,0.40,0.000,0.000,OFF,--,DONE,--
37050,2026-06-04 01:28:25,18.4375,0.40,0.000,0.000,OFF,--,DONE,--
37051,2026-06-04 01:28:26,18.4375,0.10,0.000,0.000,OFF,--,DONE,--
37052,2026-06-04 01:28:27,18.4125,0.10,0.000,0.000,OFF,--,DONE,--
37053,2026-06-04 01:28:28,18.4125,0.10,0.000,0.000,OFF,--,DONE,--
37054,2026-06-04 01:28:29,18.4375,0.00,0.000,0.000,OFF,--,DONE,--
37055,2026-06-04 01:28:30,18.4375,0.00,0.000,0.000,OFF,--,DONE,--
37056,2026-06-04 01:28:31,18.4750,0.00,0.000,0.000,OFF,--,DONE,--
37057,2026-06-04 01:28:32,18.4750,0.00,0.000,0.000,OFF,--,DONE,--
37058,2026-06-04 01:28:33,18.5000,0.00,0.000,0.000,OFF,--,DONE,--
37059,2026-06-04 01:28:34,18.5000,0.00,0.000,0.000,OFF,--,DONE,--
37060,2026-06-04 01:28:35,18.5250,0.00,0.000,0.000,OFF,--,DONE,--
37061,2026-06-04 01:28:36,18.5500,0.00,0.000,0.000,OFF,--,DONE,--
37062,2026-06-04 01:28:37,18.5500,0.00,0.000,0.000,OFF,--,DONE,--
37063,2026-06-04 01:28:38,18.5500,0.00,0.000,0.000,OFF,--,DONE,--
37064,2026-06-04 01:28:39,18.6000,0.00,0.000,0.000,OFF,--,DONE,--
37065,2026-06-04 01:28:40,18.6250,0.00,0.000,0.000,OFF,--,DONE,--
37066,2026-06-04 01:28:41,18.6250,0.00,0.000,0.000,OFF,--,DONE,--
37067,2026-06-04 01:28:42,18.7000,0.00,0.000,0.000,OFF,--,DONE,--
37068,2026-06-04 01:28:43,18.7000,0.00,0.000,0.000,OFF,--,DONE,--
37069,2026-06-04 01:28:44,18.7500,0.00,0.000,0.000,OFF,--,DONE,--
37070,2026-06-04 01:28:45,18.7500,0.00,0.000,0.000,OFF,--,DONE,--
37071,2026-06-04 01:28:46,18.7875,0.00,0.000,0.000,OFF,--,DONE,--
37072,2026-06-04 01:28:47,18.7875,0.00,0.000,0.000,OFF,--,DONE,--
37073,2026-06-04 01:28:48,18.8375,0.00,0.000,0.000,OFF,--,DONE,--
37074,2026-06-04 01:28:49,18.8375,0.00,0.000,0.000,OFF,--,DONE,--
37075,2026-06-04 01:28:50,18.8875,0.00,0.000,0.000,OFF,--,DONE,--
37076,2026-06-04 01:28:51,18.8875,0.00,0.000,0.000,OFF,--,DONE,--
37077,2026-06-04 01:28:52,18.9875,0.00,0.000,0.000,OFF,--,DONE,--
37078,2026-06-04 01:28:53,18.9875,0.00,0.000,0.000,OFF,--,DONE,--
37079,2026-06-04 01:28:55,19.0125,0.00,0.000,0.000,OFF,--,DONE,--
37080,2026-06-04 01:28:56,19.0875,0.00,0.000,0.000,OFF,--,DONE,--
37081,2026-06-04 01:28:57,19.0875,0.00,0.000,0.000,OFF,--,DONE,--
37082,2026-06-04 01:28:58,19.1375,0.00,0.000,0.000,OFF,--,DONE,--
37083,2026-06-04 01:28:59,19.1375,0.00,0.000,0.000,OFF,--,DONE,--
37084,2026-06-04 01:29:00,19.1875,0.00,0.000,0.000,OFF,--,DONE,--
37085,2026-06-04 01:29:01,19.1875,0.00,0.000,0.000,OFF,--,DONE,--
37086,2026-06-04 01:29:02,19.2625,0.00,0.000,0.000,OFF,--,DONE,--
37087,2026-06-04 01:29:03,19.2625,0.00,0.000,0.000,OFF,--,DONE,--
37088,2026-06-04 01:29:04,19.3625,0.00,0.000,0.000,OFF,--,DONE,--
37089,2026-06-04 01:29:05,19.3625,0.00,0.000,0.000,OFF,--,DONE,--
37090,2026-06-04 01:29:06,19.4125,0.00,0.000,0.000,OFF,--,DONE,--
37091,2026-06-04 01:29:07,19.4125,0.00,0.000,0.000,OFF,--,DONE,--
37092,2026-06-04 01:29:08,19.4625,0.00,0.000,0.000,OFF,--,DONE,--
37093,2026-06-04 01:29:09,19.4625,0.00,0.000,0.000,OFF,--,DONE,--
37094,2026-06-04 01:29:10,19.5125,0.00,0.000,0.000,OFF,--,DONE,--
37095,2026-06-04 01:29:11,19.5625,0.00,0.000,0.000,OFF,--,DONE,--
37096,2026-06-04 01:29:12,19.5625,0.00,0.000,0.000,OFF,--,DONE,--
37097,2026-06-04 01:29:13,19.6625,0.00,0.000,0.000,OFF,--,DONE,--
37098,2026-06-04 01:29:14,19.6625,0.00,0.000,0.000,OFF,--,DONE,--
37099,2026-06-04 01:29:15,19.7125,0.00,0.000,0.000,OFF,--,DONE,--
37100,2026-06-04 01:29:16,19.7125,0.00,0.000,0.000,OFF,--,DONE,--
37101,2026-06-04 01:29:17,19.7500,0.00,0.000,0.000,OFF,--,DONE,--
37102,2026-06-04 01:29:18,19.7500,0.00,0.000,0.000,OFF,--,DONE,--
37103,2026-06-04 01:29:19,19.8000,0.00,0.000,0.000,OFF,--,DONE,--
37104,2026-06-04 01:29:20,19.8000,0.00,0.000,0.000,OFF,--,DONE,--
37105,2026-06-04 01:29:21,19.8875,0.00,0.000,0.000,OFF,--,DONE,--
37106,2026-06-04 01:29:22,19.8875,0.00,0.000,0.000,OFF,--,DONE,--
37107,2026-06-04 01:29:23,19.9375,0.00,0.000,0.000,OFF,--,DONE,--
37108,2026-06-04 01:29:24,19.9375,0.00,0.000,0.000,OFF,--,DONE,--
37109,2026-06-04 01:29:25,20.0000,0.00,0.000,0.000,OFF,--,DONE,--
37110,2026-06-04 01:29:26,20.0500,0.00,0.000,0.000,OFF,--,DONE,--
37111,2026-06-04 01:29:27,20.0500,0.00,0.000,0.000,OFF,--,DONE,--
37112,2026-06-04 01:29:28,20.1250,0.00,0.000,0.000,OFF,--,DONE,--
37113,2026-06-04 01:29:30,20.1250,0.00,0.000,0.000,OFF,--,DONE,--
37114,2026-06-04 01:29:31,20.1500,0.00,0.000,0.000,OFF,--,DONE,--
37115,2026-06-04 01:29:32,20.1500,0.00,0.000,0.000,OFF,--,DONE,--
37116,2026-06-04 01:29:33,20.2250,0.00,0.000,0.000,OFF,--,DONE,--
37117,2026-06-04 01:29:34,20.2250,0.00,0.000,0.000,OFF,--,DONE,--
37118,2026-06-04 01:29:35,20.3000,0.00,0.000,0.000,OFF,--,DONE,--
37119,2026-06-04 01:29:36,20.3000,0.00,0.000,0.000,OFF,--,DONE,--
37120,2026-06-04 01:29:37,20.3500,0.00,0.000,0.000,OFF,--,DONE,--
37121,2026-06-04 01:29:38,20.3500,0.00,0.000,0.000,OFF,--,DONE,--
37122,2026-06-04 01:29:39,20.3750,0.00,0.000,0.000,OFF,--,DONE,--
37123,2026-06-04 01:29:40,20.3750,0.00,0.000,0.000,OFF,--,DONE,--
37124,2026-06-04 01:29:41,20.4250,0.00,0.000,0.000,OFF,--,DONE,--
37125,2026-06-04 01:29:42,20.5000,0.00,0.000,0.000,OFF,--,DONE,--
37126,2026-06-04 01:29:43,20.5000,0.00,0.000,0.000,OFF,--,DONE,--
37127,2026-06-04 01:29:44,20.5375,0.00,0.000,0.000,OFF,--,DONE,--
37128,2026-06-04 01:29:45,20.5375,0.00,0.000,0.000,OFF,--,DONE,--
37129,2026-06-04 01:29:46,20.6125,0.00,0.000,0.000,OFF,--,DONE,--
37130,2026-06-04 01:29:47,20.6125,0.00,0.000,0.000,OFF,--,DONE,--
37131,2026-06-04 01:29:48,20.6375,0.00,0.000,0.000,OFF,--,DONE,--
37132,2026-06-04 01:29:49,20.6375,0.00,0.000,0.000,OFF,--,DONE,--
37133,2026-06-04 01:29:50,20.6875,0.00,0.000,0.000,OFF,--,DONE,--
37134,2026-06-04 01:29:51,20.6875,0.00,0.000,0.000,OFF,--,DONE,--
37135,2026-06-04 01:29:52,20.7250,0.00,0.000,0.000,OFF,--,DONE,--
37136,2026-06-04 01:29:53,20.7250,0.00,0.000,0.000,OFF,--,DONE,--
37137,2026-06-04 01:29:54,20.7500,0.00,0.000,0.000,OFF,--,DONE,--
37138,2026-06-04 01:29:55,20.8250,0.00,0.000,0.000,OFF,--,DONE,--
37139,2026-06-04 01:29:56,20.8250,0.00,0.000,0.000,OFF,--,DONE,--
37140,2026-06-04 01:29:57,20.8750,0.00,0.000,0.000,OFF,--,DONE,--
37141,2026-06-04 01:29:58,20.8750,0.00,0.000,0.000,OFF,--,DONE,--
37142,2026-06-04 01:29:59,20.8750,0.00,0.000,0.000,OFF,--,DONE,--
37143,2026-06-04 01:30:00,20.8750,0.00,0.000,0.000,OFF,--,DONE,--
37144,2026-06-04 01:30:01,20.9250,0.00,0.000,0.000,OFF,--,DONE,--
37145,2026-06-04 01:30:02,20.9250,0.00,0.000,0.000,OFF,--,DONE,--
37146,2026-06-04 01:30:03,20.9750,0.00,0.000,0.000,OFF,--,DONE,--
37147,2026-06-04 01:30:05,20.9750,0.00,0.000,0.000,OFF,--,DONE,--
37148,2026-06-04 01:30:06,21.0250,0.00,0.000,0.000,OFF,--,DONE,--
37149,2026-06-04 01:30:07,21.0250,0.00,0.000,0.000,OFF,--,DONE,--
37150,2026-06-04 01:30:08,21.0625,0.00,0.000,0.000,OFF,--,DONE,--
37151,2026-06-04 01:30:09,21.0875,0.00,0.000,0.000,OFF,--,DONE,--
37152,2026-06-04 01:30:10,21.0875,0.00,0.000,0.000,OFF,--,DONE,--
37153,2026-06-04 01:30:11,21.1250,0.00,0.000,0.000,OFF,--,DONE,--
37154,2026-06-04 01:30:12,21.1250,0.00,0.000,0.000,OFF,--,DONE,--
37155,2026-06-04 01:30:13,21.1750,0.00,0.000,0.000,OFF,--,DONE,--
37156,2026-06-04 01:30:14,21.1750,0.00,0.000,0.000,OFF,--,DONE,--
37157,2026-06-04 01:30:15,21.2000,0.00,0.000,0.000,OFF,--,DONE,--
37158,2026-06-04 01:30:16,21.2000,0.00,0.000,0.000,OFF,--,DONE,--
37159,2026-06-04 01:30:17,21.2500,0.00,0.000,0.000,OFF,--,DONE,--
37160,2026-06-04 01:30:18,21.2500,0.00,0.000,0.000,OFF,--,DONE,--
37161,2026-06-04 01:30:19,21.3125,0.00,0.000,0.000,OFF,--,DONE,--
37162,2026-06-04 01:30:20,21.3125,0.00,0.000,0.000,OFF,--,DONE,--
37163,2026-06-04 01:30:21,21.3125,0.00,0.000,0.000,B,#1,APPROACH,3.000A/B
37164,2026-06-04 01:30:23,21.3750,0.00,0.000,0.000,B,#1,APPROACH,2.500A/B
37165,2026-06-04 01:30:25,21.3750,0.00,0.000,0.000,B,#1,APPROACH,2.500A/B
37166,2026-06-04 01:30:27,21.4375,0.00,0.000,0.000,B,#1,APPROACH,1.000A/B
37167,2026-06-04 01:30:28,21.4375,9.18,1.000,0.000,B,#1,APPROACH,1.819A/B
37168,2026-06-04 01:30:30,21.5000,9.18,1.000,18.432,B,#1,APPROACH,1.500A/B
37169,2026-06-04 01:30:32,21.5500,9.18,1.000,18.432,B,#1,APPROACH,1.507A/B
37170,2026-06-04 01:30:33,21.5500,9.18,1.000,18.432,B,#1,APPROACH,1.000A/B
37171,2026-06-04 01:30:35,21.6625,8.52,1.000,18.432,B,#1,APPROACH,1.575A/B
37172,2026-06-04 01:30:37,21.7625,8.52,1.331,17.772,B,#1,APPROACH,1.500A/B
37173,2026-06-04 01:30:40,22.0500,8.52,1.331,17.772,B,#1,APPROACH,1.818A/B
37174,2026-06-04 01:30:41,22.0500,8.52,1.331,17.772,B,#1,APPROACH,2.120A/B
37175,2026-06-04 01:30:43,22.1750,12.00,1.331,17.772,B,#1,APPROACH,2.444A/B
37176,2026-06-04 01:30:45,22.3750,12.00,1.448,17.196,B,#1,APPROACH,2.770A/B
37177,2026-06-04 01:30:47,22.7500,12.00,1.448,17.196,B,#1,APPROACH,1.000A/B
37178,2026-06-04 01:30:49,22.7500,12.00,1.448,17.196,B,#1,APPROACH,1.000A/B
37179,2026-06-04 01:30:51,22.9250,9.01,1.448,17.196,B,#1,APPROACH,1.000A/B
37180,2026-06-04 01:30:52,23.1250,9.01,1.000,9.160,B,#1,APPROACH,2.500A/B
37181,2026-06-04 01:30:55,23.5000,9.01,1.000,9.160,B,#1,APPROACH,2.500A/B
37182,2026-06-04 01:30:56,23.5000,9.01,1.000,9.160,B,#1,APPROACH,2.000A/B
37183,2026-06-04 01:30:58,23.7125,12.00,1.000,9.160,B,#1,APPROACH,1.000A/B
37184,2026-06-04 01:31:00,23.9125,12.00,1.203,9.230,B,#1,APPROACH,1.500A/B
37185,2026-06-04 01:31:03,24.1125,12.00,1.203,9.230,B,#1,APPROACH,1.000A/B
37186,2026-06-04 01:31:04,24.2875,12.00,1.203,9.230,B,#1,APPROACH,2.500A/B
37187,2026-06-04 01:31:06,24.4875,12.00,1.203,9.230,B,#1,APPROACH,1.500A/B
37188,2026-06-04 01:31:08,24.6875,12.00,1.380,16.368,B,#1,APPROACH,2.500A/B
37189,2026-06-04 01:31:10,24.8625,12.00,1.380,16.368,B,#1,APPROACH,1.000A/B
37190,2026-06-04 01:31:12,25.0625,12.00,1.380,16.368,B,#1,APPROACH,2.000A/B
37191,2026-06-04 01:31:14,25.2500,12.00,1.380,16.368,B,#1,APPROACH,3.000A/B
37192,2026-06-04 01:31:15,25.5000,12.00,1.357,16.116,B,#1,APPROACH,2.000A/B
37193,2026-06-04 01:31:18,25.6750,12.00,1.357,16.116,B,#1,APPROACH,1.000A/B
37194,2026-06-04 01:31:19,25.9000,12.00,1.357,16.116,B,#1,APPROACH,2.000A/B
37195,2026-06-04 01:31:21,26.0875,12.00,1.357,16.116,B,#1,APPROACH,1.000A/B
37196,2026-06-04 01:31:23,26.3125,12.00,1.050,9.610,B,#1,APPROACH,1.500A/B
37197,2026-06-04 01:31:25,26.5000,12.00,1.050,9.610,B,#1,APPROACH,1.500A/B
37198,2026-06-04 01:31:27,26.7000,12.00,1.050,9.610,B,#1,APPROACH,2.000A/B
37199,2026-06-04 01:31:29,26.9000,12.00,1.050,9.610,B,#1,APPROACH,1.000A/B
37200,2026-06-04 01:31:31,27.1000,12.00,1.052,9.660,B,#1,APPROACH,1.000A/B
37201,2026-06-04 01:31:33,27.3000,12.00,1.052,9.660,B,#1,APPROACH,1.500A/B
37202,2026-06-04 01:31:35,27.5000,12.00,1.052,9.660,B,#1,APPROACH,2.500A/B
37203,2026-06-04 01:31:37,27.6875,12.00,1.052,9.660,B,#1,APPROACH,1.500A/B
37204,2026-06-04 01:31:38,27.8875,12.00,1.325,15.756,B,#1,APPROACH,1.000A/B
37205,2026-06-04 01:31:41,28.0500,12.00,1.325,15.756,B,#1,APPROACH,1.000A/B
37206,2026-06-04 01:31:42,28.2250,12.00,1.325,15.756,B,#1,APPROACH,2.500A/B
37207,2026-06-04 01:31:44,28.4250,12.00,1.325,15.756,B,#1,APPROACH,2.880A/B
37208,2026-06-04 01:31:46,28.6000,12.00,1.316,15.636,B,#1,APPROACH,2.988A/B
37209,2026-06-04 01:31:48,28.8000,12.00,1.316,15.636,B,#1,APPROACH,1.500A/B
37210,2026-06-04 01:31:50,28.9750,12.00,1.316,15.636,B,#1,APPROACH,1.500A/B
37211,2026-06-04 01:31:52,29.1125,12.00,1.316,15.636,B,#1,APPROACH,3.000A/B
37212,2026-06-04 01:31:54,29.3125,12.00,1.304,15.504,B,#1,APPROACH,2.000A/B
37213,2026-06-04 01:31:56,29.4875,12.00,1.304,15.504,B,#1,APPROACH,3.000A/B
37214,2026-06-04 01:31:58,29.6375,12.00,1.304,15.504,B,#1,APPROACH,2.000A/B
37215,2026-06-04 01:32:00,29.8000,12.00,1.304,15.504,B,#1,APPROACH,2.000A/B
37216,2026-06-04 01:32:01,30.0000,12.00,1.294,15.396,B,#1,APPROACH,2.500A/B
37217,2026-06-04 01:32:04,30.1750,12.00,1.294,15.396,B,#1,APPROACH,3.000A/B
37218,2026-06-04 01:32:05,30.3250,12.00,1.294,15.396,B,#1,APPROACH,3.000A/B
37219,2026-06-04 01:32:07,30.4875,12.00,1.294,15.396,B,#1,APPROACH,1.500A/B
37220,2026-06-04 01:32:09,30.6375,12.00,1.285,15.288,B,#1,APPROACH,1.500A/B
37221,2026-06-04 01:32:11,30.8000,12.00,1.285,15.288,B,#1,HOLDING,2.995A/B
37222,2026-06-04 01:32:13,30.9500,12.00,1.285,15.288,OFF,#1,HOLDING,0.000A/OFF
37223,2026-06-04 01:32:14,31.1250,12.00,1.285,15.288,OFF,#1,HOLDING,0.000A/OFF
37224,2026-06-04 01:32:15,31.1250,12.00,1.285,15.288,OFF,#1,HOLDING,0.000A/OFF
37225,2026-06-04 01:32:16,31.3000,12.00,0.000,15.288,OFF,#1,HOLDING,0.000A/OFF
37226,2026-06-04 01:32:17,31.3000,12.00,0.000,0.000,OFF,#1,HOLDING,0.000A/OFF
37227,2026-06-04 01:32:18,31.4500,12.00,0.000,0.000,OFF,#1,HOLDING,0.000A/OFF
37228,2026-06-04 01:32:19,31.4500,12.00,0.000,0.000,OFF,#1,HOLDING,0.000A/OFF
37229,2026-06-04 01:32:20,31.6000,12.00,0.000,0.000,OFF,#1,HOLDING,0.000A/OFF
37230,2026-06-04 01:32:21,31.6000,12.00,0.000,0.000,OFF,#1,HOLDING,0.000A/OFF
37231,2026-06-04 01:32:22,31.7250,12.00,0.000,0.000,OFF,#1,HOLDING,0.000A/OFF
37232,2026-06-04 01:32:23,31.8500,12.00,0.000,0.000,OFF,#1,HOLDING,0.000A/OFF
37233,2026-06-04 01:32:24,31.8500,12.00,0.000,0.000,OFF,#1,HOLDING,0.000A/OFF
37234,2026-06-04 01:32:25,31.9500,12.00,0.000,0.000,OFF,#1,HOLDING,0.000A/OFF
37235,2026-06-04 01:32:26,31.9500,12.00,0.000,0.000,OFF,#1,HOLDING,0.000A/OFF
37236,2026-06-04 01:32:27,32.0500,12.00,0.000,0.000,OFF,#1,HOLDING,0.000A/OFF
37237,2026-06-04 01:32:28,32.0500,12.00,0.000,0.000,OFF,#1,HOLDING,0.000A/OFF
37238,2026-06-04 01:32:29,32.1375,12.00,0.000,0.000,OFF,#1,HOLDING,0.000A/OFF
37239,2026-06-04 01:32:30,32.1375,12.00,0.000,0.000,OFF,#1,HOLDING,0.000A/OFF
37240,2026-06-04 01:32:31,32.2125,12.00,0.000,0.000,OFF,#1,HOLDING,0.000A/OFF
37241,2026-06-04 01:32:32,32.2125,12.00,0.000,0.000,OFF,#1,HOLDING,0.000A/OFF
37242,2026-06-04 01:32:33,32.2625,12.00,0.000,0.000,OFF,#1,HOLDING,0.000A/OFF
37243,2026-06-04 01:32:34,32.2625,12.00,0.000,0.000,OFF,#1,HOLDING,0.000A/OFF
37244,2026-06-04 01:32:35,32.3125,12.00,0.000,0.000,OFF,#1,HOLDING,0.000A/OFF
37245,2026-06-04 01:32:36,32.3125,12.00,0.000,0.000,OFF,#1,HOLDING,0.000A/OFF
37246,2026-06-04 01:32:37,32.3750,12.00,0.000,0.000,OFF,#1,HOLDING,0.000A/OFF
37247,2026-06-04 01:32:38,32.3750,12.00,0.000,0.000,OFF,#1,HOLDING,0.000A/OFF
37248,2026-06-04 01:32:39,32.3750,12.00,0.000,0.000,OFF,#1,HOLDING,0.000A/OFF
37249,2026-06-04 01:32:40,32.3750,12.00,0.000,0.000,OFF,#1,HOLDING,0.000A/OFF
37250,2026-06-04 01:32:41,32.3750,12.00,0.000,0.000,OFF,#1,HOLDING,0.000A/OFF
37251,2026-06-04 01:32:42,32.3750,12.00,0.000,0.000,OFF,#1,HOLDING,0.000A/OFF
37252,2026-06-04 01:32:43,32.3750,12.00,0.000,0.000,OFF,#1,HOLDING,0.000A/OFF
37253,2026-06-04 01:32:44,32.3750,12.00,0.000,0.000,OFF,#1,HOLDING,0.000A/OFF
37254,2026-06-04 01:32:45,32.3750,12.00,0.000,0.000,OFF,#1,HOLDING,0.000A/OFF
37255,2026-06-04 01:32:46,32.3750,12.00,0.000,0.000,A,#1,HOLDING,0.106A/A
37256,2026-06-04 01:32:48,32.3750,5.52,0.106,0.000,A,#1,HOLDING,0.128A/A
37257,2026-06-04 01:32:50,32.3250,5.52,0.106,0.084,A,#1,HOLDING,0.142A/A
37258,2026-06-04 01:32:52,32.3250,5.52,0.106,0.084,A,#1,HOLDING,0.159A/A
37259,2026-06-04 01:32:53,32.2500,5.52,0.106,0.084,A,#1,HOLDING,0.166A/A
37260,2026-06-04 01:32:55,32.2250,1.05,0.106,0.084,A,#1,HOLDING,0.184A/A
37261,2026-06-04 01:32:57,32.1500,1.05,0.173,0.239,A,#1,HOLDING,0.190A/A
37262,2026-06-04 01:32:59,32.1000,1.05,0.173,0.239,A,#1,HOLDING,0.208A/A
37263,2026-06-04 01:33:01,32.0000,1.05,0.173,0.239,A,#1,HOLDING,0.206A/A
37264,2026-06-04 01:33:03,31.9500,1.54,0.173,0.239,A,#1,HOLDING,0.214A/A
37265,2026-06-04 01:33:05,31.8625,1.54,0.214,0.357,A,#1,HOLDING,0.212A/A
37266,2026-06-04 01:33:07,31.7625,1.54,0.214,0.357,A,#1,HOLDING,0.214A/A
37267,2026-06-04 01:33:09,31.6875,1.54,0.214,0.357,A,#1,HOLDING,0.207A/A
37268,2026-06-04 01:33:11,31.6125,1.64,0.214,0.357,A,#1,HOLDING,0.201A/A
37269,2026-06-04 01:33:12,31.5250,1.64,0.201,0.329,A,#2,APPROACH,0.190A/A
37270,2026-06-04 01:33:15,31.4000,1.64,0.201,0.329,A,#2,APPROACH,0.122A/A
37271,2026-06-04 01:33:17,31.1750,1.64,0.201,0.329,A,#2,APPROACH,0.104A/A
37272,2026-06-04 01:33:19,31.0875,1.64,0.201,0.329,A,#2,APPROACH,0.141A/A
37273,2026-06-04 01:33:21,30.9875,6.96,0.141,0.329,A,#2,APPROACH,0.180A/A
37274,2026-06-04 01:33:23,30.9000,6.96,0.141,0.295,A,#2,APPROACH,0.243A/A
37275,2026-06-04 01:33:25,30.7750,6.96,0.141,0.295,A,#2,APPROACH,0.277A/A
37276,2026-06-04 01:33:26,30.7750,6.96,0.141,0.295,A,#2,APPROACH,0.333A/A
37277,2026-06-04 01:33:28,30.6375,2.96,0.141,0.295,A,#2,APPROACH,0.371A/A
37278,2026-06-04 01:33:30,30.5125,2.96,0.349,1.250,A,#2,APPROACH,0.411A/A
37279,2026-06-04 01:33:32,30.2125,2.96,0.349,1.250,A,#2,HOLDING,0.371A/A
37280,2026-06-04 01:33:34,30.2125,2.96,0.349,1.250,OFF,#2,HOLDING,0.000A/OFF
37281,2026-06-04 01:33:35,30.1125,2.96,0.349,1.250,OFF,#2,HOLDING,0.000A/OFF
37282,2026-06-04 01:33:36,29.9375,12.00,0.349,1.250,OFF,#2,HOLDING,0.000A/OFF
37283,2026-06-04 01:33:37,29.9375,12.00,0.000,1.250,OFF,#2,HOLDING,0.000A/OFF
37284,2026-06-04 01:33:38,29.8250,12.00,0.000,0.000,OFF,#2,HOLDING,0.000A/OFF
37285,2026-06-04 01:33:39,29.8250,12.00,0.000,0.000,OFF,#2,HOLDING,0.000A/OFF
37286,2026-06-04 01:33:40,29.6500,12.00,0.000,0.000,OFF,#2,HOLDING,0.000A/OFF
37287,2026-06-04 01:33:41,29.6500,12.00,0.000,0.000,OFF,#2,HOLDING,0.000A/OFF
37288,2026-06-04 01:33:42,29.5125,12.00,0.000,0.000,OFF,#2,HOLDING,0.000A/OFF
37289,2026-06-04 01:33:43,29.5125,12.00,0.000,0.000,OFF,#2,HOLDING,0.000A/OFF
37290,2026-06-04 01:33:44,29.3625,12.00,0.000,0.000,OFF,#2,HOLDING,0.000A/OFF
37291,2026-06-04 01:33:45,29.3625,12.00,0.000,0.000,OFF,#2,HOLDING,0.000A/OFF
37292,2026-06-04 01:33:46,29.2375,12.00,0.000,0.000,OFF,#2,HOLDING,0.000A/OFF
37293,2026-06-04 01:33:47,29.2375,12.00,0.000,0.000,OFF,#2,HOLDING,0.000A/OFF
37294,2026-06-04 01:33:48,29.0875,12.00,0.000,0.000,OFF,#2,HOLDING,0.000A/OFF
37295,2026-06-04 01:33:49,29.0875,12.00,0.000,0.000,OFF,#2,HOLDING,0.000A/OFF
37296,2026-06-04 01:33:50,28.9875,12.00,0.000,0.000,OFF,#2,HOLDING,0.000A/OFF
37297,2026-06-04 01:33:51,28.9875,12.00,0.000,0.000,OFF,#2,HOLDING,0.000A/OFF
37298,2026-06-04 01:33:52,28.8625,12.00,0.000,0.000,OFF,#2,HOLDING,0.000A/OFF
37299,2026-06-04 01:33:53,28.8625,12.00,0.000,0.000,OFF,#2,HOLDING,0.000A/OFF
37300,2026-06-04 01:33:54,28.7125,12.00,0.000,0.000,OFF,#2,HOLDING,0.000A/OFF
37301,2026-06-04 01:33:55,28.6125,12.00,0.000,0.000,OFF,#2,HOLDING,0.000A/OFF
37302,2026-06-04 01:33:56,28.6125,12.00,0.000,0.000,OFF,#2,HOLDING,0.000A/OFF
37303,2026-06-04 01:33:57,28.4875,12.00,0.000,0.000,OFF,#2,HOLDING,0.000A/OFF
37304,2026-06-04 01:33:58,28.4875,12.00,0.000,0.000,OFF,#2,HOLDING,0.000A/OFF
37305,2026-06-04 01:33:59,28.3625,12.00,0.000,0.000,OFF,#2,HOLDING,0.000A/OFF
37306,2026-06-04 01:34:00,28.3625,12.00,0.000,0.000,OFF,#2,HOLDING,0.000A/OFF
37307,2026-06-04 01:34:01,28.2375,12.00,0.000,0.000,B,#2,HOLDING,0.153A/B
37308,2026-06-04 01:34:03,28.2375,11.73,0.153,0.000,B,#2,HOLDING,0.164A/B
37309,2026-06-04 01:34:05,28.1125,11.73,0.153,0.250,B,#2,HOLDING,0.226A/B
37310,2026-06-04 01:34:06,28.0500,11.73,0.153,0.250,B,#2,HOLDING,0.254A/B
37311,2026-06-04 01:34:08,27.9250,11.73,0.153,0.250,B,#2,HOLDING,0.319A/B
37312,2026-06-04 01:34:10,27.8375,2.84,0.153,0.250,B,#2,HOLDING,0.374A/B
37313,2026-06-04 01:34:12,27.7625,2.84,0.374,1.271,B,#2,HOLDING,0.435A/B
37314,2026-06-04 01:34:14,27.6750,2.84,0.374,1.271,B,#2,HOLDING,0.509A/B
37315,2026-06-04 01:34:16,27.5750,2.84,0.374,1.271,B,#2,HOLDING,0.572A/B
37316,2026-06-04 01:34:17,27.5250,4.98,0.374,1.271,B,#2,HOLDING,0.638A/B
37317,2026-06-04 01:34:19,27.4500,4.98,0.626,3.598,B,#2,HOLDING,0.712A/B
37318,2026-06-04 01:34:22,27.4000,4.98,0.626,3.598,B,#2,HOLDING,0.797A/B
37319,2026-06-04 01:34:23,27.3250,4.98,0.626,3.598,B,#2,HOLDING,0.868A/B
37320,2026-06-04 01:34:25,27.3000,7.33,0.626,3.598,B,#2,HOLDING,0.939A/B
37321,2026-06-04 01:34:27,27.2500,7.33,0.923,7.558,B,#2,HOLDING,1.019A/B
37322,2026-06-04 01:34:29,27.2500,7.33,0.923,7.558,B,#2,HOLDING,1.108A/B
37323,2026-06-04 01:34:31,27.2000,7.33,0.923,7.558,B,#2,HOLDING,1.000A/B
37324,2026-06-04 01:34:33,27.2250,8.49,0.923,7.558,B,#2,HOLDING,1.171A/B
37325,2026-06-04 01:34:35,27.2250,8.49,1.142,11.604,B,#2,HOLDING,1.000A/B
37326,2026-06-04 01:34:37,27.2500,8.49,1.142,11.604,B,#2,HOLDING,1.238A/B
37327,2026-06-04 01:34:39,27.2500,8.49,1.142,11.604,B,#2,HOLDING,1.305A/B
37328,2026-06-04 01:34:40,27.3250,10.77,1.142,11.604,B,#2,HOLDING,1.000A/B
37329,2026-06-04 01:34:42,27.3500,10.77,1.023,8.880,B,#2,HOLDING,1.365A/B
37330,2026-06-04 01:34:45,27.3875,10.77,1.023,8.880,B,#2,HOLDING,1.452A/B
37331,2026-06-04 01:34:46,27.4625,10.77,1.023,8.880,B,#2,HOLDING,1.506A/B
37332,2026-06-04 01:34:48,27.5250,12.00,1.023,8.880,B,#2,HOLDING,1.000A/B
37333,2026-06-04 01:34:50,27.5750,12.00,1.070,9.090,B,#2,HOLDING,1.561A/B
37334,2026-06-04 01:34:52,27.6625,12.00,1.070,9.090,B,#2,HOLDING,1.636A/B
37335,2026-06-04 01:34:54,27.7375,12.00,1.070,9.090,B,#2,HOLDING,1.000A/B
37336,2026-06-04 01:34:56,27.8500,9.02,1.070,9.090,B,#2,HOLDING,1.668A/B
37337,2026-06-04 01:34:58,27.9250,9.02,1.407,16.680,B,#2,HOLDING,1.716A/B
37338,2026-06-04 01:35:00,28.0125,9.02,1.407,16.680,B,#2,HOLDING,1.774A/B
37339,2026-06-04 01:35:02,28.0875,9.02,1.407,16.680,B,#2,HOLDING,1.812A/B
37340,2026-06-04 01:35:04,28.2250,12.00,1.407,16.680,B,#2,HOLDING,1.838A/B
37341,2026-06-04 01:35:05,28.3250,12.00,1.375,16.308,B,#2,HOLDING,1.500A/B
37342,2026-06-04 01:35:08,28.4125,12.00,1.375,16.308,B,#2,HOLDING,1.500A/B
37343,2026-06-04 01:35:09,28.5625,12.00,1.375,16.308,B,#2,HOLDING,1.817A/B
37344,2026-06-04 01:35:11,28.6750,12.00,1.375,16.308,B,#2,HOLDING,1.500A/B
37345,2026-06-04 01:35:13,28.8250,12.00,1.351,16.032,B,#2,HOLDING,1.000A/B
37346,2026-06-04 01:35:15,28.9500,12.00,1.351,16.032,B,#2,HOLDING,1.840A/B
37347,2026-06-04 01:35:17,29.0750,12.00,1.351,16.032,B,#2,HOLDING,1.000A/B
37348,2026-06-04 01:35:19,29.2250,9.55,1.351,16.032,B,#2,HOLDING,1.500A/B
37349,2026-06-04 01:35:21,29.3750,9.55,1.299,15.912,B,#2,HOLDING,1.500A/B
37350,2026-06-04 01:35:23,29.5125,9.55,1.299,15.912,B,#2,HOLDING,1.842A/B
37351,2026-06-04 01:35:25,29.6375,9.55,1.299,15.912,B,#2,HOLDING,1.832A/B
37352,2026-06-04 01:35:27,29.8000,12.00,1.299,15.912,B,#2,HOLDING,1.812A/B
37353,2026-06-04 01:35:28,29.9250,12.00,1.323,15.720,B,#2,HOLDING,1.786A/B
37354,2026-06-04 01:35:31,30.0500,12.00,1.323,15.720,B,#2,HOLDING,1.755A/B
37355,2026-06-04 01:35:32,30.2250,12.00,1.323,15.720,B,#2,HOLDING,1.720A/B
37356,2026-06-04 01:35:34,30.3625,12.00,1.323,15.720,B,#2,HOLDING,1.626A/B
37357,2026-06-04 01:35:36,30.5375,12.00,1.307,15.540,B,#2,HOLDING,1.500A/B
37358,2026-06-04 01:35:39,30.6625,12.00,1.307,15.540,B,#2,HOLDING,1.500A/B
37359,2026-06-04 01:35:40,30.8125,12.00,1.307,15.540,B,#2,HOLDING,1.500A/B
37360,2026-06-04 01:35:42,30.9750,12.00,1.307,15.540,B,#2,HOLDING,1.500A/B
37361,2026-06-04 01:35:44,31.1000,12.00,1.298,15.408,B,#2,HOLDING,1.539A/B
37362,2026-06-04 01:35:46,31.2375,12.00,1.298,15.408,B,#2,HOLDING,1.446A/B
37363,2026-06-04 01:35:48,31.3875,12.00,1.298,15.408,B,#2,HOLDING,1.370A/B
37364,2026-06-04 01:35:50,31.5000,12.00,1.298,15.408,B,#2,HOLDING,1.284A/B
37365,2026-06-04 01:35:52,31.6500,12.00,1.286,15.312,B,#2,HOLDING,1.184A/B
37366,2026-06-04 01:35:54,31.8000,12.00,1.286,15.312,B,#2,HOLDING,1.064A/B
37367,2026-06-04 01:35:56,31.9500,12.00,1.286,15.312,B,#2,HOLDING,0.965A/B
37368,2026-06-04 01:35:57,32.0500,9.63,1.286,15.312,B,#2,HOLDING,0.863A/B
37369,2026-06-04 01:35:59,32.2000,9.63,0.911,7.715,B,#2,HOLDING,0.744A/B
37370,2026-06-04 01:36:02,32.3500,9.63,0.911,7.715,B,#2,HOLDING,0.625A/B
37371,2026-06-04 01:36:03,32.4500,9.63,0.911,7.715,B,#2,HOLDING,0.518A/B
37372,2026-06-04 01:36:05,32.5750,6.26,0.911,7.715,B,#2,HOLDING,0.391A/B
37373,2026-06-04 01:36:07,32.7000,6.26,0.453,2.044,B,#2,HOLDING,0.258A/B
37374,2026-06-04 01:36:09,32.8000,6.26,0.453,2.044,OFF,#2,HOLDING,0.000A/OFF
37375,2026-06-04 01:36:10,32.9500,6.26,0.453,2.044,OFF,#2,HOLDING,0.000A/OFF
37376,2026-06-04 01:36:11,32.9500,6.26,0.453,2.044,OFF,#2,HOLDING,0.000A/OFF
37377,2026-06-04 01:36:12,33.0500,12.00,0.453,2.044,A,#2,HOLDING,0.155A/A
37378,2026-06-04 01:36:14,33.1500,12.00,0.000,0.210,A,#2,HOLDING,0.290A/A
37379,2026-06-04 01:36:16,33.2375,12.00,0.000,0.210,A,#2,HOLDING,0.482A/A
37380,2026-06-04 01:36:18,33.3125,12.00,0.000,0.210,A,#2,HOLDING,0.613A/A
37381,2026-06-04 01:36:20,33.3875,4.21,0.000,0.210,A,#2,HOLDING,0.767A/A
37382,2026-06-04 01:36:22,33.4375,4.21,0.767,4.371,A,#2,HOLDING,0.924A/A
37383,2026-06-04 01:36:24,33.4625,4.21,0.767,4.371,A,#2,HOLDING,1.000A/A
37384,2026-06-04 01:36:26,33.4625,4.21,0.767,4.371,A,#2,HOLDING,1.116A/A
37385,2026-06-04 01:36:28,33.4625,8.43,0.767,4.371,A,#2,HOLDING,1.269A/A
37386,2026-06-04 01:36:29,33.4375,8.43,1.189,12.398,A,#2,HOLDING,1.000A/A
37387,2026-06-04 01:36:32,33.4000,8.43,1.189,12.398,A,#2,HOLDING,1.411A/A
37388,2026-06-04 01:36:33,33.3250,8.43,1.189,12.398,A,#2,HOLDING,1.533A/A
37389,2026-06-04 01:36:35,33.3000,11.57,1.189,12.398,A,#2,HOLDING,1.500A/A
37390,2026-06-04 01:36:37,33.2000,11.57,1.514,17.550,A,#2,HOLDING,1.500A/A
37391,2026-06-04 01:36:39,33.1125,11.57,1.514,17.550,A,#2,HOLDING,1.669A/A
37392,2026-06-04 01:36:41,32.9875,11.57,1.514,17.550,A,#2,HOLDING,1.777A/A
37393,2026-06-04 01:36:43,32.8375,12.00,1.514,17.550,A,#2,HOLDING,1.000A/A
37394,2026-06-04 01:36:45,32.6875,12.00,1.260,8.470,A,#2,HOLDING,1.889A/A
37395,2026-06-04 01:36:47,32.5125,12.00,1.260,8.470,A,#2,HOLDING,1.000A/A
37396,2026-06-04 01:36:49,32.3375,12.00,1.260,8.470,A,#2,HOLDING,1.500A/A
37397,2026-06-04 01:36:51,32.1625,11.94,1.260,8.470,A,#2,HOLDING,1.974A/A
37398,2026-06-04 01:36:52,31.9625,11.94,1.483,17.616,A,#2,HOLDING,2.057A/A
37399,2026-06-04 01:36:55,31.7625,11.94,1.483,17.616,A,#2,HOLDING,2.171A/A
37400,2026-06-04 01:36:56,31.5125,11.94,1.483,17.616,A,#2,HOLDING,2.218A/A
37401,2026-06-04 01:36:58,31.3125,12.00,1.483,17.616,A,#2,HOLDING,2.284A/A
37402,2026-06-04 01:37:00,31.0625,12.00,1.457,17.292,A,#2,HOLDING,2.327A/A
37403,2026-06-04 01:37:03,30.8125,12.00,1.457,17.292,A,#2,HOLDING,2.000A/A
37404,2026-06-04 01:37:04,30.5125,12.00,1.457,17.292,A,#2,HOLDING,2.369A/A
37405,2026-06-04 01:37:06,30.2750,12.00,1.457,17.292,A,#2,HOLDING,2.347A/A
37406,2026-06-04 01:37:08,29.9750,12.00,1.436,17.088,A,#3,APPROACH,2.000A/A
37407,2026-06-04 01:37:10,29.7250,12.00,1.436,17.088,A,#3,APPROACH,0.192A/A
37408,2026-06-04 01:37:12,29.4500,12.00,1.436,17.088,A,#3,APPROACH,0.182A/A
37409,2026-06-04 01:37:15,29.1875,12.00,1.436,17.088,A,#3,APPROACH,0.189A/A
37410,2026-06-04 01:37:17,28.8875,7.14,0.189,17.088,A,#3,APPROACH,0.138A/A
37411,2026-06-04 01:37:18,28.4000,7.14,0.189,0.309,A,#3,APPROACH,0.110A/A
37412,2026-06-04 01:37:20,28.4000,7.14,0.189,0.309,A,#3,APPROACH,0.162A/A
37413,2026-06-04 01:37:22,28.1625,7.14,0.189,0.309,A,#3,APPROACH,0.180A/A
37414,2026-06-04 01:37:24,27.8875,2.40,0.189,0.309,A,#3,APPROACH,0.230A/A
37415,2026-06-04 01:37:25,27.6875,2.40,0.230,0.653,A,#3,APPROACH,0.245A/A
37416,2026-06-04 01:37:28,27.4625,2.40,0.230,0.653,A,#3,APPROACH,0.310A/A
37417,2026-06-04 01:37:29,27.2875,2.40,0.230,0.653,A,#3,APPROACH,0.346A/A
37418,2026-06-04 01:37:31,27.1125,3.64,0.230,0.653,A,#3,APPROACH,0.378A/A
37419,2026-06-04 01:37:33,26.9500,3.64,0.360,1.496,A,#3,HOLDING,0.361A/A
37420,2026-06-04 01:37:35,26.7500,3.64,0.360,1.496,OFF,#3,HOLDING,0.000A/OFF
37421,2026-06-04 01:37:36,26.6000,3.64,0.360,1.496,OFF,#3,HOLDING,0.000A/OFF
37422,2026-06-04 01:37:37,26.6000,3.64,0.360,1.496,OFF,#3,HOLDING,0.000A/OFF
37423,2026-06-04 01:37:38,26.4250,3.64,0.360,1.496,OFF,#3,HOLDING,0.000A/OFF
37424,2026-06-04 01:37:40,26.4250,12.00,0.000,1.496,OFF,#3,HOLDING,0.000A/OFF
37425,2026-06-04 01:37:41,26.3250,12.00,0.000,1.496,OFF,#3,HOLDING,0.000A/OFF
37426,2026-06-04 01:37:42,26.1500,12.00,0.000,0.000,OFF,#3,HOLDING,0.000A/OFF
37427,2026-06-04 01:37:43,26.1500,12.00,0.000,0.000,OFF,#3,HOLDING,0.000A/OFF
37428,2026-06-04 01:37:44,26.1500,12.00,0.000,0.000,OFF,#3,HOLDING,0.000A/OFF
37429,2026-06-04 01:37:45,26.0125,12.00,0.000,0.000,OFF,#3,HOLDING,0.000A/OFF
37430,2026-06-04 01:37:46,25.8625,12.00,0.000,0.000,OFF,#3,HOLDING,0.000A/OFF
37431,2026-06-04 01:37:47,25.8625,12.00,0.000,0.000,OFF,#3,HOLDING,0.000A/OFF
37432,2026-06-04 01:37:48,25.7750,12.00,0.000,0.000,OFF,#3,HOLDING,0.000A/OFF
37433,2026-06-04 01:37:49,25.7750,12.00,0.000,0.000,OFF,#3,HOLDING,0.000A/OFF
37434,2026-06-04 01:37:50,25.7000,12.00,0.000,0.000,OFF,#3,HOLDING,0.000A/OFF
37435,2026-06-04 01:37:51,25.7000,12.00,0.000,0.000,OFF,#3,HOLDING,0.000A/OFF
37436,2026-06-04 01:37:52,25.6125,12.00,0.000,0.000,OFF,#3,HOLDING,0.000A/OFF
37437,2026-06-04 01:37:53,25.6125,12.00,0.000,0.000,OFF,#3,HOLDING,0.000A/OFF
37438,2026-06-04 01:37:54,25.5125,12.00,0.000,0.000,OFF,#3,HOLDING,0.000A/OFF
37439,2026-06-04 01:37:55,25.5125,12.00,0.000,0.000,OFF,#3,HOLDING,0.000A/OFF
37440,2026-06-04 01:37:56,25.4250,12.00,0.000,0.000,OFF,#3,HOLDING,0.000A/OFF
37441,2026-06-04 01:37:57,25.4250,12.00,0.000,0.000,OFF,#3,HOLDING,0.000A/OFF
37442,2026-06-04 01:37:58,25.3500,12.00,0.000,0.000,OFF,#3,HOLDING,0.000A/OFF
37443,2026-06-04 01:37:59,25.3500,12.00,0.000,0.000,OFF,#3,HOLDING,0.000A/OFF
37444,2026-06-04 01:38:00,25.2750,12.00,0.000,0.000,B,#3,HOLDING,0.113A/B
37445,2026-06-04 01:38:02,25.2000,12.00,0.000,0.000,B,#3,HOLDING,0.147A/B
37446,2026-06-04 01:38:04,25.1500,12.00,0.000,0.000,B,#3,HOLDING,0.183A/B
37447,2026-06-04 01:38:05,25.1000,1.50,0.000,0.000,B,#3,HOLDING,0.262A/B
37448,2026-06-04 01:38:07,25.0625,1.50,0.262,0.586,B,#3,HOLDING,0.300A/B
37449,2026-06-04 01:38:10,25.0125,1.50,0.262,0.586,B,#3,HOLDING,0.351A/B
37450,2026-06-04 01:38:11,24.9500,1.50,0.262,0.586,B,#3,HOLDING,0.394A/B
37451,2026-06-04 01:38:13,24.9250,3.39,0.262,0.586,B,#3,HOLDING,0.438A/B
37452,2026-06-04 01:38:15,24.9250,3.39,0.438,1.677,B,#3,HOLDING,0.478A/B
37453,2026-06-04 01:38:17,24.8750,3.39,0.438,1.677,B,#3,HOLDING,0.535A/B
37454,2026-06-04 01:38:19,24.8750,3.39,0.438,1.677,B,#3,HOLDING,0.572A/B
37455,2026-06-04 01:38:21,24.8750,4.93,0.438,1.677,B,#3,HOLDING,0.617A/B
37456,2026-06-04 01:38:23,24.8500,4.93,0.617,3.331,B,#3,HOLDING,0.663A/B
37457,2026-06-04 01:38:25,24.8250,4.93,0.617,3.331,B,#3,HOLDING,0.727A/B
37458,2026-06-04 01:38:27,24.8750,4.93,0.617,3.331,B,#3,HOLDING,0.758A/B
37459,2026-06-04 01:38:29,24.8750,6.51,0.617,3.331,B,#3,HOLDING,0.801A/B
37460,2026-06-04 01:38:30,24.8750,6.51,0.801,5.582,B,#3,HOLDING,0.845A/B
37461,2026-06-04 01:38:33,24.9250,6.51,0.801,5.582,B,#3,HOLDING,0.900A/B
37462,2026-06-04 01:38:34,24.9875,6.51,0.801,5.582,B,#3,HOLDING,0.925A/B
37463,2026-06-04 01:38:36,25.0125,7.89,0.801,5.582,B,#3,HOLDING,0.962A/B
37464,2026-06-04 01:38:38,25.0625,7.89,0.962,8.003,B,#3,HOLDING,0.997A/B
37465,2026-06-04 01:38:40,25.1125,7.89,0.962,8.003,B,#3,HOLDING,0.995A/B
37466,2026-06-04 01:38:42,25.2000,7.89,0.962,8.003,B,#3,HOLDING,1.017A/B
37467,2026-06-04 01:38:44,25.2750,8.73,0.962,8.003,B,#3,HOLDING,1.000A/B
37468,2026-06-04 01:38:46,25.3500,8.73,1.000,8.790,B,#3,HOLDING,1.041A/B
37469,2026-06-04 01:38:48,25.4500,8.73,1.000,8.790,B,#3,HOLDING,1.075A/B
37470,2026-06-04 01:38:50,25.5125,8.73,1.000,8.790,B,#3,HOLDING,1.094A/B
37471,2026-06-04 01:38:52,25.6375,9.45,1.000,8.790,B,#3,HOLDING,1.106A/B
37472,2026-06-04 01:38:53,25.7250,9.45,1.106,10.750,B,#3,HOLDING,1.119A/B
37473,2026-06-04 01:38:56,25.8500,9.45,1.106,10.750,B,#3,HOLDING,1.129A/B
37474,2026-06-04 01:38:57,25.9500,9.45,1.106,10.750,B,#3,HOLDING,1.135A/B
37475,2026-06-04 01:38:59,26.0750,9.92,1.106,10.750,B,#3,HOLDING,1.133A/B
37476,2026-06-04 01:39:01,26.2000,9.92,1.133,11.409,B,#3,HOLDING,1.127A/B
37477,2026-06-04 01:39:03,26.3250,9.92,1.133,11.409,B,#3,HOLDING,1.117A/B
37478,2026-06-04 01:39:05,26.4250,9.92,1.133,11.409,B,#3,HOLDING,1.107A/B
37479,2026-06-04 01:39:07,26.5750,9.84,1.133,11.409,B,#4,APPROACH,1.087A/B
37480,2026-06-04 01:39:09,26.7000,9.84,1.087,0.000,A,#4,APPROACH,0.133A/A
37481,2026-06-04 01:39:11,26.8500,9.84,1.087,0.000,A,#4,APPROACH,0.222A/A
37482,2026-06-04 01:39:14,26.9625,9.84,1.087,0.000,A,#4,APPROACH,0.307A/A
37483,2026-06-04 01:39:15,27.0875,9.84,1.087,0.000,A,#4,APPROACH,0.398A/A
37484,2026-06-04 01:39:17,27.2250,2.85,1.087,0.000,A,#4,APPROACH,0.496A/A
37485,2026-06-04 01:39:19,27.3250,2.85,0.474,1.884,A,#4,APPROACH,0.611A/A
37486,2026-06-04 01:39:21,27.4125,2.85,0.474,1.884,A,#4,APPROACH,0.725A/A
37487,2026-06-04 01:39:23,27.4875,2.85,0.474,1.884,A,#4,APPROACH,0.825A/A
37488,2026-06-04 01:39:25,27.5125,6.46,0.474,1.884,A,#4,APPROACH,0.939A/A
37489,2026-06-04 01:39:26,27.5875,6.46,0.899,7.051,A,#4,APPROACH,1.061A/A
37490,2026-06-04 01:39:29,27.6250,6.46,0.899,7.051,A,#4,APPROACH,1.214A/A
37491,2026-06-04 01:39:30,27.6250,6.46,0.899,7.051,A,#4,APPROACH,1.317A/A
37492,2026-06-04 01:39:32,27.6250,10.10,0.899,7.051,A,#4,APPROACH,1.435A/A
37493,2026-06-04 01:39:34,27.6250,10.10,1.419,16.244,A,#4,APPROACH,1.551A/A
37494,2026-06-04 01:39:36,27.6125,10.10,1.419,16.244,A,#4,APPROACH,1.500A/A
37495,2026-06-04 01:39:38,27.5125,10.10,1.419,16.244,A,#4,APPROACH,1.694A/A
37496,2026-06-04 01:39:40,27.4625,12.00,1.419,16.244,A,#4,APPROACH,1.804A/A
37497,2026-06-04 01:39:42,27.3625,12.00,1.510,17.928,A,#4,APPROACH,1.500A/A
37498,2026-06-04 01:39:44,27.2750,12.00,1.510,17.928,A,#4,APPROACH,1.500A/A
37499,2026-06-04 01:39:46,27.1500,12.00,1.510,17.928,A,#4,APPROACH,1.868A/A
37500,2026-06-04 01:39:48,27.0125,12.00,1.510,17.928,A,#4,APPROACH,1.000A/A
37501,2026-06-04 01:39:49,26.8625,12.00,1.016,8.700,A,#4,APPROACH,1.940A/A
37502,2026-06-04 01:39:52,26.7125,12.00,1.016,8.700,A,#4,APPROACH,2.000A/A
37503,2026-06-04 01:39:53,26.5625,12.00,1.016,8.700,A,#4,APPROACH,1.500A/A
37504,2026-06-04 01:39:55,26.4125,12.00,1.016,8.700,A,#4,APPROACH,1.000A/A
37505,2026-06-04 01:39:57,26.2375,12.00,1.011,8.840,A,#4,APPROACH,2.014A/A
37506,2026-06-04 01:39:59,26.0750,12.00,1.011,8.840,A,#4,APPROACH,1.500A/A
37507,2026-06-04 01:40:01,25.8750,12.00,1.011,8.840,A,#4,APPROACH,1.000A/A
37508,2026-06-04 01:40:03,25.7000,8.78,1.011,8.840,A,#4,APPROACH,2.066A/A
37509,2026-06-04 01:40:05,25.5250,8.78,1.449,17.220,A,#4,APPROACH,1.000A/A
37510,2026-06-04 01:40:07,25.3375,8.78,1.449,17.220,A,#4,HOLDING,1.000A/A
37511,2026-06-04 01:40:09,25.1875,8.78,1.449,17.220,OFF,#4,HOLDING,0.000A/OFF
37512,2026-06-04 01:40:10,25.0125,8.78,1.449,17.220,OFF,#4,HOLDING,0.000A/OFF
37513,2026-06-04 01:40:11,25.0125,12.00,1.449,17.220,OFF,#4,HOLDING,0.000A/OFF
37514,2026-06-04 01:40:12,24.7875,12.00,0.000,17.220,OFF,#4,HOLDING,0.000A/OFF
37515,2026-06-04 01:40:13,24.7875,12.00,0.000,0.000,OFF,#4,HOLDING,0.000A/OFF
37516,2026-06-04 01:40:14,24.6000,12.00,0.000,0.000,OFF,#4,HOLDING,0.000A/OFF
37517,2026-06-04 01:40:15,24.6000,12.00,0.000,0.000,OFF,#4,HOLDING,0.000A/OFF
37518,2026-06-04 01:40:16,24.4250,12.00,0.000,0.000,OFF,#4,HOLDING,0.000A/OFF
37519,2026-06-04 01:40:17,24.4250,12.00,0.000,0.000,OFF,#4,HOLDING,0.000A/OFF
37520,2026-06-04 01:40:18,24.2750,12.00,0.000,0.000,OFF,#4,HOLDING,0.000A/OFF
37521,2026-06-04 01:40:19,24.2750,12.00,0.000,0.000,OFF,#4,HOLDING,0.000A/OFF
37522,2026-06-04 01:40:20,24.1250,12.00,0.000,0.000,OFF,#4,HOLDING,0.000A/OFF
37523,2026-06-04 01:40:21,24.1250,12.00,0.000,0.000,OFF,#4,HOLDING,0.000A/OFF
37524,2026-06-04 01:40:22,24.0125,12.00,0.000,0.000,OFF,#4,HOLDING,0.000A/OFF
37525,2026-06-04 01:40:23,24.0125,12.00,0.000,0.000,OFF,#4,HOLDING,0.000A/OFF
37526,2026-06-04 01:40:24,23.8875,12.00,0.000,0.000,OFF,#4,HOLDING,0.000A/OFF
37527,2026-06-04 01:40:25,23.8875,12.00,0.000,0.000,OFF,#4,HOLDING,0.000A/OFF
37528,2026-06-04 01:40:26,23.7750,12.00,0.000,0.000,OFF,#4,HOLDING,0.000A/OFF
37529,2026-06-04 01:40:27,23.6750,12.00,0.000,0.000,OFF,#4,HOLDING,0.000A/OFF
37530,2026-06-04 01:40:28,23.6750,12.00,0.000,0.000,OFF,#4,HOLDING,0.000A/OFF
37531,2026-06-04 01:40:29,23.5875,12.00,0.000,0.000,OFF,#4,HOLDING,0.000A/OFF
37532,2026-06-04 01:40:30,23.5875,12.00,0.000,0.000,OFF,#4,HOLDING,0.000A/OFF
37533,2026-06-04 01:40:31,23.5375,12.00,0.000,0.000,OFF,#4,HOLDING,0.000A/OFF
37534,2026-06-04 01:40:32,23.5375,12.00,0.000,0.000,OFF,#4,HOLDING,0.000A/OFF
37535,2026-06-04 01:40:33,23.4625,12.00,0.000,0.000,B,#4,HOLDING,0.129A/B
37536,2026-06-04 01:40:35,23.3875,12.00,0.000,0.000,B,#4,HOLDING,0.218A/B
37537,2026-06-04 01:40:37,23.3625,1.65,0.000,0.000,B,#4,HOLDING,0.261A/B
37538,2026-06-04 01:40:39,23.3125,1.65,0.237,0.545,B,#4,HOLDING,0.295A/B
37539,2026-06-04 01:40:41,23.2750,1.65,0.237,0.545,B,#4,HOLDING,0.347A/B
37540,2026-06-04 01:40:43,23.2250,1.65,0.237,0.545,B,#4,HOLDING,0.390A/B
37541,2026-06-04 01:40:45,23.2250,3.22,0.237,0.545,B,#4,HOLDING,0.429A/B
37542,2026-06-04 01:40:46,23.2000,3.22,0.407,1.561,B,#4,HOLDING,0.474A/B
37543,2026-06-04 01:40:49,23.1875,3.22,0.407,1.561,B,#4,HOLDING,0.527A/B
37544,2026-06-04 01:40:50,23.1875,3.22,0.407,1.561,B,#4,HOLDING,0.566A/B
37545,2026-06-04 01:40:52,23.1875,4.75,0.407,1.561,B,#4,HOLDING,0.609A/B
37546,2026-06-04 01:40:54,23.2125,4.75,0.585,3.166,B,#4,HOLDING,0.648A/B
37547,2026-06-04 01:40:57,23.2500,4.75,0.585,3.166,B,#4,HOLDING,0.698A/B
37548,2026-06-04 01:40:58,23.2500,4.75,0.585,3.166,B,#4,HOLDING,0.735A/B
37549,2026-06-04 01:41:00,23.3125,6.18,0.585,3.166,B,#4,HOLDING,0.768A/B
37550,2026-06-04 01:41:02,23.3375,6.18,0.749,5.045,B,#4,HOLDING,0.807A/B
37551,2026-06-04 01:41:04,23.4125,6.18,0.749,5.045,B,#4,HOLDING,0.795A/B
37552,2026-06-04 01:41:06,23.4375,6.18,0.749,5.045,B,#4,HOLDING,0.829A/B
37553,2026-06-04 01:41:08,23.5375,7.07,0.749,5.045,B,#4,HOLDING,0.855A/B
37554,2026-06-04 01:41:10,23.6125,7.07,0.839,6.327,B,#4,HOLDING,0.882A/B
37555,2026-06-04 01:41:12,23.7000,7.07,0.839,6.327,B,#4,HOLDING,0.912A/B
37556,2026-06-04 01:41:13,23.7750,7.07,0.839,6.327,B,#4,HOLDING,0.933A/B
37557,2026-06-04 01:41:15,23.8625,7.98,0.839,6.327,B,#4,HOLDING,0.952A/B
37558,2026-06-04 01:41:17,23.9625,7.98,0.940,7.892,B,#4,HOLDING,0.965A/B
37559,2026-06-04 01:41:20,24.0750,7.98,0.940,7.892,B,#4,HOLDING,0.981A/B
37560,2026-06-04 01:41:21,24.2000,7.98,0.940,7.892,B,#4,HOLDING,0.982A/B
37561,2026-06-04 01:41:23,24.2875,8.50,0.940,7.892,B,#4,HOLDING,0.988A/B
37562,2026-06-04 01:41:25,24.3875,8.50,0.988,8.615,B,#4,HOLDING,0.987A/B
37563,2026-06-04 01:41:27,24.5375,8.50,0.988,8.615,B,#4,HOLDING,0.983A/B
37564,2026-06-04 01:41:29,24.6375,8.50,0.988,8.615,B,#4,HOLDING,0.973A/B
37565,2026-06-04 01:41:31,24.7750,8.62,0.988,8.615,B,#4,HOLDING,0.955A/B
37566,2026-06-04 01:41:33,24.9000,8.62,0.955,8.241,B,#4,HOLDING,0.935A/B
37567,2026-06-04 01:41:35,25.0500,8.62,0.955,8.241,B,#4,HOLDING,0.904A/B
37568,2026-06-04 01:41:36,25.2000,8.62,0.955,8.241,B,#5,APPROACH,0.875A/B
37569,2026-06-04 01:41:38,25.3250,4.71,0.955,8.241,A,#5,APPROACH,0.105A/A
37570,2026-06-04 01:41:40,25.4500,4.71,0.028,8.241,A,#5,APPROACH,0.173A/A
37571,2026-06-04 01:41:43,25.6125,4.71,0.028,0.000,A,#5,APPROACH,0.260A/A
37572,2026-06-04 01:41:45,25.7125,4.71,0.028,0.000,A,#5,APPROACH,0.364A/A
37573,2026-06-04 01:41:46,25.8250,4.71,0.028,0.000,A,#5,APPROACH,0.443A/A
37574,2026-06-04 01:41:48,25.9250,3.41,0.028,0.000,A,#5,APPROACH,0.532A/A
37575,2026-06-04 01:41:50,26.0125,3.41,0.486,2.308,A,#5,APPROACH,0.626A/A
37576,2026-06-04 01:41:52,26.1125,3.41,0.486,2.308,A,#5,APPROACH,0.745A/A
37577,2026-06-04 01:41:54,26.1375,3.41,0.486,2.308,A,#5,APPROACH,0.820A/A
37578,2026-06-04 01:41:56,26.1875,6.53,0.486,2.308,A,#5,APPROACH,0.915A/A
37579,2026-06-04 01:41:58,26.2500,6.53,0.866,6.771,A,#5,APPROACH,1.015A/A
37580,2026-06-04 01:42:00,26.2500,6.53,0.866,6.771,A,#5,APPROACH,1.138A/A
37581,2026-06-04 01:42:02,26.2875,6.53,0.866,6.771,A,#5,APPROACH,1.000A/A
37582,2026-06-04 01:42:04,26.2625,8.08,0.866,6.771,A,#5,APPROACH,1.214A/A
37583,2026-06-04 01:42:05,26.2500,8.08,1.104,11.897,A,#5,APPROACH,1.310A/A
37584,2026-06-04 01:42:08,26.2000,8.08,1.104,11.897,A,#5,APPROACH,1.422A/A
37585,2026-06-04 01:42:09,26.1500,8.08,1.104,11.897,A,#5,APPROACH,1.497A/A
37586,2026-06-04 01:42:11,26.0750,11.72,1.104,11.897,A,#5,APPROACH,1.578A/A
37587,2026-06-04 01:42:13,25.9875,11.72,1.513,17.964,A,#5,APPROACH,1.500A/A
37588,2026-06-04 01:42:15,25.8875,11.72,1.513,17.964,A,#5,APPROACH,1.500A/A
37589,2026-06-04 01:42:17,25.8000,11.72,1.513,17.964,A,#5,APPROACH,1.643A/A
37590,2026-06-04 01:42:19,25.6750,12.00,1.513,17.964,A,#5,APPROACH,1.710A/A
37591,2026-06-04 01:42:21,25.5500,12.00,1.477,17.544,A,#5,APPROACH,1.772A/A
37592,2026-06-04 01:42:23,25.4250,12.00,1.477,17.544,A,#5,APPROACH,1.853A/A
37593,2026-06-04 01:42:25,25.2625,12.00,1.477,17.544,A,#5,APPROACH,1.000A/A
37594,2026-06-04 01:42:27,25.1125,8.77,1.477,17.544,A,#5,APPROACH,1.000A/A
37595,2026-06-04 01:42:29,24.9500,8.77,1.000,8.900,A,#5,APPROACH,1.869A/A
37596,2026-06-04 01:42:31,24.8000,8.77,1.000,8.900,A,#5,APPROACH,1.926A/A
37597,2026-06-04 01:42:32,24.6375,8.77,1.000,8.900,A,#5,APPROACH,1.000A/A
37598,2026-06-04 01:42:34,24.4375,8.85,1.000,8.900,A,#5,HOLDING,1.000A/A
37599,2026-06-04 01:42:36,24.3000,8.85,1.000,8.900,OFF,#5,HOLDING,0.000A/OFF
37600,2026-06-04 01:42:37,24.3000,8.85,1.000,8.960,OFF,#5,HOLDING,0.000A/OFF
37601,2026-06-04 01:42:38,24.1250,8.85,1.000,8.960,OFF,#5,HOLDING,0.000A/OFF
37602,2026-06-04 01:42:39,24.1250,8.85,1.000,8.960,OFF,#5,HOLDING,0.000A/OFF
37603,2026-06-04 01:42:40,23.9750,8.85,1.000,8.960,OFF,#5,HOLDING,0.000A/OFF
37604,2026-06-04 01:42:41,23.9750,8.85,1.000,8.960,OFF,#5,HOLDING,0.000A/OFF
37605,2026-06-04 01:42:42,23.8000,12.00,1.000,8.960,OFF,#5,HOLDING,0.000A/OFF
37606,2026-06-04 01:42:43,23.8000,12.00,0.000,8.960,OFF,#5,HOLDING,0.000A/OFF
37607,2026-06-04 01:42:44,23.6375,12.00,0.000,0.000,OFF,#5,HOLDING,0.000A/OFF
37608,2026-06-04 01:42:45,23.4875,12.00,0.000,0.000,OFF,#5,HOLDING,0.000A/OFF
37609,2026-06-04 01:42:46,23.4875,12.00,0.000,0.000,OFF,#5,HOLDING,0.000A/OFF
37610,2026-06-04 01:42:47,23.3875,12.00,0.000,0.000,OFF,#5,HOLDING,0.000A/OFF
37611,2026-06-04 01:42:48,23.3875,12.00,0.000,0.000,OFF,#5,HOLDING,0.000A/OFF
37612,2026-06-04 01:42:49,23.2375,12.00,0.000,0.000,OFF,#5,HOLDING,0.000A/OFF
37613,2026-06-04 01:42:50,23.2375,12.00,0.000,0.000,OFF,#5,HOLDING,0.000A/OFF
37614,2026-06-04 01:42:51,23.1500,12.00,0.000,0.000,OFF,#5,HOLDING,0.000A/OFF
37615,2026-06-04 01:42:52,23.1500,12.00,0.000,0.000,OFF,#5,HOLDING,0.000A/OFF
37616,2026-06-04 01:42:53,23.0500,12.00,0.000,0.000,OFF,#5,HOLDING,0.000A/OFF
37617,2026-06-04 01:42:54,23.0500,12.00,0.000,0.000,OFF,#5,HOLDING,0.000A/OFF
37618,2026-06-04 01:42:55,22.9625,12.00,0.000,0.000,OFF,#5,HOLDING,0.000A/OFF
37619,2026-06-04 01:42:56,22.9625,12.00,0.000,0.000,OFF,#5,HOLDING,0.000A/OFF
37620,2026-06-04 01:42:57,22.8875,12.00,0.000,0.000,OFF,#5,HOLDING,0.000A/OFF
37621,2026-06-04 01:42:58,22.8875,12.00,0.000,0.000,OFF,#5,HOLDING,0.000A/OFF
37622,2026-06-04 01:42:59,22.8000,12.00,0.000,0.000,OFF,#5,HOLDING,0.000A/OFF
37623,2026-06-04 01:43:00,22.8000,12.00,0.000,0.000,OFF,#5,HOLDING,0.000A/OFF
37624,2026-06-04 01:43:01,22.7500,12.00,0.000,0.000,B,#5,HOLDING,0.111A/B
37625,2026-06-04 01:43:03,22.6875,12.00,0.000,0.000,B,#5,HOLDING,0.131A/B
37626,2026-06-04 01:43:05,22.6625,12.00,0.000,0.000,B,#5,HOLDING,0.178A/B
37627,2026-06-04 01:43:07,22.6250,12.00,0.000,0.000,B,#5,HOLDING,0.204A/B
37628,2026-06-04 01:43:09,22.6000,1.53,0.000,0.000,B,#5,HOLDING,0.287A/B
37629,2026-06-04 01:43:11,22.5625,1.53,0.287,0.668,B,#5,HOLDING,0.329A/B
37630,2026-06-04 01:43:13,22.5375,1.53,0.287,0.668,B,#5,HOLDING,0.378A/B
37631,2026-06-04 01:43:15,22.5625,1.53,0.287,0.668,B,#5,HOLDING,0.405A/B
37632,2026-06-04 01:43:17,22.5625,3.35,0.287,0.668,B,#5,HOLDING,0.440A/B
37633,2026-06-04 01:43:18,22.5625,3.35,0.440,1.658,B,#5,HOLDING,0.476A/B
37634,2026-06-04 01:43:21,22.5625,3.35,0.440,1.658,B,#5,HOLDING,0.529A/B
37635,2026-06-04 01:43:22,22.5625,3.35,0.440,1.658,B,#5,HOLDING,0.562A/B
37636,2026-06-04 01:43:24,22.6125,4.72,0.440,1.658,B,#5,HOLDING,0.542A/B
37637,2026-06-04 01:43:26,22.6000,4.72,0.542,2.552,B,#5,HOLDING,0.629A/B
37638,2026-06-04 01:43:28,22.6500,4.72,0.542,2.552,B,#5,HOLDING,0.620A/B
37639,2026-06-04 01:43:30,22.6875,4.72,0.542,2.552,B,#5,HOLDING,0.651A/B
37640,2026-06-04 01:43:32,22.7375,5.57,0.542,2.552,B,#5,HOLDING,0.676A/B
37641,2026-06-04 01:43:34,22.8125,5.57,0.676,3.988,B,#5,HOLDING,0.702A/B
37642,2026-06-04 01:43:36,22.8625,5.57,0.676,3.988,B,#5,HOLDING,0.738A/B
37643,2026-06-04 01:43:38,22.9250,5.57,0.676,3.988,B,#5,HOLDING,0.758A/B
37644,2026-06-04 01:43:40,23.0250,6.50,0.676,3.988,B,#5,HOLDING,0.777A/B
37645,2026-06-04 01:43:41,23.1000,6.50,0.777,5.283,B,#5,HOLDING,0.792A/B
37646,2026-06-04 01:43:44,23.1750,6.50,0.777,5.283,B,#5,HOLDING,0.814A/B
37647,2026-06-04 01:43:45,23.2625,6.50,0.777,5.283,B,#5,HOLDING,0.824A/B
37648,2026-06-04 01:43:47,23.3625,7.13,0.777,5.283,B,#5,HOLDING,0.831A/B
37649,2026-06-04 01:43:49,23.4500,7.13,0.831,6.099,OFF,--,DONE,0.834A/B
37650,2026-06-04 01:43:52,23.5500,5.02,0.831,6.099,OFF,--,DONE,--
37651,2026-06-04 01:43:53,23.6375,5.02,0.000,6.099,OFF,--,DONE,--
37652,2026-06-04 01:43:54,23.6375,5.02,0.000,6.099,OFF,--,DONE,--
37653,2026-06-04 01:43:55,23.7625,5.02,0.000,0.000,OFF,--,DONE,--
37654,2026-06-04 01:43:56,23.7625,1.05,0.000,0.000,OFF,--,DONE,--
37655,2026-06-04 01:43:57,23.8875,1.05,0.000,0.000,OFF,--,DONE,--
37656,2026-06-04 01:43:58,23.8875,1.05,0.000,0.000,OFF,--,DONE,--
37657,2026-06-04 01:43:59,24.0125,1.05,0.000,0.000,OFF,--,DONE,--
37658,2026-06-04 01:44:00,24.0125,0.37,0.000,0.000,OFF,--,DONE,--
37659,2026-06-04 01:44:01,24.0750,0.37,0.000,0.000,OFF,--,DONE,--
37660,2026-06-04 01:44:02,24.0750,0.37,0.000,0.000,OFF,--,DONE,--
37661,2026-06-04 01:44:03,24.2000,0.00,0.000,0.000,OFF,--,DONE,--
37662,2026-06-04 01:44:04,24.2000,0.00,0.000,0.000,OFF,--,DONE,--
37663,2026-06-04 01:44:05,24.2875,0.00,0.000,0.000,OFF,--,DONE,--
37664,2026-06-04 01:44:06,24.3375,0.00,0.000,0.000,OFF,--,DONE,--
37665,2026-06-04 01:44:07,24.3375,0.00,0.000,0.000,OFF,--,DONE,--
37666,2026-06-04 01:44:08,24.4125,0.00,0.000,0.000,OFF,--,DONE,--
37667,2026-06-04 01:44:09,24.4125,0.00,0.000,0.000,OFF,--,DONE,--
37668,2026-06-04 01:44:10,24.4875,0.00,0.000,0.000,OFF,--,DONE,--
37669,2026-06-04 01:44:11,24.4875,0.00,0.000,0.000,OFF,--,DONE,--
37670,2026-06-04 01:44:12,24.5625,0.00,0.000,0.000,OFF,--,DONE,--
37671,2026-06-04 01:44:13,24.5625,0.00,0.000,0.000,OFF,--,DONE,--
37672,2026-06-04 01:44:14,24.5875,0.00,0.000,0.000,OFF,--,DONE,--
37673,2026-06-04 01:44:15,24.5875,0.00,0.000,0.000,OFF,--,DONE,--
37674,2026-06-04 01:44:16,24.6250,0.00,0.000,0.000,OFF,--,DONE,--
37675,2026-06-04 01:44:17,24.6250,0.00,0.000,0.000,OFF,--,DONE,--
37676,2026-06-04 01:44:18,24.6750,0.00,0.000,0.000,OFF,--,DONE,--
37677,2026-06-04 01:44:19,24.6750,0.00,0.000,0.000,OFF,--,DONE,--
37678,2026-06-04 01:44:20,24.6875,0.00,0.000,0.000,OFF,--,DONE,--
37679,2026-06-04 01:44:21,24.6875,0.00,0.000,0.000,OFF,--,DONE,--
37680,2026-06-04 01:44:22,24.7125,0.00,0.000,0.000,OFF,--,DONE,--
37681,2026-06-04 01:44:23,24.7125,0.00,0.000,0.000,OFF,--,DONE,--
37682,2026-06-04 01:44:24,24.7500,0.00,0.000,0.000,OFF,--,DONE,--
37683,2026-06-04 01:44:25,24.7500,0.00,0.000,0.000,OFF,--,DONE,--
37684,2026-06-04 01:44:26,24.7500,0.00,0.000,0.000,OFF,--,DONE,--
37685,2026-06-04 01:44:27,24.7500,0.00,0.000,0.000,OFF,--,DONE,--
37686,2026-06-04 01:44:28,24.7625,0.00,0.000,0.000,OFF,--,DONE,--
37687,2026-06-04 01:44:29,24.7875,0.00,0.000,0.000,OFF,--,DONE,--
37688,2026-06-04 01:44:30,24.7875,0.00,0.000,0.000,OFF,--,DONE,--
37689,2026-06-04 01:44:31,24.7875,0.00,0.000,0.000,OFF,--,DONE,--
37690,2026-06-04 01:44:32,24.7875,0.00,0.000,0.000,OFF,--,DONE,--
37691,2026-06-04 01:44:33,24.8125,0.00,0.000,0.000,OFF,--,DONE,--
37692,2026-06-04 01:44:34,24.8125,0.00,0.000,0.000,OFF,--,DONE,--
37693,2026-06-04 01:44:35,24.8125,0.00,0.000,0.000,OFF,--,DONE,--
37694,2026-06-04 01:44:37,24.8125,0.00,0.000,0.000,OFF,--,DONE,--
37695,2026-06-04 01:44:38,24.7625,0.00,0.000,0.000,OFF,--,DONE,--
37696,2026-06-04 01:44:39,24.7625,0.00,0.000,0.000,OFF,--,DONE,--
37697,2026-06-04 01:44:40,24.7750,0.00,0.000,0.000,OFF,--,DONE,--
37698,2026-06-04 01:44:41,24.7750,0.00,0.000,0.000,OFF,--,DONE,--
37699,2026-06-04 01:44:42,24.7750,0.00,0.000,0.000,OFF,--,DONE,--
37700,2026-06-04 01:44:43,24.7750,0.00,0.000,0.000,OFF,--,DONE,--
37701,2026-06-04 01:44:44,24.7500,0.00,0.000,0.000,OFF,--,DONE,--
37702,2026-06-04 01:44:45,24.7500,0.00,0.000,0.000,OFF,--,DONE,--
37703,2026-06-04 01:44:46,24.7500,0.00,0.000,0.000,OFF,--,DONE,--
37704,2026-06-04 01:44:47,24.7500,0.00,0.000,0.000,OFF,--,DONE,--
37705,2026-06-04 01:44:48,24.7500,0.00,0.000,0.000,OFF,--,DONE,--
37706,2026-06-04 01:44:49,24.7500,0.00,0.000,0.000,OFF,--,DONE,--
37707,2026-06-04 01:44:50,24.7500,0.00,0.000,0.000,OFF,--,DONE,--
37708,2026-06-04 01:44:51,24.6875,0.00,0.000,0.000,OFF,--,DONE,--
37709,2026-06-04 01:44:52,24.6875,0.00,0.000,0.000,OFF,--,DONE,--
37710,2026-06-04 01:44:53,24.6875,0.00,0.000,0.000,OFF,--,DONE,--
37711,2026-06-04 01:44:54,24.6875,0.00,0.000,0.000,OFF,--,DONE,--
37712,2026-06-04 01:44:55,24.6875,0.00,0.000,0.000,OFF,--,DONE,--
37713,2026-06-04 01:44:56,24.6875,0.00,0.000,0.000,OFF,--,DONE,--
37714,2026-06-04 01:44:57,24.6375,0.00,0.000,0.000,OFF,--,DONE,--
37715,2026-06-04 01:44:58,24.6375,0.00,0.000,0.000,OFF,--,DONE,--
37716,2026-06-04 01:44:59,24.6250,0.00,0.000,0.000,OFF,--,DONE,--
37717,2026-06-04 01:45:00,24.6250,0.00,0.000,0.000,OFF,--,DONE,--
37718,2026-06-04 01:45:01,24.6250,0.00,0.000,0.000,OFF,--,DONE,--
37719,2026-06-04 01:45:02,24.6250,0.00,0.000,0.000,OFF,--,DONE,--
37720,2026-06-04 01:45:03,24.6250,0.00,0.000,0.000,OFF,--,DONE,--
37721,2026-06-04 01:45:04,24.5750,0.00,0.000,0.000,OFF,--,DONE,--
37722,2026-06-04 01:45:05,24.5750,0.00,0.000,0.000,OFF,--,DONE,--
37723,2026-06-04 01:45:06,24.5625,0.00,0.000,0.000,OFF,--,DONE,--
37724,2026-06-04 01:45:07,24.5625,0.00,0.000,0.000,OFF,--,DONE,--
37725,2026-06-04 01:45:08,24.5375,0.00,0.000,0.000,OFF,--,DONE,--
37726,2026-06-04 01:45:09,24.5375,0.00,0.000,0.000,OFF,--,DONE,--
37727,2026-06-04 01:45:10,24.5000,0.00,0.000,0.000,OFF,--,DONE,--
37728,2026-06-04 01:45:11,24.5000,0.00,0.000,0.000,OFF,--,DONE,--
37729,2026-06-04 01:45:12,24.5000,0.00,0.000,0.000,OFF,--,DONE,--
37730,2026-06-04 01:45:13,24.5000,0.00,0.000,0.000,OFF,--,DONE,--
37731,2026-06-04 01:45:14,24.4375,0.00,0.000,0.000,OFF,--,DONE,--
37732,2026-06-04 01:45:15,24.4375,0.00,0.000,0.000,OFF,--,DONE,--
37733,2026-06-04 01:45:16,24.4375,0.00,0.000,0.000,OFF,--,DONE,--
37734,2026-06-04 01:45:17,24.4375,0.00,0.000,0.000,OFF,--,DONE,--
37735,2026-06-04 01:45:18,24.4375,0.00,0.000,0.000,OFF,--,DONE,--
37736,2026-06-04 01:45:19,24.3875,0.00,0.000,0.000,OFF,--,DONE,--
37737,2026-06-04 01:45:20,24.3875,0.00,0.000,0.000,OFF,--,DONE,--
37738,2026-06-04 01:45:22,24.3750,0.00,0.000,0.000,OFF,--,DONE,--
37739,2026-06-04 01:45:23,24.3750,0.00,0.000,0.000,OFF,--,DONE,--
37740,2026-06-04 01:45:24,24.3250,0.00,0.000,0.000,OFF,--,DONE,--
37741,2026-06-04 01:45:25,24.3250,0.00,0.000,0.000,OFF,--,DONE,--
37742,2026-06-04 01:45:26,24.3125,0.00,0.000,0.000,OFF,--,DONE,--
37743,2026-06-04 01:45:27,24.3125,0.00,0.000,0.000,OFF,--,DONE,--
37744,2026-06-04 01:45:28,24.2875,0.00,0.000,0.000,OFF,--,DONE,--
37745,2026-06-04 01:45:29,24.2875,0.00,0.000,0.000,OFF,--,DONE,--
37746,2026-06-04 01:45:30,24.2750,0.00,0.000,0.000,OFF,--,DONE,--
37747,2026-06-04 01:45:31,24.2750,0.00,0.000,0.000,OFF,--,DONE,--
37748,2026-06-04 01:45:32,24.2500,0.00,0.000,0.000,OFF,--,DONE,--
37749,2026-06-04 01:45:33,24.2500,0.00,0.000,0.000,OFF,--,DONE,--
37750,2026-06-04 01:45:34,24.2125,0.00,0.000,0.000,OFF,--,DONE,--
37751,2026-06-04 01:45:35,24.1875,0.00,0.000,0.000,OFF,--,DONE,--
37752,2026-06-04 01:45:36,24.1875,0.00,0.000,0.000,OFF,--,DONE,--
37753,2026-06-04 01:45:37,24.1875,0.00,0.000,0.000,OFF,--,DONE,--
37754,2026-06-04 01:45:38,24.1875,0.00,0.000,0.000,OFF,--,DONE,--
37755,2026-06-04 01:45:39,24.1375,0.00,0.000,0.000,OFF,--,DONE,--
37756,2026-06-04 01:45:40,24.1375,0.00,0.000,0.000,OFF,--,DONE,--
37757,2026-06-04 01:45:41,24.1250,0.00,0.000,0.000,OFF,--,DONE,--
37758,2026-06-04 01:45:42,24.1250,0.00,0.000,0.000,OFF,--,DONE,--
37759,2026-06-04 01:45:43,24.0750,0.00,0.000,0.000,OFF,--,DONE,--
37760,2026-06-04 01:45:44,24.0750,0.00,0.000,0.000,OFF,--,DONE,--
37761,2026-06-04 01:45:45,24.0625,0.00,0.000,0.000,OFF,--,DONE,--
37762,2026-06-04 01:45:46,24.0625,0.00,0.000,0.000,OFF,--,DONE,--
37763,2026-06-04 01:45:47,24.0625,0.00,0.000,0.000,OFF,--,DONE,--
37764,2026-06-04 01:45:48,24.0625,0.00,0.000,0.000,OFF,--,DONE,--
37765,2026-06-04 01:45:49,24.0250,0.00,0.000,0.000,OFF,--,DONE,--
37766,2026-06-04 01:45:50,24.0000,0.00,0.000,0.000,OFF,--,DONE,--
37767,2026-06-04 01:45:51,24.0000,0.00,0.000,0.000,OFF,--,DONE,--
37768,2026-06-04 01:45:52,24.0000,0.00,0.000,0.000,OFF,--,DONE,--
37769,2026-06-04 01:45:53,24.0000,0.00,0.000,0.000,OFF,--,DONE,--
37770,2026-06-04 01:45:54,23.9500,0.00,0.000,0.000,A,#1,APPROACH,0.722A/A
37771,2026-06-04 01:45:56,23.9375,0.00,0.000,0.000,A,#1,APPROACH,0.791A/A
37772,2026-06-04 01:45:59,23.9375,0.00,0.000,0.000,A,#1,APPROACH,1.000A/A
37773,2026-06-04 01:46:01,23.8750,0.00,0.000,0.000,A,#1,APPROACH,0.975A/A
37774,2026-06-04 01:46:02,23.8750,10.21,0.975,0.000,A,#1,APPROACH,0.851A/A
37775,2026-06-04 01:46:04,23.8625,10.21,0.975,6.229,A,#1,APPROACH,1.171A/A
37776,2026-06-04 01:46:06,23.8125,10.21,0.975,6.229,A,#1,APPROACH,1.193A/A
37777,2026-06-04 01:46:07,23.8125,10.21,0.975,6.229,A,#1,APPROACH,1.053A/A
37778,2026-06-04 01:46:09,23.7500,8.75,0.975,6.229,A,#1,APPROACH,1.000A/A
37779,2026-06-04 01:46:11,23.6750,8.75,1.000,8.590,A,#1,APPROACH,1.336A/A
37780,2026-06-04 01:46:13,23.5125,8.75,1.000,8.590,A,#1,APPROACH,0.920A/A
37781,2026-06-04 01:46:15,23.5125,8.75,1.000,8.590,A,#1,APPROACH,0.968A/A
37782,2026-06-04 01:46:17,23.3750,8.33,1.000,8.590,A,#1,APPROACH,0.880A/A
37783,2026-06-04 01:46:19,23.2750,8.33,0.922,6.908,A,#1,APPROACH,1.000A/A
37784,2026-06-04 01:46:21,23.0750,8.33,0.922,6.908,A,#1,HOLDING,0.740A/A
37785,2026-06-04 01:46:23,23.0750,8.33,0.922,6.908,A,#1,HOLDING,0.199A/A
37786,2026-06-04 01:46:24,22.9375,2.59,0.922,6.908,A,#1,HOLDING,0.231A/A
37787,2026-06-04 01:46:26,22.8375,2.59,0.213,0.665,A,#1,HOLDING,0.144A/A
37788,2026-06-04 01:46:29,22.5875,2.59,0.213,0.665,A,#1,HOLDING,0.135A/A
37789,2026-06-04 01:46:30,22.5875,2.59,0.213,0.665,A,#1,HOLDING,0.199A/A
37790,2026-06-04 01:46:32,22.5125,2.46,0.213,0.665,A,#1,HOLDING,0.191A/A
37791,2026-06-04 01:46:34,22.3875,2.46,0.191,0.466,A,#1,HOLDING,0.194A/A
37792,2026-06-04 01:46:36,22.2000,2.46,0.191,0.466,OFF,#1,HOLDING,0.000A/OFF
37793,2026-06-04 01:46:37,22.2000,2.46,0.191,0.466,OFF,#1,HOLDING,0.104A/A
37794,2026-06-04 01:46:39,22.1125,2.46,0.191,0.466,OFF,#1,HOLDING,0.000A/OFF
37795,2026-06-04 01:46:40,22.0375,12.00,0.191,0.466,OFF,#1,HOLDING,0.000A/OFF
37796,2026-06-04 01:46:41,22.0375,12.00,0.000,0.466,OFF,#1,HOLDING,0.000A/OFF
37797,2026-06-04 01:46:42,21.9750,12.00,0.000,0.000,B,#1,HOLDING,0.293A/B
37798,2026-06-04 01:46:44,21.9750,12.00,0.000,0.000,B,#1,HOLDING,0.479A/B
37799,2026-06-04 01:46:45,21.9250,12.00,0.000,0.000,B,#1,HOLDING,0.623A/B
37800,2026-06-04 01:46:47,21.8750,4.84,0.000,0.000,B,#1,HOLDING,1.180A/B
37801,2026-06-04 01:46:49,21.8500,4.84,0.895,10.679,B,#1,HOLDING,1.000A/B
37802,2026-06-04 01:46:52,21.8125,4.84,0.895,10.679,B,#1,HOLDING,1.347A/B
37803,2026-06-04 01:46:53,21.7625,4.84,0.895,10.679,B,#1,HOLDING,1.949A/B
37804,2026-06-04 01:46:55,21.7875,12.00,0.895,10.679,B,#1,HOLDING,0.902A/B
37805,2026-06-04 01:46:57,21.8125,12.00,1.246,6.810,B,#1,HOLDING,0.412A/B
37806,2026-06-04 01:46:59,21.8500,12.00,1.246,6.810,B,#1,HOLDING,0.277A/B
37807,2026-06-04 01:47:01,21.9000,12.00,1.246,6.810,B,#1,HOLDING,0.367A/B
37808,2026-06-04 01:47:03,22.0125,3.53,1.246,6.810,B,#1,HOLDING,0.222A/B
37809,2026-06-04 01:47:05,22.0875,3.53,0.292,0.530,B,#1,HOLDING,0.197A/B
37810,2026-06-04 01:47:07,22.2000,3.53,0.292,0.530,OFF,#1,HOLDING,0.000A/OFF
37811,2026-06-04 01:47:08,22.3000,3.53,0.292,0.530,OFF,#1,HOLDING,0.202A/A
37812,2026-06-04 01:47:10,22.3875,3.53,0.292,0.530,A,#1,HOLDING,0.366A/A
37813,2026-06-04 01:47:11,22.4875,12.00,0.000,0.530,A,#1,HOLDING,0.559A/A
37814,2026-06-04 01:47:13,22.6000,12.00,0.000,2.537,A,#1,HOLDING,0.775A/A
37815,2026-06-04 01:47:15,22.6750,12.00,0.000,2.537,A,#1,HOLDING,0.930A/A
37816,2026-06-04 01:47:16,22.6750,12.00,0.000,2.537,A,#1,HOLDING,1.000A/A
37817,2026-06-04 01:47:18,22.7375,7.94,0.000,2.537,A,#1,HOLDING,1.904A/A
37818,2026-06-04 01:47:20,22.7875,7.94,1.502,18.684,A,#1,HOLDING,1.000A/A
37819,2026-06-04 01:47:23,22.8750,7.94,1.502,18.684,A,#2,APPROACH,2.000A/A
37820,2026-06-04 01:47:24,22.8750,7.94,1.502,18.684,OFF,#2,HOLDING,0.000A/OFF
37821,2026-06-04 01:47:25,22.9000,7.94,1.502,18.684,OFF,#2,HOLDING,0.126A/A
37822,2026-06-04 01:47:27,22.8750,7.94,1.502,18.684,OFF,#2,HOLDING,0.000A/OFF
37823,2026-06-04 01:47:28,22.8750,12.00,1.502,18.684,OFF,#2,HOLDING,0.000A/OFF
37824,2026-06-04 01:47:29,22.8750,12.00,0.000,18.684,OFF,#2,HOLDING,0.000A/OFF
37825,2026-06-04 01:47:30,22.8500,12.00,0.000,0.000,OFF,#2,HOLDING,0.000A/OFF
37826,2026-06-04 01:47:31,22.8500,12.00,0.000,0.000,OFF,#2,HOLDING,0.000A/OFF
37827,2026-06-04 01:47:32,22.8125,12.00,0.000,0.000,OFF,#2,HOLDING,0.000A/OFF
37828,2026-06-04 01:47:33,22.8125,12.00,0.000,0.000,OFF,#2,HOLDING,0.000A/OFF
37829,2026-06-04 01:47:34,22.8125,12.00,0.000,0.000,OFF,#2,HOLDING,0.000A/OFF
37830,2026-06-04 01:47:35,22.8125,12.00,0.000,0.000,OFF,#2,HOLDING,0.000A/OFF
37831,2026-06-04 01:47:36,22.8125,12.00,0.000,0.000,OFF,#2,HOLDING,0.000A/OFF
37832,2026-06-04 01:47:37,22.8125,12.00,0.000,0.000,OFF,#2,HOLDING,0.000A/OFF
37833,2026-06-04 01:47:38,22.8125,12.00,0.000,0.000,OFF,#2,HOLDING,0.000A/OFF
37834,2026-06-04 01:47:39,22.8125,12.00,0.000,0.000,OFF,#2,HOLDING,0.000A/OFF
37835,2026-06-04 01:47:40,22.7875,12.00,0.000,0.000,OFF,#2,HOLDING,0.000A/OFF
37836,2026-06-04 01:47:41,22.7875,12.00,0.000,0.000,OFF,#2,HOLDING,0.000A/OFF
37837,2026-06-04 01:47:42,22.7625,12.00,0.000,0.000,OFF,#2,HOLDING,0.000A/OFF
37838,2026-06-04 01:47:44,22.7625,12.00,0.000,0.000,OFF,#2,HOLDING,0.000A/OFF
37839,2026-06-04 01:47:45,22.8000,12.00,0.000,0.000,OFF,#2,HOLDING,0.000A/OFF
37840,2026-06-04 01:47:46,22.7750,12.00,0.000,0.000,OFF,#2,HOLDING,0.000A/OFF
37841,2026-06-04 01:47:47,22.7750,12.00,0.000,0.000,OFF,#2,HOLDING,0.000A/OFF
37842,2026-06-04 01:47:48,22.7750,12.00,0.000,0.000,OFF,#2,HOLDING,0.000A/OFF
37843,2026-06-04 01:47:49,22.7750,12.00,0.000,0.000,OFF,#2,HOLDING,0.000A/OFF
37844,2026-06-04 01:47:50,22.7500,12.00,0.000,0.000,OFF,#2,HOLDING,0.000A/OFF
37845,2026-06-04 01:47:51,22.7500,12.00,0.000,0.000,OFF,#2,HOLDING,0.000A/OFF
37846,2026-06-04 01:47:52,22.7875,12.00,0.000,0.000,OFF,#2,HOLDING,0.000A/OFF
37847,2026-06-04 01:47:53,22.7875,12.00,0.000,0.000,OFF,#2,HOLDING,0.000A/OFF
37848,2026-06-04 01:47:54,22.8125,12.00,0.000,0.000,OFF,#2,HOLDING,0.000A/OFF
37849,2026-06-04 01:47:55,22.8125,12.00,0.000,0.000,OFF,#2,HOLDING,0.000A/OFF
37850,2026-06-04 01:47:56,22.7875,12.00,0.000,0.000,OFF,#2,HOLDING,0.000A/OFF
37851,2026-06-04 01:47:57,22.7875,12.00,0.000,0.000,OFF,#2,HOLDING,0.000A/OFF
37852,2026-06-04 01:47:58,22.7875,12.00,0.000,0.000,OFF,#2,HOLDING,0.000A/OFF
37853,2026-06-04 01:47:59,22.7875,12.00,0.000,0.000,OFF,#2,HOLDING,0.000A/OFF
37854,2026-06-04 01:48:00,22.8125,12.00,0.000,0.000,OFF,#2,HOLDING,0.000A/OFF
37855,2026-06-04 01:48:01,22.8125,12.00,0.000,0.000,OFF,#2,HOLDING,0.000A/OFF
37856,2026-06-04 01:48:02,22.7875,12.00,0.000,0.000,OFF,#2,HOLDING,0.000A/OFF
37857,2026-06-04 01:48:03,22.7875,12.00,0.000,0.000,OFF,#2,HOLDING,0.000A/OFF
37858,2026-06-04 01:48:04,22.8125,12.00,0.000,0.000,OFF,#2,HOLDING,0.000A/OFF
37859,2026-06-04 01:48:05,22.8125,12.00,0.000,0.000,OFF,#2,HOLDING,0.000A/OFF
37860,2026-06-04 01:48:06,22.8125,12.00,0.000,0.000,OFF,#2,HOLDING,0.000A/OFF
37861,2026-06-04 01:48:07,22.8125,12.00,0.000,0.000,OFF,#2,HOLDING,0.000A/OFF
37862,2026-06-04 01:48:08,22.8125,12.00,0.000,0.000,OFF,#2,HOLDING,0.000A/OFF
37863,2026-06-04 01:48:09,22.8125,12.00,0.000,0.000,OFF,#2,HOLDING,0.000A/OFF
37864,2026-06-04 01:48:10,22.8125,12.00,0.000,0.000,OFF,#2,HOLDING,0.000A/OFF
37865,2026-06-04 01:48:11,22.8125,12.00,0.000,0.000,OFF,#2,HOLDING,0.000A/OFF
37866,2026-06-04 01:48:12,22.8125,12.00,0.000,0.000,OFF,#2,HOLDING,0.000A/OFF
37867,2026-06-04 01:48:13,22.8125,12.00,0.000,0.000,OFF,#2,HOLDING,0.000A/OFF
37868,2026-06-04 01:48:14,22.8125,12.00,0.000,0.000,OFF,#2,HOLDING,0.000A/OFF
37869,2026-06-04 01:48:15,22.8375,12.00,0.000,0.000,OFF,#2,HOLDING,0.000A/OFF
37870,2026-06-04 01:48:16,22.8375,12.00,0.000,0.000,OFF,#2,HOLDING,0.000A/OFF
37871,2026-06-04 01:48:17,22.8125,12.00,0.000,0.000,OFF,#2,HOLDING,0.000A/OFF
37872,2026-06-04 01:48:18,22.8125,12.00,0.000,0.000,OFF,#2,HOLDING,0.000A/OFF
37873,2026-06-04 01:48:19,22.8250,12.00,0.000,0.000,OFF,#2,HOLDING,0.000A/OFF
37874,2026-06-04 01:48:20,22.8250,12.00,0.000,0.000,OFF,#2,HOLDING,0.000A/OFF
37875,2026-06-04 01:48:21,22.8750,12.00,0.000,0.000,OFF,#2,HOLDING,0.000A/OFF
37876,2026-06-04 01:48:22,22.8750,12.00,0.000,0.000,OFF,#2,HOLDING,0.000A/OFF
37877,2026-06-04 01:48:23,22.8375,12.00,0.000,0.000,OFF,#2,HOLDING,0.000A/OFF
37878,2026-06-04 01:48:24,22.8375,12.00,0.000,0.000,OFF,#2,HOLDING,0.000A/OFF
37879,2026-06-04 01:48:25,22.8375,12.00,0.000,0.000,OFF,#3,APPROACH,0.000A/OFF
37880,2026-06-04 01:48:26,22.8375,12.00,0.000,0.000,A,#3,APPROACH,2.500A/A
37881,2026-06-04 01:48:28,22.8250,12.00,0.000,0.000,A,#3,APPROACH,2.000A/A
37882,2026-06-04 01:48:30,22.8750,12.00,1.543,0.000,A,#3,APPROACH,2.500A/A
37883,2026-06-04 01:48:32,22.8750,12.00,1.543,18.132,A,#3,APPROACH,1.000A/A
37884,2026-06-04 01:48:33,22.8750,12.00,1.543,18.132,A,#3,APPROACH,1.000A/A
37885,2026-06-04 01:48:35,22.8125,12.00,1.543,18.132,A,#3,APPROACH,1.500A/A
37886,2026-06-04 01:48:37,22.7625,11.90,1.543,18.132,A,#3,APPROACH,2.500A/A
37887,2026-06-04 01:48:39,22.7125,11.90,1.489,17.640,A,#3,APPROACH,1.000A/A
37888,2026-06-04 01:48:41,22.6125,11.90,1.489,17.640,A,#3,APPROACH,1.500A/A
37889,2026-06-04 01:48:43,22.5500,11.90,1.489,17.640,A,#3,APPROACH,2.000A/A
37890,2026-06-04 01:48:45,22.4500,12.00,1.489,17.640,A,#3,APPROACH,3.000A/A
37891,2026-06-04 01:48:46,22.3250,12.00,1.457,17.316,A,#3,APPROACH,2.000A/A
37892,2026-06-04 01:48:49,22.2250,12.00,1.457,17.316,A,#3,APPROACH,1.500A/A
37893,2026-06-04 01:48:50,22.0875,12.00,1.457,17.316,A,#3,APPROACH,3.000A/A
37894,2026-06-04 01:48:52,21.9875,12.00,1.457,17.316,A,#3,APPROACH,2.000A/A
37895,2026-06-04 01:48:54,21.8875,12.00,1.434,17.052,A,#3,APPROACH,1.000A/A
37896,2026-06-04 01:48:57,21.7375,12.00,1.434,17.052,A,#3,APPROACH,2.000A/A
37897,2026-06-04 01:48:58,21.5875,12.00,1.434,17.052,A,#3,APPROACH,1.000A/A
37898,2026-06-04 01:49:00,21.4375,8.91,1.434,17.052,A,#3,APPROACH,1.500A/A
37899,2026-06-04 01:49:02,21.3250,8.91,1.427,16.968,A,#3,APPROACH,1.500A/A
37900,2026-06-04 01:49:04,21.1750,8.91,1.427,16.968,A,#3,APPROACH,1.500A/A
37901,2026-06-04 01:49:06,21.0250,8.91,1.427,16.968,A,#3,APPROACH,2.500A/A
37902,2026-06-04 01:49:08,20.9000,12.00,1.427,16.968,A,#3,APPROACH,1.000A/A
37903,2026-06-04 01:49:09,20.7750,12.00,1.054,9.120,A,#3,APPROACH,1.500A/A
37904,2026-06-04 01:49:12,20.6500,12.00,1.054,9.120,A,#3,APPROACH,2.000A/A
37905,2026-06-04 01:49:13,20.5125,12.00,1.054,9.120,A,#3,APPROACH,2.000A/A
37906,2026-06-04 01:49:15,20.3625,12.00,1.054,9.120,A,#3,HOLDING,1.000A/A
37907,2026-06-04 01:49:17,20.2625,12.00,1.022,9.140,A,#3,HOLDING,2.500A/A
37908,2026-06-04 01:49:20,20.1125,12.00,1.022,9.140,A,#3,HOLDING,2.500A/A
37909,2026-06-04 01:49:21,19.9875,12.00,1.022,9.140,A,#3,HOLDING,2.000A/A
37910,2026-06-04 01:49:23,19.8625,12.00,1.022,9.140,A,#3,HOLDING,2.000A/A
37911,2026-06-04 01:49:25,19.7375,12.00,1.404,16.728,A,#3,HOLDING,1.500A/A
37912,2026-06-04 01:49:27,19.6375,12.00,1.404,16.728,A,#3,HOLDING,1.500A/A
37913,2026-06-04 01:49:29,19.5250,12.00,1.404,16.728,A,#3,HOLDING,0.258A/A
37914,2026-06-04 01:49:31,19.4000,3.42,1.404,16.728,B,#3,HOLDING,1.000A/B
37915,2026-06-04 01:49:33,19.2750,3.42,0.945,6.730,B,#3,HOLDING,2.678A/B
37916,2026-06-04 01:49:35,19.1750,3.42,0.945,6.730,B,#3,HOLDING,1.000A/B
37917,2026-06-04 01:49:37,19.0750,3.42,0.945,6.730,B,#3,HOLDING,2.000A/B
37918,2026-06-04 01:49:38,18.9750,12.00,0.945,6.730,B,#3,HOLDING,2.000A/B
37919,2026-06-04 01:49:40,18.9375,12.00,1.711,20.160,B,#3,HOLDING,1.500A/B
37920,2026-06-04 01:49:43,18.8875,12.00,1.711,20.160,B,#3,HOLDING,2.000A/B
37921,2026-06-04 01:49:44,18.9375,12.00,1.711,20.160,B,#3,HOLDING,2.000A/B
37922,2026-06-04 01:49:46,18.9875,12.00,1.711,20.160,B,#3,HOLDING,2.000A/B
37923,2026-06-04 01:49:48,19.1125,12.00,1.618,19.032,B,#3,HOLDING,2.000A/B
37924,2026-06-04 01:49:50,19.2375,12.00,1.618,19.032,B,#3,HOLDING,1.500A/B
37925,2026-06-04 01:49:52,19.3625,12.00,1.618,19.032,B,#3,HOLDING,3.000A/B
37926,2026-06-04 01:49:54,19.5625,12.00,1.618,19.032,A,#3,HOLDING,2.500A/A
37927,2026-06-04 01:49:56,19.7375,12.00,1.538,20.592,A,#3,HOLDING,2.000A/A
37928,2026-06-04 01:49:58,19.9625,12.00,1.538,20.592,A,#3,HOLDING,2.500A/A
37929,2026-06-04 01:50:00,20.1750,12.00,1.538,20.592,A,#3,HOLDING,2.000A/A
37930,2026-06-04 01:50:01,20.3750,12.00,1.538,20.592,A,#3,HOLDING,1.000A/A
37931,2026-06-04 01:50:03,20.5875,12.00,1.307,8.010,A,#3,HOLDING,3.000A/A
37932,2026-06-04 01:50:06,20.7875,12.00,1.307,8.010,A,#3,HOLDING,1.500A/A
37933,2026-06-04 01:50:07,20.9250,12.00,1.307,8.010,A,#3,HOLDING,2.500A/A
37934,2026-06-04 01:50:09,21.0750,12.00,1.307,8.010,A,#3,HOLDING,3.000A/A
37935,2026-06-04 01:50:11,21.1750,12.00,1.551,18.348,A,#3,HOLDING,3.000A/A
37936,2026-06-04 01:50:13,21.3000,12.00,1.551,18.348,A,#3,HOLDING,1.000A/A
37937,2026-06-04 01:50:15,21.3500,12.00,1.551,18.348,A,#3,HOLDING,1.500A/A
37938,2026-06-04 01:50:17,21.4250,11.82,1.551,18.348,A,#3,HOLDING,1.000A/A
37939,2026-06-04 01:50:19,21.4375,11.82,1.161,8.640,A,#3,HOLDING,1.500A/A
37940,2026-06-04 01:50:21,21.4375,11.82,1.161,8.640,A,#3,HOLDING,1.500A/A
37941,2026-06-04 01:50:23,21.4625,11.82,1.161,8.640,A,#3,HOLDING,3.000A/A
37942,2026-06-04 01:50:24,21.4875,12.00,1.161,8.640,A,#3,HOLDING,3.000A/A
37943,2026-06-04 01:50:26,21.4625,12.00,1.469,17.448,A,#3,HOLDING,1.000A/A
37944,2026-06-04 01:50:29,21.4375,12.00,1.469,17.448,A,#3,HOLDING,1.000A/A
37945,2026-06-04 01:50:30,21.4000,12.00,1.469,17.448,A,#3,HOLDING,1.500A/A
37946,2026-06-04 01:50:32,21.3750,12.00,1.469,17.448,A,#3,HOLDING,1.500A/A
37947,2026-06-04 01:50:34,21.3000,12.00,1.446,17.196,A,#3,HOLDING,3.000A/A
37948,2026-06-04 01:50:36,21.2250,12.00,1.446,17.196,A,#3,HOLDING,3.000A/A
37949,2026-06-04 01:50:38,21.1750,12.00,1.446,17.196,A,#3,HOLDING,1.500A/A
37950,2026-06-04 01:50:40,21.0750,12.00,1.446,17.196,A,#3,HOLDING,3.000A/A
37951,2026-06-04 01:50:42,21.0500,12.00,1.428,16.992,A,#3,HOLDING,1.500A/A
37952,2026-06-04 01:50:44,20.9250,12.00,1.428,16.992,A,#3,HOLDING,1.000A/A
37953,2026-06-04 01:50:46,20.8625,12.00,1.428,16.992,A,#3,HOLDING,1.500A/A
37954,2026-06-04 01:50:48,20.7625,12.00,1.428,16.992,A,#3,HOLDING,0.838A/A
37955,2026-06-04 01:50:49,20.6375,12.00,0.914,6.645,A,#3,HOLDING,0.433A/A
37956,2026-06-04 01:50:52,20.5625,12.00,0.914,6.645,A,#3,HOLDING,0.456A/A
37957,2026-06-04 01:50:53,20.4625,12.00,0.914,6.645,A,#3,HOLDING,0.399A/A
37958,2026-06-04 01:50:55,20.3875,4.51,0.914,6.645,A,#3,HOLDING,0.345A/A
37959,2026-06-04 01:50:57,20.2750,4.51,0.345,1.424,A,#3,HOLDING,0.429A/A
37960,2026-06-04 01:50:59,20.2000,4.51,0.345,1.424,A,#3,HOLDING,0.559A/A
37961,2026-06-04 01:51:01,20.1125,4.51,0.345,1.424,A,#3,HOLDING,0.685A/A
37962,2026-06-04 01:51:03,20.0625,6.51,0.345,1.424,A,#3,HOLDING,0.672A/A
37963,2026-06-04 01:51:05,20.0000,6.51,0.672,4.388,A,#3,HOLDING,0.735A/A
37964,2026-06-04 01:51:07,19.9750,6.51,0.672,4.388,A,#4,APPROACH,0.741A/A
37965,2026-06-04 01:51:09,19.9250,6.51,0.672,4.388,B,#4,APPROACH,0.260A/B
37966,2026-06-04 01:51:10,19.8750,6.51,0.672,4.388,B,#4,APPROACH,0.571A/B
37967,2026-06-04 01:51:12,19.8125,12.00,0.672,4.388,B,#4,APPROACH,0.940A/B
37968,2026-06-04 01:51:15,19.7875,12.00,1.212,6.815,B,#4,APPROACH,1.340A/B
37969,2026-06-04 01:51:17,19.7500,12.00,1.212,6.815,B,#4,APPROACH,1.000A/B
37970,2026-06-04 01:51:19,19.7750,12.00,1.212,6.815,B,#4,APPROACH,1.689A/B
37971,2026-06-04 01:51:20,19.8250,12.00,1.212,6.815,B,#4,APPROACH,1.004A/B
37972,2026-06-04 01:51:22,19.9250,12.00,1.043,8.192,B,#4,APPROACH,0.670A/B
37973,2026-06-04 01:51:25,20.0125,12.00,1.043,8.192,B,#4,APPROACH,0.767A/B
37974,2026-06-04 01:51:26,20.1375,12.00,1.043,8.192,B,#4,APPROACH,0.825A/B
37975,2026-06-04 01:51:28,20.2875,6.96,1.043,8.192,B,#4,HOLDING,0.573A/B
37976,2026-06-04 01:51:30,20.4375,6.96,0.573,8.192,OFF,#4,HOLDING,0.000A/OFF
37977,2026-06-04 01:51:31,20.5750,6.96,0.573,3.008,OFF,#4,HOLDING,0.000A/OFF
37978,2026-06-04 01:51:32,20.5750,6.96,0.573,3.008,B,#4,HOLDING,0.103A/B
37979,2026-06-04 01:51:34,20.7250,6.96,0.573,3.008,B,#4,HOLDING,0.000A/OFF
37980,2026-06-04 01:51:35,20.7250,6.96,0.573,3.008,B,#4,HOLDING,0.113A/B
37981,2026-06-04 01:51:36,20.8625,7.09,0.113,3.008,B,#4,HOLDING,0.110A/B
37982,2026-06-04 01:51:38,21.0625,7.09,0.113,3.008,OFF,#4,HOLDING,0.000A/OFF
37983,2026-06-04 01:51:39,21.2375,7.09,0.113,0.152,OFF,#4,HOLDING,0.000A/OFF
37984,2026-06-04 01:51:40,21.2375,7.09,0.113,0.152,OFF,#4,HOLDING,0.000A/OFF
37985,2026-06-04 01:51:41,21.3875,7.09,0.113,0.152,OFF,#4,HOLDING,0.000A/OFF
37986,2026-06-04 01:51:42,21.3875,7.09,0.113,0.152,OFF,#4,HOLDING,0.000A/OFF
37987,2026-06-04 01:51:43,21.5500,12.00,0.000,0.152,A,#4,HOLDING,0.262A/A
37988,2026-06-04 01:51:45,21.7250,12.00,0.000,0.000,A,#4,HOLDING,0.639A/A
37989,2026-06-04 01:51:46,21.8625,12.00,0.000,0.000,A,#4,HOLDING,0.856A/A
37990,2026-06-04 01:51:48,21.8625,12.00,0.000,0.000,A,#4,HOLDING,1.266A/A
37991,2026-06-04 01:51:50,21.9625,9.66,0.000,0.000,A,#4,HOLDING,1.000A/A
37992,2026-06-04 01:51:52,22.1125,9.66,1.132,8.060,A,#4,HOLDING,1.000A/A
37993,2026-06-04 01:51:54,22.3250,9.66,1.132,8.060,A,#4,HOLDING,2.500A/A
37994,2026-06-04 01:51:56,22.3250,9.66,1.132,8.060,A,#4,HOLDING,2.571A/A
37995,2026-06-04 01:51:58,22.4000,12.00,1.132,8.060,A,#4,HOLDING,2.129A/A
37996,2026-06-04 01:51:59,22.4375,12.00,1.551,18.312,A,#4,HOLDING,1.718A/A
37997,2026-06-04 01:52:02,22.5000,12.00,1.551,18.312,A,#4,HOLDING,1.059A/A
37998,2026-06-04 01:52:03,22.5000,12.00,1.551,18.312,A,#4,HOLDING,1.297A/A
37999,2026-06-04 01:52:05,22.5000,10.53,1.551,18.312,A,#4,HOLDING,1.088A/A
38000,2026-06-04 01:52:07,22.5000,10.53,1.191,10.064,A,#4,HOLDING,0.940A/A
38001,2026-06-04 01:52:10,22.4375,10.53,1.191,10.064,A,#4,HOLDING,0.826A/A
38002,2026-06-04 01:52:11,22.4375,10.53,1.191,10.064,A,#4,HOLDING,0.763A/A
38003,2026-06-04 01:52:13,22.3875,6.98,1.191,10.064,A,#4,HOLDING,0.860A/A
38004,2026-06-04 01:52:15,22.3375,6.98,0.809,6.665,A,#4,HOLDING,0.882A/A
38005,2026-06-04 01:52:17,22.2125,6.98,0.809,6.665,A,#4,HOLDING,0.874A/A
38006,2026-06-04 01:52:19,22.2125,6.98,0.809,6.665,A,#4,HOLDING,0.911A/A
38007,2026-06-04 01:52:21,22.1375,8.08,0.809,6.665,A,#4,HOLDING,1.010A/A
38008,2026-06-04 01:52:23,22.0875,8.08,0.958,8.978,A,#4,HOLDING,1.000A/A
38009,2026-06-04 01:52:25,21.9250,8.08,0.958,8.978,A,#4,HOLDING,1.096A/A
38010,2026-06-04 01:52:27,21.9250,8.08,0.958,8.978,A,#4,HOLDING,1.000A/A
38011,2026-06-04 01:52:28,21.8500,8.77,0.958,8.978,A,#4,HOLDING,1.125A/A
38012,2026-06-04 01:52:30,21.7625,8.77,1.058,11.002,A,#4,HOLDING,1.000A/A
38013,2026-06-04 01:52:33,21.5750,8.77,1.058,11.002,A,#4,HOLDING,1.079A/A
38014,2026-06-04 01:52:34,21.5750,8.77,1.058,11.002,A,#4,HOLDING,1.000A/A
38015,2026-06-04 01:52:36,21.5000,8.83,1.058,11.002,A,#4,HOLDING,1.000A/A
38016,2026-06-04 01:52:38,21.4000,8.83,1.000,8.990,A,#4,HOLDING,0.929A/A
38017,2026-06-04 01:52:40,21.2125,8.83,1.000,8.990,A,#4,HOLDING,0.671A/A
38018,2026-06-04 01:52:42,21.2125,8.83,1.000,8.990,A,#4,HOLDING,0.678A/A
38019,2026-06-04 01:52:44,21.1125,6.53,1.000,8.990,A,#4,HOLDING,0.585A/A
38020,2026-06-04 01:52:46,21.0250,6.53,0.585,3.474,A,#4,HOLDING,0.417A/A
38021,2026-06-04 01:52:48,20.8375,6.53,0.585,3.474,B,#4,HOLDING,0.150A/B
38022,2026-06-04 01:52:50,20.8375,6.53,0.585,3.474,B,#4,HOLDING,0.546A/B
38023,2026-06-04 01:52:52,20.7625,3.96,0.585,3.474,B,#4,HOLDING,1.528A/B
38024,2026-06-04 01:52:53,20.6750,3.96,1.491,16.792,B,#4,HOLDING,1.500A/B
38025,2026-06-04 01:52:56,20.5625,3.96,1.491,16.792,B,#5,APPROACH,1.786A/B
38026,2026-06-04 01:52:57,20.5625,3.96,1.491,16.792,B,#5,APPROACH,1.500A/B
38027,2026-06-04 01:52:59,20.5125,3.96,1.491,16.792,B,#5,APPROACH,1.000A/B
38028,2026-06-04 01:53:01,20.5125,10.29,1.491,16.792,B,#5,APPROACH,2.500A/B
38029,2026-06-04 01:53:03,20.5625,10.29,1.601,18.912,B,#5,APPROACH,1.000A/B
38030,2026-06-04 01:53:06,20.6750,10.29,1.601,18.912,B,#5,APPROACH,2.000A/B
38031,2026-06-04 01:53:07,20.6750,10.29,1.601,18.912,B,#5,APPROACH,3.000A/B
38032,2026-06-04 01:53:09,20.7875,12.00,1.601,18.912,B,#5,APPROACH,2.500A/B
38033,2026-06-04 01:53:11,20.9375,12.00,1.527,18.096,B,#5,APPROACH,1.000A/B
38034,2026-06-04 01:53:13,21.2625,12.00,1.527,18.096,B,#5,APPROACH,1.000A/B
38035,2026-06-04 01:53:15,21.2625,12.00,1.527,18.096,B,#5,APPROACH,1.500A/B
38036,2026-06-04 01:53:17,21.4375,12.00,1.527,18.096,B,#5,APPROACH,3.000A/B
38037,2026-06-04 01:53:19,21.6375,12.00,1.476,17.496,B,#5,APPROACH,2.500A/B
38038,2026-06-04 01:53:21,22.0625,12.00,1.476,17.496,B,#5,APPROACH,3.000A/B
38039,2026-06-04 01:53:23,22.0625,12.00,1.476,17.496,B,#5,APPROACH,2.000A/B
38040,2026-06-04 01:53:24,22.2750,12.00,1.476,17.496,B,#5,APPROACH,3.000A/B
38041,2026-06-04 01:53:26,22.5000,12.00,1.430,16.968,B,#5,APPROACH,2.000A/B
38042,2026-06-04 01:53:29,22.9625,12.00,1.430,16.968,B,#5,APPROACH,2.500A/B
38043,2026-06-04 01:53:30,22.9625,12.00,1.430,16.968,B,#5,APPROACH,1.000A/B
38044,2026-06-04 01:53:32,23.1875,9.18,1.430,16.968,B,#5,APPROACH,3.000A/B
38045,2026-06-04 01:53:34,23.4375,9.18,1.402,16.668,B,#5,APPROACH,3.000A/B
38046,2026-06-04 01:53:36,23.8375,9.18,1.402,16.668,B,#5,APPROACH,1.000A/B
38047,2026-06-04 01:53:38,23.8375,9.18,1.402,16.668,B,#5,APPROACH,1.500A/B
38048,2026-06-04 01:53:40,24.0875,12.00,1.402,16.668,B,#5,APPROACH,3.000A/B
38049,2026-06-04 01:53:42,24.3125,12.00,1.376,16.332,B,#5,APPROACH,3.000A/B
38050,2026-06-04 01:53:44,24.7750,12.00,1.376,16.332,B,#5,APPROACH,1.000A/B
38051,2026-06-04 01:53:46,24.7750,12.00,1.376,16.332,B,#5,APPROACH,1.500A/B
38052,2026-06-04 01:53:47,25.0000,12.00,1.376,16.332,B,#5,APPROACH,1.500A/B
38053,2026-06-04 01:53:49,25.2500,12.00,1.353,16.068,B,#5,APPROACH,2.000A/B
38054,2026-06-04 01:53:52,25.7125,12.00,1.353,16.068,B,#5,APPROACH,1.000A/B
38055,2026-06-04 01:53:53,25.7125,12.00,1.353,16.068,B,#5,APPROACH,2.000A/B
38056,2026-06-04 01:53:55,25.9375,12.00,1.353,16.068,B,#5,APPROACH,1.500A/B
38057,2026-06-04 01:53:57,26.1875,12.00,1.336,15.876,B,#5,APPROACH,3.000A/B
38058,2026-06-04 01:53:59,26.6500,12.00,1.336,15.876,B,#5,APPROACH,3.000A/B
38059,2026-06-04 01:54:01,26.6500,12.00,1.336,15.876,B,#5,APPROACH,1.000A/B
38060,2026-06-04 01:54:03,26.8750,9.63,1.336,15.876,B,#5,APPROACH,1.000A/B
38061,2026-06-04 01:54:05,27.1250,9.63,1.000,9.770,B,#5,APPROACH,1.500A/B
38062,2026-06-04 01:54:07,27.5625,9.63,1.000,9.770,B,#5,APPROACH,3.000A/B
38063,2026-06-04 01:54:09,27.5625,9.63,1.000,9.770,B,#5,APPROACH,2.500A/B
38064,2026-06-04 01:54:11,27.7500,12.00,1.000,9.770,B,#5,APPROACH,2.000A/B
38065,2026-06-04 01:54:12,28.0000,12.00,1.320,15.696,B,#5,APPROACH,2.500A/B
38066,2026-06-04 01:54:15,28.4375,12.00,1.320,15.696,B,#5,APPROACH,2.500A/B
38067,2026-06-04 01:54:16,28.4375,12.00,1.320,15.696,B,#5,APPROACH,2.500A/B
38068,2026-06-04 01:54:18,28.6375,12.00,1.320,15.696,B,#5,APPROACH,2.500A/B
38069,2026-06-04 01:54:20,28.8125,12.00,1.307,15.552,B,#5,APPROACH,2.742A/B
38070,2026-06-04 01:54:22,29.2500,12.00,1.307,15.552,B,#5,APPROACH,2.347A/B
38071,2026-06-04 01:54:24,29.2500,12.00,1.307,15.552,B,#5,APPROACH,1.824A/B
38072,2026-06-04 01:54:26,29.4625,12.00,1.307,15.552,B,#5,HOLDING,1.767A/B
38073,2026-06-04 01:54:28,29.6625,12.00,1.298,15.432,B,#5,HOLDING,1.256A/B
38074,2026-06-04 01:54:30,30.0375,12.00,1.298,15.432,B,#5,HOLDING,0.480A/B
38075,2026-06-04 01:54:32,30.0375,12.00,1.298,15.432,B,#5,HOLDING,0.381A/B
38076,2026-06-04 01:54:34,30.2125,5.11,1.298,15.432,B,#5,HOLDING,0.162A/B
38077,2026-06-04 01:54:35,30.4125,5.11,0.185,0.511,A,#5,HOLDING,0.142A/A
38078,2026-06-04 01:54:38,30.7625,5.11,0.185,0.511,A,#5,HOLDING,0.999A/A
38079,2026-06-04 01:54:39,30.7625,5.11,0.185,0.511,A,#5,HOLDING,1.477A/A
38080,2026-06-04 01:54:41,31.0750,10.17,0.185,0.511,A,#5,HOLDING,1.000A/A
38081,2026-06-04 01:54:43,31.0750,10.17,1.072,7.210,A,#5,HOLDING,2.500A/A
38082,2026-06-04 01:54:46,31.3250,10.17,1.072,7.210,A,#5,HOLDING,3.000A/A
38083,2026-06-04 01:54:47,31.4125,10.17,1.072,7.210,A,#5,HOLDING,3.000A/A
38084,2026-06-04 01:54:49,31.4875,12.00,1.072,7.210,A,#5,HOLDING,2.000A/A
38085,2026-06-04 01:54:51,31.4875,12.00,1.636,19.320,A,#5,HOLDING,1.500A/A
38086,2026-06-04 01:54:53,31.5000,12.00,1.636,19.320,A,#5,HOLDING,1.000A/A
38087,2026-06-04 01:54:55,31.5000,12.00,1.636,19.320,A,#5,HOLDING,3.000A/A
38088,2026-06-04 01:54:57,31.4750,12.00,1.636,19.320,A,#5,HOLDING,2.000A/A
38089,2026-06-04 01:54:59,31.4750,12.00,1.565,18.528,A,#5,HOLDING,2.000A/A
38090,2026-06-04 01:55:01,31.4125,12.00,1.565,18.528,A,#5,HOLDING,2.000A/A
38091,2026-06-04 01:55:03,31.3375,12.00,1.565,18.528,A,#5,HOLDING,1.500A/A
38092,2026-06-04 01:55:04,31.2375,11.69,1.565,18.528,A,#5,HOLDING,3.000A/A
38093,2026-06-04 01:55:06,31.2375,11.69,1.511,17.952,A,#5,HOLDING,2.500A/A
38094,2026-06-04 01:55:09,30.9500,11.69,1.511,17.952,A,#5,HOLDING,2.500A/A
38095,2026-06-04 01:55:10,30.8250,11.69,1.511,17.952,A,#5,HOLDING,1.500A/A
38096,2026-06-04 01:55:12,30.6750,11.94,1.511,17.952,A,#5,HOLDING,3.000A/A
38097,2026-06-04 01:55:14,30.6750,11.94,1.477,17.556,A,#5,HOLDING,1.000A/A
38098,2026-06-04 01:55:16,30.3125,11.94,1.477,17.556,A,#5,HOLDING,0.142A/A
38099,2026-06-04 01:55:18,30.1750,11.94,1.477,17.556,B,#5,HOLDING,1.222A/B
38100,2026-06-04 01:55:20,29.9750,9.01,1.477,17.556,B,#5,HOLDING,2.000A/B
38101,2026-06-04 01:55:22,29.9750,9.01,1.649,19.500,B,#5,HOLDING,2.500A/B
38102,2026-06-04 01:55:24,29.5625,9.01,1.649,19.500,B,#5,HOLDING,2.000A/B
38103,2026-06-04 01:55:26,29.4250,9.01,1.649,19.500,B,#5,HOLDING,2.000A/B
38104,2026-06-04 01:55:27,29.3000,12.00,1.649,19.500,B,#5,HOLDING,2.000A/B
38105,2026-06-04 01:55:29,29.2125,12.00,1.553,18.408,B,#5,HOLDING,1.000A/B
38106,2026-06-04 01:55:32,29.1625,12.00,1.553,18.408,B,#5,HOLDING,3.000A/B
38107,2026-06-04 01:55:33,29.1250,12.00,1.553,18.408,B,#5,HOLDING,2.500A/B
38108,2026-06-04 01:55:35,29.1250,12.00,1.553,18.408,B,#5,HOLDING,2.000A/B
38109,2026-06-04 01:55:37,29.1250,12.00,1.489,17.628,B,#5,HOLDING,2.000A/B
38110,2026-06-04 01:55:39,29.1500,12.00,1.489,17.628,B,#5,HOLDING,2.000A/B
38111,2026-06-04 01:55:41,29.2000,12.00,1.489,17.628,B,#5,HOLDING,1.500A/B
38112,2026-06-04 01:55:43,29.2750,12.00,1.489,17.628,B,#5,HOLDING,3.000A/B
38113,2026-06-04 01:55:45,29.2750,12.00,1.434,16.944,B,#5,HOLDING,1.500A/B
38114,2026-06-04 01:55:47,29.4500,12.00,1.434,16.944,B,#5,HOLDING,2.000A/B
38115,2026-06-04 01:55:49,29.5375,12.00,1.434,16.944,B,#5,HOLDING,2.000A/B
38116,2026-06-04 01:55:51,29.6375,12.00,1.434,16.944,B,#5,HOLDING,2.000A/B
38117,2026-06-04 01:55:52,29.6375,12.00,1.381,16.368,B,#5,HOLDING,2.000A/B
38118,2026-06-04 01:55:55,29.8000,12.00,1.381,16.368,B,#5,HOLDING,2.000A/B
38119,2026-06-04 01:55:56,29.9250,12.00,1.381,16.368,B,#5,HOLDING,1.000A/B
38120,2026-06-04 01:55:58,30.0250,9.49,1.381,16.368,B,#5,HOLDING,2.000A/B
38121,2026-06-04 01:56:00,30.1625,9.49,1.175,16.056,B,#5,HOLDING,3.000A/B
38122,2026-06-04 01:56:02,30.2625,9.49,1.175,16.056,B,#5,HOLDING,2.000A/B
38123,2026-06-04 01:56:04,30.4000,9.49,1.175,16.056,OFF,--,DONE,1.500A/A
38124,2026-06-04 01:56:06,30.5250,0.82,1.175,16.056,OFF,--,DONE,--
38125,2026-06-04 01:56:07,30.5250,0.82,0.000,16.056,OFF,--,DONE,--
38126,2026-06-04 01:56:09,30.6625,0.82,0.000,16.056,OFF,--,DONE,--
38127,2026-06-04 01:56:10,30.7625,0.82,0.000,0.000,OFF,--,DONE,--
38128,2026-06-04 01:56:11,30.7625,0.00,0.000,0.000,OFF,--,DONE,--
38129,2026-06-04 01:56:12,30.8875,0.00,0.000,0.000,OFF,--,DONE,--
38130,2026-06-04 01:56:13,30.8875,0.00,0.000,0.000,OFF,--,DONE,--
38131,2026-06-04 01:56:14,30.9625,0.00,0.000,0.000,OFF,--,DONE,--
38132,2026-06-04 01:56:15,30.9625,0.00,0.000,0.000,OFF,--,DONE,--
38133,2026-06-04 01:56:16,31.0375,0.00,0.000,0.000,OFF,--,DONE,--
38134,2026-06-04 01:56:17,31.0375,0.00,0.000,0.000,OFF,--,DONE,--
38135,2026-06-04 01:56:18,31.1375,0.00,0.000,0.000,OFF,--,DONE,--
38136,2026-06-04 01:56:19,31.1375,0.00,0.000,0.000,OFF,--,DONE,--
38137,2026-06-04 01:56:20,31.2000,0.00,0.000,0.000,OFF,--,DONE,--
38138,2026-06-04 01:56:21,31.2000,0.00,0.000,0.000,OFF,--,DONE,--
38139,2026-06-04 01:56:22,31.2500,0.00,0.000,0.000,OFF,--,DONE,--
38140,2026-06-04 01:56:23,31.2500,0.00,0.000,0.000,OFF,--,DONE,--
38141,2026-06-04 01:56:24,31.2875,0.00,0.000,0.000,OFF,--,DONE,--
38142,2026-06-04 01:56:25,31.2875,0.00,0.000,0.000,OFF,--,DONE,--
38143,2026-06-04 01:56:26,31.3375,0.00,0.000,0.000,OFF,--,DONE,--
38144,2026-06-04 01:56:27,31.3375,0.00,0.000,0.000,OFF,--,DONE,--
38145,2026-06-04 01:56:28,31.3750,0.00,0.000,0.000,OFF,--,DONE,--
38146,2026-06-04 01:56:29,31.4000,0.00,0.000,0.000,OFF,--,DONE,--
38147,2026-06-04 01:56:30,31.4000,0.00,0.000,0.000,OFF,--,DONE,--
38148,2026-06-04 01:56:31,31.4375,0.00,0.000,0.000,OFF,--,DONE,--
38149,2026-06-04 01:56:32,31.4375,0.00,0.000,0.000,OFF,--,DONE,--
38150,2026-06-04 01:56:33,31.4375,0.00,0.000,0.000,OFF,--,DONE,--
38151,2026-06-04 01:56:34,31.4375,0.00,0.000,0.000,OFF,--,DONE,--
38152,2026-06-04 01:56:35,31.4000,0.00,0.000,0.000,OFF,--,DONE,--
38153,2026-06-04 01:56:36,31.4000,0.00,0.000,0.000,OFF,--,DONE,--
38154,2026-06-04 01:56:37,31.3750,0.00,0.000,0.000,OFF,--,DONE,--
38155,2026-06-04 01:56:38,31.3750,0.00,0.000,0.000,OFF,--,DONE,--
38156,2026-06-04 01:56:39,31.3750,0.00,0.000,0.000,OFF,--,DONE,--
38157,2026-06-04 01:56:40,31.3750,0.00,0.000,0.000,OFF,--,DONE,--
38158,2026-06-04 01:56:41,31.3750,0.00,0.000,0.000,OFF,--,DONE,--
38159,2026-06-04 01:56:42,31.3750,0.00,0.000,0.000,OFF,--,DONE,--
38160,2026-06-04 01:56:43,31.3125,0.00,0.000,0.000,OFF,--,DONE,--
38161,2026-06-04 01:56:44,31.3125,0.00,0.000,0.000,OFF,--,DONE,--
38162,2026-06-04 01:56:45,31.2875,0.00,0.000,0.000,OFF,--,DONE,--
38163,2026-06-04 01:56:46,31.2875,0.00,0.000,0.000,OFF,--,DONE,--
38164,2026-06-04 01:56:47,31.2500,0.00,0.000,0.000,OFF,--,DONE,--
38165,2026-06-04 01:56:48,31.2000,0.00,0.000,0.000,OFF,--,DONE,--
38166,2026-06-04 01:56:49,31.2000,0.00,0.000,0.000,OFF,--,DONE,--
38167,2026-06-04 01:56:50,31.1250,0.00,0.000,0.000,OFF,--,DONE,--
38168,2026-06-04 01:56:51,31.1250,0.00,0.000,0.000,OFF,--,DONE,--
38169,2026-06-04 01:56:52,31.0750,0.00,0.000,0.000,OFF,--,DONE,--
38170,2026-06-04 01:56:53,31.0750,0.00,0.000,0.000,OFF,--,DONE,--
38171,2026-06-04 01:56:54,31.0000,0.00,0.000,0.000,OFF,--,DONE,--
38172,2026-06-04 01:56:55,31.0000,0.00,0.000,0.000,OFF,--,DONE,--
38173,2026-06-04 01:56:56,30.9500,0.00,0.000,0.000,OFF,--,DONE,--
38174,2026-06-04 01:56:57,30.9500,0.00,0.000,0.000,OFF,--,DONE,--
38175,2026-06-04 01:56:58,30.8625,0.00,0.000,0.000,OFF,--,DONE,--
38176,2026-06-04 01:56:59,30.7875,0.00,0.000,0.000,OFF,--,DONE,--
38177,2026-06-04 01:57:00,30.7875,0.00,0.000,0.000,OFF,--,DONE,--
38178,2026-06-04 01:57:01,30.7375,0.00,0.000,0.000,OFF,--,DONE,--
38179,2026-06-04 01:57:02,30.7375,0.00,0.000,0.000,OFF,--,DONE,--
38180,2026-06-04 01:57:03,30.6625,0.00,0.000,0.000,OFF,--,DONE,--
38181,2026-06-04 01:57:05,30.6625,0.00,0.000,0.000,OFF,--,DONE,--
38182,2026-06-04 01:57:06,30.5875,0.00,0.000,0.000,OFF,--,DONE,--
38183,2026-06-04 01:57:07,30.5875,0.00,0.000,0.000,OFF,--,DONE,--
38184,2026-06-04 01:57:08,30.5375,0.00,0.000,0.000,OFF,--,DONE,--
38185,2026-06-04 01:57:09,30.5375,0.00,0.000,0.000,OFF,--,DONE,--
38186,2026-06-04 01:57:10,30.4375,0.00,0.000,0.000,OFF,--,DONE,--
38187,2026-06-04 01:57:11,30.4375,0.00,0.000,0.000,OFF,--,DONE,--
38188,2026-06-04 01:57:12,30.3625,0.00,0.000,0.000,OFF,--,DONE,--
38189,2026-06-04 01:57:13,30.3625,0.00,0.000,0.000,OFF,--,DONE,--
38190,2026-06-04 01:57:14,30.2500,0.00,0.000,0.000,OFF,--,DONE,--
38191,2026-06-04 01:57:15,30.2000,0.00,0.000,0.000,OFF,--,DONE,--
38192,2026-06-04 01:57:16,30.2000,0.00,0.000,0.000,OFF,--,DONE,--
38193,2026-06-04 01:57:17,30.0875,0.00,0.000,0.000,OFF,--,DONE,--
38194,2026-06-04 01:57:18,30.0875,0.00,0.000,0.000,OFF,--,DONE,--
38195,2026-06-04 01:57:19,29.9875,0.00,0.000,0.000,OFF,--,DONE,--
38196,2026-06-04 01:57:20,29.9875,0.00,0.000,0.000,OFF,--,DONE,--
38197,2026-06-04 01:57:21,29.9250,0.00,0.000,0.000,OFF,--,DONE,--
38198,2026-06-04 01:57:22,29.9250,0.00,0.000,0.000,OFF,--,DONE,--
38199,2026-06-04 01:57:23,29.8000,0.00,0.000,0.000,OFF,--,DONE,--
38200,2026-06-04 01:57:24,29.8000,0.00,0.000,0.000,OFF,--,DONE,--
38201,2026-06-04 01:57:25,29.7125,0.00,0.000,0.000,OFF,--,DONE,--
38202,2026-06-04 01:57:26,29.7125,0.00,0.000,0.000,OFF,--,DONE,--
38203,2026-06-04 01:57:27,29.6125,0.00,0.000,0.000,OFF,--,DONE,--
38204,2026-06-04 01:57:28,29.6125,0.00,0.000,0.000,OFF,--,DONE,--
38205,2026-06-04 01:57:29,29.5125,0.00,0.000,0.000,OFF,--,DONE,--
38206,2026-06-04 01:57:30,29.3875,0.00,0.000,0.000,OFF,--,DONE,--
38207,2026-06-04 01:57:31,29.3875,0.00,0.000,0.000,OFF,--,DONE,--
38208,2026-06-04 01:57:32,29.3000,0.00,0.000,0.000,OFF,--,DONE,--
38209,2026-06-04 01:57:33,29.3000,0.00,0.000,0.000,OFF,--,DONE,--
38210,2026-06-04 01:57:34,29.2000,0.00,0.000,0.000,OFF,--,DONE,--
38211,2026-06-04 01:57:35,29.2000,0.00,0.000,0.000,OFF,--,DONE,--
38212,2026-06-04 01:57:36,29.1125,0.00,0.000,0.000,OFF,--,DONE,--
38213,2026-06-04 01:57:37,29.1125,0.00,0.000,0.000,OFF,--,DONE,--
38214,2026-06-04 01:57:38,29.0375,0.00,0.000,0.000,OFF,--,DONE,--
38215,2026-06-04 01:57:39,29.0375,0.00,0.000,0.000,OFF,--,DONE,--
38216,2026-06-04 01:57:40,28.9250,0.00,0.000,0.000,OFF,--,DONE,--
38217,2026-06-04 01:57:41,28.9250,0.00,0.000,0.000,OFF,--,DONE,--
38218,2026-06-04 01:57:43,28.8250,0.00,0.000,0.000,OFF,--,DONE,--
38219,2026-06-04 01:57:44,28.8250,0.00,0.000,0.000,OFF,--,DONE,--
38220,2026-06-04 01:57:45,28.7375,0.00,0.000,0.000,OFF,--,DONE,--
38221,2026-06-04 01:57:46,28.6375,0.00,0.000,0.000,OFF,--,DONE,--
38222,2026-06-04 01:57:47,28.6375,0.00,0.000,0.000,OFF,--,DONE,--
38223,2026-06-04 01:57:48,28.5500,0.00,0.000,0.000,OFF,--,DONE,--
38224,2026-06-04 01:57:49,28.5500,0.00,0.000,0.000,OFF,--,DONE,--
38225,2026-06-04 01:57:50,28.4500,0.00,0.000,0.000,OFF,--,DONE,--
38226,2026-06-04 01:57:51,28.4500,0.00,0.000,0.000,OFF,--,DONE,--
38227,2026-06-04 01:57:52,28.3625,0.00,0.000,0.000,OFF,--,DONE,--
38228,2026-06-04 01:57:53,28.3625,0.00,0.000,0.000,OFF,--,DONE,--
38229,2026-06-04 01:57:54,28.2375,0.00,0.000,0.000,OFF,--,DONE,--
38230,2026-06-04 01:57:55,28.2375,0.00,0.000,0.000,OFF,--,DONE,--
38231,2026-06-04 01:57:56,28.1750,0.00,0.000,0.000,OFF,--,DONE,--
38232,2026-06-04 01:57:57,28.1750,0.00,0.000,0.000,OFF,--,DONE,--
38233,2026-06-04 01:57:58,28.1000,0.00,0.000,0.000,OFF,--,DONE,--
38234,2026-06-04 01:57:59,28.1000,0.00,0.000,0.000,OFF,--,DONE,--
38235,2026-06-04 01:58:00,27.9875,0.00,0.000,0.000,OFF,--,DONE,--
38236,2026-06-04 01:58:01,27.8875,0.00,0.000,0.000,OFF,--,DONE,--
38237,2026-06-04 01:58:02,27.8875,0.00,0.000,0.000,OFF,--,DONE,--
38238,2026-06-04 01:58:03,27.8250,0.00,0.000,0.000,OFF,--,DONE,--
38239,2026-06-04 01:58:04,27.8250,0.00,0.000,0.000,OFF,--,DONE,--
38240,2026-06-04 01:58:05,27.7000,0.00,0.000,0.000,OFF,--,DONE,--
38241,2026-06-04 01:58:06,27.7000,0.00,0.000,0.000,OFF,--,DONE,--
38242,2026-06-04 01:58:07,27.6125,0.00,0.000,0.000,OFF,--,DONE,--
38243,2026-06-04 01:58:08,27.6125,0.00,0.000,0.000,OFF,--,DONE,--
38244,2026-06-04 01:58:09,27.5375,0.00,0.000,0.000,A,#1,APPROACH,3.000A/A
38245,2026-06-04 01:58:11,27.4250,0.00,0.000,0.000,A,#1,APPROACH,2.500A/A
38246,2026-06-04 01:58:13,27.3500,0.00,0.000,0.000,A,#1,APPROACH,1.000A/A
38247,2026-06-04 01:58:15,27.3125,0.00,0.000,0.000,A,#1,APPROACH,2.000A/A
38248,2026-06-04 01:58:17,27.2125,12.00,1.536,0.000,A,#1,APPROACH,2.000A/A
38249,2026-06-04 01:58:19,27.0875,12.00,1.536,18.156,A,#1,APPROACH,2.000A/A
38250,2026-06-04 01:58:20,26.9875,12.00,1.536,18.156,A,#1,APPROACH,2.000A/A
38251,2026-06-04 01:58:22,26.9875,12.00,1.536,18.156,A,#1,APPROACH,1.000A/A
38252,2026-06-04 01:58:24,26.8500,8.50,1.536,18.156,A,#1,APPROACH,3.000A/A
38253,2026-06-04 01:58:26,26.6750,8.50,1.502,17.796,A,#1,APPROACH,2.500A/A
38254,2026-06-04 01:58:28,26.3625,8.50,1.502,17.796,A,#1,APPROACH,2.000A/A
38255,2026-06-04 01:58:30,26.3625,8.50,1.502,17.796,A,#1,APPROACH,1.500A/A
38256,2026-06-04 01:58:31,26.2000,12.00,1.502,17.796,A,#1,APPROACH,1.892A/A
38257,2026-06-04 01:58:33,26.0000,12.00,1.463,17.376,A,#1,APPROACH,1.788A/A
38258,2026-06-04 01:58:36,25.6250,12.00,1.463,17.376,A,#1,APPROACH,2.000A/A
38259,2026-06-04 01:58:37,25.6250,12.00,1.463,17.376,A,#1,APPROACH,2.000A/A
38260,2026-06-04 01:58:39,25.4500,12.00,1.463,17.376,A,#1,APPROACH,1.500A/A
38261,2026-06-04 01:58:41,25.2250,12.00,1.439,17.112,A,#1,APPROACH,1.000A/A
38262,2026-06-04 01:58:43,24.8500,12.00,1.439,17.112,A,#1,APPROACH,2.000A/A
38263,2026-06-04 01:58:45,24.8500,12.00,1.439,17.112,A,#1,APPROACH,2.000A/A
38264,2026-06-04 01:58:47,24.6375,12.00,1.439,17.112,A,#1,APPROACH,3.000A/A
38265,2026-06-04 01:58:49,24.4375,12.00,1.427,16.956,A,#1,APPROACH,2.500A/A
38266,2026-06-04 01:58:51,24.0625,12.00,1.427,16.956,A,#1,APPROACH,2.000A/A
38267,2026-06-04 01:58:53,24.0625,12.00,1.427,16.956,A,#1,APPROACH,2.464A/A
38268,2026-06-04 01:58:54,23.8250,12.00,1.427,16.956,A,#1,APPROACH,1.000A/A
38269,2026-06-04 01:58:56,23.6250,12.00,1.030,9.170,A,#1,APPROACH,2.000A/A
38270,2026-06-04 01:58:59,23.2500,12.00,1.030,9.170,A,#1,APPROACH,3.000A/A
38271,2026-06-04 01:59:00,23.2500,12.00,1.030,9.170,A,#1,APPROACH,2.000A/A
38272,2026-06-04 01:59:02,23.0625,12.00,1.030,9.170,A,#1,APPROACH,2.000A/A
38273,2026-06-04 01:59:04,22.8625,12.00,1.405,16.716,A,#1,APPROACH,3.000A/A
38274,2026-06-04 01:59:06,22.5000,12.00,1.405,16.716,A,#1,APPROACH,1.968A/A
38275,2026-06-04 01:59:08,22.5000,12.00,1.405,16.716,A,#1,APPROACH,1.680A/A
38276,2026-06-04 01:59:10,22.3250,12.00,1.405,16.716,A,#1,APPROACH,1.587A/A
38277,2026-06-04 01:59:12,22.1500,12.00,1.394,16.596,A,#1,APPROACH,1.000A/A
38278,2026-06-04 01:59:14,21.7875,12.00,1.394,16.596,A,#1,APPROACH,1.567A/A
38279,2026-06-04 01:59:16,21.7875,12.00,1.394,16.596,A,#1,APPROACH,1.000A/A
38280,2026-06-04 01:59:18,21.6375,9.18,1.394,16.596,A,#1,APPROACH,1.597A/A
38281,2026-06-04 01:59:19,21.4375,9.18,1.395,16.596,A,#1,APPROACH,1.500A/A
38282,2026-06-04 01:59:22,21.1500,9.18,1.395,16.596,A,#1,APPROACH,1.500A/A
38283,2026-06-04 01:59:23,21.1500,9.18,1.395,16.596,A,#1,APPROACH,1.500A/A
38284,2026-06-04 01:59:25,20.9625,12.00,1.395,16.596,A,#1,APPROACH,1.637A/A
38285,2026-06-04 01:59:27,20.8125,12.00,1.388,16.524,A,#1,APPROACH,1.711A/A
38286,2026-06-04 01:59:29,20.5250,12.00,1.388,16.524,A,#1,APPROACH,1.755A/A
38287,2026-06-04 01:59:31,20.5250,12.00,1.388,16.524,A,#1,APPROACH,1.833A/A
38288,2026-06-04 01:59:33,20.3875,12.00,1.388,16.524,A,#1,APPROACH,1.891A/A
38289,2026-06-04 01:59:35,20.2375,12.00,1.384,16.476,A,#1,APPROACH,1.949A/A
38290,2026-06-04 01:59:37,19.9875,12.00,1.384,16.476,A,#1,APPROACH,1.000A/A
38291,2026-06-04 01:59:39,19.9875,12.00,1.384,16.476,A,#1,APPROACH,1.991A/A
38292,2026-06-04 01:59:41,19.8250,12.00,1.384,16.476,A,#1,APPROACH,1.000A/A
38293,2026-06-04 01:59:42,19.6750,12.00,1.032,9.320,A,#1,HOLDING,1.000A/A
38294,2026-06-04 01:59:45,19.4250,12.00,1.032,9.320,OFF,#1,HOLDING,0.000A/OFF
38295,2026-06-04 01:59:46,19.4250,12.00,1.032,9.320,OFF,#1,HOLDING,0.000A/OFF
38296,2026-06-04 01:59:47,19.3250,12.00,1.032,9.320,OFF,#1,HOLDING,0.000A/OFF
38297,2026-06-04 01:59:48,19.3250,12.00,1.032,9.320,OFF,#1,HOLDING,0.000A/OFF
38298,2026-06-04 01:59:49,19.2000,12.00,0.000,9.320,OFF,#1,HOLDING,0.000A/OFF
38299,2026-06-04 01:59:50,19.2000,12.00,0.000,9.320,OFF,#1,HOLDING,0.000A/OFF
38300,2026-06-04 01:59:51,19.0750,12.00,0.000,0.000,OFF,#1,HOLDING,0.000A/OFF
38301,2026-06-04 01:59:52,19.0750,12.00,0.000,0.000,OFF,#1,HOLDING,0.000A/OFF
38302,2026-06-04 01:59:53,18.9750,12.00,0.000,0.000,OFF,#1,HOLDING,0.000A/OFF
38303,2026-06-04 01:59:54,18.9750,12.00,0.000,0.000,A,#1,HOLDING,0.107A/A
38304,2026-06-04 01:59:55,18.9000,12.00,0.052,0.000,A,#1,HOLDING,0.104A/A
38305,2026-06-04 01:59:57,18.8500,12.00,0.052,0.176,A,#1,HOLDING,0.121A/A
38306,2026-06-04 01:59:59,18.8125,12.00,0.052,0.176,A,#1,HOLDING,0.121A/A
38307,2026-06-04 02:00:00,18.7875,12.00,0.052,0.176,A,#1,HOLDING,0.130A/A
38308,2026-06-04 02:00:02,18.7500,1.76,0.052,0.176,A,#1,HOLDING,0.132A/A
38309,2026-06-04 02:00:04,18.7500,1.76,0.132,0.236,A,#1,HOLDING,0.138A/A
38310,2026-06-04 02:00:07,18.7250,1.76,0.132,0.236,A,#1,HOLDING,0.139A/A
38311,2026-06-04 02:00:08,18.7000,1.76,0.132,0.236,A,#1,HOLDING,0.139A/A
38312,2026-06-04 02:00:10,18.7500,1.72,0.132,0.236,A,#1,HOLDING,0.147A/A
38313,2026-06-04 02:00:12,18.7500,1.72,0.147,0.266,A,#1,HOLDING,0.151A/A
38314,2026-06-04 02:00:14,18.7625,1.72,0.147,0.266,A,#1,HOLDING,0.157A/A
38315,2026-06-04 02:00:16,18.8125,1.72,0.147,0.266,A,#1,HOLDING,0.162A/A
38316,2026-06-04 02:00:18,18.8125,1.82,0.147,0.266,A,#1,HOLDING,0.166A/A
38317,2026-06-04 02:00:20,18.8625,1.82,0.166,0.315,A,#1,HOLDING,0.178A/A
38318,2026-06-04 02:00:22,18.8750,1.82,0.166,0.315,A,#1,HOLDING,0.182A/A
38319,2026-06-04 02:00:24,18.9250,1.82,0.166,0.315,A,#1,HOLDING,0.195A/A
38320,2026-06-04 02:00:25,18.9375,2.05,0.166,0.315,A,#1,HOLDING,0.200A/A
38321,2026-06-04 02:00:27,18.9875,2.05,0.200,0.432,A,#1,HOLDING,0.216A/A
38322,2026-06-04 02:00:30,19.0125,2.05,0.200,0.432,A,#1,HOLDING,0.224A/A
38323,2026-06-04 02:00:31,19.0625,2.05,0.200,0.432,A,#1,HOLDING,0.240A/A
38324,2026-06-04 02:00:33,19.1250,2.45,0.200,0.432,A,#1,HOLDING,0.257A/A
38325,2026-06-04 02:00:35,19.1500,2.45,0.257,0.678,A,#1,HOLDING,0.274A/A
38326,2026-06-04 02:00:37,19.2000,2.45,0.257,0.678,A,#1,HOLDING,0.296A/A
38327,2026-06-04 02:00:39,19.2500,2.45,0.257,0.678,A,#1,HOLDING,0.314A/A
38328,2026-06-04 02:00:41,19.2500,3.08,0.257,0.678,A,#1,HOLDING,0.331A/A
38329,2026-06-04 02:00:43,19.3000,3.08,0.331,1.088,A,#2,APPROACH,0.354A/A
38330,2026-06-04 02:00:45,19.3500,3.08,0.331,1.088,B,#2,APPROACH,0.124A/B
38331,2026-06-04 02:00:47,19.3750,3.08,0.331,1.088,B,#2,APPROACH,0.158A/B
38332,2026-06-04 02:00:49,19.3750,3.08,0.331,1.088,B,#2,APPROACH,0.217A/B
38333,2026-06-04 02:00:51,19.4250,3.63,0.217,1.088,B,#2,APPROACH,0.285A/B
38334,2026-06-04 02:00:53,19.4375,3.63,0.217,0.649,B,#2,APPROACH,0.353A/B
38335,2026-06-04 02:00:55,19.5125,3.63,0.217,0.649,B,#2,APPROACH,0.400A/B
38336,2026-06-04 02:00:56,19.5750,3.63,0.217,0.649,B,#2,APPROACH,0.455A/B
38337,2026-06-04 02:00:58,19.6500,3.71,0.217,0.649,B,#2,APPROACH,0.512A/B
38338,2026-06-04 02:01:00,19.7000,3.71,0.488,2.191,B,#2,APPROACH,0.579A/B
38339,2026-06-04 02:01:03,19.8000,3.71,0.488,2.191,B,#2,APPROACH,0.652A/B
38340,2026-06-04 02:01:04,19.9125,3.71,0.488,2.191,B,#2,APPROACH,0.688A/B
38341,2026-06-04 02:01:06,19.9875,5.70,0.488,2.191,B,#2,APPROACH,0.729A/B
38342,2026-06-04 02:01:08,20.1000,5.70,0.715,4.497,B,#2,APPROACH,0.770A/B
38343,2026-06-04 02:01:10,20.2000,5.70,0.715,4.497,B,#2,APPROACH,0.829A/B
38344,2026-06-04 02:01:12,20.3000,5.70,0.715,4.497,B,#2,APPROACH,0.861A/B
38345,2026-06-04 02:01:14,20.4000,7.19,0.715,4.497,B,#2,HOLDING,0.893A/B
38346,2026-06-04 02:01:16,20.5375,7.19,0.882,4.497,OFF,#2,HOLDING,0.000A/OFF
38347,2026-06-04 02:01:17,20.5375,7.19,0.882,6.777,OFF,#2,HOLDING,0.000A/OFF
38348,2026-06-04 02:01:18,20.6625,7.19,0.882,6.777,OFF,#2,HOLDING,0.000A/OFF
38349,2026-06-04 02:01:19,20.6625,7.19,0.882,6.777,OFF,#2,HOLDING,0.000A/OFF
38350,2026-06-04 02:01:20,20.7875,7.19,0.882,6.777,OFF,#2,HOLDING,0.000A/OFF
38351,2026-06-04 02:01:21,20.7875,7.19,0.882,6.777,OFF,#2,HOLDING,0.000A/OFF
38352,2026-06-04 02:01:22,20.9125,12.00,0.882,6.777,OFF,#2,HOLDING,0.000A/OFF
38353,2026-06-04 02:01:23,20.9125,12.00,0.000,0.000,B,#2,HOLDING,0.108A/B
38354,2026-06-04 02:01:24,21.0500,12.00,0.000,0.000,B,#2,HOLDING,0.106A/B
38355,2026-06-04 02:01:26,21.1750,12.00,0.000,0.000,B,#2,HOLDING,0.119A/B
38356,2026-06-04 02:01:28,21.3500,1.23,0.000,0.000,B,#2,HOLDING,0.105A/B
38357,2026-06-04 02:01:30,21.4250,1.23,0.105,0.117,B,#2,HOLDING,0.109A/B
38358,2026-06-04 02:01:32,21.5375,1.23,0.105,0.117,B,#2,HOLDING,0.106A/B
38359,2026-06-04 02:01:34,21.6375,1.23,0.105,0.117,B,#2,HOLDING,0.102A/B
38360,2026-06-04 02:01:36,21.7250,1.23,0.105,0.117,OFF,#2,HOLDING,0.000A/OFF
38361,2026-06-04 02:01:37,21.8250,1.05,0.105,0.117,OFF,#2,HOLDING,0.000A/OFF
38362,2026-06-04 02:01:38,21.8250,1.05,0.102,0.117,OFF,#2,HOLDING,0.000A/OFF
38363,2026-06-04 02:01:39,21.9375,1.05,0.102,0.417,OFF,#2,HOLDING,0.000A/OFF
38364,2026-06-04 02:01:40,21.9375,1.05,0.102,0.417,OFF,#2,HOLDING,0.000A/OFF
38365,2026-06-04 02:01:41,22.0125,1.05,0.102,0.417,OFF,#2,HOLDING,0.000A/OFF
38366,2026-06-04 02:01:42,22.0125,1.05,0.102,0.417,OFF,#2,HOLDING,0.000A/OFF
38367,2026-06-04 02:01:43,22.0750,12.00,0.102,0.417,OFF,#2,HOLDING,0.000A/OFF
38368,2026-06-04 02:01:44,22.0750,12.00,0.000,0.417,OFF,#2,HOLDING,0.000A/OFF
38369,2026-06-04 02:01:45,22.1750,12.00,0.000,0.000,OFF,#2,HOLDING,0.000A/OFF
38370,2026-06-04 02:01:46,22.1750,12.00,0.000,0.000,OFF,#2,HOLDING,0.000A/OFF
38371,2026-06-04 02:01:47,22.2250,12.00,0.000,0.000,OFF,#2,HOLDING,0.000A/OFF
38372,2026-06-04 02:01:48,22.2250,12.00,0.000,0.000,OFF,#2,HOLDING,0.000A/OFF
38373,2026-06-04 02:01:49,22.2750,12.00,0.000,0.000,OFF,#2,HOLDING,0.000A/OFF
38374,2026-06-04 02:01:50,22.2750,12.00,0.000,0.000,OFF,#2,HOLDING,0.000A/OFF
38375,2026-06-04 02:01:51,22.3500,12.00,0.000,0.000,A,#2,HOLDING,0.118A/A
38376,2026-06-04 02:01:53,22.3750,12.00,0.000,0.000,A,#2,HOLDING,0.151A/A
38377,2026-06-04 02:01:54,22.4375,12.00,0.000,0.000,A,#2,HOLDING,0.240A/A
38378,2026-06-04 02:01:56,22.4875,1.98,0.000,0.000,A,#2,HOLDING,0.275A/A
38379,2026-06-04 02:01:58,22.5625,1.98,0.260,0.651,A,#2,HOLDING,0.325A/A
38380,2026-06-04 02:02:00,22.5625,1.98,0.260,0.651,A,#2,HOLDING,0.373A/A
38381,2026-06-04 02:02:02,22.6250,1.98,0.260,0.651,A,#2,HOLDING,0.418A/A
38382,2026-06-04 02:02:04,22.6500,3.57,0.260,0.651,A,#2,HOLDING,0.462A/A
38383,2026-06-04 02:02:06,22.6750,3.57,0.448,1.857,A,#2,HOLDING,0.514A/A
38384,2026-06-04 02:02:08,22.6750,3.57,0.448,1.857,A,#2,HOLDING,0.570A/A
38385,2026-06-04 02:02:10,22.6875,3.57,0.448,1.857,A,#2,HOLDING,0.613A/A
38386,2026-06-04 02:02:11,22.6875,5.21,0.448,1.857,A,#2,HOLDING,0.663A/A
38387,2026-06-04 02:02:13,22.6875,5.21,0.636,3.792,A,#2,HOLDING,0.717A/A
38388,2026-06-04 02:02:16,22.6625,5.21,0.636,3.792,A,#2,HOLDING,0.768A/A
38389,2026-06-04 02:02:17,22.6250,5.21,0.636,3.792,A,#2,HOLDING,0.803A/A
38390,2026-06-04 02:02:19,22.6000,6.80,0.636,3.792,A,#2,HOLDING,0.852A/A
38391,2026-06-04 02:02:21,22.5625,6.80,0.836,6.219,A,#2,HOLDING,0.884A/A
38392,2026-06-04 02:02:23,22.5125,6.80,0.836,6.219,A,#2,HOLDING,0.926A/A
38393,2026-06-04 02:02:25,22.5000,6.80,0.836,6.219,A,#2,HOLDING,0.965A/A
38394,2026-06-04 02:02:27,22.4500,8.13,0.836,6.219,A,#2,HOLDING,1.000A/A
38395,2026-06-04 02:02:29,22.3750,8.13,0.986,8.560,A,#2,HOLDING,0.974A/A
38396,2026-06-04 02:02:31,22.3250,8.13,0.986,8.560,A,#2,HOLDING,1.016A/A
38397,2026-06-04 02:02:33,22.2250,8.13,0.986,8.560,A,#2,HOLDING,1.036A/A
38398,2026-06-04 02:02:35,22.1750,8.79,0.986,8.560,A,#2,HOLDING,1.064A/A
38399,2026-06-04 02:02:36,22.0500,8.79,1.049,9.767,A,#2,HOLDING,1.000A/A
38400,2026-06-04 02:02:39,21.9750,8.79,1.049,9.767,A,#2,HOLDING,1.086A/A
38401,2026-06-04 02:02:40,21.9000,8.79,1.049,9.767,A,#2,HOLDING,1.097A/A
38402,2026-06-04 02:02:42,21.8000,9.35,1.049,9.767,A,#2,HOLDING,1.115A/A
38403,2026-06-04 02:02:44,21.7125,9.35,1.115,10.793,A,#2,HOLDING,1.123A/A
38404,2026-06-04 02:02:46,21.6125,9.35,1.115,10.793,A,#2,HOLDING,1.134A/A
38405,2026-06-04 02:02:48,21.4875,9.35,1.115,10.793,A,#3,APPROACH,1.132A/A
38406,2026-06-04 02:02:50,21.3625,5.93,1.115,10.793,B,#3,APPROACH,0.137A/B
38407,2026-06-04 02:02:52,21.2625,5.93,0.012,10.793,B,#3,APPROACH,0.201A/B
38408,2026-06-04 02:02:54,21.1625,5.93,0.012,0.000,B,#3,APPROACH,0.278A/B
38409,2026-06-04 02:02:56,21.0750,5.93,0.012,0.000,B,#3,APPROACH,0.378A/B
38410,2026-06-04 02:02:58,20.9750,5.93,0.012,0.000,B,#3,APPROACH,0.468A/B
38411,2026-06-04 02:03:00,20.9000,3.62,0.012,0.000,B,#3,APPROACH,0.576A/B
38412,2026-06-04 02:03:02,20.8250,3.62,0.519,2.597,B,#3,APPROACH,0.683A/B
38413,2026-06-04 02:03:04,20.7875,3.62,0.519,2.597,B,#3,APPROACH,0.813A/B
38414,2026-06-04 02:03:06,20.7625,3.62,0.519,2.597,B,#3,APPROACH,0.904A/B
38415,2026-06-04 02:03:07,20.7500,7.03,0.519,2.597,B,#3,APPROACH,1.010A/B
38416,2026-06-04 02:03:09,20.7500,7.03,0.954,8.059,B,#3,APPROACH,1.116A/B
38417,2026-06-04 02:03:12,20.7500,7.03,0.954,8.059,B,#3,APPROACH,1.255A/B
38418,2026-06-04 02:03:13,20.8000,7.03,0.954,8.059,B,#3,APPROACH,1.338A/B
38419,2026-06-04 02:03:15,20.8500,10.27,0.954,8.059,B,#3,APPROACH,1.442A/B
38420,2026-06-04 02:03:17,20.9250,10.27,1.442,16.179,B,#3,APPROACH,1.530A/B
38421,2026-06-04 02:03:19,21.0125,10.27,1.442,16.179,B,#3,APPROACH,1.656A/B
38422,2026-06-04 02:03:21,21.0875,10.27,1.442,16.179,B,#3,APPROACH,1.732A/B
38423,2026-06-04 02:03:23,21.2625,12.00,1.442,16.179,B,#3,APPROACH,1.798A/B
38424,2026-06-04 02:03:25,21.3875,12.00,1.530,18.132,B,#3,APPROACH,1.873A/B
38425,2026-06-04 02:03:27,21.5375,12.00,1.530,18.132,B,#3,APPROACH,1.966A/B
38426,2026-06-04 02:03:29,21.7125,12.00,1.530,18.132,B,#3,APPROACH,1.500A/B
38427,2026-06-04 02:03:31,21.9250,12.00,1.530,18.132,B,#3,APPROACH,2.002A/B
38428,2026-06-04 02:03:32,22.1250,12.00,1.468,17.412,B,#3,APPROACH,2.038A/B
38429,2026-06-04 02:03:35,22.3000,12.00,1.468,17.412,B,#3,APPROACH,2.104A/B
38430,2026-06-04 02:03:36,22.5250,12.00,1.468,17.412,B,#3,APPROACH,2.127A/B
38431,2026-06-04 02:03:38,22.7125,12.00,1.468,17.412,B,#3,HOLDING,1.500A/B
38432,2026-06-04 02:03:40,22.9625,12.00,1.425,17.412,OFF,#3,HOLDING,0.000A/OFF
38433,2026-06-04 02:03:41,22.9625,12.00,1.425,16.908,OFF,#3,HOLDING,0.000A/OFF
38434,2026-06-04 02:03:42,23.1875,12.00,1.425,16.908,OFF,#3,HOLDING,0.000A/OFF
38435,2026-06-04 02:03:43,23.1875,12.00,1.425,16.908,OFF,#3,HOLDING,0.000A/OFF
38436,2026-06-04 02:03:44,23.4125,12.00,1.425,16.908,OFF,#3,HOLDING,0.000A/OFF
38437,2026-06-04 02:03:45,23.4125,12.00,1.425,16.908,OFF,#3,HOLDING,0.000A/OFF
38438,2026-06-04 02:03:46,23.6250,12.00,1.425,16.908,OFF,#3,HOLDING,0.000A/OFF
38439,2026-06-04 02:03:47,23.6250,12.00,0.000,16.908,OFF,#3,HOLDING,0.000A/OFF
38440,2026-06-04 02:03:48,23.8750,12.00,0.000,0.000,OFF,#3,HOLDING,0.000A/OFF
38441,2026-06-04 02:03:49,23.8750,12.00,0.000,0.000,OFF,#3,HOLDING,0.000A/OFF
38442,2026-06-04 02:03:50,24.0875,12.00,0.000,0.000,OFF,#3,HOLDING,0.000A/OFF
38443,2026-06-04 02:03:51,24.3125,12.00,0.000,0.000,OFF,#3,HOLDING,0.000A/OFF
38444,2026-06-04 02:03:52,24.3125,12.00,0.000,0.000,OFF,#3,HOLDING,0.000A/OFF
38445,2026-06-04 02:03:53,24.4625,12.00,0.000,0.000,OFF,#3,HOLDING,0.000A/OFF
38446,2026-06-04 02:03:54,24.4625,12.00,0.000,0.000,OFF,#3,HOLDING,0.000A/OFF
38447,2026-06-04 02:03:55,24.6625,12.00,0.000,0.000,OFF,#3,HOLDING,0.000A/OFF
38448,2026-06-04 02:03:56,24.6625,12.00,0.000,0.000,OFF,#3,HOLDING,0.000A/OFF
38449,2026-06-04 02:03:57,24.8000,12.00,0.000,0.000,A,#3,HOLDING,0.174A/A
38450,2026-06-04 02:03:59,24.9500,3.54,0.174,0.000,A,#3,HOLDING,0.211A/A
38451,2026-06-04 02:04:01,25.0750,3.54,0.174,0.276,A,#3,HOLDING,0.279A/A
38452,2026-06-04 02:04:03,25.2000,3.54,0.174,0.276,A,#3,HOLDING,0.322A/A
38453,2026-06-04 02:04:04,25.2000,3.54,0.174,0.276,A,#3,HOLDING,0.355A/A
38454,2026-06-04 02:04:06,25.3250,2.66,0.174,0.276,A,#3,HOLDING,0.423A/A
38455,2026-06-04 02:04:08,25.4000,2.66,0.397,1.417,A,#3,HOLDING,0.481A/A
38456,2026-06-04 02:04:11,25.5500,2.66,0.397,1.417,A,#3,HOLDING,0.589A/A
38457,2026-06-04 02:04:12,25.5500,2.66,0.397,1.417,A,#3,HOLDING,0.635A/A
38458,2026-06-04 02:04:14,25.6250,5.09,0.397,1.417,A,#3,HOLDING,0.710A/A
38459,2026-06-04 02:04:16,25.6750,5.09,0.681,4.146,A,#3,HOLDING,0.779A/A
38460,2026-06-04 02:04:18,25.7250,5.09,0.681,4.146,A,#3,HOLDING,0.881A/A
38461,2026-06-04 02:04:20,25.7250,5.09,0.681,4.146,A,#3,HOLDING,0.939A/A
38462,2026-06-04 02:04:22,25.7500,7.61,0.681,4.146,A,#3,HOLDING,1.013A/A
38463,2026-06-04 02:04:24,25.7500,7.61,0.985,8.470,A,#3,HOLDING,1.085A/A
38464,2026-06-04 02:04:26,25.7000,7.61,0.985,8.470,A,#3,HOLDING,1.000A/A
38465,2026-06-04 02:04:27,25.7000,7.61,0.985,8.470,A,#3,HOLDING,1.170A/A
38466,2026-06-04 02:04:29,25.6875,9.40,0.985,8.470,A,#3,HOLDING,1.243A/A
38467,2026-06-04 02:04:31,25.5875,9.40,1.230,12.715,A,#3,HOLDING,1.301A/A
38468,2026-06-04 02:04:34,25.4750,9.40,1.230,12.715,A,#3,HOLDING,1.370A/A
38469,2026-06-04 02:04:35,25.4750,9.40,1.230,12.715,A,#3,HOLDING,1.000A/A
38470,2026-06-04 02:04:37,25.4000,8.49,1.230,12.715,A,#3,HOLDING,1.427A/A
38471,2026-06-04 02:04:39,25.3000,8.49,1.384,16.667,A,#3,HOLDING,1.481A/A
38472,2026-06-04 02:04:41,25.0500,8.49,1.384,16.667,A,#3,HOLDING,1.500A/A
38473,2026-06-04 02:04:43,25.0500,8.49,1.384,16.667,A,#3,HOLDING,1.521A/A
38474,2026-06-04 02:04:45,24.9500,12.00,1.384,16.667,A,#3,HOLDING,1.563A/A
38475,2026-06-04 02:04:47,24.8000,12.00,1.464,17.388,A,#3,HOLDING,1.600A/A
38476,2026-06-04 02:04:49,24.5250,12.00,1.464,17.388,A,#3,HOLDING,1.564A/A
38477,2026-06-04 02:04:51,24.5250,12.00,1.464,17.388,A,#3,HOLDING,1.000A/A
38478,2026-06-04 02:04:52,24.3875,8.84,1.464,17.388,A,#3,HOLDING,1.000A/A
38479,2026-06-04 02:04:54,24.1875,8.84,1.000,9.020,A,#3,HOLDING,1.604A/A
38480,2026-06-04 02:04:57,23.9000,8.84,1.000,9.020,A,#3,HOLDING,1.593A/A
38481,2026-06-04 02:04:58,23.9000,8.84,1.000,9.020,A,#3,HOLDING,1.612A/A
38482,2026-06-04 02:05:00,23.7625,12.00,1.000,9.020,A,#3,HOLDING,1.500A/A
38483,2026-06-04 02:05:02,23.5625,12.00,1.435,17.064,A,#3,HOLDING,1.500A/A
38484,2026-06-04 02:05:04,23.2500,12.00,1.435,17.064,A,#3,HOLDING,1.500A/A
38485,2026-06-04 02:05:06,23.2500,12.00,1.435,17.064,A,#3,HOLDING,1.500A/A
38486,2026-06-04 02:05:08,23.1125,12.00,1.435,17.064,A,#3,HOLDING,1.617A/A
38487,2026-06-04 02:05:10,22.9375,12.00,1.418,16.872,A,#3,HOLDING,1.594A/A
38488,2026-06-04 02:05:12,22.6125,12.00,1.418,16.872,A,#3,HOLDING,1.462A/A
38489,2026-06-04 02:05:14,22.6125,12.00,1.418,16.872,A,#3,HOLDING,1.439A/A
38490,2026-06-04 02:05:15,22.4500,12.00,1.418,16.872,A,#3,HOLDING,1.386A/A
38491,2026-06-04 02:05:17,22.2750,12.00,1.386,16.534,A,#3,HOLDING,1.000A/A
38492,2026-06-04 02:05:20,22.0875,12.00,1.386,16.534,A,#3,HOLDING,1.309A/A
38493,2026-06-04 02:05:21,21.9375,12.00,1.386,16.534,A,#3,HOLDING,1.244A/A
38494,2026-06-04 02:05:23,21.7625,10.75,1.386,16.534,A,#3,HOLDING,1.163A/A
38495,2026-06-04 02:05:25,21.6125,10.75,1.163,12.071,A,#3,HOLDING,1.077A/A
38496,2026-06-04 02:05:27,21.4625,10.75,1.163,12.071,A,#3,HOLDING,0.968A/A
38497,2026-06-04 02:05:29,21.3125,10.75,1.163,12.071,A,#3,HOLDING,0.884A/A
38498,2026-06-04 02:05:31,21.1375,8.27,1.163,12.071,A,#3,HOLDING,0.776A/A
38499,2026-06-04 02:05:33,21.0125,8.27,0.791,5.882,A,#3,HOLDING,0.669A/A
38500,2026-06-04 02:05:35,20.8875,8.27,0.791,5.882,A,#3,HOLDING,0.536A/A
38501,2026-06-04 02:05:37,20.7375,8.27,0.791,5.882,A,#3,HOLDING,0.434A/A
38502,2026-06-04 02:05:39,20.6375,5.01,0.791,5.882,A,#3,HOLDING,0.346A/A
38503,2026-06-04 02:05:40,20.4875,5.01,0.362,1.536,A,#3,HOLDING,0.219A/A
38504,2026-06-04 02:05:43,20.3875,5.01,0.362,1.536,OFF,#3,HOLDING,0.000A/OFF
38505,2026-06-04 02:05:44,20.2625,5.01,0.362,1.536,OFF,#3,HOLDING,0.000A/OFF
38506,2026-06-04 02:05:45,20.2625,5.01,0.362,1.536,OFF,#3,HOLDING,0.000A/OFF
38507,2026-06-04 02:05:46,20.1875,12.00,0.362,1.536,B,#3,HOLDING,0.163A/B
38508,2026-06-04 02:05:48,20.1125,12.00,0.000,0.107,B,#3,HOLDING,0.287A/B
38509,2026-06-04 02:05:50,20.0250,12.00,0.000,0.107,B,#3,HOLDING,0.469A/B
38510,2026-06-04 02:05:52,20.0000,12.00,0.000,0.107,B,#3,HOLDING,0.585A/B
38511,2026-06-04 02:05:53,19.9250,4.21,0.000,0.107,B,#3,HOLDING,0.729A/B
38512,2026-06-04 02:05:55,19.8750,4.21,0.654,4.002,B,#3,HOLDING,0.871A/B
38513,2026-06-04 02:05:58,19.8750,4.21,0.654,4.002,B,#3,HOLDING,1.051A/B
38514,2026-06-04 02:05:59,19.8750,4.21,0.654,4.002,B,#3,HOLDING,1.171A/B
38515,2026-06-04 02:06:01,19.8750,8.85,0.654,4.002,B,#3,HOLDING,1.312A/B
38516,2026-06-04 02:06:03,19.9250,8.85,1.247,13.224,B,#3,HOLDING,1.000A/B
38517,2026-06-04 02:06:05,19.9875,8.85,1.247,13.224,B,#3,HOLDING,1.442A/B
38518,2026-06-04 02:06:07,20.0625,8.85,1.247,13.224,B,#3,HOLDING,1.550A/B
38519,2026-06-04 02:06:09,20.1375,11.70,1.247,13.224,B,#3,HOLDING,1.679A/B
38520,2026-06-04 02:06:11,20.2625,11.70,1.572,18.576,B,#3,HOLDING,1.000A/B
38521,2026-06-04 02:06:13,20.3875,11.70,1.572,18.576,B,#3,HOLDING,1.791A/B
38522,2026-06-04 02:06:15,20.5125,11.70,1.572,18.576,B,#3,HOLDING,1.885A/B
38523,2026-06-04 02:06:16,20.7000,12.00,1.572,18.576,B,#3,HOLDING,1.000A/B
38524,2026-06-04 02:06:18,20.8750,12.00,1.206,8.670,B,#3,HOLDING,1.000A/B
38525,2026-06-04 02:06:21,21.0500,12.00,1.206,8.670,B,#3,HOLDING,1.927A/B
38526,2026-06-04 02:06:22,21.2500,12.00,1.206,8.670,B,#3,HOLDING,1.992A/B
38527,2026-06-04 02:06:24,21.4625,12.00,1.206,8.670,B,#3,HOLDING,2.000A/B
38528,2026-06-04 02:06:26,21.6875,12.00,1.475,17.460,B,#3,HOLDING,1.500A/B
38529,2026-06-04 02:06:28,21.9000,12.00,1.475,17.460,B,#3,HOLDING,1.000A/B
38530,2026-06-04 02:06:30,22.1000,12.00,1.475,17.460,B,#3,HOLDING,2.000A/B
38531,2026-06-04 02:06:32,22.3375,12.00,1.475,17.460,B,#3,HOLDING,2.016A/B
38532,2026-06-04 02:06:34,22.5875,12.00,1.432,16.968,B,#3,HOLDING,2.038A/B
38533,2026-06-04 02:06:36,22.7750,12.00,1.432,16.968,B,#3,HOLDING,2.000A/B
38534,2026-06-04 02:06:38,23.0250,12.00,1.432,16.968,B,#3,HOLDING,2.032A/B
38535,2026-06-04 02:06:40,23.2750,12.00,1.432,16.968,B,#3,HOLDING,2.000A/B
38536,2026-06-04 02:06:41,23.5000,12.00,1.397,16.584,B,#3,HOLDING,2.043A/B
38537,2026-06-04 02:06:44,23.7500,12.00,1.397,16.584,B,#3,HOLDING,2.000A/B
38538,2026-06-04 02:06:45,24.0000,12.00,1.397,16.584,B,#3,HOLDING,2.045A/B
38539,2026-06-04 02:06:47,24.2125,12.00,1.397,16.584,B,#3,HOLDING,1.000A/B
38540,2026-06-04 02:06:49,24.4625,12.00,1.186,9.470,B,#3,HOLDING,2.019A/B
38541,2026-06-04 02:06:51,24.6875,12.00,1.186,9.470,B,#3,HOLDING,1.982A/B
38542,2026-06-04 02:06:53,24.9125,12.00,1.186,9.470,B,#3,HOLDING,1.500A/B
38543,2026-06-04 02:06:55,25.1750,12.00,1.186,9.470,B,#3,HOLDING,1.860A/B
38544,2026-06-04 02:06:57,25.4250,12.00,1.367,16.224,B,#3,HOLDING,1.500A/B
38545,2026-06-04 02:06:59,25.6500,12.00,1.367,16.224,B,#3,HOLDING,1.772A/B
38546,2026-06-04 02:07:01,25.8750,12.00,1.367,16.224,B,#3,HOLDING,1.690A/B
38547,2026-06-04 02:07:03,26.1125,12.00,1.367,16.224,B,#3,HOLDING,1.589A/B
38548,2026-06-04 02:07:04,26.3125,12.00,1.348,16.020,B,#3,HOLDING,1.000A/B
38549,2026-06-04 02:07:07,26.5625,12.00,1.348,16.020,B,#3,HOLDING,1.473A/B
38550,2026-06-04 02:07:08,26.8125,12.00,1.348,16.020,B,#3,HOLDING,1.408A/B
38551,2026-06-04 02:07:10,27.0000,12.00,1.348,16.020,B,#3,HOLDING,1.275A/B
38552,2026-06-04 02:07:12,27.2500,12.00,1.296,14.866,B,#3,HOLDING,1.000A/B
38553,2026-06-04 02:07:14,27.4625,12.00,1.296,14.866,B,#3,HOLDING,1.123A/B
38554,2026-06-04 02:07:16,27.6875,12.00,1.296,14.866,B,#3,HOLDING,0.979A/B
38555,2026-06-04 02:07:18,27.9250,9.40,1.296,14.866,B,#3,HOLDING,0.812A/B
38556,2026-06-04 02:07:20,28.1500,9.40,0.831,6.772,B,#3,HOLDING,0.634A/B
38557,2026-06-04 02:07:22,28.3625,9.40,0.831,6.772,B,#3,HOLDING,0.405A/B
38558,2026-06-04 02:07:24,28.5625,9.40,0.831,6.772,B,#3,HOLDING,0.240A/B
38559,2026-06-04 02:07:26,28.7375,9.40,0.831,6.772,OFF,#3,HOLDING,0.000A/OFF
38560,2026-06-04 02:07:27,28.7375,3.64,0.831,6.772,OFF,#3,HOLDING,0.000A/OFF
38561,2026-06-04 02:07:28,28.9375,3.64,0.240,1.085,A,#3,HOLDING,0.173A/A
38562,2026-06-04 02:07:30,29.1125,3.64,0.240,1.085,A,#3,HOLDING,0.387A/A
38563,2026-06-04 02:07:31,29.3125,3.64,0.240,1.085,A,#3,HOLDING,0.587A/A
38564,2026-06-04 02:07:33,29.4500,3.76,0.240,1.085,A,#3,HOLDING,0.799A/A
38565,2026-06-04 02:07:35,29.6000,3.76,0.799,4.578,A,#3,HOLDING,1.025A/A
38566,2026-06-04 02:07:37,29.7000,3.76,0.799,4.578,A,#3,HOLDING,1.311A/A
38567,2026-06-04 02:07:39,29.8000,3.76,0.799,4.578,A,#3,HOLDING,1.508A/A
38568,2026-06-04 02:07:41,29.8875,10.93,0.799,4.578,A,#3,HOLDING,1.744A/A
38569,2026-06-04 02:07:43,29.9375,10.93,1.627,19.260,A,#3,HOLDING,1.500A/A
38570,2026-06-04 02:07:45,30.0000,10.93,1.627,19.260,A,#3,HOLDING,1.975A/A
38571,2026-06-04 02:07:47,30.0000,10.93,1.627,19.260,A,#3,HOLDING,2.173A/A
38572,2026-06-04 02:07:48,30.0000,12.00,1.627,19.260,A,#3,HOLDING,2.000A/A
38573,2026-06-04 02:07:50,29.9750,12.00,1.562,18.444,A,#3,HOLDING,2.401A/A
38574,2026-06-04 02:07:53,29.9625,12.00,1.562,18.444,A,#3,HOLDING,1.500A/A
38575,2026-06-04 02:07:54,29.8875,12.00,1.562,18.444,A,#3,HOLDING,1.000A/A
38576,2026-06-04 02:07:56,29.8375,8.34,1.562,18.444,A,#3,HOLDING,2.687A/A
38577,2026-06-04 02:07:58,29.7125,8.34,1.269,17.964,A,#3,HOLDING,1.500A/A
38578,2026-06-04 02:08:00,29.6125,8.34,1.269,17.964,A,#3,HOLDING,1.000A/A
38579,2026-06-04 02:08:02,29.4875,8.34,1.269,17.964,A,#3,HOLDING,2.000A/A
38580,2026-06-04 02:08:04,29.3625,12.00,1.269,17.964,A,#3,HOLDING,1.000A/A
38581,2026-06-04 02:08:06,29.2375,12.00,1.241,8.700,A,#3,HOLDING,2.500A/A
38582,2026-06-04 02:08:08,29.0750,12.00,1.241,8.700,A,#3,HOLDING,1.000A/A
38583,2026-06-04 02:08:10,28.8750,12.00,1.241,8.700,A,#3,HOLDING,1.000A/A
38584,2026-06-04 02:08:11,28.7125,8.70,1.241,8.700,A,#3,HOLDING,1.500A/A
38585,2026-06-04 02:08:13,28.5125,8.70,1.234,17.376,A,#3,HOLDING,2.500A/A
38586,2026-06-04 02:08:16,28.3500,8.70,1.234,17.376,A,#3,HOLDING,2.000A/A
38587,2026-06-04 02:08:17,28.1500,8.70,1.234,17.376,A,#3,HOLDING,2.811A/A
38588,2026-06-04 02:08:19,27.9500,12.00,1.234,17.376,A,#3,HOLDING,2.000A/A
38589,2026-06-04 02:08:21,27.7500,12.00,1.440,17.112,A,#3,HOLDING,1.500A/A
38590,2026-06-04 02:08:23,27.5125,12.00,1.440,17.112,A,#3,HOLDING,2.938A/A
38591,2026-06-04 02:08:25,27.3125,12.00,1.440,17.112,A,#3,HOLDING,2.500A/A
38592,2026-06-04 02:08:27,27.1250,12.00,1.440,17.112,A,#3,HOLDING,2.500A/A
38593,2026-06-04 02:08:29,26.9250,12.00,1.422,16.920,A,#3,HOLDING,2.500A/A
38594,2026-06-04 02:08:31,26.6875,12.00,1.422,16.920,A,#3,HOLDING,1.500A/A
38595,2026-06-04 02:08:33,26.4625,12.00,1.422,16.920,A,#3,HOLDING,2.000A/A
38596,2026-06-04 02:08:34,26.2500,12.00,1.422,16.920,A,#3,HOLDING,2.935A/A
38597,2026-06-04 02:08:36,26.0000,12.00,1.411,16.788,A,#3,HOLDING,3.000A/A
38598,2026-06-04 02:08:39,25.8250,12.00,1.411,16.788,A,#3,HOLDING,3.000A/A
38599,2026-06-04 02:08:40,25.5750,12.00,1.411,16.788,A,#3,HOLDING,1.500A/A
38600,2026-06-04 02:08:42,25.3750,12.00,1.411,16.788,A,#3,HOLDING,2.984A/A
38601,2026-06-04 02:08:44,25.1250,12.00,1.406,16.800,A,#3,HOLDING,2.997A/A
38602,2026-06-04 02:08:46,24.9500,12.00,1.406,16.800,A,#3,HOLDING,3.000A/A
38603,2026-06-04 02:08:48,24.7250,12.00,1.406,16.800,A,#3,HOLDING,1.000A/A
38604,2026-06-04 02:08:50,24.5375,9.10,1.406,16.800,A,#4,APPROACH,2.944A/A
38605,2026-06-04 02:08:52,24.3125,9.10,1.407,0.000,B,#4,APPROACH,0.117A/B
38606,2026-06-04 02:08:54,24.1125,9.10,1.407,0.000,B,#4,APPROACH,0.220A/B
38607,2026-06-04 02:08:57,23.9125,9.10,1.407,0.000,B,#4,APPROACH,0.325A/B
38608,2026-06-04 02:08:58,23.7000,9.10,1.407,0.000,B,#4,APPROACH,0.443A/B
38609,2026-06-04 02:09:00,23.5500,3.05,1.407,0.000,B,#4,APPROACH,0.540A/B
38610,2026-06-04 02:09:02,23.4125,3.05,0.509,2.133,B,#4,APPROACH,0.647A/B
38611,2026-06-04 02:09:04,23.2875,3.05,0.509,2.133,B,#4,APPROACH,0.775A/B
38612,2026-06-04 02:09:06,23.1875,3.05,0.509,2.133,B,#4,APPROACH,0.843A/B
38613,2026-06-04 02:09:07,23.0875,6.45,0.509,2.133,B,#4,APPROACH,0.964A/B
38614,2026-06-04 02:09:09,23.0625,6.45,0.919,7.268,B,#4,APPROACH,1.000A/B
38615,2026-06-04 02:09:12,23.0125,6.45,0.919,7.268,B,#4,APPROACH,1.079A/B
38616,2026-06-04 02:09:13,23.0375,6.45,0.919,7.268,B,#4,APPROACH,1.000A/B
38617,2026-06-04 02:09:15,23.0625,7.98,0.919,7.268,B,#4,APPROACH,1.000A/B
38618,2026-06-04 02:09:17,23.0625,7.98,1.000,8.160,B,#4,APPROACH,1.000A/B
38619,2026-06-04 02:09:19,23.0875,7.98,1.000,8.160,B,#4,APPROACH,1.167A/B
38620,2026-06-04 02:09:21,23.1625,7.98,1.000,8.160,B,#4,APPROACH,1.259A/B
38621,2026-06-04 02:09:23,23.2125,10.02,1.000,8.160,B,#4,APPROACH,1.353A/B
38622,2026-06-04 02:09:25,23.3250,10.02,1.315,14.761,B,#4,APPROACH,1.443A/B
38623,2026-06-04 02:09:27,23.4250,10.02,1.315,14.761,B,#4,APPROACH,1.573A/B
38624,2026-06-04 02:09:29,23.4875,10.02,1.315,14.761,B,#4,APPROACH,1.000A/B
38625,2026-06-04 02:09:30,23.6375,8.66,1.315,14.761,B,#4,APPROACH,1.643A/B
38626,2026-06-04 02:09:32,23.8000,8.66,1.296,17.616,B,#4,APPROACH,1.716A/B
38627,2026-06-04 02:09:35,23.9500,8.66,1.296,17.616,B,#4,APPROACH,1.811A/B
38628,2026-06-04 02:09:36,24.0875,8.66,1.296,17.616,B,#4,APPROACH,1.872A/B
38629,2026-06-04 02:09:38,24.2375,12.00,1.296,17.616,B,#4,APPROACH,1.939A/B
38630,2026-06-04 02:09:40,24.4250,12.00,1.436,17.004,B,#4,APPROACH,1.990A/B
38631,2026-06-04 02:09:42,24.5750,12.00,1.436,17.004,B,#4,APPROACH,2.065A/B
38632,2026-06-04 02:09:44,24.7500,12.00,1.436,17.004,B,#4,APPROACH,2.096A/B
38633,2026-06-04 02:09:46,24.9500,12.00,1.436,17.004,B,#4,APPROACH,2.133A/B
38634,2026-06-04 02:09:48,25.1250,12.00,1.399,16.596,B,#4,APPROACH,2.159A/B
38635,2026-06-04 02:09:50,25.3250,12.00,1.399,16.596,B,#4,HOLDING,2.152A/B
38636,2026-06-04 02:09:52,25.5500,12.00,1.399,16.596,OFF,#4,HOLDING,0.000A/OFF
38637,2026-06-04 02:09:53,25.7500,12.00,1.399,16.596,OFF,#4,HOLDING,0.000A/OFF
38638,2026-06-04 02:09:54,25.7500,12.00,1.399,16.596,OFF,#4,HOLDING,0.000A/OFF
38639,2026-06-04 02:09:55,25.9625,12.00,0.001,16.596,OFF,#4,HOLDING,0.000A/OFF
38640,2026-06-04 02:09:56,25.9625,12.00,0.001,0.000,OFF,#4,HOLDING,0.000A/OFF
38641,2026-06-04 02:09:57,26.1375,12.00,0.001,0.000,OFF,#4,HOLDING,0.000A/OFF
38642,2026-06-04 02:09:58,26.1375,12.00,0.001,0.000,OFF,#4,HOLDING,0.000A/OFF
38643,2026-06-04 02:09:59,26.3625,12.00,0.001,0.000,OFF,#4,HOLDING,0.000A/OFF
38644,2026-06-04 02:10:00,26.3625,12.00,0.001,0.000,OFF,#4,HOLDING,0.000A/OFF
38645,2026-06-04 02:10:01,26.5125,12.00,0.000,0.000,OFF,#4,HOLDING,0.000A/OFF
38646,2026-06-04 02:10:02,26.5125,12.00,0.000,0.000,OFF,#4,HOLDING,0.000A/OFF
38647,2026-06-04 02:10:03,26.6750,12.00,0.000,0.000,OFF,#4,HOLDING,0.000A/OFF
38648,2026-06-04 02:10:04,26.6750,12.00,0.000,0.000,OFF,#4,HOLDING,0.000A/OFF
38649,2026-06-04 02:10:05,26.8250,12.00,0.000,0.000,OFF,#4,HOLDING,0.000A/OFF
38650,2026-06-04 02:10:06,26.8250,12.00,0.000,0.000,OFF,#4,HOLDING,0.000A/OFF
38651,2026-06-04 02:10:07,26.9875,12.00,0.000,0.000,OFF,#4,HOLDING,0.000A/OFF
38652,2026-06-04 02:10:08,26.9875,12.00,0.000,0.000,OFF,#4,HOLDING,0.000A/OFF
38653,2026-06-04 02:10:09,27.1125,12.00,0.000,0.000,A,#4,HOLDING,0.115A/A
38654,2026-06-04 02:10:11,27.2250,12.00,0.000,0.000,A,#4,HOLDING,0.188A/A
38655,2026-06-04 02:10:12,27.3250,12.00,0.000,0.000,A,#4,HOLDING,0.239A/A
38656,2026-06-04 02:10:14,27.4125,1.46,0.000,0.000,A,#4,HOLDING,0.270A/A
38657,2026-06-04 02:10:16,27.4875,1.46,0.255,0.496,A,#4,HOLDING,0.319A/A
38658,2026-06-04 02:10:18,27.5750,1.46,0.255,0.496,A,#4,HOLDING,0.384A/A
38659,2026-06-04 02:10:20,27.6250,1.46,0.255,0.496,A,#4,HOLDING,0.428A/A
38660,2026-06-04 02:10:22,27.6875,3.29,0.255,0.496,A,#4,HOLDING,0.485A/A
38661,2026-06-04 02:10:24,27.7125,3.29,0.455,1.881,A,#4,HOLDING,0.538A/A
38662,2026-06-04 02:10:26,27.7500,3.29,0.455,1.881,A,#4,HOLDING,0.611A/A
38663,2026-06-04 02:10:28,27.7500,3.29,0.455,1.881,A,#4,HOLDING,0.655A/A
38664,2026-06-04 02:10:29,27.8125,5.32,0.455,1.881,A,#4,HOLDING,0.721A/A
38665,2026-06-04 02:10:31,27.7875,5.32,0.686,4.390,A,#4,HOLDING,0.773A/A
38666,2026-06-04 02:10:34,27.8000,5.32,0.686,4.390,A,#4,HOLDING,0.851A/A
38667,2026-06-04 02:10:35,27.7500,5.32,0.686,4.390,A,#4,HOLDING,0.887A/A
38668,2026-06-04 02:10:37,27.7375,7.32,0.686,4.390,A,#4,HOLDING,0.945A/A
38669,2026-06-04 02:10:39,27.6875,7.32,0.913,7.522,A,#4,HOLDING,0.991A/A
38670,2026-06-04 02:10:41,27.6250,7.32,0.913,7.522,A,#4,HOLDING,1.057A/A
38671,2026-06-04 02:10:43,27.5750,7.32,0.913,7.522,A,#4,HOLDING,1.095A/A
38672,2026-06-04 02:10:45,27.4875,9.00,0.913,7.522,A,#4,HOLDING,1.134A/A
38673,2026-06-04 02:10:47,27.4125,9.00,1.111,10.773,A,#4,HOLDING,1.173A/A
38674,2026-06-04 02:10:49,27.3000,9.00,1.111,10.773,A,#4,HOLDING,1.000A/A
38675,2026-06-04 02:10:51,27.1750,9.00,1.111,10.773,A,#4,HOLDING,1.157A/A
38676,2026-06-04 02:10:53,27.0500,9.60,1.111,10.773,A,#4,HOLDING,1.000A/A
38677,2026-06-04 02:10:54,26.9250,9.60,1.000,8.660,A,#4,HOLDING,1.180A/A
38678,2026-06-04 02:10:57,26.8000,9.60,1.000,8.660,A,#4,HOLDING,1.214A/A
38679,2026-06-04 02:10:58,26.6250,9.60,1.000,8.660,A,#4,HOLDING,1.221A/A
38680,2026-06-04 02:11:00,26.4750,10.17,1.000,8.660,A,#4,HOLDING,1.229A/A
38681,2026-06-04 02:11:02,26.3000,10.17,1.229,12.879,A,#4,HOLDING,1.226A/A
38682,2026-06-04 02:11:05,26.1375,10.17,1.229,12.879,A,#4,HOLDING,1.230A/A
38683,2026-06-04 02:11:06,25.9875,10.17,1.229,12.879,A,#4,HOLDING,1.219A/A
38684,2026-06-04 02:11:08,25.8250,10.31,1.229,12.879,A,#4,HOLDING,1.206A/A
38685,2026-06-04 02:11:10,25.6250,10.31,1.206,12.578,A,#4,HOLDING,1.177A/A
38686,2026-06-04 02:11:12,25.4875,10.31,1.206,12.578,A,#4,HOLDING,1.149A/A
38687,2026-06-04 02:11:14,25.3125,10.31,1.206,12.578,A,#4,HOLDING,1.116A/A
38688,2026-06-04 02:11:16,25.1000,9.68,1.206,12.578,A,#4,HOLDING,1.018A/A
38689,2026-06-04 02:11:18,24.9250,9.68,1.018,9.294,A,#4,HOLDING,0.955A/A
38690,2026-06-04 02:11:20,24.7375,9.68,1.018,9.294,A,#4,HOLDING,0.880A/A
38691,2026-06-04 02:11:22,24.5625,9.68,1.018,9.294,A,#4,HOLDING,0.819A/A
38692,2026-06-04 02:11:23,24.3875,7.62,1.018,9.294,A,#4,HOLDING,0.742A/A
38693,2026-06-04 02:11:25,24.1875,7.62,0.742,5.312,A,#4,HOLDING,0.651A/A
38694,2026-06-04 02:11:28,24.0750,7.62,0.742,5.312,A,#4,HOLDING,0.555A/A
38695,2026-06-04 02:11:29,23.8750,7.62,0.742,5.312,A,#4,HOLDING,0.463A/A
38696,2026-06-04 02:11:31,23.7000,4.95,0.742,5.312,A,#4,HOLDING,0.364A/A
38697,2026-06-04 02:11:33,23.5500,4.95,0.395,1.550,A,#4,HOLDING,0.251A/A
38698,2026-06-04 02:11:35,23.4250,4.95,0.395,1.550,A,#4,HOLDING,0.125A/A
38699,2026-06-04 02:11:37,23.2500,4.95,0.395,1.550,OFF,#4,HOLDING,0.000A/OFF
38700,2026-06-04 02:11:38,23.2500,4.95,0.395,1.550,OFF,#4,HOLDING,0.000A/OFF
38701,2026-06-04 02:11:39,23.1375,12.00,0.395,1.550,OFF,#4,HOLDING,0.000A/OFF
38702,2026-06-04 02:11:40,23.1375,12.00,1.462,0.000,B,#4,HOLDING,0.128A/B
38703,2026-06-04 02:11:42,23.0125,12.00,1.462,0.000,B,#4,HOLDING,0.279A/B
38704,2026-06-04 02:11:44,22.9000,12.00,1.462,0.000,B,#4,HOLDING,0.388A/B
38705,2026-06-04 02:11:46,22.8000,2.71,1.462,0.000,B,#4,HOLDING,0.523A/B
38706,2026-06-04 02:11:48,22.6750,2.71,0.523,2.092,B,#4,HOLDING,0.661A/B
38707,2026-06-04 02:11:50,22.5750,2.71,0.523,2.092,B,#4,HOLDING,0.836A/B
38708,2026-06-04 02:11:52,22.5000,2.71,0.523,2.092,B,#4,HOLDING,0.957A/B
38709,2026-06-04 02:11:53,22.4250,7.36,0.523,2.092,B,#4,HOLDING,1.101A/B
38710,2026-06-04 02:11:55,22.3750,7.36,1.088,9.457,B,#4,HOLDING,1.243A/B
38711,2026-06-04 02:11:58,22.3750,7.36,1.088,9.457,B,#4,HOLDING,1.422A/B
38712,2026-06-04 02:11:59,22.3250,7.36,1.088,9.457,B,#4,HOLDING,1.500A/B
38713,2026-06-04 02:12:01,22.3750,11.33,1.088,9.457,B,#4,HOLDING,1.542A/B
38714,2026-06-04 02:12:03,22.3875,11.33,1.542,18.349,B,#4,HOLDING,1.000A/B
38715,2026-06-04 02:12:05,22.4625,11.33,1.542,18.349,B,#4,HOLDING,1.000A/B
38716,2026-06-04 02:12:07,22.5125,11.33,1.542,18.349,B,#4,HOLDING,1.500A/B
38717,2026-06-04 02:12:09,22.6125,11.77,1.542,18.349,B,#4,HOLDING,1.000A/B
38718,2026-06-04 02:12:11,22.7250,11.77,1.011,8.710,B,#4,HOLDING,1.000A/B
38719,2026-06-04 02:12:13,22.8500,11.77,1.011,8.710,B,#4,HOLDING,1.649A/B
38720,2026-06-04 02:12:15,22.9875,11.77,1.011,8.710,B,#4,HOLDING,1.000A/B
38721,2026-06-04 02:12:16,23.1375,8.72,1.011,8.710,B,#4,HOLDING,1.500A/B
38722,2026-06-04 02:12:18,23.3000,8.72,1.468,17.544,B,#4,HOLDING,1.000A/B
38723,2026-06-04 02:12:21,23.4500,8.72,1.468,17.544,B,#4,HOLDING,1.685A/B
38724,2026-06-04 02:12:22,23.6125,8.72,1.468,17.544,B,#4,HOLDING,1.757A/B
38725,2026-06-04 02:12:24,23.8125,12.00,1.468,17.544,B,#4,HOLDING,1.833A/B
38726,2026-06-04 02:12:26,23.9875,12.00,1.441,17.064,B,#4,HOLDING,1.901A/B
38727,2026-06-04 02:12:28,24.1875,12.00,1.441,17.064,B,#4,HOLDING,1.991A/B
38728,2026-06-04 02:12:30,24.3625,12.00,1.441,17.064,B,#4,HOLDING,2.041A/B
38729,2026-06-04 02:12:32,24.5375,12.00,1.441,17.064,B,#4,HOLDING,2.095A/B
38730,2026-06-04 02:12:34,24.6875,12.00,1.404,16.656,B,#4,HOLDING,2.144A/B
38731,2026-06-04 02:12:36,24.8875,12.00,1.404,16.656,B,#4,HOLDING,2.203A/B
38732,2026-06-04 02:12:38,25.1125,12.00,1.404,16.656,B,#4,HOLDING,2.000A/B
38733,2026-06-04 02:12:40,25.2875,12.00,1.404,16.656,B,#4,HOLDING,2.000A/B
38734,2026-06-04 02:12:41,25.4875,12.00,1.378,16.344,B,#4,HOLDING,2.000A/B
38735,2026-06-04 02:12:44,25.6875,12.00,1.378,16.344,B,#4,HOLDING,1.000A/B
38736,2026-06-04 02:12:45,25.8750,12.00,1.378,16.344,B,#4,HOLDING,2.166A/B
38737,2026-06-04 02:12:47,26.0750,12.00,1.378,16.344,B,#4,HOLDING,2.172A/B
38738,2026-06-04 02:12:49,26.3000,12.00,1.354,16.068,B,#4,HOLDING,1.500A/B
38739,2026-06-04 02:12:51,26.5250,12.00,1.354,16.068,B,#4,HOLDING,2.165A/B
38740,2026-06-04 02:12:53,26.7125,12.00,1.354,16.068,B,#4,HOLDING,1.500A/B
38741,2026-06-04 02:12:55,26.9375,12.00,1.354,16.068,B,#5,APPROACH,2.145A/B
38742,2026-06-04 02:12:57,27.1500,12.00,1.338,16.068,OFF,#5,HOLDING,0.000A/OFF
38743,2026-06-04 02:12:58,27.3500,12.00,1.338,16.068,OFF,#5,HOLDING,0.000A/OFF
38744,2026-06-04 02:12:59,27.3500,12.00,1.338,0.000,OFF,#5,HOLDING,0.000A/OFF
38745,2026-06-04 02:13:00,27.5500,12.00,1.338,0.000,OFF,#5,HOLDING,0.000A/OFF
38746,2026-06-04 02:13:01,27.5500,12.00,1.338,0.000,OFF,#5,HOLDING,0.000A/OFF
38747,2026-06-04 02:13:02,27.7500,12.00,1.338,0.000,A,#5,HOLDING,0.129A/A
38748,2026-06-04 02:13:03,27.9625,12.00,1.338,0.000,A,#5,HOLDING,0.204A/A
38749,2026-06-04 02:13:05,28.1625,12.00,0.204,0.142,A,#5,HOLDING,0.281A/A
38750,2026-06-04 02:13:08,28.3250,12.00,0.204,0.142,A,#5,HOLDING,0.332A/A
38751,2026-06-04 02:13:09,28.5000,12.00,0.204,0.142,A,#5,HOLDING,0.386A/A
38752,2026-06-04 02:13:11,28.6125,2.42,0.204,0.142,A,#5,HOLDING,0.446A/A
38753,2026-06-04 02:13:13,28.7625,2.42,0.446,1.364,A,#5,HOLDING,0.524A/A
38754,2026-06-04 02:13:15,28.8875,2.42,0.446,1.364,A,#5,HOLDING,0.612A/A
38755,2026-06-04 02:13:17,28.9875,2.42,0.446,1.364,A,#5,HOLDING,0.683A/A
38756,2026-06-04 02:13:19,29.1000,5.08,0.446,1.364,A,#5,HOLDING,0.765A/A
38757,2026-06-04 02:13:21,29.1500,5.08,0.765,4.551,A,#5,HOLDING,0.846A/A
38758,2026-06-04 02:13:23,29.1875,5.08,0.765,4.551,A,#5,HOLDING,0.946A/A
38759,2026-06-04 02:13:25,29.1875,5.08,0.765,4.551,A,#5,HOLDING,1.006A/A
38760,2026-06-04 02:13:27,29.1875,7.77,0.765,4.551,A,#5,HOLDING,1.084A/A
38761,2026-06-04 02:13:28,29.1875,7.77,1.084,9.333,A,#5,HOLDING,1.165A/A
38762,2026-06-04 02:13:31,29.1875,7.77,1.084,9.333,A,#5,HOLDING,1.000A/A
38763,2026-06-04 02:13:32,29.1375,7.77,1.084,9.333,A,#5,HOLDING,1.264A/A
38764,2026-06-04 02:13:34,29.0875,9.85,1.084,9.333,A,#5,HOLDING,1.337A/A
38765,2026-06-04 02:13:36,29.0125,9.85,1.337,14.319,A,#5,HOLDING,1.404A/A
38766,2026-06-04 02:13:38,28.9000,9.85,1.337,14.319,A,#5,HOLDING,1.490A/A
38767,2026-06-04 02:13:40,28.8250,9.85,1.337,14.319,A,#5,HOLDING,1.000A/A
38768,2026-06-04 02:13:42,28.7125,8.41,1.337,14.319,A,#5,HOLDING,1.533A/A
38769,2026-06-04 02:13:44,28.6125,8.41,1.500,17.928,A,#5,HOLDING,1.000A/A
38770,2026-06-04 02:13:46,28.4875,8.41,1.500,17.928,A,#5,HOLDING,1.583A/A
38771,2026-06-04 02:13:48,28.3375,8.41,1.500,17.928,A,#5,HOLDING,1.614A/A
38772,2026-06-04 02:13:50,28.1750,12.00,1.500,17.928,A,#5,HOLDING,1.000A/A
38773,2026-06-04 02:13:51,28.0000,12.00,1.069,8.740,A,#5,HOLDING,1.634A/A
38774,2026-06-04 02:13:54,27.8250,12.00,1.069,8.740,A,#5,HOLDING,1.623A/A
38775,2026-06-04 02:13:55,27.6250,12.00,1.069,8.740,A,#5,HOLDING,1.639A/A
38776,2026-06-04 02:13:57,27.4500,12.00,1.069,8.740,A,#5,HOLDING,1.657A/A
38777,2026-06-04 02:13:59,27.2500,12.00,1.459,17.352,A,#5,HOLDING,1.500A/A
38778,2026-06-04 02:14:02,27.0750,12.00,1.459,17.352,A,#5,HOLDING,1.670A/A
38779,2026-06-04 02:14:03,26.8750,12.00,1.459,17.352,A,#5,HOLDING,1.662A/A
38780,2026-06-04 02:14:05,26.7000,12.00,1.459,17.352,A,#5,HOLDING,1.654A/A
38781,2026-06-04 02:14:07,26.5000,12.00,1.437,17.088,A,#5,HOLDING,1.000A/A
38782,2026-06-04 02:14:09,26.2625,12.00,1.437,17.088,A,#5,HOLDING,1.634A/A
38783,2026-06-04 02:14:11,26.0625,12.00,1.437,17.088,A,#5,HOLDING,1.598A/A
38784,2026-06-04 02:14:13,25.8250,12.00,1.437,17.088,A,#5,HOLDING,1.500A/A
38785,2026-06-04 02:14:14,25.6250,12.00,1.423,16.932,A,#5,HOLDING,1.437A/A
38786,2026-06-04 02:14:17,25.4125,12.00,1.423,16.932,A,#5,HOLDING,1.358A/A
38787,2026-06-04 02:14:18,25.2125,12.00,1.423,16.932,A,#5,HOLDING,1.289A/A
38788,2026-06-04 02:14:20,25.0125,11.03,1.423,16.932,A,#5,HOLDING,1.201A/A
38789,2026-06-04 02:14:22,24.7625,11.03,1.201,12.730,A,#5,HOLDING,1.100A/A
38790,2026-06-04 02:14:25,24.5750,11.03,1.201,12.730,A,#5,HOLDING,0.982A/A
38791,2026-06-04 02:14:26,24.3750,11.03,1.201,12.730,A,#5,HOLDING,0.889A/A
38792,2026-06-04 02:14:28,24.2000,8.30,1.201,12.730,A,#5,HOLDING,0.776A/A
38793,2026-06-04 02:14:30,24.0000,8.30,0.776,5.874,A,#5,HOLDING,0.656A/A
38794,2026-06-04 02:14:32,23.8125,8.30,0.776,5.874,A,#5,HOLDING,0.540A/A
38795,2026-06-04 02:14:34,23.6125,8.30,0.776,5.874,A,#5,HOLDING,0.405A/A
38796,2026-06-04 02:14:36,23.4500,4.65,0.776,5.874,A,#5,HOLDING,0.266A/A
38797,2026-06-04 02:14:38,23.2500,4.65,0.266,0.952,A,#5,HOLDING,0.125A/A
38798,2026-06-04 02:14:40,23.1125,4.65,0.266,0.952,OFF,#5,HOLDING,0.000A/OFF
38799,2026-06-04 02:14:41,23.1125,4.65,0.266,0.952,OFF,#5,HOLDING,0.153A/B
38800,2026-06-04 02:14:43,22.9625,4.65,0.266,0.952,B,#5,HOLDING,0.330A/B
38801,2026-06-04 02:14:44,22.8375,12.00,0.330,0.952,B,#5,HOLDING,0.472A/B
38802,2026-06-04 02:14:46,22.7125,12.00,0.330,1.552,B,#5,HOLDING,0.684A/B
38803,2026-06-04 02:14:48,22.5875,12.00,0.330,1.552,B,#5,HOLDING,0.834A/B
38804,2026-06-04 02:14:50,22.4875,12.00,0.330,1.552,B,#5,HOLDING,0.951A/B
38805,2026-06-04 02:14:51,22.4375,7.05,0.330,1.552,B,#5,HOLDING,1.000A/B
38806,2026-06-04 02:14:53,22.3875,7.05,1.000,7.740,B,#5,HOLDING,1.173A/B
38807,2026-06-04 02:14:56,22.3125,7.05,1.000,7.740,B,#5,HOLDING,1.000A/B
38808,2026-06-04 02:14:57,22.3125,7.05,1.000,7.740,B,#5,HOLDING,1.529A/B
38809,2026-06-04 02:14:59,22.3125,11.35,1.000,7.740,B,#5,HOLDING,1.000A/B
38810,2026-06-04 02:15:01,22.3375,11.35,1.011,8.160,B,#5,HOLDING,1.000A/B
38811,2026-06-04 02:15:03,22.3750,11.35,1.011,8.160,B,#5,HOLDING,1.000A/B
38812,2026-06-04 02:15:05,22.4500,11.35,1.011,8.160,B,#5,HOLDING,1.573A/B
38813,2026-06-04 02:15:07,22.5125,12.00,1.011,8.160,B,#5,HOLDING,1.816A/B
38814,2026-06-04 02:15:09,22.6375,12.00,1.544,18.252,B,#5,HOLDING,1.000A/B
38815,2026-06-04 02:15:11,22.7250,12.00,1.544,18.252,B,#5,HOLDING,1.500A/B
38816,2026-06-04 02:15:13,22.8750,12.00,1.544,18.252,B,#5,HOLDING,1.867A/B
38817,2026-06-04 02:15:14,23.0000,12.00,1.544,18.252,B,#5,HOLDING,1.000A/B
38818,2026-06-04 02:15:16,23.2000,12.00,1.012,8.820,B,#5,HOLDING,2.000A/B
38819,2026-06-04 02:15:19,23.3375,12.00,1.012,8.820,B,#5,HOLDING,2.095A/B
38820,2026-06-04 02:15:20,23.5125,12.00,1.012,8.820,B,#5,HOLDING,2.243A/B
38821,2026-06-04 02:15:22,23.6750,12.00,1.012,8.820,B,#5,HOLDING,2.340A/B
38822,2026-06-04 02:15:24,23.8750,12.00,1.436,17.028,B,#5,HOLDING,2.417A/B
38823,2026-06-04 02:15:26,24.0500,12.00,1.436,17.028,B,#5,HOLDING,2.500A/B
38824,2026-06-04 02:15:28,24.2500,12.00,1.436,17.028,B,#5,HOLDING,2.000A/B
38825,2026-06-04 02:15:30,24.4250,12.00,1.436,17.028,B,#5,HOLDING,2.000A/B
38826,2026-06-04 02:15:32,24.6250,12.00,1.401,16.632,B,#5,HOLDING,2.500A/B
38827,2026-06-04 02:15:34,24.8125,12.00,1.401,16.632,B,#5,HOLDING,2.000A/B
38828,2026-06-04 02:15:36,25.0125,12.00,1.401,16.632,B,#5,HOLDING,2.000A/B
38829,2026-06-04 02:15:38,25.2250,12.00,1.401,16.632,B,#5,HOLDING,2.301A/B
38830,2026-06-04 02:15:39,25.4500,12.00,1.374,16.320,B,#5,HOLDING,2.316A/B
38831,2026-06-04 02:15:42,25.6125,12.00,1.374,16.320,B,#5,HOLDING,1.500A/B
38832,2026-06-04 02:15:43,25.8625,12.00,1.374,16.320,B,#5,HOLDING,2.000A/B
38833,2026-06-04 02:15:45,26.0500,12.00,1.374,16.320,B,#5,HOLDING,2.000A/B
38834,2026-06-04 02:15:47,26.2750,12.00,1.353,16.068,B,#5,HOLDING,2.275A/B
38835,2026-06-04 02:15:49,26.4625,12.00,1.353,16.068,B,#5,HOLDING,1.000A/B
38836,2026-06-04 02:15:51,26.7125,12.00,1.353,16.068,B,#5,HOLDING,2.226A/B
38837,2026-06-04 02:15:53,26.9250,12.00,1.353,16.068,B,#5,HOLDING,1.000A/B
38838,2026-06-04 02:15:55,27.1250,12.00,1.061,9.650,B,#5,HOLDING,2.200A/B
38839,2026-06-04 02:15:57,27.3625,12.00,1.061,9.650,B,#5,HOLDING,2.171A/B
38840,2026-06-04 02:15:59,27.5625,12.00,1.061,9.650,B,#5,HOLDING,1.500A/B
38841,2026-06-04 02:16:01,27.7750,12.00,1.061,9.650,B,#5,HOLDING,2.000A/B
38842,2026-06-04 02:16:02,28.0000,12.00,1.327,15.780,B,#5,HOLDING,2.000A/B
38843,2026-06-04 02:16:05,28.1750,12.00,1.327,15.780,B,#5,HOLDING,2.000A/B
38844,2026-06-04 02:16:06,28.3750,12.00,1.327,15.780,B,#5,HOLDING,1.000A/B
38845,2026-06-04 02:16:08,28.5750,9.61,1.327,15.780,B,#5,HOLDING,1.980A/B
38846,2026-06-04 02:16:10,28.7500,9.61,1.318,15.684,B,#5,HOLDING,1.000A/B
38847,2026-06-04 02:16:13,28.9250,9.61,1.318,15.684,B,#5,HOLDING,1.000A/B
38848,2026-06-04 02:16:14,29.1250,9.61,1.318,15.684,B,#5,HOLDING,1.920A/B
38849,2026-06-04 02:16:16,29.3375,12.00,1.318,15.684,B,#5,HOLDING,1.786A/B
38850,2026-06-04 02:16:18,29.5375,12.00,1.309,15.576,B,#5,HOLDING,1.662A/B
38851,2026-06-04 02:16:20,29.6875,12.00,1.309,15.576,B,#5,HOLDING,1.466A/B
38852,2026-06-04 02:16:22,29.8875,12.00,1.309,15.576,B,#5,HOLDING,1.240A/B
38853,2026-06-04 02:16:24,30.0500,11.39,1.309,15.576,B,#5,HOLDING,1.140A/B
38854,2026-06-04 02:16:26,30.2250,11.39,1.140,12.437,B,#5,HOLDING,0.986A/B
38855,2026-06-04 02:16:28,30.4250,11.39,1.140,12.437,B,#5,HOLDING,0.694A/B
38856,2026-06-04 02:16:30,30.6250,11.39,1.140,12.437,B,#5,HOLDING,0.405A/B
38857,2026-06-04 02:16:31,30.7625,11.39,1.140,12.437,OFF,#5,HOLDING,0.000A/OFF
38858,2026-06-04 02:16:32,30.7625,5.25,0.405,12.437,OFF,#5,HOLDING,0.411A/A
38859,2026-06-04 02:16:34,30.9375,5.25,0.405,0.012,A,#5,HOLDING,0.617A/A
38860,2026-06-04 02:16:36,31.1125,5.25,0.405,0.012,A,#5,HOLDING,0.153A/A
38861,2026-06-04 02:16:37,31.2625,5.25,0.405,0.012,A,#5,HOLDING,0.336A/A
38862,2026-06-04 02:16:39,31.3625,1.59,0.405,0.012,A,#5,HOLDING,0.523A/A
38863,2026-06-04 02:16:41,31.5375,1.59,0.485,1.783,A,#5,HOLDING,0.739A/A
38864,2026-06-04 02:16:43,31.6625,1.59,0.485,1.783,A,#5,HOLDING,1.391A/A
38865,2026-06-04 02:16:45,31.7625,1.59,0.485,1.783,A,#5,HOLDING,0.972A/A
38866,2026-06-04 02:16:47,31.8500,7.00,0.485,1.783,A,#5,HOLDING,0.856A/A
38867,2026-06-04 02:16:49,31.9250,7.00,0.875,5.564,A,#5,HOLDING,0.890A/A
38868,2026-06-04 02:16:51,31.9500,7.00,0.875,5.564,A,#5,HOLDING,1.046A/A
38869,2026-06-04 02:16:53,32.0000,7.00,0.875,5.564,A,#5,HOLDING,1.192A/A
38870,2026-06-04 02:16:54,32.0125,8.99,0.875,5.564,A,#5,HOLDING,1.348A/A
38871,2026-06-04 02:16:56,32.0125,8.99,1.321,0.000,A,#1,APPROACH,1.081A/A
38872,2026-06-04 02:16:59,32.0000,8.99,1.321,0.000,A,#1,APPROACH,1.731A/A
38873,2026-06-04 02:17:01,31.9500,8.99,1.321,0.000,A,#1,APPROACH,1.000A/A
38874,2026-06-04 02:17:03,31.9000,8.99,1.321,0.000,A,#1,APPROACH,1.000A/A
38875,2026-06-04 02:17:04,31.8250,8.11,1.321,0.000,A,#1,APPROACH,2.000A/A
38876,2026-06-04 02:17:06,31.8000,8.11,1.540,18.288,A,#1,APPROACH,2.221A/A
38877,2026-06-04 02:17:08,31.6750,8.11,1.540,18.288,A,#1,APPROACH,2.000A/A
38878,2026-06-04 02:17:10,31.5750,8.11,1.540,18.288,A,#1,APPROACH,2.000A/A
38879,2026-06-04 02:17:12,31.4500,12.00,1.540,18.288,A,#1,APPROACH,2.000A/A
38880,2026-06-04 02:17:14,31.3000,12.00,1.498,17.796,A,#1,APPROACH,2.000A/A
38881,2026-06-04 02:17:16,31.1250,12.00,1.498,17.796,A,#1,APPROACH,2.000A/A
38882,2026-06-04 02:17:18,30.9875,12.00,1.498,17.796,A,#1,APPROACH,2.635A/A
38883,2026-06-04 02:17:20,30.8125,12.00,1.498,17.796,A,#1,APPROACH,1.500A/A
38884,2026-06-04 02:17:21,30.5750,12.00,1.463,17.388,A,#1,APPROACH,1.500A/A
38885,2026-06-04 02:17:24,30.3750,12.00,1.463,17.388,A,#1,APPROACH,2.000A/A
38886,2026-06-04 02:17:25,30.1625,12.00,1.463,17.388,A,#1,APPROACH,2.500A/A
38887,2026-06-04 02:17:27,29.9375,12.00,1.463,17.388,A,#1,APPROACH,2.939A/A
38888,2026-06-04 02:17:29,29.6875,12.00,1.439,17.124,A,#1,APPROACH,2.500A/A
38889,2026-06-04 02:17:32,29.4375,12.00,1.439,17.124,A,#1,APPROACH,2.000A/A
38890,2026-06-04 02:17:33,29.2250,12.00,1.439,17.124,A,#1,APPROACH,2.000A/A
38891,2026-06-04 02:17:35,28.9750,12.00,1.439,17.124,A,#1,APPROACH,2.500A/A
38892,2026-06-04 02:17:37,28.6625,12.00,1.423,16.932,A,#1,APPROACH,3.000A/A
38893,2026-06-04 02:17:39,28.4375,12.00,1.423,16.932,A,#1,APPROACH,2.500A/A
38894,2026-06-04 02:17:41,28.2125,12.00,1.423,16.932,A,#1,APPROACH,2.500A/A
38895,2026-06-04 02:17:43,27.9125,12.00,1.423,16.932,A,#1,APPROACH,2.500A/A
38896,2026-06-04 02:17:45,27.7000,12.00,1.411,16.788,A,#1,APPROACH,1.000A/A
38897,2026-06-04 02:17:47,27.4500,12.00,1.411,16.788,A,#1,APPROACH,3.000A/A
38898,2026-06-04 02:17:48,27.2250,12.00,1.411,16.788,A,#1,APPROACH,3.000A/A
38899,2026-06-04 02:17:50,26.9500,12.00,1.411,16.788,A,#1,APPROACH,2.500A/A
38900,2026-06-04 02:17:52,26.7250,12.00,1.406,16.716,A,#1,APPROACH,2.500A/A
38901,2026-06-04 02:17:55,26.4750,12.00,1.406,16.716,A,#1,APPROACH,1.000A/A
38902,2026-06-04 02:17:56,26.2500,12.00,1.406,16.716,A,#1,APPROACH,2.500A/A
38903,2026-06-04 02:17:58,26.0000,12.00,1.406,16.716,A,#1,APPROACH,3.000A/A
38904,2026-06-04 02:18:00,25.7625,12.00,1.397,16.644,A,#1,APPROACH,2.500A/A
38905,2026-06-04 02:18:02,25.5125,12.00,1.397,16.644,A,#1,APPROACH,1.000A/A
38906,2026-06-04 02:18:04,25.3125,12.00,1.397,16.644,A,#1,APPROACH,3.000A/A
38907,2026-06-04 02:18:06,25.0625,12.00,1.397,16.644,A,#1,APPROACH,1.000A/A
38908,2026-06-04 02:18:08,24.8500,12.00,1.204,9.250,A,#1,APPROACH,2.000A/A
38909,2026-06-04 02:18:10,24.6250,12.00,1.204,9.250,A,#1,APPROACH,2.993A/A
38910,2026-06-04 02:18:12,24.4375,12.00,1.204,9.250,A,#1,APPROACH,1.000A/A
38911,2026-06-04 02:18:13,24.2375,9.18,1.204,9.250,A,#1,APPROACH,2.500A/A
38912,2026-06-04 02:18:15,24.0125,9.18,1.229,16.680,A,#1,APPROACH,2.000A/A
38913,2026-06-04 02:18:18,23.8125,9.18,1.229,16.680,A,#1,APPROACH,1.000A/A
38914,2026-06-04 02:18:19,23.6000,9.18,1.229,16.680,A,#1,APPROACH,1.000A/A
38915,2026-06-04 02:18:21,23.4250,9.23,1.229,16.680,A,#1,APPROACH,2.000A/A
38916,2026-06-04 02:18:23,23.2000,9.23,1.247,16.680,A,#1,APPROACH,1.000A/A
38917,2026-06-04 02:18:25,23.0500,9.23,1.247,16.680,A,#1,APPROACH,3.000A/A
38918,2026-06-04 02:18:27,22.8875,9.23,1.247,16.680,A,#1,APPROACH,3.000A/A
38919,2026-06-04 02:18:29,22.6875,12.00,1.247,16.680,A,#1,APPROACH,1.000A/A
38920,2026-06-04 02:18:31,22.5125,12.00,1.207,9.220,A,#1,APPROACH,1.000A/A
38921,2026-06-04 02:18:33,22.3625,12.00,1.207,9.220,A,#1,APPROACH,1.000A/A
38922,2026-06-04 02:18:35,22.2000,12.00,1.207,9.220,A,#1,APPROACH,1.000A/A
38923,2026-06-04 02:18:36,22.0000,9.16,1.207,9.220,A,#1,APPROACH,2.964A/A
38924,2026-06-04 02:18:38,21.8625,9.16,1.256,16.884,A,#1,APPROACH,2.000A/A
38925,2026-06-04 02:18:41,21.7125,9.16,1.256,16.884,A,#1,APPROACH,2.500A/A
38926,2026-06-04 02:18:42,21.5500,9.16,1.256,16.884,A,#1,APPROACH,2.000A/A
38927,2026-06-04 02:18:44,21.4250,12.00,1.256,16.884,A,#1,APPROACH,1.500A/A
38928,2026-06-04 02:18:46,21.2625,12.00,1.409,16.788,A,#1,HOLDING,2.942A/A
38929,2026-06-04 02:18:48,21.1375,12.00,1.409,16.788,OFF,#1,HOLDING,0.000A/OFF
38930,2026-06-04 02:18:49,21.0125,12.00,1.409,16.788,OFF,#1,HOLDING,0.000A/OFF
38931,2026-06-04 02:18:50,21.0125,12.00,1.409,16.788,OFF,#1,HOLDING,0.000A/OFF
38932,2026-06-04 02:18:51,20.8625,12.00,1.409,16.788,OFF,#1,HOLDING,0.000A/OFF
38933,2026-06-04 02:18:52,20.8625,12.00,0.000,16.788,OFF,#1,HOLDING,0.000A/OFF
38934,2026-06-04 02:18:53,20.7250,12.00,0.000,16.788,OFF,#1,HOLDING,0.000A/OFF
38935,2026-06-04 02:18:54,20.7250,12.00,0.000,0.000,OFF,#1,HOLDING,0.000A/OFF
38936,2026-06-04 02:18:55,20.5750,12.00,0.000,0.000,OFF,#1,HOLDING,0.000A/OFF
38937,2026-06-04 02:18:56,20.5750,12.00,0.000,0.000,OFF,#1,HOLDING,0.000A/OFF
38938,2026-06-04 02:18:57,20.4875,12.00,0.000,0.000,OFF,#1,HOLDING,0.000A/OFF
38939,2026-06-04 02:18:58,20.4875,12.00,0.000,0.000,OFF,#1,HOLDING,0.000A/OFF
38940,2026-06-04 02:18:59,20.3875,12.00,0.000,0.000,OFF,#1,HOLDING,0.000A/OFF
38941,2026-06-04 02:19:00,20.3875,12.00,0.000,0.000,OFF,#1,HOLDING,0.000A/OFF
38942,2026-06-04 02:19:01,20.3125,12.00,0.000,0.000,OFF,#1,HOLDING,0.000A/OFF
38943,2026-06-04 02:19:02,20.2625,12.00,0.000,0.000,OFF,#1,HOLDING,0.000A/OFF
38944,2026-06-04 02:19:03,20.2625,12.00,0.000,0.000,OFF,#1,HOLDING,0.000A/OFF
38945,2026-06-04 02:19:04,20.2250,12.00,0.000,0.000,OFF,#1,HOLDING,0.000A/OFF
38946,2026-06-04 02:19:05,20.2250,12.00,0.000,0.000,OFF,#1,HOLDING,0.000A/OFF
38947,2026-06-04 02:19:06,20.2000,12.00,0.000,0.000,OFF,#1,HOLDING,0.000A/OFF
38948,2026-06-04 02:19:07,20.2000,12.00,0.000,0.000,OFF,#1,HOLDING,0.000A/OFF
38949,2026-06-04 02:19:09,20.1750,12.00,0.000,0.000,OFF,#1,HOLDING,0.000A/OFF
38950,2026-06-04 02:19:10,20.1750,12.00,0.000,0.000,OFF,#1,HOLDING,0.000A/OFF
38951,2026-06-04 02:19:11,20.1500,12.00,0.000,0.000,OFF,#1,HOLDING,0.000A/OFF
38952,2026-06-04 02:19:12,20.1500,12.00,0.000,0.000,OFF,#1,HOLDING,0.000A/OFF
38953,2026-06-04 02:19:13,20.1875,12.00,0.000,0.000,OFF,#1,HOLDING,0.000A/OFF
38954,2026-06-04 02:19:14,20.1875,12.00,0.000,0.000,OFF,#1,HOLDING,0.000A/OFF
38955,2026-06-04 02:19:15,20.1875,12.00,0.000,0.000,OFF,#1,HOLDING,0.000A/OFF
38956,2026-06-04 02:19:16,20.1875,12.00,0.000,0.000,OFF,#1,HOLDING,0.000A/OFF
38957,2026-06-04 02:19:17,20.1875,12.00,0.000,0.000,OFF,#1,HOLDING,0.000A/OFF
38958,2026-06-04 02:19:18,20.1875,12.00,0.000,0.000,OFF,#1,HOLDING,0.000A/OFF
38959,2026-06-04 02:19:19,20.1875,12.00,0.000,0.000,OFF,#1,HOLDING,0.000A/OFF
38960,2026-06-04 02:19:20,20.1875,12.00,0.000,0.000,OFF,#1,HOLDING,0.000A/OFF
38961,2026-06-04 02:19:21,20.2500,12.00,0.000,0.000,OFF,#1,HOLDING,0.000A/OFF
38962,2026-06-04 02:19:22,20.2750,12.00,0.000,0.000,OFF,#1,HOLDING,0.000A/OFF
38963,2026-06-04 02:19:23,20.2750,12.00,0.000,0.000,OFF,#1,HOLDING,0.000A/OFF
38964,2026-06-04 02:19:24,20.3125,12.00,0.000,0.000,OFF,#1,HOLDING,0.000A/OFF
38965,2026-06-04 02:19:25,20.3125,12.00,0.000,0.000,OFF,#1,HOLDING,0.000A/OFF
38966,2026-06-04 02:19:26,20.3375,12.00,0.000,0.000,OFF,#1,HOLDING,0.000A/OFF
38967,2026-06-04 02:19:27,20.3375,12.00,0.000,0.000,OFF,#1,HOLDING,0.000A/OFF
38968,2026-06-04 02:19:28,20.3875,12.00,0.000,0.000,OFF,#1,HOLDING,0.000A/OFF
38969,2026-06-04 02:19:29,20.3875,12.00,0.000,0.000,OFF,#1,HOLDING,0.000A/OFF
38970,2026-06-04 02:19:30,20.4375,12.00,0.000,0.000,OFF,#1,HOLDING,0.000A/OFF
38971,2026-06-04 02:19:31,20.4375,12.00,0.000,0.000,OFF,#1,HOLDING,0.000A/OFF
38972,2026-06-04 02:19:32,20.5000,12.00,0.000,0.000,OFF,#1,HOLDING,0.000A/OFF
38973,2026-06-04 02:19:33,20.5000,12.00,0.000,0.000,OFF,#1,HOLDING,0.000A/OFF
38974,2026-06-04 02:19:34,20.5250,12.00,0.000,0.000,OFF,#1,HOLDING,0.000A/OFF
38975,2026-06-04 02:19:35,20.5250,12.00,0.000,0.000,OFF,#1,HOLDING,0.000A/OFF
38976,2026-06-04 02:19:36,20.5750,12.00,0.000,0.000,OFF,#1,HOLDING,0.000A/OFF
38977,2026-06-04 02:19:37,20.5750,12.00,0.000,0.000,OFF,#1,HOLDING,0.000A/OFF
38978,2026-06-04 02:19:38,20.6250,12.00,0.000,0.000,OFF,#1,HOLDING,0.000A/OFF
38979,2026-06-04 02:19:39,20.6250,12.00,0.000,0.000,OFF,#1,HOLDING,0.000A/OFF
38980,2026-06-04 02:19:40,20.6875,12.00,0.000,0.000,OFF,#1,HOLDING,0.000A/OFF
38981,2026-06-04 02:19:41,20.6875,12.00,0.000,0.000,OFF,#1,HOLDING,0.000A/OFF
38982,2026-06-04 02:19:42,20.7375,12.00,0.000,0.000,OFF,#1,HOLDING,0.000A/OFF
38983,2026-06-04 02:19:43,20.7375,12.00,0.000,0.000,OFF,#1,HOLDING,0.000A/OFF
38984,2026-06-04 02:19:44,20.7875,12.00,0.000,0.000,OFF,#1,HOLDING,0.000A/OFF
38985,2026-06-04 02:19:45,20.8375,12.00,0.000,0.000,OFF,#1,HOLDING,0.000A/OFF
38986,2026-06-04 02:19:46,20.8375,12.00,0.000,0.000,A,#1,HOLDING,0.106A/A
38987,2026-06-04 02:19:48,20.8750,12.00,0.000,0.000,A,#2,APPROACH,0.119A/A
38988,2026-06-04 02:19:49,20.9250,12.00,0.000,0.000,B,#2,APPROACH,0.108A/B
38989,2026-06-04 02:19:51,21.0125,12.00,0.000,0.000,B,#2,APPROACH,0.103A/B
38990,2026-06-04 02:19:53,21.0625,11.80,0.000,0.000,B,#2,APPROACH,0.140A/B
38991,2026-06-04 02:19:55,21.0750,11.80,0.863,0.201,B,#2,APPROACH,0.193A/B
38992,2026-06-04 02:19:57,21.1500,11.80,0.863,0.201,B,#2,APPROACH,0.274A/B
38993,2026-06-04 02:19:59,21.2250,11.80,0.863,0.201,B,#2,APPROACH,0.319A/B
38994,2026-06-04 02:20:01,21.3250,2.97,0.863,0.201,B,#2,APPROACH,0.365A/B
38995,2026-06-04 02:20:03,21.4250,2.97,0.349,1.244,B,#2,APPROACH,0.409A/B
38996,2026-06-04 02:20:05,21.5500,2.97,0.349,1.244,B,#2,APPROACH,0.466A/B
38997,2026-06-04 02:20:07,21.6375,2.97,0.349,1.244,B,#2,APPROACH,0.502A/B
38998,2026-06-04 02:20:09,21.7125,4.46,0.349,1.244,B,#2,APPROACH,0.546A/B
38999,2026-06-04 02:20:10,21.8250,4.46,0.524,2.686,B,#2,APPROACH,0.579A/B
39000,2026-06-04 02:20:13,21.9250,4.46,0.524,2.686,B,#2,HOLDING,0.573A/B
39001,2026-06-04 02:20:14,22.0375,4.46,0.524,2.686,OFF,#2,HOLDING,0.000A/OFF
39002,2026-06-04 02:20:15,22.0375,4.46,0.524,2.686,OFF,#2,HOLDING,0.000A/OFF
39003,2026-06-04 02:20:16,22.1125,12.00,0.524,2.686,OFF,#2,HOLDING,0.000A/OFF
39004,2026-06-04 02:20:17,22.1125,12.00,0.804,2.686,OFF,#2,HOLDING,0.000A/OFF
39005,2026-06-04 02:20:18,22.2375,12.00,0.804,0.000,OFF,#2,HOLDING,0.000A/OFF
39006,2026-06-04 02:20:19,22.3375,12.00,0.804,0.000,OFF,#2,HOLDING,0.000A/OFF
39007,2026-06-04 02:20:20,22.3375,12.00,0.804,0.000,OFF,#2,HOLDING,0.000A/OFF
39008,2026-06-04 02:20:22,22.4250,12.00,0.804,0.000,OFF,#2,HOLDING,0.000A/OFF
39009,2026-06-04 02:20:23,22.4250,12.00,0.804,0.000,B,#2,HOLDING,0.117A/B
39010,2026-06-04 02:20:24,22.5500,12.00,0.000,0.150,B,#2,HOLDING,0.116A/B
39011,2026-06-04 02:20:27,22.6375,12.00,0.000,0.150,B,#2,HOLDING,0.137A/B
39012,2026-06-04 02:20:28,22.7625,12.00,0.000,0.150,B,#2,HOLDING,0.128A/B
39013,2026-06-04 02:20:30,22.8500,1.33,0.000,0.150,B,#2,HOLDING,0.135A/B
39014,2026-06-04 02:20:32,22.9250,1.33,0.135,0.190,B,#2,HOLDING,0.134A/B
39015,2026-06-04 02:20:34,23.0125,1.33,0.135,0.190,B,#2,HOLDING,0.135A/B
39016,2026-06-04 02:20:36,23.0875,1.33,0.135,0.190,B,#2,HOLDING,0.129A/B
39017,2026-06-04 02:20:38,23.1625,1.32,0.135,0.190,B,#2,HOLDING,0.119A/B
39018,2026-06-04 02:20:40,23.2375,1.32,0.119,0.148,B,#2,HOLDING,0.106A/B
39019,2026-06-04 02:20:42,23.2875,1.32,0.119,0.148,OFF,#2,HOLDING,0.000A/OFF
39020,2026-06-04 02:20:43,23.3625,1.32,0.119,0.148,OFF,#2,HOLDING,0.000A/OFF
39021,2026-06-04 02:20:44,23.3625,1.32,0.119,0.148,OFF,#2,HOLDING,0.000A/OFF
39022,2026-06-04 02:20:45,23.4375,1.32,0.119,0.148,OFF,#2,HOLDING,0.000A/OFF
39023,2026-06-04 02:20:46,23.4375,12.00,0.000,0.148,OFF,#2,HOLDING,0.000A/OFF
39024,2026-06-04 02:20:47,23.4625,12.00,0.000,0.148,OFF,#2,HOLDING,0.000A/OFF
39025,2026-06-04 02:20:48,23.4625,12.00,0.000,0.000,OFF,#2,HOLDING,0.000A/OFF
39026,2026-06-04 02:20:49,23.5375,12.00,0.000,0.000,OFF,#2,HOLDING,0.000A/OFF
39027,2026-06-04 02:20:50,23.5375,12.00,0.000,0.000,OFF,#2,HOLDING,0.000A/OFF
39028,2026-06-04 02:20:51,23.5625,12.00,0.000,0.000,OFF,#2,HOLDING,0.000A/OFF
39029,2026-06-04 02:20:52,23.5625,12.00,0.000,0.000,OFF,#2,HOLDING,0.000A/OFF
39030,2026-06-04 02:20:53,23.6000,12.00,0.000,0.000,OFF,#2,HOLDING,0.000A/OFF
39031,2026-06-04 02:20:54,23.6250,12.00,0.000,0.000,OFF,#2,HOLDING,0.000A/OFF
39032,2026-06-04 02:20:55,23.6250,12.00,0.000,0.000,OFF,#2,HOLDING,0.000A/OFF
39033,2026-06-04 02:20:56,23.6875,12.00,0.000,0.000,OFF,#2,HOLDING,0.000A/OFF
39034,2026-06-04 02:20:57,23.6875,12.00,0.000,0.000,OFF,#2,HOLDING,0.000A/OFF
39035,2026-06-04 02:20:58,23.7125,12.00,0.000,0.000,A,#2,HOLDING,0.114A/A
39036,2026-06-04 02:21:00,23.7125,12.00,0.114,0.100,A,#2,HOLDING,0.131A/A
39037,2026-06-04 02:21:02,23.7500,12.00,0.114,0.100,A,#2,HOLDING,0.174A/A
39038,2026-06-04 02:21:04,23.7500,12.00,0.114,0.100,A,#2,HOLDING,0.196A/A
39039,2026-06-04 02:21:06,23.8000,1.60,0.114,0.100,A,#2,HOLDING,0.235A/A
39040,2026-06-04 02:21:07,23.8000,1.60,0.235,0.472,A,#2,HOLDING,0.265A/A
39041,2026-06-04 02:21:10,23.8125,1.60,0.235,0.472,A,#2,HOLDING,0.310A/A
39042,2026-06-04 02:21:11,23.8125,1.60,0.235,0.472,A,#2,HOLDING,0.335A/A
39043,2026-06-04 02:21:13,23.8125,2.86,0.235,0.472,A,#3,APPROACH,0.368A/A
39044,2026-06-04 02:21:15,23.8125,2.86,0.368,0.472,OFF,#3,HOLDING,0.000A/OFF
39045,2026-06-04 02:21:16,23.7875,2.86,0.368,0.472,OFF,#3,HOLDING,0.000A/OFF
39046,2026-06-04 02:21:17,23.7625,2.86,0.368,0.000,OFF,#3,HOLDING,0.000A/OFF
39047,2026-06-04 02:21:18,23.7625,2.86,0.368,0.000,B,#3,HOLDING,0.110A/B
39048,2026-06-04 02:21:20,23.7500,2.86,0.368,0.000,B,#3,HOLDING,0.155A/B
39049,2026-06-04 02:21:22,23.7500,1.44,0.368,0.000,B,#3,HOLDING,0.185A/B
39050,2026-06-04 02:21:24,23.7375,1.44,0.185,0.312,B,#3,HOLDING,0.226A/B
39051,2026-06-04 02:21:26,23.7125,1.44,0.185,0.312,B,#3,HOLDING,0.280A/B
39052,2026-06-04 02:21:28,23.6875,1.44,0.185,0.312,B,#3,HOLDING,0.319A/B
39053,2026-06-04 02:21:30,23.6875,2.81,0.185,0.312,B,#3,HOLDING,0.360A/B
39054,2026-06-04 02:21:32,23.6875,2.81,0.360,1.195,B,#3,HOLDING,0.399A/B
39055,2026-06-04 02:21:34,23.7125,2.81,0.360,1.195,B,#3,HOLDING,0.445A/B
39056,2026-06-04 02:21:36,23.7250,2.81,0.360,1.195,B,#3,HOLDING,0.478A/B
39057,2026-06-04 02:21:37,23.7500,4.20,0.360,1.195,B,#3,HOLDING,0.513A/B
39058,2026-06-04 02:21:39,23.7625,4.20,0.513,2.385,B,#3,HOLDING,0.551A/B
39059,2026-06-04 02:21:42,23.7875,4.20,0.513,2.385,B,#3,HOLDING,0.598A/B
39060,2026-06-04 02:21:43,23.8125,4.20,0.513,2.385,B,#3,HOLDING,0.579A/B
39061,2026-06-04 02:21:45,23.8625,5.11,0.513,2.385,B,#3,HOLDING,0.610A/B
39062,2026-06-04 02:21:47,23.8875,5.11,0.610,3.361,B,#3,HOLDING,0.642A/B
39063,2026-06-04 02:21:49,23.9375,5.11,0.610,3.361,B,#3,HOLDING,0.682A/B
39064,2026-06-04 02:21:51,23.9750,5.11,0.610,3.361,B,#3,HOLDING,0.710A/B
39065,2026-06-04 02:21:53,24.0500,6.20,0.610,3.361,B,#3,HOLDING,0.733A/B
39066,2026-06-04 02:21:55,24.1000,6.20,0.733,4.779,B,#3,HOLDING,0.757A/B
39067,2026-06-04 02:21:57,24.1250,6.20,0.733,4.779,B,#3,HOLDING,0.791A/B
39068,2026-06-04 02:21:59,24.2000,6.20,0.733,4.779,B,#3,HOLDING,0.809A/B
39069,2026-06-04 02:22:00,24.2750,7.07,0.733,4.779,B,#3,HOLDING,0.826A/B
39070,2026-06-04 02:22:02,24.3250,7.07,0.815,6.046,B,#3,HOLDING,0.841A/B
39071,2026-06-04 02:22:05,24.4000,7.07,0.815,6.046,B,#3,HOLDING,0.863A/B
39072,2026-06-04 02:22:06,24.5125,7.07,0.815,6.046,B,#3,HOLDING,0.867A/B
39073,2026-06-04 02:22:08,24.5875,7.60,0.815,6.046,B,#3,HOLDING,0.873A/B
39074,2026-06-04 02:22:10,24.6375,7.60,0.873,6.783,B,#3,HOLDING,0.879A/B
39075,2026-06-04 02:22:12,24.7375,7.60,0.873,6.783,B,#3,HOLDING,0.887A/B
39076,2026-06-04 02:22:14,24.8500,7.60,0.873,6.783,B,#3,HOLDING,0.881A/B
39077,2026-06-04 02:22:16,24.9250,7.78,0.873,6.783,B,#3,HOLDING,0.874A/B
39078,2026-06-04 02:22:18,25.0125,7.78,0.874,6.887,B,#3,HOLDING,0.865A/B
39079,2026-06-04 02:22:20,25.1125,7.78,0.874,6.887,B,#3,HOLDING,0.855A/B
39080,2026-06-04 02:22:21,25.2250,7.78,0.874,6.887,B,#3,HOLDING,0.836A/B
39081,2026-06-04 02:22:23,25.3250,7.59,0.874,6.887,B,#3,HOLDING,0.815A/B
39082,2026-06-04 02:22:25,25.4250,7.59,0.815,6.145,B,#3,HOLDING,0.790A/B
39083,2026-06-04 02:22:28,25.5500,7.59,0.815,6.145,B,#3,HOLDING,0.757A/B
39084,2026-06-04 02:22:29,25.6625,7.59,0.815,6.145,B,#3,HOLDING,0.726A/B
39085,2026-06-04 02:22:31,25.7625,6.87,0.815,6.145,B,#3,HOLDING,0.690A/B
39086,2026-06-04 02:22:33,25.8500,6.87,0.706,4.609,B,#3,HOLDING,0.599A/B
39087,2026-06-04 02:22:35,25.9750,6.87,0.706,4.609,B,#3,HOLDING,0.540A/B
39088,2026-06-04 02:22:37,26.0625,6.87,0.706,4.609,B,#3,HOLDING,0.495A/B
39089,2026-06-04 02:22:39,26.1625,5.22,0.706,4.609,B,#3,HOLDING,0.438A/B
39090,2026-06-04 02:22:41,26.2625,5.22,0.438,2.115,B,#3,HOLDING,0.378A/B
39091,2026-06-04 02:22:43,26.3625,5.22,0.438,2.115,B,#3,HOLDING,0.301A/B
39092,2026-06-04 02:22:45,26.4500,5.22,0.438,2.115,B,#3,HOLDING,0.244A/B
39093,2026-06-04 02:22:46,26.5500,3.12,0.438,2.115,B,#3,HOLDING,0.173A/B
39094,2026-06-04 02:22:48,26.6375,3.12,0.173,0.432,B,#3,HOLDING,0.100A/B
39095,2026-06-04 02:22:51,26.7125,3.12,0.173,0.432,OFF,#3,HOLDING,0.000A/OFF
39096,2026-06-04 02:22:52,26.7875,3.12,0.173,0.432,OFF,#3,HOLDING,0.000A/OFF
39097,2026-06-04 02:22:53,26.7875,3.12,0.173,0.432,OFF,#3,HOLDING,0.000A/OFF
39098,2026-06-04 02:22:54,26.8625,12.00,0.173,0.432,A,#3,HOLDING,0.124A/A
39099,2026-06-04 02:22:55,26.9375,12.00,0.000,0.000,A,#3,HOLDING,0.197A/A
39100,2026-06-04 02:22:58,26.9875,12.00,0.000,0.000,A,#3,HOLDING,0.308A/A
39101,2026-06-04 02:22:59,27.0375,12.00,0.000,0.000,A,#3,HOLDING,0.374A/A
39102,2026-06-04 02:23:01,27.0875,2.79,0.000,0.000,A,#3,HOLDING,0.458A/A
39103,2026-06-04 02:23:03,27.1250,2.79,0.430,1.662,A,#3,HOLDING,0.545A/A
39104,2026-06-04 02:23:05,27.1500,2.79,0.430,1.662,A,#3,HOLDING,0.654A/A
39105,2026-06-04 02:23:07,27.1875,2.79,0.430,1.662,A,#3,HOLDING,0.733A/A
39106,2026-06-04 02:23:09,27.1875,5.90,0.430,1.662,A,#3,HOLDING,0.818A/A
39107,2026-06-04 02:23:11,27.1625,5.90,0.798,5.496,A,#3,HOLDING,0.899A/A
39108,2026-06-04 02:23:13,27.1625,5.90,0.798,5.496,A,#3,HOLDING,1.006A/A
39109,2026-06-04 02:23:15,27.1500,5.90,0.798,5.496,A,#3,HOLDING,1.079A/A
39110,2026-06-04 02:23:17,27.0750,8.67,0.798,5.496,A,#3,HOLDING,1.155A/A
39111,2026-06-04 02:23:18,27.0250,8.67,1.137,10.857,A,#3,HOLDING,1.229A/A
39112,2026-06-04 02:23:21,26.9500,8.67,1.137,10.857,A,#3,HOLDING,1.000A/A
39113,2026-06-04 02:23:22,26.8625,8.67,1.137,10.857,A,#3,HOLDING,1.316A/A
39114,2026-06-04 02:23:24,26.7625,10.44,1.137,10.857,A,#3,HOLDING,1.000A/A
39115,2026-06-04 02:23:26,26.6500,10.44,1.038,8.500,A,#3,HOLDING,1.000A/A
39116,2026-06-04 02:23:29,26.5500,10.44,1.038,8.500,A,#3,HOLDING,1.366A/A
39117,2026-06-04 02:23:30,26.4000,10.44,1.038,8.500,A,#3,HOLDING,1.402A/A
39118,2026-06-04 02:23:32,26.2500,11.19,1.038,8.500,A,#3,HOLDING,1.445A/A
39119,2026-06-04 02:23:34,26.1125,11.19,1.445,17.065,A,#3,HOLDING,1.481A/A
39120,2026-06-04 02:23:36,25.9625,11.19,1.445,17.065,A,#3,HOLDING,1.535A/A
39121,2026-06-04 02:23:38,25.8250,11.19,1.445,17.065,A,#3,HOLDING,1.560A/A
39122,2026-06-04 02:23:40,25.6250,12.00,1.445,17.065,A,#3,HOLDING,1.534A/A
39123,2026-06-04 02:23:42,25.4500,12.00,1.461,17.376,A,#3,HOLDING,1.553A/A
39124,2026-06-04 02:23:44,25.2750,12.00,1.461,17.376,A,#3,HOLDING,1.579A/A
39125,2026-06-04 02:23:46,25.1250,12.00,1.461,17.376,A,#3,HOLDING,1.592A/A
39126,2026-06-04 02:23:47,24.9250,12.00,1.461,17.376,A,#3,HOLDING,1.595A/A
39127,2026-06-04 02:23:49,24.7125,12.00,1.449,17.220,A,#4,APPROACH,1.585A/A
39128,2026-06-04 02:23:52,24.5375,12.00,1.449,17.220,B,#4,APPROACH,0.230A/B
39129,2026-06-04 02:23:54,24.3500,12.00,1.449,17.220,B,#4,APPROACH,0.302A/B
39130,2026-06-04 02:23:56,24.1250,12.00,1.449,17.220,B,#4,APPROACH,0.400A/B
39131,2026-06-04 02:23:58,23.9500,7.88,0.400,17.220,B,#4,APPROACH,0.521A/B
39132,2026-06-04 02:24:00,23.7500,7.88,0.400,2.042,B,#4,APPROACH,0.647A/B
39133,2026-06-04 02:24:01,23.6125,7.88,0.400,2.042,B,#4,APPROACH,0.767A/B
39134,2026-06-04 02:24:03,23.4875,7.88,0.400,2.042,B,#4,APPROACH,0.902A/B
39135,2026-06-04 02:24:05,23.4000,6.87,0.400,2.042,B,#4,APPROACH,1.069A/B
39136,2026-06-04 02:24:07,23.3250,6.87,1.050,8.883,B,#4,APPROACH,1.250A/B
39137,2026-06-04 02:24:09,23.2750,6.87,1.050,8.883,B,#4,APPROACH,1.498A/B
39138,2026-06-04 02:24:11,23.2000,6.87,1.050,8.883,B,#4,APPROACH,1.673A/B
39139,2026-06-04 02:24:13,23.2250,12.00,1.050,8.883,B,#4,APPROACH,1.861A/B
39140,2026-06-04 02:24:14,23.2500,12.00,1.571,18.600,B,#4,APPROACH,2.047A/B
39141,2026-06-04 02:24:17,23.2500,12.00,1.571,18.600,B,#4,APPROACH,1.000A/B
39142,2026-06-04 02:24:18,23.3000,12.00,1.571,18.600,B,#4,APPROACH,2.289A/B
39143,2026-06-04 02:24:20,23.4125,12.00,1.571,18.600,B,#4,APPROACH,2.470A/B
39144,2026-06-04 02:24:22,23.5125,12.00,1.503,17.796,B,#4,APPROACH,1.500A/B
39145,2026-06-04 02:24:24,23.6375,12.00,1.503,17.796,B,#4,APPROACH,2.637A/B
39146,2026-06-04 02:24:26,23.7625,12.00,1.503,17.796,B,#4,APPROACH,1.000A/B
39147,2026-06-04 02:24:28,23.9250,8.77,1.503,17.796,B,#4,APPROACH,2.500A/B
39148,2026-06-04 02:24:30,24.1000,8.77,1.225,17.232,B,#4,APPROACH,1.000A/B
39149,2026-06-04 02:24:32,24.2375,8.77,1.225,17.232,B,#4,APPROACH,2.000A/B
39150,2026-06-04 02:24:34,24.4375,8.77,1.225,17.232,B,#4,APPROACH,2.741A/B
39151,2026-06-04 02:24:36,24.6125,12.00,1.225,17.232,B,#4,APPROACH,2.879A/B
39152,2026-06-04 02:24:37,24.7625,12.00,1.416,16.776,B,#4,APPROACH,1.500A/B
39153,2026-06-04 02:24:40,24.9375,12.00,1.416,16.776,B,#4,APPROACH,3.000A/B
39154,2026-06-04 02:24:41,25.1375,12.00,1.416,16.776,B,#4,APPROACH,2.991A/B
39155,2026-06-04 02:24:43,25.3000,12.00,1.416,16.776,B,#4,APPROACH,3.000A/B
39156,2026-06-04 02:24:45,25.5000,12.00,1.386,16.440,B,#4,APPROACH,3.000A/B
39157,2026-06-04 02:24:48,25.6875,12.00,1.386,16.440,B,#4,APPROACH,1.500A/B
39158,2026-06-04 02:24:49,25.8875,12.00,1.386,16.440,B,#4,APPROACH,1.000A/B
39159,2026-06-04 02:24:51,26.0875,9.35,1.386,16.440,B,#4,APPROACH,3.000A/B
39160,2026-06-04 02:24:53,26.3125,9.35,1.360,16.188,B,#4,APPROACH,2.500A/B
39161,2026-06-04 02:24:55,26.5125,9.35,1.360,16.188,B,#4,APPROACH,2.500A/B
39162,2026-06-04 02:24:57,26.6875,9.35,1.360,16.188,B,#4,APPROACH,1.500A/B
39163,2026-06-04 02:24:59,26.9000,12.00,1.360,16.188,B,#4,APPROACH,2.500A/B
39164,2026-06-04 02:25:01,27.1000,12.00,1.342,15.960,B,#4,APPROACH,2.968A/B
39165,2026-06-04 02:25:03,27.3000,12.00,1.342,15.960,B,#4,APPROACH,1.500A/B
39166,2026-06-04 02:25:05,27.4750,12.00,1.342,15.960,B,#4,APPROACH,2.500A/B
39167,2026-06-04 02:25:06,27.6875,12.00,1.342,15.960,B,#4,HOLDING,2.500A/B
39168,2026-06-04 02:25:08,27.8875,12.00,1.326,15.960,OFF,#4,HOLDING,0.000A/OFF
39169,2026-06-04 02:25:09,27.8875,12.00,1.326,15.756,OFF,#4,HOLDING,0.000A/OFF
39170,2026-06-04 02:25:10,28.0625,12.00,1.326,15.756,OFF,#4,HOLDING,0.000A/OFF
39171,2026-06-04 02:25:11,28.0625,12.00,1.326,15.756,OFF,#4,HOLDING,0.000A/OFF
39172,2026-06-04 02:25:12,28.2625,12.00,1.326,15.756,OFF,#4,HOLDING,0.000A/OFF
39173,2026-06-04 02:25:13,28.2625,12.00,1.326,15.756,OFF,#4,HOLDING,0.000A/OFF
39174,2026-06-04 02:25:14,28.4500,12.00,1.326,15.756,OFF,#4,HOLDING,0.000A/OFF
39175,2026-06-04 02:25:15,28.4500,12.00,0.000,15.756,OFF,#4,HOLDING,0.000A/OFF
39176,2026-06-04 02:25:16,28.6250,12.00,0.000,0.000,OFF,#4,HOLDING,0.000A/OFF
39177,2026-06-04 02:25:17,28.6250,12.00,0.000,0.000,OFF,#4,HOLDING,0.000A/OFF
39178,2026-06-04 02:25:18,28.8375,12.00,0.000,0.000,OFF,#4,HOLDING,0.000A/OFF
39179,2026-06-04 02:25:19,29.0125,12.00,0.000,0.000,OFF,#4,HOLDING,0.000A/OFF
39180,2026-06-04 02:25:20,29.0125,12.00,0.000,0.000,OFF,#4,HOLDING,0.000A/OFF
39181,2026-06-04 02:25:21,29.1625,12.00,0.000,0.000,OFF,#4,HOLDING,0.000A/OFF
39182,2026-06-04 02:25:22,29.1625,12.00,0.000,0.000,OFF,#4,HOLDING,0.000A/OFF
39183,2026-06-04 02:25:23,29.2875,12.00,0.000,0.000,OFF,#4,HOLDING,0.000A/OFF
39184,2026-06-04 02:25:24,29.2875,12.00,0.000,0.000,OFF,#4,HOLDING,0.000A/OFF
39185,2026-06-04 02:25:25,29.4125,12.00,0.000,0.000,OFF,#4,HOLDING,0.000A/OFF
39186,2026-06-04 02:25:26,29.4125,12.00,0.000,0.000,OFF,#4,HOLDING,0.000A/OFF
39187,2026-06-04 02:25:27,29.5125,12.00,0.000,0.000,A,#4,HOLDING,0.179A/A
39188,2026-06-04 02:25:29,29.6125,12.00,0.000,0.000,A,#4,HOLDING,0.208A/A
39189,2026-06-04 02:25:31,29.6125,12.00,0.000,0.000,A,#4,HOLDING,0.242A/A
39190,2026-06-04 02:25:32,29.7125,12.00,0.000,0.000,A,#4,HOLDING,0.280A/A
39191,2026-06-04 02:25:34,29.7625,1.77,0.000,0.000,A,#4,HOLDING,0.322A/A
39192,2026-06-04 02:25:36,29.8625,1.77,0.322,0.747,A,#4,HOLDING,0.387A/A
39193,2026-06-04 02:25:38,29.8875,1.77,0.322,0.747,A,#4,HOLDING,0.445A/A
39194,2026-06-04 02:25:40,29.9375,1.77,0.322,0.747,A,#4,HOLDING,0.495A/A
39195,2026-06-04 02:25:42,29.9750,3.79,0.322,0.747,A,#4,HOLDING,0.545A/A
39196,2026-06-04 02:25:44,30.0000,3.79,0.545,2.419,A,#4,HOLDING,0.602A/A
39197,2026-06-04 02:25:46,30.0000,3.79,0.545,2.419,A,#4,HOLDING,0.667A/A
39198,2026-06-04 02:25:48,29.9750,3.79,0.545,2.419,A,#4,HOLDING,0.707A/A
39199,2026-06-04 02:25:50,29.9625,5.78,0.545,2.419,A,#4,HOLDING,0.757A/A
39200,2026-06-04 02:25:51,29.9375,5.78,0.742,4.806,A,#4,HOLDING,0.806A/A
39201,2026-06-04 02:25:54,29.9000,5.78,0.742,4.806,A,#4,HOLDING,0.871A/A
39202,2026-06-04 02:25:55,29.8250,5.78,0.742,4.806,A,#4,HOLDING,0.903A/A
39203,2026-06-04 02:25:57,29.7750,7.51,0.742,4.806,A,#4,HOLDING,0.946A/A
39204,2026-06-04 02:25:59,29.7000,7.51,0.931,7.568,A,#4,HOLDING,0.982A/A
39205,2026-06-04 02:26:01,29.6125,7.51,0.931,7.568,A,#4,HOLDING,1.000A/A
39206,2026-06-04 02:26:03,29.5375,7.51,0.931,7.568,A,#4,HOLDING,1.025A/A
39207,2026-06-04 02:26:05,29.4500,8.60,0.931,7.568,A,#4,HOLDING,1.007A/A
39208,2026-06-04 02:26:07,29.3000,8.60,1.006,8.681,A,#4,HOLDING,1.029A/A
39209,2026-06-04 02:26:09,29.1750,8.60,1.006,8.681,A,#4,HOLDING,1.060A/A
39210,2026-06-04 02:26:11,29.0500,8.60,1.006,8.681,A,#4,HOLDING,1.073A/A
39211,2026-06-04 02:26:13,28.9000,9.10,1.006,8.681,A,#4,HOLDING,1.089A/A
39212,2026-06-04 02:26:14,28.7750,9.10,1.089,10.193,A,#4,HOLDING,1.096A/A
39213,2026-06-04 02:26:17,28.6125,9.10,1.089,10.193,A,#4,HOLDING,1.000A/A
39214,2026-06-04 02:26:18,28.4375,9.10,1.089,10.193,A,#4,HOLDING,1.099A/A
39215,2026-06-04 02:26:20,28.2625,9.40,1.089,10.193,A,#4,HOLDING,1.085A/A
39216,2026-06-04 02:26:22,28.0625,9.40,1.085,10.264,A,#4,HOLDING,1.061A/A
39217,2026-06-04 02:26:25,27.8875,9.40,1.085,10.264,A,#4,HOLDING,1.037A/A
39218,2026-06-04 02:26:26,27.6875,9.40,1.085,10.264,A,#4,HOLDING,1.000A/A
39219,2026-06-04 02:26:28,27.5125,8.83,1.085,10.264,A,#4,HOLDING,1.007A/A
39220,2026-06-04 02:26:30,27.3125,8.83,1.006,9.043,A,#4,HOLDING,0.896A/A
39221,2026-06-04 02:26:32,26.9250,8.83,1.006,9.043,A,#4,HOLDING,0.792A/A
39222,2026-06-04 02:26:34,26.9250,8.83,1.006,9.043,A,#4,HOLDING,0.759A/A
39223,2026-06-04 02:26:36,26.7000,7.19,1.006,9.043,A,#4,HOLDING,0.677A/A
39224,2026-06-04 02:26:38,26.5250,7.19,0.716,4.474,A,#4,HOLDING,0.608A/A
39225,2026-06-04 02:26:40,26.1250,7.19,0.716,4.474,A,#4,HOLDING,0.440A/A
39226,2026-06-04 02:26:42,26.1250,7.19,0.716,4.474,A,#4,HOLDING,0.386A/A
39227,2026-06-04 02:26:43,25.9500,4.20,0.716,4.474,A,#4,HOLDING,0.280A/A
39228,2026-06-04 02:26:45,25.7750,4.20,0.331,0.966,A,#4,HOLDING,0.188A/A
39229,2026-06-04 02:26:48,25.4250,4.20,0.331,0.966,OFF,#4,HOLDING,0.000A/OFF
39230,2026-06-04 02:26:49,25.4250,4.20,0.331,0.966,OFF,#4,HOLDING,0.000A/OFF
39231,2026-06-04 02:26:50,25.2625,4.20,0.331,0.966,OFF,#4,HOLDING,0.000A/OFF
39232,2026-06-04 02:26:51,25.2625,12.00,0.331,0.966,B,#4,HOLDING,0.157A/B
39233,2026-06-04 02:26:52,25.0625,12.00,0.000,0.147,B,#4,HOLDING,0.295A/B
39234,2026-06-04 02:26:55,24.9625,12.00,0.000,0.147,B,#4,HOLDING,0.463A/B
39235,2026-06-04 02:26:56,24.8125,12.00,0.000,0.147,B,#4,HOLDING,0.589A/B
39236,2026-06-04 02:26:58,24.7125,4.62,0.000,0.147,B,#4,HOLDING,0.729A/B
39237,2026-06-04 02:27:00,24.6125,4.62,0.729,4.322,B,#4,HOLDING,0.878A/B
39238,2026-06-04 02:27:02,24.5125,4.62,0.729,4.322,B,#4,HOLDING,1.070A/B
39239,2026-06-04 02:27:04,24.4375,4.62,0.729,4.322,B,#4,HOLDING,1.206A/B
39240,2026-06-04 02:27:06,24.3750,9.38,0.729,4.322,B,#4,HOLDING,1.000A/B
39241,2026-06-04 02:27:08,24.3250,9.38,1.000,8.220,B,#4,HOLDING,1.363A/B
39242,2026-06-04 02:27:10,24.3125,9.38,1.000,8.220,B,#4,HOLDING,1.560A/B
39243,2026-06-04 02:27:12,24.3125,9.38,1.000,8.220,B,#4,HOLDING,1.695A/B
39244,2026-06-04 02:27:14,24.3125,12.00,1.000,8.220,B,#4,HOLDING,1.847A/B
39245,2026-06-04 02:27:16,24.3625,12.00,1.531,18.096,B,#4,HOLDING,1.500A/B
39246,2026-06-04 02:27:18,24.3750,12.00,1.531,18.096,B,#4,HOLDING,1.993A/B
39247,2026-06-04 02:27:19,24.4500,12.00,1.531,18.096,B,#4,HOLDING,2.118A/B
39248,2026-06-04 02:27:21,24.5375,12.00,1.531,18.096,B,#4,HOLDING,2.257A/B
39249,2026-06-04 02:27:23,24.6375,12.00,1.470,17.412,B,#4,HOLDING,1.500A/B
39250,2026-06-04 02:27:26,24.7625,12.00,1.470,17.412,B,#4,HOLDING,2.383A/B
39251,2026-06-04 02:27:27,24.9125,12.00,1.470,17.412,B,#4,HOLDING,1.500A/B
39252,2026-06-04 02:27:29,25.0500,12.00,1.470,17.412,B,#4,HOLDING,2.481A/B
39253,2026-06-04 02:27:31,25.2000,12.00,1.424,16.896,B,#4,HOLDING,2.000A/B
39254,2026-06-04 02:27:33,25.3625,12.00,1.424,16.896,B,#4,HOLDING,2.000A/B
39255,2026-06-04 02:27:35,25.5125,12.00,1.424,16.896,B,#4,HOLDING,1.000A/B
39256,2026-06-04 02:27:37,25.6750,9.18,1.424,16.896,B,#4,HOLDING,2.000A/B
39257,2026-06-04 02:27:39,25.8750,9.18,1.392,16.548,B,#4,HOLDING,2.000A/B
39258,2026-06-04 02:27:41,26.0500,9.18,1.392,16.548,B,#4,HOLDING,2.000A/B
39259,2026-06-04 02:27:43,26.2250,9.18,1.392,16.548,B,#4,HOLDING,1.000A/B
39260,2026-06-04 02:27:44,26.4000,9.34,1.392,16.548,B,#4,HOLDING,1.000A/B
39261,2026-06-04 02:27:46,26.5750,9.34,1.000,9.490,B,#4,HOLDING,2.482A/B
39262,2026-06-04 02:27:49,26.7375,9.34,1.000,9.490,B,#4,HOLDING,1.500A/B
39263,2026-06-04 02:27:50,26.9375,9.34,1.000,9.490,B,#4,HOLDING,2.500A/B
39264,2026-06-04 02:27:52,27.1125,12.00,1.000,9.490,B,#4,HOLDING,2.000A/B
39265,2026-06-04 02:27:54,27.2875,12.00,1.358,16.116,B,#4,HOLDING,2.000A/B
39266,2026-06-04 02:27:56,27.4875,12.00,1.358,16.116,B,#4,HOLDING,1.000A/B
39267,2026-06-04 02:27:58,27.6375,12.00,1.358,16.116,B,#4,HOLDING,2.477A/B
39268,2026-06-04 02:28:00,27.8000,12.00,1.358,16.116,B,#4,HOLDING,1.000A/B
39269,2026-06-04 02:28:02,28.0000,12.00,1.163,9.680,B,#4,HOLDING,2.000A/B
39270,2026-06-04 02:28:04,28.1750,12.00,1.163,9.680,B,#4,HOLDING,1.000A/B
39271,2026-06-04 02:28:06,28.3500,12.00,1.163,9.680,B,#4,HOLDING,2.000A/B
39272,2026-06-04 02:28:07,28.5500,12.00,1.163,9.680,B,#4,HOLDING,1.000A/B
39273,2026-06-04 02:28:09,28.7250,12.00,1.075,9.730,B,#4,HOLDING,1.500A/B
39274,2026-06-04 02:28:12,28.8625,12.00,1.075,9.730,B,#5,APPROACH,1.500A/B
39275,2026-06-04 02:28:13,29.0625,12.00,1.075,9.730,B,#5,APPROACH,0.141A/B
39276,2026-06-04 02:28:15,29.2375,12.00,1.075,9.730,B,#5,APPROACH,0.108A/B
39277,2026-06-04 02:28:17,29.3875,11.65,1.075,9.730,B,#5,APPROACH,0.122A/B
39278,2026-06-04 02:28:19,29.5750,11.65,0.722,0.353,B,#5,APPROACH,0.130A/B
39279,2026-06-04 02:28:22,29.7500,11.65,0.722,0.353,B,#5,APPROACH,0.180A/B
39280,2026-06-04 02:28:23,29.8875,11.65,0.722,0.353,B,#5,APPROACH,0.212A/B
39281,2026-06-04 02:28:25,30.0125,3.41,0.722,0.353,B,#5,APPROACH,0.267A/B
39282,2026-06-04 02:28:27,30.1750,3.41,0.237,1.043,B,#5,APPROACH,0.317A/B
39283,2026-06-04 02:28:29,30.3250,3.41,0.237,1.043,B,#5,APPROACH,0.385A/B
39284,2026-06-04 02:28:31,30.4125,3.41,0.237,1.043,B,#5,APPROACH,0.427A/B
39285,2026-06-04 02:28:33,30.5125,5.03,0.237,1.043,B,#5,APPROACH,0.477A/B
39286,2026-06-04 02:28:35,30.6375,5.03,0.477,2.633,B,#5,APPROACH,0.514A/B
39287,2026-06-04 02:28:37,30.7375,5.03,0.477,2.633,B,#5,APPROACH,0.562A/B
39288,2026-06-04 02:28:39,30.8000,5.03,0.477,2.633,B,#5,HOLDING,0.594A/B
39289,2026-06-04 02:28:40,30.8750,5.03,0.477,2.633,OFF,#5,HOLDING,0.000A/OFF
39290,2026-06-04 02:28:41,30.9375,6.28,0.477,2.633,OFF,#5,HOLDING,0.000A/OFF
39291,2026-06-04 02:28:43,30.9375,6.28,0.594,2.633,OFF,#5,HOLDING,0.000A/OFF
39292,2026-06-04 02:28:44,31.0125,6.28,0.594,0.000,OFF,#5,HOLDING,0.000A/OFF
39293,2026-06-04 02:28:45,31.0125,6.28,0.594,0.000,OFF,#5,HOLDING,0.000A/OFF
39294,2026-06-04 02:28:46,31.0625,6.28,0.594,0.000,OFF,#5,HOLDING,0.000A/OFF
39295,2026-06-04 02:28:47,31.0625,6.28,0.594,0.000,B,#5,HOLDING,0.123A/B
39296,2026-06-04 02:28:48,31.1375,12.00,0.123,0.000,B,#5,HOLDING,0.135A/B
39297,2026-06-04 02:28:50,31.1375,12.00,0.123,0.288,B,#5,HOLDING,0.168A/B
39298,2026-06-04 02:28:52,31.1875,12.00,0.123,0.288,B,#5,HOLDING,0.183A/B
39299,2026-06-04 02:28:53,31.2500,12.00,0.123,0.288,B,#5,HOLDING,0.202A/B
39300,2026-06-04 02:28:55,31.2500,2.66,0.123,0.288,B,#5,HOLDING,0.222A/B
39301,2026-06-04 02:28:57,31.2500,2.66,0.222,0.639,B,#5,HOLDING,0.248A/B
39302,2026-06-04 02:28:59,31.2500,2.66,0.222,0.639,B,#5,HOLDING,0.281A/B
39303,2026-06-04 02:29:01,31.2500,2.66,0.222,0.639,B,#5,HOLDING,0.298A/B
39304,2026-06-04 02:29:03,31.2500,3.43,0.222,0.639,B,#5,HOLDING,0.319A/B
39305,2026-06-04 02:29:05,31.2500,3.43,0.319,1.180,B,#5,HOLDING,0.339A/B
39306,2026-06-04 02:29:07,31.2500,3.43,0.319,1.180,B,#5,HOLDING,0.365A/B
39307,2026-06-04 02:29:09,31.2500,3.43,0.319,1.180,B,#5,HOLDING,0.383A/B
39308,2026-06-04 02:29:10,31.2500,4.12,0.319,1.180,B,#5,HOLDING,0.403A/B
39309,2026-06-04 02:29:12,31.1875,4.12,0.403,1.781,B,#5,HOLDING,0.432A/B
39310,2026-06-04 02:29:15,31.1875,4.12,0.403,1.781,B,#5,HOLDING,0.461A/B
39311,2026-06-04 02:29:16,31.1500,4.12,0.403,1.781,B,#5,HOLDING,0.486A/B
39312,2026-06-04 02:29:18,31.1250,4.99,0.403,1.781,B,#5,HOLDING,0.507A/B
39313,2026-06-04 02:29:20,31.1250,4.99,0.507,2.692,B,#5,HOLDING,0.532A/B
39314,2026-06-04 02:29:22,31.0750,4.99,0.507,2.692,B,#5,HOLDING,0.567A/B
39315,2026-06-04 02:29:24,31.0500,4.99,0.507,2.692,B,#5,HOLDING,0.591A/B
39316,2026-06-04 02:29:26,31.0000,5.89,0.507,2.692,B,#5,HOLDING,0.626A/B
39317,2026-06-04 02:29:28,31.0000,5.89,0.626,3.931,B,#5,HOLDING,0.651A/B
39318,2026-06-04 02:29:30,30.9500,5.89,0.626,3.931,B,#5,HOLDING,0.693A/B
39319,2026-06-04 02:29:32,30.9375,5.89,0.626,3.931,B,#5,HOLDING,0.717A/B
39320,2026-06-04 02:29:33,30.9125,6.89,0.626,3.931,B,#5,HOLDING,0.752A/B
39321,2026-06-04 02:29:35,30.8750,6.89,0.752,5.482,B,#5,HOLDING,0.786A/B
39322,2026-06-04 02:29:38,30.8500,6.89,0.752,5.482,B,#5,HOLDING,0.832A/B
39323,2026-06-04 02:29:39,30.8125,6.89,0.752,5.482,OFF,--,DONE,0.865A/B
39324,2026-06-04 02:29:42,30.8125,6.53,0.752,5.482,OFF,--,DONE,--
39325,2026-06-04 02:29:43,30.8125,6.53,0.000,5.482,OFF,--,DONE,--
39326,2026-06-04 02:29:44,30.8125,6.53,0.000,5.482,OFF,--,DONE,--
39327,2026-06-04 02:29:45,30.8125,6.53,0.000,0.000,OFF,--,DONE,--
39328,2026-06-04 02:29:46,30.8125,2.20,0.000,0.000,OFF,--,DONE,--
39329,2026-06-04 02:29:47,30.8125,2.20,0.000,0.000,OFF,--,DONE,--
39330,2026-06-04 02:29:48,30.8125,2.20,0.000,0.000,OFF,--,DONE,--
39331,2026-06-04 02:29:49,30.7875,2.20,0.000,0.000,OFF,--,DONE,--
39332,2026-06-04 02:29:50,30.7875,0.84,0.000,0.000,OFF,--,DONE,--
39333,2026-06-04 02:29:51,30.8000,0.84,0.000,0.000,OFF,--,DONE,--
39334,2026-06-04 02:29:52,30.7500,0.84,0.000,0.000,OFF,--,DONE,--
39335,2026-06-04 02:29:53,30.7500,0.29,0.000,0.000,OFF,--,DONE,--
39336,2026-06-04 02:29:54,30.7375,0.29,0.000,0.000,OFF,--,DONE,--
39337,2026-06-04 02:29:55,30.7375,0.29,0.000,0.000,OFF,--,DONE,--
39338,2026-06-04 02:29:56,30.6875,0.29,0.000,0.000,OFF,--,DONE,--
39339,2026-06-04 02:29:57,30.6875,0.00,0.000,0.000,OFF,--,DONE,--
39340,2026-06-04 02:29:58,30.6500,0.00,0.000,0.000,OFF,--,DONE,--
39341,2026-06-04 02:29:59,30.6500,0.00,0.000,0.000,OFF,--,DONE,--
39342,2026-06-04 02:30:00,30.5750,0.00,0.000,0.000,OFF,--,DONE,--
39343,2026-06-04 02:30:01,30.5750,0.00,0.000,0.000,OFF,--,DONE,--
39344,2026-06-04 02:30:02,30.5625,0.00,0.000,0.000,OFF,--,DONE,--
39345,2026-06-04 02:30:03,30.5625,0.00,0.000,0.000,OFF,--,DONE,--
39346,2026-06-04 02:30:04,30.4875,0.00,0.000,0.000,OFF,--,DONE,--
39347,2026-06-04 02:30:05,30.4875,0.00,0.000,0.000,OFF,--,DONE,--
39348,2026-06-04 02:30:06,30.4250,0.00,0.000,0.000,OFF,--,DONE,--
39349,2026-06-04 02:30:07,30.4250,0.00,0.000,0.000,OFF,--,DONE,--
39350,2026-06-04 02:30:08,30.3250,0.00,0.000,0.000,OFF,--,DONE,--
39351,2026-06-04 02:30:09,30.3250,0.00,0.000,0.000,OFF,--,DONE,--
39352,2026-06-04 02:30:10,30.2750,0.00,0.000,0.000,OFF,--,DONE,--
39353,2026-06-04 02:30:11,30.2000,0.00,0.000,0.000,OFF,--,DONE,--
39354,2026-06-04 02:30:12,30.2000,0.00,0.000,0.000,OFF,--,DONE,--
39355,2026-06-04 02:30:13,30.1125,0.00,0.000,0.000,OFF,--,DONE,--
39356,2026-06-04 02:30:14,30.1125,0.00,0.000,0.000,OFF,--,DONE,--
39357,2026-06-04 02:30:15,30.0375,0.00,0.000,0.000,OFF,--,DONE,--
39358,2026-06-04 02:30:16,30.0375,0.00,0.000,0.000,OFF,--,DONE,--
39359,2026-06-04 02:30:17,29.9625,0.00,0.000,0.000,OFF,--,DONE,--
39360,2026-06-04 02:30:18,29.9625,0.00,0.000,0.000,OFF,--,DONE,--
39361,2026-06-04 02:30:19,29.8625,0.00,0.000,0.000,OFF,--,DONE,--
39362,2026-06-04 02:30:20,29.8625,0.00,0.000,0.000,OFF,--,DONE,--
39363,2026-06-04 02:30:21,29.8000,0.00,0.000,0.000,OFF,--,DONE,--
39364,2026-06-04 02:30:22,29.8000,0.00,0.000,0.000,OFF,--,DONE,--
39365,2026-06-04 02:30:23,29.7000,0.00,0.000,0.000,OFF,--,DONE,--
39366,2026-06-04 02:30:24,29.7000,0.00,0.000,0.000,OFF,--,DONE,--
39367,2026-06-04 02:30:25,29.6125,0.00,0.000,0.000,OFF,--,DONE,--
39368,2026-06-04 02:30:26,29.5375,0.00,0.000,0.000,OFF,--,DONE,--
39369,2026-06-04 02:30:28,29.5375,0.00,0.000,0.000,OFF,--,DONE,--
39370,2026-06-04 02:30:29,29.4625,0.00,0.000,0.000,OFF,--,DONE,--
39371,2026-06-04 02:30:30,29.4625,0.00,0.000,0.000,OFF,--,DONE,--
39372,2026-06-04 02:30:31,29.3875,0.00,0.000,0.000,OFF,--,DONE,--
39373,2026-06-04 02:30:32,29.3875,0.00,0.000,0.000,OFF,--,DONE,--
39374,2026-06-04 02:30:33,29.3000,0.00,0.000,0.000,OFF,--,DONE,--
39375,2026-06-04 02:30:34,29.3000,0.00,0.000,0.000,OFF,--,DONE,--
39376,2026-06-04 02:30:35,29.2000,0.00,0.000,0.000,OFF,--,DONE,--
39377,2026-06-04 02:30:36,29.2000,0.00,0.000,0.000,OFF,--,DONE,--
39378,2026-06-04 02:30:37,29.1125,0.00,0.000,0.000,OFF,--,DONE,--
39379,2026-06-04 02:30:38,29.1125,0.00,0.000,0.000,OFF,--,DONE,--
39380,2026-06-04 02:30:39,29.0125,0.00,0.000,0.000,OFF,--,DONE,--
39381,2026-06-04 02:30:40,29.0125,0.00,0.000,0.000,OFF,--,DONE,--
39382,2026-06-04 02:30:41,28.9250,0.00,0.000,0.000,OFF,--,DONE,--
39383,2026-06-04 02:30:42,28.8000,0.00,0.000,0.000,OFF,--,DONE,--
39384,2026-06-04 02:30:43,28.8000,0.00,0.000,0.000,OFF,--,DONE,--
39385,2026-06-04 02:30:44,28.7375,0.00,0.000,0.000,OFF,--,DONE,--
39386,2026-06-04 02:30:45,28.7375,0.00,0.000,0.000,OFF,--,DONE,--
39387,2026-06-04 02:30:46,28.6125,0.00,0.000,0.000,OFF,--,DONE,--
39388,2026-06-04 02:30:47,28.6125,0.00,0.000,0.000,OFF,--,DONE,--
39389,2026-06-04 02:30:48,28.5500,0.00,0.000,0.000,OFF,--,DONE,--
39390,2026-06-04 02:30:49,28.5500,0.00,0.000,0.000,OFF,--,DONE,--
39391,2026-06-04 02:30:50,28.4500,0.00,0.000,0.000,OFF,--,DONE,--
39392,2026-06-04 02:30:51,28.4500,0.00,0.000,0.000,OFF,--,DONE,--
39393,2026-06-04 02:30:52,28.3625,0.00,0.000,0.000,OFF,--,DONE,--
39394,2026-06-04 02:30:53,28.3625,0.00,0.000,0.000,OFF,--,DONE,--
39395,2026-06-04 02:30:54,28.2625,0.00,0.000,0.000,OFF,--,DONE,--
39396,2026-06-04 02:30:55,28.2625,0.00,0.000,0.000,OFF,--,DONE,--
39397,2026-06-04 02:30:56,28.1500,0.00,0.000,0.000,OFF,--,DONE,--
39398,2026-06-04 02:30:57,28.0750,0.00,0.000,0.000,OFF,--,DONE,--
39399,2026-06-04 02:30:58,28.0750,0.00,0.000,0.000,OFF,--,DONE,--
39400,2026-06-04 02:30:59,27.9875,0.00,0.000,0.000,OFF,--,DONE,--
39401,2026-06-04 02:31:00,27.9875,0.00,0.000,0.000,OFF,--,DONE,--
39402,2026-06-04 02:31:01,27.8625,0.00,0.000,0.000,OFF,--,DONE,--
39403,2026-06-04 02:31:02,27.8625,0.00,0.000,0.000,OFF,--,DONE,--
39404,2026-06-04 02:31:03,27.7750,0.00,0.000,0.000,OFF,--,DONE,--
39405,2026-06-04 02:31:04,27.7750,0.00,0.000,0.000,OFF,--,DONE,--
39406,2026-06-04 02:31:05,27.6750,0.00,0.000,0.000,OFF,--,DONE,--
39407,2026-06-04 02:31:06,27.6750,0.00,0.000,0.000,OFF,--,DONE,--
39408,2026-06-04 02:31:07,27.6125,0.00,0.000,0.000,OFF,--,DONE,--
39409,2026-06-04 02:31:08,27.6125,0.00,0.000,0.000,OFF,--,DONE,--
39410,2026-06-04 02:31:09,27.5125,0.00,0.000,0.000,OFF,--,DONE,--
39411,2026-06-04 02:31:11,27.5125,0.00,0.000,0.000,OFF,--,DONE,--
39412,2026-06-04 02:31:12,27.4250,0.00,0.000,0.000,OFF,--,DONE,--
39413,2026-06-04 02:31:13,27.3500,0.00,0.000,0.000,OFF,--,DONE,--
39414,2026-06-04 02:31:14,27.3500,0.00,0.000,0.000,OFF,--,DONE,--
39415,2026-06-04 02:31:15,27.3000,0.00,0.000,0.000,OFF,--,DONE,--
39416,2026-06-04 02:31:16,27.3000,0.00,0.000,0.000,OFF,--,DONE,--
39417,2026-06-04 02:31:17,27.2000,0.00,0.000,0.000,OFF,--,DONE,--
39418,2026-06-04 02:31:18,27.2000,0.00,0.000,0.000,OFF,--,DONE,--
39419,2026-06-04 02:31:19,27.1125,0.00,0.000,0.000,OFF,--,DONE,--
39420,2026-06-04 02:31:20,27.1125,0.00,0.000,0.000,OFF,--,DONE,--
39421,2026-06-04 02:31:21,27.0375,0.00,0.000,0.000,OFF,--,DONE,--
39422,2026-06-04 02:31:22,27.0375,0.00,0.000,0.000,OFF,--,DONE,--
39423,2026-06-04 02:31:23,26.9625,0.00,0.000,0.000,OFF,--,DONE,--
39424,2026-06-04 02:31:24,26.9625,0.00,0.000,0.000,OFF,--,DONE,--
39425,2026-06-04 02:31:25,26.8625,0.00,0.000,0.000,OFF,--,DONE,--
39426,2026-06-04 02:31:26,26.8625,0.00,0.000,0.000,OFF,--,DONE,--
39427,2026-06-04 02:31:27,26.8000,0.00,0.000,0.000,OFF,--,DONE,--
39428,2026-06-04 02:31:28,26.7000,0.00,0.000,0.000,OFF,--,DONE,--
39429,2026-06-04 02:31:29,26.7000,0.00,0.000,0.000,OFF,--,DONE,--
39430,2026-06-04 02:31:30,26.6750,0.00,0.000,0.000,OFF,--,DONE,--
39431,2026-06-04 02:31:31,26.6750,0.00,0.000,0.000,OFF,--,DONE,--
39432,2026-06-04 02:31:32,26.5750,0.00,0.000,0.000,OFF,--,DONE,--
39433,2026-06-04 02:31:33,26.5750,0.00,0.000,0.000,OFF,--,DONE,--
39434,2026-06-04 02:31:34,26.4875,0.00,0.000,0.000,OFF,--,DONE,--
39435,2026-06-04 02:31:35,26.4875,0.00,0.000,0.000,OFF,--,DONE,--
39436,2026-06-04 02:31:36,26.4375,0.00,0.000,0.000,OFF,--,DONE,--
39437,2026-06-04 02:31:37,26.4375,0.00,0.000,0.000,OFF,--,DONE,--
39438,2026-06-04 02:31:38,26.3625,0.00,0.000,0.000,OFF,--,DONE,--
39439,2026-06-04 02:31:39,26.3625,0.00,0.000,0.000,OFF,--,DONE,--
39440,2026-06-04 02:31:40,26.2875,0.00,0.000,0.000,OFF,--,DONE,--
39441,2026-06-04 02:31:41,26.2875,0.00,0.000,0.000,OFF,--,DONE,--
39442,2026-06-04 02:31:42,26.2625,0.00,0.000,0.000,OFF,--,DONE,--
39443,2026-06-04 02:31:43,26.1625,0.00,0.000,0.000,OFF,--,DONE,--
39444,2026-06-04 02:31:44,26.1625,0.00,0.000,0.000,B,#1,APPROACH,0.854A/B
39445,2026-06-04 02:31:47,26.1125,0.00,0.000,0.000,B,#1,APPROACH,0.797A/B
39446,2026-06-04 02:31:48,26.0375,0.00,0.000,0.000,B,#1,APPROACH,0.757A/B
39447,2026-06-04 02:31:50,25.9875,0.00,0.000,0.000,B,#1,APPROACH,0.650A/B
39448,2026-06-04 02:31:52,25.9375,9.49,0.650,0.000,B,#1,APPROACH,0.733A/B
39449,2026-06-04 02:31:54,25.8750,9.49,0.650,4.845,B,#1,APPROACH,0.884A/B
39450,2026-06-04 02:31:55,25.8250,9.49,0.650,4.845,B,#1,APPROACH,1.046A/B
39451,2026-06-04 02:31:57,25.8500,9.49,0.650,4.845,B,#1,APPROACH,1.106A/B
39452,2026-06-04 02:31:59,25.8750,9.21,0.650,4.845,B,#1,APPROACH,1.000A/B
39453,2026-06-04 02:32:01,25.8750,9.21,1.000,8.700,B,#1,APPROACH,0.990A/B
39454,2026-06-04 02:32:03,25.8750,9.21,1.000,8.700,B,#1,APPROACH,1.195A/B
39455,2026-06-04 02:32:05,25.9375,9.21,1.000,8.700,B,#1,APPROACH,1.000A/B
39456,2026-06-04 02:32:07,25.9875,8.79,1.000,8.700,B,#1,APPROACH,1.172A/B
39457,2026-06-04 02:32:08,26.0125,8.79,1.133,11.825,B,#1,APPROACH,1.000A/B
39458,2026-06-04 02:32:11,26.0875,8.79,1.133,11.825,B,#1,APPROACH,1.328A/B
39459,2026-06-04 02:32:12,26.1625,8.79,1.133,11.825,B,#1,APPROACH,1.000A/B
39460,2026-06-04 02:32:14,26.2125,8.97,1.133,11.825,B,#1,APPROACH,1.000A/B
39461,2026-06-04 02:32:16,26.3125,8.97,1.000,9.080,B,#1,APPROACH,1.550A/B
39462,2026-06-04 02:32:19,26.3875,8.97,1.000,9.080,B,#1,APPROACH,1.832A/B
39463,2026-06-04 02:32:20,26.4875,8.97,1.000,9.080,B,#1,APPROACH,1.834A/B
39464,2026-06-04 02:32:22,26.5875,12.00,1.000,9.080,B,#1,APPROACH,1.000A/B
39465,2026-06-04 02:32:24,26.6625,12.00,1.162,9.180,B,#1,APPROACH,1.680A/B
39466,2026-06-04 02:32:26,26.7625,12.00,1.162,9.180,B,#1,APPROACH,1.000A/B
39467,2026-06-04 02:32:28,26.8875,12.00,1.162,9.180,B,#1,APPROACH,1.757A/B
39468,2026-06-04 02:32:30,26.9875,12.00,1.162,9.180,B,#1,APPROACH,1.000A/B
39469,2026-06-04 02:32:32,27.1000,12.00,1.166,9.330,B,#1,APPROACH,1.000A/B
39470,2026-06-04 02:32:34,27.2000,12.00,1.166,9.330,B,#1,HOLDING,1.660A/B
39471,2026-06-04 02:32:36,27.3250,12.00,1.166,9.330,B,#1,HOLDING,0.381A/B
39472,2026-06-04 02:32:37,27.4500,4.65,1.166,9.330,B,#1,HOLDING,0.268A/B
39473,2026-06-04 02:32:39,27.6000,4.65,0.268,1.010,B,#1,HOLDING,0.184A/B
39474,2026-06-04 02:32:42,27.7000,4.65,0.268,1.010,B,#1,HOLDING,0.159A/B
39475,2026-06-04 02:32:43,27.8000,4.65,0.268,1.010,B,#1,HOLDING,0.154A/B
39476,2026-06-04 02:32:45,27.9500,2.66,0.268,1.010,B,#1,HOLDING,0.125A/B
39477,2026-06-04 02:32:47,28.0375,2.66,0.125,0.297,B,#1,HOLDING,0.119A/B
39478,2026-06-04 02:32:49,28.1375,2.66,0.125,0.297,B,#1,HOLDING,0.108A/B
39479,2026-06-04 02:32:51,28.2250,2.66,0.125,0.297,B,#1,HOLDING,0.105A/B
39480,2026-06-04 02:32:53,28.3000,2.07,0.125,0.297,B,#1,HOLDING,0.100A/B
39481,2026-06-04 02:32:55,28.3500,2.07,0.100,0.297,OFF,#1,HOLDING,0.000A/OFF
39482,2026-06-04 02:32:56,28.3500,2.07,0.100,0.202,OFF,#1,HOLDING,0.000A/OFF
39483,2026-06-04 02:32:57,28.4000,2.07,0.100,0.202,OFF,#1,HOLDING,0.000A/OFF
39484,2026-06-04 02:32:58,28.4000,2.07,0.100,0.202,OFF,#1,HOLDING,0.000A/OFF
39485,2026-06-04 02:32:59,28.4375,2.07,0.100,0.202,OFF,#1,HOLDING,0.000A/OFF
39486,2026-06-04 02:33:00,28.4375,2.07,0.100,0.202,OFF,#1,HOLDING,0.000A/OFF
39487,2026-06-04 02:33:01,28.4875,12.00,0.100,0.202,OFF,#1,HOLDING,0.000A/OFF
39488,2026-06-04 02:33:02,28.4875,12.00,0.000,0.202,OFF,#1,HOLDING,0.000A/OFF
39489,2026-06-04 02:33:03,28.5375,12.00,0.000,0.000,OFF,#1,HOLDING,0.000A/OFF
39490,2026-06-04 02:33:04,28.5375,12.00,0.000,0.000,OFF,#1,HOLDING,0.000A/OFF
39491,2026-06-04 02:33:05,28.5625,12.00,0.000,0.000,OFF,#1,HOLDING,0.000A/OFF
39492,2026-06-04 02:33:06,28.5625,12.00,0.000,0.000,A,#1,HOLDING,0.145A/A
39493,2026-06-04 02:33:07,28.5750,12.00,0.000,0.000,A,#1,HOLDING,0.000A/OFF
39494,2026-06-04 02:33:08,28.6000,12.00,0.145,0.000,OFF,#1,HOLDING,0.000A/OFF
39495,2026-06-04 02:33:09,28.6000,12.00,0.145,0.134,OFF,#1,HOLDING,0.000A/OFF
39496,2026-06-04 02:33:10,28.6250,12.00,0.145,0.134,A,#1,HOLDING,0.103A/A
39497,2026-06-04 02:33:12,28.6250,12.00,0.145,0.134,A,#1,HOLDING,0.000A/OFF
39498,2026-06-04 02:33:13,28.6250,12.00,0.145,0.134,OFF,#1,HOLDING,0.000A/OFF
39499,2026-06-04 02:33:14,28.5875,12.00,0.145,0.134,OFF,#1,HOLDING,0.000A/OFF
39500,2026-06-04 02:33:15,28.5875,12.00,1.600,0.134,OFF,#1,HOLDING,0.000A/OFF
39501,2026-06-04 02:33:16,28.5625,12.00,1.600,0.000,OFF,#1,HOLDING,0.000A/OFF
39502,2026-06-04 02:33:17,28.5625,12.00,1.600,0.000,OFF,#1,HOLDING,0.000A/OFF
39503,2026-06-04 02:33:18,28.5500,12.00,1.600,0.000,OFF,#1,HOLDING,0.000A/OFF
39504,2026-06-04 02:33:19,28.5500,12.00,1.600,0.000,OFF,#1,HOLDING,0.000A/OFF
39505,2026-06-04 02:33:20,28.5000,12.00,1.600,0.000,OFF,#1,HOLDING,0.000A/OFF
39506,2026-06-04 02:33:21,28.5000,12.00,0.000,0.000,OFF,#1,HOLDING,0.000A/OFF
39507,2026-06-04 02:33:22,28.4625,12.00,0.000,0.000,OFF,#1,HOLDING,0.000A/OFF
39508,2026-06-04 02:33:23,28.4625,12.00,0.000,0.000,OFF,#1,HOLDING,0.000A/OFF
39509,2026-06-04 02:33:24,28.3875,12.00,0.000,0.000,OFF,#1,HOLDING,0.000A/OFF
39510,2026-06-04 02:33:25,28.3875,12.00,0.000,0.000,OFF,#1,HOLDING,0.000A/OFF
39511,2026-06-04 02:33:26,28.3375,12.00,0.000,0.000,OFF,#1,HOLDING,0.000A/OFF
39512,2026-06-04 02:33:27,28.3375,12.00,0.000,0.000,OFF,#1,HOLDING,0.000A/OFF
39513,2026-06-04 02:33:28,28.2625,12.00,0.000,0.000,OFF,#1,HOLDING,0.000A/OFF
39514,2026-06-04 02:33:29,28.2625,12.00,0.000,0.000,OFF,#1,HOLDING,0.000A/OFF
39515,2026-06-04 02:33:30,28.1875,12.00,0.000,0.000,OFF,#1,HOLDING,0.000A/OFF
39516,2026-06-04 02:33:31,28.1375,12.00,0.000,0.000,OFF,#1,HOLDING,0.000A/OFF
39517,2026-06-04 02:33:32,28.1375,12.00,0.000,0.000,OFF,#1,HOLDING,0.000A/OFF
39518,2026-06-04 02:33:33,28.0625,12.00,0.000,0.000,OFF,#1,HOLDING,0.000A/OFF
39519,2026-06-04 02:33:34,28.0625,12.00,0.000,0.000,OFF,#2,APPROACH,0.000A/OFF
39520,2026-06-04 02:33:35,28.0125,12.00,0.000,0.000,A,#2,APPROACH,0.133A/A
39521,2026-06-04 02:33:37,27.9625,12.00,0.000,0.000,A,#2,APPROACH,0.163A/A
39522,2026-06-04 02:33:39,27.8875,12.00,0.000,0.000,A,#2,APPROACH,0.197A/A
39523,2026-06-04 02:33:41,27.8000,12.00,0.000,0.000,A,#2,APPROACH,0.225A/A
39524,2026-06-04 02:33:42,27.7250,2.15,0.000,0.000,A,#2,APPROACH,0.267A/A
39525,2026-06-04 02:33:44,27.7250,2.15,0.244,0.670,A,#2,APPROACH,0.337A/A
39526,2026-06-04 02:33:47,27.6000,2.15,0.244,0.670,A,#2,APPROACH,0.449A/A
39527,2026-06-04 02:33:48,27.4875,2.15,0.244,0.670,A,#2,APPROACH,0.513A/A
39528,2026-06-04 02:33:50,27.3875,4.54,0.244,0.670,A,#2,APPROACH,0.580A/A
39529,2026-06-04 02:33:52,27.3875,4.54,0.544,3.033,A,#2,APPROACH,0.680A/A
39530,2026-06-04 02:33:54,27.2250,4.54,0.544,3.033,A,#2,APPROACH,0.768A/A
39531,2026-06-04 02:33:56,27.1125,4.54,0.544,3.033,A,#2,APPROACH,0.829A/A
39532,2026-06-04 02:33:58,26.9875,7.05,0.544,3.033,A,#2,APPROACH,0.915A/A
39533,2026-06-04 02:34:00,26.9875,7.05,0.869,7.219,A,#2,APPROACH,0.982A/A
39534,2026-06-04 02:34:02,26.7750,7.05,0.869,7.219,A,#2,APPROACH,1.000A/A
39535,2026-06-04 02:34:04,26.6125,7.05,0.869,7.219,A,#2,APPROACH,0.935A/A
39536,2026-06-04 02:34:05,26.4875,8.05,0.869,7.219,A,#2,HOLDING,0.896A/A
39537,2026-06-04 02:34:07,26.4875,8.05,0.913,7.219,OFF,#2,HOLDING,0.000A/OFF
39538,2026-06-04 02:34:08,26.3875,8.05,0.913,7.078,OFF,#2,HOLDING,0.000A/OFF
39539,2026-06-04 02:34:09,26.1875,8.05,0.913,7.078,OFF,#2,HOLDING,0.000A/OFF
39540,2026-06-04 02:34:10,26.1875,8.05,0.913,7.078,OFF,#2,HOLDING,0.000A/OFF
39541,2026-06-04 02:34:11,26.0750,8.05,0.913,7.078,OFF,#2,HOLDING,0.000A/OFF
39542,2026-06-04 02:34:12,26.0750,8.05,0.913,7.078,OFF,#2,HOLDING,0.000A/OFF
39543,2026-06-04 02:34:13,25.9250,12.00,0.913,7.078,OFF,#2,HOLDING,0.000A/OFF
39544,2026-06-04 02:34:14,25.9250,12.00,0.000,0.000,A,#2,HOLDING,0.118A/A
39545,2026-06-04 02:34:16,25.7750,12.00,0.000,0.000,A,#2,HOLDING,0.110A/A
39546,2026-06-04 02:34:18,25.6250,12.00,0.000,0.000,A,#2,HOLDING,0.115A/A
39547,2026-06-04 02:34:20,25.5250,1.53,0.000,0.000,A,#2,HOLDING,0.101A/A
39548,2026-06-04 02:34:22,25.4250,1.53,0.101,0.000,OFF,#2,HOLDING,0.000A/OFF
39549,2026-06-04 02:34:23,25.4250,1.53,0.101,0.138,OFF,#2,HOLDING,0.103A/A
39550,2026-06-04 02:34:24,25.2750,1.53,0.101,0.138,OFF,#2,HOLDING,0.000A/OFF
39551,2026-06-04 02:34:25,25.2000,1.53,0.101,0.138,OFF,#2,HOLDING,0.000A/OFF
39552,2026-06-04 02:34:26,25.2000,1.53,0.101,0.138,OFF,#2,HOLDING,0.000A/OFF
39553,2026-06-04 02:34:27,25.1125,1.53,0.101,0.138,OFF,#2,HOLDING,0.000A/OFF
39554,2026-06-04 02:34:28,25.1125,12.00,0.000,0.138,OFF,#2,HOLDING,0.000A/OFF
39555,2026-06-04 02:34:29,25.0125,12.00,0.000,0.138,OFF,#2,HOLDING,0.000A/OFF
39556,2026-06-04 02:34:30,25.0125,12.00,0.000,0.000,OFF,#2,HOLDING,0.000A/OFF
39557,2026-06-04 02:34:31,24.9250,12.00,0.000,0.000,OFF,#2,HOLDING,0.000A/OFF
39558,2026-06-04 02:34:32,24.9250,12.00,0.000,0.000,OFF,#2,HOLDING,0.000A/OFF
39559,2026-06-04 02:34:33,24.8500,12.00,0.000,0.000,OFF,#2,HOLDING,0.000A/OFF
39560,2026-06-04 02:34:34,24.8500,12.00,0.000,0.000,OFF,#2,HOLDING,0.000A/OFF
39561,2026-06-04 02:34:35,24.7750,12.00,0.000,0.000,B,#2,HOLDING,0.109A/B
39562,2026-06-04 02:34:38,24.7000,12.00,0.000,0.000,B,#2,HOLDING,0.122A/B
39563,2026-06-04 02:34:39,24.6250,12.00,0.000,0.000,B,#2,HOLDING,0.189A/B
39564,2026-06-04 02:34:41,24.5750,1.64,0.000,0.000,B,#2,HOLDING,0.251A/B
39565,2026-06-04 02:34:43,24.5000,1.64,0.218,0.562,B,#2,HOLDING,0.312A/B
39566,2026-06-04 02:34:45,24.4500,1.64,0.218,0.562,B,#2,HOLDING,0.335A/B
39567,2026-06-04 02:34:47,24.4000,1.64,0.218,0.562,B,#2,HOLDING,0.428A/B
39568,2026-06-04 02:34:49,24.3750,3.65,0.218,0.562,B,#2,HOLDING,0.471A/B
39569,2026-06-04 02:34:51,24.3125,3.65,0.471,1.916,B,#2,HOLDING,0.489A/B
39570,2026-06-04 02:34:53,24.3125,3.65,0.471,1.916,B,#2,HOLDING,0.509A/B
39571,2026-06-04 02:34:55,24.2875,3.65,0.471,1.916,B,#2,HOLDING,0.528A/B
39572,2026-06-04 02:34:56,24.2875,4.58,0.471,1.916,B,#2,HOLDING,0.549A/B
39573,2026-06-04 02:34:58,24.2500,4.58,0.549,2.635,B,#2,HOLDING,0.589A/B
39574,2026-06-04 02:35:01,24.2500,4.58,0.549,2.635,B,#2,HOLDING,0.636A/B
39575,2026-06-04 02:35:02,24.2625,4.58,0.549,2.635,B,#2,HOLDING,0.673A/B
39576,2026-06-04 02:35:04,24.3125,5.79,0.549,2.635,B,#2,HOLDING,0.712A/B
39577,2026-06-04 02:35:06,24.3125,5.79,0.712,4.421,B,#2,HOLDING,0.746A/B
39578,2026-06-04 02:35:08,24.3125,5.79,0.712,4.421,B,#2,HOLDING,0.798A/B
39579,2026-06-04 02:35:10,24.3750,5.79,0.712,4.421,B,#2,HOLDING,0.823A/B
39580,2026-06-04 02:35:12,24.4000,7.05,0.712,4.421,B,#2,HOLDING,0.852A/B
39581,2026-06-04 02:35:14,24.4750,7.05,0.852,6.313,B,#2,HOLDING,0.879A/B
39582,2026-06-04 02:35:16,24.5250,7.05,0.852,6.313,B,#2,HOLDING,0.877A/B
39583,2026-06-04 02:35:18,24.5625,7.05,0.852,6.313,B,#2,HOLDING,0.904A/B
39584,2026-06-04 02:35:19,24.6125,7.78,0.852,6.313,B,#2,HOLDING,0.937A/B
39585,2026-06-04 02:35:21,24.7250,7.78,0.937,7.664,B,#2,HOLDING,0.958A/B
39586,2026-06-04 02:35:24,24.7750,7.78,0.937,7.664,B,#2,HOLDING,0.994A/B
39587,2026-06-04 02:35:25,24.8750,7.78,0.937,7.664,B,#2,HOLDING,1.000A/B
39588,2026-06-04 02:35:27,24.9250,8.60,0.937,7.664,B,#2,HOLDING,1.014A/B
39589,2026-06-04 02:35:29,25.0375,8.60,1.014,9.024,B,#2,HOLDING,1.023A/B
39590,2026-06-04 02:35:31,25.1375,8.60,1.014,9.024,B,#2,HOLDING,1.043A/B
39591,2026-06-04 02:35:33,25.2250,8.60,1.014,9.024,B,#2,HOLDING,1.000A/B
39592,2026-06-04 02:35:35,25.3250,8.76,1.014,9.024,B,#2,HOLDING,1.049A/B
39593,2026-06-04 02:35:37,25.4500,8.76,1.049,9.755,B,#3,APPROACH,1.047A/B
39594,2026-06-04 02:35:39,25.5750,8.76,1.049,9.755,A,#3,APPROACH,0.113A/A
39595,2026-06-04 02:35:41,25.6625,8.76,1.049,9.755,A,#3,APPROACH,0.177A/A
39596,2026-06-04 02:35:43,25.7875,8.76,1.049,9.755,A,#3,APPROACH,0.261A/A
39597,2026-06-04 02:35:46,26.0125,2.72,0.261,9.755,A,#3,APPROACH,0.383A/A
39598,2026-06-04 02:35:47,26.1375,2.72,0.261,1.106,A,#3,APPROACH,0.478A/A
39599,2026-06-04 02:35:49,26.1375,2.72,0.261,1.106,A,#3,APPROACH,0.538A/A
39600,2026-06-04 02:35:51,26.2125,2.72,0.261,1.106,A,#3,APPROACH,0.605A/A
39601,2026-06-04 02:35:52,26.2875,4.77,0.261,1.106,A,#3,APPROACH,0.691A/A
39602,2026-06-04 02:35:54,26.3625,4.77,0.675,3.945,A,#3,APPROACH,0.794A/A
39603,2026-06-04 02:35:57,26.4125,4.77,0.675,3.945,A,#3,APPROACH,0.912A/A
39604,2026-06-04 02:35:58,26.4375,4.77,0.675,3.945,A,#3,APPROACH,0.989A/A
39605,2026-06-04 02:36:00,26.5000,7.76,0.675,3.945,A,#3,APPROACH,1.088A/A
39606,2026-06-04 02:36:02,26.5000,7.76,1.077,9.596,A,#3,APPROACH,1.000A/A
39607,2026-06-04 02:36:04,26.5000,7.76,1.077,9.596,A,#3,APPROACH,1.000A/A
39608,2026-06-04 02:36:06,26.5000,7.76,1.077,9.596,A,#3,APPROACH,1.169A/A
39609,2026-06-04 02:36:08,26.4375,9.31,1.077,9.596,A,#3,APPROACH,1.000A/A
39610,2026-06-04 02:36:10,26.3875,9.31,1.022,8.450,A,#3,APPROACH,1.247A/A
39611,2026-06-04 02:36:12,26.3375,9.31,1.022,8.450,A,#3,APPROACH,1.356A/A
39612,2026-06-04 02:36:14,26.2625,9.31,1.022,8.450,A,#3,APPROACH,1.426A/A
39613,2026-06-04 02:36:15,26.2000,11.21,1.022,8.450,A,#3,APPROACH,1.507A/A
39614,2026-06-04 02:36:17,26.1000,11.21,1.496,17.856,A,#3,APPROACH,1.000A/A
39615,2026-06-04 02:36:20,25.9875,11.21,1.496,17.856,A,#3,APPROACH,1.572A/A
39616,2026-06-04 02:36:21,25.8625,11.21,1.496,17.856,A,#3,APPROACH,1.000A/A
39617,2026-06-04 02:36:23,25.7125,8.56,1.496,17.856,A,#3,APPROACH,1.500A/A
39618,2026-06-04 02:36:25,25.5625,8.56,1.417,17.676,A,#3,APPROACH,1.595A/A
39619,2026-06-04 02:36:27,25.4250,8.56,1.417,17.676,A,#3,APPROACH,1.000A/A
39620,2026-06-04 02:36:29,25.3000,8.56,1.417,17.676,A,#3,APPROACH,1.000A/A
39621,2026-06-04 02:36:31,25.1375,8.77,1.417,17.676,A,#3,APPROACH,1.000A/A
39622,2026-06-04 02:36:33,24.9625,8.77,1.000,8.980,A,#3,APPROACH,1.635A/A
39623,2026-06-04 02:36:35,24.8250,8.77,1.000,8.980,A,#3,HOLDING,1.000A/A
39624,2026-06-04 02:36:37,24.6250,8.77,1.000,8.980,OFF,#3,HOLDING,0.000A/OFF
39625,2026-06-04 02:36:38,24.4500,8.77,1.000,8.980,OFF,#3,HOLDING,0.000A/OFF
39626,2026-06-04 02:36:39,24.4500,12.00,1.000,8.980,OFF,#3,HOLDING,0.000A/OFF
39627,2026-06-04 02:36:40,24.3000,12.00,0.000,8.980,OFF,#3,HOLDING,0.000A/OFF
39628,2026-06-04 02:36:41,24.3000,12.00,0.000,0.000,OFF,#3,HOLDING,0.000A/OFF
39629,2026-06-04 02:36:42,24.1375,12.00,0.000,0.000,OFF,#3,HOLDING,0.000A/OFF
39630,2026-06-04 02:36:43,24.1375,12.00,0.000,0.000,OFF,#3,HOLDING,0.000A/OFF
39631,2026-06-04 02:36:44,23.9375,12.00,0.000,0.000,OFF,#3,HOLDING,0.000A/OFF
39632,2026-06-04 02:36:45,23.9375,12.00,0.000,0.000,OFF,#3,HOLDING,0.000A/OFF
39633,2026-06-04 02:36:46,23.8375,12.00,0.000,0.000,OFF,#3,HOLDING,0.000A/OFF
39634,2026-06-04 02:36:47,23.8375,12.00,0.000,0.000,OFF,#3,HOLDING,0.000A/OFF
39635,2026-06-04 02:36:48,23.7125,12.00,0.000,0.000,OFF,#3,HOLDING,0.000A/OFF
39636,2026-06-04 02:36:49,23.7125,12.00,0.000,0.000,OFF,#3,HOLDING,0.000A/OFF
39637,2026-06-04 02:36:50,23.6125,12.00,0.000,0.000,OFF,#3,HOLDING,0.000A/OFF
39638,2026-06-04 02:36:51,23.4875,12.00,0.000,0.000,OFF,#3,HOLDING,0.000A/OFF
39639,2026-06-04 02:36:52,23.4875,12.00,0.000,0.000,OFF,#3,HOLDING,0.000A/OFF
39640,2026-06-04 02:36:53,23.4000,12.00,0.000,0.000,OFF,#3,HOLDING,0.000A/OFF
39641,2026-06-04 02:36:54,23.4000,12.00,0.000,0.000,OFF,#3,HOLDING,0.000A/OFF
39642,2026-06-04 02:36:55,23.3250,12.00,0.000,0.000,OFF,#3,HOLDING,0.000A/OFF
39643,2026-06-04 02:36:56,23.3250,12.00,0.000,0.000,OFF,#3,HOLDING,0.000A/OFF
39644,2026-06-04 02:36:57,23.2375,12.00,0.000,0.000,OFF,#3,HOLDING,0.000A/OFF
39645,2026-06-04 02:36:58,23.2375,12.00,0.000,0.000,OFF,#3,HOLDING,0.000A/OFF
39646,2026-06-04 02:36:59,23.1625,12.00,0.000,0.000,OFF,#3,HOLDING,0.000A/OFF
39647,2026-06-04 02:37:00,23.1625,12.00,0.000,0.000,OFF,#3,HOLDING,0.000A/OFF
39648,2026-06-04 02:37:01,23.1250,12.00,0.000,0.000,OFF,#3,HOLDING,0.000A/OFF
39649,2026-06-04 02:37:02,23.1250,12.00,0.000,0.000,OFF,#3,HOLDING,0.000A/OFF
39650,2026-06-04 02:37:03,23.0750,12.00,0.000,0.000,B,#3,HOLDING,0.124A/B
39651,2026-06-04 02:37:05,23.0500,11.56,0.000,0.000,B,#3,HOLDING,0.151A/B
39652,2026-06-04 02:37:07,23.0000,11.56,0.151,0.167,B,#3,HOLDING,0.189A/B
39653,2026-06-04 02:37:09,22.9875,11.56,0.151,0.167,B,#3,HOLDING,0.224A/B
39654,2026-06-04 02:37:11,22.9375,11.56,0.151,0.167,B,#3,HOLDING,0.258A/B
39655,2026-06-04 02:37:13,22.9375,2.07,0.151,0.167,B,#3,HOLDING,0.289A/B
39656,2026-06-04 02:37:14,22.9125,2.07,0.289,0.699,B,#3,HOLDING,0.327A/B
39657,2026-06-04 02:37:17,22.8750,2.07,0.289,0.699,B,#3,HOLDING,0.425A/B
39658,2026-06-04 02:37:18,22.8750,2.07,0.289,0.699,B,#3,HOLDING,0.457A/B
39659,2026-06-04 02:37:20,22.9125,3.83,0.289,0.699,B,#3,HOLDING,0.437A/B
39660,2026-06-04 02:37:22,22.9375,3.83,0.437,1.643,B,#3,HOLDING,0.467A/B
39661,2026-06-04 02:37:24,22.9125,3.83,0.437,1.643,B,#3,HOLDING,0.516A/B
39662,2026-06-04 02:37:26,22.9375,3.83,0.437,1.643,B,#3,HOLDING,0.548A/B
39663,2026-06-04 02:37:28,23.0000,4.69,0.437,1.643,B,#3,HOLDING,0.578A/B
39664,2026-06-04 02:37:30,23.0000,4.69,0.578,2.924,B,#3,HOLDING,0.609A/B
39665,2026-06-04 02:37:32,23.0375,4.69,0.578,2.924,B,#3,HOLDING,0.650A/B
39666,2026-06-04 02:37:34,23.0625,4.69,0.578,2.924,B,#3,HOLDING,0.680A/B
39667,2026-06-04 02:37:36,23.1375,5.86,0.578,2.924,B,#3,HOLDING,0.701A/B
39668,2026-06-04 02:37:37,23.1875,5.86,0.701,4.318,B,#3,HOLDING,0.725A/B
39669,2026-06-04 02:37:40,23.2625,5.86,0.701,4.318,B,#4,APPROACH,0.753A/B
39670,2026-06-04 02:37:41,23.3375,5.86,0.701,4.318,A,#4,APPROACH,0.165A/A
39671,2026-06-04 02:37:43,23.3875,5.86,0.701,4.318,A,#4,APPROACH,0.195A/A
39672,2026-06-04 02:37:45,23.4625,6.86,0.701,4.318,A,#4,APPROACH,0.254A/A
39673,2026-06-04 02:37:47,23.5625,6.86,0.354,0.614,A,#4,APPROACH,0.339A/A
39674,2026-06-04 02:37:50,23.6125,6.86,0.354,0.614,A,#4,APPROACH,0.452A/A
39675,2026-06-04 02:37:51,23.6875,6.86,0.354,0.614,A,#4,APPROACH,0.543A/A
39676,2026-06-04 02:37:53,23.6875,4.71,0.354,0.614,A,#4,APPROACH,0.654A/A
39677,2026-06-04 02:37:55,23.7000,4.71,0.654,3.786,A,#4,APPROACH,0.778A/A
39678,2026-06-04 02:37:57,23.7500,4.71,0.654,3.786,A,#4,APPROACH,0.943A/A
39679,2026-06-04 02:37:59,23.7250,4.71,0.654,3.786,A,#4,APPROACH,1.050A/A
39680,2026-06-04 02:38:01,23.7250,8.54,0.654,3.786,A,#4,APPROACH,1.177A/A
39681,2026-06-04 02:38:03,23.7125,8.54,1.110,11.322,A,#4,APPROACH,1.300A/A
39682,2026-06-04 02:38:05,23.6875,8.54,1.110,11.322,A,#4,APPROACH,1.460A/A
39683,2026-06-04 02:38:07,23.6500,8.54,1.110,11.322,A,#4,APPROACH,1.565A/A
39684,2026-06-04 02:38:08,23.5750,12.00,1.110,11.322,A,#4,APPROACH,1.681A/A
39685,2026-06-04 02:38:10,23.5250,12.00,1.517,17.976,A,#4,APPROACH,1.798A/A
39686,2026-06-04 02:38:13,23.4500,12.00,1.517,17.976,A,#4,APPROACH,1.944A/A
39687,2026-06-04 02:38:14,23.3625,12.00,1.517,17.976,A,#4,APPROACH,2.036A/A
39688,2026-06-04 02:38:16,23.2625,12.00,1.517,17.976,A,#4,APPROACH,2.120A/A
39689,2026-06-04 02:38:18,23.1750,12.00,1.482,17.580,A,#4,APPROACH,1.000A/A
39690,2026-06-04 02:38:20,23.0500,12.00,1.482,17.580,A,#4,APPROACH,1.500A/A
39691,2026-06-04 02:38:22,22.9250,12.00,1.482,17.580,A,#4,APPROACH,2.201A/A
39692,2026-06-04 02:38:24,22.8000,12.00,1.482,17.580,A,#4,APPROACH,1.500A/A
39693,2026-06-04 02:38:26,22.6750,12.00,1.455,17.316,A,#4,APPROACH,2.277A/A
39694,2026-06-04 02:38:28,22.5500,12.00,1.455,17.316,A,#4,APPROACH,1.000A/A
39695,2026-06-04 02:38:30,22.4250,12.00,1.455,17.316,A,#4,APPROACH,2.000A/A
39696,2026-06-04 02:38:32,22.2500,12.00,1.455,17.316,A,#4,APPROACH,1.000A/A
39697,2026-06-04 02:38:33,22.1125,12.00,1.042,9.100,A,#4,APPROACH,2.000A/A
39698,2026-06-04 02:38:36,21.9875,12.00,1.042,9.100,A,#4,APPROACH,1.000A/A
39699,2026-06-04 02:38:37,21.8250,12.00,1.042,9.100,A,#4,APPROACH,2.341A/A
39700,2026-06-04 02:38:39,21.6750,12.00,1.042,9.100,A,#4,APPROACH,1.000A/A
39701,2026-06-04 02:38:41,21.5500,12.00,1.095,9.150,A,#4,APPROACH,2.376A/A
39702,2026-06-04 02:38:43,21.4250,12.00,1.095,9.150,A,#4,APPROACH,1.000A/A
39703,2026-06-04 02:38:45,21.2625,12.00,1.095,9.150,A,#4,HOLDING,1.500A/A
39704,2026-06-04 02:38:47,21.1125,12.00,1.095,9.150,OFF,#4,HOLDING,0.000A/OFF
39705,2026-06-04 02:38:48,21.1125,12.00,1.095,9.150,OFF,#4,HOLDING,0.000A/OFF
39706,2026-06-04 02:38:49,20.9875,12.00,1.430,9.150,OFF,#4,HOLDING,0.000A/OFF
39707,2026-06-04 02:38:50,20.9875,12.00,1.430,12.072,OFF,#4,HOLDING,0.000A/OFF
39708,2026-06-04 02:38:51,20.8625,12.00,1.430,12.072,OFF,#4,HOLDING,0.000A/OFF
39709,2026-06-04 02:38:52,20.8625,12.00,1.430,12.072,OFF,#4,HOLDING,0.000A/OFF
39710,2026-06-04 02:38:53,20.7125,12.00,1.430,12.072,OFF,#4,HOLDING,0.000A/OFF
39711,2026-06-04 02:38:54,20.6125,12.00,1.430,12.072,OFF,#4,HOLDING,0.000A/OFF
39712,2026-06-04 02:38:55,20.6125,12.00,0.000,12.072,OFF,#4,HOLDING,0.000A/OFF
39713,2026-06-04 02:38:56,20.4875,12.00,0.000,0.000,OFF,#4,HOLDING,0.000A/OFF
39714,2026-06-04 02:38:57,20.4875,12.00,0.000,0.000,A,#4,HOLDING,0.105A/A
39715,2026-06-04 02:38:59,20.3625,12.00,0.000,0.000,A,#4,HOLDING,0.000A/OFF
39716,2026-06-04 02:39:00,20.3000,12.00,0.000,0.000,A,#4,HOLDING,0.106A/A
39717,2026-06-04 02:39:01,20.3000,7.21,0.106,0.000,A,#4,HOLDING,0.106A/A
39718,2026-06-04 02:39:03,20.2500,7.21,0.106,0.193,A,#4,HOLDING,0.111A/A
39719,2026-06-04 02:39:05,20.1750,7.21,0.106,0.193,A,#4,HOLDING,0.109A/A
39720,2026-06-04 02:39:06,20.1250,7.21,0.106,0.193,OFF,#4,HOLDING,0.000A/OFF
39721,2026-06-04 02:39:07,20.1250,7.21,0.106,0.193,OFF,#4,HOLDING,0.000A/OFF
39722,2026-06-04 02:39:08,20.1125,12.00,0.746,0.193,A,#4,HOLDING,0.101A/A
39723,2026-06-04 02:39:10,20.0625,12.00,0.746,0.193,A,#4,HOLDING,0.000A/OFF
39724,2026-06-04 02:39:11,20.0250,12.00,0.746,0.000,OFF,#4,HOLDING,0.000A/OFF
39725,2026-06-04 02:39:12,20.0250,12.00,0.746,0.000,OFF,#4,HOLDING,0.000A/OFF
39726,2026-06-04 02:39:13,20.0000,12.00,0.746,0.000,OFF,#4,HOLDING,0.000A/OFF
39727,2026-06-04 02:39:14,20.0000,12.00,0.746,0.000,OFF,#4,HOLDING,0.000A/OFF
39728,2026-06-04 02:39:15,19.9625,12.00,0.746,0.000,OFF,#4,HOLDING,0.000A/OFF
39729,2026-06-04 02:39:16,19.9625,12.00,0.000,0.000,OFF,#4,HOLDING,0.000A/OFF
39730,2026-06-04 02:39:17,19.9375,12.00,0.000,0.000,OFF,#4,HOLDING,0.000A/OFF
39731,2026-06-04 02:39:18,19.9375,12.00,0.000,0.000,OFF,#4,HOLDING,0.000A/OFF
39732,2026-06-04 02:39:19,19.9375,12.00,0.000,0.000,OFF,#4,HOLDING,0.000A/OFF
39733,2026-06-04 02:39:20,19.9375,12.00,0.000,0.000,OFF,#4,HOLDING,0.000A/OFF
39734,2026-06-04 02:39:21,19.9125,12.00,0.000,0.000,OFF,#4,HOLDING,0.000A/OFF
39735,2026-06-04 02:39:22,19.9125,12.00,0.000,0.000,OFF,#4,HOLDING,0.000A/OFF
39736,2026-06-04 02:39:23,19.9125,12.00,0.000,0.000,OFF,#4,HOLDING,0.000A/OFF
39737,2026-06-04 02:39:24,19.9125,12.00,0.000,0.000,OFF,#4,HOLDING,0.000A/OFF
39738,2026-06-04 02:39:25,19.9375,12.00,0.000,0.000,OFF,#4,HOLDING,0.000A/OFF
39739,2026-06-04 02:39:26,19.9375,12.00,0.000,0.000,OFF,#4,HOLDING,0.000A/OFF
39740,2026-06-04 02:39:28,19.9500,12.00,0.000,0.000,OFF,#4,HOLDING,0.000A/OFF
39741,2026-06-04 02:39:29,19.9500,12.00,0.000,0.000,OFF,#4,HOLDING,0.000A/OFF
39742,2026-06-04 02:39:30,19.9500,12.00,0.000,0.000,OFF,#4,HOLDING,0.000A/OFF
39743,2026-06-04 02:39:31,19.9500,12.00,0.000,0.000,OFF,#4,HOLDING,0.000A/OFF
39744,2026-06-04 02:39:32,20.0000,12.00,0.000,0.000,OFF,#4,HOLDING,0.000A/OFF
39745,2026-06-04 02:39:33,20.0250,12.00,0.000,0.000,OFF,#4,HOLDING,0.000A/OFF
39746,2026-06-04 02:39:34,20.0250,12.00,0.000,0.000,OFF,#4,HOLDING,0.000A/OFF
39747,2026-06-04 02:39:35,20.0625,12.00,0.000,0.000,OFF,#4,HOLDING,0.000A/OFF
39748,2026-06-04 02:39:36,20.0625,12.00,0.000,0.000,OFF,#4,HOLDING,0.000A/OFF
39749,2026-06-04 02:39:37,20.0875,12.00,0.000,0.000,OFF,#4,HOLDING,0.000A/OFF
39750,2026-06-04 02:39:38,20.0875,12.00,0.000,0.000,OFF,#4,HOLDING,0.000A/OFF
39751,2026-06-04 02:39:39,20.1250,12.00,0.000,0.000,OFF,#4,HOLDING,0.000A/OFF
39752,2026-06-04 02:39:40,20.1250,12.00,0.000,0.000,OFF,#4,HOLDING,0.000A/OFF
39753,2026-06-04 02:39:41,20.1750,12.00,0.000,0.000,OFF,#4,HOLDING,0.000A/OFF
39754,2026-06-04 02:39:42,20.1750,12.00,0.000,0.000,OFF,#4,HOLDING,0.000A/OFF
39755,2026-06-04 02:39:43,20.2250,12.00,0.000,0.000,OFF,#4,HOLDING,0.000A/OFF
39756,2026-06-04 02:39:44,20.2250,12.00,0.000,0.000,OFF,#4,HOLDING,0.000A/OFF
39757,2026-06-04 02:39:45,20.2750,12.00,0.000,0.000,OFF,#4,HOLDING,0.000A/OFF
39758,2026-06-04 02:39:46,20.2750,12.00,0.000,0.000,OFF,#5,APPROACH,0.000A/OFF
39759,2026-06-04 02:39:47,20.3125,12.00,0.000,0.000,OFF,#5,HOLDING,0.000A/OFF
39760,2026-06-04 02:39:48,20.3125,12.00,0.000,0.000,OFF,#5,HOLDING,0.000A/OFF
39761,2026-06-04 02:39:49,20.3625,12.00,0.000,0.000,OFF,#5,HOLDING,0.000A/OFF
39762,2026-06-04 02:39:50,20.3625,12.00,0.000,0.000,OFF,#5,HOLDING,0.000A/OFF
39763,2026-06-04 02:39:51,20.4125,12.00,0.000,0.000,OFF,#5,HOLDING,0.000A/OFF
39764,2026-06-04 02:39:52,20.4375,12.00,0.000,0.000,OFF,#5,HOLDING,0.000A/OFF
39765,2026-06-04 02:39:53,20.4375,12.00,0.000,0.000,OFF,#5,HOLDING,0.000A/OFF
39766,2026-06-04 02:39:54,20.5125,12.00,0.000,0.000,OFF,#5,HOLDING,0.000A/OFF
39767,2026-06-04 02:39:55,20.5125,12.00,0.000,0.000,B,#5,HOLDING,0.107A/B
39768,2026-06-04 02:39:57,20.5625,12.00,0.052,0.000,B,#5,HOLDING,0.124A/B
39769,2026-06-04 02:39:58,20.5750,12.00,0.052,0.124,B,#5,HOLDING,0.162A/B
39770,2026-06-04 02:40:00,20.6250,12.00,0.052,0.124,B,#5,HOLDING,0.178A/B
39771,2026-06-04 02:40:02,20.7000,12.00,0.052,0.124,B,#5,HOLDING,0.195A/B
39772,2026-06-04 02:40:03,20.7500,1.62,0.052,0.124,B,#5,HOLDING,0.212A/B
39773,2026-06-04 02:40:05,20.7500,1.62,0.201,0.383,B,#5,HOLDING,0.238A/B
39774,2026-06-04 02:40:08,20.8625,1.62,0.201,0.383,B,#5,HOLDING,0.258A/B
39775,2026-06-04 02:40:09,20.9125,1.62,0.201,0.383,B,#5,HOLDING,0.270A/B
39776,2026-06-04 02:40:11,20.9875,2.28,0.201,0.383,B,#5,HOLDING,0.275A/B
39777,2026-06-04 02:40:13,20.9875,2.28,0.275,0.651,B,#5,HOLDING,0.295A/B
39778,2026-06-04 02:40:15,21.0875,2.28,0.275,0.651,B,#5,HOLDING,0.303A/B
39779,2026-06-04 02:40:17,21.1625,2.28,0.275,0.651,B,#5,HOLDING,0.306A/B
39780,2026-06-04 02:40:19,21.2125,2.62,0.275,0.651,B,#5,HOLDING,0.305A/B
39781,2026-06-04 02:40:21,21.2125,2.62,0.305,0.814,B,#5,HOLDING,0.315A/B
39782,2026-06-04 02:40:23,21.3625,2.62,0.305,0.814,B,#5,HOLDING,0.310A/B
39783,2026-06-04 02:40:25,21.4375,2.62,0.305,0.814,B,#5,HOLDING,0.302A/B
39784,2026-06-04 02:40:26,21.4875,2.65,0.305,0.814,B,#5,HOLDING,0.290A/B
39785,2026-06-04 02:40:28,21.4875,2.65,0.290,0.754,B,#5,HOLDING,0.294A/B
39786,2026-06-04 02:40:31,21.6125,2.65,0.290,0.754,B,#5,HOLDING,0.278A/B
39787,2026-06-04 02:40:32,21.7000,2.65,0.290,0.754,B,#5,HOLDING,0.260A/B
39788,2026-06-04 02:40:34,21.7750,2.36,0.290,0.754,B,#5,HOLDING,0.236A/B
39789,2026-06-04 02:40:36,21.7750,2.36,0.236,0.519,B,#5,HOLDING,0.227A/B
39790,2026-06-04 02:40:38,21.9250,2.36,0.236,0.519,B,#5,HOLDING,0.196A/B
39791,2026-06-04 02:40:40,22.0125,2.36,0.236,0.519,B,#5,HOLDING,0.170A/B
39792,2026-06-04 02:40:42,22.0875,1.65,0.236,0.519,B,#5,HOLDING,0.133A/B
39793,2026-06-04 02:40:44,22.0875,1.65,0.149,0.180,B,#5,HOLDING,0.116A/B
39794,2026-06-04 02:40:46,22.2125,1.65,0.149,0.180,OFF,#5,HOLDING,0.000A/OFF
39795,2026-06-04 02:40:47,22.2125,1.65,0.149,0.180,OFF,--,DONE,0.000A/OFF
39796,2026-06-04 02:40:49,22.2625,1.65,0.149,0.180,OFF,--,DONE,--
39797,2026-06-04 02:40:50,22.3375,1.65,0.149,0.180,OFF,--,DONE,--
39798,2026-06-04 02:40:51,22.3375,12.00,0.000,0.180,OFF,--,DONE,--
39799,2026-06-04 02:40:52,22.3750,12.00,0.000,0.180,OFF,--,DONE,--
39800,2026-06-04 02:40:53,22.3750,12.00,0.000,0.000,OFF,--,DONE,--
39801,2026-06-04 02:40:54,22.4250,12.00,0.000,0.000,OFF,--,DONE,--
39802,2026-06-04 02:40:55,22.4250,12.00,0.000,0.000,OFF,--,DONE,--
39803,2026-06-04 02:40:56,22.5000,12.00,0.000,0.000,OFF,--,DONE,--
39804,2026-06-04 02:40:57,22.5000,12.00,0.000,0.000,OFF,--,DONE,--
39805,2026-06-04 02:40:58,22.5500,12.00,0.000,0.000,OFF,--,DONE,--
39806,2026-06-04 02:40:59,22.5500,12.00,0.000,0.000,OFF,--,DONE,--
39807,2026-06-04 02:41:00,22.6000,12.00,0.000,0.000,OFF,--,DONE,--
39808,2026-06-04 02:41:01,22.6000,12.00,0.000,0.000,OFF,--,DONE,--
39809,2026-06-04 02:41:02,22.6250,12.00,0.000,0.000,OFF,--,DONE,--
39810,2026-06-04 02:41:03,22.6250,12.00,0.000,0.000,OFF,--,DONE,--
39811,2026-06-04 02:41:04,22.6875,12.00,0.000,0.000,OFF,--,DONE,--
39812,2026-06-04 02:41:05,22.6875,12.00,0.000,0.000,OFF,--,DONE,--
39813,2026-06-04 02:41:06,22.6875,12.00,0.000,0.000,OFF,--,DONE,--
39814,2026-06-04 02:41:07,22.6875,12.00,0.000,0.000,OFF,--,DONE,--
39815,2026-06-04 02:41:08,22.7250,12.00,0.000,0.000,OFF,--,DONE,--
39816,2026-06-04 02:41:09,22.7500,12.00,0.000,0.000,OFF,--,DONE,--
39817,2026-06-04 02:41:10,22.7500,12.00,0.000,0.000,OFF,--,DONE,--
39818,2026-06-04 02:41:11,22.7875,12.00,0.000,0.000,OFF,--,DONE,--
39819,2026-06-04 02:41:12,22.7875,12.00,0.000,0.000,OFF,--,DONE,--
39820,2026-06-04 02:41:13,22.8125,12.00,0.000,0.000,OFF,--,DONE,--
39821,2026-06-04 02:41:14,22.8125,12.00,0.000,0.000,OFF,--,DONE,--
39822,2026-06-04 02:41:15,22.8375,12.00,0.000,0.000,OFF,--,DONE,--
39823,2026-06-04 02:41:16,22.8375,12.00,0.000,0.000,OFF,--,DONE,--
39824,2026-06-04 02:41:17,22.8125,12.00,0.000,0.000,OFF,--,DONE,--
39825,2026-06-04 02:41:18,22.8125,12.00,0.000,0.000,OFF,--,DONE,--
39826,2026-06-04 02:41:19,22.8750,12.00,0.000,0.000,OFF,--,DONE,--
39827,2026-06-04 02:41:20,22.8750,12.00,0.000,0.000,OFF,--,DONE,--
39828,2026-06-04 02:41:21,22.8750,12.00,0.000,0.000,OFF,--,DONE,--
39829,2026-06-04 02:41:22,22.8750,12.00,0.000,0.000,OFF,--,DONE,--
39830,2026-06-04 02:41:23,22.8875,12.00,0.000,0.000,OFF,--,DONE,--
39831,2026-06-04 02:41:24,22.9125,12.00,0.000,0.000,OFF,--,DONE,--
39832,2026-06-04 02:41:25,22.9125,12.00,0.000,0.000,OFF,--,DONE,--
39833,2026-06-04 02:41:26,22.9375,12.00,0.000,0.000,OFF,--,DONE,--
39834,2026-06-04 02:41:27,22.9375,12.00,0.000,0.000,OFF,--,DONE,--
39835,2026-06-04 02:41:28,22.9375,12.00,0.000,0.000,OFF,--,DONE,--
39836,2026-06-04 02:41:29,22.9375,12.00,0.000,0.000,OFF,--,DONE,--
39837,2026-06-04 02:41:30,22.9625,12.00,0.000,0.000,OFF,--,DONE,--
39838,2026-06-04 02:41:32,22.9625,12.00,0.000,0.000,OFF,--,DONE,--
39839,2026-06-04 02:41:33,22.9625,12.00,0.000,0.000,OFF,--,DONE,--
39840,2026-06-04 02:41:34,22.9625,12.00,0.000,0.000,OFF,--,DONE,--
39841,2026-06-04 02:41:35,22.9375,12.00,0.000,0.000,OFF,--,DONE,--
39842,2026-06-04 02:41:36,22.9375,12.00,0.000,0.000,OFF,--,DONE,--
39843,2026-06-04 02:41:37,22.9375,12.00,0.000,0.000,OFF,--,DONE,--
39844,2026-06-04 02:41:38,22.9375,12.00,0.000,0.000,OFF,--,DONE,--
39845,2026-06-04 02:41:39,22.9500,12.00,0.000,0.000,OFF,--,DONE,--
39846,2026-06-04 02:41:40,22.9500,12.00,0.000,0.000,OFF,--,DONE,--
39847,2026-06-04 02:41:41,22.9500,12.00,0.000,0.000,OFF,--,DONE,--
39848,2026-06-04 02:41:42,23.0000,12.00,0.000,0.000,OFF,--,DONE,--
39849,2026-06-04 02:41:43,23.0000,12.00,0.000,0.000,OFF,--,DONE,--
39850,2026-06-04 02:41:44,22.9750,12.00,0.000,0.000,OFF,--,DONE,--
39851,2026-06-04 02:41:45,22.9750,12.00,0.000,0.000,OFF,--,DONE,--
39852,2026-06-04 02:41:46,23.0000,12.00,0.000,0.000,OFF,--,DONE,--
39853,2026-06-04 02:41:47,23.0000,12.00,0.000,0.000,OFF,--,DONE,--
39854,2026-06-04 02:41:48,22.9750,12.00,0.000,0.000,OFF,--,DONE,--
39855,2026-06-04 02:41:49,22.9750,12.00,0.000,0.000,OFF,--,DONE,--
39856,2026-06-04 02:41:50,23.0000,12.00,0.000,0.000,OFF,--,DONE,--
39857,2026-06-04 02:41:51,23.0000,12.00,0.000,0.000,OFF,--,DONE,--
39858,2026-06-04 02:41:52,23.0000,12.00,0.000,0.000,OFF,--,DONE,--
39859,2026-06-04 02:41:53,23.0000,12.00,0.000,0.000,OFF,--,DONE,--
39860,2026-06-04 02:41:54,23.0000,12.00,0.000,0.000,OFF,--,DONE,--
39861,2026-06-04 02:41:55,23.0000,12.00,0.000,0.000,OFF,--,DONE,--
39862,2026-06-04 02:41:56,23.0000,12.00,0.000,0.000,OFF,--,DONE,--
39863,2026-06-04 02:41:57,23.0000,12.00,0.000,0.000,OFF,--,DONE,--
39864,2026-06-04 02:41:58,23.0000,12.00,0.000,0.000,OFF,--,DONE,--
39865,2026-06-04 02:41:59,23.0000,12.00,0.000,0.000,OFF,--,DONE,--
39866,2026-06-04 02:42:00,23.0000,12.00,0.000,0.000,OFF,--,DONE,--
39867,2026-06-04 02:42:01,23.0000,12.00,0.000,0.000,OFF,--,DONE,--
39868,2026-06-04 02:42:02,23.0000,12.00,0.000,0.000,OFF,--,DONE,--
39869,2026-06-04 02:42:03,23.0000,12.00,0.000,0.000,OFF,--,DONE,--
39870,2026-06-04 02:42:04,23.0000,12.00,0.000,0.000,OFF,--,DONE,--
39871,2026-06-04 02:42:05,23.0000,12.00,0.000,0.000,OFF,--,DONE,--
39872,2026-06-04 02:42:07,23.0000,12.00,0.000,0.000,OFF,--,DONE,--
39873,2026-06-04 02:42:08,23.0000,12.00,0.000,0.000,OFF,--,DONE,--
39874,2026-06-04 02:42:09,23.0000,12.00,0.000,0.000,OFF,--,DONE,--
39875,2026-06-04 02:42:10,23.0000,12.00,0.000,0.000,OFF,--,DONE,--
39876,2026-06-04 02:42:11,23.0000,12.00,0.000,0.000,OFF,--,DONE,--
39877,2026-06-04 02:42:12,23.0000,12.00,0.000,0.000,OFF,--,DONE,--
39878,2026-06-04 02:42:13,23.0000,12.00,0.000,0.000,OFF,--,DONE,--
39879,2026-06-04 02:42:14,23.0000,12.00,0.000,0.000,OFF,--,DONE,--
39880,2026-06-04 02:42:15,23.0000,12.00,0.000,0.000,OFF,--,DONE,--
39881,2026-06-04 02:42:16,23.0000,12.00,0.000,0.000,OFF,--,DONE,--
39882,2026-06-04 02:42:17,23.0000,12.00,0.000,0.000,OFF,--,DONE,--
39883,2026-06-04 02:42:18,23.0000,12.00,0.000,0.000,OFF,--,DONE,--
39884,2026-06-04 02:42:19,23.0000,12.00,0.000,0.000,OFF,--,DONE,--
39885,2026-06-04 02:42:20,23.0000,12.00,0.000,0.000,OFF,--,DONE,--
39886,2026-06-04 02:42:21,23.0000,12.00,0.000,0.000,OFF,--,DONE,--
39887,2026-06-04 02:42:22,22.9500,12.00,0.000,0.000,OFF,--,DONE,--
39888,2026-06-04 02:42:23,22.9500,12.00,0.000,0.000,OFF,--,DONE,--
39889,2026-06-04 02:42:24,22.9750,12.00,0.000,0.000,OFF,--,DONE,--
39890,2026-06-04 02:42:25,22.9750,12.00,0.000,0.000,OFF,--,DONE,--
39891,2026-06-04 02:42:26,22.9750,12.00,0.000,0.000,OFF,--,DONE,--
39892,2026-06-04 02:42:27,22.9750,12.00,0.000,0.000,OFF,--,DONE,--
39893,2026-06-04 02:42:28,22.9625,12.00,0.000,0.000,OFF,--,DONE,--
39894,2026-06-04 02:42:29,22.9625,12.00,0.000,0.000,OFF,--,DONE,--
39895,2026-06-04 02:42:30,22.9375,12.00,0.000,0.000,OFF,--,DONE,--
39896,2026-06-04 02:42:31,22.9375,12.00,0.000,0.000,OFF,--,DONE,--
39897,2026-06-04 02:42:32,22.9750,12.00,0.000,0.000,OFF,--,DONE,--
39898,2026-06-04 02:42:33,22.9750,12.00,0.000,0.000,OFF,--,DONE,--
39899,2026-06-04 02:42:34,22.9500,12.00,0.000,0.000,OFF,--,DONE,--
39900,2026-06-04 02:42:35,22.9500,12.00,0.000,0.000,OFF,--,DONE,--
39901,2026-06-04 02:42:36,22.9500,12.00,0.000,0.000,OFF,--,DONE,--
39902,2026-06-04 02:42:37,22.9750,12.00,0.000,0.000,OFF,--,DONE,--
39903,2026-06-04 02:42:38,22.9750,12.00,0.000,0.000,OFF,--,DONE,--
39904,2026-06-04 02:42:39,22.9375,12.00,0.000,0.000,OFF,--,DONE,--
39905,2026-06-04 02:42:41,22.9375,12.00,0.000,0.000,OFF,--,DONE,--
39906,2026-06-04 02:42:42,22.9375,12.00,0.000,0.000,OFF,--,DONE,--
39907,2026-06-04 02:42:43,22.9375,12.00,0.000,0.000,OFF,--,DONE,--
39908,2026-06-04 02:42:44,22.9375,12.00,0.000,0.000,OFF,--,DONE,--
39909,2026-06-04 02:42:45,22.9375,12.00,0.000,0.000,OFF,--,DONE,--
39910,2026-06-04 02:42:46,22.9375,12.00,0.000,0.000,OFF,--,DONE,--
39911,2026-06-04 02:42:47,22.9375,12.00,0.000,0.000,OFF,--,DONE,--
39912,2026-06-04 02:42:48,22.9375,12.00,0.000,0.000,OFF,--,DONE,--
39913,2026-06-04 02:42:49,22.9375,12.00,0.000,0.000,OFF,--,DONE,--
39914,2026-06-04 02:42:50,22.9375,12.00,0.000,0.000,OFF,--,DONE,--
39915,2026-06-04 02:42:51,22.9375,12.00,0.000,0.000,OFF,--,DONE,--
39916,2026-06-04 02:42:52,22.9375,12.00,0.000,0.000,A,#1,APPROACH,3.000A/A
39917,2026-06-04 02:42:54,22.9375,12.00,0.000,0.000,A,#1,APPROACH,1.500A/A
39918,2026-06-04 02:42:56,22.9375,12.00,0.000,0.000,A,#1,APPROACH,2.000A/A
39919,2026-06-04 02:42:58,22.9375,12.00,0.000,0.000,A,#1,APPROACH,2.500A/A
39920,2026-06-04 02:43:00,22.9375,12.00,1.543,0.000,A,#1,APPROACH,2.000A/A
39921,2026-06-04 02:43:02,22.9125,12.00,1.543,18.300,A,#1,APPROACH,1.000A/A
39922,2026-06-04 02:43:03,22.8750,12.00,1.543,18.300,A,#1,APPROACH,1.476A/A
39923,2026-06-04 02:43:05,22.8250,12.00,1.543,18.300,A,#1,APPROACH,1.000A/A
39924,2026-06-04 02:43:07,22.7750,8.51,1.543,18.300,A,#1,APPROACH,2.000A/A
39925,2026-06-04 02:43:09,22.6750,8.51,1.384,17.880,A,#1,APPROACH,2.500A/A
39926,2026-06-04 02:43:11,22.5875,8.51,1.384,17.880,A,#1,APPROACH,2.500A/A
39927,2026-06-04 02:43:13,22.5125,8.51,1.384,17.880,A,#1,APPROACH,2.165A/A
39928,2026-06-04 02:43:15,22.4000,12.00,1.384,17.880,A,#1,APPROACH,2.500A/A
39929,2026-06-04 02:43:17,22.2750,12.00,1.471,17.472,A,#1,APPROACH,2.000A/A
39930,2026-06-04 02:43:19,22.1750,12.00,1.471,17.472,A,#1,APPROACH,3.000A/A
39931,2026-06-04 02:43:20,22.0250,12.00,1.471,17.472,A,#1,APPROACH,2.500A/A
39932,2026-06-04 02:43:22,21.9125,12.00,1.471,17.472,A,#1,APPROACH,1.500A/A
39933,2026-06-04 02:43:24,21.7875,12.00,1.446,17.184,A,#1,APPROACH,1.500A/A
39934,2026-06-04 02:43:27,21.6125,12.00,1.446,17.184,A,#1,APPROACH,1.000A/A
39935,2026-06-04 02:43:28,21.4875,12.00,1.446,17.184,A,#1,APPROACH,1.500A/A
39936,2026-06-04 02:43:30,21.3625,12.00,1.446,17.184,A,#1,APPROACH,1.933A/A
39937,2026-06-04 02:43:32,21.1875,12.00,1.429,17.004,A,#1,APPROACH,1.809A/A
39938,2026-06-04 02:43:34,21.0500,12.00,1.429,17.004,A,#1,APPROACH,2.400A/A
39939,2026-06-04 02:43:36,20.9250,12.00,1.429,17.004,A,#1,APPROACH,1.500A/A
39940,2026-06-04 02:43:38,20.7625,12.00,1.429,17.004,A,#1,APPROACH,1.918A/A
39941,2026-06-04 02:43:40,20.6125,12.00,1.417,16.872,A,#1,APPROACH,2.054A/A
39942,2026-06-04 02:43:42,20.4875,12.00,1.417,16.872,A,#1,APPROACH,1.994A/A
39943,2026-06-04 02:43:44,20.3625,12.00,1.417,16.872,A,#1,APPROACH,1.997A/A
39944,2026-06-04 02:43:45,20.2125,12.00,1.417,16.872,A,#1,APPROACH,2.000A/A
39945,2026-06-04 02:43:47,20.0625,12.00,1.407,16.764,A,#1,APPROACH,2.096A/A
39946,2026-06-04 02:43:50,19.9500,12.00,1.407,16.764,A,#1,APPROACH,2.231A/A
39947,2026-06-04 02:43:51,19.8000,12.00,1.407,16.764,A,#1,APPROACH,2.348A/A
39948,2026-06-04 02:43:53,19.6750,12.00,1.407,16.764,A,#1,APPROACH,2.453A/A
39949,2026-06-04 02:43:55,19.5250,12.00,1.400,16.680,A,#1,APPROACH,2.568A/A
39950,2026-06-04 02:43:57,19.3875,12.00,1.400,16.680,A,#1,APPROACH,2.000A/A
39951,2026-06-04 02:43:59,19.2875,12.00,1.400,16.680,A,#1,APPROACH,2.709A/A
39952,2026-06-04 02:44:01,19.1500,12.00,1.400,16.680,A,#1,APPROACH,1.000A/A
39953,2026-06-04 02:44:03,19.0000,12.00,1.197,9.360,A,#1,APPROACH,1.000A/A
39954,2026-06-04 02:44:05,18.9000,12.00,1.197,9.360,A,#1,APPROACH,2.797A/A
39955,2026-06-04 02:44:07,18.7750,12.00,1.197,9.360,A,#1,APPROACH,2.000A/A
39956,2026-06-04 02:44:08,18.7000,12.00,1.197,9.360,A,#1,APPROACH,1.000A/A
39957,2026-06-04 02:44:10,18.5750,12.00,1.184,9.330,A,#1,APPROACH,1.000A/A
39958,2026-06-04 02:44:13,18.4875,12.00,1.184,9.330,A,#1,APPROACH,1.000A/A
39959,2026-06-04 02:44:14,18.3875,12.00,1.184,9.330,A,#1,APPROACH,1.500A/A
39960,2026-06-04 02:44:16,18.2750,12.00,1.184,9.330,A,#1,APPROACH,1.000A/A
39961,2026-06-04 02:44:18,18.1750,12.00,1.083,9.270,A,#1,APPROACH,2.000A/A
39962,2026-06-04 02:44:20,18.0875,12.00,1.083,9.270,A,#1,APPROACH,2.945A/A
39963,2026-06-04 02:44:22,18.0125,12.00,1.083,9.270,A,#1,APPROACH,1.000A/A
39964,2026-06-04 02:44:24,17.9250,9.14,1.083,9.270,A,#1,APPROACH,1.000A/A
39965,2026-06-04 02:44:26,17.8250,9.14,1.000,9.300,A,#1,APPROACH,1.000A/A
39966,2026-06-04 02:44:28,17.7500,9.14,1.000,9.300,A,#1,APPROACH,2.000A/A
39967,2026-06-04 02:44:30,17.7000,9.14,1.000,9.300,A,#1,APPROACH,1.000A/A
39968,2026-06-04 02:44:31,17.6125,9.13,1.000,9.300,A,#1,APPROACH,1.000A/A
39969,2026-06-04 02:44:33,17.5125,9.13,1.000,9.290,A,#1,APPROACH,2.500A/A
39970,2026-06-04 02:44:36,17.4625,9.13,1.000,9.290,A,#1,APPROACH,1.000A/A
39971,2026-06-04 02:44:37,17.3875,9.13,1.000,9.290,A,#1,APPROACH,1.000A/A
39972,2026-06-04 02:44:39,17.3375,9.12,1.000,9.290,A,#1,APPROACH,2.500A/A
39973,2026-06-04 02:44:41,17.2875,9.12,1.415,16.824,A,#1,APPROACH,2.500A/A
39974,2026-06-04 02:44:43,17.2500,9.12,1.415,16.824,A,#1,APPROACH,2.000A/A
39975,2026-06-04 02:44:45,17.2000,9.12,1.415,16.824,A,#1,APPROACH,2.500A/A
39976,2026-06-04 02:44:47,17.1125,12.00,1.415,16.824,A,#1,APPROACH,1.000A/A
39977,2026-06-04 02:44:49,17.0625,12.00,1.074,9.330,A,#1,HOLDING,2.500A/A
39978,2026-06-04 02:44:51,17.0000,12.00,1.074,9.330,A,#1,HOLDING,0.289A/A
39979,2026-06-04 02:44:53,16.9500,12.00,1.074,9.330,A,#1,HOLDING,0.241A/A
39980,2026-06-04 02:44:55,16.9000,3.31,1.074,9.330,A,#1,HOLDING,0.304A/A
39981,2026-06-04 02:44:56,16.8250,3.31,0.304,1.170,A,#1,HOLDING,0.405A/A
39982,2026-06-04 02:44:59,16.7500,3.31,0.304,1.170,A,#1,HOLDING,0.470A/A
39983,2026-06-04 02:45:00,16.7250,3.31,0.304,1.170,A,#1,HOLDING,0.636A/A
39984,2026-06-04 02:45:02,16.7125,6.31,0.304,1.170,A,#1,HOLDING,0.887A/A
39985,2026-06-04 02:45:04,16.6875,6.31,0.869,7.370,A,#1,HOLDING,1.049A/A
39986,2026-06-04 02:45:06,16.6875,6.31,0.869,7.370,A,#1,HOLDING,1.288A/A
39987,2026-06-04 02:45:08,16.6875,6.31,0.869,7.370,A,#1,HOLDING,1.308A/A
39988,2026-06-04 02:45:10,16.6875,10.90,0.869,7.370,A,#1,HOLDING,1.854A/A
39989,2026-06-04 02:45:12,16.6875,10.90,1.437,17.112,A,#1,HOLDING,1.000A/A
39990,2026-06-04 02:45:14,16.6875,10.90,1.437,17.112,A,#1,HOLDING,1.000A/A
39991,2026-06-04 02:45:16,16.6375,10.90,1.437,17.112,A,#1,HOLDING,1.910A/A
39992,2026-06-04 02:45:18,16.6250,12.00,1.437,17.112,A,#1,HOLDING,1.498A/A
39993,2026-06-04 02:45:19,16.6000,12.00,1.427,16.944,A,#1,HOLDING,2.000A/A
39994,2026-06-04 02:45:22,16.5625,12.00,1.427,16.944,A,#1,HOLDING,1.501A/A
39995,2026-06-04 02:45:23,16.5625,12.00,1.427,16.944,A,#1,HOLDING,2.000A/A
39996,2026-06-04 02:45:25,16.5500,12.00,1.427,16.944,A,#1,HOLDING,1.205A/A
39997,2026-06-04 02:45:27,16.5000,12.00,1.270,12.893,A,#1,HOLDING,1.494A/A
39998,2026-06-04 02:45:30,16.4375,12.00,1.270,12.893,A,#1,HOLDING,0.856A/A
39999,2026-06-04 02:45:31,16.4125,12.00,1.270,12.893,A,#1,HOLDING,1.000A/A
40000,2026-06-04 02:45:33,16.3750,9.31,1.270,12.893,A,#1,HOLDING,1.111A/A
40001,2026-06-04 02:45:35,16.3500,9.31,1.084,11.321,A,#1,HOLDING,1.056A/A
40002,2026-06-04 02:45:37,16.3125,9.31,1.084,11.321,A,#1,HOLDING,0.830A/A
40003,2026-06-04 02:45:39,16.2625,9.31,1.084,11.321,A,#1,HOLDING,0.892A/A
40004,2026-06-04 02:45:41,16.2500,8.58,1.084,11.321,A,#1,HOLDING,0.862A/A
40005,2026-06-04 02:45:43,16.2000,8.58,0.862,7.301,A,#1,HOLDING,0.862A/A
40006,2026-06-04 02:45:45,16.1875,8.58,0.862,7.301,A,#1,HOLDING,0.627A/A
40007,2026-06-04 02:45:46,16.1375,8.58,0.862,7.301,A,#1,HOLDING,0.556A/A
40008,2026-06-04 02:45:48,16.1250,5.89,0.862,7.301,A,#1,HOLDING,0.560A/A
40009,2026-06-04 02:45:50,16.1000,5.89,0.560,3.399,A,#2,APPROACH,0.438A/A
40010,2026-06-04 02:45:53,16.0625,5.89,0.560,3.399,B,#2,APPROACH,2.500A/B
40011,2026-06-04 02:45:55,16.0625,5.89,0.560,3.399,B,#2,APPROACH,3.000A/B
40012,2026-06-04 02:45:57,16.0625,5.89,0.560,3.399,B,#2,APPROACH,1.000A/B
40013,2026-06-04 02:45:59,16.0625,10.15,1.000,3.399,B,#2,APPROACH,1.000A/B
40014,2026-06-04 02:46:01,16.0750,10.15,1.000,7.430,B,#2,APPROACH,2.500A/B
40015,2026-06-04 02:46:02,16.1250,10.15,1.000,7.430,B,#2,APPROACH,2.500A/B
40016,2026-06-04 02:46:04,16.2000,10.15,1.000,7.430,B,#2,APPROACH,1.000A/B
40017,2026-06-04 02:46:06,16.3000,7.69,1.000,7.430,B,#2,APPROACH,3.000A/B
40018,2026-06-04 02:46:08,16.4250,7.69,1.642,19.428,B,#2,APPROACH,3.000A/B
40019,2026-06-04 02:46:10,16.5750,7.69,1.642,19.428,B,#2,APPROACH,3.000A/B
40020,2026-06-04 02:46:12,16.7375,7.69,1.642,19.428,B,#2,APPROACH,2.000A/B
40021,2026-06-04 02:46:14,16.9625,12.00,1.642,19.428,B,#2,APPROACH,2.500A/B
40022,2026-06-04 02:46:15,17.1750,12.00,1.563,18.492,B,#2,APPROACH,3.000A/B
40023,2026-06-04 02:46:18,17.4000,12.00,1.563,18.492,B,#2,APPROACH,2.500A/B
40024,2026-06-04 02:46:19,17.6500,12.00,1.563,18.492,B,#2,APPROACH,2.000A/B
40025,2026-06-04 02:46:21,17.9000,12.00,1.563,18.492,B,#2,HOLDING,1.671A/B
40026,2026-06-04 02:46:23,18.1875,12.00,1.498,17.772,B,#2,HOLDING,0.748A/B
40027,2026-06-04 02:46:25,18.4625,12.00,1.498,17.772,B,#2,HOLDING,0.327A/B
40028,2026-06-04 02:46:27,18.7625,12.00,1.498,17.772,A,#2,HOLDING,0.120A/A
40029,2026-06-04 02:46:29,19.0875,0.40,1.498,17.772,A,#2,HOLDING,0.747A/A
40030,2026-06-04 02:46:31,19.0875,0.40,0.426,4.287,A,#2,HOLDING,0.402A/A
40031,2026-06-04 02:46:33,19.6250,0.40,0.426,4.287,A,#2,HOLDING,0.750A/A
40032,2026-06-04 02:46:35,19.8750,0.40,0.426,4.287,A,#2,HOLDING,1.439A/A
40033,2026-06-04 02:46:37,20.1250,10.62,0.426,4.287,A,#2,HOLDING,1.000A/A
40034,2026-06-04 02:46:38,20.1250,10.62,1.219,7.880,A,#2,HOLDING,1.968A/A
40035,2026-06-04 02:46:41,20.5125,10.62,1.219,7.880,A,#2,HOLDING,3.000A/A
40036,2026-06-04 02:46:42,20.6750,10.62,1.219,7.880,A,#2,HOLDING,2.500A/A
40037,2026-06-04 02:46:44,20.8250,12.00,1.219,7.880,A,#2,HOLDING,1.000A/A
40038,2026-06-04 02:46:46,20.8250,12.00,1.288,8.230,A,#2,HOLDING,1.500A/A
40039,2026-06-04 02:46:48,21.0875,12.00,1.288,8.230,A,#2,HOLDING,1.000A/A
40040,2026-06-04 02:46:50,21.2000,12.00,1.288,8.230,A,#2,HOLDING,2.000A/A
40041,2026-06-04 02:46:52,21.3000,12.00,1.288,8.230,A,#2,HOLDING,2.500A/A
40042,2026-06-04 02:46:54,21.3000,12.00,1.529,18.132,A,#2,HOLDING,3.000A/A
40043,2026-06-04 02:46:56,21.4000,12.00,1.529,18.132,A,#2,HOLDING,2.000A/A
40044,2026-06-04 02:46:58,21.4375,12.00,1.529,18.132,A,#2,HOLDING,2.288A/A
40045,2026-06-04 02:47:00,21.4375,12.00,1.529,18.132,A,#2,HOLDING,2.500A/A
40046,2026-06-04 02:47:01,21.4375,12.00,1.488,17.676,A,#2,HOLDING,2.000A/A
40047,2026-06-04 02:47:04,21.4375,12.00,1.488,17.676,A,#2,HOLDING,3.000A/A
40048,2026-06-04 02:47:05,21.4000,12.00,1.488,17.676,A,#2,HOLDING,2.000A/A
40049,2026-06-04 02:47:07,21.3750,12.00,1.488,17.676,A,#2,HOLDING,2.000A/A
40050,2026-06-04 02:47:09,21.3750,12.00,1.461,17.352,A,#2,HOLDING,2.500A/A
40051,2026-06-04 02:47:12,21.2250,12.00,1.461,17.352,A,#2,HOLDING,3.000A/A
40052,2026-06-04 02:47:13,21.1750,12.00,1.461,17.352,A,#2,HOLDING,1.944A/A
40053,2026-06-04 02:47:15,21.1000,12.00,1.461,17.352,A,#2,HOLDING,1.500A/A
40054,2026-06-04 02:47:17,21.1000,12.00,1.442,17.136,A,#2,HOLDING,2.347A/A
40055,2026-06-04 02:47:19,20.9500,12.00,1.442,17.136,A,#2,HOLDING,1.885A/A
40056,2026-06-04 02:47:21,20.8375,12.00,1.442,17.136,A,#2,HOLDING,1.270A/A
40057,2026-06-04 02:47:23,20.7375,10.81,1.442,17.136,A,#2,HOLDING,1.156A/A
40058,2026-06-04 02:47:25,20.7375,10.81,1.211,11.791,A,#2,HOLDING,1.138A/A
40059,2026-06-04 02:47:27,20.5750,10.81,1.211,11.791,A,#2,HOLDING,1.190A/A
40060,2026-06-04 02:47:29,20.4625,10.81,1.211,11.791,A,#2,HOLDING,1.084A/A
40061,2026-06-04 02:47:30,20.3625,9.62,1.211,11.791,A,#2,HOLDING,1.091A/A
40062,2026-06-04 02:47:32,20.3625,9.62,1.091,10.735,A,#2,HOLDING,1.165A/A
40063,2026-06-04 02:47:35,20.1750,9.62,1.091,10.735,A,#2,HOLDING,1.254A/A
40064,2026-06-04 02:47:36,20.1125,9.62,1.091,10.735,A,#2,HOLDING,1.263A/A
40065,2026-06-04 02:47:38,20.0125,10.80,1.091,10.735,A,#2,HOLDING,1.311A/A
40066,2026-06-04 02:47:40,20.0125,10.80,1.284,14.840,A,#2,HOLDING,1.000A/A
40067,2026-06-04 02:47:42,19.7875,10.80,1.284,14.840,A,#2,HOLDING,1.328A/A
40068,2026-06-04 02:47:44,19.7875,10.80,1.284,14.840,A,#2,HOLDING,1.353A/A
40069,2026-06-04 02:47:46,19.5875,11.42,1.284,14.840,A,#2,HOLDING,1.326A/A
40070,2026-06-04 02:47:48,19.5875,11.42,1.326,15.169,A,#2,HOLDING,1.393A/A
40071,2026-06-04 02:47:50,19.4250,11.42,1.326,15.169,A,#2,HOLDING,1.434A/A
40072,2026-06-04 02:47:52,19.4250,11.42,1.326,15.169,A,#2,HOLDING,1.500A/A
40073,2026-06-04 02:47:53,19.3375,12.00,1.326,15.169,A,#2,HOLDING,1.431A/A
40074,2026-06-04 02:47:55,19.2375,12.00,1.413,16.824,A,#2,HOLDING,1.413A/A
40075,2026-06-04 02:47:58,19.0500,12.00,1.413,16.824,A,#2,HOLDING,1.415A/A
40076,2026-06-04 02:47:59,19.0500,12.00,1.413,16.824,A,#2,HOLDING,1.000A/A
40077,2026-06-04 02:48:01,18.9375,9.15,1.413,16.824,A,#2,HOLDING,1.412A/A
40078,2026-06-04 02:48:03,18.8625,9.15,1.200,16.800,A,#2,HOLDING,1.425A/A
40079,2026-06-04 02:48:05,18.6750,9.15,1.200,16.800,A,#2,HOLDING,1.402A/A
40080,2026-06-04 02:48:07,18.6750,9.15,1.200,16.800,A,#2,HOLDING,1.411A/A
40081,2026-06-04 02:48:09,18.6125,11.90,1.200,16.800,A,#2,HOLDING,1.406A/A
40082,2026-06-04 02:48:11,18.5125,11.90,1.404,16.728,A,#2,HOLDING,1.398A/A
40083,2026-06-04 02:48:13,18.3250,11.90,1.404,16.728,A,#2,HOLDING,1.361A/A
40084,2026-06-04 02:48:15,18.3250,11.90,1.404,16.728,A,#2,HOLDING,1.362A/A
40085,2026-06-04 02:48:17,18.2375,11.62,1.404,16.728,A,#2,HOLDING,1.344A/A
40086,2026-06-04 02:48:18,18.1375,11.62,1.344,15.711,A,#2,HOLDING,1.000A/A
40087,2026-06-04 02:48:21,17.9750,11.62,1.344,15.711,A,#2,HOLDING,1.315A/A
40088,2026-06-04 02:48:22,17.9750,11.62,1.344,15.711,A,#2,HOLDING,1.296A/A
40089,2026-06-04 02:48:24,17.9000,11.17,1.344,15.711,A,#2,HOLDING,1.275A/A
40090,2026-06-04 02:48:26,17.8000,11.17,1.275,14.280,A,#2,HOLDING,1.239A/A
40091,2026-06-04 02:48:28,17.6375,11.17,1.275,14.280,A,#2,HOLDING,1.120A/A
40092,2026-06-04 02:48:30,17.6375,11.17,1.275,14.280,A,#2,HOLDING,1.097A/A
40093,2026-06-04 02:48:32,17.5875,9.88,1.275,14.280,A,#2,HOLDING,1.057A/A
40094,2026-06-04 02:48:34,17.5125,9.88,1.075,10.274,A,#2,HOLDING,1.010A/A
40095,2026-06-04 02:48:36,17.3875,9.88,1.075,10.274,A,#2,HOLDING,0.939A/A
40096,2026-06-04 02:48:38,17.3875,9.88,1.075,10.274,A,#2,HOLDING,0.904A/A
40097,2026-06-04 02:48:40,17.3250,8.56,1.075,10.274,A,#2,HOLDING,0.854A/A
40098,2026-06-04 02:48:41,17.2500,8.56,0.876,7.071,A,#2,HOLDING,0.800A/A
40099,2026-06-04 02:48:44,17.1250,8.56,0.876,7.071,A,#2,HOLDING,0.707A/A
40100,2026-06-04 02:48:45,17.1250,8.56,0.876,7.071,A,#2,HOLDING,0.661A/A
40101,2026-06-04 02:48:47,17.0875,6.72,0.876,7.071,A,#2,HOLDING,0.602A/A
40102,2026-06-04 02:48:49,17.0625,6.72,0.629,3.810,A,#2,HOLDING,0.550A/A
40103,2026-06-04 02:48:51,16.9750,6.72,0.629,3.810,A,#2,HOLDING,0.454A/A
40104,2026-06-04 02:48:53,16.9750,6.72,0.629,3.810,A,#2,HOLDING,0.399A/A
40105,2026-06-04 02:48:55,16.9375,4.61,0.629,3.810,A,#2,HOLDING,0.323A/A
40106,2026-06-04 02:48:57,16.9375,4.61,0.359,1.304,A,#2,HOLDING,0.260A/A
40107,2026-06-04 02:48:59,16.9125,4.61,0.359,1.304,A,#2,HOLDING,0.178A/A
40108,2026-06-04 02:49:01,16.9125,4.61,0.359,1.304,A,#2,HOLDING,0.120A/A
40109,2026-06-04 02:49:03,16.8750,4.61,0.359,1.304,OFF,#2,HOLDING,0.000A/OFF
40110,2026-06-04 02:49:04,16.8750,2.23,0.359,1.304,OFF,#2,HOLDING,0.000A/OFF
40111,2026-06-04 02:49:05,16.8750,2.23,0.120,1.304,OFF,#2,HOLDING,0.000A/OFF
40112,2026-06-04 02:49:06,16.9125,2.23,0.120,0.000,OFF,#2,HOLDING,0.000A/OFF
40113,2026-06-04 02:49:07,16.9125,2.23,0.120,0.000,OFF,#2,HOLDING,0.000A/OFF
40114,2026-06-04 02:49:08,16.9375,2.23,0.120,0.000,B,#2,HOLDING,0.116A/B
40115,2026-06-04 02:49:10,16.9625,8.17,0.120,0.000,B,#2,HOLDING,0.185A/B
40116,2026-06-04 02:49:12,16.9875,8.17,0.185,0.188,B,#2,HOLDING,0.235A/B
40117,2026-06-04 02:49:14,17.0375,8.17,0.185,0.188,B,#2,HOLDING,0.311A/B
40118,2026-06-04 02:49:16,17.0875,8.17,0.185,0.188,B,#2,HOLDING,0.354A/B
40119,2026-06-04 02:49:17,17.1375,2.56,0.185,0.188,B,#2,HOLDING,0.407A/B
40120,2026-06-04 02:49:19,17.2125,2.56,0.407,1.269,B,#2,HOLDING,0.453A/B
40121,2026-06-04 02:49:22,17.2875,2.56,0.407,1.269,B,#2,HOLDING,0.515A/B
40122,2026-06-04 02:49:23,17.3625,2.56,0.407,1.269,B,#2,HOLDING,0.550A/B
40123,2026-06-04 02:49:25,17.4750,4.31,0.407,1.269,B,#2,HOLDING,0.587A/B
40124,2026-06-04 02:49:27,17.5750,4.31,0.566,2.788,B,#2,HOLDING,0.619A/B
40125,2026-06-04 02:49:29,17.7000,4.31,0.566,2.788,B,#2,HOLDING,0.659A/B
40126,2026-06-04 02:49:31,17.8250,4.31,0.566,2.788,B,#2,HOLDING,0.634A/B
40127,2026-06-04 02:49:33,17.9125,5.20,0.566,2.788,B,#2,HOLDING,0.665A/B
40128,2026-06-04 02:49:35,18.0625,5.20,0.647,3.717,B,#3,APPROACH,0.684A/B
40129,2026-06-04 02:49:37,18.2000,5.20,0.647,3.717,B,#3,APPROACH,0.201A/B
40130,2026-06-04 02:49:39,18.3250,5.20,0.647,3.717,B,#3,APPROACH,0.217A/B
40131,2026-06-04 02:49:41,18.4625,5.20,0.647,3.717,B,#3,APPROACH,0.247A/B
40132,2026-06-04 02:49:43,18.6375,7.32,0.247,3.717,B,#3,APPROACH,0.284A/B
40133,2026-06-04 02:49:45,18.8000,7.32,0.247,0.815,B,#3,APPROACH,0.326A/B
40134,2026-06-04 02:49:47,18.9500,7.32,0.247,0.815,B,#3,APPROACH,0.329A/B
40135,2026-06-04 02:49:48,19.1125,7.32,0.247,0.815,B,#3,APPROACH,0.373A/B
40136,2026-06-04 02:49:50,19.3125,3.53,0.247,0.815,B,#3,APPROACH,0.431A/B
40137,2026-06-04 02:49:52,19.4500,3.53,0.431,1.780,B,#3,APPROACH,0.508A/B
40138,2026-06-04 02:49:55,19.6000,3.53,0.431,1.780,B,#3,APPROACH,0.618A/B
40139,2026-06-04 02:49:56,19.7875,3.53,0.431,1.780,B,#3,APPROACH,0.675A/B
40140,2026-06-04 02:49:58,19.9375,5.93,0.431,1.780,B,#3,APPROACH,0.740A/B
40141,2026-06-04 02:50:00,20.1125,5.93,0.740,4.876,B,#3,APPROACH,0.791A/B
40142,2026-06-04 02:50:02,20.2375,5.93,0.740,4.876,B,#3,APPROACH,0.878A/B
40143,2026-06-04 02:50:04,20.3875,5.93,0.740,4.876,B,#3,APPROACH,0.917A/B
40144,2026-06-04 02:50:06,20.5625,7.79,0.740,4.876,B,#3,APPROACH,0.958A/B
40145,2026-06-04 02:50:08,20.7250,7.79,0.958,7.913,B,#3,APPROACH,0.987A/B
40146,2026-06-04 02:50:10,20.8750,7.79,0.958,7.913,B,#3,APPROACH,1.034A/B
40147,2026-06-04 02:50:12,21.0500,7.79,0.958,7.913,B,#3,HOLDING,1.000A/B
40148,2026-06-04 02:50:13,21.2000,7.79,0.958,7.913,OFF,#3,HOLDING,0.000A/OFF
40149,2026-06-04 02:50:14,21.3625,8.54,0.958,7.913,OFF,#3,HOLDING,0.000A/OFF
40150,2026-06-04 02:50:15,21.3625,8.54,1.000,7.913,OFF,#3,HOLDING,0.000A/OFF
40151,2026-06-04 02:50:16,21.5125,8.54,1.000,0.010,OFF,#3,HOLDING,0.000A/OFF
40152,2026-06-04 02:50:17,21.5125,8.54,1.000,0.010,OFF,#3,HOLDING,0.000A/OFF
40153,2026-06-04 02:50:18,21.6750,8.54,1.000,0.010,OFF,#3,HOLDING,0.000A/OFF
40154,2026-06-04 02:50:19,21.6750,8.54,1.000,0.010,OFF,#3,HOLDING,0.000A/OFF
40155,2026-06-04 02:50:20,21.8750,12.00,1.000,0.010,OFF,#3,HOLDING,0.000A/OFF
40156,2026-06-04 02:50:22,21.8750,12.00,0.000,0.010,OFF,#3,HOLDING,0.000A/OFF
40157,2026-06-04 02:50:23,21.9875,12.00,0.000,0.000,OFF,#3,HOLDING,0.000A/OFF
40158,2026-06-04 02:50:24,21.9875,12.00,0.000,0.000,OFF,#3,HOLDING,0.000A/OFF
40159,2026-06-04 02:50:25,22.1375,12.00,0.000,0.000,OFF,#3,HOLDING,0.000A/OFF
40160,2026-06-04 02:50:26,22.1375,12.00,0.000,0.000,OFF,#3,HOLDING,0.000A/OFF
40161,2026-06-04 02:50:27,22.2875,12.00,0.000,0.000,OFF,#3,HOLDING,0.000A/OFF
40162,2026-06-04 02:50:28,22.2875,12.00,0.000,0.000,OFF,#3,HOLDING,0.000A/OFF
40163,2026-06-04 02:50:29,22.4125,12.00,0.000,0.000,OFF,#3,HOLDING,0.000A/OFF
40164,2026-06-04 02:50:30,22.4125,12.00,0.000,0.000,OFF,#3,HOLDING,0.000A/OFF
40165,2026-06-04 02:50:31,22.5375,12.00,0.000,0.000,OFF,#3,HOLDING,0.000A/OFF
40166,2026-06-04 02:50:32,22.5375,12.00,0.000,0.000,OFF,#3,HOLDING,0.000A/OFF
40167,2026-06-04 02:50:33,22.6375,12.00,0.000,0.000,OFF,#3,HOLDING,0.000A/OFF
40168,2026-06-04 02:50:34,22.6375,12.00,0.000,0.000,OFF,#3,HOLDING,0.000A/OFF
40169,2026-06-04 02:50:35,22.7625,12.00,0.000,0.000,OFF,#3,HOLDING,0.000A/OFF
40170,2026-06-04 02:50:36,22.8625,12.00,0.000,0.000,A,#3,HOLDING,0.109A/A
40171,2026-06-04 02:50:37,22.8625,12.00,0.000,0.000,A,#3,HOLDING,0.138A/A
40172,2026-06-04 02:50:39,22.9125,12.00,0.000,0.000,A,#3,HOLDING,0.205A/A
40173,2026-06-04 02:50:41,23.0125,1.60,0.000,0.000,A,#3,HOLDING,0.243A/A
40174,2026-06-04 02:50:43,23.0750,1.60,0.243,0.490,A,#3,HOLDING,0.296A/A
40175,2026-06-04 02:50:45,23.1750,1.60,0.243,0.490,A,#3,HOLDING,0.364A/A
40176,2026-06-04 02:50:46,23.2250,1.60,0.243,0.490,A,#3,HOLDING,0.405A/A
40177,2026-06-04 02:50:48,23.2750,3.35,0.243,0.490,A,#3,HOLDING,0.457A/A
40178,2026-06-04 02:50:50,23.3125,3.35,0.457,1.782,A,#3,HOLDING,0.508A/A
40179,2026-06-04 02:50:53,23.3625,3.35,0.457,1.782,A,#3,HOLDING,0.578A/A
40180,2026-06-04 02:50:54,23.3750,3.35,0.457,1.782,A,#3,HOLDING,0.623A/A
40181,2026-06-04 02:50:56,23.4000,5.21,0.457,1.782,A,#3,HOLDING,0.679A/A
40182,2026-06-04 02:50:58,23.4375,5.21,0.679,3.944,A,#3,HOLDING,0.739A/A
40183,2026-06-04 02:51:00,23.4375,5.21,0.679,3.944,A,#3,HOLDING,0.811A/A
40184,2026-06-04 02:51:02,23.4375,5.21,0.679,3.944,A,#3,HOLDING,0.858A/A
40185,2026-06-04 02:51:04,23.4375,7.19,0.679,3.944,A,#3,HOLDING,0.913A/A
40186,2026-06-04 02:51:06,23.4000,7.19,0.913,7.130,A,#3,HOLDING,0.963A/A
40187,2026-06-04 02:51:08,23.3500,7.19,0.913,7.130,A,#3,HOLDING,1.026A/A
40188,2026-06-04 02:51:10,23.3750,7.19,0.913,7.130,A,#3,HOLDING,1.076A/A
40189,2026-06-04 02:51:11,23.3000,8.96,0.913,7.130,A,#3,HOLDING,1.122A/A
40190,2026-06-04 02:51:13,23.2375,8.96,1.122,10.659,A,#3,HOLDING,1.168A/A
40191,2026-06-04 02:51:16,23.1625,8.96,1.122,10.659,A,#3,HOLDING,1.000A/A
40192,2026-06-04 02:51:17,23.0875,8.96,1.122,10.659,A,#3,HOLDING,1.210A/A
40193,2026-06-04 02:51:19,23.0125,9.97,1.122,10.659,A,#3,HOLDING,1.000A/A
40194,2026-06-04 02:51:21,22.9250,9.97,1.000,8.760,A,#3,HOLDING,1.234A/A
40195,2026-06-04 02:51:23,22.8250,9.97,1.000,8.760,A,#3,HOLDING,1.228A/A
40196,2026-06-04 02:51:25,22.7375,9.97,1.000,8.760,A,#3,HOLDING,1.251A/A
40197,2026-06-04 02:51:27,22.6125,10.37,1.000,8.760,A,#3,HOLDING,1.274A/A
40198,2026-06-04 02:51:29,22.5125,10.37,1.274,13.682,A,#3,HOLDING,1.295A/A
40199,2026-06-04 02:51:31,22.4125,10.37,1.274,13.682,A,#3,HOLDING,1.322A/A
40200,2026-06-04 02:51:33,22.3000,10.37,1.274,13.682,A,#3,HOLDING,1.334A/A
40201,2026-06-04 02:51:34,22.1500,11.05,1.274,13.682,A,#3,HOLDING,1.339A/A
40202,2026-06-04 02:51:36,22.0500,11.05,1.339,15.144,A,#3,HOLDING,1.343A/A
40203,2026-06-04 02:51:39,21.9000,11.05,1.339,15.144,A,#3,HOLDING,1.344A/A
40204,2026-06-04 02:51:40,21.7625,11.05,1.339,15.144,A,#3,HOLDING,1.338A/A
40205,2026-06-04 02:51:42,21.6375,11.22,1.339,15.144,A,#3,HOLDING,1.000A/A
40206,2026-06-04 02:51:44,21.4875,11.22,1.168,9.040,A,#3,HOLDING,1.322A/A
40207,2026-06-04 02:51:46,21.3625,11.22,1.168,9.040,A,#3,HOLDING,1.000A/A
40208,2026-06-04 02:51:48,21.2375,11.22,1.168,9.040,A,#3,HOLDING,1.297A/A
40209,2026-06-04 02:51:50,21.1125,10.96,1.168,9.040,A,#3,HOLDING,1.268A/A
40210,2026-06-04 02:51:52,20.9500,10.96,1.280,13.909,A,#3,HOLDING,1.223A/A
40211,2026-06-04 02:51:54,20.8500,10.96,1.280,13.909,A,#3,HOLDING,1.130A/A
40212,2026-06-04 02:51:56,20.7125,10.96,1.280,13.909,A,#3,HOLDING,1.081A/A
40213,2026-06-04 02:51:57,20.5875,9.62,1.280,13.909,A,#3,HOLDING,1.029A/A
40214,2026-06-04 02:51:59,20.4625,9.62,1.052,9.672,A,#3,HOLDING,0.965A/A
40215,2026-06-04 02:52:02,20.3375,9.62,1.052,9.672,A,#3,HOLDING,0.892A/A
40216,2026-06-04 02:52:03,20.2125,9.62,1.052,9.672,A,#3,HOLDING,0.830A/A
40217,2026-06-04 02:52:05,20.1125,7.90,1.052,9.672,A,#3,HOLDING,0.761A/A
40218,2026-06-04 02:52:07,19.9625,7.90,0.790,5.684,A,#3,HOLDING,0.677A/A
40219,2026-06-04 02:52:09,19.8625,7.90,0.790,5.684,A,#3,HOLDING,0.583A/A
40220,2026-06-04 02:52:11,19.7625,7.90,0.790,5.684,A,#3,HOLDING,0.507A/A
40221,2026-06-04 02:52:13,19.6625,5.45,0.790,5.684,A,#3,HOLDING,0.422A/A
40222,2026-06-04 02:52:15,19.5500,5.45,0.460,2.021,A,#3,HOLDING,0.325A/A
40223,2026-06-04 02:52:17,19.4500,5.45,0.460,2.021,A,#3,HOLDING,0.207A/A
40224,2026-06-04 02:52:19,19.3375,5.45,0.460,2.021,A,#3,HOLDING,0.118A/A
40225,2026-06-04 02:52:21,19.2875,5.45,0.460,2.021,OFF,#3,HOLDING,0.000A/OFF
40226,2026-06-04 02:52:22,19.2375,2.20,0.460,2.021,OFF,#3,HOLDING,0.000A/OFF
40227,2026-06-04 02:52:23,19.2375,2.20,0.118,2.021,OFF,#3,HOLDING,0.000A/OFF
40228,2026-06-04 02:52:24,19.1875,2.20,0.118,0.850,B,#3,HOLDING,0.134A/B
40229,2026-06-04 02:52:25,19.1875,2.20,0.118,0.850,B,#3,HOLDING,0.215A/B
40230,2026-06-04 02:52:27,19.1250,2.20,0.118,0.850,B,#3,HOLDING,0.312A/B
40231,2026-06-04 02:52:28,19.0750,2.03,0.118,0.850,B,#3,HOLDING,0.402A/B
40232,2026-06-04 02:52:30,19.0625,2.03,0.355,1.161,B,#3,HOLDING,0.508A/B
40233,2026-06-04 02:52:33,19.0625,2.03,0.355,1.161,B,#3,HOLDING,0.633A/B
40234,2026-06-04 02:52:34,19.0625,2.03,0.355,1.161,B,#3,HOLDING,0.718A/B
40235,2026-06-04 02:52:36,19.0625,5.53,0.355,1.161,B,#3,HOLDING,0.823A/B
40236,2026-06-04 02:52:38,19.0750,5.53,0.768,5.390,B,#3,HOLDING,0.926A/B
40237,2026-06-04 02:52:40,19.1250,5.53,0.768,5.390,B,#3,HOLDING,1.052A/B
40238,2026-06-04 02:52:42,19.1625,5.53,0.768,5.390,B,#3,HOLDING,1.134A/B
40239,2026-06-04 02:52:44,19.2375,8.81,0.768,5.390,B,#3,HOLDING,1.000A/B
40240,2026-06-04 02:52:46,19.3250,8.81,1.065,8.100,B,#3,HOLDING,1.213A/B
40241,2026-06-04 02:52:48,19.4250,8.81,1.065,8.100,B,#3,HOLDING,1.323A/B
40242,2026-06-04 02:52:50,19.5125,8.81,1.065,8.100,B,#3,HOLDING,1.391A/B
40243,2026-06-04 02:52:51,19.6375,10.83,1.065,8.100,B,#3,HOLDING,1.466A/B
40244,2026-06-04 02:52:53,19.7875,10.83,1.466,16.990,B,#3,HOLDING,1.529A/B
40245,2026-06-04 02:52:56,19.9375,10.83,1.466,16.990,B,#3,HOLDING,1.613A/B
40246,2026-06-04 02:52:57,20.1125,10.83,1.466,16.990,B,#3,HOLDING,1.654A/B
40247,2026-06-04 02:52:59,20.2625,12.00,1.466,16.990,B,#3,HOLDING,1.500A/B
40248,2026-06-04 02:53:01,20.4625,12.00,1.494,17.688,B,#3,HOLDING,1.000A/B
40249,2026-06-04 02:53:03,20.6875,12.00,1.494,17.688,B,#3,HOLDING,1.682A/B
40250,2026-06-04 02:53:05,20.9000,12.00,1.494,17.688,B,#3,HOLDING,1.000A/B
40251,2026-06-04 02:53:07,21.1000,8.84,1.494,17.688,B,#3,HOLDING,1.646A/B
40252,2026-06-04 02:53:09,21.3125,8.84,1.225,17.244,B,#4,APPROACH,1.665A/B
40253,2026-06-04 02:53:11,21.5625,8.84,1.225,17.244,B,#4,APPROACH,0.143A/B
40254,2026-06-04 02:53:13,21.7750,8.84,1.225,17.244,B,#4,APPROACH,0.120A/B
40255,2026-06-04 02:53:15,22.0000,8.84,1.225,17.244,B,#4,APPROACH,0.126A/B
40256,2026-06-04 02:53:17,22.4500,5.65,1.225,17.244,OFF,#4,APPROACH,0.000A/OFF
40257,2026-06-04 02:53:18,22.4500,5.65,0.126,0.096,OFF,#4,APPROACH,0.126A/B
40258,2026-06-04 02:53:21,22.6750,5.65,0.126,0.096,B,#4,APPROACH,0.160A/B
40259,2026-06-04 02:53:22,22.8750,5.65,0.126,0.096,B,#4,APPROACH,0.203A/B
40260,2026-06-04 02:53:24,23.0875,2.74,0.126,0.096,B,#4,APPROACH,0.214A/B
40261,2026-06-04 02:53:26,23.2875,2.74,0.214,0.614,B,#4,HOLDING,0.192A/B
40262,2026-06-04 02:53:28,23.4500,2.74,0.214,0.614,OFF,#4,HOLDING,0.000A/OFF
40263,2026-06-04 02:53:29,23.6250,2.74,0.214,0.614,OFF,#4,HOLDING,0.000A/OFF
40264,2026-06-04 02:53:30,23.6250,2.74,0.214,0.614,OFF,#4,HOLDING,0.000A/OFF
40265,2026-06-04 02:53:31,23.8000,2.74,0.214,0.614,OFF,#4,HOLDING,0.000A/OFF
40266,2026-06-04 02:53:32,23.8000,12.00,0.000,0.614,OFF,#4,HOLDING,0.000A/OFF
40267,2026-06-04 02:53:33,23.9500,12.00,0.000,0.614,OFF,#4,HOLDING,0.000A/OFF
40268,2026-06-04 02:53:34,23.9500,12.00,0.000,0.000,OFF,#4,HOLDING,0.000A/OFF
40269,2026-06-04 02:53:35,24.1125,12.00,0.000,0.000,OFF,#4,HOLDING,0.000A/OFF
40270,2026-06-04 02:53:36,24.1125,12.00,0.000,0.000,OFF,#4,HOLDING,0.000A/OFF
40271,2026-06-04 02:53:37,24.2625,12.00,0.000,0.000,OFF,#4,HOLDING,0.000A/OFF
40272,2026-06-04 02:53:38,24.2625,12.00,0.000,0.000,OFF,#4,HOLDING,0.000A/OFF
40273,2026-06-04 02:53:39,24.3875,12.00,0.000,0.000,OFF,#4,HOLDING,0.000A/OFF
40274,2026-06-04 02:53:40,24.4875,12.00,0.000,0.000,OFF,#4,HOLDING,0.000A/OFF
40275,2026-06-04 02:53:41,24.4875,12.00,0.000,0.000,OFF,#4,HOLDING,0.000A/OFF
40276,2026-06-04 02:53:42,24.6000,12.00,0.000,0.000,OFF,#4,HOLDING,0.000A/OFF
40277,2026-06-04 02:53:43,24.6000,12.00,0.000,0.000,OFF,#4,HOLDING,0.000A/OFF
40278,2026-06-04 02:53:44,24.7250,12.00,0.000,0.000,OFF,#4,HOLDING,0.000A/OFF
40279,2026-06-04 02:53:45,24.7250,12.00,0.000,0.000,OFF,#4,HOLDING,0.000A/OFF
40280,2026-06-04 02:53:46,24.7875,12.00,0.000,0.000,OFF,#4,HOLDING,0.000A/OFF
40281,2026-06-04 02:53:47,24.7875,12.00,0.000,0.000,OFF,#4,HOLDING,0.000A/OFF
40282,2026-06-04 02:53:48,24.8875,12.00,0.000,0.000,OFF,#4,HOLDING,0.000A/OFF
40283,2026-06-04 02:53:49,24.8875,12.00,0.000,0.000,OFF,#4,HOLDING,0.000A/OFF
40284,2026-06-04 02:53:51,24.9375,12.00,0.000,0.000,OFF,#4,HOLDING,0.000A/OFF
40285,2026-06-04 02:53:52,24.9375,12.00,0.000,0.000,OFF,#4,HOLDING,0.000A/OFF
40286,2026-06-04 02:53:53,25.0125,12.00,0.000,0.000,A,#4,HOLDING,0.113A/A
40287,2026-06-04 02:53:55,25.0750,12.00,0.000,0.000,A,#4,HOLDING,0.143A/A
40288,2026-06-04 02:53:56,25.1500,12.00,0.000,0.000,A,#4,HOLDING,0.196A/A
40289,2026-06-04 02:53:58,25.2000,1.59,0.000,0.000,A,#4,HOLDING,0.295A/A
40290,2026-06-04 02:54:00,25.2500,1.59,0.244,0.746,A,#4,HOLDING,0.339A/A
40291,2026-06-04 02:54:02,25.2875,1.59,0.244,0.746,A,#4,HOLDING,0.390A/A
40292,2026-06-04 02:54:04,25.3375,1.59,0.244,0.746,A,#4,HOLDING,0.433A/A
40293,2026-06-04 02:54:06,25.3125,3.67,0.244,0.746,A,#4,HOLDING,0.449A/A
40294,2026-06-04 02:54:08,25.3625,3.67,0.449,1.742,A,#4,HOLDING,0.523A/A
40295,2026-06-04 02:54:10,25.3500,3.67,0.449,1.742,A,#4,HOLDING,0.569A/A
40296,2026-06-04 02:54:12,25.3500,3.67,0.449,1.742,A,#4,HOLDING,0.573A/A
40297,2026-06-04 02:54:14,25.3125,4.95,0.449,1.742,A,#4,HOLDING,0.585A/A
40298,2026-06-04 02:54:16,25.3125,4.95,0.585,3.018,A,#4,HOLDING,0.627A/A
40299,2026-06-04 02:54:18,25.2750,4.95,0.585,3.018,A,#4,HOLDING,0.669A/A
40300,2026-06-04 02:54:19,25.2500,4.95,0.585,3.018,A,#4,HOLDING,0.702A/A
40301,2026-06-04 02:54:21,25.2125,6.05,0.585,3.018,A,#4,HOLDING,0.736A/A
40302,2026-06-04 02:54:23,25.1875,6.05,0.717,4.739,A,#4,HOLDING,0.715A/A
40303,2026-06-04 02:54:26,25.1250,6.05,0.717,4.739,A,#4,HOLDING,0.759A/A
40304,2026-06-04 02:54:27,25.0500,6.05,0.717,4.739,A,#4,HOLDING,0.781A/A
40305,2026-06-04 02:54:29,24.9875,6.78,0.717,4.739,A,#4,HOLDING,0.802A/A
40306,2026-06-04 02:54:31,24.8875,6.78,0.802,5.670,A,#4,HOLDING,0.822A/A
40307,2026-06-04 02:54:33,24.8250,6.78,0.802,5.670,A,#4,HOLDING,0.856A/A
40308,2026-06-04 02:54:35,24.7250,6.78,0.802,5.670,A,#4,HOLDING,0.869A/A
40309,2026-06-04 02:54:37,24.6125,7.57,0.802,5.670,A,#4,HOLDING,0.883A/A
40310,2026-06-04 02:54:39,24.5125,7.57,0.883,6.905,A,#4,HOLDING,0.891A/A
40311,2026-06-04 02:54:41,24.4250,7.57,0.883,6.905,A,#4,HOLDING,0.906A/A
40312,2026-06-04 02:54:43,24.3000,7.57,0.883,6.905,A,#4,HOLDING,0.904A/A
40313,2026-06-04 02:54:44,24.2125,7.95,0.883,6.905,A,#4,HOLDING,0.904A/A
40314,2026-06-04 02:54:46,24.0875,7.95,0.904,7.331,A,#4,HOLDING,0.890A/A
40315,2026-06-04 02:54:49,23.9625,7.95,0.904,7.331,A,#4,HOLDING,0.883A/A
40316,2026-06-04 02:54:50,23.8125,7.95,0.904,7.331,A,#5,APPROACH,0.858A/A
40317,2026-06-04 02:54:52,23.7125,7.95,0.904,7.331,OFF,#5,HOLDING,0.000A/OFF
40318,2026-06-04 02:54:53,23.7125,2.13,0.904,7.331,OFF,#5,HOLDING,0.000A/OFF
40319,2026-06-04 02:54:54,23.5625,2.13,0.000,7.331,OFF,#5,HOLDING,0.000A/OFF
40320,2026-06-04 02:54:55,23.5625,2.13,0.000,7.331,OFF,#5,HOLDING,0.000A/OFF
40321,2026-06-04 02:54:56,23.4625,2.13,0.000,0.000,OFF,#5,HOLDING,0.000A/OFF
40322,2026-06-04 02:54:57,23.4625,2.13,0.000,0.000,OFF,#5,HOLDING,0.000A/OFF
40323,2026-06-04 02:54:58,23.3375,2.13,0.000,0.000,OFF,#5,HOLDING,0.000A/OFF
40324,2026-06-04 02:54:59,23.3375,2.13,0.000,0.000,OFF,#5,HOLDING,0.000A/OFF
40325,2026-06-04 02:55:00,23.2125,12.00,0.000,0.000,OFF,#5,HOLDING,0.000A/OFF
40326,2026-06-04 02:55:01,23.1125,12.00,0.000,0.000,OFF,#5,HOLDING,0.000A/OFF
40327,2026-06-04 02:55:02,23.1125,12.00,0.000,0.000,OFF,#5,HOLDING,0.000A/OFF
40328,2026-06-04 02:55:03,23.0500,12.00,0.000,0.000,OFF,#5,HOLDING,0.000A/OFF
40329,2026-06-04 02:55:04,23.0500,12.00,0.000,0.000,OFF,#5,HOLDING,0.000A/OFF
40330,2026-06-04 02:55:05,22.9500,12.00,0.000,0.000,OFF,#5,HOLDING,0.000A/OFF
40331,2026-06-04 02:55:06,22.9500,12.00,0.000,0.000,OFF,#5,HOLDING,0.000A/OFF
40332,2026-06-04 02:55:07,22.9250,12.00,0.000,0.000,OFF,#5,HOLDING,0.000A/OFF
40333,2026-06-04 02:55:08,22.9250,12.00,0.000,0.000,OFF,#5,HOLDING,0.000A/OFF
40334,2026-06-04 02:55:09,22.8250,12.00,0.000,0.000,B,#5,HOLDING,0.109A/B
40335,2026-06-04 02:55:11,22.7750,12.00,0.000,0.000,B,#5,HOLDING,0.000A/OFF
40336,2026-06-04 02:55:12,22.7750,12.00,0.000,0.000,B,#5,HOLDING,0.108A/B
40337,2026-06-04 02:55:14,22.7000,0.80,0.000,0.000,B,#5,HOLDING,0.128A/B
40338,2026-06-04 02:55:16,22.6750,0.80,0.128,0.134,B,#5,HOLDING,0.189A/B
40339,2026-06-04 02:55:18,22.6250,0.80,0.128,0.134,B,#5,HOLDING,0.199A/B
40340,2026-06-04 02:55:20,22.6125,0.80,0.128,0.134,B,#5,HOLDING,0.240A/B
40341,2026-06-04 02:55:22,22.5625,2.10,0.128,0.134,B,#5,HOLDING,0.311A/B
40342,2026-06-04 02:55:24,22.5625,2.10,0.311,0.855,B,#5,HOLDING,0.374A/B
40343,2026-06-04 02:55:26,22.5625,2.10,0.311,0.855,B,#5,HOLDING,0.457A/B
40344,2026-06-04 02:55:28,22.5125,2.10,0.311,0.855,B,#5,HOLDING,0.429A/B
40345,2026-06-04 02:55:29,22.5125,3.75,0.311,0.855,B,#5,HOLDING,0.509A/B
40346,2026-06-04 02:55:31,22.5125,3.75,0.509,2.321,B,#5,HOLDING,0.602A/B
40347,2026-06-04 02:55:34,22.5375,3.75,0.509,2.321,B,#5,HOLDING,0.776A/B
40348,2026-06-04 02:55:35,22.5625,3.75,0.509,2.321,B,#5,HOLDING,0.774A/B
40349,2026-06-04 02:55:37,22.5625,6.55,0.509,2.321,B,#5,HOLDING,0.916A/B
40350,2026-06-04 02:55:39,22.6000,6.55,0.889,7.099,B,#5,HOLDING,1.000A/B
40351,2026-06-04 02:55:41,22.6500,6.55,0.889,7.099,B,#5,HOLDING,0.914A/B
40352,2026-06-04 02:55:43,22.7000,6.55,0.889,7.099,B,#5,HOLDING,1.000A/B
40353,2026-06-04 02:55:45,22.7750,8.40,0.889,7.099,B,#5,HOLDING,1.330A/B
40354,2026-06-04 02:55:47,22.8500,8.40,1.250,14.337,B,#5,HOLDING,1.163A/B
40355,2026-06-04 02:55:49,22.9000,8.40,1.250,14.337,B,#5,HOLDING,1.000A/B
40356,2026-06-04 02:55:51,23.0125,8.40,1.250,14.337,B,#5,HOLDING,1.168A/B
40357,2026-06-04 02:55:53,23.0875,9.88,1.111,14.337,OFF,--,DONE,1.089A/B
40358,2026-06-04 02:55:55,23.3250,9.88,1.111,14.337,OFF,--,DONE,--
40359,2026-06-04 02:55:56,23.3250,9.88,1.111,0.000,OFF,--,DONE,--
40360,2026-06-04 02:55:57,23.4500,9.88,1.111,0.000,OFF,--,DONE,--
40361,2026-06-04 02:55:58,23.4500,7.01,0.000,0.000,OFF,--,DONE,--
40362,2026-06-04 02:55:59,23.5500,7.01,0.000,0.000,OFF,--,DONE,--
40363,2026-06-04 02:56:00,23.5500,7.01,0.000,0.000,OFF,--,DONE,--
40364,2026-06-04 02:56:01,23.6750,2.76,0.000,0.000,OFF,--,DONE,--
40365,2026-06-04 02:56:02,23.6750,2.76,0.000,0.000,OFF,--,DONE,--
40366,2026-06-04 02:56:03,23.8000,2.76,0.000,0.000,OFF,--,DONE,--
40367,2026-06-04 02:56:04,23.8000,2.76,0.000,0.000,OFF,--,DONE,--
40368,2026-06-04 02:56:05,23.9125,1.10,0.000,0.000,OFF,--,DONE,--
40369,2026-06-04 02:56:06,23.9125,1.10,0.000,0.000,OFF,--,DONE,--
40370,2026-06-04 02:56:07,23.9875,1.10,0.000,0.000,OFF,--,DONE,--
40371,2026-06-04 02:56:08,23.9875,0.38,0.000,0.000,OFF,--,DONE,--
40372,2026-06-04 02:56:09,24.0750,0.38,0.000,0.000,OFF,--,DONE,--
40373,2026-06-04 02:56:10,24.0750,0.38,0.000,0.000,OFF,--,DONE,--
40374,2026-06-04 02:56:11,24.1250,0.38,0.000,0.000,OFF,--,DONE,--
40375,2026-06-04 02:56:12,24.1250,0.00,0.000,0.000,OFF,--,DONE,--
40376,2026-06-04 02:56:13,24.2250,0.00,0.000,0.000,OFF,--,DONE,--
40377,2026-06-04 02:56:14,24.2250,0.00,0.000,0.000,OFF,--,DONE,--
40378,2026-06-04 02:56:15,24.2750,0.00,0.000,0.000,OFF,--,DONE,--
40379,2026-06-04 02:56:16,24.2750,0.00,0.000,0.000,OFF,--,DONE,--
40380,2026-06-04 02:56:17,24.3250,0.00,0.000,0.000,OFF,--,DONE,--
40381,2026-06-04 02:56:18,24.3750,0.00,0.000,0.000,OFF,--,DONE,--
40382,2026-06-04 02:56:19,24.3750,0.00,0.000,0.000,OFF,--,DONE,--
40383,2026-06-04 02:56:20,24.4125,0.00,0.000,0.000,OFF,--,DONE,--
40384,2026-06-04 02:56:21,24.4125,0.00,0.000,0.000,OFF,--,DONE,--
40385,2026-06-04 02:56:22,24.4375,0.00,0.000,0.000,OFF,--,DONE,--
40386,2026-06-04 02:56:23,24.4375,0.00,0.000,0.000,OFF,--,DONE,--
40387,2026-06-04 02:56:24,24.4750,0.00,0.000,0.000,OFF,--,DONE,--
40388,2026-06-04 02:56:25,24.4750,0.00,0.000,0.000,OFF,--,DONE,--
40389,2026-06-04 02:56:26,24.5500,0.00,0.000,0.000,OFF,--,DONE,--
40390,2026-06-04 02:56:27,24.5500,0.00,0.000,0.000,OFF,--,DONE,--
40391,2026-06-04 02:56:28,24.5625,0.00,0.000,0.000,OFF,--,DONE,--
40392,2026-06-04 02:56:29,24.5625,0.00,0.000,0.000,OFF,--,DONE,--
40393,2026-06-04 02:56:30,24.5875,0.00,0.000,0.000,OFF,--,DONE,--
40394,2026-06-04 02:56:31,24.5875,0.00,0.000,0.000,OFF,--,DONE,--
40395,2026-06-04 02:56:32,24.6000,0.00,0.000,0.000,OFF,--,DONE,--
40396,2026-06-04 02:56:33,24.6000,0.00,0.000,0.000,OFF,--,DONE,--
40397,2026-06-04 02:56:34,24.6250,0.00,0.000,0.000,OFF,--,DONE,--
40398,2026-06-04 02:56:36,24.6250,0.00,0.000,0.000,OFF,--,DONE,--
40399,2026-06-04 02:56:37,24.6250,0.00,0.000,0.000,OFF,--,DONE,--
40400,2026-06-04 02:56:38,24.6250,0.00,0.000,0.000,OFF,--,DONE,--
40401,2026-06-04 02:56:39,24.6250,0.00,0.000,0.000,OFF,--,DONE,--
40402,2026-06-04 02:56:40,24.6375,0.00,0.000,0.000,OFF,--,DONE,--
40403,2026-06-04 02:56:41,24.6375,0.00,0.000,0.000,OFF,--,DONE,--
40404,2026-06-04 02:56:42,24.6625,0.00,0.000,0.000,OFF,--,DONE,--
40405,2026-06-04 02:56:43,24.6625,0.00,0.000,0.000,OFF,--,DONE,--
40406,2026-06-04 02:56:44,24.6875,0.00,0.000,0.000,OFF,--,DONE,--
40407,2026-06-04 02:56:45,24.6875,0.00,0.000,0.000,OFF,--,DONE,--
40408,2026-06-04 02:56:46,24.6875,0.00,0.000,0.000,OFF,--,DONE,--
40409,2026-06-04 02:56:47,24.6875,0.00,0.000,0.000,OFF,--,DONE,--
40410,2026-06-04 02:56:48,24.6875,0.00,0.000,0.000,OFF,--,DONE,--
40411,2026-06-04 02:56:49,24.6875,0.00,0.000,0.000,OFF,--,DONE,--
40412,2026-06-04 02:56:50,24.6875,0.00,0.000,0.000,OFF,--,DONE,--
40413,2026-06-04 02:56:51,24.6875,0.00,0.000,0.000,OFF,--,DONE,--
40414,2026-06-04 02:56:52,24.6875,0.00,0.000,0.000,OFF,--,DONE,--
40415,2026-06-04 02:56:53,24.6375,0.00,0.000,0.000,OFF,--,DONE,--
40416,2026-06-04 02:56:54,24.6375,0.00,0.000,0.000,OFF,--,DONE,--
40417,2026-06-04 02:56:55,24.6250,0.00,0.000,0.000,OFF,--,DONE,--
40418,2026-06-04 02:56:56,24.6250,0.00,0.000,0.000,OFF,--,DONE,--
40419,2026-06-04 02:56:57,24.6250,0.00,0.000,0.000,OFF,--,DONE,--
40420,2026-06-04 02:56:58,24.6250,0.00,0.000,0.000,OFF,--,DONE,--
40421,2026-06-04 02:56:59,24.6250,0.00,0.000,0.000,OFF,--,DONE,--
40422,2026-06-04 02:57:00,24.6250,0.00,0.000,0.000,OFF,--,DONE,--
40423,2026-06-04 02:57:01,24.6250,0.00,0.000,0.000,OFF,--,DONE,--
40424,2026-06-04 02:57:02,24.6250,0.00,0.000,0.000,OFF,--,DONE,--
40425,2026-06-04 02:57:03,24.6125,0.00,0.000,0.000,OFF,--,DONE,--
40426,2026-06-04 02:57:04,24.6125,0.00,0.000,0.000,OFF,--,DONE,--
40427,2026-06-04 02:57:05,24.5875,0.00,0.000,0.000,OFF,--,DONE,--
40428,2026-06-04 02:57:06,24.5875,0.00,0.000,0.000,OFF,--,DONE,--
40429,2026-06-04 02:57:07,24.5625,0.00,0.000,0.000,OFF,--,DONE,--
40430,2026-06-04 02:57:08,24.5625,0.00,0.000,0.000,OFF,--,DONE,--
40431,2026-06-04 02:57:09,24.5625,0.00,0.000,0.000,OFF,--,DONE,--
40432,2026-06-04 02:57:10,24.5625,0.00,0.000,0.000,OFF,--,DONE,--
40433,2026-06-04 02:57:11,24.5625,0.00,0.000,0.000,OFF,--,DONE,--
40434,2026-06-04 02:57:12,24.5375,0.00,0.000,0.000,OFF,--,DONE,--
40435,2026-06-04 02:57:13,24.5375,0.00,0.000,0.000,OFF,--,DONE,--
40436,2026-06-04 02:57:14,24.5000,0.00,0.000,0.000,OFF,--,DONE,--
40437,2026-06-04 02:57:15,24.5000,0.00,0.000,0.000,OFF,--,DONE,--
40438,2026-06-04 02:57:16,24.5000,0.00,0.000,0.000,OFF,--,DONE,--
40439,2026-06-04 02:57:17,24.5000,0.00,0.000,0.000,OFF,--,DONE,--
40440,2026-06-04 02:57:18,24.4750,0.00,0.000,0.000,OFF,--,DONE,--
40441,2026-06-04 02:57:19,24.4750,0.00,0.000,0.000,OFF,--,DONE,--
40442,2026-06-04 02:57:20,24.4500,0.00,0.000,0.000,OFF,--,DONE,--
40443,2026-06-04 02:57:21,24.4500,0.00,0.000,0.000,OFF,--,DONE,--
40444,2026-06-04 02:57:23,24.4250,0.00,0.000,0.000,OFF,--,DONE,--
40445,2026-06-04 02:57:24,24.3750,0.00,0.000,0.000,OFF,--,DONE,--
40446,2026-06-04 02:57:25,24.3750,0.00,0.000,0.000,OFF,--,DONE,--
40447,2026-06-04 02:57:26,24.3750,0.00,0.000,0.000,OFF,--,DONE,--
40448,2026-06-04 02:57:27,24.3750,0.00,0.000,0.000,OFF,--,DONE,--
40449,2026-06-04 02:57:28,24.3500,0.00,0.000,0.000,OFF,--,DONE,--
40450,2026-06-04 02:57:29,24.3500,0.00,0.000,0.000,OFF,--,DONE,--
40451,2026-06-04 02:57:30,24.3125,0.00,0.000,0.000,OFF,--,DONE,--
40452,2026-06-04 02:57:31,24.3125,0.00,0.000,0.000,OFF,--,DONE,--
40453,2026-06-04 02:57:32,24.3125,0.00,0.000,0.000,OFF,--,DONE,--
40454,2026-06-04 02:57:33,24.3125,0.00,0.000,0.000,OFF,--,DONE,--
40455,2026-06-04 02:57:34,24.3125,0.00,0.000,0.000,OFF,--,DONE,--
40456,2026-06-04 02:57:35,24.3125,0.00,0.000,0.000,OFF,--,DONE,--
40457,2026-06-04 02:57:36,24.2625,0.00,0.000,0.000,OFF,--,DONE,--
40458,2026-06-04 02:57:37,24.2625,0.00,0.000,0.000,OFF,--,DONE,--
40459,2026-06-04 02:57:38,24.2500,0.00,0.000,0.000,OFF,--,DONE,--
40460,2026-06-04 02:57:39,24.2500,0.00,0.000,0.000,OFF,--,DONE,--
40461,2026-06-04 02:57:40,24.2250,0.00,0.000,0.000,OFF,--,DONE,--
40462,2026-06-04 02:57:41,24.1875,0.00,0.000,0.000,OFF,--,DONE,--
40463,2026-06-04 02:57:42,24.1875,0.00,0.000,0.000,OFF,--,DONE,--
40464,2026-06-04 02:57:43,24.1875,0.00,0.000,0.000,OFF,--,DONE,--
40465,2026-06-04 02:57:44,24.1875,0.00,0.000,0.000,OFF,--,DONE,--
40466,2026-06-04 02:57:45,24.1875,0.00,0.000,0.000,OFF,--,DONE,--
40467,2026-06-04 02:57:46,24.1875,0.00,0.000,0.000,OFF,--,DONE,--
40468,2026-06-04 02:57:47,24.1375,0.00,0.000,0.000,OFF,--,DONE,--
40469,2026-06-04 02:57:48,24.1375,0.00,0.000,0.000,OFF,--,DONE,--
40470,2026-06-04 02:57:49,24.1250,0.00,0.000,0.000,OFF,--,DONE,--
40471,2026-06-04 02:57:50,24.1250,0.00,0.000,0.000,OFF,--,DONE,--
40472,2026-06-04 02:57:51,24.1250,0.00,0.000,0.000,OFF,--,DONE,--
40473,2026-06-04 02:57:52,24.1250,0.00,0.000,0.000,OFF,--,DONE,--
40474,2026-06-04 02:57:53,24.0625,0.00,0.000,0.000,OFF,--,DONE,--
40475,2026-06-04 02:57:54,24.0625,0.00,0.000,0.000,OFF,--,DONE,--
40476,2026-06-04 02:57:55,24.0375,0.00,0.000,0.000,OFF,--,DONE,--
40477,2026-06-04 02:57:56,24.0375,0.00,0.000,0.000,OFF,--,DONE,--
40478,2026-06-04 02:57:57,24.0500,0.00,0.000,0.000,A,#1,APPROACH,2.771A/A
40479,2026-06-04 02:57:59,24.0000,0.00,0.000,0.000,A,#1,APPROACH,2.500A/A
40480,2026-06-04 02:58:02,24.0000,0.00,0.000,0.000,A,#1,APPROACH,1.000A/A
40481,2026-06-04 02:58:04,23.9625,0.00,0.000,0.000,A,#1,APPROACH,2.000A/A
40482,2026-06-04 02:58:06,23.9625,0.00,0.000,0.000,A,#1,APPROACH,1.500A/A
40483,2026-06-04 02:58:07,23.9375,11.49,0.000,0.000,A,#1,APPROACH,1.000A/A
40484,2026-06-04 02:58:09,23.9000,11.49,1.000,8.320,A,#1,APPROACH,1.500A/A
40485,2026-06-04 02:58:11,23.8500,11.49,1.000,8.320,A,#1,APPROACH,2.500A/A
40486,2026-06-04 02:58:13,23.8125,11.49,1.000,8.320,A,#1,APPROACH,2.500A/A
40487,2026-06-04 02:58:15,23.7625,12.00,1.000,8.320,A,#1,APPROACH,2.000A/A
40488,2026-06-04 02:58:17,23.6750,12.00,1.509,17.856,A,#1,APPROACH,2.500A/A
40489,2026-06-04 02:58:19,23.6000,12.00,1.509,17.856,A,#1,APPROACH,1.000A/A
40490,2026-06-04 02:58:21,23.5125,12.00,1.509,17.856,A,#1,APPROACH,2.500A/A
40491,2026-06-04 02:58:23,23.3875,12.00,1.509,17.856,A,#1,APPROACH,1.500A/A
40492,2026-06-04 02:58:24,23.2750,12.00,1.477,17.520,A,#1,APPROACH,1.000A/A
40493,2026-06-04 02:58:27,23.1500,12.00,1.477,17.520,A,#1,APPROACH,1.000A/A
40494,2026-06-04 02:58:28,23.0125,12.00,1.477,17.520,A,#1,APPROACH,3.000A/A
40495,2026-06-04 02:58:30,22.8625,12.00,1.477,17.520,A,#1,APPROACH,3.000A/A
40496,2026-06-04 02:58:32,22.7125,12.00,1.454,17.256,A,#1,APPROACH,3.000A/A
40497,2026-06-04 02:58:34,22.6125,12.00,1.454,17.256,A,#1,APPROACH,1.000A/A
40498,2026-06-04 02:58:36,22.4500,12.00,1.454,17.256,A,#1,APPROACH,2.500A/A
40499,2026-06-04 02:58:38,22.3000,12.00,1.454,17.256,A,#1,APPROACH,1.000A/A
40500,2026-06-04 02:58:40,22.1375,12.00,1.216,9.040,A,#1,APPROACH,3.000A/A
40501,2026-06-04 02:58:42,21.9875,12.00,1.216,9.040,A,#1,APPROACH,1.000A/A
40502,2026-06-04 02:58:44,21.8375,12.00,1.216,9.040,A,#1,APPROACH,1.500A/A
40503,2026-06-04 02:58:46,21.6875,12.00,1.216,9.040,A,#1,APPROACH,1.000A/A
40504,2026-06-04 02:58:47,21.5375,12.00,1.151,9.060,A,#1,APPROACH,2.508A/A
40505,2026-06-04 02:58:50,21.3625,12.00,1.151,9.060,A,#1,APPROACH,1.000A/A
40506,2026-06-04 02:58:51,21.2375,12.00,1.151,9.060,A,#1,APPROACH,1.000A/A
40507,2026-06-04 02:58:53,21.0625,9.01,1.151,9.060,A,#1,APPROACH,2.000A/A
40508,2026-06-04 02:58:55,20.9500,9.01,1.419,16.884,A,#1,APPROACH,2.000A/A
40509,2026-06-04 02:58:57,20.8000,9.01,1.419,16.884,A,#1,APPROACH,1.000A/A
40510,2026-06-04 02:58:59,20.6750,9.01,1.419,16.884,A,#1,APPROACH,1.369A/A
40511,2026-06-04 02:59:01,20.5250,11.52,1.419,16.884,A,#1,APPROACH,1.500A/A
40512,2026-06-04 02:59:03,20.3875,11.52,1.412,16.836,A,#1,APPROACH,1.485A/A
40513,2026-06-04 02:59:05,20.2375,11.52,1.412,16.836,A,#1,APPROACH,1.000A/A
40514,2026-06-04 02:59:07,20.1125,11.52,1.412,16.836,A,#1,APPROACH,2.000A/A
40515,2026-06-04 02:59:09,19.9875,12.00,1.412,16.836,A,#1,APPROACH,2.500A/A
40516,2026-06-04 02:59:10,19.8250,12.00,1.407,16.776,A,#1,APPROACH,1.000A/A
40517,2026-06-04 02:59:13,19.6750,12.00,1.407,16.776,A,#1,APPROACH,1.000A/A
40518,2026-06-04 02:59:14,19.5750,12.00,1.407,16.776,A,#1,APPROACH,1.000A/A
40519,2026-06-04 02:59:16,19.4000,9.16,1.407,16.776,A,#1,HOLDING,1.691A/A
40520,2026-06-04 02:59:18,19.2750,9.16,1.410,16.776,A,#1,HOLDING,0.887A/A
40521,2026-06-04 02:59:20,19.1750,9.16,1.410,16.776,A,#1,HOLDING,0.819A/A
40522,2026-06-04 02:59:22,19.0500,9.16,1.410,16.776,A,#1,HOLDING,0.547A/A
40523,2026-06-04 02:59:24,18.9250,5.82,1.410,16.776,A,#1,HOLDING,0.469A/A
40524,2026-06-04 02:59:26,18.8000,5.82,0.506,2.462,A,#1,HOLDING,0.531A/A
40525,2026-06-04 02:59:28,18.6750,5.82,0.506,2.462,A,#1,HOLDING,0.332A/A
40526,2026-06-04 02:59:30,18.5875,5.82,0.506,2.462,A,#1,HOLDING,0.344A/A
40527,2026-06-04 02:59:32,18.5125,4.10,0.506,2.462,A,#1,HOLDING,0.191A/A
40528,2026-06-04 02:59:33,18.4250,4.10,0.266,0.538,A,#1,HOLDING,0.147A/A
40529,2026-06-04 02:59:36,18.3500,4.10,0.266,0.538,OFF,#1,HOLDING,0.000A/OFF
40530,2026-06-04 02:59:37,18.2750,4.10,0.266,0.538,OFF,#1,HOLDING,0.000A/OFF
40531,2026-06-04 02:59:38,18.2750,4.10,0.266,0.538,OFF,#1,HOLDING,0.000A/OFF
40532,2026-06-04 02:59:39,18.2500,4.10,0.266,0.538,OFF,#1,HOLDING,0.000A/OFF
40533,2026-06-04 02:59:40,18.2500,12.00,0.000,0.538,OFF,#1,HOLDING,0.000A/OFF
40534,2026-06-04 02:59:41,18.1875,12.00,0.000,0.538,OFF,#1,HOLDING,0.000A/OFF
40535,2026-06-04 02:59:42,18.1875,12.00,0.000,0.000,OFF,#1,HOLDING,0.000A/OFF
40536,2026-06-04 02:59:43,18.1875,12.00,0.000,0.000,OFF,#1,HOLDING,0.000A/OFF
40537,2026-06-04 02:59:44,18.1875,12.00,0.000,0.000,OFF,#1,HOLDING,0.000A/OFF
40538,2026-06-04 02:59:45,18.1625,12.00,0.000,0.000,OFF,#1,HOLDING,0.000A/OFF
40539,2026-06-04 02:59:46,18.1625,12.00,0.000,0.000,OFF,#1,HOLDING,0.000A/OFF
40540,2026-06-04 02:59:47,18.1375,12.00,0.000,0.000,OFF,#1,HOLDING,0.000A/OFF
40541,2026-06-04 02:59:48,18.1375,12.00,0.000,0.000,OFF,#1,HOLDING,0.000A/OFF
40542,2026-06-04 02:59:49,18.1625,12.00,0.000,0.000,OFF,#1,HOLDING,0.000A/OFF
40543,2026-06-04 02:59:50,18.1875,12.00,0.000,0.000,OFF,#1,HOLDING,0.000A/OFF
40544,2026-06-04 02:59:51,18.1875,12.00,0.000,0.000,OFF,#1,HOLDING,0.000A/OFF
40545,2026-06-04 02:59:52,18.1875,12.00,0.000,0.000,OFF,#1,HOLDING,0.000A/OFF
40546,2026-06-04 02:59:53,18.1875,12.00,0.000,0.000,OFF,#1,HOLDING,0.000A/OFF
40547,2026-06-04 02:59:54,18.2375,12.00,0.000,0.000,OFF,#1,HOLDING,0.000A/OFF
40548,2026-06-04 02:59:55,18.2375,12.00,0.000,0.000,OFF,#1,HOLDING,0.000A/OFF
40549,2026-06-04 02:59:56,18.3125,12.00,0.000,0.000,OFF,#1,HOLDING,0.000A/OFF
40550,2026-06-04 02:59:57,18.3125,12.00,0.000,0.000,OFF,#1,HOLDING,0.000A/OFF
40551,2026-06-04 02:59:58,18.3625,12.00,0.000,0.000,OFF,#1,HOLDING,0.000A/OFF
40552,2026-06-04 02:59:59,18.3625,12.00,0.000,0.000,OFF,#1,HOLDING,0.000A/OFF
40553,2026-06-04 03:00:00,18.3875,12.00,0.000,0.000,OFF,#1,HOLDING,0.000A/OFF
40554,2026-06-04 03:00:01,18.3875,12.00,0.000,0.000,OFF,#1,HOLDING,0.000A/OFF
40555,2026-06-04 03:00:02,18.4625,12.00,0.000,0.000,OFF,#1,HOLDING,0.000A/OFF
40556,2026-06-04 03:00:03,18.4625,12.00,0.000,0.000,OFF,#1,HOLDING,0.000A/OFF
40557,2026-06-04 03:00:04,18.4750,12.00,0.000,0.000,OFF,#1,HOLDING,0.000A/OFF
40558,2026-06-04 03:00:05,18.4750,12.00,0.000,0.000,OFF,#1,HOLDING,0.000A/OFF
40559,2026-06-04 03:00:06,18.5750,12.00,0.000,0.000,A,#1,HOLDING,0.103A/A
40560,2026-06-04 03:00:08,18.6375,12.00,0.000,0.000,A,#1,HOLDING,0.116A/A
40561,2026-06-04 03:00:09,18.7125,12.00,0.000,0.000,A,#1,HOLDING,0.146A/A
40562,2026-06-04 03:00:11,18.7125,12.00,0.000,0.000,A,#1,HOLDING,0.133A/A
40563,2026-06-04 03:00:13,18.7875,1.49,0.000,0.000,A,#1,HOLDING,0.158A/A
40564,2026-06-04 03:00:15,18.8375,1.49,0.158,0.287,A,#1,HOLDING,0.158A/A
40565,2026-06-04 03:00:17,18.9875,1.49,0.158,0.287,A,#2,APPROACH,0.215A/A
40566,2026-06-04 03:00:19,18.9875,1.49,0.158,0.287,OFF,#2,APPROACH,0.000A/OFF
40567,2026-06-04 03:00:20,19.0625,1.49,0.158,0.287,OFF,#2,APPROACH,0.000A/OFF
40568,2026-06-04 03:00:21,19.0625,1.49,0.158,0.287,OFF,#2,APPROACH,0.000A/OFF
40569,2026-06-04 03:00:22,19.1375,12.00,0.158,0.287,OFF,#2,APPROACH,0.000A/OFF
40570,2026-06-04 03:00:23,19.1375,12.00,0.000,0.000,B,#2,APPROACH,0.132A/B
40571,2026-06-04 03:00:25,19.2625,12.00,0.000,0.000,B,#2,APPROACH,0.174A/B
40572,2026-06-04 03:00:27,19.3250,12.00,0.000,0.000,B,#2,APPROACH,0.211A/B
40573,2026-06-04 03:00:29,19.4250,1.84,0.000,0.000,B,#2,HOLDING,0.183A/B
40574,2026-06-04 03:00:30,19.5000,1.84,0.183,0.000,OFF,#2,HOLDING,0.000A/OFF
40575,2026-06-04 03:00:32,19.5000,1.84,0.183,0.314,OFF,#2,HOLDING,0.000A/OFF
40576,2026-06-04 03:00:33,19.5500,1.84,0.183,0.314,OFF,#2,HOLDING,0.000A/OFF
40577,2026-06-04 03:00:34,19.5500,1.84,0.183,0.314,OFF,#2,HOLDING,0.000A/OFF
40578,2026-06-04 03:00:35,19.6375,1.84,0.183,0.314,OFF,#2,HOLDING,0.000A/OFF
40579,2026-06-04 03:00:36,19.6375,12.00,0.183,0.314,B,#2,HOLDING,0.106A/B
40580,2026-06-04 03:00:37,19.7375,12.00,0.000,0.096,B,#2,HOLDING,0.122A/B
40581,2026-06-04 03:00:40,19.7875,12.00,0.000,0.096,B,#2,HOLDING,0.163A/B
40582,2026-06-04 03:00:41,19.8625,12.00,0.000,0.096,B,#2,HOLDING,0.168A/B
40583,2026-06-04 03:00:43,19.9500,1.46,0.000,0.096,B,#2,HOLDING,0.187A/B
40584,2026-06-04 03:00:45,20.0500,1.46,0.187,0.312,B,#2,HOLDING,0.192A/B
40585,2026-06-04 03:00:47,20.1000,1.46,0.187,0.312,B,#2,HOLDING,0.210A/B
40586,2026-06-04 03:00:49,20.1750,1.46,0.187,0.312,B,#2,HOLDING,0.218A/B
40587,2026-06-04 03:00:51,20.2625,1.94,0.187,0.312,B,#2,HOLDING,0.224A/B
40588,2026-06-04 03:00:53,20.3375,1.94,0.224,0.454,B,#2,HOLDING,0.223A/B
40589,2026-06-04 03:00:55,20.4125,1.94,0.224,0.454,B,#2,HOLDING,0.224A/B
40590,2026-06-04 03:00:57,20.5125,1.94,0.224,0.454,B,#2,HOLDING,0.218A/B
40591,2026-06-04 03:00:59,20.6000,1.98,0.224,0.454,B,#2,HOLDING,0.208A/B
40592,2026-06-04 03:01:00,20.6750,1.98,0.208,0.405,B,#2,HOLDING,0.196A/B
40593,2026-06-04 03:01:03,20.7500,1.98,0.208,0.405,B,#2,HOLDING,0.182A/B
40594,2026-06-04 03:01:04,20.8000,1.98,0.208,0.405,B,#2,HOLDING,0.173A/B
40595,2026-06-04 03:01:06,20.9125,1.67,0.208,0.405,B,#2,HOLDING,0.148A/B
40596,2026-06-04 03:01:08,20.9875,1.67,0.148,0.216,B,#2,HOLDING,0.120A/B
40597,2026-06-04 03:01:11,21.0750,1.67,0.148,0.216,OFF,#2,HOLDING,0.000A/OFF
40598,2026-06-04 03:01:12,21.1250,1.67,0.148,0.216,OFF,#2,HOLDING,0.000A/OFF
40599,2026-06-04 03:01:13,21.1250,1.67,0.148,0.216,OFF,#2,HOLDING,0.000A/OFF
40600,2026-06-04 03:01:14,21.2000,1.67,0.148,0.216,OFF,#2,HOLDING,0.000A/OFF
40601,2026-06-04 03:01:15,21.2000,12.00,0.000,0.216,OFF,#2,HOLDING,0.000A/OFF
40602,2026-06-04 03:01:16,21.3000,12.00,0.000,0.216,OFF,#2,HOLDING,0.000A/OFF
40603,2026-06-04 03:01:17,21.3000,12.00,0.000,0.000,OFF,#2,HOLDING,0.000A/OFF
40604,2026-06-04 03:01:18,21.3500,12.00,0.000,0.000,OFF,#2,HOLDING,0.000A/OFF
40605,2026-06-04 03:01:19,21.4250,12.00,0.000,0.000,OFF,#2,HOLDING,0.000A/OFF
40606,2026-06-04 03:01:20,21.4250,12.00,0.000,0.000,A,#2,HOLDING,0.113A/A
40607,2026-06-04 03:01:21,21.5000,12.00,0.000,0.000,A,#2,HOLDING,0.150A/A
40608,2026-06-04 03:01:23,21.5750,12.00,0.000,0.216,A,#2,HOLDING,0.192A/A
40609,2026-06-04 03:01:25,21.6250,12.00,0.000,0.216,A,#2,HOLDING,0.240A/A
40610,2026-06-04 03:01:26,21.6250,12.00,0.000,0.216,A,#2,HOLDING,0.270A/A
40611,2026-06-04 03:01:28,21.6750,2.45,0.000,0.216,A,#2,HOLDING,0.318A/A
40612,2026-06-04 03:01:30,21.7250,2.45,0.318,0.938,A,#2,HOLDING,0.370A/A
40613,2026-06-04 03:01:32,21.8125,2.45,0.318,0.938,A,#2,HOLDING,0.450A/A
40614,2026-06-04 03:01:34,21.8125,2.45,0.318,0.938,A,#2,HOLDING,0.490A/A
40615,2026-06-04 03:01:36,21.8125,4.28,0.318,0.938,A,#2,HOLDING,0.536A/A
40616,2026-06-04 03:01:38,21.8500,4.28,0.536,2.562,A,#2,HOLDING,0.589A/A
40617,2026-06-04 03:01:40,21.9125,4.28,0.536,2.562,A,#2,HOLDING,0.669A/A
40618,2026-06-04 03:01:42,21.9125,4.28,0.536,2.562,A,#2,HOLDING,0.717A/A
40619,2026-06-04 03:01:43,21.8875,6.17,0.536,2.562,A,#2,HOLDING,0.765A/A
40620,2026-06-04 03:01:45,21.9000,6.17,0.765,5.133,A,#2,HOLDING,0.816A/A
40621,2026-06-04 03:01:48,21.9000,6.17,0.765,5.133,A,#2,HOLDING,0.888A/A
40622,2026-06-04 03:01:49,21.9000,6.17,0.765,5.133,A,#2,HOLDING,0.938A/A
40623,2026-06-04 03:01:51,21.8250,7.92,0.765,5.133,A,#2,HOLDING,0.979A/A
40624,2026-06-04 03:01:53,21.8125,7.92,0.979,8.223,A,#2,HOLDING,1.028A/A
40625,2026-06-04 03:01:55,21.7500,7.92,0.979,8.223,A,#2,HOLDING,1.084A/A
40626,2026-06-04 03:01:57,21.7500,7.92,0.979,8.223,A,#2,HOLDING,1.134A/A
40627,2026-06-04 03:01:59,21.7000,9.35,0.979,8.223,A,#2,HOLDING,1.176A/A
40628,2026-06-04 03:02:01,21.6250,9.35,1.176,11.607,A,#2,HOLDING,1.216A/A
40629,2026-06-04 03:02:03,21.5000,9.35,1.176,11.607,A,#2,HOLDING,1.252A/A
40630,2026-06-04 03:02:05,21.5000,9.35,1.176,11.607,A,#2,HOLDING,1.292A/A
40631,2026-06-04 03:02:07,21.4500,10.56,1.176,11.607,A,#2,HOLDING,1.000A/A
40632,2026-06-04 03:02:08,21.3125,10.56,1.000,8.780,A,#2,HOLDING,1.275A/A
40633,2026-06-04 03:02:11,21.1500,10.56,1.000,8.780,A,#2,HOLDING,1.299A/A
40634,2026-06-04 03:02:12,21.1500,10.56,1.000,8.780,A,#2,HOLDING,1.328A/A
40635,2026-06-04 03:02:14,21.0500,10.92,1.000,8.780,A,#2,HOLDING,1.355A/A
40636,2026-06-04 03:02:16,20.9500,10.92,1.355,15.406,A,#2,HOLDING,1.379A/A
40637,2026-06-04 03:02:18,20.7375,10.92,1.355,15.406,A,#3,APPROACH,1.000A/A
40638,2026-06-04 03:02:20,20.7375,10.92,1.355,15.406,B,#3,APPROACH,0.128A/B
40639,2026-06-04 03:02:22,20.6375,10.92,1.355,15.406,B,#3,APPROACH,0.176A/B
40640,2026-06-04 03:02:24,20.5125,6.50,1.355,15.406,B,#3,APPROACH,0.243A/B
40641,2026-06-04 03:02:26,20.4125,6.50,0.314,0.439,B,#3,APPROACH,0.336A/B
40642,2026-06-04 03:02:28,20.2250,6.50,0.314,0.439,B,#3,APPROACH,0.468A/B
40643,2026-06-04 03:02:30,20.2250,6.50,0.314,0.439,B,#3,APPROACH,0.546A/B
40644,2026-06-04 03:02:32,20.1875,4.25,0.314,0.439,B,#3,APPROACH,0.651A/B
40645,2026-06-04 03:02:34,20.1875,4.25,0.651,3.450,B,#3,APPROACH,0.744A/B
40646,2026-06-04 03:02:36,20.2250,4.25,0.651,3.450,B,#3,APPROACH,0.876A/B
40647,2026-06-04 03:02:38,20.2250,4.25,0.651,3.450,B,#3,APPROACH,0.966A/B
40648,2026-06-04 03:02:39,20.3125,7.64,0.651,3.450,B,#3,APPROACH,1.057A/B
40649,2026-06-04 03:02:41,20.3125,7.64,1.057,8.963,B,#3,APPROACH,1.164A/B
40650,2026-06-04 03:02:44,20.4625,7.64,1.057,8.963,B,#3,APPROACH,1.000A/B
40651,2026-06-04 03:02:45,20.4625,7.64,1.057,8.963,B,#3,APPROACH,1.275A/B
40652,2026-06-04 03:02:47,20.5125,10.03,1.057,8.963,B,#3,APPROACH,1.000A/B
40653,2026-06-04 03:02:49,20.6375,10.03,1.011,8.390,B,#3,APPROACH,1.000A/B
40654,2026-06-04 03:02:51,20.9125,10.03,1.011,8.390,B,#3,APPROACH,1.000A/B
40655,2026-06-04 03:02:53,20.9125,10.03,1.011,8.390,B,#3,APPROACH,1.325A/B
40656,2026-06-04 03:02:55,21.0500,10.64,1.011,8.390,B,#3,APPROACH,1.000A/B
40657,2026-06-04 03:02:57,21.2000,10.64,1.000,8.630,B,#3,APPROACH,1.000A/B
40658,2026-06-04 03:02:59,21.5125,10.64,1.000,8.630,B,#3,APPROACH,1.353A/B
40659,2026-06-04 03:03:01,21.5125,10.64,1.000,8.630,B,#3,APPROACH,1.419A/B
40660,2026-06-04 03:03:02,21.6750,11.46,1.000,8.630,B,#3,APPROACH,1.000A/B
40661,2026-06-04 03:03:04,21.8250,11.46,1.000,8.810,B,#3,APPROACH,1.462A/B
40662,2026-06-04 03:03:07,22.2000,11.46,1.000,8.810,B,#3,HOLDING,1.000A/B
40663,2026-06-04 03:03:08,22.2000,11.46,1.000,8.810,OFF,#3,HOLDING,0.000A/OFF
40664,2026-06-04 03:03:09,22.3625,11.46,1.000,8.810,OFF,#3,HOLDING,0.000A/OFF
40665,2026-06-04 03:03:10,22.5375,12.00,1.000,8.810,OFF,#3,HOLDING,0.000A/OFF
40666,2026-06-04 03:03:11,22.5375,12.00,0.000,8.810,OFF,#3,HOLDING,0.000A/OFF
40667,2026-06-04 03:03:12,22.7375,12.00,0.000,0.000,OFF,#3,HOLDING,0.000A/OFF
40668,2026-06-04 03:03:13,22.7375,12.00,0.000,0.000,OFF,#3,HOLDING,0.000A/OFF
40669,2026-06-04 03:03:14,22.8875,12.00,0.000,0.000,OFF,#3,HOLDING,0.000A/OFF
40670,2026-06-04 03:03:15,22.8875,12.00,0.000,0.000,OFF,#3,HOLDING,0.000A/OFF
40671,2026-06-04 03:03:16,23.0500,12.00,0.000,0.000,OFF,#3,HOLDING,0.000A/OFF
40672,2026-06-04 03:03:17,23.0500,12.00,0.000,0.000,OFF,#3,HOLDING,0.000A/OFF
40673,2026-06-04 03:03:18,23.2000,12.00,0.000,0.000,OFF,#3,HOLDING,0.000A/OFF
40674,2026-06-04 03:03:19,23.2000,12.00,0.000,0.000,OFF,#3,HOLDING,0.000A/OFF
40675,2026-06-04 03:03:20,23.3625,12.00,0.000,0.000,OFF,#3,HOLDING,0.000A/OFF
40676,2026-06-04 03:03:21,23.3625,12.00,0.000,0.000,OFF,#3,HOLDING,0.000A/OFF
40677,2026-06-04 03:03:22,23.4875,12.00,0.000,0.000,OFF,#3,HOLDING,0.000A/OFF
40678,2026-06-04 03:03:23,23.4875,12.00,0.000,0.000,OFF,#3,HOLDING,0.000A/OFF
40679,2026-06-04 03:03:24,23.6125,12.00,0.000,0.000,OFF,#3,HOLDING,0.000A/OFF
40680,2026-06-04 03:03:25,23.6125,12.00,0.000,0.000,OFF,#3,HOLDING,0.000A/OFF
40681,2026-06-04 03:03:27,23.7375,12.00,0.000,0.000,OFF,#3,HOLDING,0.000A/OFF
40682,2026-06-04 03:03:28,23.7375,12.00,0.000,0.000,OFF,#3,HOLDING,0.000A/OFF
40683,2026-06-04 03:03:29,23.8250,12.00,0.000,0.000,OFF,#3,HOLDING,0.000A/OFF
40684,2026-06-04 03:03:30,23.9250,12.00,0.000,0.000,OFF,#3,HOLDING,0.000A/OFF
40685,2026-06-04 03:03:31,23.9250,12.00,0.000,0.000,OFF,#3,HOLDING,0.000A/OFF
40686,2026-06-04 03:03:32,24.0125,12.00,0.000,0.000,OFF,#3,HOLDING,0.000A/OFF
40687,2026-06-04 03:03:33,24.0125,12.00,0.000,0.000,OFF,#3,HOLDING,0.000A/OFF
40688,2026-06-04 03:03:34,24.1125,12.00,0.000,0.000,A,#3,HOLDING,0.175A/A
40689,2026-06-04 03:03:35,24.1125,12.00,0.000,0.000,A,#3,HOLDING,0.191A/A
40690,2026-06-04 03:03:37,24.1750,1.61,0.000,0.000,A,#3,HOLDING,0.236A/A
40691,2026-06-04 03:03:39,24.2750,1.61,0.225,0.505,A,#3,HOLDING,0.276A/A
40692,2026-06-04 03:03:41,24.3250,1.61,0.225,0.505,A,#3,HOLDING,0.341A/A
40693,2026-06-04 03:03:43,24.3750,1.61,0.225,0.505,A,#3,HOLDING,0.383A/A
40694,2026-06-04 03:03:44,24.4125,3.23,0.225,0.505,A,#3,HOLDING,0.427A/A
40695,2026-06-04 03:03:46,24.4625,3.23,0.409,1.575,A,#3,HOLDING,0.482A/A
40696,2026-06-04 03:03:49,24.5250,3.23,0.409,1.575,A,#3,HOLDING,0.552A/A
40697,2026-06-04 03:03:50,24.5250,3.23,0.409,1.575,A,#3,HOLDING,0.594A/A
40698,2026-06-04 03:03:52,24.5625,5.11,0.409,1.575,A,#3,HOLDING,0.651A/A
40699,2026-06-04 03:03:54,24.5625,5.11,0.621,3.704,A,#3,HOLDING,0.700A/A
40700,2026-06-04 03:03:56,24.5625,5.11,0.621,3.704,A,#3,HOLDING,0.769A/A
40701,2026-06-04 03:03:58,24.5625,5.11,0.621,3.704,A,#3,HOLDING,0.813A/A
40702,2026-06-04 03:04:00,24.5250,6.96,0.621,3.704,A,#3,HOLDING,0.861A/A
40703,2026-06-04 03:04:02,24.5000,6.96,0.835,6.457,A,#3,HOLDING,0.909A/A
40704,2026-06-04 03:04:04,24.4625,6.96,0.835,6.457,A,#3,HOLDING,0.971A/A
40705,2026-06-04 03:04:06,24.4375,6.96,0.835,6.457,A,#3,HOLDING,1.012A/A
40706,2026-06-04 03:04:08,24.3750,8.59,0.835,6.457,A,#3,HOLDING,1.000A/A
40707,2026-06-04 03:04:09,24.3250,8.59,1.000,8.690,A,#3,HOLDING,1.046A/A
40708,2026-06-04 03:04:12,24.2750,8.59,1.000,8.690,A,#3,HOLDING,1.098A/A
40709,2026-06-04 03:04:13,24.2000,8.59,1.000,8.690,A,#3,HOLDING,1.126A/A
40710,2026-06-04 03:04:15,24.1125,9.42,1.000,8.690,A,#3,HOLDING,1.157A/A
40711,2026-06-04 03:04:17,24.0125,9.42,1.138,11.361,A,#3,HOLDING,1.134A/A
40712,2026-06-04 03:04:19,23.9000,9.42,1.138,11.361,A,#3,HOLDING,1.172A/A
40713,2026-06-04 03:04:21,23.8000,9.42,1.138,11.361,A,#3,HOLDING,1.191A/A
40714,2026-06-04 03:04:23,23.6500,9.99,1.138,11.361,A,#3,HOLDING,1.208A/A
40715,2026-06-04 03:04:25,23.5500,9.99,1.196,12.430,A,#3,HOLDING,1.224A/A
40716,2026-06-04 03:04:27,23.4250,9.99,1.196,12.430,A,#3,HOLDING,1.241A/A
40717,2026-06-04 03:04:29,23.3000,9.99,1.196,12.430,A,#3,HOLDING,1.248A/A
40718,2026-06-04 03:04:31,23.1750,10.48,1.196,12.430,A,#3,HOLDING,1.249A/A
40719,2026-06-04 03:04:32,23.0250,10.48,1.249,13.351,A,#3,HOLDING,1.241A/A
40720,2026-06-04 03:04:35,22.8875,10.48,1.249,13.351,A,#3,HOLDING,1.234A/A
40721,2026-06-04 03:04:36,22.7375,10.48,1.249,13.351,A,#3,HOLDING,1.217A/A
40722,2026-06-04 03:04:38,22.6125,10.37,1.249,13.351,A,#3,HOLDING,1.201A/A
40723,2026-06-04 03:04:40,22.4625,10.37,1.201,12.550,A,#3,HOLDING,1.000A/A
40724,2026-06-04 03:04:43,22.3375,10.37,1.201,12.550,A,#3,HOLDING,1.000A/A
40725,2026-06-04 03:04:44,22.1875,10.37,1.201,12.550,A,#3,HOLDING,1.171A/A
40726,2026-06-04 03:04:46,22.0500,10.10,1.201,12.550,A,#3,HOLDING,1.079A/A
40727,2026-06-04 03:04:48,21.9000,10.10,1.079,10.379,A,#3,HOLDING,1.000A/A
40728,2026-06-04 03:04:50,21.7625,10.10,1.079,10.379,A,#3,HOLDING,1.000A/A
40729,2026-06-04 03:04:52,21.6125,10.10,1.079,10.379,A,#3,HOLDING,0.998A/A
40730,2026-06-04 03:04:54,21.4750,8.97,1.079,10.379,A,#3,HOLDING,0.939A/A
40731,2026-06-04 03:04:56,21.3000,8.97,0.939,8.188,A,#3,HOLDING,0.852A/A
40732,2026-06-04 03:04:58,21.2125,8.97,0.939,8.188,A,#3,HOLDING,0.772A/A
40733,2026-06-04 03:05:00,21.0875,8.97,0.939,8.188,A,#3,HOLDING,0.694A/A
40734,2026-06-04 03:05:01,20.9250,6.87,0.939,8.188,A,#3,HOLDING,0.608A/A
40735,2026-06-04 03:05:03,20.8000,6.87,0.608,3.818,A,#3,HOLDING,0.513A/A
40736,2026-06-04 03:05:06,20.7125,6.87,0.608,3.818,A,#3,HOLDING,0.396A/A
40737,2026-06-04 03:05:07,20.5625,6.87,0.608,3.818,A,#3,HOLDING,0.305A/A
40738,2026-06-04 03:05:09,20.4875,3.74,0.608,3.818,A,#3,HOLDING,0.200A/A
40739,2026-06-04 03:05:11,20.3625,3.74,0.200,3.818,OFF,#3,HOLDING,0.000A/OFF
40740,2026-06-04 03:05:12,20.3000,3.74,0.200,0.586,OFF,#3,HOLDING,0.000A/OFF
40741,2026-06-04 03:05:13,20.3000,3.74,0.200,0.586,OFF,#3,HOLDING,0.000A/OFF
40742,2026-06-04 03:05:14,20.2000,3.74,0.200,0.586,B,#3,HOLDING,0.103A/B
40743,2026-06-04 03:05:16,20.1250,3.74,0.200,0.586,B,#3,HOLDING,0.233A/B
40744,2026-06-04 03:05:18,20.0750,2.36,0.233,0.586,B,#3,HOLDING,0.346A/B
40745,2026-06-04 03:05:19,20.0500,2.36,0.233,0.826,B,#3,HOLDING,0.501A/B
40746,2026-06-04 03:05:21,20.0500,2.36,0.233,0.826,B,#3,HOLDING,0.663A/B
40747,2026-06-04 03:05:23,19.9750,2.36,0.233,0.826,B,#3,HOLDING,0.773A/B
40748,2026-06-04 03:05:24,19.9375,5.83,0.233,0.826,B,#3,HOLDING,0.790A/B
40749,2026-06-04 03:05:26,19.9375,5.83,0.790,4.937,B,#3,HOLDING,0.933A/B
40750,2026-06-04 03:05:29,19.9375,5.83,0.790,4.937,B,#3,HOLDING,1.000A/B
40751,2026-06-04 03:05:30,19.9875,5.83,0.790,4.937,B,#3,HOLDING,1.000A/B
40752,2026-06-04 03:05:32,19.9875,7.91,0.790,4.937,B,#3,HOLDING,1.000A/B
40753,2026-06-04 03:05:34,20.0875,7.91,1.000,8.080,B,#3,HOLDING,1.252A/B
40754,2026-06-04 03:05:36,20.1375,7.91,1.000,8.080,B,#3,HOLDING,1.219A/B
40755,2026-06-04 03:05:38,20.2125,7.91,1.000,8.080,B,#3,HOLDING,1.219A/B
40756,2026-06-04 03:05:40,20.3000,9.70,1.000,8.080,B,#3,HOLDING,1.283A/B
40757,2026-06-04 03:05:42,20.4500,9.70,1.250,13.279,B,#3,HOLDING,1.000A/B
40758,2026-06-04 03:05:44,20.5500,9.70,1.250,13.279,B,#3,HOLDING,1.000A/B
40759,2026-06-04 03:05:46,20.7000,9.70,1.250,13.279,B,#3,HOLDING,1.317A/B
40760,2026-06-04 03:05:48,20.8625,10.66,1.250,13.279,B,#3,HOLDING,1.388A/B
40761,2026-06-04 03:05:49,21.0125,10.66,1.355,15.781,B,#3,HOLDING,1.448A/B
40762,2026-06-04 03:05:52,21.1750,10.66,1.355,15.781,B,#3,HOLDING,1.000A/B
40763,2026-06-04 03:05:53,21.3750,10.66,1.355,15.781,B,#3,HOLDING,1.500A/B
40764,2026-06-04 03:05:55,21.5500,12.00,1.355,15.781,B,#3,HOLDING,1.506A/B
40765,2026-06-04 03:05:57,21.7500,12.00,1.456,17.220,B,#3,HOLDING,1.500A/B
40766,2026-06-04 03:05:59,21.9250,12.00,1.456,17.220,B,#3,HOLDING,1.540A/B
40767,2026-06-04 03:06:01,22.1250,12.00,1.456,17.220,B,#3,HOLDING,1.500A/B
40768,2026-06-04 03:06:03,22.3625,12.00,1.456,17.220,B,#3,HOLDING,1.505A/B
40769,2026-06-04 03:06:05,22.5625,12.00,1.419,16.800,B,#4,APPROACH,1.519A/B
40770,2026-06-04 03:06:07,22.7750,12.00,1.419,16.800,B,#4,APPROACH,0.209A/B
40771,2026-06-04 03:06:09,22.9750,12.00,1.419,16.800,B,#4,APPROACH,0.211A/B
40772,2026-06-04 03:06:11,23.4375,12.00,1.419,16.800,B,#4,APPROACH,0.197A/B
40773,2026-06-04 03:06:14,23.6625,7.13,0.197,16.800,B,#4,APPROACH,0.208A/B
40774,2026-06-04 03:06:15,23.8625,7.13,0.197,0.671,B,#4,APPROACH,0.166A/B
40775,2026-06-04 03:06:17,23.8625,7.13,0.197,0.671,B,#4,APPROACH,0.247A/B
40776,2026-06-04 03:06:19,24.0875,7.13,0.197,0.671,B,#4,APPROACH,0.270A/B
40777,2026-06-04 03:06:21,24.2875,3.51,0.197,0.671,B,#4,APPROACH,0.313A/B
40778,2026-06-04 03:06:22,24.4875,3.51,0.289,1.217,B,#4,APPROACH,0.342A/B
40779,2026-06-04 03:06:25,24.6875,3.51,0.289,1.217,B,#4,APPROACH,0.432A/B
40780,2026-06-04 03:06:26,24.8625,3.51,0.289,1.217,B,#4,APPROACH,0.482A/B
40781,2026-06-04 03:06:28,25.0375,5.13,0.289,1.217,B,#4,APPROACH,0.538A/B
40782,2026-06-04 03:06:30,25.2125,5.13,0.507,3.050,B,#4,APPROACH,0.583A/B
40783,2026-06-04 03:06:32,25.3875,5.13,0.507,3.050,B,#4,APPROACH,0.645A/B
40784,2026-06-04 03:06:34,25.5125,5.13,0.507,3.050,B,#4,APPROACH,0.679A/B
40785,2026-06-04 03:06:36,25.6875,6.69,0.507,3.050,B,#4,APPROACH,0.709A/B
40786,2026-06-04 03:06:38,25.8000,6.69,0.709,4.977,B,#4,HOLDING,0.694A/B
40787,2026-06-04 03:06:40,26.0500,6.69,0.709,4.977,OFF,#4,HOLDING,0.000A/OFF
40788,2026-06-04 03:06:41,26.0500,6.69,0.709,4.977,OFF,#4,HOLDING,0.000A/OFF
40789,2026-06-04 03:06:42,26.1500,6.69,0.709,4.977,OFF,#4,HOLDING,0.000A/OFF
40790,2026-06-04 03:06:43,26.1500,6.69,0.709,4.977,OFF,#4,HOLDING,0.000A/OFF
40791,2026-06-04 03:06:44,26.2875,12.00,0.000,4.977,OFF,#4,HOLDING,0.000A/OFF
40792,2026-06-04 03:06:45,26.2875,12.00,0.000,4.977,OFF,#4,HOLDING,0.000A/OFF
40793,2026-06-04 03:06:46,26.3875,12.00,0.000,0.000,OFF,#4,HOLDING,0.000A/OFF
40794,2026-06-04 03:06:47,26.3875,12.00,0.000,0.000,OFF,#4,HOLDING,0.000A/OFF
40795,2026-06-04 03:06:48,26.4875,12.00,0.000,0.000,OFF,#4,HOLDING,0.000A/OFF
40796,2026-06-04 03:06:49,26.4875,12.00,0.000,0.000,OFF,#4,HOLDING,0.000A/OFF
40797,2026-06-04 03:06:50,26.6125,12.00,0.000,0.000,OFF,#4,HOLDING,0.000A/OFF
40798,2026-06-04 03:06:51,26.6125,12.00,0.000,0.000,OFF,#4,HOLDING,0.000A/OFF
40799,2026-06-04 03:06:52,26.6625,12.00,0.000,0.000,OFF,#4,HOLDING,0.000A/OFF
40800,2026-06-04 03:06:53,26.6625,12.00,0.000,0.000,B,#4,HOLDING,0.102A/B
40801,2026-06-04 03:06:55,26.7625,12.00,0.000,0.000,B,#4,HOLDING,0.000A/OFF
40802,2026-06-04 03:06:56,26.8500,12.00,0.000,0.000,OFF,#4,HOLDING,0.000A/OFF
40803,2026-06-04 03:06:57,26.8500,12.00,0.000,0.000,OFF,#4,HOLDING,0.000A/OFF
40804,2026-06-04 03:06:58,26.9250,12.00,0.000,0.000,OFF,#4,HOLDING,0.000A/OFF
40805,2026-06-04 03:06:59,26.9250,12.00,0.000,0.000,OFF,#4,HOLDING,0.000A/OFF
40806,2026-06-04 03:07:00,26.9500,12.00,0.000,0.000,OFF,#4,HOLDING,0.000A/OFF
40807,2026-06-04 03:07:01,26.9500,12.00,0.000,0.000,OFF,#4,HOLDING,0.000A/OFF
40808,2026-06-04 03:07:02,27.0250,12.00,0.000,0.000,OFF,#4,HOLDING,0.000A/OFF
40809,2026-06-04 03:07:03,27.0250,12.00,0.000,0.000,OFF,#4,HOLDING,0.000A/OFF
40810,2026-06-04 03:07:04,27.0625,12.00,0.000,0.000,OFF,#4,HOLDING,0.000A/OFF
40811,2026-06-04 03:07:05,27.0625,12.00,0.000,0.000,OFF,#4,HOLDING,0.000A/OFF
40812,2026-06-04 03:07:06,27.0875,12.00,0.000,0.000,OFF,#4,HOLDING,0.000A/OFF
40813,2026-06-04 03:07:07,27.0875,12.00,0.000,0.000,OFF,#4,HOLDING,0.000A/OFF
40814,2026-06-04 03:07:08,27.1000,12.00,0.000,0.000,OFF,#4,HOLDING,0.000A/OFF
40815,2026-06-04 03:07:09,27.1500,12.00,0.000,0.000,OFF,#4,HOLDING,0.000A/OFF
40816,2026-06-04 03:07:10,27.1500,12.00,0.000,0.000,OFF,#4,HOLDING,0.000A/OFF
40817,2026-06-04 03:07:11,27.1875,12.00,0.000,0.000,OFF,#4,HOLDING,0.000A/OFF
40818,2026-06-04 03:07:12,27.1875,12.00,0.000,0.000,A,#4,HOLDING,0.112A/A
40819,2026-06-04 03:07:14,27.1875,12.00,0.000,0.000,A,#4,HOLDING,0.180A/A
40820,2026-06-04 03:07:16,27.1875,12.00,0.000,0.000,A,#4,HOLDING,0.189A/A
40821,2026-06-04 03:07:17,27.1875,1.49,0.000,0.000,A,#4,HOLDING,0.278A/A
40822,2026-06-04 03:07:19,27.1875,1.49,0.278,0.650,A,#4,HOLDING,0.297A/A
40823,2026-06-04 03:07:21,27.1875,1.49,0.278,0.650,A,#4,HOLDING,0.320A/A
40824,2026-06-04 03:07:23,27.1875,1.49,0.278,0.650,A,#4,HOLDING,0.335A/A
40825,2026-06-04 03:07:25,27.1625,2.85,0.278,0.650,A,#4,HOLDING,0.233A/A
40826,2026-06-04 03:07:27,27.1250,2.85,0.282,0.496,A,#4,HOLDING,0.213A/A
40827,2026-06-04 03:07:29,27.0750,2.85,0.282,0.496,A,#4,HOLDING,0.186A/A
40828,2026-06-04 03:07:31,27.0625,2.85,0.282,0.496,A,#4,HOLDING,0.213A/A
40829,2026-06-04 03:07:33,27.0125,1.97,0.282,0.496,A,#4,HOLDING,0.237A/A
40830,2026-06-04 03:07:34,26.9875,1.97,0.237,0.535,A,#4,HOLDING,0.258A/A
40831,2026-06-04 03:07:37,26.9125,1.97,0.237,0.535,A,#4,HOLDING,0.271A/A
40832,2026-06-04 03:07:38,26.8625,1.97,0.237,0.535,A,#5,APPROACH,0.272A/A
40833,2026-06-04 03:07:40,26.8125,0.64,0.237,0.535,A,#5,APPROACH,0.139A/A
40834,2026-06-04 03:07:42,26.7500,0.64,0.000,0.535,A,#5,HOLDING,0.195A/A
40835,2026-06-04 03:07:44,26.7000,0.64,0.000,0.000,A,#5,HOLDING,0.290A/A
40836,2026-06-04 03:07:47,26.6250,0.64,0.000,0.000,A,#5,HOLDING,0.177A/A
40837,2026-06-04 03:07:48,26.5750,0.64,0.000,0.000,A,#5,HOLDING,0.193A/A
40838,2026-06-04 03:07:50,26.5250,1.88,0.000,0.000,A,#5,HOLDING,0.161A/A
40839,2026-06-04 03:07:52,26.4750,1.88,0.161,0.283,A,#5,HOLDING,0.171A/A
40840,2026-06-04 03:07:54,26.4000,1.88,0.161,0.283,A,#5,HOLDING,0.212A/A
40841,2026-06-04 03:07:56,26.3250,1.88,0.161,0.283,A,#5,HOLDING,0.239A/A
40842,2026-06-04 03:07:58,26.3000,2.27,0.161,0.283,A,#5,HOLDING,0.287A/A
40843,2026-06-04 03:08:00,26.2000,2.27,0.287,0.769,A,#5,HOLDING,0.315A/A
40844,2026-06-04 03:08:02,26.1500,2.27,0.287,0.769,A,#5,HOLDING,0.323A/A
40845,2026-06-04 03:08:04,26.0750,2.27,0.287,0.769,A,#5,HOLDING,0.306A/A
40846,2026-06-04 03:08:06,25.9875,2.83,0.287,0.769,A,#5,HOLDING,0.279A/A
40847,2026-06-04 03:08:07,25.9125,2.83,0.279,0.739,A,#5,HOLDING,0.276A/A
40848,2026-06-04 03:08:10,25.8625,2.83,0.279,0.739,A,#5,HOLDING,0.278A/A
40849,2026-06-04 03:08:11,25.7625,2.83,0.279,0.739,A,#5,HOLDING,0.227A/A
40850,2026-06-04 03:08:13,25.6500,2.29,0.279,0.739,A,#5,HOLDING,0.115A/A
40851,2026-06-04 03:08:15,25.5750,2.29,0.148,0.739,OFF,#5,HOLDING,0.000A/OFF
40852,2026-06-04 03:08:16,25.5750,2.29,0.148,0.167,OFF,#5,HOLDING,0.116A/B
40853,2026-06-04 03:08:18,25.5000,2.29,0.148,0.167,B,#5,HOLDING,0.358A/B
40854,2026-06-04 03:08:19,25.4500,2.29,0.148,0.167,B,#5,HOLDING,0.639A/B
40855,2026-06-04 03:08:21,25.3625,5.29,0.148,0.167,B,#5,HOLDING,1.000A/B
40856,2026-06-04 03:08:23,25.2625,5.29,0.817,8.110,B,#5,HOLDING,1.000A/B
40857,2026-06-04 03:08:25,25.1750,5.29,0.817,8.110,B,#5,HOLDING,1.000A/B
40858,2026-06-04 03:08:27,25.1250,5.29,0.817,8.110,B,#5,HOLDING,1.000A/B
40859,2026-06-04 03:08:29,25.0875,8.26,0.817,8.110,B,#5,HOLDING,1.000A/B
40860,2026-06-04 03:08:31,25.0625,8.26,1.000,8.420,B,#5,HOLDING,2.000A/B
40861,2026-06-04 03:08:33,25.0625,8.26,1.000,8.420,B,#5,HOLDING,2.500A/B
40862,2026-06-04 03:08:35,25.0625,8.26,1.000,8.420,B,#5,HOLDING,1.500A/B
40863,2026-06-04 03:08:36,25.0625,11.87,1.000,8.420,B,#5,HOLDING,1.500A/B
40864,2026-06-04 03:08:38,25.1125,11.87,1.500,17.748,B,#5,HOLDING,1.500A/B
40865,2026-06-04 03:08:41,25.1625,11.87,1.500,17.748,B,#5,HOLDING,2.000A/B
40866,2026-06-04 03:08:42,25.2125,11.87,1.500,17.748,B,#5,HOLDING,2.000A/B
40867,2026-06-04 03:08:44,25.2875,12.00,1.451,17.748,OFF,--,DONE,3.000A/B
40868,2026-06-04 03:08:47,25.3875,12.00,1.451,17.748,OFF,--,DONE,--
40869,2026-06-04 03:08:48,25.5000,12.00,1.451,0.000,OFF,--,DONE,--
40870,2026-06-04 03:08:49,25.5000,12.00,1.451,0.000,OFF,--,DONE,--
40871,2026-06-04 03:08:50,25.5750,6.88,0.000,0.000,OFF,--,DONE,--
40872,2026-06-04 03:08:51,25.5750,6.88,0.000,0.000,OFF,--,DONE,--
40873,2026-06-04 03:08:52,25.7250,6.88,0.000,0.000,OFF,--,DONE,--
40874,2026-06-04 03:08:53,25.8250,2.84,0.000,0.000,OFF,--,DONE,--
40875,2026-06-04 03:08:54,25.8250,2.84,0.000,0.000,OFF,--,DONE,--
40876,2026-06-04 03:08:55,25.8875,2.84,0.000,0.000,OFF,--,DONE,--
40877,2026-06-04 03:08:56,25.8875,2.84,0.000,0.000,OFF,--,DONE,--
40878,2026-06-04 03:08:57,25.9875,1.09,0.000,0.000,OFF,--,DONE,--
40879,2026-06-04 03:08:58,25.9875,1.09,0.000,0.000,OFF,--,DONE,--
40880,2026-06-04 03:08:59,26.0750,1.09,0.000,0.000,OFF,--,DONE,--
40881,2026-06-04 03:09:00,26.0750,0.39,0.000,0.000,OFF,--,DONE,--
40882,2026-06-04 03:09:01,26.1500,0.39,0.000,0.000,OFF,--,DONE,--
40883,2026-06-04 03:09:02,26.1500,0.39,0.000,0.000,OFF,--,DONE,--
40884,2026-06-04 03:09:03,26.2250,0.39,0.000,0.000,OFF,--,DONE,--
40885,2026-06-04 03:09:04,26.2250,0.00,0.000,0.000,OFF,--,DONE,--
40886,2026-06-04 03:09:05,26.2750,0.00,0.000,0.000,OFF,--,DONE,--
40887,2026-06-04 03:09:06,26.2750,0.00,0.000,0.000,OFF,--,DONE,--
40888,2026-06-04 03:09:07,26.3250,0.00,0.000,0.000,OFF,--,DONE,--
40889,2026-06-04 03:09:08,26.3250,0.00,0.000,0.000,OFF,--,DONE,--
40890,2026-06-04 03:09:09,26.3750,0.00,0.000,0.000,OFF,--,DONE,--
40891,2026-06-04 03:09:10,26.3750,0.00,0.000,0.000,OFF,--,DONE,--
40892,2026-06-04 03:09:11,26.4375,0.00,0.000,0.000,OFF,--,DONE,--
40893,2026-06-04 03:09:12,26.4375,0.00,0.000,0.000,OFF,--,DONE,--
40894,2026-06-04 03:09:13,26.4375,0.00,0.000,0.000,OFF,--,DONE,--
40895,2026-06-04 03:09:14,26.4750,0.00,0.000,0.000,OFF,--,DONE,--
40896,2026-06-04 03:09:15,26.4750,0.00,0.000,0.000,OFF,--,DONE,--
40897,2026-06-04 03:09:16,26.5000,0.00,0.000,0.000,OFF,--,DONE,--
40898,2026-06-04 03:09:17,26.5000,0.00,0.000,0.000,OFF,--,DONE,--
40899,2026-06-04 03:09:18,26.5000,0.00,0.000,0.000,OFF,--,DONE,--
40900,2026-06-04 03:09:19,26.5000,0.00,0.000,0.000,OFF,--,DONE,--
40901,2026-06-04 03:09:20,26.5000,0.00,0.000,0.000,OFF,--,DONE,--
40902,2026-06-04 03:09:21,26.5000,0.00,0.000,0.000,OFF,--,DONE,--
40903,2026-06-04 03:09:22,26.5000,0.00,0.000,0.000,OFF,--,DONE,--
40904,2026-06-04 03:09:23,26.5000,0.00,0.000,0.000,OFF,--,DONE,--
40905,2026-06-04 03:09:24,26.5000,0.00,0.000,0.000,OFF,--,DONE,--
40906,2026-06-04 03:09:25,26.5000,0.00,0.000,0.000,OFF,--,DONE,--
40907,2026-06-04 03:09:26,26.5000,0.00,0.000,0.000,OFF,--,DONE,--
40908,2026-06-04 03:09:27,26.5000,0.00,0.000,0.000,OFF,--,DONE,--
40909,2026-06-04 03:09:28,26.5000,0.00,0.000,0.000,OFF,--,DONE,--
40910,2026-06-04 03:09:29,26.5000,0.00,0.000,0.000,OFF,--,DONE,--
40911,2026-06-04 03:09:30,26.5000,0.00,0.000,0.000,OFF,--,DONE,--
40912,2026-06-04 03:09:31,26.4750,0.00,0.000,0.000,OFF,--,DONE,--
40913,2026-06-04 03:09:32,26.4750,0.00,0.000,0.000,OFF,--,DONE,--
40914,2026-06-04 03:09:33,26.4500,0.00,0.000,0.000,OFF,--,DONE,--
40915,2026-06-04 03:09:34,26.4500,0.00,0.000,0.000,OFF,--,DONE,--
40916,2026-06-04 03:09:35,26.4500,0.00,0.000,0.000,OFF,--,DONE,--
40917,2026-06-04 03:09:36,26.4500,0.00,0.000,0.000,OFF,--,DONE,--
40918,2026-06-04 03:09:37,26.4375,0.00,0.000,0.000,OFF,--,DONE,--
40919,2026-06-04 03:09:38,26.4375,0.00,0.000,0.000,OFF,--,DONE,--
40920,2026-06-04 03:09:40,26.4125,0.00,0.000,0.000,OFF,--,DONE,--
40921,2026-06-04 03:09:41,26.4125,0.00,0.000,0.000,OFF,--,DONE,--
40922,2026-06-04 03:09:42,26.3750,0.00,0.000,0.000,OFF,--,DONE,--
40923,2026-06-04 03:09:43,26.3750,0.00,0.000,0.000,OFF,--,DONE,--
40924,2026-06-04 03:09:44,26.3750,0.00,0.000,0.000,OFF,--,DONE,--
40925,2026-06-04 03:09:45,26.3125,0.00,0.000,0.000,OFF,--,DONE,--
40926,2026-06-04 03:09:46,26.3125,0.00,0.000,0.000,OFF,--,DONE,--
40927,2026-06-04 03:09:47,26.3125,0.00,0.000,0.000,OFF,--,DONE,--
40928,2026-06-04 03:09:48,26.3125,0.00,0.000,0.000,OFF,--,DONE,--
40929,2026-06-04 03:09:49,26.2500,0.00,0.000,0.000,OFF,--,DONE,--
40930,2026-06-04 03:09:50,26.2500,0.00,0.000,0.000,OFF,--,DONE,--
40931,2026-06-04 03:09:51,26.2500,0.00,0.000,0.000,OFF,--,DONE,--
40932,2026-06-04 03:09:52,26.2500,0.00,0.000,0.000,OFF,--,DONE,--
40933,2026-06-04 03:09:53,26.2125,0.00,0.000,0.000,OFF,--,DONE,--
40934,2026-06-04 03:09:54,26.2125,0.00,0.000,0.000,OFF,--,DONE,--
40935,2026-06-04 03:09:55,26.1875,0.00,0.000,0.000,OFF,--,DONE,--
40936,2026-06-04 03:09:56,26.1875,0.00,0.000,0.000,OFF,--,DONE,--
40937,2026-06-04 03:09:57,26.1500,0.00,0.000,0.000,OFF,--,DONE,--
40938,2026-06-04 03:09:58,26.1000,0.00,0.000,0.000,OFF,--,DONE,--
40939,2026-06-04 03:09:59,26.1000,0.00,0.000,0.000,OFF,--,DONE,--
40940,2026-06-04 03:10:00,26.0625,0.00,0.000,0.000,OFF,--,DONE,--
40941,2026-06-04 03:10:01,26.0625,0.00,0.000,0.000,OFF,--,DONE,--
40942,2026-06-04 03:10:02,26.0125,0.00,0.000,0.000,OFF,--,DONE,--
40943,2026-06-04 03:10:03,26.0125,0.00,0.000,0.000,OFF,--,DONE,--
40944,2026-06-04 03:10:04,26.0000,0.00,0.000,0.000,OFF,--,DONE,--
40945,2026-06-04 03:10:05,26.0000,0.00,0.000,0.000,OFF,--,DONE,--
40946,2026-06-04 03:10:06,25.9500,0.00,0.000,0.000,OFF,--,DONE,--
40947,2026-06-04 03:10:07,25.9500,0.00,0.000,0.000,OFF,--,DONE,--
40948,2026-06-04 03:10:08,25.9000,0.00,0.000,0.000,OFF,--,DONE,--
40949,2026-06-04 03:10:09,25.9000,0.00,0.000,0.000,OFF,--,DONE,--
40950,2026-06-04 03:10:10,25.8500,0.00,0.000,0.000,OFF,--,DONE,--
40951,2026-06-04 03:10:11,25.8500,0.00,0.000,0.000,OFF,--,DONE,--
40952,2026-06-04 03:10:12,25.8125,0.00,0.000,0.000,OFF,--,DONE,--
40953,2026-06-04 03:10:13,25.7625,0.00,0.000,0.000,OFF,--,DONE,--
40954,2026-06-04 03:10:14,25.7625,0.00,0.000,0.000,OFF,--,DONE,--
40955,2026-06-04 03:10:15,25.7250,0.00,0.000,0.000,OFF,--,DONE,--
40956,2026-06-04 03:10:16,25.7250,0.00,0.000,0.000,OFF,--,DONE,--
40957,2026-06-04 03:10:17,25.7000,0.00,0.000,0.000,OFF,--,DONE,--
40958,2026-06-04 03:10:18,25.7000,0.00,0.000,0.000,OFF,--,DONE,--
40959,2026-06-04 03:10:20,25.6500,0.00,0.000,0.000,OFF,--,DONE,--
40960,2026-06-04 03:10:21,25.6500,0.00,0.000,0.000,OFF,--,DONE,--
40961,2026-06-04 03:10:22,25.6000,0.00,0.000,0.000,OFF,--,DONE,--
40962,2026-06-04 03:10:23,25.6000,0.00,0.000,0.000,OFF,--,DONE,--
40963,2026-06-04 03:10:24,25.5625,0.00,0.000,0.000,OFF,--,DONE,--
40964,2026-06-04 03:10:25,25.5625,0.00,0.000,0.000,OFF,--,DONE,--
40965,2026-06-04 03:10:26,25.5125,0.00,0.000,0.000,OFF,--,DONE,--
40966,2026-06-04 03:10:27,25.5125,0.00,0.000,0.000,OFF,--,DONE,--
40967,2026-06-04 03:10:28,25.4625,0.00,0.000,0.000,OFF,--,DONE,--
40968,2026-06-04 03:10:29,25.4375,0.00,0.000,0.000,OFF,--,DONE,--
40969,2026-06-04 03:10:30,25.4375,0.00,0.000,0.000,OFF,--,DONE,--
40970,2026-06-04 03:10:31,25.4000,0.00,0.000,0.000,OFF,--,DONE,--
40971,2026-06-04 03:10:32,25.4000,0.00,0.000,0.000,OFF,--,DONE,--
40972,2026-06-04 03:10:33,25.3250,0.00,0.000,0.000,OFF,--,DONE,--
40973,2026-06-04 03:10:34,25.3250,0.00,0.000,0.000,OFF,--,DONE,--
40974,2026-06-04 03:10:35,25.3125,0.00,0.000,0.000,OFF,--,DONE,--
40975,2026-06-04 03:10:36,25.3125,0.00,0.000,0.000,OFF,--,DONE,--
40976,2026-06-04 03:10:37,25.2625,0.00,0.000,0.000,OFF,--,DONE,--
40977,2026-06-04 03:10:38,25.2625,0.00,0.000,0.000,OFF,--,DONE,--
40978,2026-06-04 03:10:39,25.2500,0.00,0.000,0.000,OFF,--,DONE,--
40979,2026-06-04 03:10:40,25.2500,0.00,0.000,0.000,OFF,--,DONE,--
40980,2026-06-04 03:10:41,25.2000,0.00,0.000,0.000,OFF,--,DONE,--
40981,2026-06-04 03:10:42,25.2000,0.00,0.000,0.000,OFF,--,DONE,--
40982,2026-06-04 03:10:43,25.1250,0.00,0.000,0.000,OFF,--,DONE,--
40983,2026-06-04 03:10:44,25.0750,0.00,0.000,0.000,OFF,--,DONE,--
40984,2026-06-04 03:10:45,25.0750,0.00,0.000,0.000,OFF,--,DONE,--
40985,2026-06-04 03:10:46,25.0625,0.00,0.000,0.000,OFF,--,DONE,--
40986,2026-06-04 03:10:47,25.0625,0.00,0.000,0.000,OFF,--,DONE,--
40987,2026-06-04 03:10:48,25.0125,0.00,0.000,0.000,OFF,--,DONE,--
40988,2026-06-04 03:10:49,25.0125,0.00,0.000,0.000,B,#1,APPROACH,1.269A/B
40989,2026-06-04 03:10:52,24.9625,0.00,0.000,0.000,B,#1,APPROACH,1.435A/B
40990,2026-06-04 03:10:54,24.9000,0.00,0.000,0.000,B,#1,APPROACH,1.000A/B
40991,2026-06-04 03:10:56,24.8750,0.00,0.000,0.000,B,#1,APPROACH,1.000A/B
40992,2026-06-04 03:10:58,24.8375,8.05,0.000,0.000,B,#1,APPROACH,1.000A/B
40993,2026-06-04 03:11:00,24.8125,8.05,1.000,8.350,B,#1,APPROACH,1.377A/B
40994,2026-06-04 03:11:02,24.7875,8.05,1.000,8.350,B,#1,APPROACH,1.096A/B
40995,2026-06-04 03:11:04,24.7875,8.05,1.000,8.350,B,#1,APPROACH,1.000A/B
40996,2026-06-04 03:11:06,24.7875,8.54,1.000,8.350,B,#1,APPROACH,0.920A/B
40997,2026-06-04 03:11:08,24.8125,8.54,0.920,7.488,B,#1,APPROACH,1.031A/B
40998,2026-06-04 03:11:10,24.8250,8.54,0.920,7.488,B,#1,APPROACH,1.094A/B
40999,2026-06-04 03:11:12,24.8750,8.54,0.920,7.488,B,#1,APPROACH,1.223A/B
41000,2026-06-04 03:11:14,24.9375,10.24,0.920,7.488,B,#1,APPROACH,1.000A/B
41001,2026-06-04 03:11:15,25.0125,10.24,1.000,8.860,B,#1,APPROACH,1.358A/B
41002,2026-06-04 03:11:18,25.1000,10.24,1.000,8.860,B,#1,APPROACH,1.480A/B
41003,2026-06-04 03:11:19,25.1750,10.24,1.000,8.860,B,#1,APPROACH,1.634A/B
41004,2026-06-04 03:11:21,25.2250,12.00,1.000,8.860,B,#1,APPROACH,1.787A/B
41005,2026-06-04 03:11:23,25.3500,12.00,1.442,17.088,B,#1,APPROACH,1.853A/B
41006,2026-06-04 03:11:25,25.4250,12.00,1.442,17.088,B,#1,APPROACH,1.961A/B
41007,2026-06-04 03:11:27,25.5500,12.00,1.442,17.088,B,#1,APPROACH,1.000A/B
41008,2026-06-04 03:11:29,25.6500,9.09,1.442,17.088,B,#1,APPROACH,2.000A/B
41009,2026-06-04 03:11:31,25.7750,9.09,1.407,16.692,B,#1,APPROACH,2.073A/B
41010,2026-06-04 03:11:33,25.9250,9.09,1.407,16.692,B,#1,APPROACH,1.984A/B
41011,2026-06-04 03:11:35,26.0750,9.09,1.407,16.692,B,#1,APPROACH,2.000A/B
41012,2026-06-04 03:11:37,26.2000,12.00,1.407,16.692,B,#1,APPROACH,2.160A/B
41013,2026-06-04 03:11:38,26.3750,12.00,1.378,16.368,B,#1,APPROACH,1.000A/B
41014,2026-06-04 03:11:41,26.4875,12.00,1.378,16.368,B,#1,APPROACH,1.500A/B
41015,2026-06-04 03:11:42,26.6375,12.00,1.378,16.368,B,#1,APPROACH,1.000A/B
41016,2026-06-04 03:11:44,26.8000,9.35,1.378,16.368,B,#1,APPROACH,1.952A/B
41017,2026-06-04 03:11:46,27.0000,9.35,1.363,16.188,B,#1,HOLDING,1.898A/B
41018,2026-06-04 03:11:49,27.1125,9.35,1.363,16.188,OFF,#1,HOLDING,0.000A/OFF
41019,2026-06-04 03:11:50,27.2875,9.35,1.363,16.188,OFF,#1,HOLDING,0.000A/OFF
41020,2026-06-04 03:11:51,27.2875,9.35,1.363,16.188,OFF,#1,HOLDING,0.000A/OFF
41021,2026-06-04 03:11:52,27.4250,9.35,1.363,16.188,OFF,#1,HOLDING,0.000A/OFF
41022,2026-06-04 03:11:53,27.4250,12.00,0.000,16.188,OFF,#1,HOLDING,0.000A/OFF
41023,2026-06-04 03:11:54,27.6250,12.00,0.000,16.188,OFF,#1,HOLDING,0.000A/OFF
41024,2026-06-04 03:11:55,27.6250,12.00,0.000,0.000,OFF,#1,HOLDING,0.000A/OFF
41025,2026-06-04 03:11:56,27.7750,12.00,0.000,0.000,OFF,#1,HOLDING,0.000A/OFF
41026,2026-06-04 03:11:57,27.7750,12.00,0.000,0.000,OFF,#1,HOLDING,0.000A/OFF
41027,2026-06-04 03:11:58,27.9000,12.00,0.000,0.000,OFF,#1,HOLDING,0.000A/OFF
41028,2026-06-04 03:11:59,27.9000,12.00,0.000,0.000,OFF,#1,HOLDING,0.000A/OFF
41029,2026-06-04 03:12:00,28.0500,12.00,0.000,0.000,OFF,#1,HOLDING,0.000A/OFF
41030,2026-06-04 03:12:01,28.0500,12.00,0.000,0.000,OFF,#1,HOLDING,0.000A/OFF
41031,2026-06-04 03:12:02,28.1750,12.00,0.000,0.000,OFF,#1,HOLDING,0.000A/OFF
41032,2026-06-04 03:12:03,28.1750,12.00,0.000,0.000,OFF,#1,HOLDING,0.000A/OFF
41033,2026-06-04 03:12:04,28.2875,12.00,0.000,0.000,OFF,#1,HOLDING,0.000A/OFF
41034,2026-06-04 03:12:05,28.2875,12.00,0.000,0.000,OFF,#1,HOLDING,0.000A/OFF
41035,2026-06-04 03:12:06,28.3625,12.00,0.000,0.000,OFF,#1,HOLDING,0.000A/OFF
41036,2026-06-04 03:12:07,28.3625,12.00,0.000,0.000,OFF,#1,HOLDING,0.000A/OFF
41037,2026-06-04 03:12:08,28.4500,12.00,0.000,0.000,OFF,#1,HOLDING,0.000A/OFF
41038,2026-06-04 03:12:09,28.5250,12.00,0.000,0.000,OFF,#1,HOLDING,0.000A/OFF
41039,2026-06-04 03:12:10,28.5250,12.00,0.000,0.000,OFF,#1,HOLDING,0.000A/OFF
41040,2026-06-04 03:12:11,28.5750,12.00,0.000,0.000,OFF,#1,HOLDING,0.000A/OFF
41041,2026-06-04 03:12:12,28.5750,12.00,0.000,0.000,OFF,#1,HOLDING,0.000A/OFF
41042,2026-06-04 03:12:13,28.6250,12.00,0.000,0.000,OFF,#1,HOLDING,0.000A/OFF
41043,2026-06-04 03:12:14,28.6250,12.00,0.000,0.000,OFF,#1,HOLDING,0.000A/OFF
41044,2026-06-04 03:12:15,28.6875,12.00,0.000,0.000,OFF,#1,HOLDING,0.000A/OFF
41045,2026-06-04 03:12:16,28.6875,12.00,0.000,0.000,OFF,#1,HOLDING,0.000A/OFF
41046,2026-06-04 03:12:17,28.7375,12.00,0.000,0.000,A,#1,HOLDING,0.124A/A
41047,2026-06-04 03:12:19,28.7625,12.00,0.000,0.000,A,#1,HOLDING,0.154A/A
41048,2026-06-04 03:12:21,28.8125,12.00,0.000,0.143,A,#1,HOLDING,0.189A/A
41049,2026-06-04 03:12:22,28.8250,12.00,0.000,0.143,A,#1,HOLDING,0.217A/A
41050,2026-06-04 03:12:24,28.8250,12.00,0.000,0.143,A,#1,HOLDING,0.241A/A
41051,2026-06-04 03:12:26,28.8500,1.85,0.000,0.143,A,#1,HOLDING,0.280A/A
41052,2026-06-04 03:12:28,28.8750,1.85,0.258,0.652,A,#1,HOLDING,0.322A/A
41053,2026-06-04 03:12:30,28.8375,1.85,0.258,0.652,A,#1,HOLDING,0.373A/A
41054,2026-06-04 03:12:32,28.8375,1.85,0.258,0.652,A,#1,HOLDING,0.393A/A
41055,2026-06-04 03:12:33,28.8125,3.27,0.258,0.652,A,#1,HOLDING,0.409A/A
41056,2026-06-04 03:12:35,28.7750,3.27,0.409,1.431,A,#1,HOLDING,0.446A/A
41057,2026-06-04 03:12:38,28.6875,3.27,0.409,1.431,A,#1,HOLDING,0.483A/A
41058,2026-06-04 03:12:39,28.6875,3.27,0.409,1.431,A,#1,HOLDING,0.522A/A
41059,2026-06-04 03:12:41,28.6375,4.45,0.409,1.431,A,#1,HOLDING,0.546A/A
41060,2026-06-04 03:12:43,28.5500,4.45,0.532,2.598,A,#1,HOLDING,0.578A/A
41061,2026-06-04 03:12:45,28.4375,4.45,0.532,2.598,A,#1,HOLDING,0.571A/A
41062,2026-06-04 03:12:47,28.4375,4.45,0.532,2.598,A,#2,APPROACH,0.584A/A
41063,2026-06-04 03:12:49,28.3625,3.05,0.532,2.598,A,#2,APPROACH,0.133A/A
41064,2026-06-04 03:12:51,28.2750,3.05,0.000,2.598,A,#2,APPROACH,0.153A/A
41065,2026-06-04 03:12:53,28.1125,3.05,0.000,0.000,A,#2,APPROACH,0.179A/A
41066,2026-06-04 03:12:55,28.0125,3.05,0.000,0.000,A,#2,APPROACH,0.218A/A
41067,2026-06-04 03:12:57,28.0125,3.05,0.000,0.000,A,#2,APPROACH,0.282A/A
41068,2026-06-04 03:12:59,27.8250,2.68,0.000,0.000,A,#2,APPROACH,0.336A/A
41069,2026-06-04 03:13:00,27.8250,2.68,0.306,1.058,A,#2,APPROACH,0.408A/A
41070,2026-06-04 03:13:03,27.6375,2.68,0.306,1.058,A,#2,APPROACH,0.469A/A
41071,2026-06-04 03:13:04,27.5500,2.68,0.306,1.058,A,#2,APPROACH,0.518A/A
41072,2026-06-04 03:13:06,27.4500,4.64,0.306,1.058,A,#2,APPROACH,0.559A/A
41073,2026-06-04 03:13:08,27.4500,4.64,0.559,2.839,A,#2,APPROACH,0.636A/A
41074,2026-06-04 03:13:11,27.2375,4.64,0.559,2.839,A,#2,APPROACH,0.638A/A
41075,2026-06-04 03:13:12,27.1750,4.64,0.559,2.839,A,#2,APPROACH,0.676A/A
41076,2026-06-04 03:13:14,27.0500,6.01,0.559,2.839,A,#2,HOLDING,0.635A/A
41077,2026-06-04 03:13:16,27.0500,6.01,0.653,2.839,OFF,#2,HOLDING,0.000A/OFF
41078,2026-06-04 03:13:17,26.9250,6.01,0.653,3.670,OFF,#2,HOLDING,0.000A/OFF
41079,2026-06-04 03:13:18,26.8000,6.01,0.653,3.670,OFF,#2,HOLDING,0.000A/OFF
41080,2026-06-04 03:13:19,26.8000,6.01,0.653,3.670,OFF,#2,HOLDING,0.000A/OFF
41081,2026-06-04 03:13:20,26.6750,6.01,0.653,3.670,OFF,#2,HOLDING,0.000A/OFF
41082,2026-06-04 03:13:21,26.6750,6.01,0.653,3.670,OFF,#2,HOLDING,0.000A/OFF
41083,2026-06-04 03:13:22,26.5250,12.00,0.000,3.670,OFF,#2,HOLDING,0.000A/OFF
41084,2026-06-04 03:13:23,26.5250,12.00,0.000,3.670,OFF,#2,HOLDING,0.000A/OFF
41085,2026-06-04 03:13:24,26.4000,12.00,0.000,0.000,OFF,#2,HOLDING,0.000A/OFF
41086,2026-06-04 03:13:25,26.4000,12.00,0.000,0.000,A,#2,HOLDING,0.113A/A
41087,2026-06-04 03:13:26,26.2750,12.00,0.000,0.000,A,#2,HOLDING,0.104A/A
41088,2026-06-04 03:13:28,26.1750,1.30,0.000,0.000,A,#2,HOLDING,0.117A/A
41089,2026-06-04 03:13:30,26.0750,1.30,0.117,0.174,A,#2,HOLDING,0.107A/A
41090,2026-06-04 03:13:32,25.9500,1.30,0.117,0.174,A,#2,HOLDING,0.104A/A
41091,2026-06-04 03:13:34,25.8500,1.30,0.117,0.174,OFF,#2,HOLDING,0.000A/OFF
41092,2026-06-04 03:13:35,25.8500,1.30,0.117,0.174,OFF,#2,HOLDING,0.100A/A
41093,2026-06-04 03:13:36,25.7750,6.83,0.117,0.174,OFF,#2,HOLDING,0.000A/OFF
41094,2026-06-04 03:13:37,25.6750,6.83,0.098,0.174,OFF,#2,HOLDING,0.000A/OFF
41095,2026-06-04 03:13:38,25.6750,6.83,0.098,0.000,OFF,#2,HOLDING,0.000A/OFF
41096,2026-06-04 03:13:39,25.5875,6.83,0.098,0.000,OFF,#2,HOLDING,0.000A/OFF
41097,2026-06-04 03:13:41,25.5875,6.83,0.098,0.000,OFF,#2,HOLDING,0.000A/OFF
41098,2026-06-04 03:13:42,25.4625,6.83,0.098,0.000,OFF,#2,HOLDING,0.000A/OFF
41099,2026-06-04 03:13:43,25.4625,6.83,0.098,0.000,OFF,#2,HOLDING,0.000A/OFF
41100,2026-06-04 03:13:44,25.3875,12.00,0.000,0.000,OFF,#2,HOLDING,0.000A/OFF
41101,2026-06-04 03:13:45,25.3875,12.00,0.000,0.000,OFF,#2,HOLDING,0.000A/OFF
41102,2026-06-04 03:13:46,25.3125,12.00,0.000,0.000,OFF,#2,HOLDING,0.000A/OFF
41103,2026-06-04 03:13:47,25.3125,12.00,0.000,0.000,OFF,#2,HOLDING,0.000A/OFF
41104,2026-06-04 03:13:48,25.2125,12.00,0.000,0.000,OFF,#2,HOLDING,0.000A/OFF
41105,2026-06-04 03:13:49,25.1375,12.00,0.000,0.000,OFF,#2,HOLDING,0.000A/OFF
41106,2026-06-04 03:13:50,25.1375,12.00,0.000,0.000,B,#2,HOLDING,0.103A/B
41107,2026-06-04 03:13:51,25.0500,12.00,0.000,0.000,B,#2,HOLDING,0.186A/B
41108,2026-06-04 03:13:53,25.0000,12.00,0.000,0.000,B,#2,HOLDING,0.216A/B
41109,2026-06-04 03:13:55,24.9375,12.00,0.000,0.000,B,#2,HOLDING,0.264A/B
41110,2026-06-04 03:13:57,24.8875,2.31,0.000,0.000,B,#2,HOLDING,0.308A/B
41111,2026-06-04 03:13:58,24.8000,2.31,0.283,0.837,B,#2,HOLDING,0.363A/B
41112,2026-06-04 03:14:01,24.7500,2.31,0.283,0.837,B,#2,HOLDING,0.427A/B
41113,2026-06-04 03:14:02,24.7125,2.31,0.283,0.837,B,#2,HOLDING,0.473A/B
41114,2026-06-04 03:14:04,24.6875,4.05,0.283,0.837,B,#2,HOLDING,0.521A/B
41115,2026-06-04 03:14:06,24.6625,4.05,0.521,2.365,B,#2,HOLDING,0.574A/B
41116,2026-06-04 03:14:09,24.6125,4.05,0.521,2.365,B,#2,HOLDING,0.647A/B
41117,2026-06-04 03:14:10,24.6250,4.05,0.521,2.365,B,#2,HOLDING,0.690A/B
41118,2026-06-04 03:14:12,24.6250,5.89,0.521,2.365,B,#2,HOLDING,0.741A/B
41119,2026-06-04 03:14:14,24.6250,5.89,0.741,4.764,B,#2,HOLDING,0.792A/B
41120,2026-06-04 03:14:16,24.6000,5.89,0.741,4.764,B,#2,HOLDING,0.868A/B
41121,2026-06-04 03:14:18,24.6250,5.89,0.741,4.764,B,#2,HOLDING,0.911A/B
41122,2026-06-04 03:14:20,24.6250,7.71,0.741,4.764,B,#2,HOLDING,0.966A/B
41123,2026-06-04 03:14:22,24.6875,7.71,0.966,7.979,B,#2,HOLDING,1.008A/B
41124,2026-06-04 03:14:24,24.7375,7.71,0.966,7.979,B,#2,HOLDING,1.069A/B
41125,2026-06-04 03:14:25,24.7625,7.71,0.966,7.979,B,#2,HOLDING,1.108A/B
41126,2026-06-04 03:14:27,24.8125,9.26,0.966,7.979,B,#2,HOLDING,1.154A/B
41127,2026-06-04 03:14:29,24.8875,9.26,1.154,11.251,B,#2,HOLDING,1.191A/B
41128,2026-06-04 03:14:32,24.9875,9.26,1.154,11.251,B,#2,HOLDING,1.235A/B
41129,2026-06-04 03:14:33,25.0375,9.26,1.154,11.251,B,#2,HOLDING,1.265A/B
41130,2026-06-04 03:14:35,25.1375,10.53,1.154,11.251,B,#2,HOLDING,1.246A/B
41131,2026-06-04 03:14:37,25.2250,10.53,1.246,13.207,B,#2,HOLDING,1.277A/B
41132,2026-06-04 03:14:39,25.3250,10.53,1.246,13.207,B,#2,HOLDING,1.312A/B
41133,2026-06-04 03:14:41,25.4500,10.53,1.246,13.207,B,#2,HOLDING,1.329A/B
41134,2026-06-04 03:14:43,25.5750,11.17,1.246,13.207,B,#2,HOLDING,1.345A/B
41135,2026-06-04 03:14:45,25.6750,11.17,1.345,15.480,B,#2,HOLDING,1.359A/B
41136,2026-06-04 03:14:47,25.8250,11.17,1.345,15.480,B,#2,HOLDING,1.375A/B
41137,2026-06-04 03:14:49,25.9125,11.17,1.345,15.480,B,#2,HOLDING,1.383A/B
41138,2026-06-04 03:14:50,26.0625,11.74,1.345,15.480,B,#2,HOLDING,1.380A/B
41139,2026-06-04 03:14:52,26.1750,11.74,1.380,16.518,B,#2,HOLDING,1.000A/B
41140,2026-06-04 03:14:55,26.3250,11.74,1.380,16.518,B,#2,HOLDING,1.376A/B
41141,2026-06-04 03:14:56,26.4875,11.74,1.380,16.518,B,#2,HOLDING,1.360A/B
41142,2026-06-04 03:14:58,26.6375,11.73,1.380,16.518,B,#3,APPROACH,1.000A/B
41143,2026-06-04 03:15:00,26.8000,11.73,1.179,0.000,A,#3,APPROACH,0.285A/A
41144,2026-06-04 03:15:03,26.9500,11.73,1.179,0.000,A,#3,APPROACH,0.363A/A
41145,2026-06-04 03:15:05,27.0875,11.73,1.179,0.000,A,#3,APPROACH,0.448A/A
41146,2026-06-04 03:15:06,27.2625,11.73,1.179,0.000,A,#3,APPROACH,0.537A/A
41147,2026-06-04 03:15:08,27.3875,3.81,1.179,0.000,A,#3,APPROACH,0.632A/A
41148,2026-06-04 03:15:10,27.5125,3.81,0.582,2.989,A,#3,APPROACH,0.757A/A
41149,2026-06-04 03:15:12,27.6375,3.81,0.582,2.989,A,#3,APPROACH,0.939A/A
41150,2026-06-04 03:15:14,27.7375,3.81,0.582,2.989,A,#3,APPROACH,1.080A/A
41151,2026-06-04 03:15:16,27.7875,8.17,0.582,2.989,A,#3,APPROACH,1.250A/A
41152,2026-06-04 03:15:17,27.8375,8.17,1.173,12.050,A,#3,APPROACH,1.438A/A
41153,2026-06-04 03:15:20,27.8750,8.17,1.173,12.050,A,#3,APPROACH,1.702A/A
41154,2026-06-04 03:15:21,27.8750,8.17,1.173,12.050,A,#3,APPROACH,1.888A/A
41155,2026-06-04 03:15:23,27.8750,12.00,1.173,12.050,A,#3,APPROACH,2.121A/A
41156,2026-06-04 03:15:25,27.8750,12.00,1.562,18.516,A,#3,APPROACH,2.355A/A
41157,2026-06-04 03:15:27,27.8625,12.00,1.562,18.516,A,#3,APPROACH,2.658A/A
41158,2026-06-04 03:15:29,27.7875,12.00,1.562,18.516,A,#3,APPROACH,1.000A/A
41159,2026-06-04 03:15:31,27.7750,8.30,1.562,18.516,A,#3,APPROACH,2.000A/A
41160,2026-06-04 03:15:33,27.6750,8.30,1.512,17.940,A,#3,APPROACH,1.500A/A
41161,2026-06-04 03:15:35,27.6125,8.30,1.512,17.940,A,#3,APPROACH,2.500A/A
41162,2026-06-04 03:15:37,27.5125,8.30,1.512,17.940,A,#3,APPROACH,1.000A/A
41163,2026-06-04 03:15:39,27.3875,8.64,1.512,17.940,A,#3,APPROACH,1.500A/A
41164,2026-06-04 03:15:40,27.2375,8.64,1.398,17.568,A,#3,APPROACH,2.500A/A
41165,2026-06-04 03:15:43,27.1125,8.64,1.398,17.568,A,#3,APPROACH,2.500A/A
41166,2026-06-04 03:15:44,26.9625,8.64,1.398,17.568,A,#3,APPROACH,2.800A/A
41167,2026-06-04 03:15:46,26.8250,12.00,1.398,17.568,A,#3,APPROACH,1.000A/A
41168,2026-06-04 03:15:48,26.6250,12.00,1.145,8.890,A,#3,APPROACH,1.000A/A
41169,2026-06-04 03:15:50,26.4500,12.00,1.145,8.890,A,#3,APPROACH,1.500A/A
41170,2026-06-04 03:15:52,26.2750,12.00,1.145,8.890,A,#3,APPROACH,2.500A/A
41171,2026-06-04 03:15:54,26.0750,12.00,1.145,8.890,A,#3,APPROACH,2.500A/A
41172,2026-06-04 03:15:56,25.8750,12.00,1.449,17.244,A,#3,APPROACH,1.000A/A
41173,2026-06-04 03:15:58,25.7000,12.00,1.449,17.244,A,#3,APPROACH,1.500A/A
41174,2026-06-04 03:16:00,25.5250,12.00,1.449,17.244,A,#3,APPROACH,1.000A/A
41175,2026-06-04 03:16:02,25.3500,8.88,1.449,17.244,A,#3,APPROACH,1.000A/A
41176,2026-06-04 03:16:03,25.1250,8.88,1.000,9.090,A,#3,APPROACH,2.000A/A
41177,2026-06-04 03:16:06,24.9500,8.88,1.000,9.090,A,#3,APPROACH,1.000A/A
41178,2026-06-04 03:16:07,24.7500,8.88,1.000,9.090,A,#3,APPROACH,2.500A/A
41179,2026-06-04 03:16:09,24.5875,12.00,1.000,9.090,A,#3,APPROACH,2.877A/A
41180,2026-06-04 03:16:11,24.4125,12.00,1.430,17.028,A,#3,APPROACH,2.000A/A
41181,2026-06-04 03:16:14,24.2625,12.00,1.430,17.028,A,#3,APPROACH,2.937A/A
41182,2026-06-04 03:16:15,24.0625,12.00,1.430,17.028,A,#3,APPROACH,1.000A/A
41183,2026-06-04 03:16:17,23.8750,9.03,1.430,17.028,A,#3,APPROACH,2.993A/A
41184,2026-06-04 03:16:19,23.6750,9.03,1.413,16.836,A,#3,APPROACH,2.000A/A
41185,2026-06-04 03:16:21,23.5125,9.03,1.413,16.836,A,#3,APPROACH,3.000A/A
41186,2026-06-04 03:16:23,23.3125,9.03,1.413,16.836,A,#3,APPROACH,3.000A/A
41187,2026-06-04 03:16:25,23.1375,12.00,1.413,16.836,A,#3,APPROACH,2.500A/A
41188,2026-06-04 03:16:27,22.9875,12.00,1.412,16.836,A,#3,APPROACH,1.000A/A
41189,2026-06-04 03:16:29,22.8250,12.00,1.412,16.836,A,#3,APPROACH,1.500A/A
41190,2026-06-04 03:16:31,22.6250,12.00,1.412,16.836,A,#3,APPROACH,1.500A/A
41191,2026-06-04 03:16:32,22.4500,12.00,1.412,16.836,A,#3,HOLDING,1.500A/A
41192,2026-06-04 03:16:34,22.3000,12.00,1.409,16.836,OFF,#3,HOLDING,0.000A/OFF
41193,2026-06-04 03:16:35,22.3000,12.00,1.409,16.788,OFF,#3,HOLDING,0.000A/OFF
41194,2026-06-04 03:16:36,22.1375,12.00,1.409,16.788,OFF,#3,HOLDING,0.000A/OFF
41195,2026-06-04 03:16:37,22.1375,12.00,1.409,16.788,OFF,#3,HOLDING,0.000A/OFF
41196,2026-06-04 03:16:38,21.9375,12.00,1.409,16.788,OFF,#3,HOLDING,0.000A/OFF
41197,2026-06-04 03:16:39,21.9375,12.00,1.409,16.788,OFF,#3,HOLDING,0.000A/OFF
41198,2026-06-04 03:16:40,21.7875,12.00,1.409,16.788,OFF,#3,HOLDING,0.000A/OFF
41199,2026-06-04 03:16:41,21.7875,12.00,0.000,16.788,OFF,#3,HOLDING,0.000A/OFF
41200,2026-06-04 03:16:42,21.6125,12.00,0.000,0.000,OFF,#3,HOLDING,0.000A/OFF
41201,2026-06-04 03:16:43,21.6125,12.00,0.000,0.000,OFF,#3,HOLDING,0.000A/OFF
41202,2026-06-04 03:16:44,21.4875,12.00,0.000,0.000,OFF,#3,HOLDING,0.000A/OFF
41203,2026-06-04 03:16:45,21.4875,12.00,0.000,0.000,OFF,#3,HOLDING,0.000A/OFF
41204,2026-06-04 03:16:46,21.3625,12.00,0.000,0.000,OFF,#3,HOLDING,0.000A/OFF
41205,2026-06-04 03:16:47,21.3625,12.00,0.000,0.000,OFF,#3,HOLDING,0.000A/OFF
41206,2026-06-04 03:16:48,21.2625,12.00,0.000,0.000,OFF,#3,HOLDING,0.000A/OFF
41207,2026-06-04 03:16:49,21.1625,12.00,0.000,0.000,OFF,#3,HOLDING,0.000A/OFF
41208,2026-06-04 03:16:50,21.1625,12.00,0.000,0.000,OFF,#3,HOLDING,0.000A/OFF
41209,2026-06-04 03:16:51,21.0875,12.00,0.000,0.000,OFF,#3,HOLDING,0.000A/OFF
41210,2026-06-04 03:16:52,21.0875,12.00,0.000,0.000,OFF,#3,HOLDING,0.000A/OFF
41211,2026-06-04 03:16:53,21.0125,12.00,0.000,0.000,OFF,#3,HOLDING,0.000A/OFF
41212,2026-06-04 03:16:54,21.0125,12.00,0.000,0.000,OFF,#3,HOLDING,0.000A/OFF
41213,2026-06-04 03:16:55,21.0000,12.00,0.000,0.000,OFF,#3,HOLDING,0.000A/OFF
41214,2026-06-04 03:16:56,21.0000,12.00,0.000,0.000,OFF,#3,HOLDING,0.000A/OFF
41215,2026-06-04 03:16:57,20.9500,12.00,0.000,0.000,OFF,#3,HOLDING,0.000A/OFF
41216,2026-06-04 03:16:58,20.9500,12.00,0.000,0.000,OFF,#3,HOLDING,0.000A/OFF
41217,2026-06-04 03:16:59,20.9375,12.00,0.000,0.000,OFF,#3,HOLDING,0.000A/OFF
41218,2026-06-04 03:17:00,20.9375,12.00,0.000,0.000,OFF,#3,HOLDING,0.000A/OFF
41219,2026-06-04 03:17:01,20.8875,12.00,0.000,0.000,OFF,#3,HOLDING,0.000A/OFF
41220,2026-06-04 03:17:02,20.8875,12.00,0.000,0.000,OFF,#3,HOLDING,0.000A/OFF
41221,2026-06-04 03:17:04,20.9250,12.00,0.000,0.000,OFF,#3,HOLDING,0.000A/OFF
41222,2026-06-04 03:17:05,20.9250,12.00,0.000,0.000,OFF,#3,HOLDING,0.000A/OFF
41223,2026-06-04 03:17:06,20.9000,12.00,0.000,0.000,OFF,#3,HOLDING,0.000A/OFF
41224,2026-06-04 03:17:07,20.9000,12.00,0.000,0.000,OFF,#3,HOLDING,0.000A/OFF
41225,2026-06-04 03:17:08,20.9125,12.00,0.000,0.000,B,#3,HOLDING,0.107A/B
41226,2026-06-04 03:17:09,20.9125,12.00,0.000,0.000,B,#3,HOLDING,0.125A/B
41227,2026-06-04 03:17:11,20.9125,12.00,0.000,0.000,B,#3,HOLDING,0.143A/B
41228,2026-06-04 03:17:13,20.9375,1.02,0.000,0.000,B,#3,HOLDING,0.164A/B
41229,2026-06-04 03:17:15,20.9750,1.02,0.152,0.227,B,#3,HOLDING,0.180A/B
41230,2026-06-04 03:17:17,21.0000,1.02,0.152,0.227,B,#3,HOLDING,0.202A/B
41231,2026-06-04 03:17:19,21.0000,1.02,0.152,0.227,B,#3,HOLDING,0.220A/B
41232,2026-06-04 03:17:21,21.0500,1.88,0.152,0.227,B,#3,HOLDING,0.236A/B
41233,2026-06-04 03:17:22,21.0750,1.88,0.236,0.495,B,#3,HOLDING,0.251A/B
41234,2026-06-04 03:17:25,21.1500,1.88,0.236,0.495,B,#3,HOLDING,0.262A/B
41235,2026-06-04 03:17:26,21.1875,1.88,0.236,0.495,B,#3,HOLDING,0.272A/B
41236,2026-06-04 03:17:28,21.2375,2.40,0.236,0.495,B,#3,HOLDING,0.280A/B
41237,2026-06-04 03:17:30,21.3125,2.40,0.280,0.708,B,#3,HOLDING,0.285A/B
41238,2026-06-04 03:17:32,21.3625,2.40,0.280,0.708,B,#4,APPROACH,0.292A/B
41239,2026-06-04 03:17:34,21.3875,2.40,0.280,0.708,B,#4,APPROACH,0.420A/B
41240,2026-06-04 03:17:36,21.4875,2.40,0.280,0.708,B,#4,APPROACH,0.425A/B
41241,2026-06-04 03:17:38,21.5375,11.76,0.280,0.708,B,#4,APPROACH,0.462A/B
41242,2026-06-04 03:17:40,21.6125,11.76,1.022,2.023,B,#4,APPROACH,0.510A/B
41243,2026-06-04 03:17:42,21.7000,11.76,1.022,2.023,B,#4,APPROACH,0.586A/B
41244,2026-06-04 03:17:44,21.7750,11.76,1.022,2.023,B,#4,APPROACH,0.643A/B
41245,2026-06-04 03:17:46,21.9125,5.73,1.022,2.023,B,#4,APPROACH,0.712A/B
41246,2026-06-04 03:17:48,22.0125,5.73,0.675,4.556,B,#4,APPROACH,0.795A/B
41247,2026-06-04 03:17:50,22.1125,5.73,0.675,4.556,B,#4,APPROACH,0.925A/B
41248,2026-06-04 03:17:52,22.2375,5.73,0.675,4.556,B,#4,APPROACH,1.014A/B
41249,2026-06-04 03:17:53,22.3625,8.53,0.675,4.556,B,#4,APPROACH,1.130A/B
41250,2026-06-04 03:17:55,22.4875,8.53,1.068,10.723,B,#4,APPROACH,1.250A/B
41251,2026-06-04 03:17:58,22.6125,8.53,1.068,10.723,B,#4,APPROACH,1.422A/B
41252,2026-06-04 03:17:59,22.7625,8.53,1.068,10.723,B,#4,APPROACH,1.542A/B
41253,2026-06-04 03:18:01,22.8625,12.00,1.068,10.723,B,#4,APPROACH,1.694A/B
41254,2026-06-04 03:18:03,23.0125,12.00,1.481,17.496,B,#4,APPROACH,1.848A/B
41255,2026-06-04 03:18:05,23.1750,12.00,1.481,17.496,B,#4,APPROACH,2.068A/B
41256,2026-06-04 03:18:07,23.3250,12.00,1.481,17.496,B,#4,APPROACH,1.500A/B
41257,2026-06-04 03:18:09,23.5125,12.00,1.481,17.496,B,#4,APPROACH,2.204A/B
41258,2026-06-04 03:18:11,23.6875,12.00,1.432,16.956,B,#4,APPROACH,1.000A/B
41259,2026-06-04 03:18:13,23.8625,12.00,1.432,16.956,B,#4,APPROACH,2.382A/B
41260,2026-06-04 03:18:15,24.0375,12.00,1.432,16.956,B,#4,APPROACH,1.000A/B
41261,2026-06-04 03:18:16,24.2375,9.21,1.432,16.956,B,#4,APPROACH,2.541A/B
41262,2026-06-04 03:18:18,24.4375,9.21,1.200,16.656,B,#4,APPROACH,1.000A/B
41263,2026-06-04 03:18:21,24.6125,9.21,1.200,16.656,B,#4,APPROACH,1.000A/B
41264,2026-06-04 03:18:22,24.7875,9.21,1.200,16.656,B,#4,APPROACH,2.705A/B
41265,2026-06-04 03:18:24,24.9875,12.00,1.200,16.656,B,#4,APPROACH,2.867A/B
41266,2026-06-04 03:18:26,25.1875,12.00,1.381,16.380,B,#4,APPROACH,3.000A/B
41267,2026-06-04 03:18:28,25.3625,12.00,1.381,16.380,B,#4,APPROACH,1.500A/B
41268,2026-06-04 03:18:30,25.5625,12.00,1.381,16.380,B,#4,APPROACH,3.000A/B
41269,2026-06-04 03:18:32,25.7750,12.00,1.381,16.380,B,#4,APPROACH,2.000A/B
41270,2026-06-04 03:18:34,25.9750,12.00,1.359,16.116,B,#4,APPROACH,1.000A/B
41271,2026-06-04 03:18:36,26.1750,12.00,1.359,16.116,B,#4,APPROACH,1.000A/B
41272,2026-06-04 03:18:38,26.3750,12.00,1.359,16.116,B,#4,APPROACH,1.500A/B
41273,2026-06-04 03:18:40,26.5625,12.00,1.359,16.116,B,#4,APPROACH,2.000A/B
41274,2026-06-04 03:18:41,26.7625,12.00,1.338,15.876,B,#4,APPROACH,2.500A/B
41275,2026-06-04 03:18:44,26.9875,12.00,1.338,15.876,B,#4,APPROACH,1.000A/B
41276,2026-06-04 03:18:45,27.1625,12.00,1.338,15.876,B,#4,APPROACH,2.500A/B
41277,2026-06-04 03:18:47,27.3625,12.00,1.338,15.876,B,#4,APPROACH,2.000A/B
41278,2026-06-04 03:18:49,27.5625,12.00,1.324,15.708,B,#4,APPROACH,2.500A/B
41279,2026-06-04 03:18:51,27.8000,12.00,1.324,15.708,B,#4,APPROACH,2.500A/B
41280,2026-06-04 03:18:53,27.9500,12.00,1.324,15.708,B,#4,APPROACH,1.000A/B
41281,2026-06-04 03:18:55,28.1250,9.72,1.324,15.708,B,#4,APPROACH,2.000A/B
41282,2026-06-04 03:18:57,28.3750,9.72,1.156,15.624,B,#4,APPROACH,2.500A/B
41283,2026-06-04 03:18:59,28.5500,9.72,1.156,15.624,B,#4,APPROACH,2.500A/B
41284,2026-06-04 03:19:01,28.7250,9.72,1.156,15.624,B,#4,HOLDING,2.500A/B
41285,2026-06-04 03:19:03,28.9250,9.72,1.156,15.624,OFF,#4,HOLDING,0.000A/OFF
41286,2026-06-04 03:19:04,28.9250,12.00,1.156,15.624,OFF,#4,HOLDING,0.000A/OFF
41287,2026-06-04 03:19:05,29.1000,12.00,1.307,15.624,OFF,#4,HOLDING,0.000A/OFF
41288,2026-06-04 03:19:06,29.1000,12.00,1.307,15.516,OFF,#4,HOLDING,0.000A/OFF
41289,2026-06-04 03:19:07,29.2750,12.00,1.307,15.516,OFF,#4,HOLDING,0.000A/OFF
41290,2026-06-04 03:19:08,29.2750,12.00,1.307,15.516,OFF,#4,HOLDING,0.000A/OFF
41291,2026-06-04 03:19:09,29.4500,12.00,1.307,15.516,OFF,#4,HOLDING,0.000A/OFF
41292,2026-06-04 03:19:10,29.4500,12.00,1.307,15.516,OFF,#4,HOLDING,0.000A/OFF
41293,2026-06-04 03:19:11,29.6125,12.00,0.000,15.516,OFF,#4,HOLDING,0.000A/OFF
41294,2026-06-04 03:19:12,29.7875,12.00,0.000,0.000,OFF,#4,HOLDING,0.000A/OFF
41295,2026-06-04 03:19:13,29.7875,12.00,0.000,0.000,OFF,#4,HOLDING,0.000A/OFF
41296,2026-06-04 03:19:14,29.9250,12.00,0.000,0.000,OFF,#4,HOLDING,0.000A/OFF
41297,2026-06-04 03:19:15,29.9250,12.00,0.000,0.000,OFF,#4,HOLDING,0.000A/OFF
41298,2026-06-04 03:19:16,30.0750,12.00,0.000,0.000,OFF,#4,HOLDING,0.000A/OFF
41299,2026-06-04 03:19:17,30.0750,12.00,0.000,0.000,OFF,#4,HOLDING,0.000A/OFF
41300,2026-06-04 03:19:18,30.2375,12.00,0.000,0.000,OFF,#4,HOLDING,0.000A/OFF
41301,2026-06-04 03:19:19,30.2375,12.00,0.000,0.000,OFF,#4,HOLDING,0.000A/OFF
41302,2026-06-04 03:19:20,30.3375,12.00,0.000,0.000,OFF,#4,HOLDING,0.000A/OFF
41303,2026-06-04 03:19:21,30.3375,12.00,0.000,0.000,OFF,#4,HOLDING,0.000A/OFF
41304,2026-06-04 03:19:22,30.4750,12.00,0.000,0.000,OFF,#4,HOLDING,0.000A/OFF
41305,2026-06-04 03:19:23,30.4750,12.00,0.000,0.000,OFF,#4,HOLDING,0.000A/OFF
41306,2026-06-04 03:19:24,30.5750,12.00,0.000,0.000,A,#4,HOLDING,0.116A/A
41307,2026-06-04 03:19:26,30.6375,12.00,0.000,0.000,A,#4,HOLDING,0.199A/A
41308,2026-06-04 03:19:28,30.7375,12.00,0.000,0.000,A,#4,HOLDING,0.252A/A
41309,2026-06-04 03:19:30,30.7625,1.56,0.000,0.000,A,#4,HOLDING,0.280A/A
41310,2026-06-04 03:19:32,30.8375,1.56,0.280,0.546,A,#4,HOLDING,0.332A/A
41311,2026-06-04 03:19:34,30.8875,1.56,0.280,0.546,A,#4,HOLDING,0.389A/A
41312,2026-06-04 03:19:36,30.9375,1.56,0.280,0.546,A,#4,HOLDING,0.437A/A
41313,2026-06-04 03:19:37,30.9375,3.33,0.280,0.546,A,#4,HOLDING,0.480A/A
41314,2026-06-04 03:19:39,30.9375,3.33,0.480,1.828,A,#4,HOLDING,0.525A/A
41315,2026-06-04 03:19:42,30.9625,3.33,0.480,1.828,A,#4,HOLDING,0.588A/A
41316,2026-06-04 03:19:43,30.9375,3.33,0.480,1.828,A,#4,HOLDING,0.627A/A
41317,2026-06-04 03:19:45,30.9000,5.05,0.480,1.828,A,#4,HOLDING,0.669A/A
41318,2026-06-04 03:19:47,30.8500,5.05,0.669,3.726,A,#4,HOLDING,0.706A/A
41319,2026-06-04 03:19:49,30.7750,5.05,0.669,3.726,A,#4,HOLDING,0.755A/A
41320,2026-06-04 03:19:51,30.7250,5.05,0.669,3.726,A,#4,HOLDING,0.787A/A
41321,2026-06-04 03:19:53,30.6375,6.57,0.669,3.726,A,#4,HOLDING,0.818A/A
41322,2026-06-04 03:19:55,30.5125,6.57,0.818,5.701,A,#4,HOLDING,0.793A/A
41323,2026-06-04 03:19:57,30.4500,6.57,0.818,5.701,A,#4,HOLDING,0.835A/A
41324,2026-06-04 03:19:59,30.3250,6.57,0.818,5.701,A,#4,HOLDING,0.853A/A
41325,2026-06-04 03:20:00,30.2250,7.21,0.818,5.701,A,#4,HOLDING,0.879A/A
41326,2026-06-04 03:20:02,30.0750,7.21,0.879,6.654,A,#4,HOLDING,0.887A/A
41327,2026-06-04 03:20:05,29.9500,7.21,0.879,6.654,A,#4,HOLDING,0.908A/A
41328,2026-06-04 03:20:06,29.8000,7.21,0.879,6.654,A,#4,HOLDING,0.909A/A
41329,2026-06-04 03:20:08,29.6500,7.84,0.879,6.654,A,#4,HOLDING,0.911A/A
41330,2026-06-04 03:20:10,29.5000,7.84,0.911,7.288,A,#4,HOLDING,0.902A/A
41331,2026-06-04 03:20:12,29.3250,7.84,0.911,7.288,A,#4,HOLDING,0.892A/A
41332,2026-06-04 03:20:14,29.1750,7.84,0.911,7.288,A,#4,HOLDING,0.875A/A
41333,2026-06-04 03:20:16,29.0125,7.73,0.911,7.288,A,#4,HOLDING,0.852A/A
41334,2026-06-04 03:20:18,28.8125,7.73,0.852,6.551,A,#4,HOLDING,0.816A/A
41335,2026-06-04 03:20:20,28.6375,7.73,0.852,6.551,A,#4,HOLDING,0.773A/A
41336,2026-06-04 03:20:22,28.4875,7.73,0.852,6.551,A,#4,HOLDING,0.680A/A
41337,2026-06-04 03:20:24,28.2625,6.34,0.852,6.551,A,#4,HOLDING,0.616A/A
41338,2026-06-04 03:20:25,28.0625,6.34,0.616,3.659,A,#4,HOLDING,0.541A/A
41339,2026-06-04 03:20:28,27.8875,6.34,0.616,3.659,A,#4,HOLDING,0.455A/A
41340,2026-06-04 03:20:29,27.7125,6.34,0.616,3.659,A,#4,HOLDING,0.387A/A
41341,2026-06-04 03:20:31,27.5125,3.95,0.616,3.659,A,#4,HOLDING,0.298A/A
41342,2026-06-04 03:20:33,27.3125,3.95,0.298,0.977,A,#4,HOLDING,0.197A/A
41343,2026-06-04 03:20:35,27.1375,3.95,0.298,0.977,OFF,#4,HOLDING,0.000A/OFF
41344,2026-06-04 03:20:36,26.9375,3.95,0.298,0.977,OFF,#4,HOLDING,0.000A/OFF
41345,2026-06-04 03:20:37,26.9375,3.95,0.298,0.977,OFF,#4,HOLDING,0.000A/OFF
41346,2026-06-04 03:20:38,26.8000,12.00,0.298,0.977,B,#4,HOLDING,0.115A/B
41347,2026-06-04 03:20:40,26.6250,12.00,0.000,0.000,B,#4,HOLDING,0.209A/B
41348,2026-06-04 03:20:43,26.4625,12.00,0.000,0.000,B,#4,HOLDING,0.336A/B
41349,2026-06-04 03:20:44,26.3125,12.00,0.000,0.000,B,#4,HOLDING,0.445A/B
41350,2026-06-04 03:20:46,26.2125,3.61,0.000,0.000,B,#4,HOLDING,0.573A/B
41351,2026-06-04 03:20:48,26.0625,3.61,0.531,2.744,B,#4,HOLDING,0.712A/B
41352,2026-06-04 03:20:50,25.9625,3.61,0.531,2.744,B,#4,HOLDING,0.888A/B
41353,2026-06-04 03:20:52,25.8625,3.61,0.531,2.744,B,#4,HOLDING,1.000A/B
41354,2026-06-04 03:20:54,25.7750,8.10,0.531,2.744,B,#4,HOLDING,1.015A/B
41355,2026-06-04 03:20:56,25.7000,8.10,1.014,8.517,B,#4,HOLDING,1.162A/B
41356,2026-06-04 03:20:58,25.6250,8.10,1.014,8.517,B,#4,HOLDING,1.353A/B
41357,2026-06-04 03:21:00,25.6000,8.10,1.014,8.517,B,#4,HOLDING,1.481A/B
41358,2026-06-04 03:21:01,25.5750,11.61,1.014,8.517,B,#4,HOLDING,1.630A/B
41359,2026-06-04 03:21:03,25.6000,11.61,1.515,18.000,B,#4,HOLDING,1.774A/B
41360,2026-06-04 03:21:06,25.5750,11.61,1.515,18.000,B,#4,HOLDING,1.000A/B
41361,2026-06-04 03:21:07,25.6500,11.61,1.515,18.000,B,#4,HOLDING,1.958A/B
41362,2026-06-04 03:21:09,25.7000,12.00,1.515,18.000,B,#4,HOLDING,2.000A/B
41363,2026-06-04 03:21:11,25.7750,12.00,1.463,17.328,B,#4,HOLDING,2.093A/B
41364,2026-06-04 03:21:13,25.8500,12.00,1.463,17.328,B,#4,HOLDING,2.269A/B
41365,2026-06-04 03:21:15,25.9500,12.00,1.463,17.328,B,#4,HOLDING,1.500A/B
41366,2026-06-04 03:21:17,26.0750,12.00,1.463,17.328,B,#4,HOLDING,2.000A/B
41367,2026-06-04 03:21:19,26.1500,12.00,1.417,16.824,B,#4,HOLDING,1.000A/B
41368,2026-06-04 03:21:21,26.2875,12.00,1.417,16.824,B,#4,HOLDING,2.359A/B
41369,2026-06-04 03:21:23,26.3875,12.00,1.417,16.824,B,#4,HOLDING,2.457A/B
41370,2026-06-04 03:21:25,26.5500,12.00,1.417,16.824,B,#4,HOLDING,2.000A/B
41371,2026-06-04 03:21:26,26.7000,12.00,1.386,16.464,B,#4,HOLDING,2.517A/B
41372,2026-06-04 03:21:29,26.8250,12.00,1.386,16.464,B,#4,HOLDING,1.500A/B
41373,2026-06-04 03:21:30,26.9750,12.00,1.386,16.464,B,#4,HOLDING,1.500A/B
41374,2026-06-04 03:21:32,27.1125,12.00,1.386,16.464,B,#4,HOLDING,1.500A/B
41375,2026-06-04 03:21:34,27.2625,12.00,1.360,16.152,B,#4,HOLDING,2.619A/B
41376,2026-06-04 03:21:36,27.4250,12.00,1.360,16.152,B,#4,HOLDING,1.000A/B
41377,2026-06-04 03:21:38,27.6000,12.00,1.360,16.152,B,#4,HOLDING,2.000A/B
41378,2026-06-04 03:21:40,27.7375,12.00,1.360,16.152,B,#4,HOLDING,2.700A/B
41379,2026-06-04 03:21:42,27.8875,12.00,1.339,15.924,B,#4,HOLDING,1.500A/B
41380,2026-06-04 03:21:44,28.0750,12.00,1.339,15.924,B,#4,HOLDING,1.500A/B
41381,2026-06-04 03:21:46,28.2500,12.00,1.339,15.924,B,#4,HOLDING,1.500A/B
41382,2026-06-04 03:21:48,28.4250,12.00,1.339,15.924,B,#4,HOLDING,1.500A/B
41383,2026-06-04 03:21:49,28.5750,12.00,1.323,15.720,B,#4,HOLDING,1.500A/B
41384,2026-06-04 03:21:52,28.7375,12.00,1.323,15.720,B,#4,HOLDING,1.500A/B
41385,2026-06-04 03:21:53,28.9125,12.00,1.323,15.720,B,#4,HOLDING,2.672A/B
41386,2026-06-04 03:21:55,29.1125,12.00,1.323,15.720,B,#4,HOLDING,2.000A/B
41387,2026-06-04 03:21:57,29.2625,12.00,1.309,15.564,B,#4,HOLDING,2.685A/B
41388,2026-06-04 03:21:59,29.4500,12.00,1.309,15.564,B,#5,APPROACH,1.000A/B
41389,2026-06-04 03:22:01,29.6250,12.00,1.309,15.564,A,#5,APPROACH,0.427A/A
41390,2026-06-04 03:22:03,29.8000,12.00,1.309,15.564,A,#5,APPROACH,0.479A/A
41391,2026-06-04 03:22:05,30.0000,11.68,1.309,15.564,A,#5,APPROACH,0.562A/A
41392,2026-06-04 03:22:07,30.1625,11.68,1.147,2.174,A,#5,APPROACH,0.669A/A
41393,2026-06-04 03:22:09,30.2875,11.68,1.147,2.174,A,#5,APPROACH,0.806A/A
41394,2026-06-04 03:22:11,30.4250,11.68,1.147,2.174,A,#5,APPROACH,0.916A/A
41395,2026-06-04 03:22:13,30.5000,6.80,1.147,2.174,A,#5,APPROACH,1.056A/A
41396,2026-06-04 03:22:15,30.5750,6.80,0.990,8.532,A,#5,APPROACH,1.212A/A
41397,2026-06-04 03:22:17,30.6250,6.80,0.990,8.532,A,#5,APPROACH,1.434A/A
41398,2026-06-04 03:22:19,30.6875,6.80,0.990,8.532,A,#5,APPROACH,1.600A/A
41399,2026-06-04 03:22:20,30.6875,11.85,0.990,8.532,A,#5,APPROACH,1.798A/A
41400,2026-06-04 03:22:22,30.6875,11.85,1.590,18.828,A,#5,APPROACH,1.000A/A
41401,2026-06-04 03:22:25,30.6875,11.85,1.590,18.828,A,#5,APPROACH,1.500A/A
41402,2026-06-04 03:22:26,30.6500,11.85,1.590,18.828,A,#5,APPROACH,2.004A/A
41403,2026-06-04 03:22:28,30.6000,12.00,1.590,18.828,A,#5,APPROACH,1.500A/A
41404,2026-06-04 03:22:30,30.5500,12.00,1.514,17.850,A,#5,APPROACH,2.252A/A
41405,2026-06-04 03:22:32,30.4750,12.00,1.514,17.850,A,#5,APPROACH,2.000A/A
41406,2026-06-04 03:22:34,30.3625,12.00,1.514,17.850,A,#5,APPROACH,1.000A/A
41407,2026-06-04 03:22:36,30.2625,8.48,1.514,17.850,A,#5,APPROACH,2.000A/A
41408,2026-06-04 03:22:38,30.1500,8.48,1.492,17.724,A,#5,APPROACH,2.589A/A
41409,2026-06-04 03:22:40,30.0250,8.48,1.492,17.724,A,#5,APPROACH,2.500A/A
41410,2026-06-04 03:22:42,29.8875,8.48,1.492,17.724,A,#5,APPROACH,2.000A/A
41411,2026-06-04 03:22:44,29.7125,12.00,1.492,17.724,A,#5,APPROACH,1.000A/A
41412,2026-06-04 03:22:45,29.5750,12.00,1.132,8.860,A,#5,APPROACH,2.500A/A
41413,2026-06-04 03:22:48,29.4250,12.00,1.132,8.860,A,#5,APPROACH,1.500A/A
41414,2026-06-04 03:22:49,29.2375,12.00,1.132,8.860,A,#5,APPROACH,1.000A/A
41415,2026-06-04 03:22:51,29.0625,8.76,1.132,8.860,A,#5,APPROACH,1.000A/A
41416,2026-06-04 03:22:53,28.8500,8.76,1.000,9.020,A,#5,APPROACH,1.000A/A
41417,2026-06-04 03:22:55,28.6250,8.76,1.000,9.020,A,#5,APPROACH,2.500A/A
41418,2026-06-04 03:22:57,28.4750,8.76,1.000,9.020,A,#5,APPROACH,1.000A/A
41419,2026-06-04 03:22:59,28.2500,8.96,1.000,9.020,A,#5,APPROACH,2.902A/A
41420,2026-06-04 03:23:01,28.0125,8.96,1.443,17.172,A,#5,APPROACH,1.500A/A
41421,2026-06-04 03:23:03,27.8125,8.96,1.443,17.172,A,#5,APPROACH,2.500A/A
41422,2026-06-04 03:23:05,27.6250,8.96,1.443,17.172,A,#5,APPROACH,1.000A/A
41423,2026-06-04 03:23:07,27.3750,9.01,1.443,17.172,A,#5,APPROACH,2.000A/A
41424,2026-06-04 03:23:09,27.2000,9.01,1.257,17.016,A,#5,APPROACH,3.000A/A
41425,2026-06-04 03:23:11,26.9750,9.01,1.257,17.016,A,#5,APPROACH,2.000A/A
41426,2026-06-04 03:23:13,26.7500,9.01,1.257,17.016,A,#5,APPROACH,3.000A/A
41427,2026-06-04 03:23:14,26.5500,12.00,1.257,17.016,A,#5,APPROACH,3.000A/A
41428,2026-06-04 03:23:16,26.3250,12.00,1.425,16.956,A,#5,APPROACH,3.000A/A
41429,2026-06-04 03:23:19,26.1250,12.00,1.425,16.956,A,#5,APPROACH,1.500A/A
41430,2026-06-04 03:23:20,25.8875,12.00,1.425,16.956,A,#5,APPROACH,1.000A/A
41431,2026-06-04 03:23:22,25.6625,9.14,1.425,16.956,A,#5,APPROACH,1.000A/A
41432,2026-06-04 03:23:24,25.4500,9.14,1.000,9.260,A,#5,APPROACH,1.000A/A
41433,2026-06-04 03:23:26,25.2500,9.14,1.000,9.260,A,#5,APPROACH,2.500A/A
41434,2026-06-04 03:23:28,25.0625,9.14,1.000,9.260,A,#5,APPROACH,2.500A/A
41435,2026-06-04 03:23:30,24.8375,12.00,1.000,9.260,A,#5,APPROACH,2.500A/A
41436,2026-06-04 03:23:32,24.6375,12.00,1.420,16.896,A,#5,APPROACH,1.500A/A
41437,2026-06-04 03:23:34,24.4375,12.00,1.420,16.896,A,#5,APPROACH,2.954A/A
41438,2026-06-04 03:23:36,24.2625,12.00,1.420,16.896,A,#5,APPROACH,2.000A/A
41439,2026-06-04 03:23:37,24.0625,12.00,1.420,16.896,A,#5,APPROACH,2.500A/A
41440,2026-06-04 03:23:39,23.8875,12.00,1.411,16.800,A,#5,APPROACH,2.975A/A
41441,2026-06-04 03:23:42,23.6875,12.00,1.411,16.800,A,#5,APPROACH,3.000A/A
41442,2026-06-04 03:23:43,23.5125,12.00,1.411,16.800,A,#5,APPROACH,2.500A/A
41443,2026-06-04 03:23:45,23.3125,12.00,1.411,16.800,A,#5,APPROACH,2.000A/A
41444,2026-06-04 03:23:47,23.1250,12.00,1.404,16.740,A,#5,APPROACH,2.000A/A
41445,2026-06-04 03:23:49,22.9250,12.00,1.404,16.740,A,#5,APPROACH,1.000A/A
41446,2026-06-04 03:23:51,22.7625,12.00,1.404,16.740,A,#5,APPROACH,2.500A/A
41447,2026-06-04 03:23:53,22.5625,12.00,1.404,16.740,A,#5,APPROACH,3.000A/A
41448,2026-06-04 03:23:55,22.3875,12.00,1.399,16.668,A,#5,HOLDING,2.946A/A
41449,2026-06-04 03:23:57,22.2375,12.00,1.399,16.668,OFF,#5,HOLDING,0.000A/OFF
41450,2026-06-04 03:23:58,22.0750,12.00,1.399,16.668,OFF,#5,HOLDING,0.000A/OFF
41451,2026-06-04 03:23:59,22.0750,12.00,1.399,16.668,OFF,#5,HOLDING,0.000A/OFF
41452,2026-06-04 03:24:00,21.8750,12.00,1.399,16.668,OFF,#5,HOLDING,0.000A/OFF
41453,2026-06-04 03:24:01,21.8750,12.00,0.000,16.668,OFF,#5,HOLDING,0.000A/OFF
41454,2026-06-04 03:24:02,21.7000,12.00,0.000,16.668,OFF,#5,HOLDING,0.000A/OFF
41455,2026-06-04 03:24:03,21.7000,12.00,0.000,0.000,OFF,#5,HOLDING,0.000A/OFF
41456,2026-06-04 03:24:04,21.5500,12.00,0.000,0.000,OFF,#5,HOLDING,0.000A/OFF
41457,2026-06-04 03:24:05,21.5500,12.00,0.000,0.000,OFF,#5,HOLDING,0.000A/OFF
41458,2026-06-04 03:24:06,21.4250,12.00,0.000,0.000,OFF,#5,HOLDING,0.000A/OFF
41459,2026-06-04 03:24:07,21.4250,12.00,0.000,0.000,OFF,#5,HOLDING,0.000A/OFF
41460,2026-06-04 03:24:08,21.3000,12.00,0.000,0.000,OFF,#5,HOLDING,0.000A/OFF
41461,2026-06-04 03:24:09,21.3000,12.00,0.000,0.000,OFF,#5,HOLDING,0.000A/OFF
41462,2026-06-04 03:24:10,21.2125,12.00,0.000,0.000,OFF,#5,HOLDING,0.000A/OFF
41463,2026-06-04 03:24:11,21.1125,12.00,0.000,0.000,OFF,#5,HOLDING,0.000A/OFF
41464,2026-06-04 03:24:12,21.1125,12.00,0.000,0.000,OFF,#5,HOLDING,0.000A/OFF
41465,2026-06-04 03:24:13,21.0500,12.00,0.000,0.000,OFF,#5,HOLDING,0.000A/OFF
41466,2026-06-04 03:24:14,21.0500,12.00,0.000,0.000,OFF,#5,HOLDING,0.000A/OFF
41467,2026-06-04 03:24:15,21.0000,12.00,0.000,0.000,OFF,#5,HOLDING,0.000A/OFF
41468,2026-06-04 03:24:16,21.0000,12.00,0.000,0.000,OFF,#5,HOLDING,0.000A/OFF
41469,2026-06-04 03:24:17,20.9375,12.00,0.000,0.000,OFF,#5,HOLDING,0.000A/OFF
41470,2026-06-04 03:24:18,20.9375,12.00,0.000,0.000,OFF,#5,HOLDING,0.000A/OFF
41471,2026-06-04 03:24:19,20.8875,12.00,0.000,0.000,OFF,#5,HOLDING,0.000A/OFF
41472,2026-06-04 03:24:20,20.8875,12.00,0.000,0.000,OFF,#5,HOLDING,0.000A/OFF
41473,2026-06-04 03:24:21,20.8750,12.00,0.000,0.000,OFF,#5,HOLDING,0.000A/OFF
41474,2026-06-04 03:24:22,20.8750,12.00,0.000,0.000,OFF,#5,HOLDING,0.000A/OFF
41475,2026-06-04 03:24:23,20.8750,12.00,0.000,0.000,OFF,#5,HOLDING,0.000A/OFF
41476,2026-06-04 03:24:24,20.8750,12.00,0.000,0.000,OFF,#5,HOLDING,0.000A/OFF
41477,2026-06-04 03:24:25,20.8750,12.00,0.000,0.000,OFF,#5,HOLDING,0.000A/OFF
41478,2026-06-04 03:24:26,20.8750,12.00,0.000,0.000,OFF,#5,HOLDING,0.000A/OFF
41479,2026-06-04 03:24:27,20.8500,12.00,0.000,0.000,OFF,#5,HOLDING,0.000A/OFF
41480,2026-06-04 03:24:28,20.8500,12.00,0.000,0.000,OFF,#5,HOLDING,0.000A/OFF
41481,2026-06-04 03:24:29,20.8750,12.00,0.000,0.000,OFF,#5,HOLDING,0.000A/OFF
41482,2026-06-04 03:24:30,20.8750,12.00,0.000,0.000,OFF,#5,HOLDING,0.000A/OFF
41483,2026-06-04 03:24:31,20.8750,12.00,0.000,0.000,OFF,#5,HOLDING,0.000A/OFF
41484,2026-06-04 03:24:32,20.8750,12.00,0.000,0.000,B,#5,HOLDING,0.113A/B
41485,2026-06-04 03:24:34,20.8750,12.02,0.113,0.000,B,#5,HOLDING,0.129A/B
41486,2026-06-04 03:24:36,20.9250,12.02,0.113,0.117,B,#5,HOLDING,0.142A/B
41487,2026-06-04 03:24:37,20.9375,12.02,0.113,0.117,B,#5,HOLDING,0.155A/B
41488,2026-06-04 03:24:39,20.9375,12.02,0.113,0.117,B,#5,HOLDING,0.170A/B
41489,2026-06-04 03:24:41,21.0000,1.32,0.113,0.117,B,#5,HOLDING,0.184A/B
41490,2026-06-04 03:24:43,21.0000,1.32,0.184,0.277,B,#5,HOLDING,0.200A/B
41491,2026-06-04 03:24:45,21.0625,1.32,0.184,0.277,B,#5,HOLDING,0.212A/B
41492,2026-06-04 03:24:47,21.0875,1.32,0.184,0.277,B,#5,HOLDING,0.225A/B
41493,2026-06-04 03:24:49,21.1250,1.90,0.184,0.277,B,#5,HOLDING,0.231A/B
41494,2026-06-04 03:24:50,21.1750,1.90,0.231,0.462,B,#5,HOLDING,0.240A/B
41495,2026-06-04 03:24:53,21.2500,1.90,0.231,0.462,B,#5,HOLDING,0.244A/B
41496,2026-06-04 03:24:54,21.3000,1.90,0.231,0.462,B,#5,HOLDING,0.245A/B
41497,2026-06-04 03:24:56,21.3500,2.15,0.247,0.462,OFF,--,DONE,0.247A/B
41498,2026-06-04 03:24:59,21.4000,2.15,0.247,0.462,OFF,--,DONE,--
41499,2026-06-04 03:25:00,21.4500,2.15,0.247,0.000,OFF,--,DONE,--
41500,2026-06-04 03:25:01,21.4500,0.26,0.247,0.000,OFF,--,DONE,--
41501,2026-06-04 03:25:02,21.5250,0.26,0.000,0.000,OFF,--,DONE,--
41502,2026-06-04 03:25:03,21.5250,0.26,0.000,0.000,OFF,--,DONE,--
41503,2026-06-04 03:25:04,21.5750,0.26,0.000,0.000,OFF,--,DONE,--
41504,2026-06-04 03:25:05,21.5750,0.00,0.000,0.000,OFF,--,DONE,--
41505,2026-06-04 03:25:06,21.6250,0.00,0.000,0.000,OFF,--,DONE,--
41506,2026-06-04 03:25:07,21.6250,0.00,0.000,0.000,OFF,--,DONE,--
41507,2026-06-04 03:25:08,21.7125,0.00,0.000,0.000,OFF,--,DONE,--
41508,2026-06-04 03:25:09,21.7125,0.00,0.000,0.000,OFF,--,DONE,--
41509,2026-06-04 03:25:10,21.7375,0.00,0.000,0.000,OFF,--,DONE,--
41510,2026-06-04 03:25:11,21.7375,0.00,0.000,0.000,OFF,--,DONE,--
41511,2026-06-04 03:25:12,21.8125,0.00,0.000,0.000,OFF,--,DONE,--
41512,2026-06-04 03:25:13,21.8625,0.00,0.000,0.000,OFF,--,DONE,--
41513,2026-06-04 03:25:14,21.8625,0.00,0.000,0.000,OFF,--,DONE,--
41514,2026-06-04 03:25:15,21.9125,0.00,0.000,0.000,OFF,--,DONE,--
41515,2026-06-04 03:25:16,21.9125,0.00,0.000,0.000,OFF,--,DONE,--
41516,2026-06-04 03:25:17,21.9875,0.00,0.000,0.000,OFF,--,DONE,--
41517,2026-06-04 03:25:18,21.9875,0.00,0.000,0.000,OFF,--,DONE,--
41518,2026-06-04 03:25:19,22.0125,0.00,0.000,0.000,OFF,--,DONE,--
41519,2026-06-04 03:25:20,22.0125,0.00,0.000,0.000,OFF,--,DONE,--
41520,2026-06-04 03:25:21,22.0625,0.00,0.000,0.000,OFF,--,DONE,--
41521,2026-06-04 03:25:22,22.0625,0.00,0.000,0.000,OFF,--,DONE,--
41522,2026-06-04 03:25:23,22.1000,0.00,0.000,0.000,OFF,--,DONE,--
41523,2026-06-04 03:25:24,22.1000,0.00,0.000,0.000,OFF,--,DONE,--
41524,2026-06-04 03:25:25,22.1250,0.00,0.000,0.000,OFF,--,DONE,--
41525,2026-06-04 03:25:26,22.1250,0.00,0.000,0.000,OFF,--,DONE,--
41526,2026-06-04 03:25:27,22.1625,0.00,0.000,0.000,OFF,--,DONE,--
41527,2026-06-04 03:25:28,22.1625,0.00,0.000,0.000,OFF,--,DONE,--
41528,2026-06-04 03:25:29,22.2125,0.00,0.000,0.000,OFF,--,DONE,--
41529,2026-06-04 03:25:30,22.2125,0.00,0.000,0.000,OFF,--,DONE,--
41530,2026-06-04 03:25:31,22.2500,0.00,0.000,0.000,OFF,--,DONE,--
41531,2026-06-04 03:25:32,22.2750,0.00,0.000,0.000,OFF,--,DONE,--
41532,2026-06-04 03:25:33,22.2750,0.00,0.000,0.000,OFF,--,DONE,--
41533,2026-06-04 03:25:34,22.3125,0.00,0.000,0.000,OFF,--,DONE,--
41534,2026-06-04 03:25:35,22.3125,0.00,0.000,0.000,OFF,--,DONE,--
41535,2026-06-04 03:25:36,22.3375,0.00,0.000,0.000,OFF,--,DONE,--
41536,2026-06-04 03:25:37,22.3375,0.00,0.000,0.000,OFF,--,DONE,--
41537,2026-06-04 03:25:38,22.3750,0.00,0.000,0.000,OFF,--,DONE,--
41538,2026-06-04 03:25:39,22.3750,0.00,0.000,0.000,OFF,--,DONE,--
41539,2026-06-04 03:25:40,22.4000,0.00,0.000,0.000,OFF,--,DONE,--
41540,2026-06-04 03:25:41,22.4000,0.00,0.000,0.000,OFF,--,DONE,--
41541,2026-06-04 03:25:42,22.4375,0.00,0.000,0.000,OFF,--,DONE,--
41542,2026-06-04 03:25:43,22.4375,0.00,0.000,0.000,OFF,--,DONE,--
41543,2026-06-04 03:25:44,22.4625,0.00,0.000,0.000,OFF,--,DONE,--
41544,2026-06-04 03:25:45,22.4625,0.00,0.000,0.000,OFF,--,DONE,--
41545,2026-06-04 03:25:46,22.4750,0.00,0.000,0.000,OFF,--,DONE,--
41546,2026-06-04 03:25:48,22.5000,0.00,0.000,0.000,OFF,--,DONE,--
41547,2026-06-04 03:25:49,22.5000,0.00,0.000,0.000,OFF,--,DONE,--
41548,2026-06-04 03:25:50,22.5625,0.00,0.000,0.000,OFF,--,DONE,--
41549,2026-06-04 03:25:51,22.5625,0.00,0.000,0.000,OFF,--,DONE,--
41550,2026-06-04 03:25:52,22.5625,0.00,0.000,0.000,OFF,--,DONE,--
41551,2026-06-04 03:25:53,22.5625,0.00,0.000,0.000,OFF,--,DONE,--
41552,2026-06-04 03:25:54,22.5625,0.00,0.000,0.000,OFF,--,DONE,--
41553,2026-06-04 03:25:55,22.5625,0.00,0.000,0.000,OFF,--,DONE,--
41554,2026-06-04 03:25:56,22.5875,0.00,0.000,0.000,OFF,--,DONE,--
41555,2026-06-04 03:25:57,22.5875,0.00,0.000,0.000,OFF,--,DONE,--
41556,2026-06-04 03:25:58,22.6250,0.00,0.000,0.000,OFF,--,DONE,--
41557,2026-06-04 03:25:59,22.6250,0.00,0.000,0.000,OFF,--,DONE,--
41558,2026-06-04 03:26:00,22.6500,0.00,0.000,0.000,OFF,--,DONE,--
41559,2026-06-04 03:26:01,22.6500,0.00,0.000,0.000,OFF,--,DONE,--
41560,2026-06-04 03:26:02,22.6500,0.00,0.000,0.000,OFF,--,DONE,--
41561,2026-06-04 03:26:03,22.6500,0.00,0.000,0.000,OFF,--,DONE,--
41562,2026-06-04 03:26:04,22.6500,0.00,0.000,0.000,OFF,--,DONE,--
41563,2026-06-04 03:26:05,22.6875,0.00,0.000,0.000,OFF,--,DONE,--
41564,2026-06-04 03:26:06,22.6875,0.00,0.000,0.000,OFF,--,DONE,--
41565,2026-06-04 03:26:07,22.6875,0.00,0.000,0.000,OFF,--,DONE,--
41566,2026-06-04 03:26:08,22.6875,0.00,0.000,0.000,OFF,--,DONE,--
41567,2026-06-04 03:26:09,22.6875,0.00,0.000,0.000,OFF,--,DONE,--
41568,2026-06-04 03:26:10,22.6875,0.00,0.000,0.000,OFF,--,DONE,--
41569,2026-06-04 03:26:11,22.7375,0.00,0.000,0.000,OFF,--,DONE,--
41570,2026-06-04 03:26:12,22.7375,0.00,0.000,0.000,OFF,--,DONE,--
41571,2026-06-04 03:26:13,22.7500,0.00,0.000,0.000,OFF,--,DONE,--
41572,2026-06-04 03:26:14,22.7500,0.00,0.000,0.000,OFF,--,DONE,--
41573,2026-06-04 03:26:15,22.7500,0.00,0.000,0.000,OFF,--,DONE,--
41574,2026-06-04 03:26:16,22.7500,0.00,0.000,0.000,OFF,--,DONE,--
41575,2026-06-04 03:26:17,22.7500,0.00,0.000,0.000,OFF,--,DONE,--
41576,2026-06-04 03:26:18,22.7500,0.00,0.000,0.000,OFF,--,DONE,--
41577,2026-06-04 03:26:19,22.7500,0.00,0.000,0.000,OFF,--,DONE,--
41578,2026-06-04 03:26:20,22.8000,0.00,0.000,0.000,OFF,--,DONE,--
41579,2026-06-04 03:26:21,22.8000,0.00,0.000,0.000,OFF,--,DONE,--
41580,2026-06-04 03:26:22,22.7750,0.00,0.000,0.000,OFF,--,DONE,--
41581,2026-06-04 03:26:23,22.7750,0.00,0.000,0.000,OFF,--,DONE,--
41582,2026-06-04 03:26:24,22.8125,0.00,0.000,0.000,OFF,--,DONE,--
41583,2026-06-04 03:26:25,22.8125,0.00,0.000,0.000,OFF,--,DONE,--
41584,2026-06-04 03:26:26,22.8125,0.00,0.000,0.000,OFF,--,DONE,--
41585,2026-06-04 03:26:28,22.8125,0.00,0.000,0.000,OFF,--,DONE,--
41586,2026-06-04 03:26:29,22.8125,0.00,0.000,0.000,OFF,--,DONE,--
41587,2026-06-04 03:26:30,22.8125,0.00,0.000,0.000,OFF,--,DONE,--
41588,2026-06-04 03:26:31,22.8125,0.00,0.000,0.000,OFF,--,DONE,--
41589,2026-06-04 03:26:32,22.8125,0.00,0.000,0.000,OFF,--,DONE,--
41590,2026-06-04 03:26:33,22.8125,0.00,0.000,0.000,OFF,--,DONE,--
41591,2026-06-04 03:26:34,22.8125,0.00,0.000,0.000,OFF,--,DONE,--
41592,2026-06-04 03:26:35,22.8125,0.00,0.000,0.000,OFF,--,DONE,--
41593,2026-06-04 03:26:36,22.8125,0.00,0.000,0.000,OFF,--,DONE,--
41594,2026-06-04 03:26:37,22.8125,0.00,0.000,0.000,OFF,--,DONE,--
41595,2026-06-04 03:26:38,22.8125,0.00,0.000,0.000,OFF,--,DONE,--
41596,2026-06-04 03:26:39,22.8125,0.00,0.000,0.000,OFF,--,DONE,--
41597,2026-06-04 03:26:40,22.8750,0.00,0.000,0.000,OFF,--,DONE,--
41598,2026-06-04 03:26:41,22.8750,0.00,0.000,0.000,OFF,--,DONE,--
41599,2026-06-04 03:26:42,22.8750,0.00,0.000,0.000,OFF,--,DONE,--
41600,2026-06-04 03:26:43,22.8750,0.00,0.000,0.000,OFF,--,DONE,--
41601,2026-06-04 03:26:44,22.8750,0.00,0.000,0.000,OFF,--,DONE,--
41602,2026-06-04 03:26:45,22.8750,0.00,0.000,0.000,OFF,--,DONE,--
41603,2026-06-04 03:26:46,22.8750,0.00,0.000,0.000,OFF,--,DONE,--
41604,2026-06-04 03:26:47,22.8750,0.00,0.000,0.000,OFF,--,DONE,--
41605,2026-06-04 03:26:48,22.8750,0.00,0.000,0.000,OFF,--,DONE,--
41606,2026-06-04 03:26:49,22.8750,0.00,0.000,0.000,OFF,--,DONE,--
41607,2026-06-04 03:26:50,22.8750,0.00,0.000,0.000,OFF,--,DONE,--
41608,2026-06-04 03:26:51,22.8750,0.00,0.000,0.000,OFF,--,DONE,--
41609,2026-06-04 03:26:52,22.8750,0.00,0.000,0.000,OFF,--,DONE,--
41610,2026-06-04 03:26:53,22.8750,0.00,0.000,0.000,OFF,--,DONE,--
41611,2026-06-04 03:26:54,22.8750,0.00,0.000,0.000,OFF,--,DONE,--
41612,2026-06-04 03:26:55,22.8750,0.00,0.000,0.000,OFF,--,DONE,--
41613,2026-06-04 03:26:56,22.8750,0.00,0.000,0.000,OFF,--,DONE,--
41614,2026-06-04 03:26:57,22.8750,0.00,0.000,0.000,OFF,--,DONE,--
41615,2026-06-04 03:26:58,22.8750,0.00,0.000,0.000,OFF,--,DONE,--
41616,2026-06-04 03:26:59,22.8875,0.00,0.000,0.000,OFF,--,DONE,--
41617,2026-06-04 03:27:00,22.8875,0.00,0.000,0.000,OFF,--,DONE,--
41618,2026-06-04 03:27:01,22.8875,0.00,0.000,0.000,B,#1,APPROACH,3.000A/B
41619,2026-06-04 03:27:03,22.8750,0.00,0.000,0.000,B,#1,APPROACH,1.000A/B
41620,2026-06-04 03:27:06,22.8750,0.00,0.000,0.000,B,#1,APPROACH,2.500A/B
41621,2026-06-04 03:27:08,22.8875,0.00,0.000,0.000,B,#1,APPROACH,3.000A/B
41622,2026-06-04 03:27:10,22.8875,0.00,0.000,0.000,B,#1,APPROACH,2.000A/B
41623,2026-06-04 03:27:11,22.9125,12.00,0.000,0.000,B,#1,APPROACH,3.000A/B
41624,2026-06-04 03:27:13,22.9375,12.00,1.594,18.816,B,#1,APPROACH,1.000A/B
41625,2026-06-04 03:27:15,22.9500,12.00,1.594,18.816,B,#1,APPROACH,3.000A/B
41626,2026-06-04 03:27:17,23.0000,12.00,1.594,18.816,B,#1,APPROACH,2.500A/B
41627,2026-06-04 03:27:19,23.0500,12.00,1.594,18.816,B,#1,APPROACH,1.000A/B
41628,2026-06-04 03:27:21,23.1500,12.00,1.259,8.600,B,#1,APPROACH,2.000A/B
41629,2026-06-04 03:27:23,23.2625,12.00,1.259,8.600,B,#1,APPROACH,1.500A/B
41630,2026-06-04 03:27:25,23.3875,12.00,1.259,8.600,B,#1,APPROACH,2.500A/B
41631,2026-06-04 03:27:27,23.4875,12.00,1.259,8.600,B,#1,APPROACH,2.000A/B
41632,2026-06-04 03:27:28,23.6375,12.00,1.476,17.532,B,#1,APPROACH,2.500A/B
41633,2026-06-04 03:27:31,23.7875,12.00,1.476,17.532,B,#1,APPROACH,2.000A/B
41634,2026-06-04 03:27:32,23.9375,12.00,1.476,17.532,B,#1,APPROACH,2.500A/B
41635,2026-06-04 03:27:34,24.0875,12.00,1.476,17.532,B,#1,APPROACH,3.000A/B
41636,2026-06-04 03:27:36,24.2625,12.00,1.424,16.884,B,#1,APPROACH,1.837A/B
41637,2026-06-04 03:27:38,24.4250,12.00,1.424,16.884,B,#1,APPROACH,1.000A/B
41638,2026-06-04 03:27:40,24.5750,12.00,1.424,16.884,B,#1,APPROACH,2.000A/B
41639,2026-06-04 03:27:42,24.7125,12.00,1.424,16.884,B,#1,APPROACH,1.000A/B
41640,2026-06-04 03:27:44,24.9375,12.00,1.075,9.320,B,#1,APPROACH,1.500A/B
41641,2026-06-04 03:27:46,25.1125,12.00,1.075,9.320,B,#1,APPROACH,1.500A/B
41642,2026-06-04 03:27:48,25.2875,12.00,1.075,9.320,B,#1,APPROACH,2.000A/B
41643,2026-06-04 03:27:50,25.4875,12.00,1.075,9.320,B,#1,APPROACH,1.000A/B
41644,2026-06-04 03:27:51,25.6625,12.00,1.070,9.420,B,#1,APPROACH,2.000A/B
41645,2026-06-04 03:27:54,25.8375,12.00,1.070,9.420,B,#1,APPROACH,1.000A/B
41646,2026-06-04 03:27:55,26.0375,12.00,1.070,9.420,B,#1,APPROACH,2.500A/B
41647,2026-06-04 03:27:57,26.2250,12.00,1.070,9.420,B,#1,APPROACH,2.000A/B
41648,2026-06-04 03:27:59,26.4000,12.00,1.357,16.116,B,#1,APPROACH,2.500A/B
41649,2026-06-04 03:28:01,26.6125,12.00,1.357,16.116,B,#1,APPROACH,1.000A/B
41650,2026-06-04 03:28:03,26.8125,12.00,1.357,16.116,B,#1,APPROACH,2.500A/B
41651,2026-06-04 03:28:05,26.9875,12.00,1.357,16.116,B,#1,APPROACH,1.000A/B
41652,2026-06-04 03:28:07,27.1875,12.00,1.056,9.630,B,#1,APPROACH,1.500A/B
41653,2026-06-04 03:28:09,27.3625,12.00,1.056,9.630,B,#1,APPROACH,2.500A/B
41654,2026-06-04 03:28:11,27.5625,12.00,1.056,9.630,B,#1,APPROACH,1.500A/B
41655,2026-06-04 03:28:13,27.7375,12.00,1.056,9.630,B,#1,APPROACH,1.250A/B
41656,2026-06-04 03:28:14,27.9375,12.00,1.250,14.387,B,#1,APPROACH,1.593A/B
41657,2026-06-04 03:28:17,28.1125,12.00,1.250,14.387,B,#1,APPROACH,1.500A/B
41658,2026-06-04 03:28:18,28.3125,12.00,1.250,14.387,B,#1,APPROACH,1.907A/B
41659,2026-06-04 03:28:20,28.4875,12.00,1.250,14.387,B,#1,APPROACH,1.550A/B
41660,2026-06-04 03:28:22,28.6875,12.00,1.316,15.648,B,#1,APPROACH,1.000A/B
41661,2026-06-04 03:28:24,28.8375,12.00,1.316,15.648,B,#1,APPROACH,1.486A/B
41662,2026-06-04 03:28:26,29.0125,12.00,1.316,15.648,B,#1,APPROACH,1.500A/B
41663,2026-06-04 03:28:28,29.1750,12.00,1.316,15.648,B,#1,APPROACH,1.000A/B
41664,2026-06-04 03:28:30,29.3750,12.00,1.011,9.820,B,#1,HOLDING,1.722A/B
41665,2026-06-04 03:28:32,29.5750,12.00,1.011,9.820,B,#1,HOLDING,0.738A/B
41666,2026-06-04 03:28:34,29.7000,12.00,1.011,9.820,B,#1,HOLDING,0.599A/B
41667,2026-06-04 03:28:36,29.8875,6.70,1.011,9.820,B,#1,HOLDING,0.475A/B
41668,2026-06-04 03:28:37,30.0375,6.70,0.475,2.740,B,#1,HOLDING,0.138A/B
41669,2026-06-04 03:28:40,30.1750,6.70,0.475,2.740,OFF,#1,HOLDING,0.000A/OFF
41670,2026-06-04 03:28:41,30.3500,6.70,0.475,2.740,OFF,#1,HOLDING,0.000A/OFF
41671,2026-06-04 03:28:42,30.3500,6.70,0.475,2.740,OFF,#1,HOLDING,0.000A/OFF
41672,2026-06-04 03:28:43,30.4875,6.70,0.475,2.740,OFF,#1,HOLDING,0.000A/OFF
41673,2026-06-04 03:28:44,30.4875,12.00,0.000,2.740,OFF,#1,HOLDING,0.000A/OFF
41674,2026-06-04 03:28:45,30.6375,12.00,0.000,2.740,OFF,#1,HOLDING,0.000A/OFF
41675,2026-06-04 03:28:46,30.6375,12.00,0.000,0.000,A,#1,HOLDING,0.104A/A
41676,2026-06-04 03:28:47,30.7625,12.00,0.000,0.000,A,#1,HOLDING,0.168A/A
41677,2026-06-04 03:28:49,30.8625,12.00,0.000,0.000,A,#1,HOLDING,0.159A/A
41678,2026-06-04 03:28:51,30.9500,0.39,0.000,0.000,A,#1,HOLDING,0.210A/A
41679,2026-06-04 03:28:52,31.0500,0.39,0.199,0.199,A,#1,HOLDING,0.176A/A
41680,2026-06-04 03:28:55,31.1375,0.39,0.199,0.199,A,#1,HOLDING,0.247A/A
41681,2026-06-04 03:28:56,31.1625,0.39,0.199,0.199,A,#1,HOLDING,0.303A/A
41682,2026-06-04 03:28:58,31.2000,1.85,0.199,0.199,A,#1,HOLDING,0.353A/A
41683,2026-06-04 03:29:00,31.2500,1.85,0.353,0.857,A,#1,HOLDING,0.339A/A
41684,2026-06-04 03:29:02,31.2875,1.85,0.353,0.857,A,#1,HOLDING,0.363A/A
41685,2026-06-04 03:29:04,31.3125,1.85,0.353,0.857,A,#1,HOLDING,0.393A/A
41686,2026-06-04 03:29:06,31.3125,2.82,0.353,0.857,A,#1,HOLDING,0.417A/A
41687,2026-06-04 03:29:08,31.3125,2.82,0.417,1.321,A,#1,HOLDING,0.455A/A
41688,2026-06-04 03:29:10,31.2500,2.82,0.417,1.321,A,#1,HOLDING,0.497A/A
41689,2026-06-04 03:29:12,31.2500,2.82,0.417,1.321,A,#1,HOLDING,0.526A/A
41690,2026-06-04 03:29:14,31.2125,4.11,0.417,1.321,A,#1,HOLDING,0.555A/A
41691,2026-06-04 03:29:15,31.1375,4.11,0.555,2.475,A,#1,HOLDING,0.535A/A
41692,2026-06-04 03:29:18,31.0625,4.11,0.555,2.475,A,#1,HOLDING,0.568A/A
41693,2026-06-04 03:29:19,31.0125,4.11,0.555,2.475,A,#1,HOLDING,0.593A/A
41694,2026-06-04 03:29:21,30.9625,4.82,0.555,2.475,A,#1,HOLDING,0.625A/A
41695,2026-06-04 03:29:23,30.8625,4.82,0.606,3.250,A,#1,HOLDING,0.646A/A
41696,2026-06-04 03:29:25,30.7750,4.82,0.606,3.250,A,#1,HOLDING,0.669A/A
41697,2026-06-04 03:29:27,30.6500,4.82,0.606,3.250,A,#1,HOLDING,0.674A/A
41698,2026-06-04 03:29:29,30.5500,5.64,0.606,3.250,A,#1,HOLDING,0.686A/A
41699,2026-06-04 03:29:31,30.4250,5.64,0.686,4.019,A,#1,HOLDING,0.690A/A
41700,2026-06-04 03:29:33,30.3000,5.64,0.686,4.019,A,#1,HOLDING,0.699A/A
41701,2026-06-04 03:29:35,30.1750,5.64,0.686,4.019,A,#1,HOLDING,0.694A/A
41702,2026-06-04 03:29:37,30.0250,5.95,0.686,4.019,A,#1,HOLDING,0.685A/A
41703,2026-06-04 03:29:38,29.8750,5.95,0.685,4.103,A,#1,HOLDING,0.667A/A
41704,2026-06-04 03:29:41,29.7375,5.95,0.685,4.103,A,#1,HOLDING,0.647A/A
41705,2026-06-04 03:29:42,29.6125,5.95,0.685,4.103,A,#1,HOLDING,0.629A/A
41706,2026-06-04 03:29:44,29.4500,5.56,0.685,4.103,A,#1,HOLDING,0.599A/A
41707,2026-06-04 03:29:46,29.2750,5.56,0.612,3.234,A,#2,APPROACH,0.556A/A
41708,2026-06-04 03:29:49,29.1375,5.56,0.612,3.234,A,#2,APPROACH,0.519A/A
41709,2026-06-04 03:29:51,28.9375,5.56,0.612,3.234,A,#2,APPROACH,0.525A/A
41710,2026-06-04 03:29:53,28.8250,5.56,0.612,3.234,A,#2,APPROACH,0.557A/A
41711,2026-06-04 03:29:55,28.6250,8.53,0.557,3.234,A,#2,APPROACH,0.586A/A
41712,2026-06-04 03:29:57,28.4500,8.53,0.557,3.199,A,#2,APPROACH,0.627A/A
41713,2026-06-04 03:29:58,28.3000,8.53,0.557,3.199,A,#2,APPROACH,0.666A/A
41714,2026-06-04 03:30:00,28.1000,8.53,0.557,3.199,A,#2,APPROACH,0.702A/A
41715,2026-06-04 03:30:02,27.8750,6.35,0.557,3.199,A,#2,APPROACH,0.755A/A
41716,2026-06-04 03:30:04,27.7500,6.35,0.726,5.186,A,#2,APPROACH,0.826A/A
41717,2026-06-04 03:30:06,27.5500,6.35,0.726,5.186,A,#2,APPROACH,0.928A/A
41718,2026-06-04 03:30:08,27.3750,6.35,0.726,5.186,A,#2,APPROACH,1.000A/A
41719,2026-06-04 03:30:10,27.1750,8.59,0.726,5.186,A,#2,APPROACH,1.083A/A
41720,2026-06-04 03:30:11,27.0125,8.59,1.038,10.158,A,#2,APPROACH,1.181A/A
41721,2026-06-04 03:30:14,26.8375,8.59,1.038,10.158,A,#2,APPROACH,1.000A/A
41722,2026-06-04 03:30:15,26.6375,8.59,1.038,10.158,A,#2,APPROACH,1.321A/A
41723,2026-06-04 03:30:17,26.4375,10.89,1.038,10.158,A,#2,APPROACH,1.424A/A
41724,2026-06-04 03:30:19,26.2625,10.89,1.368,16.774,A,#2,APPROACH,1.542A/A
41725,2026-06-04 03:30:21,26.0875,10.89,1.368,16.774,A,#2,APPROACH,1.500A/A
41726,2026-06-04 03:30:23,25.8750,10.89,1.368,16.774,A,#2,APPROACH,1.701A/A
41727,2026-06-04 03:30:25,25.6750,12.00,1.368,16.774,A,#2,APPROACH,1.000A/A
41728,2026-06-04 03:30:27,25.4500,12.00,1.000,9.010,A,#2,APPROACH,1.832A/A
41729,2026-06-04 03:30:29,25.2500,12.00,1.000,9.010,A,#2,APPROACH,2.000A/A
41730,2026-06-04 03:30:31,25.0750,12.00,1.000,9.010,A,#2,APPROACH,2.000A/A
41731,2026-06-04 03:30:33,24.8750,12.00,1.000,9.010,A,#2,APPROACH,2.023A/A
41732,2026-06-04 03:30:34,24.7000,12.00,1.435,17.088,A,#2,APPROACH,2.203A/A
41733,2026-06-04 03:30:37,24.4500,12.00,1.435,17.088,A,#2,APPROACH,2.443A/A
41734,2026-06-04 03:30:38,24.2625,12.00,1.435,17.088,A,#2,APPROACH,2.500A/A
41735,2026-06-04 03:30:40,24.0625,12.00,1.435,17.088,A,#2,APPROACH,1.000A/A
41736,2026-06-04 03:30:42,23.8750,12.00,1.225,9.190,A,#2,APPROACH,1.500A/A
41737,2026-06-04 03:30:44,23.6750,12.00,1.225,9.190,A,#2,APPROACH,1.000A/A
41738,2026-06-04 03:30:46,23.4750,12.00,1.225,9.190,A,#2,APPROACH,1.000A/A
41739,2026-06-04 03:30:48,23.2750,9.12,1.225,9.190,A,#2,APPROACH,2.547A/A
41740,2026-06-04 03:30:50,23.0750,9.12,1.209,16.896,A,#2,APPROACH,1.000A/A
41741,2026-06-04 03:30:52,22.9250,9.12,1.209,16.896,A,#2,APPROACH,1.000A/A
41742,2026-06-04 03:30:54,22.7250,9.12,1.209,16.896,A,#2,APPROACH,2.500A/A
41743,2026-06-04 03:30:56,22.5500,12.00,1.209,16.896,A,#2,APPROACH,1.000A/A
41744,2026-06-04 03:30:57,22.3625,12.00,1.209,9.260,A,#2,APPROACH,1.000A/A
41745,2026-06-04 03:31:00,22.1875,12.00,1.209,9.260,A,#2,APPROACH,2.500A/A
41746,2026-06-04 03:31:01,22.0125,12.00,1.209,9.260,A,#2,APPROACH,2.500A/A
41747,2026-06-04 03:31:03,21.8375,12.00,1.209,9.260,A,#2,APPROACH,2.500A/A
41748,2026-06-04 03:31:05,21.7000,12.00,1.414,16.812,A,#2,APPROACH,1.000A/A
41749,2026-06-04 03:31:08,21.5500,12.00,1.414,16.812,A,#2,APPROACH,2.500A/A
41750,2026-06-04 03:31:09,21.4000,12.00,1.414,16.812,A,#2,APPROACH,1.000A/A
41751,2026-06-04 03:31:11,21.2500,9.20,1.414,16.812,A,#2,APPROACH,2.500A/A
41752,2026-06-04 03:31:13,21.0750,9.20,1.236,16.800,A,#2,APPROACH,2.500A/A
41753,2026-06-04 03:31:15,20.9250,9.20,1.236,16.800,A,#2,APPROACH,1.500A/A
41754,2026-06-04 03:31:17,20.7750,9.20,1.236,16.800,A,#2,APPROACH,2.000A/A
41755,2026-06-04 03:31:19,20.6250,12.00,1.236,16.800,A,#2,APPROACH,1.000A/A
41756,2026-06-04 03:31:20,20.5250,12.00,1.202,9.340,A,#2,APPROACH,1.500A/A
41757,2026-06-04 03:31:23,20.3750,12.00,1.202,9.340,A,#2,APPROACH,2.000A/A
41758,2026-06-04 03:31:24,20.2375,12.00,1.202,9.340,A,#2,APPROACH,2.524A/A
41759,2026-06-04 03:31:26,20.1125,12.00,1.202,9.340,A,#2,APPROACH,2.500A/A
41760,2026-06-04 03:31:28,19.9875,12.00,1.401,16.692,A,#2,HOLDING,2.000A/A
41761,2026-06-04 03:31:31,19.8625,12.00,1.401,16.692,OFF,#2,HOLDING,0.000A/OFF
41762,2026-06-04 03:31:32,19.8625,12.00,1.401,16.692,OFF,#2,HOLDING,0.000A/OFF
41763,2026-06-04 03:31:33,19.7375,12.00,1.401,16.692,OFF,#2,HOLDING,0.000A/OFF
41764,2026-06-04 03:31:34,19.6125,12.00,1.401,16.692,OFF,#2,HOLDING,0.000A/OFF
41765,2026-06-04 03:31:35,19.6125,12.00,0.000,16.692,OFF,#2,HOLDING,0.000A/OFF
41766,2026-06-04 03:31:36,19.4875,12.00,0.000,16.692,OFF,#2,HOLDING,0.000A/OFF
41767,2026-06-04 03:31:37,19.4875,12.00,0.000,0.000,OFF,#2,HOLDING,0.000A/OFF
41768,2026-06-04 03:31:38,19.3625,12.00,0.000,0.000,OFF,#2,HOLDING,0.000A/OFF
41769,2026-06-04 03:31:39,19.3625,12.00,0.000,0.000,OFF,#2,HOLDING,0.000A/OFF
41770,2026-06-04 03:31:40,19.2750,12.00,0.000,0.000,OFF,#2,HOLDING,0.000A/OFF
41771,2026-06-04 03:31:41,19.2750,12.00,0.000,0.000,A,#2,HOLDING,0.104A/A
41772,2026-06-04 03:31:43,19.2000,12.00,0.000,0.247,A,#2,HOLDING,0.101A/A
41773,2026-06-04 03:31:44,19.1250,12.00,0.000,0.247,A,#2,HOLDING,0.109A/A
41774,2026-06-04 03:31:46,19.1000,12.00,0.000,0.247,A,#2,HOLDING,0.107A/A
41775,2026-06-04 03:31:48,19.0625,1.61,0.000,0.247,A,#2,HOLDING,0.108A/A
41776,2026-06-04 03:31:50,19.0375,1.61,0.108,0.171,A,#2,HOLDING,0.111A/A
41777,2026-06-04 03:31:52,19.0375,1.61,0.108,0.171,A,#2,HOLDING,0.111A/A
41778,2026-06-04 03:31:54,19.0125,1.61,0.108,0.171,A,#2,HOLDING,0.109A/A
41779,2026-06-04 03:31:55,19.0250,1.51,0.108,0.171,A,#2,HOLDING,0.109A/A
41780,2026-06-04 03:31:57,19.0500,1.51,0.109,0.163,A,#2,HOLDING,0.110A/A
41781,2026-06-04 03:32:00,19.0625,1.51,0.109,0.163,A,#2,HOLDING,0.112A/A
41782,2026-06-04 03:32:01,19.0625,1.51,0.109,0.163,A,#2,HOLDING,0.109A/A
41783,2026-06-04 03:32:03,19.1000,1.42,0.109,0.163,A,#2,HOLDING,0.110A/A
41784,2026-06-04 03:32:05,19.1250,1.42,0.110,0.157,A,#2,HOLDING,0.113A/A
41785,2026-06-04 03:32:07,19.1250,1.42,0.110,0.157,A,#2,HOLDING,0.114A/A
41786,2026-06-04 03:32:09,19.1500,1.42,0.110,0.157,A,#2,HOLDING,0.115A/A
41787,2026-06-04 03:32:11,19.1875,1.41,0.110,0.157,A,#2,HOLDING,0.119A/A
41788,2026-06-04 03:32:13,19.2375,1.41,0.119,0.174,A,#2,HOLDING,0.129A/A
41789,2026-06-04 03:32:15,19.2500,1.41,0.119,0.174,A,#2,HOLDING,0.134A/A
41790,2026-06-04 03:32:17,19.3000,1.41,0.119,0.174,A,#2,HOLDING,0.143A/A
41791,2026-06-04 03:32:18,19.3250,1.63,0.119,0.174,A,#2,HOLDING,0.149A/A
41792,2026-06-04 03:32:20,19.3750,1.63,0.149,0.251,A,#2,HOLDING,0.163A/A
41793,2026-06-04 03:32:23,19.3875,1.63,0.149,0.251,A,#2,HOLDING,0.172A/A
41794,2026-06-04 03:32:24,19.4375,1.63,0.149,0.251,A,#2,HOLDING,0.186A/A
41795,2026-06-04 03:32:26,19.5000,1.98,0.149,0.251,A,#2,HOLDING,0.202A/A
41796,2026-06-04 03:32:28,19.5250,1.98,0.202,0.434,A,#2,HOLDING,0.219A/A
41797,2026-06-04 03:32:30,19.5875,1.98,0.202,0.434,A,#3,APPROACH,0.241A/A
41798,2026-06-04 03:32:32,19.5875,1.98,0.202,0.434,B,#3,APPROACH,0.616A/B
41799,2026-06-04 03:32:34,19.6375,1.98,0.202,0.434,B,#3,APPROACH,0.629A/B
41800,2026-06-04 03:32:36,19.6875,8.56,0.202,0.434,B,#3,APPROACH,0.668A/B
41801,2026-06-04 03:32:38,19.7250,8.56,0.821,3.807,B,#3,APPROACH,0.724A/B
41802,2026-06-04 03:32:40,19.8000,8.56,0.821,3.807,B,#3,APPROACH,0.804A/B
41803,2026-06-04 03:32:42,19.8500,8.56,0.821,3.807,B,#3,APPROACH,0.866A/B
41804,2026-06-04 03:32:44,19.9750,7.18,0.821,3.807,B,#3,APPROACH,0.941A/B
41805,2026-06-04 03:32:46,20.1000,7.18,0.941,7.462,B,#3,APPROACH,1.000A/B
41806,2026-06-04 03:32:48,20.2000,7.18,0.941,7.462,B,#3,APPROACH,1.020A/B
41807,2026-06-04 03:32:50,20.3250,7.18,0.941,7.462,B,#3,APPROACH,1.000A/B
41808,2026-06-04 03:32:51,20.4750,8.37,0.941,7.462,B,#3,APPROACH,1.102A/B
41809,2026-06-04 03:32:53,20.6125,8.37,1.088,10.226,B,#3,APPROACH,1.225A/B
41810,2026-06-04 03:32:56,20.7625,8.37,1.088,10.226,B,#3,APPROACH,1.404A/B
41811,2026-06-04 03:32:57,20.9250,8.37,1.088,10.226,B,#3,APPROACH,1.523A/B
41812,2026-06-04 03:32:59,21.1000,12.00,1.088,10.226,B,#3,APPROACH,1.000A/B
41813,2026-06-04 03:33:01,21.3000,12.00,1.115,8.710,B,#3,APPROACH,1.500A/B
41814,2026-06-04 03:33:03,21.5000,12.00,1.115,8.710,B,#3,APPROACH,1.650A/B
41815,2026-06-04 03:33:05,21.6500,12.00,1.115,8.710,B,#3,APPROACH,1.798A/B
41816,2026-06-04 03:33:07,21.8500,12.00,1.115,8.710,B,#3,APPROACH,1.975A/B
41817,2026-06-04 03:33:09,22.0500,12.00,1.452,17.196,B,#3,APPROACH,1.000A/B
41818,2026-06-04 03:33:11,22.2500,12.00,1.452,17.196,B,#3,APPROACH,2.147A/B
41819,2026-06-04 03:33:13,22.4375,12.00,1.452,17.196,B,#3,APPROACH,2.000A/B
41820,2026-06-04 03:33:15,22.6875,12.00,1.452,17.196,B,#3,APPROACH,2.000A/B
41821,2026-06-04 03:33:16,22.8625,12.00,1.416,16.848,B,#3,APPROACH,2.000A/B
41822,2026-06-04 03:33:19,23.0625,12.00,1.416,16.848,B,#3,APPROACH,2.284A/B
41823,2026-06-04 03:33:20,23.2750,12.00,1.416,16.848,B,#3,APPROACH,2.476A/B
41824,2026-06-04 03:33:22,23.5000,12.00,1.416,16.848,B,#3,APPROACH,2.000A/B
41825,2026-06-04 03:33:24,23.7125,12.00,1.389,16.500,B,#3,APPROACH,1.500A/B
41826,2026-06-04 03:33:26,23.9625,12.00,1.389,16.500,B,#3,APPROACH,2.000A/B
41827,2026-06-04 03:33:28,24.1750,12.00,1.389,16.500,B,#3,APPROACH,2.670A/B
41828,2026-06-04 03:33:30,24.4000,12.00,1.389,16.500,B,#3,APPROACH,2.000A/B
41829,2026-06-04 03:33:32,24.6250,12.00,1.365,16.212,B,#3,APPROACH,1.500A/B
41830,2026-06-04 03:33:34,24.8750,12.00,1.365,16.212,B,#3,APPROACH,2.000A/B
41831,2026-06-04 03:33:36,25.0875,12.00,1.365,16.212,B,#3,APPROACH,2.500A/B
41832,2026-06-04 03:33:38,25.3125,12.00,1.365,16.212,B,#3,APPROACH,2.500A/B
41833,2026-06-04 03:33:39,25.5500,12.00,1.347,15.996,B,#3,APPROACH,2.000A/B
41834,2026-06-04 03:33:42,25.8000,12.00,1.347,15.996,B,#3,APPROACH,1.500A/B
41835,2026-06-04 03:33:43,26.0000,12.00,1.347,15.996,B,#3,APPROACH,1.000A/B
41836,2026-06-04 03:33:45,26.2500,9.61,1.347,15.996,B,#3,APPROACH,1.000A/B
41837,2026-06-04 03:33:47,26.4750,9.61,1.000,9.720,B,#3,APPROACH,2.500A/B
41838,2026-06-04 03:33:49,26.7250,9.61,1.000,9.720,B,#3,APPROACH,2.500A/B
41839,2026-06-04 03:33:51,26.9250,9.61,1.000,9.720,B,#3,APPROACH,2.500A/B
41840,2026-06-04 03:33:53,27.1500,12.00,1.000,9.720,B,#3,APPROACH,2.500A/B
41841,2026-06-04 03:33:55,27.3625,12.00,1.326,15.768,B,#3,APPROACH,2.000A/B
41842,2026-06-04 03:33:57,27.5625,12.00,1.326,15.768,B,#3,APPROACH,2.500A/B
41843,2026-06-04 03:33:59,27.7375,12.00,1.326,15.768,B,#3,APPROACH,2.759A/B
41844,2026-06-04 03:34:01,27.9375,12.00,1.326,15.768,B,#3,APPROACH,1.500A/B
41845,2026-06-04 03:34:03,28.1500,12.00,1.312,15.588,B,#3,APPROACH,2.880A/B
41846,2026-06-04 03:34:05,28.3750,12.00,1.312,15.588,B,#3,APPROACH,2.500A/B
41847,2026-06-04 03:34:06,28.5500,12.00,1.312,15.588,B,#3,APPROACH,3.000A/B
41848,2026-06-04 03:34:08,28.7250,12.00,1.312,15.588,B,#3,APPROACH,2.968A/B
41849,2026-06-04 03:34:10,28.9250,12.00,1.301,15.456,B,#3,APPROACH,2.000A/B
41850,2026-06-04 03:34:13,29.1250,12.00,1.301,15.456,B,#3,APPROACH,1.500A/B
41851,2026-06-04 03:34:14,29.3000,12.00,1.301,15.456,B,#3,APPROACH,2.000A/B
41852,2026-06-04 03:34:16,29.5000,12.00,1.301,15.456,B,#3,APPROACH,2.500A/B
41853,2026-06-04 03:34:18,29.7000,12.00,1.292,15.348,B,#3,APPROACH,2.000A/B
41854,2026-06-04 03:34:20,29.8750,12.00,1.292,15.348,B,#3,APPROACH,2.500A/B
41855,2026-06-04 03:34:22,30.0500,12.00,1.292,15.348,B,#3,APPROACH,2.000A/B
41856,2026-06-04 03:34:24,30.2500,12.00,1.292,15.348,B,#3,APPROACH,1.000A/B
41857,2026-06-04 03:34:26,30.4250,12.00,1.143,9.980,B,#3,APPROACH,2.000A/B
41858,2026-06-04 03:34:28,30.6250,12.00,1.143,9.980,B,#3,APPROACH,2.500A/B
41859,2026-06-04 03:34:30,30.8000,12.00,1.143,9.980,B,#3,HOLDING,2.000A/B
41860,2026-06-04 03:34:31,30.9500,12.00,1.143,9.980,OFF,#3,HOLDING,0.000A/OFF
41861,2026-06-04 03:34:32,30.9500,12.00,1.143,9.980,OFF,#3,HOLDING,0.000A/OFF
41862,2026-06-04 03:34:33,31.1500,12.00,1.284,9.980,OFF,#3,HOLDING,0.000A/OFF
41863,2026-06-04 03:34:34,31.3250,12.00,1.284,7.644,OFF,#3,HOLDING,0.000A/OFF
41864,2026-06-04 03:34:35,31.3250,12.00,1.284,7.644,OFF,#3,HOLDING,0.000A/OFF
41865,2026-06-04 03:34:36,31.4875,12.00,1.284,7.644,OFF,#3,HOLDING,0.000A/OFF
41866,2026-06-04 03:34:37,31.4875,12.00,1.284,7.644,OFF,#3,HOLDING,0.000A/OFF
41867,2026-06-04 03:34:38,31.6375,12.00,1.284,7.644,OFF,#3,HOLDING,0.000A/OFF
41868,2026-06-04 03:34:39,31.6375,12.00,0.000,7.644,OFF,#3,HOLDING,0.000A/OFF
41869,2026-06-04 03:34:40,31.7375,12.00,0.000,0.000,OFF,#3,HOLDING,0.000A/OFF
41870,2026-06-04 03:34:41,31.7375,12.00,0.000,0.000,OFF,#3,HOLDING,0.000A/OFF
41871,2026-06-04 03:34:43,31.8875,12.00,0.000,0.000,OFF,#3,HOLDING,0.000A/OFF
41872,2026-06-04 03:34:44,31.8875,12.00,0.000,0.000,OFF,#3,HOLDING,0.000A/OFF
41873,2026-06-04 03:34:45,32.0250,12.00,0.000,0.000,OFF,#3,HOLDING,0.000A/OFF
41874,2026-06-04 03:34:46,32.0250,12.00,0.000,0.000,OFF,#3,HOLDING,0.000A/OFF
41875,2026-06-04 03:34:47,32.1500,12.00,0.000,0.000,OFF,#3,HOLDING,0.000A/OFF
41876,2026-06-04 03:34:48,32.1500,12.00,0.000,0.000,OFF,#3,HOLDING,0.000A/OFF
41877,2026-06-04 03:34:49,32.2250,12.00,0.000,0.000,OFF,#3,HOLDING,0.000A/OFF
41878,2026-06-04 03:34:50,32.2250,12.00,0.000,0.000,OFF,#3,HOLDING,0.000A/OFF
41879,2026-06-04 03:34:51,32.2750,12.00,0.000,0.000,OFF,#3,HOLDING,0.000A/OFF
41880,2026-06-04 03:34:52,32.2750,12.00,0.000,0.000,OFF,#3,HOLDING,0.000A/OFF
41881,2026-06-04 03:34:53,32.3500,12.00,0.000,0.000,OFF,#3,HOLDING,0.000A/OFF
41882,2026-06-04 03:34:54,32.3750,12.00,0.000,0.000,OFF,#3,HOLDING,0.000A/OFF
41883,2026-06-04 03:34:55,32.3750,12.00,0.000,0.000,OFF,#3,HOLDING,0.000A/OFF
41884,2026-06-04 03:34:56,32.4375,12.00,0.000,0.000,OFF,#3,HOLDING,0.000A/OFF
41885,2026-06-04 03:34:57,32.4375,12.00,0.000,0.000,OFF,#3,HOLDING,0.000A/OFF
41886,2026-06-04 03:34:58,32.4375,12.00,0.000,0.000,A,#3,HOLDING,0.100A/A
41887,2026-06-04 03:35:00,32.4375,12.00,0.888,0.032,A,#3,HOLDING,0.118A/A
41888,2026-06-04 03:35:02,32.4375,12.00,0.888,0.032,A,#3,HOLDING,0.153A/A
41889,2026-06-04 03:35:04,32.4625,12.00,0.888,0.032,A,#3,HOLDING,0.180A/A
41890,2026-06-04 03:35:05,32.4375,1.21,0.888,0.032,A,#3,HOLDING,0.206A/A
41891,2026-06-04 03:35:07,32.4250,1.21,0.191,0.319,A,#3,HOLDING,0.231A/A
41892,2026-06-04 03:35:10,32.3750,1.21,0.191,0.319,A,#3,HOLDING,0.257A/A
41893,2026-06-04 03:35:11,32.3625,1.21,0.191,0.319,A,#3,HOLDING,0.279A/A
41894,2026-06-04 03:35:13,32.2875,2.17,0.191,0.319,A,#3,HOLDING,0.295A/A
41895,2026-06-04 03:35:15,32.2375,2.17,0.295,0.713,A,#3,HOLDING,0.314A/A
41896,2026-06-04 03:35:17,32.1875,2.17,0.295,0.713,A,#3,HOLDING,0.335A/A
41897,2026-06-04 03:35:19,32.1250,2.17,0.295,0.713,A,#3,HOLDING,0.349A/A
41898,2026-06-04 03:35:21,32.0500,2.87,0.295,0.713,A,#3,HOLDING,0.360A/A
41899,2026-06-04 03:35:23,31.9875,2.87,0.360,1.101,A,#3,HOLDING,0.368A/A
41900,2026-06-04 03:35:25,31.8625,2.87,0.360,1.101,A,#3,HOLDING,0.374A/A
41901,2026-06-04 03:35:27,31.8000,2.87,0.360,1.101,A,#3,HOLDING,0.377A/A
41902,2026-06-04 03:35:28,31.6750,3.24,0.360,1.101,A,#3,HOLDING,0.371A/A
41903,2026-06-04 03:35:30,31.5750,3.24,0.371,1.176,A,#4,APPROACH,0.365A/A
41904,2026-06-04 03:35:33,31.4500,3.24,0.371,1.176,OFF,#4,HOLDING,0.000A/OFF
41905,2026-06-04 03:35:34,31.4500,3.24,0.371,1.176,OFF,#4,HOLDING,0.000A/OFF
41906,2026-06-04 03:35:35,31.3375,3.24,0.371,1.176,OFF,#4,HOLDING,0.000A/OFF
41907,2026-06-04 03:35:36,31.2125,3.24,0.371,1.176,OFF,#4,HOLDING,0.000A/OFF
41908,2026-06-04 03:35:37,31.2125,3.24,0.371,1.176,OFF,#4,HOLDING,0.000A/OFF
41909,2026-06-04 03:35:38,31.0875,12.00,0.371,1.176,OFF,#4,HOLDING,0.000A/OFF
41910,2026-06-04 03:35:39,31.0875,12.00,0.000,1.176,OFF,#4,HOLDING,0.000A/OFF
41911,2026-06-04 03:35:40,30.9625,12.00,0.000,0.000,OFF,#4,HOLDING,0.000A/OFF
41912,2026-06-04 03:35:41,30.9625,12.00,0.000,0.000,OFF,#4,HOLDING,0.000A/OFF
41913,2026-06-04 03:35:42,30.8375,12.00,0.000,0.000,B,#4,HOLDING,0.103A/B
41914,2026-06-04 03:35:44,30.7125,12.00,0.000,0.000,B,#4,HOLDING,0.125A/B
41915,2026-06-04 03:35:45,30.7125,4.09,0.125,0.000,B,#4,HOLDING,0.152A/B
41916,2026-06-04 03:35:47,30.6125,4.09,0.125,0.264,B,#4,HOLDING,0.175A/B
41917,2026-06-04 03:35:49,30.4875,4.09,0.125,0.264,B,#4,HOLDING,0.212A/B
41918,2026-06-04 03:35:50,30.4250,4.09,0.125,0.264,B,#4,HOLDING,0.256A/B
41919,2026-06-04 03:35:52,30.3000,2.68,0.125,0.264,B,#4,HOLDING,0.305A/B
41920,2026-06-04 03:35:54,30.2375,2.68,0.294,0.960,B,#4,HOLDING,0.347A/B
41921,2026-06-04 03:35:56,30.1125,2.68,0.294,0.960,B,#4,HOLDING,0.419A/B
41922,2026-06-04 03:35:58,30.0500,2.68,0.294,0.960,B,#4,HOLDING,0.515A/B
41923,2026-06-04 03:36:00,29.9500,4.72,0.294,0.960,B,#4,HOLDING,0.585A/B
41924,2026-06-04 03:36:02,29.8625,4.72,0.574,3.211,B,#4,HOLDING,0.652A/B
41925,2026-06-04 03:36:04,29.7375,4.72,0.574,3.211,B,#4,HOLDING,0.748A/B
41926,2026-06-04 03:36:06,29.6875,4.72,0.574,3.211,B,#4,HOLDING,0.807A/B
41927,2026-06-04 03:36:07,29.6125,7.12,0.574,3.211,B,#4,HOLDING,0.883A/B
41928,2026-06-04 03:36:09,29.5500,7.12,0.869,6.966,B,#4,HOLDING,0.958A/B
41929,2026-06-04 03:36:12,29.4750,7.12,0.869,6.966,B,#4,HOLDING,1.062A/B
41930,2026-06-04 03:36:13,29.4375,7.12,0.869,6.966,B,#4,HOLDING,1.129A/B
41931,2026-06-04 03:36:15,29.3875,9.61,0.869,6.966,B,#4,HOLDING,1.213A/B
41932,2026-06-04 03:36:17,29.3375,9.61,1.184,12.590,B,#4,HOLDING,1.299A/B
41933,2026-06-04 03:36:19,29.3125,9.61,1.184,12.590,B,#4,HOLDING,1.405A/B
41934,2026-06-04 03:36:21,29.2750,9.61,1.184,12.590,B,#4,HOLDING,1.479A/B
41935,2026-06-04 03:36:23,29.2750,12.00,1.184,12.590,B,#4,HOLDING,1.000A/B
41936,2026-06-04 03:36:25,29.2500,12.00,1.164,9.040,B,#4,HOLDING,1.500A/B
41937,2026-06-04 03:36:27,29.2750,12.00,1.164,9.040,B,#4,HOLDING,1.500A/B
41938,2026-06-04 03:36:29,29.3125,12.00,1.164,9.040,B,#4,HOLDING,1.000A/B
41939,2026-06-04 03:36:31,29.3125,9.12,1.164,9.040,B,#4,HOLDING,1.548A/B
41940,2026-06-04 03:36:32,29.3750,9.12,1.226,16.644,B,#4,HOLDING,1.000A/B
41941,2026-06-04 03:36:35,29.4250,9.12,1.226,16.644,B,#4,HOLDING,1.620A/B
41942,2026-06-04 03:36:36,29.4750,9.12,1.226,16.644,B,#4,HOLDING,1.500A/B
41943,2026-06-04 03:36:38,29.5250,12.00,1.226,16.644,B,#4,HOLDING,1.674A/B
41944,2026-06-04 03:36:40,29.6000,12.00,1.374,16.344,B,#4,HOLDING,1.740A/B
41945,2026-06-04 03:36:42,29.6750,12.00,1.374,16.344,B,#4,HOLDING,1.826A/B
41946,2026-06-04 03:36:44,29.7625,12.00,1.374,16.344,B,#4,HOLDING,1.874A/B
41947,2026-06-04 03:36:46,29.8375,12.00,1.374,16.344,B,#4,HOLDING,1.000A/B
41948,2026-06-04 03:36:48,29.9125,12.00,1.148,9.550,B,#4,HOLDING,1.928A/B
41949,2026-06-04 03:36:50,30.0125,12.00,1.148,9.550,B,#4,HOLDING,2.000A/B
41950,2026-06-04 03:36:52,30.1000,12.00,1.148,9.550,B,#4,HOLDING,1.500A/B
41951,2026-06-04 03:36:54,30.2000,12.00,1.148,9.550,B,#4,HOLDING,1.500A/B
41952,2026-06-04 03:36:55,30.3250,12.00,1.338,15.876,B,#4,HOLDING,1.985A/B
41953,2026-06-04 03:36:58,30.4250,12.00,1.338,15.876,B,#4,HOLDING,1.000A/B
41954,2026-06-04 03:36:59,30.5375,12.00,1.338,15.876,B,#4,HOLDING,2.039A/B
41955,2026-06-04 03:37:01,30.6375,12.00,1.338,15.876,B,#4,HOLDING,2.076A/B
41956,2026-06-04 03:37:03,30.7375,12.00,1.319,15.660,B,#4,HOLDING,2.106A/B
41957,2026-06-04 03:37:05,30.8625,12.00,1.319,15.660,B,#4,HOLDING,2.000A/B
41958,2026-06-04 03:37:07,30.9875,12.00,1.319,15.660,B,#4,HOLDING,2.138A/B
41959,2026-06-04 03:37:09,31.0875,12.00,1.319,15.660,B,#4,HOLDING,2.157A/B
41960,2026-06-04 03:37:11,31.2000,12.00,1.304,15.504,B,#4,HOLDING,1.500A/B
41961,2026-06-04 03:37:13,31.3250,12.00,1.304,15.504,OFF,#4,HOLDING,0.000A/OFF
41962,2026-06-04 03:37:14,31.4500,12.00,1.304,15.504,OFF,#4,HOLDING,0.000A/OFF
41963,2026-06-04 03:37:15,31.4500,12.00,1.304,15.504,OFF,#4,HOLDING,0.000A/OFF
41964,2026-06-04 03:37:16,31.5750,12.00,1.304,15.504,OFF,#4,HOLDING,0.000A/OFF
41965,2026-06-04 03:37:17,31.5750,12.00,0.000,15.504,OFF,#4,HOLDING,0.000A/OFF
41966,2026-06-04 03:37:18,31.6750,12.00,0.000,15.504,OFF,#4,HOLDING,0.000A/OFF
41967,2026-06-04 03:37:19,31.8000,12.00,0.000,0.000,OFF,#4,HOLDING,0.000A/OFF
41968,2026-06-04 03:37:20,31.8000,12.00,0.000,0.000,OFF,#4,HOLDING,0.000A/OFF
41969,2026-06-04 03:37:21,31.9125,12.00,0.000,0.000,OFF,#4,HOLDING,0.000A/OFF
41970,2026-06-04 03:37:22,31.9125,12.00,0.000,0.000,OFF,#4,HOLDING,0.000A/OFF
41971,2026-06-04 03:37:23,32.0125,12.00,0.000,0.000,OFF,#4,HOLDING,0.000A/OFF
41972,2026-06-04 03:37:24,32.0125,12.00,0.000,0.000,OFF,#4,HOLDING,0.000A/OFF
41973,2026-06-04 03:37:25,32.1000,12.00,0.000,0.000,A,#4,HOLDING,0.137A/A
41974,2026-06-04 03:37:27,32.1000,12.00,0.000,0.000,A,#5,APPROACH,0.135A/A
41975,2026-06-04 03:37:28,32.2000,12.00,0.000,0.000,OFF,#5,APPROACH,0.000A/OFF
41976,2026-06-04 03:37:29,32.2500,12.00,0.000,0.000,OFF,#5,APPROACH,0.000A/OFF
41977,2026-06-04 03:37:30,32.2500,12.00,0.000,0.000,A,#5,APPROACH,0.106A/A
41978,2026-06-04 03:37:33,32.3000,12.00,0.106,0.000,A,#5,APPROACH,0.162A/A
41979,2026-06-04 03:37:34,32.3750,12.00,0.106,0.115,A,#5,APPROACH,0.203A/A
41980,2026-06-04 03:37:36,32.4000,12.00,0.106,0.115,A,#5,APPROACH,0.246A/A
41981,2026-06-04 03:37:37,32.4125,12.00,0.106,0.115,A,#5,APPROACH,0.282A/A
41982,2026-06-04 03:37:39,32.4375,1.90,0.106,0.115,A,#5,APPROACH,0.324A/A
41983,2026-06-04 03:37:41,32.4000,1.90,0.324,0.761,A,#5,APPROACH,0.360A/A
41984,2026-06-04 03:37:44,32.3750,1.90,0.324,0.761,A,#5,APPROACH,0.411A/A
41985,2026-06-04 03:37:45,32.4000,1.90,0.324,0.761,A,#5,APPROACH,0.451A/A
41986,2026-06-04 03:37:47,32.3500,3.40,0.324,0.761,A,#5,APPROACH,0.490A/A
41987,2026-06-04 03:37:49,32.2750,3.40,0.490,1.901,A,#5,APPROACH,0.520A/A
41988,2026-06-04 03:37:51,32.2250,3.40,0.490,1.901,A,#5,APPROACH,0.559A/A
41989,2026-06-04 03:37:53,32.1875,3.40,0.490,1.901,A,#5,HOLDING,0.541A/A
41990,2026-06-04 03:37:55,32.1375,3.40,0.490,1.901,OFF,#5,HOLDING,0.000A/OFF
41991,2026-06-04 03:37:56,32.1375,4.34,0.490,1.901,OFF,#5,HOLDING,0.000A/OFF
41992,2026-06-04 03:37:57,32.0250,4.34,0.541,1.901,OFF,#5,HOLDING,0.000A/OFF
41993,2026-06-04 03:37:58,31.9250,4.34,0.541,3.213,OFF,#5,HOLDING,0.000A/OFF
41994,2026-06-04 03:37:59,31.9250,4.34,0.541,3.213,OFF,#5,HOLDING,0.000A/OFF
41995,2026-06-04 03:38:00,31.8250,4.34,0.541,3.213,OFF,#5,HOLDING,0.000A/OFF
41996,2026-06-04 03:38:01,31.8250,4.34,0.541,3.213,A,#5,HOLDING,0.107A/A
41997,2026-06-04 03:38:02,31.7250,12.00,0.052,3.213,A,#5,HOLDING,0.113A/A
41998,2026-06-04 03:38:04,31.6125,12.00,0.052,0.102,A,#5,HOLDING,0.135A/A
41999,2026-06-04 03:38:06,31.4875,12.00,0.052,0.102,A,#5,HOLDING,0.131A/A
42000,2026-06-04 03:38:07,31.4000,12.00,0.052,0.102,A,#5,HOLDING,0.139A/A
42001,2026-06-04 03:38:09,31.3000,1.28,0.052,0.102,A,#5,HOLDING,0.144A/A
42002,2026-06-04 03:38:11,31.3000,1.28,0.144,0.203,A,#5,HOLDING,0.161A/A
42003,2026-06-04 03:38:13,31.0750,1.28,0.144,0.203,A,#5,HOLDING,0.148A/A
42004,2026-06-04 03:38:15,30.9625,1.28,0.144,0.203,A,#5,HOLDING,0.138A/A
42005,2026-06-04 03:38:17,30.8625,1.30,0.144,0.203,A,#5,HOLDING,0.116A/A
42006,2026-06-04 03:38:19,30.8625,1.30,0.116,0.139,A,#5,HOLDING,0.120A/A
42007,2026-06-04 03:38:21,30.6125,1.30,0.116,0.139,OFF,#5,HOLDING,0.000A/OFF
42008,2026-06-04 03:38:22,30.6125,1.30,0.116,0.139,OFF,#5,HOLDING,0.000A/OFF
42009,2026-06-04 03:38:23,30.4875,1.30,0.116,0.139,OFF,#5,HOLDING,0.000A/OFF
42010,2026-06-04 03:38:24,30.4875,1.30,0.116,0.139,OFF,#5,HOLDING,0.000A/OFF
42011,2026-06-04 03:38:25,30.3625,12.00,0.000,0.139,OFF,#5,HOLDING,0.000A/OFF
42012,2026-06-04 03:38:26,30.3625,12.00,0.000,0.139,OFF,#5,HOLDING,0.000A/OFF
42013,2026-06-04 03:38:27,30.2625,12.00,0.000,0.000,OFF,#5,HOLDING,0.000A/OFF
42014,2026-06-04 03:38:28,30.2625,12.00,0.000,0.000,OFF,#5,HOLDING,0.000A/OFF
42015,2026-06-04 03:38:29,30.1375,12.00,0.000,0.000,B,#5,HOLDING,0.115A/B
42016,2026-06-04 03:38:31,30.0250,7.92,0.000,0.000,B,#5,HOLDING,0.160A/B
42017,2026-06-04 03:38:33,29.9000,7.92,0.160,0.251,B,#5,HOLDING,0.227A/B
42018,2026-06-04 03:38:35,29.8000,7.92,0.160,0.251,B,#5,HOLDING,0.284A/B
42019,2026-06-04 03:38:37,29.6750,7.92,0.160,0.251,B,#5,HOLDING,0.343A/B
42020,2026-06-04 03:38:39,29.5875,3.12,0.160,0.251,B,#5,HOLDING,0.405A/B
42021,2026-06-04 03:38:41,29.4875,3.12,0.405,1.514,B,#5,HOLDING,0.476A/B
42022,2026-06-04 03:38:43,29.3625,3.12,0.405,1.514,B,#5,HOLDING,0.565A/B
42023,2026-06-04 03:38:45,29.2625,3.12,0.405,1.514,B,#5,HOLDING,0.636A/B
42024,2026-06-04 03:38:47,29.1500,5.51,0.405,1.514,B,#5,HOLDING,0.718A/B
42025,2026-06-04 03:38:48,29.0750,5.51,0.718,4.494,B,#5,HOLDING,0.798A/B
42026,2026-06-04 03:38:51,28.9875,5.51,0.718,4.494,B,#5,HOLDING,0.902A/B
42027,2026-06-04 03:38:52,28.9375,5.51,0.718,4.494,B,#5,HOLDING,0.972A/B
42028,2026-06-04 03:38:54,28.8750,8.15,0.718,4.494,B,#5,HOLDING,1.060A/B
42029,2026-06-04 03:38:56,28.8250,8.15,1.060,9.540,B,#5,HOLDING,1.148A/B
42030,2026-06-04 03:38:58,28.7750,8.15,1.060,9.540,B,#5,HOLDING,1.000A/B
42031,2026-06-04 03:39:00,28.7500,8.15,1.060,9.540,B,#5,HOLDING,1.000A/B
42032,2026-06-04 03:39:02,28.7125,8.62,1.060,9.540,B,#5,HOLDING,1.261A/B
42033,2026-06-04 03:39:04,28.6875,8.62,1.245,13.480,B,#5,HOLDING,1.354A/B
42034,2026-06-04 03:39:06,28.6875,8.62,1.245,13.480,B,#5,HOLDING,1.469A/B
42035,2026-06-04 03:39:08,28.6875,8.62,1.245,13.480,B,#5,HOLDING,1.000A/B
42036,2026-06-04 03:39:10,28.7000,8.89,1.245,13.480,B,#5,HOLDING,1.500A/B
42037,2026-06-04 03:39:11,28.7500,8.89,1.430,16.968,B,#5,HOLDING,1.534A/B
42038,2026-06-04 03:39:14,28.7875,8.89,1.430,16.968,B,#5,HOLDING,1.644A/B
42039,2026-06-04 03:39:15,28.8125,8.89,1.430,16.968,B,#5,HOLDING,1.000A/B
42040,2026-06-04 03:39:17,28.8500,9.09,1.430,16.968,B,#5,HOLDING,1.000A/B
42041,2026-06-04 03:39:19,28.9000,9.09,1.000,9.300,B,#5,HOLDING,1.500A/B
42042,2026-06-04 03:39:22,28.9500,9.09,1.000,9.300,B,#5,HOLDING,1.500A/B
42043,2026-06-04 03:39:23,29.0250,9.09,1.000,9.300,B,#5,HOLDING,1.500A/B
42044,2026-06-04 03:39:25,29.1250,12.00,1.000,9.300,B,#5,HOLDING,1.500A/B
42045,2026-06-04 03:39:27,29.2000,12.00,1.377,16.356,B,#5,HOLDING,1.682A/B
42046,2026-06-04 03:39:29,29.2625,12.00,1.377,16.356,B,#5,HOLDING,1.500A/B
42047,2026-06-04 03:39:31,29.3875,12.00,1.377,16.356,B,#5,HOLDING,1.765A/B
42048,2026-06-04 03:39:33,29.4500,12.00,1.377,16.356,B,#5,HOLDING,1.829A/B
42049,2026-06-04 03:39:35,29.5750,12.00,1.353,16.080,B,#5,HOLDING,1.500A/B
42050,2026-06-04 03:39:37,29.6375,12.00,1.353,16.080,B,#5,HOLDING,1.881A/B
42051,2026-06-04 03:39:38,29.7625,12.00,1.353,16.080,B,#5,HOLDING,1.912A/B
42052,2026-06-04 03:39:40,29.8875,12.00,1.353,16.080,B,#5,HOLDING,1.500A/B
42053,2026-06-04 03:39:42,30.0125,12.00,1.334,15.852,B,#5,HOLDING,1.942A/B
42054,2026-06-04 03:39:45,30.1125,12.00,1.334,15.852,B,#5,HOLDING,1.996A/B
42055,2026-06-04 03:39:46,30.2625,12.00,1.334,15.852,B,#5,HOLDING,1.967A/B
42056,2026-06-04 03:39:48,30.4125,12.00,1.334,15.852,B,#5,HOLDING,1.994A/B
42057,2026-06-04 03:39:50,30.5125,12.00,1.318,15.660,B,#5,HOLDING,2.017A/B
42058,2026-06-04 03:39:52,30.6375,12.00,1.318,15.660,B,#5,HOLDING,2.051A/B
42059,2026-06-04 03:39:54,30.7625,12.00,1.318,15.660,B,#5,HOLDING,2.066A/B
42060,2026-06-04 03:39:56,30.9125,12.00,1.318,15.660,B,#5,HOLDING,1.500A/B
42061,2026-06-04 03:39:58,31.0125,12.00,1.305,15.516,B,#5,HOLDING,2.072A/B
42062,2026-06-04 03:40:00,31.1375,12.00,1.305,15.516,B,#5,HOLDING,1.500A/B
42063,2026-06-04 03:40:02,31.2625,12.00,1.305,15.516,B,#5,HOLDING,1.500A/B
42064,2026-06-04 03:40:03,31.4125,12.00,1.305,15.516,B,#5,HOLDING,2.075A/B
42065,2026-06-04 03:40:05,31.5125,12.00,1.294,15.396,B,#5,HOLDING,1.000A/B
42066,2026-06-04 03:40:08,31.6625,12.00,1.294,15.396,B,#5,HOLDING,2.066A/B
42067,2026-06-04 03:40:09,31.7875,12.00,1.294,15.396,OFF,--,DONE,2.047A/B
42068,2026-06-04 03:40:12,31.9250,11.68,1.294,15.396,OFF,--,DONE,--
42069,2026-06-04 03:40:13,32.0750,11.68,0.000,15.396,OFF,--,DONE,--
42070,2026-06-04 03:40:14,32.0750,11.68,0.000,0.000,OFF,--,DONE,--
42071,2026-06-04 03:40:15,32.2250,11.68,0.000,0.000,OFF,--,DONE,--
42072,2026-06-04 03:40:16,32.3500,4.58,0.000,0.000,OFF,--,DONE,--
42073,2026-06-04 03:40:17,32.3500,4.58,0.000,0.000,OFF,--,DONE,--
42074,2026-06-04 03:40:18,32.4500,4.58,0.000,0.000,OFF,--,DONE,--
42075,2026-06-04 03:40:19,32.4500,4.58,0.000,0.000,OFF,--,DONE,--
42076,2026-06-04 03:40:20,32.5750,1.87,0.000,0.000,OFF,--,DONE,--
42077,2026-06-04 03:40:21,32.5750,1.87,0.000,0.000,OFF,--,DONE,--
42078,2026-06-04 03:40:22,32.6375,1.87,0.000,0.000,OFF,--,DONE,--
42079,2026-06-04 03:40:23,32.6375,0.69,0.000,0.000,OFF,--,DONE,--
42080,2026-06-04 03:40:24,32.7125,0.69,0.000,0.000,OFF,--,DONE,--
42081,2026-06-04 03:40:25,32.7125,0.69,0.000,0.000,OFF,--,DONE,--
42082,2026-06-04 03:40:26,32.7500,0.69,0.000,0.000,OFF,--,DONE,--
42083,2026-06-04 03:40:27,32.7500,0.23,0.000,0.000,OFF,--,DONE,--
42084,2026-06-04 03:40:28,32.8000,0.23,0.000,0.000,OFF,--,DONE,--
42085,2026-06-04 03:40:29,32.8000,0.23,0.000,0.000,OFF,--,DONE,--
42086,2026-06-04 03:40:30,32.8125,0.00,0.000,0.000,OFF,--,DONE,--
42087,2026-06-04 03:40:31,32.8125,0.00,0.000,0.000,OFF,--,DONE,--
42088,2026-06-04 03:40:32,32.8625,0.00,0.000,0.000,OFF,--,DONE,--
42089,2026-06-04 03:40:33,32.8625,0.00,0.000,0.000,OFF,--,DONE,--
42090,2026-06-04 03:40:34,32.8750,0.00,0.000,0.000,OFF,--,DONE,--
42091,2026-06-04 03:40:35,32.8750,0.00,0.000,0.000,OFF,--,DONE,--
42092,2026-06-04 03:40:36,32.8750,0.00,0.000,0.000,OFF,--,DONE,--
42093,2026-06-04 03:40:37,32.8750,0.00,0.000,0.000,OFF,--,DONE,--
42094,2026-06-04 03:40:38,32.8750,0.00,0.000,0.000,OFF,--,DONE,--
42095,2026-06-04 03:40:39,32.8750,0.00,0.000,0.000,OFF,--,DONE,--
42096,2026-06-04 03:40:40,32.8750,0.00,0.000,0.000,OFF,--,DONE,--
42097,2026-06-04 03:40:41,32.8375,0.00,0.000,0.000,OFF,--,DONE,--
42098,2026-06-04 03:40:42,32.8375,0.00,0.000,0.000,OFF,--,DONE,--
42099,2026-06-04 03:40:43,32.8125,0.00,0.000,0.000,OFF,--,DONE,--
42100,2026-06-04 03:40:44,32.8125,0.00,0.000,0.000,OFF,--,DONE,--
42101,2026-06-04 03:40:45,32.8125,0.00,0.000,0.000,OFF,--,DONE,--
42102,2026-06-04 03:40:46,32.8125,0.00,0.000,0.000,OFF,--,DONE,--
42103,2026-06-04 03:40:47,32.7625,0.00,0.000,0.000,OFF,--,DONE,--
42104,2026-06-04 03:40:48,32.7625,0.00,0.000,0.000,OFF,--,DONE,--
42105,2026-06-04 03:40:49,32.7125,0.00,0.000,0.000,OFF,--,DONE,--
42106,2026-06-04 03:40:50,32.6375,0.00,0.000,0.000,OFF,--,DONE,--
42107,2026-06-04 03:40:51,32.6375,0.00,0.000,0.000,OFF,--,DONE,--
42108,2026-06-04 03:40:52,32.5875,0.00,0.000,0.000,OFF,--,DONE,--
42109,2026-06-04 03:40:53,32.5875,0.00,0.000,0.000,OFF,--,DONE,--
42110,2026-06-04 03:40:54,32.5125,0.00,0.000,0.000,OFF,--,DONE,--
42111,2026-06-04 03:40:55,32.5125,0.00,0.000,0.000,OFF,--,DONE,--
42112,2026-06-04 03:40:56,32.4625,0.00,0.000,0.000,OFF,--,DONE,--
42113,2026-06-04 03:40:57,32.4625,0.00,0.000,0.000,OFF,--,DONE,--
42114,2026-06-04 03:40:59,32.3875,0.00,0.000,0.000,OFF,--,DONE,--
42115,2026-06-04 03:41:00,32.3875,0.00,0.000,0.000,OFF,--,DONE,--
42116,2026-06-04 03:41:01,32.3000,0.00,0.000,0.000,OFF,--,DONE,--
42117,2026-06-04 03:41:02,32.3000,0.00,0.000,0.000,OFF,--,DONE,--
42118,2026-06-04 03:41:03,32.2000,0.00,0.000,0.000,OFF,--,DONE,--
42119,2026-06-04 03:41:04,32.2000,0.00,0.000,0.000,OFF,--,DONE,--
42120,2026-06-04 03:41:05,32.1250,0.00,0.000,0.000,OFF,--,DONE,--
42121,2026-06-04 03:41:06,32.0250,0.00,0.000,0.000,OFF,--,DONE,--
42122,2026-06-04 03:41:07,32.0250,0.00,0.000,0.000,OFF,--,DONE,--
42123,2026-06-04 03:41:08,31.9000,0.00,0.000,0.000,OFF,--,DONE,--
42124,2026-06-04 03:41:09,31.9000,0.00,0.000,0.000,OFF,--,DONE,--
42125,2026-06-04 03:41:10,31.8500,0.00,0.000,0.000,OFF,--,DONE,--
42126,2026-06-04 03:41:11,31.8500,0.00,0.000,0.000,OFF,--,DONE,--
42127,2026-06-04 03:41:12,31.7375,0.00,0.000,0.000,OFF,--,DONE,--
42128,2026-06-04 03:41:13,31.7375,0.00,0.000,0.000,OFF,--,DONE,--
42129,2026-06-04 03:41:14,31.6375,0.00,0.000,0.000,OFF,--,DONE,--
42130,2026-06-04 03:41:15,31.6375,0.00,0.000,0.000,OFF,--,DONE,--
42131,2026-06-04 03:41:16,31.5500,0.00,0.000,0.000,OFF,--,DONE,--
42132,2026-06-04 03:41:17,31.4250,0.00,0.000,0.000,OFF,--,DONE,--
42133,2026-06-04 03:41:18,31.4250,0.00,0.000,0.000,OFF,--,DONE,--
42134,2026-06-04 03:41:19,31.3375,0.00,0.000,0.000,OFF,--,DONE,--
42135,2026-06-04 03:41:20,31.3375,0.00,0.000,0.000,OFF,--,DONE,--
42136,2026-06-04 03:41:21,31.2125,0.00,0.000,0.000,OFF,--,DONE,--
42137,2026-06-04 03:41:22,31.2125,0.00,0.000,0.000,OFF,--,DONE,--
42138,2026-06-04 03:41:23,31.1125,0.00,0.000,0.000,OFF,--,DONE,--
42139,2026-06-04 03:41:24,31.1125,0.00,0.000,0.000,OFF,--,DONE,--
42140,2026-06-04 03:41:25,30.9875,0.00,0.000,0.000,OFF,--,DONE,--
42141,2026-06-04 03:41:26,30.9875,0.00,0.000,0.000,OFF,--,DONE,--
42142,2026-06-04 03:41:27,30.8875,0.00,0.000,0.000,OFF,--,DONE,--
42143,2026-06-04 03:41:28,30.8875,0.00,0.000,0.000,OFF,--,DONE,--
42144,2026-06-04 03:41:29,30.7625,0.00,0.000,0.000,OFF,--,DONE,--
42145,2026-06-04 03:41:30,30.7625,0.00,0.000,0.000,OFF,--,DONE,--
42146,2026-06-04 03:41:31,30.6500,0.00,0.000,0.000,OFF,--,DONE,--
42147,2026-06-04 03:41:32,30.5500,0.00,0.000,0.000,OFF,--,DONE,--
42148,2026-06-04 03:41:33,30.5500,0.00,0.000,0.000,OFF,--,DONE,--
42149,2026-06-04 03:41:34,30.4500,0.00,0.000,0.000,OFF,--,DONE,--
42150,2026-06-04 03:41:35,30.4500,0.00,0.000,0.000,OFF,--,DONE,--
42151,2026-06-04 03:41:36,30.3250,0.00,0.000,0.000,OFF,--,DONE,--
42152,2026-06-04 03:41:37,30.3250,0.00,0.000,0.000,OFF,--,DONE,--
42153,2026-06-04 03:41:38,30.2500,0.00,0.000,0.000,OFF,--,DONE,--
42154,2026-06-04 03:41:40,30.2500,0.00,0.000,0.000,OFF,--,DONE,--
42155,2026-06-04 03:41:41,30.1500,0.00,0.000,0.000,OFF,--,DONE,--
42156,2026-06-04 03:41:42,30.1500,0.00,0.000,0.000,OFF,--,DONE,--
42157,2026-06-04 03:41:43,30.0500,0.00,0.000,0.000,OFF,--,DONE,--
42158,2026-06-04 03:41:44,30.0500,0.00,0.000,0.000,OFF,--,DONE,--
42159,2026-06-04 03:41:45,29.9500,0.00,0.000,0.000,OFF,--,DONE,--
42160,2026-06-04 03:41:46,29.9500,0.00,0.000,0.000,OFF,--,DONE,--
42161,2026-06-04 03:41:47,29.8375,0.00,0.000,0.000,OFF,--,DONE,--
42162,2026-06-04 03:41:48,29.7125,0.00,0.000,0.000,OFF,--,DONE,--
42163,2026-06-04 03:41:49,29.7125,0.00,0.000,0.000,OFF,--,DONE,--
42164,2026-06-04 03:41:50,29.6125,0.00,0.000,0.000,OFF,--,DONE,--
42165,2026-06-04 03:41:51,29.6125,0.00,0.000,0.000,OFF,--,DONE,--
42166,2026-06-04 03:41:52,29.5125,0.00,0.000,0.000,OFF,--,DONE,--
42167,2026-06-04 03:41:53,29.5125,0.00,0.000,0.000,OFF,--,DONE,--
42168,2026-06-04 03:41:54,29.4000,0.00,0.000,0.000,OFF,--,DONE,--
42169,2026-06-04 03:41:55,29.4000,0.00,0.000,0.000,OFF,--,DONE,--
42170,2026-06-04 03:41:56,29.3000,0.00,0.000,0.000,OFF,--,DONE,--
42171,2026-06-04 03:41:57,29.3000,0.00,0.000,0.000,OFF,--,DONE,--
42172,2026-06-04 03:41:58,29.1875,0.00,0.000,0.000,OFF,--,DONE,--
42173,2026-06-04 03:41:59,29.1875,0.00,0.000,0.000,OFF,--,DONE,--
42174,2026-06-04 03:42:00,29.1125,0.00,0.000,0.000,OFF,--,DONE,--
42175,2026-06-04 03:42:01,29.1125,0.00,0.000,0.000,OFF,--,DONE,--
42176,2026-06-04 03:42:02,28.9875,0.00,0.000,0.000,OFF,--,DONE,--
42177,2026-06-04 03:42:03,28.8625,0.00,0.000,0.000,OFF,--,DONE,--
42178,2026-06-04 03:42:04,28.8625,0.00,0.000,0.000,OFF,--,DONE,--
42179,2026-06-04 03:42:05,28.8000,0.00,0.000,0.000,OFF,--,DONE,--
42180,2026-06-04 03:42:06,28.8000,0.00,0.000,0.000,OFF,--,DONE,--
42181,2026-06-04 03:42:07,28.6750,0.00,0.000,0.000,OFF,--,DONE,--
42182,2026-06-04 03:42:08,28.6750,0.00,0.000,0.000,OFF,--,DONE,--
42183,2026-06-04 03:42:09,28.5875,0.00,0.000,0.000,OFF,--,DONE,--
42184,2026-06-04 03:42:10,28.5875,0.00,0.000,0.000,OFF,--,DONE,--
42185,2026-06-04 03:42:11,28.5125,0.00,0.000,0.000,OFF,--,DONE,--
42186,2026-06-04 03:42:12,28.5125,0.00,0.000,0.000,OFF,--,DONE,--
42187,2026-06-04 03:42:13,28.3875,0.00,0.000,0.000,OFF,--,DONE,--
42188,2026-06-04 03:42:14,28.3875,0.00,0.000,0.000,A,#1,APPROACH,0.739A/A
42189,2026-06-04 03:42:17,28.2375,0.00,0.000,0.000,A,#1,APPROACH,0.869A/A
42190,2026-06-04 03:42:18,28.2375,0.00,0.000,0.000,A,#1,APPROACH,0.581A/A
42191,2026-06-04 03:42:20,28.0250,0.00,0.000,0.000,A,#1,APPROACH,0.563A/A
42192,2026-06-04 03:42:22,28.0250,7.61,0.563,0.000,A,#1,APPROACH,0.621A/A
42193,2026-06-04 03:42:24,27.9250,7.61,0.563,3.415,A,#1,APPROACH,0.632A/A
42194,2026-06-04 03:42:25,27.8000,7.61,0.563,3.415,A,#1,APPROACH,0.517A/A
42195,2026-06-04 03:42:27,27.7000,7.61,0.563,3.415,A,#1,APPROACH,0.524A/A
42196,2026-06-04 03:42:29,27.5750,4.72,0.563,3.415,A,#1,HOLDING,0.465A/A
42197,2026-06-04 03:42:31,27.4250,4.72,0.492,3.415,OFF,#1,HOLDING,0.000A/OFF
42198,2026-06-04 03:42:32,27.4250,4.72,0.492,1.999,OFF,#1,HOLDING,0.000A/OFF
42199,2026-06-04 03:42:33,27.3250,4.72,0.492,1.999,OFF,#1,HOLDING,0.000A/OFF
42200,2026-06-04 03:42:34,27.1500,4.72,0.492,1.999,OFF,#1,HOLDING,0.000A/OFF
42201,2026-06-04 03:42:35,27.1500,4.72,0.492,1.999,OFF,#1,HOLDING,0.000A/OFF
42202,2026-06-04 03:42:36,27.0125,4.72,0.492,1.999,OFF,#1,HOLDING,0.000A/OFF
42203,2026-06-04 03:42:37,27.0125,12.00,0.000,1.999,A,#1,HOLDING,0.104A/A
42204,2026-06-04 03:42:38,26.8625,12.00,0.000,1.999,A,#1,HOLDING,0.000A/OFF
42205,2026-06-04 03:42:39,26.8625,12.00,0.000,0.000,A,#1,HOLDING,0.110A/A
42206,2026-06-04 03:42:41,26.7125,12.00,0.000,0.000,OFF,#1,HOLDING,0.000A/OFF
42207,2026-06-04 03:42:42,26.6125,12.00,0.000,0.000,OFF,#1,HOLDING,0.000A/OFF
42208,2026-06-04 03:42:43,26.6125,12.00,0.000,0.000,OFF,#1,HOLDING,0.000A/OFF
42209,2026-06-04 03:42:44,26.4875,12.00,0.000,0.000,OFF,#1,HOLDING,0.000A/OFF
42210,2026-06-04 03:42:45,26.3625,12.00,0.000,0.000,OFF,#1,HOLDING,0.000A/OFF
42211,2026-06-04 03:42:46,26.3625,12.00,0.000,0.000,OFF,#1,HOLDING,0.000A/OFF
42212,2026-06-04 03:42:47,26.2375,12.00,0.000,0.000,OFF,#1,HOLDING,0.000A/OFF
42213,2026-06-04 03:42:48,26.2375,12.00,0.000,0.000,OFF,#1,HOLDING,0.000A/OFF
42214,2026-06-04 03:42:49,26.1625,12.00,0.000,0.000,OFF,#1,HOLDING,0.000A/OFF
42215,2026-06-04 03:42:50,26.1625,12.00,0.000,0.000,OFF,#1,HOLDING,0.000A/OFF
42216,2026-06-04 03:42:51,26.0250,12.00,0.000,0.000,OFF,#1,HOLDING,0.000A/OFF
42217,2026-06-04 03:42:52,26.0250,12.00,0.000,0.000,OFF,#1,HOLDING,0.000A/OFF
42218,2026-06-04 03:42:53,25.9500,12.00,0.000,0.000,OFF,#1,HOLDING,0.000A/OFF
42219,2026-06-04 03:42:54,25.9500,12.00,0.000,0.000,OFF,#1,HOLDING,0.000A/OFF
42220,2026-06-04 03:42:55,25.8625,12.00,0.000,0.000,OFF,#1,HOLDING,0.000A/OFF
42221,2026-06-04 03:42:56,25.8625,12.00,0.000,0.000,OFF,#1,HOLDING,0.000A/OFF
42222,2026-06-04 03:42:57,25.7625,12.00,0.000,0.000,OFF,#1,HOLDING,0.000A/OFF
42223,2026-06-04 03:42:58,25.7625,12.00,0.000,0.000,OFF,#1,HOLDING,0.000A/OFF
42224,2026-06-04 03:42:59,25.6750,12.00,0.000,0.000,OFF,#1,HOLDING,0.000A/OFF
42225,2026-06-04 03:43:00,25.6750,12.00,0.000,0.000,OFF,#1,HOLDING,0.000A/OFF
42226,2026-06-04 03:43:01,25.6000,12.00,0.000,0.000,B,#1,HOLDING,0.175A/B
42227,2026-06-04 03:43:03,25.5500,12.00,0.000,0.000,B,#1,HOLDING,0.206A/B
42228,2026-06-04 03:43:05,25.4500,12.00,0.000,0.368,B,#1,HOLDING,0.263A/B
42229,2026-06-04 03:43:07,25.4000,12.00,0.000,0.368,B,#1,HOLDING,0.296A/B
42230,2026-06-04 03:43:08,25.3250,12.00,0.000,0.368,B,#1,HOLDING,0.345A/B
42231,2026-06-04 03:43:10,25.3250,3.01,0.000,0.368,B,#1,HOLDING,0.382A/B
42232,2026-06-04 03:43:12,25.2750,3.01,0.361,1.294,B,#1,HOLDING,0.433A/B
42233,2026-06-04 03:43:14,25.1875,3.01,0.361,1.294,B,#1,HOLDING,0.503A/B
42234,2026-06-04 03:43:16,25.1375,3.01,0.361,1.294,B,#1,HOLDING,0.558A/B
42235,2026-06-04 03:43:18,25.1375,4.80,0.361,1.294,B,#1,HOLDING,0.608A/B
42236,2026-06-04 03:43:20,25.1125,4.80,0.581,3.192,B,#1,HOLDING,0.660A/B
42237,2026-06-04 03:43:22,25.0500,4.80,0.581,3.192,B,#1,HOLDING,0.735A/B
42238,2026-06-04 03:43:24,25.0500,4.80,0.581,3.192,B,#1,HOLDING,0.785A/B
42239,2026-06-04 03:43:26,25.0500,6.62,0.581,3.192,B,#1,HOLDING,0.840A/B
42240,2026-06-04 03:43:27,25.0625,6.62,0.809,6.022,B,#1,HOLDING,0.890A/B
42241,2026-06-04 03:43:30,25.0625,6.62,0.809,6.022,B,#1,HOLDING,0.964A/B
42242,2026-06-04 03:43:31,25.0625,6.62,0.809,6.022,B,#1,HOLDING,1.012A/B
42243,2026-06-04 03:43:33,25.0625,8.47,0.809,6.022,B,#1,HOLDING,1.071A/B
42244,2026-06-04 03:43:35,25.1000,8.47,1.038,9.724,B,#1,HOLDING,1.121A/B
42245,2026-06-04 03:43:38,25.1875,8.47,1.038,9.724,B,#1,HOLDING,1.177A/B
42246,2026-06-04 03:43:39,25.2375,8.47,1.038,9.724,B,#1,HOLDING,1.213A/B
42247,2026-06-04 03:43:41,25.2375,10.10,1.038,9.724,B,#1,HOLDING,1.267A/B
42248,2026-06-04 03:43:43,25.3125,10.10,1.237,13.556,B,#1,HOLDING,1.000A/B
42249,2026-06-04 03:43:45,25.4750,10.10,1.237,13.556,B,#1,HOLDING,1.294A/B
42250,2026-06-04 03:43:47,25.5750,10.10,1.237,13.556,B,#1,HOLDING,1.000A/B
42251,2026-06-04 03:43:49,25.5750,8.90,1.237,13.556,B,#1,HOLDING,1.318A/B
42252,2026-06-04 03:43:51,25.6625,8.90,1.155,14.853,B,#1,HOLDING,1.306A/B
42253,2026-06-04 03:43:53,25.8625,8.90,1.155,14.853,B,#1,HOLDING,1.337A/B
42254,2026-06-04 03:43:54,25.9625,8.90,1.155,14.853,B,#1,HOLDING,1.347A/B
42255,2026-06-04 03:43:56,25.9625,11.46,1.155,14.853,B,#1,HOLDING,1.379A/B
42256,2026-06-04 03:43:58,26.0750,11.46,1.360,16.423,B,#1,HOLDING,1.403A/B
42257,2026-06-04 03:44:01,26.3250,11.46,1.360,16.423,B,#1,HOLDING,1.409A/B
42258,2026-06-04 03:44:02,26.4500,11.46,1.360,16.423,B,#1,HOLDING,1.000A/B
42259,2026-06-04 03:44:04,26.4500,9.26,1.360,16.423,B,#1,HOLDING,1.411A/B
42260,2026-06-04 03:44:06,26.6125,9.26,1.189,16.404,B,#1,HOLDING,1.414A/B
42261,2026-06-04 03:44:08,26.9000,9.26,1.189,16.404,B,#1,HOLDING,1.000A/B
42262,2026-06-04 03:44:10,27.0750,9.26,1.189,16.404,B,#1,HOLDING,1.000A/B
42263,2026-06-04 03:44:12,27.0750,9.39,1.189,16.404,B,#1,HOLDING,1.387A/B
42264,2026-06-04 03:44:14,27.2250,9.39,1.179,16.188,B,#1,HOLDING,1.000A/B
42265,2026-06-04 03:44:16,27.5125,9.39,1.179,16.188,B,#1,HOLDING,1.000A/B
42266,2026-06-04 03:44:18,27.6875,9.39,1.179,16.188,B,#1,HOLDING,1.000A/B
42267,2026-06-04 03:44:19,27.6875,9.46,1.179,16.188,B,#1,HOLDING,1.308A/B
42268,2026-06-04 03:44:21,27.8375,9.46,1.149,15.421,B,#1,HOLDING,1.261A/B
42269,2026-06-04 03:44:24,28.1625,9.46,1.149,15.421,B,#1,HOLDING,1.164A/B
42270,2026-06-04 03:44:25,28.3125,9.46,1.149,15.421,B,#1,HOLDING,1.085A/B
42271,2026-06-04 03:44:27,28.3125,10.14,1.149,15.421,B,#1,HOLDING,1.036A/B
42272,2026-06-04 03:44:29,28.4875,10.14,1.058,10.277,B,#1,HOLDING,0.964A/B
42273,2026-06-04 03:44:31,28.8000,10.14,1.058,10.277,B,#1,HOLDING,0.836A/B
42274,2026-06-04 03:44:33,28.9500,10.14,1.058,10.277,B,#1,HOLDING,0.734A/B
42275,2026-06-04 03:44:35,28.9500,7.60,1.058,10.277,B,#1,HOLDING,0.666A/B
42276,2026-06-04 03:44:37,29.1125,7.60,0.666,4.748,B,#1,HOLDING,0.572A/B
42277,2026-06-04 03:44:39,29.4125,7.60,0.666,4.748,B,#1,HOLDING,0.416A/B
42278,2026-06-04 03:44:41,29.5125,7.60,0.666,4.748,B,#1,HOLDING,0.305A/B
42279,2026-06-04 03:44:42,29.5125,4.12,0.666,4.748,B,#1,HOLDING,0.215A/B
42280,2026-06-04 03:44:44,29.6125,4.12,0.215,0.731,B,#1,HOLDING,0.130A/B
42281,2026-06-04 03:44:47,29.8750,4.12,0.215,0.731,OFF,#1,HOLDING,0.000A/OFF
42282,2026-06-04 03:44:48,29.8750,4.12,0.215,0.731,OFF,#1,HOLDING,0.109A/A
42283,2026-06-04 03:44:50,29.9750,4.12,0.215,0.731,A,#1,HOLDING,0.244A/A
42284,2026-06-04 03:44:51,30.0750,12.00,0.120,0.731,A,#1,HOLDING,0.357A/A
42285,2026-06-04 03:44:53,30.1750,12.00,0.120,0.806,A,#1,HOLDING,0.495A/A
42286,2026-06-04 03:44:55,30.2625,12.00,0.120,0.806,A,#1,HOLDING,0.616A/A
42287,2026-06-04 03:44:56,30.3125,12.00,0.120,0.806,A,#1,HOLDING,0.736A/A
42288,2026-06-04 03:44:58,30.3750,5.46,0.120,0.806,A,#1,HOLDING,0.880A/A
42289,2026-06-04 03:45:00,30.3750,5.46,0.805,6.019,A,#1,HOLDING,1.016A/A
42290,2026-06-04 03:45:02,30.4125,5.46,0.805,6.019,A,#1,HOLDING,1.197A/A
42291,2026-06-04 03:45:04,30.4375,5.46,0.805,6.019,A,#1,HOLDING,1.319A/A
42292,2026-06-04 03:45:06,30.4125,10.08,0.805,6.019,A,#1,HOLDING,1.459A/A
42293,2026-06-04 03:45:08,30.3875,10.08,1.388,16.515,A,#1,HOLDING,1.595A/A
42294,2026-06-04 03:45:10,30.3125,10.08,1.388,16.515,A,#1,HOLDING,1.765A/A
42295,2026-06-04 03:45:12,30.2625,10.08,1.388,16.515,A,#1,HOLDING,1.500A/A
42296,2026-06-04 03:45:14,30.2000,11.67,1.388,16.515,A,#1,HOLDING,1.000A/A
42297,2026-06-04 03:45:15,30.1000,11.67,1.214,8.390,A,#1,HOLDING,1.867A/A
42298,2026-06-04 03:45:18,29.9875,11.67,1.214,8.390,A,#1,HOLDING,1.000A/A
42299,2026-06-04 03:45:19,29.8625,11.67,1.214,8.390,A,#1,HOLDING,1.500A/A
42300,2026-06-04 03:45:21,29.7125,11.90,1.214,8.390,A,#1,HOLDING,1.500A/A
42301,2026-06-04 03:45:23,29.6125,11.90,1.494,17.748,A,#1,HOLDING,1.999A/A
42302,2026-06-04 03:45:25,29.4500,11.90,1.494,17.748,A,#1,HOLDING,1.500A/A
42303,2026-06-04 03:45:27,29.2500,11.90,1.494,17.748,A,#1,HOLDING,1.000A/A
42304,2026-06-04 03:45:29,29.1125,8.70,1.494,17.748,A,#1,HOLDING,2.069A/A
42305,2026-06-04 03:45:31,28.9125,8.70,1.253,17.436,A,#1,HOLDING,2.138A/A
42306,2026-06-04 03:45:33,28.7250,8.70,1.253,17.436,A,#1,HOLDING,2.000A/A
42307,2026-06-04 03:45:35,28.5000,8.70,1.253,17.436,A,#1,HOLDING,1.500A/A
42308,2026-06-04 03:45:37,28.2625,12.00,1.253,17.436,A,#1,HOLDING,2.000A/A
42309,2026-06-04 03:45:38,28.0625,12.00,1.450,17.268,A,#1,HOLDING,2.000A/A
42310,2026-06-04 03:45:41,27.8250,12.00,1.450,17.268,A,#1,HOLDING,2.183A/A
42311,2026-06-04 03:45:42,27.6250,12.00,1.450,17.268,A,#1,HOLDING,2.206A/A
42312,2026-06-04 03:45:44,27.3875,12.00,1.450,17.268,A,#2,APPROACH,2.181A/A
42313,2026-06-04 03:45:46,27.1625,12.00,1.432,0.000,A,#2,APPROACH,0.114A/A
42314,2026-06-04 03:45:49,26.9125,12.00,1.432,0.000,OFF,#2,APPROACH,0.000A/OFF
42315,2026-06-04 03:45:50,26.6875,12.00,1.432,0.000,OFF,#2,APPROACH,0.000A/OFF
42316,2026-06-04 03:45:51,26.6875,12.00,1.432,0.000,OFF,#2,APPROACH,0.000A/OFF
42317,2026-06-04 03:45:52,26.5000,12.00,1.432,0.000,OFF,#2,APPROACH,0.000A/OFF
42318,2026-06-04 03:45:53,26.5000,12.00,1.432,0.000,A,#2,APPROACH,0.119A/A
42319,2026-06-04 03:45:55,26.2750,12.00,0.000,0.215,A,#2,APPROACH,0.120A/A
42320,2026-06-04 03:45:57,26.0750,12.00,0.000,0.215,A,#2,APPROACH,0.179A/A
42321,2026-06-04 03:45:59,25.9000,12.00,0.000,0.215,A,#2,HOLDING,0.136A/A
42322,2026-06-04 03:46:00,25.7375,12.00,0.000,0.215,OFF,#2,HOLDING,0.000A/OFF
42323,2026-06-04 03:46:01,25.5875,1.90,0.000,0.215,OFF,#2,HOLDING,0.000A/OFF
42324,2026-06-04 03:46:02,25.5875,1.90,0.136,0.215,OFF,#2,HOLDING,0.000A/OFF
42325,2026-06-04 03:46:03,25.4500,1.90,0.136,0.033,OFF,#2,HOLDING,0.000A/OFF
42326,2026-06-04 03:46:04,25.4500,1.90,0.136,0.033,OFF,#2,HOLDING,0.000A/OFF
42327,2026-06-04 03:46:05,25.3000,1.90,0.136,0.033,OFF,#2,HOLDING,0.000A/OFF
42328,2026-06-04 03:46:06,25.3000,1.90,0.136,0.033,OFF,#2,HOLDING,0.000A/OFF
42329,2026-06-04 03:46:07,25.1750,12.00,0.136,0.033,OFF,#2,HOLDING,0.000A/OFF
42330,2026-06-04 03:46:09,25.1750,12.00,0.000,0.033,OFF,#2,HOLDING,0.000A/OFF
42331,2026-06-04 03:46:10,25.0750,12.00,0.000,0.000,OFF,#2,HOLDING,0.000A/OFF
42332,2026-06-04 03:46:11,25.0750,12.00,0.000,0.000,OFF,#2,HOLDING,0.000A/OFF
42333,2026-06-04 03:46:12,24.9625,12.00,0.000,0.000,OFF,#2,HOLDING,0.000A/OFF
42334,2026-06-04 03:46:13,24.9625,12.00,0.000,0.000,OFF,#2,HOLDING,0.000A/OFF
42335,2026-06-04 03:46:14,24.8625,12.00,0.000,0.000,OFF,#2,HOLDING,0.000A/OFF
42336,2026-06-04 03:46:15,24.8625,12.00,0.000,0.000,OFF,#2,HOLDING,0.000A/OFF
42337,2026-06-04 03:46:16,24.8000,12.00,0.000,0.000,OFF,#2,HOLDING,0.000A/OFF
42338,2026-06-04 03:46:17,24.7000,12.00,0.000,0.000,OFF,#2,HOLDING,0.000A/OFF
42339,2026-06-04 03:46:18,24.7000,12.00,0.000,0.000,OFF,#2,HOLDING,0.000A/OFF
42340,2026-06-04 03:46:19,24.6250,12.00,0.000,0.000,OFF,#2,HOLDING,0.000A/OFF
42341,2026-06-04 03:46:20,24.6250,12.00,0.000,0.000,OFF,#2,HOLDING,0.000A/OFF
42342,2026-06-04 03:46:21,24.5750,12.00,0.000,0.000,OFF,#2,HOLDING,0.000A/OFF
42343,2026-06-04 03:46:22,24.5750,12.00,0.000,0.000,OFF,#2,HOLDING,0.000A/OFF
42344,2026-06-04 03:46:23,24.5250,12.00,0.000,0.000,OFF,#2,HOLDING,0.000A/OFF
42345,2026-06-04 03:46:24,24.5250,12.00,0.000,0.000,OFF,#2,HOLDING,0.000A/OFF
42346,2026-06-04 03:46:25,24.4750,12.00,0.000,0.000,OFF,#2,HOLDING,0.000A/OFF
42347,2026-06-04 03:46:26,24.4750,12.00,0.000,0.000,OFF,#2,HOLDING,0.000A/OFF
42348,2026-06-04 03:46:27,24.4375,12.00,0.000,0.000,OFF,#2,HOLDING,0.000A/OFF
42349,2026-06-04 03:46:28,24.4375,12.00,0.000,0.000,OFF,#2,HOLDING,0.000A/OFF
42350,2026-06-04 03:46:29,24.3875,12.00,0.000,0.000,OFF,#2,HOLDING,0.000A/OFF
42351,2026-06-04 03:46:30,24.3875,12.00,0.000,0.000,OFF,#2,HOLDING,0.000A/OFF
42352,2026-06-04 03:46:31,24.3125,12.00,0.000,0.000,OFF,#2,HOLDING,0.000A/OFF
42353,2026-06-04 03:46:32,24.3125,12.00,0.000,0.000,OFF,#2,HOLDING,0.000A/OFF
42354,2026-06-04 03:46:33,24.3125,12.00,0.000,0.000,B,#2,HOLDING,0.107A/B
42355,2026-06-04 03:46:34,24.2500,12.00,0.000,0.000,B,#2,HOLDING,0.124A/B
42356,2026-06-04 03:46:36,24.2000,12.00,0.000,0.131,B,#2,HOLDING,0.158A/B
42357,2026-06-04 03:46:38,24.1875,12.00,0.000,0.131,B,#2,HOLDING,0.186A/B
42358,2026-06-04 03:46:39,24.1875,12.00,0.000,0.131,B,#2,HOLDING,0.204A/B
42359,2026-06-04 03:46:41,24.1625,1.82,0.000,0.131,B,#2,HOLDING,0.233A/B
42360,2026-06-04 03:46:43,24.1250,1.82,0.216,0.500,B,#2,HOLDING,0.267A/B
42361,2026-06-04 03:46:45,24.1250,1.82,0.216,0.500,B,#2,HOLDING,0.309A/B
42362,2026-06-04 03:46:47,24.1250,1.82,0.216,0.500,B,#2,HOLDING,0.335A/B
42363,2026-06-04 03:46:49,24.0750,3.00,0.216,0.500,B,#2,HOLDING,0.370A/B
42364,2026-06-04 03:46:51,24.0625,3.00,0.350,1.254,B,#2,HOLDING,0.406A/B
42365,2026-06-04 03:46:53,24.0875,3.00,0.350,1.254,B,#2,HOLDING,0.448A/B
42366,2026-06-04 03:46:55,24.0625,3.00,0.350,1.254,B,#2,HOLDING,0.476A/B
42367,2026-06-04 03:46:57,24.0875,4.23,0.350,1.254,B,#2,HOLDING,0.506A/B
42368,2026-06-04 03:46:58,24.1250,4.23,0.489,2.292,B,#2,HOLDING,0.536A/B
42369,2026-06-04 03:47:01,24.1250,4.23,0.489,2.292,B,#3,APPROACH,0.575A/B
42370,2026-06-04 03:47:02,24.1250,4.23,0.489,2.292,OFF,#3,APPROACH,0.000A/OFF
42371,2026-06-04 03:47:03,24.1500,4.23,0.489,2.292,OFF,#3,APPROACH,0.116A/A
42372,2026-06-04 03:47:06,24.1875,12.00,0.489,2.292,A,#3,APPROACH,0.164A/A
42373,2026-06-04 03:47:08,24.2125,12.00,0.000,0.224,A,#3,APPROACH,0.231A/A
42374,2026-06-04 03:47:10,24.2625,12.00,0.000,0.224,A,#3,APPROACH,0.322A/A
42375,2026-06-04 03:47:12,24.2875,12.00,0.000,0.224,A,#3,APPROACH,0.383A/A
42376,2026-06-04 03:47:14,24.3125,3.18,0.000,0.224,A,#3,APPROACH,0.456A/A
42377,2026-06-04 03:47:15,24.3125,3.18,0.445,1.796,A,#3,APPROACH,0.523A/A
42378,2026-06-04 03:47:18,24.3250,3.18,0.445,1.796,A,#3,APPROACH,0.613A/A
42379,2026-06-04 03:47:19,24.3250,3.18,0.445,1.796,A,#3,APPROACH,0.672A/A
42380,2026-06-04 03:47:21,24.3125,5.67,0.445,1.796,A,#3,APPROACH,0.741A/A
42381,2026-06-04 03:47:23,24.3125,5.67,0.730,4.779,A,#3,APPROACH,0.811A/A
42382,2026-06-04 03:47:26,24.3125,5.67,0.730,4.779,A,#3,APPROACH,0.902A/A
42383,2026-06-04 03:47:27,24.2625,5.67,0.730,4.779,A,#3,APPROACH,0.953A/A
42384,2026-06-04 03:47:29,24.2500,7.94,0.730,4.779,A,#3,APPROACH,1.000A/A
42385,2026-06-04 03:47:31,24.2000,7.94,1.000,8.530,A,#3,APPROACH,1.000A/A
42386,2026-06-04 03:47:33,24.1250,7.94,1.000,8.530,A,#3,APPROACH,1.009A/A
42387,2026-06-04 03:47:35,24.0750,7.94,1.000,8.530,A,#3,APPROACH,1.056A/A
42388,2026-06-04 03:47:37,23.9875,8.88,1.000,8.530,A,#3,APPROACH,1.107A/A
42389,2026-06-04 03:47:39,23.8875,8.88,1.107,10.472,A,#3,APPROACH,1.152A/A
42390,2026-06-04 03:47:41,23.8250,8.88,1.107,10.472,A,#3,APPROACH,1.218A/A
42391,2026-06-04 03:47:42,23.7250,8.88,1.107,10.472,A,#3,APPROACH,1.253A/A
42392,2026-06-04 03:47:44,23.6125,10.40,1.107,10.472,A,#3,APPROACH,1.291A/A
42393,2026-06-04 03:47:46,23.5125,10.40,1.291,14.084,A,#3,APPROACH,1.322A/A
42394,2026-06-04 03:47:49,23.4000,10.40,1.291,14.084,A,#3,HOLDING,1.367A/A
42395,2026-06-04 03:47:50,23.3000,10.40,1.291,14.084,OFF,#3,HOLDING,0.000A/OFF
42396,2026-06-04 03:47:51,23.1375,10.40,1.291,14.084,OFF,#3,HOLDING,0.000A/OFF
42397,2026-06-04 03:47:52,23.1375,12.00,1.291,14.084,OFF,#3,HOLDING,0.000A/OFF
42398,2026-06-04 03:47:53,23.0125,12.00,0.000,14.084,OFF,#3,HOLDING,0.000A/OFF
42399,2026-06-04 03:47:54,23.0125,12.00,0.000,0.000,OFF,#3,HOLDING,0.000A/OFF
42400,2026-06-04 03:47:55,22.9000,12.00,0.000,0.000,OFF,#3,HOLDING,0.000A/OFF
42401,2026-06-04 03:47:56,22.9000,12.00,0.000,0.000,OFF,#3,HOLDING,0.000A/OFF
42402,2026-06-04 03:47:57,22.7750,12.00,0.000,0.000,OFF,#3,HOLDING,0.000A/OFF
42403,2026-06-04 03:47:58,22.7750,12.00,0.000,0.000,OFF,#3,HOLDING,0.000A/OFF
42404,2026-06-04 03:47:59,22.6375,12.00,0.000,0.000,OFF,#3,HOLDING,0.000A/OFF
42405,2026-06-04 03:48:00,22.6375,12.00,0.000,0.000,A,#3,HOLDING,0.105A/A
42406,2026-06-04 03:48:02,22.5125,12.00,0.000,0.000,A,#3,HOLDING,0.000A/OFF
42407,2026-06-04 03:48:03,22.4375,12.00,0.000,0.000,A,#3,HOLDING,0.108A/A
42408,2026-06-04 03:48:05,22.3875,12.00,0.000,0.000,A,#3,HOLDING,0.104A/A
42409,2026-06-04 03:48:07,22.3000,3.61,0.104,0.000,A,#3,HOLDING,0.103A/A
42410,2026-06-04 03:48:08,22.2500,3.61,0.104,0.174,A,#3,HOLDING,0.106A/A
42411,2026-06-04 03:48:10,22.2500,3.61,0.104,0.174,A,#3,HOLDING,0.105A/A
42412,2026-06-04 03:48:12,22.1750,3.61,0.104,0.174,OFF,#3,HOLDING,0.000A/OFF
42413,2026-06-04 03:48:13,22.1000,3.61,0.104,0.174,OFF,#3,HOLDING,0.000A/OFF
42414,2026-06-04 03:48:14,22.1000,12.00,0.104,0.174,OFF,#3,HOLDING,0.000A/OFF
42415,2026-06-04 03:48:15,22.0250,12.00,0.000,0.174,OFF,#3,HOLDING,0.000A/OFF
42416,2026-06-04 03:48:16,22.0250,12.00,0.000,0.000,OFF,#3,HOLDING,0.000A/OFF
42417,2026-06-04 03:48:17,21.9750,12.00,0.000,0.000,OFF,#3,HOLDING,0.000A/OFF
42418,2026-06-04 03:48:18,21.9750,12.00,0.000,0.000,OFF,#3,HOLDING,0.000A/OFF
42419,2026-06-04 03:48:19,21.9375,12.00,0.000,0.000,OFF,#3,HOLDING,0.000A/OFF
42420,2026-06-04 03:48:20,21.9375,12.00,0.000,0.000,OFF,#3,HOLDING,0.000A/OFF
42421,2026-06-04 03:48:21,21.9125,12.00,0.000,0.000,OFF,#3,HOLDING,0.000A/OFF
42422,2026-06-04 03:48:22,21.9125,12.00,0.000,0.000,OFF,#3,HOLDING,0.000A/OFF
42423,2026-06-04 03:48:23,21.8625,12.00,0.000,0.000,OFF,#3,HOLDING,0.000A/OFF
42424,2026-06-04 03:48:24,21.8125,12.00,0.000,0.000,OFF,#3,HOLDING,0.000A/OFF
42425,2026-06-04 03:48:25,21.8125,12.00,0.000,0.000,OFF,#3,HOLDING,0.000A/OFF
42426,2026-06-04 03:48:26,21.8125,12.00,0.000,0.000,OFF,#3,HOLDING,0.000A/OFF
42427,2026-06-04 03:48:27,21.8125,12.00,0.000,0.000,OFF,#3,HOLDING,0.000A/OFF
42428,2026-06-04 03:48:28,21.7875,12.00,0.000,0.000,OFF,#3,HOLDING,0.000A/OFF
42429,2026-06-04 03:48:29,21.7875,12.00,0.000,0.000,OFF,#3,HOLDING,0.000A/OFF
42430,2026-06-04 03:48:30,21.7625,12.00,0.000,0.000,OFF,#3,HOLDING,0.000A/OFF
42431,2026-06-04 03:48:31,21.7625,12.00,0.000,0.000,OFF,#3,HOLDING,0.000A/OFF
42432,2026-06-04 03:48:32,21.7625,12.00,0.000,0.000,OFF,#3,HOLDING,0.000A/OFF
42433,2026-06-04 03:48:33,21.7625,12.00,0.000,0.000,B,#3,HOLDING,0.106A/B
42434,2026-06-04 03:48:34,21.7500,12.00,0.000,0.086,B,#3,HOLDING,0.129A/B
42435,2026-06-04 03:48:37,21.7750,12.00,0.000,0.086,B,#3,HOLDING,0.156A/B
42436,2026-06-04 03:48:38,21.7500,12.00,0.000,0.086,B,#3,HOLDING,0.180A/B
42437,2026-06-04 03:48:40,21.7500,1.54,0.000,0.086,B,#3,HOLDING,0.203A/B
42438,2026-06-04 03:48:42,21.7500,1.54,0.203,0.377,B,#3,HOLDING,0.229A/B
42439,2026-06-04 03:48:44,21.7500,1.54,0.203,0.377,B,#3,HOLDING,0.257A/B
42440,2026-06-04 03:48:46,21.7875,1.54,0.203,0.377,B,#3,HOLDING,0.273A/B
42441,2026-06-04 03:48:48,21.8125,2.41,0.203,0.377,B,#3,HOLDING,0.292A/B
42442,2026-06-04 03:48:50,21.8250,2.41,0.292,0.770,B,#4,APPROACH,0.312A/B
42443,2026-06-04 03:48:52,21.8500,2.41,0.292,0.770,OFF,#4,HOLDING,0.000A/OFF
42444,2026-06-04 03:48:53,21.8875,2.41,0.292,0.770,OFF,#4,HOLDING,0.000A/OFF
42445,2026-06-04 03:48:54,21.8875,2.41,0.292,0.770,OFF,#4,HOLDING,0.000A/OFF
42446,2026-06-04 03:48:55,21.9375,2.41,0.292,0.770,OFF,#4,HOLDING,0.000A/OFF
42447,2026-06-04 03:48:56,21.9375,2.41,0.292,0.770,OFF,#4,HOLDING,0.000A/OFF
42448,2026-06-04 03:48:57,21.9500,12.00,0.292,0.770,OFF,#4,HOLDING,0.000A/OFF
42449,2026-06-04 03:48:58,22.0000,12.00,0.000,0.000,A,#4,HOLDING,0.111A/A
42450,2026-06-04 03:49:00,22.0375,12.00,0.000,0.000,A,#4,HOLDING,0.156A/A
42451,2026-06-04 03:49:02,22.0625,12.00,0.000,0.000,A,#4,HOLDING,0.187A/A
42452,2026-06-04 03:49:04,22.0625,1.88,0.000,0.000,A,#4,HOLDING,0.214A/A
42453,2026-06-04 03:49:06,22.1000,1.88,0.198,0.453,A,#4,HOLDING,0.301A/A
42454,2026-06-04 03:49:08,22.1875,1.88,0.198,0.453,A,#4,HOLDING,0.361A/A
42455,2026-06-04 03:49:10,22.1875,1.88,0.198,0.453,A,#4,HOLDING,0.396A/A
42456,2026-06-04 03:49:12,22.1875,3.57,0.198,0.453,A,#4,HOLDING,0.433A/A
42457,2026-06-04 03:49:13,22.1875,3.57,0.412,1.723,A,#4,HOLDING,0.467A/A
42458,2026-06-04 03:49:16,22.2125,3.57,0.412,1.723,A,#4,HOLDING,0.523A/A
42459,2026-06-04 03:49:17,22.1875,3.57,0.412,1.723,A,#4,HOLDING,0.554A/A
42460,2026-06-04 03:49:19,22.1875,4.96,0.412,1.723,A,#4,HOLDING,0.594A/A
42461,2026-06-04 03:49:21,22.2125,4.96,0.594,3.201,A,#4,HOLDING,0.637A/A
42462,2026-06-04 03:49:24,22.1875,4.96,0.594,3.201,A,#4,HOLDING,0.688A/A
42463,2026-06-04 03:49:25,22.1625,4.96,0.594,3.201,A,#4,HOLDING,0.718A/A
42464,2026-06-04 03:49:27,22.1625,6.36,0.594,3.201,A,#4,HOLDING,0.755A/A
42465,2026-06-04 03:49:29,22.1250,6.36,0.755,5.134,A,#4,HOLDING,0.790A/A
42466,2026-06-04 03:49:31,22.0625,6.36,0.755,5.134,A,#4,HOLDING,0.782A/A
42467,2026-06-04 03:49:33,22.0625,6.36,0.755,5.134,A,#4,HOLDING,0.813A/A
42468,2026-06-04 03:49:35,22.0125,7.20,0.755,5.134,A,#4,HOLDING,0.846A/A
42469,2026-06-04 03:49:36,21.9625,7.20,0.826,6.429,A,#4,HOLDING,0.878A/A
42470,2026-06-04 03:49:39,21.8500,7.20,0.826,6.429,A,#4,HOLDING,0.905A/A
42471,2026-06-04 03:49:40,21.8500,7.20,0.826,6.429,A,#4,HOLDING,0.934A/A
42472,2026-06-04 03:49:42,21.8250,8.16,0.826,6.429,A,#4,HOLDING,0.963A/A
42473,2026-06-04 03:49:44,21.7375,8.16,0.963,8.214,A,#4,HOLDING,0.987A/A
42474,2026-06-04 03:49:47,21.5875,8.16,0.963,8.214,A,#4,HOLDING,0.999A/A
42475,2026-06-04 03:49:48,21.5875,8.16,0.963,8.214,A,#4,HOLDING,1.017A/A
42476,2026-06-04 03:49:50,21.5125,8.86,0.963,8.214,A,#4,HOLDING,1.034A/A
42477,2026-06-04 03:49:52,21.4250,8.86,1.034,9.481,A,#4,HOLDING,1.049A/A
42478,2026-06-04 03:49:54,21.2500,8.86,1.034,9.481,A,#4,HOLDING,1.044A/A
42479,2026-06-04 03:49:56,21.2500,8.86,1.034,9.481,A,#4,HOLDING,1.000A/A
42480,2026-06-04 03:49:58,21.1750,8.83,1.034,9.481,A,#4,HOLDING,1.057A/A
42481,2026-06-04 03:50:00,21.0875,8.83,1.057,9.956,A,#4,HOLDING,1.000A/A
42482,2026-06-04 03:50:02,20.9000,8.83,1.057,9.956,A,#4,HOLDING,1.047A/A
42483,2026-06-04 03:50:04,20.9000,8.83,1.057,9.956,A,#4,HOLDING,1.047A/A
42484,2026-06-04 03:50:05,20.8000,9.24,1.057,9.956,A,#4,HOLDING,1.035A/A
42485,2026-06-04 03:50:07,20.7375,9.24,1.035,9.677,A,#4,HOLDING,1.029A/A
42486,2026-06-04 03:50:10,20.5125,9.24,1.035,9.677,A,#4,HOLDING,0.984A/A
42487,2026-06-04 03:50:11,20.5125,9.24,1.035,9.677,A,#4,HOLDING,0.975A/A
42488,2026-06-04 03:50:13,20.3875,8.79,1.035,9.677,A,#4,HOLDING,0.942A/A
42489,2026-06-04 03:50:15,20.3250,8.79,0.942,8.233,A,#4,HOLDING,0.924A/A
42490,2026-06-04 03:50:17,20.1125,8.79,0.942,8.233,A,#5,APPROACH,0.861A/A
42491,2026-06-04 03:50:19,20.1125,8.79,0.942,8.233,OFF,#5,APPROACH,0.000A/OFF
42492,2026-06-04 03:50:20,19.9875,8.79,0.942,8.233,OFF,#5,APPROACH,0.000A/OFF
42493,2026-06-04 03:50:21,19.9875,8.79,0.942,8.233,OFF,#5,APPROACH,0.000A/OFF
42494,2026-06-04 03:50:22,19.9250,12.00,0.942,8.233,OFF,#5,APPROACH,0.000A/OFF
42495,2026-06-04 03:50:23,19.8000,12.00,0.000,8.233,OFF,#5,APPROACH,0.000A/OFF
42496,2026-06-04 03:50:24,19.8000,12.00,0.000,0.000,A,#5,APPROACH,0.104A/A
42497,2026-06-04 03:50:26,19.7125,12.00,0.000,0.000,A,#5,APPROACH,0.133A/A
42498,2026-06-04 03:50:27,19.6375,12.00,0.000,0.000,A,#5,HOLDING,0.127A/A
42499,2026-06-04 03:50:29,19.6250,12.00,0.000,0.000,OFF,#5,HOLDING,0.000A/OFF
42500,2026-06-04 03:50:30,19.6250,1.88,0.000,0.000,OFF,#5,HOLDING,0.000A/OFF
42501,2026-06-04 03:50:31,19.5500,1.88,0.127,0.000,OFF,#5,HOLDING,0.000A/OFF
42502,2026-06-04 03:50:32,19.5500,1.88,0.127,0.000,OFF,#5,HOLDING,0.000A/OFF
42503,2026-06-04 03:50:33,19.5500,1.88,0.127,0.000,OFF,#5,HOLDING,0.000A/OFF
42504,2026-06-04 03:50:34,19.5500,1.88,0.127,0.000,A,#5,HOLDING,0.122A/A
42505,2026-06-04 03:50:36,19.5000,1.62,0.127,0.000,A,#5,HOLDING,0.150A/A
42506,2026-06-04 03:50:38,19.4875,1.62,0.150,0.282,A,#5,HOLDING,0.178A/A
42507,2026-06-04 03:50:40,19.5000,1.62,0.150,0.282,A,#5,HOLDING,0.217A/A
42508,2026-06-04 03:50:42,19.5000,1.62,0.150,0.282,A,#5,HOLDING,0.247A/A
42509,2026-06-04 03:50:44,19.4500,2.66,0.150,0.282,A,#5,HOLDING,0.272A/A
42510,2026-06-04 03:50:46,19.5000,2.66,0.272,0.791,A,#5,HOLDING,0.305A/A
42511,2026-06-04 03:50:48,19.5000,2.66,0.272,0.791,A,#5,HOLDING,0.343A/A
42512,2026-06-04 03:50:50,19.5000,2.66,0.272,0.791,A,#5,HOLDING,0.374A/A
42513,2026-06-04 03:50:52,19.5000,3.69,0.272,0.791,A,#5,HOLDING,0.398A/A
42514,2026-06-04 03:50:53,19.5000,3.69,0.398,1.576,A,#5,HOLDING,0.428A/A
42515,2026-06-04 03:50:56,19.5625,3.69,0.398,1.576,A,#5,HOLDING,0.474A/A
42516,2026-06-04 03:50:57,19.5625,3.69,0.398,1.576,A,#5,HOLDING,0.501A/A
42517,2026-06-04 03:50:59,19.5625,4.75,0.398,1.576,A,#5,HOLDING,0.533A/A
42518,2026-06-04 03:51:01,19.5625,4.75,0.533,2.728,A,#5,HOLDING,0.561A/A
42519,2026-06-04 03:51:03,19.5625,4.75,0.533,2.728,A,#5,HOLDING,0.602A/A
42520,2026-06-04 03:51:05,19.5625,4.75,0.533,2.728,A,#5,HOLDING,0.630A/A
42521,2026-06-04 03:51:07,19.5625,5.87,0.533,2.728,A,#5,HOLDING,0.661A/A
42522,2026-06-04 03:51:09,19.5625,5.87,0.661,4.131,A,#5,HOLDING,0.693A/A
42523,2026-06-04 03:51:11,19.5625,5.87,0.661,4.131,A,#5,HOLDING,0.734A/A
42524,2026-06-04 03:51:13,19.5625,5.87,0.661,4.131,A,#5,HOLDING,0.762A/A
42525,2026-06-04 03:51:15,19.5625,6.94,0.661,4.131,A,#5,HOLDING,0.794A/A
42526,2026-06-04 03:51:16,19.5000,6.94,0.794,5.827,A,#5,HOLDING,0.818A/A
42527,2026-06-04 03:51:19,19.5000,6.94,0.794,5.827,A,#5,HOLDING,0.856A/A
42528,2026-06-04 03:51:20,19.5000,6.94,0.794,5.827,A,#5,HOLDING,0.882A/A
42529,2026-06-04 03:51:22,19.4500,7.95,0.794,5.827,A,#5,HOLDING,0.911A/A
42530,2026-06-04 03:51:24,19.4625,7.95,0.911,7.543,A,#5,HOLDING,0.940A/A
42531,2026-06-04 03:51:27,19.4125,7.95,0.911,7.543,A,#5,HOLDING,0.970A/A
42532,2026-06-04 03:51:28,19.4000,7.95,0.911,7.543,OFF,--,DONE,0.996A/A
42533,2026-06-04 03:51:31,19.3125,4.89,0.911,7.543,OFF,--,DONE,--
42534,2026-06-04 03:51:32,19.3125,4.89,0.000,7.543,OFF,--,DONE,--
42535,2026-06-04 03:51:33,19.2625,4.89,0.000,7.543,OFF,--,DONE,--
42536,2026-06-04 03:51:34,19.2625,4.89,0.000,0.000,OFF,--,DONE,--
42537,2026-06-04 03:51:35,19.2375,0.34,0.000,0.000,OFF,--,DONE,--
42538,2026-06-04 03:51:36,19.2375,0.34,0.000,0.000,OFF,--,DONE,--
42539,2026-06-04 03:51:37,19.1875,0.34,0.000,0.000,OFF,--,DONE,--
42540,2026-06-04 03:51:38,19.1875,0.34,0.000,0.000,OFF,--,DONE,--
42541,2026-06-04 03:51:39,19.1250,0.00,0.000,0.000,OFF,--,DONE,--
42542,2026-06-04 03:51:40,19.1250,0.00,0.000,0.000,OFF,--,DONE,--
42543,2026-06-04 03:51:41,19.1750,0.00,0.000,0.000,OFF,--,DONE,--
42544,2026-06-04 03:51:42,19.1750,0.00,0.000,0.000,OFF,--,DONE,--
42545,2026-06-04 03:51:43,19.1625,0.00,0.000,0.000,OFF,--,DONE,--
42546,2026-06-04 03:51:44,19.1625,0.00,0.000,0.000,OFF,--,DONE,--
42547,2026-06-04 03:51:45,19.1375,0.00,0.000,0.000,OFF,--,DONE,--
42548,2026-06-04 03:51:46,19.1375,0.00,0.000,0.000,OFF,--,DONE,--
42549,2026-06-04 03:51:47,19.1250,0.00,0.000,0.000,OFF,--,DONE,--
42550,2026-06-04 03:51:48,19.1750,0.00,0.000,0.000,OFF,--,DONE,--
42551,2026-06-04 03:51:49,19.1750,0.00,0.000,0.000,OFF,--,DONE,--
42552,2026-06-04 03:51:50,19.1875,0.00,0.000,0.000,OFF,--,DONE,--
42553,2026-06-04 03:51:51,19.1875,0.00,0.000,0.000,OFF,--,DONE,--
42554,2026-06-04 03:51:52,19.2125,0.00,0.000,0.000,OFF,--,DONE,--
42555,2026-06-04 03:51:53,19.2125,0.00,0.000,0.000,OFF,--,DONE,--
42556,2026-06-04 03:51:54,19.2500,0.00,0.000,0.000,OFF,--,DONE,--
42557,2026-06-04 03:51:55,19.2500,0.00,0.000,0.000,OFF,--,DONE,--
42558,2026-06-04 03:51:56,19.2500,0.00,0.000,0.000,OFF,--,DONE,--
42559,2026-06-04 03:51:57,19.2500,0.00,0.000,0.000,OFF,--,DONE,--
42560,2026-06-04 03:51:58,19.3125,0.00,0.000,0.000,OFF,--,DONE,--
42561,2026-06-04 03:51:59,19.3125,0.00,0.000,0.000,OFF,--,DONE,--
42562,2026-06-04 03:52:00,19.3625,0.00,0.000,0.000,OFF,--,DONE,--
42563,2026-06-04 03:52:01,19.3625,0.00,0.000,0.000,OFF,--,DONE,--
42564,2026-06-04 03:52:02,19.4000,0.00,0.000,0.000,OFF,--,DONE,--
42565,2026-06-04 03:52:03,19.4000,0.00,0.000,0.000,OFF,--,DONE,--
42566,2026-06-04 03:52:04,19.4000,0.00,0.000,0.000,OFF,--,DONE,--
42567,2026-06-04 03:52:05,19.4000,0.00,0.000,0.000,OFF,--,DONE,--
42568,2026-06-04 03:52:06,19.4750,0.00,0.000,0.000,OFF,--,DONE,--
42569,2026-06-04 03:52:07,19.5250,0.00,0.000,0.000,OFF,--,DONE,--
42570,2026-06-04 03:52:08,19.5250,0.00,0.000,0.000,OFF,--,DONE,--
42571,2026-06-04 03:52:09,19.5375,0.00,0.000,0.000,OFF,--,DONE,--
42572,2026-06-04 03:52:10,19.5375,0.00,0.000,0.000,OFF,--,DONE,--
42573,2026-06-04 03:52:11,19.6125,0.00,0.000,0.000,OFF,--,DONE,--
42574,2026-06-04 03:52:12,19.6125,0.00,0.000,0.000,OFF,--,DONE,--
42575,2026-06-04 03:52:13,19.6625,0.00,0.000,0.000,OFF,--,DONE,--
42576,2026-06-04 03:52:14,19.6625,0.00,0.000,0.000,OFF,--,DONE,--
42577,2026-06-04 03:52:15,19.6875,0.00,0.000,0.000,OFF,--,DONE,--
42578,2026-06-04 03:52:16,19.6875,0.00,0.000,0.000,OFF,--,DONE,--
42579,2026-06-04 03:52:17,19.7250,0.00,0.000,0.000,OFF,--,DONE,--
42580,2026-06-04 03:52:18,19.7250,0.00,0.000,0.000,OFF,--,DONE,--
42581,2026-06-04 03:52:20,19.8000,0.00,0.000,0.000,OFF,--,DONE,--
42582,2026-06-04 03:52:21,19.8000,0.00,0.000,0.000,OFF,--,DONE,--
42583,2026-06-04 03:52:22,19.8500,0.00,0.000,0.000,OFF,--,DONE,--
42584,2026-06-04 03:52:23,19.9000,0.00,0.000,0.000,OFF,--,DONE,--
42585,2026-06-04 03:52:24,19.9000,0.00,0.000,0.000,OFF,--,DONE,--
42586,2026-06-04 03:52:25,19.9375,0.00,0.000,0.000,OFF,--,DONE,--
42587,2026-06-04 03:52:26,19.9375,0.00,0.000,0.000,OFF,--,DONE,--
42588,2026-06-04 03:52:27,19.9875,0.00,0.000,0.000,OFF,--,DONE,--
42589,2026-06-04 03:52:28,19.9875,0.00,0.000,0.000,OFF,--,DONE,--
42590,2026-06-04 03:52:29,20.0375,0.00,0.000,0.000,OFF,--,DONE,--
42591,2026-06-04 03:52:30,20.0375,0.00,0.000,0.000,OFF,--,DONE,--
42592,2026-06-04 03:52:31,20.1125,0.00,0.000,0.000,OFF,--,DONE,--
42593,2026-06-04 03:52:32,20.1125,0.00,0.000,0.000,OFF,--,DONE,--
42594,2026-06-04 03:52:33,20.1375,0.00,0.000,0.000,OFF,--,DONE,--
42595,2026-06-04 03:52:34,20.1375,0.00,0.000,0.000,OFF,--,DONE,--
42596,2026-06-04 03:52:35,20.2125,0.00,0.000,0.000,OFF,--,DONE,--
42597,2026-06-04 03:52:36,20.2125,0.00,0.000,0.000,OFF,--,DONE,--
42598,2026-06-04 03:52:37,20.2500,0.00,0.000,0.000,OFF,--,DONE,--
42599,2026-06-04 03:52:38,20.3000,0.00,0.000,0.000,OFF,--,DONE,--
42600,2026-06-04 03:52:39,20.3000,0.00,0.000,0.000,OFF,--,DONE,--
42601,2026-06-04 03:52:40,20.3750,0.00,0.000,0.000,OFF,--,DONE,--
42602,2026-06-04 03:52:41,20.3750,0.00,0.000,0.000,OFF,--,DONE,--
42603,2026-06-04 03:52:42,20.4250,0.00,0.000,0.000,OFF,--,DONE,--
42604,2026-06-04 03:52:43,20.4250,0.00,0.000,0.000,OFF,--,DONE,--
42605,2026-06-04 03:52:44,20.4750,0.00,0.000,0.000,OFF,--,DONE,--
42606,2026-06-04 03:52:45,20.4750,0.00,0.000,0.000,OFF,--,DONE,--
42607,2026-06-04 03:52:46,20.5000,0.00,0.000,0.000,OFF,--,DONE,--
42608,2026-06-04 03:52:47,20.5000,0.00,0.000,0.000,OFF,--,DONE,--
42609,2026-06-04 03:52:48,20.5625,0.00,0.000,0.000,OFF,--,DONE,--
42610,2026-06-04 03:52:49,20.5625,0.00,0.000,0.000,OFF,--,DONE,--
42611,2026-06-04 03:52:50,20.6125,0.00,0.000,0.000,OFF,--,DONE,--
42612,2026-06-04 03:52:51,20.6125,0.00,0.000,0.000,OFF,--,DONE,--
42613,2026-06-04 03:52:52,20.6375,0.00,0.000,0.000,OFF,--,DONE,--
42614,2026-06-04 03:52:53,20.6875,0.00,0.000,0.000,OFF,--,DONE,--
42615,2026-06-04 03:52:54,20.6875,0.00,0.000,0.000,OFF,--,DONE,--
42616,2026-06-04 03:52:55,20.7000,0.00,0.000,0.000,OFF,--,DONE,--
42617,2026-06-04 03:52:56,20.7000,0.00,0.000,0.000,OFF,--,DONE,--
42618,2026-06-04 03:52:57,20.7500,0.00,0.000,0.000,OFF,--,DONE,--
42619,2026-06-04 03:52:59,20.7500,0.00,0.000,0.000,OFF,--,DONE,--
42620,2026-06-04 03:53:00,20.8125,0.00,0.000,0.000,OFF,--,DONE,--
42621,2026-06-04 03:53:01,20.8125,0.00,0.000,0.000,OFF,--,DONE,--
42622,2026-06-04 03:53:02,20.8375,0.00,0.000,0.000,OFF,--,DONE,--
42623,2026-06-04 03:53:03,20.8375,0.00,0.000,0.000,OFF,--,DONE,--
42624,2026-06-04 03:53:04,20.8750,0.00,0.000,0.000,OFF,--,DONE,--
42625,2026-06-04 03:53:05,20.8750,0.00,0.000,0.000,OFF,--,DONE,--
42626,2026-06-04 03:53:06,20.9250,0.00,0.000,0.000,OFF,--,DONE,--
42627,2026-06-04 03:53:07,20.9250,0.00,0.000,0.000,OFF,--,DONE,--
42628,2026-06-04 03:53:08,20.9500,0.00,0.000,0.000,OFF,--,DONE,--
42629,2026-06-04 03:53:09,21.0000,0.00,0.000,0.000,OFF,--,DONE,--
42630,2026-06-04 03:53:10,21.0000,0.00,0.000,0.000,OFF,--,DONE,--
42631,2026-06-04 03:53:11,21.0375,0.00,0.000,0.000,OFF,--,DONE,--
42632,2026-06-04 03:53:12,21.0375,0.00,0.000,0.000,OFF,--,DONE,--
42633,2026-06-04 03:53:13,21.0875,0.00,0.000,0.000,OFF,--,DONE,--
42634,2026-06-04 03:53:14,21.0875,0.00,0.000,0.000,OFF,--,DONE,--
42635,2026-06-04 03:53:15,21.1000,0.00,0.000,0.000,OFF,--,DONE,--
42636,2026-06-04 03:53:16,21.1000,0.00,0.000,0.000,OFF,--,DONE,--
42637,2026-06-04 03:53:17,21.1250,0.00,0.000,0.000,OFF,--,DONE,--
42638,2026-06-04 03:53:18,21.1250,0.00,0.000,0.000,OFF,--,DONE,--
42639,2026-06-04 03:53:19,21.1875,0.00,0.000,0.000,OFF,--,DONE,--
42640,2026-06-04 03:53:20,21.1875,0.00,0.000,0.000,OFF,--,DONE,--
42641,2026-06-04 03:53:21,21.1875,0.00,0.000,0.000,OFF,--,DONE,--
42642,2026-06-04 03:53:22,21.1875,0.00,0.000,0.000,OFF,--,DONE,--
42643,2026-06-04 03:53:23,21.2500,0.00,0.000,0.000,OFF,--,DONE,--
42644,2026-06-04 03:53:24,21.2750,0.00,0.000,0.000,OFF,--,DONE,--
42645,2026-06-04 03:53:25,21.2750,0.00,0.000,0.000,OFF,--,DONE,--
42646,2026-06-04 03:53:26,21.3125,0.00,0.000,0.000,OFF,--,DONE,--
42647,2026-06-04 03:53:27,21.3125,0.00,0.000,0.000,OFF,--,DONE,--
42648,2026-06-04 03:53:28,21.3375,0.00,0.000,0.000,OFF,--,DONE,--
42649,2026-06-04 03:53:29,21.3375,0.00,0.000,0.000,OFF,--,DONE,--
42650,2026-06-04 03:53:30,21.3750,0.00,0.000,0.000,OFF,--,DONE,--
42651,2026-06-04 03:53:31,21.3750,0.00,0.000,0.000,OFF,--,DONE,--
42652,2026-06-04 03:53:32,21.4000,0.00,0.000,0.000,OFF,--,DONE,--
42653,2026-06-04 03:53:34,21.4000,0.00,0.000,0.000,B,#1,APPROACH,3.000A/B
42654,2026-06-04 03:53:36,21.4125,0.00,0.000,0.000,B,#1,APPROACH,2.000A/B
42655,2026-06-04 03:53:37,21.4625,0.00,0.000,0.000,B,#1,APPROACH,2.868A/B
42656,2026-06-04 03:53:39,21.5000,0.00,0.000,0.000,B,#1,APPROACH,2.500A/B
42657,2026-06-04 03:53:41,21.5250,12.00,1.556,0.000,B,#1,APPROACH,1.952A/B
42658,2026-06-04 03:53:43,21.5750,12.00,1.556,18.360,B,#1,APPROACH,2.519A/B
42659,2026-06-04 03:53:44,21.6250,12.00,1.556,18.360,B,#1,APPROACH,2.000A/B
42660,2026-06-04 03:53:46,21.7000,12.00,1.556,18.360,B,#1,APPROACH,1.000A/B
42661,2026-06-04 03:53:48,21.8250,8.58,1.556,18.360,B,#1,APPROACH,2.188A/B
42662,2026-06-04 03:53:50,21.9250,8.58,1.490,17.664,B,#1,APPROACH,2.715A/B
42663,2026-06-04 03:53:52,22.0750,8.58,1.490,17.664,B,#1,APPROACH,1.000A/B
42664,2026-06-04 03:53:54,22.2375,8.58,1.490,17.664,B,#1,APPROACH,1.500A/B
42665,2026-06-04 03:53:55,22.3875,12.00,1.490,17.664,B,#1,APPROACH,1.000A/B
42666,2026-06-04 03:53:57,22.5625,12.00,1.000,8.950,B,#1,APPROACH,1.000A/B
42667,2026-06-04 03:54:00,22.7625,12.00,1.000,8.950,B,#1,APPROACH,1.000A/B
42668,2026-06-04 03:54:01,22.9250,12.00,1.000,8.950,B,#1,APPROACH,2.500A/B
42669,2026-06-04 03:54:03,23.0750,12.00,1.000,8.950,B,#1,APPROACH,2.000A/B
42670,2026-06-04 03:54:05,23.2750,12.00,1.419,16.836,B,#1,APPROACH,2.723A/B
42671,2026-06-04 03:54:07,23.4500,12.00,1.419,16.836,B,#1,APPROACH,3.000A/B
42672,2026-06-04 03:54:09,23.6250,12.00,1.419,16.836,B,#1,APPROACH,1.000A/B
42673,2026-06-04 03:54:11,23.8500,9.16,1.419,16.836,B,#1,APPROACH,2.000A/B
42674,2026-06-04 03:54:13,24.0500,9.16,1.390,16.572,B,#1,APPROACH,1.000A/B
42675,2026-06-04 03:54:15,24.2500,9.16,1.390,16.572,B,#1,APPROACH,2.500A/B
42676,2026-06-04 03:54:17,24.4250,9.16,1.390,16.572,B,#1,APPROACH,1.500A/B
42677,2026-06-04 03:54:19,24.6250,12.00,1.390,16.572,B,#1,APPROACH,2.500A/B
42678,2026-06-04 03:54:20,24.8250,12.00,1.370,16.308,B,#1,APPROACH,2.500A/B
42679,2026-06-04 03:54:23,25.0000,12.00,1.370,16.308,B,#1,APPROACH,1.000A/B
42680,2026-06-04 03:54:24,25.1875,12.00,1.370,16.308,B,#1,APPROACH,2.000A/B
42681,2026-06-04 03:54:26,25.4375,12.00,1.370,16.308,B,#1,APPROACH,1.000A/B
42682,2026-06-04 03:54:28,25.6125,12.00,1.126,9.540,B,#1,APPROACH,1.500A/B
42683,2026-06-04 03:54:30,25.8125,12.00,1.126,9.540,B,#1,APPROACH,1.000A/B
42684,2026-06-04 03:54:32,26.0000,12.00,1.126,9.540,B,#1,APPROACH,2.500A/B
42685,2026-06-04 03:54:34,26.2000,12.00,1.126,9.540,B,#1,APPROACH,1.000A/B
42686,2026-06-04 03:54:36,26.4250,12.00,1.138,9.600,B,#1,APPROACH,1.500A/B
42687,2026-06-04 03:54:38,26.6250,12.00,1.138,9.600,B,#1,APPROACH,1.000A/B
42688,2026-06-04 03:54:40,26.8000,12.00,1.138,9.600,B,#1,APPROACH,1.500A/B
42689,2026-06-04 03:54:42,27.0000,12.00,1.138,9.600,B,#1,APPROACH,1.500A/B
42690,2026-06-04 03:54:43,27.2125,12.00,1.332,15.828,B,#1,APPROACH,2.500A/B
42691,2026-06-04 03:54:46,27.4125,12.00,1.332,15.828,B,#1,APPROACH,1.500A/B
42692,2026-06-04 03:54:47,27.5625,12.00,1.332,15.828,B,#1,APPROACH,2.500A/B
42693,2026-06-04 03:54:49,27.7875,12.00,1.332,15.828,B,#1,APPROACH,2.756A/B
42694,2026-06-04 03:54:51,27.9875,12.00,1.317,15.660,B,#1,APPROACH,2.500A/B
42695,2026-06-04 03:54:54,28.1875,12.00,1.317,15.660,B,#1,APPROACH,1.000A/B
42696,2026-06-04 03:54:55,28.3625,12.00,1.317,15.660,B,#1,APPROACH,2.860A/B
42697,2026-06-04 03:54:57,28.5375,12.00,1.317,15.660,B,#1,APPROACH,1.500A/B
42698,2026-06-04 03:54:59,28.7000,12.00,1.305,15.516,B,#1,APPROACH,2.909A/B
42699,2026-06-04 03:55:01,28.8750,12.00,1.305,15.516,B,#1,APPROACH,2.500A/B
42700,2026-06-04 03:55:03,29.0500,12.00,1.305,15.516,B,#1,APPROACH,1.000A/B
42701,2026-06-04 03:55:05,29.2500,9.75,1.305,15.516,B,#1,APPROACH,2.000A/B
42702,2026-06-04 03:55:06,29.4250,9.75,1.297,15.444,B,#1,APPROACH,1.000A/B
42703,2026-06-04 03:55:09,29.6250,9.75,1.297,15.444,B,#1,APPROACH,1.500A/B
42704,2026-06-04 03:55:10,29.7625,9.75,1.297,15.444,B,#1,APPROACH,2.992A/B
42705,2026-06-04 03:55:12,29.9375,12.00,1.297,15.444,B,#1,APPROACH,2.500A/B
42706,2026-06-04 03:55:14,30.1125,12.00,1.290,15.348,B,#1,APPROACH,1.000A/B
42707,2026-06-04 03:55:16,30.2875,12.00,1.290,15.348,B,#1,APPROACH,1.500A/B
42708,2026-06-04 03:55:18,30.4625,12.00,1.290,15.348,B,#1,APPROACH,2.000A/B
42709,2026-06-04 03:55:20,30.6375,12.00,1.290,15.348,B,#1,APPROACH,2.000A/B
42710,2026-06-04 03:55:22,30.8000,12.00,1.284,15.276,B,#1,HOLDING,2.500A/B
42711,2026-06-04 03:55:24,30.9500,12.00,1.284,15.276,OFF,#1,HOLDING,0.000A/OFF
42712,2026-06-04 03:55:25,30.9500,12.00,1.284,15.276,OFF,#1,HOLDING,0.000A/OFF
42713,2026-06-04 03:55:26,31.1000,12.00,1.284,15.276,OFF,#1,HOLDING,0.000A/OFF
42714,2026-06-04 03:55:27,31.2500,12.00,1.284,15.276,OFF,#1,HOLDING,0.000A/OFF
42715,2026-06-04 03:55:28,31.2500,12.00,0.000,15.276,OFF,#1,HOLDING,0.000A/OFF
42716,2026-06-04 03:55:29,31.4125,12.00,0.000,15.276,OFF,#1,HOLDING,0.000A/OFF
42717,2026-06-04 03:55:30,31.4125,12.00,0.000,0.000,OFF,#1,HOLDING,0.000A/OFF
42718,2026-06-04 03:55:31,31.5375,12.00,0.000,0.000,OFF,#1,HOLDING,0.000A/OFF
42719,2026-06-04 03:55:32,31.5375,12.00,0.000,0.000,OFF,#1,HOLDING,0.000A/OFF
42720,2026-06-04 03:55:33,31.6750,12.00,0.000,0.000,OFF,#1,HOLDING,0.000A/OFF
42721,2026-06-04 03:55:34,31.6750,12.00,0.000,0.000,OFF,#1,HOLDING,0.000A/OFF
42722,2026-06-04 03:55:35,31.8250,12.00,0.000,0.000,OFF,#1,HOLDING,0.000A/OFF
42723,2026-06-04 03:55:36,31.8250,12.00,0.000,0.000,OFF,#1,HOLDING,0.000A/OFF
42724,2026-06-04 03:55:37,31.9250,12.00,0.000,0.000,OFF,#1,HOLDING,0.000A/OFF
42725,2026-06-04 03:55:38,31.9250,12.00,0.000,0.000,OFF,#1,HOLDING,0.000A/OFF
42726,2026-06-04 03:55:39,32.0500,12.00,0.000,0.000,OFF,#1,HOLDING,0.000A/OFF
42727,2026-06-04 03:55:40,32.0500,12.00,0.000,0.000,OFF,#1,HOLDING,0.000A/OFF
42728,2026-06-04 03:55:41,32.1375,12.00,0.000,0.000,OFF,#1,HOLDING,0.000A/OFF
42729,2026-06-04 03:55:42,32.1375,12.00,0.000,0.000,OFF,#1,HOLDING,0.000A/OFF
42730,2026-06-04 03:55:43,32.2125,12.00,0.000,0.000,OFF,#1,HOLDING,0.000A/OFF
42731,2026-06-04 03:55:44,32.2125,12.00,0.000,0.000,OFF,#1,HOLDING,0.000A/OFF
42732,2026-06-04 03:55:45,32.3250,12.00,0.000,0.000,OFF,#1,HOLDING,0.000A/OFF
42733,2026-06-04 03:55:46,32.4000,12.00,0.000,0.000,OFF,#1,HOLDING,0.000A/OFF
42734,2026-06-04 03:55:47,32.4000,12.00,0.000,0.000,OFF,#1,HOLDING,0.000A/OFF
42735,2026-06-04 03:55:48,32.4125,12.00,0.000,0.000,OFF,#1,HOLDING,0.000A/OFF
42736,2026-06-04 03:55:49,32.4125,12.00,0.000,0.000,OFF,#1,HOLDING,0.000A/OFF
42737,2026-06-04 03:55:51,32.4375,12.00,0.000,0.000,OFF,#1,HOLDING,0.000A/OFF
42738,2026-06-04 03:55:52,32.4375,12.00,0.000,0.000,OFF,#1,HOLDING,0.000A/OFF
42739,2026-06-04 03:55:53,32.5000,12.00,0.000,0.000,OFF,#1,HOLDING,0.000A/OFF
42740,2026-06-04 03:55:54,32.5000,12.00,0.000,0.000,A,#1,HOLDING,0.110A/A
42741,2026-06-04 03:55:55,32.4750,12.00,0.000,0.042,A,#1,HOLDING,0.134A/A
42742,2026-06-04 03:55:58,32.5000,12.00,0.000,0.042,A,#1,HOLDING,0.163A/A
42743,2026-06-04 03:55:59,32.5000,12.00,0.000,0.042,A,#1,HOLDING,0.188A/A
42744,2026-06-04 03:56:01,32.4375,1.18,0.000,0.042,A,#1,HOLDING,0.212A/A
42745,2026-06-04 03:56:03,32.4375,1.18,0.212,0.328,A,#1,HOLDING,0.238A/A
42746,2026-06-04 03:56:05,32.4000,1.18,0.212,0.328,A,#1,HOLDING,0.268A/A
42747,2026-06-04 03:56:07,32.3500,1.18,0.212,0.328,A,#1,HOLDING,0.290A/A
42748,2026-06-04 03:56:09,32.2750,2.20,0.212,0.328,A,#1,HOLDING,0.304A/A
42749,2026-06-04 03:56:11,32.2250,2.20,0.304,0.732,A,#1,HOLDING,0.322A/A
42750,2026-06-04 03:56:13,32.1750,2.20,0.304,0.732,A,#1,HOLDING,0.346A/A
42751,2026-06-04 03:56:15,32.0750,2.20,0.304,0.732,A,#1,HOLDING,0.354A/A
42752,2026-06-04 03:56:16,32.0250,2.80,0.304,0.732,A,#1,HOLDING,0.366A/A
42753,2026-06-04 03:56:18,31.9500,2.80,0.366,1.098,A,#1,HOLDING,0.372A/A
42754,2026-06-04 03:56:21,31.8625,2.80,0.366,1.098,A,#1,HOLDING,0.384A/A
42755,2026-06-04 03:56:22,31.7625,2.80,0.366,1.098,A,#2,APPROACH,0.381A/A
42756,2026-06-04 03:56:24,31.6500,0.81,0.366,1.098,A,#2,APPROACH,0.112A/A
42757,2026-06-04 03:56:26,31.5250,0.81,0.000,1.098,A,#2,APPROACH,0.114A/A
42758,2026-06-04 03:56:28,31.4250,0.81,0.000,0.000,A,#2,APPROACH,0.143A/A
42759,2026-06-04 03:56:31,31.2125,0.81,0.000,0.000,A,#2,APPROACH,0.161A/A
42760,2026-06-04 03:56:32,31.2125,0.81,0.000,0.000,A,#2,APPROACH,0.217A/A
42761,2026-06-04 03:56:34,31.1125,1.94,0.000,0.000,A,#2,APPROACH,0.267A/A
42762,2026-06-04 03:56:36,31.0125,1.94,0.267,0.651,A,#2,APPROACH,0.323A/A
42763,2026-06-04 03:56:38,30.7750,1.94,0.267,0.651,A,#2,APPROACH,0.349A/A
42764,2026-06-04 03:56:40,30.7750,1.94,0.267,0.651,A,#2,APPROACH,0.397A/A
42765,2026-06-04 03:56:42,30.6500,3.35,0.267,0.651,A,#2,APPROACH,0.427A/A
42766,2026-06-04 03:56:44,30.5250,3.35,0.427,1.579,A,#2,HOLDING,0.415A/A
42767,2026-06-04 03:56:46,30.2750,3.35,0.427,1.579,OFF,#2,HOLDING,0.000A/OFF
42768,2026-06-04 03:56:47,30.2750,3.35,0.427,1.579,OFF,#2,HOLDING,0.000A/OFF
42769,2026-06-04 03:56:48,30.1500,3.35,0.427,1.579,OFF,#2,HOLDING,0.000A/OFF
42770,2026-06-04 03:56:49,30.1500,3.35,0.427,1.579,OFF,#2,HOLDING,0.000A/OFF
42771,2026-06-04 03:56:50,30.0125,12.00,0.000,1.579,OFF,#2,HOLDING,0.000A/OFF
42772,2026-06-04 03:56:51,30.0125,12.00,0.000,1.579,OFF,#2,HOLDING,0.000A/OFF
42773,2026-06-04 03:56:52,29.8625,12.00,0.000,0.000,OFF,#2,HOLDING,0.000A/OFF
42774,2026-06-04 03:56:53,29.8625,12.00,0.000,0.000,OFF,#2,HOLDING,0.000A/OFF
42775,2026-06-04 03:56:54,29.7125,12.00,0.000,0.000,OFF,#2,HOLDING,0.000A/OFF
42776,2026-06-04 03:56:55,29.7125,12.00,0.000,0.000,OFF,#2,HOLDING,0.000A/OFF
42777,2026-06-04 03:56:56,29.6125,12.00,0.000,0.000,OFF,#2,HOLDING,0.000A/OFF
42778,2026-06-04 03:56:57,29.6125,12.00,0.000,0.000,OFF,#2,HOLDING,0.000A/OFF
42779,2026-06-04 03:56:58,29.4500,12.00,0.000,0.000,OFF,#2,HOLDING,0.000A/OFF
42780,2026-06-04 03:56:59,29.4500,12.00,0.000,0.000,OFF,#2,HOLDING,0.000A/OFF
42781,2026-06-04 03:57:00,29.3250,12.00,0.000,0.000,OFF,#2,HOLDING,0.000A/OFF
42782,2026-06-04 03:57:01,29.3250,12.00,0.000,0.000,OFF,#2,HOLDING,0.000A/OFF
42783,2026-06-04 03:57:02,29.2000,12.00,0.000,0.000,OFF,#2,HOLDING,0.000A/OFF
42784,2026-06-04 03:57:03,29.0500,12.00,0.000,0.000,OFF,#2,HOLDING,0.000A/OFF
42785,2026-06-04 03:57:04,29.0500,12.00,0.000,0.000,OFF,#2,HOLDING,0.000A/OFF
42786,2026-06-04 03:57:05,28.9375,12.00,0.000,0.000,OFF,#2,HOLDING,0.000A/OFF
42787,2026-06-04 03:57:06,28.9375,12.00,0.000,0.000,OFF,#2,HOLDING,0.000A/OFF
42788,2026-06-04 03:57:07,28.8625,12.00,0.000,0.000,OFF,#2,HOLDING,0.000A/OFF
42789,2026-06-04 03:57:08,28.8625,12.00,0.000,0.000,OFF,#2,HOLDING,0.000A/OFF
42790,2026-06-04 03:57:09,28.7125,12.00,0.000,0.000,OFF,#2,HOLDING,0.000A/OFF
42791,2026-06-04 03:57:10,28.7125,12.00,0.000,0.000,OFF,#2,HOLDING,0.000A/OFF
42792,2026-06-04 03:57:11,28.6125,12.00,0.000,0.000,B,#2,HOLDING,0.104A/B
42793,2026-06-04 03:57:13,28.4625,12.00,0.000,0.000,B,#2,HOLDING,0.195A/B
42794,2026-06-04 03:57:15,28.4125,12.00,0.000,0.000,B,#2,HOLDING,0.240A/B
42795,2026-06-04 03:57:16,28.4125,2.32,0.000,0.000,B,#2,HOLDING,0.260A/B
42796,2026-06-04 03:57:18,28.3000,2.32,0.260,0.676,B,#2,HOLDING,0.312A/B
42797,2026-06-04 03:57:21,28.0750,2.32,0.260,0.676,B,#2,HOLDING,0.408A/B
42798,2026-06-04 03:57:22,27.9750,2.32,0.260,0.676,B,#2,HOLDING,0.477A/B
42799,2026-06-04 03:57:24,27.9750,4.33,0.260,0.676,B,#2,HOLDING,0.526A/B
42800,2026-06-04 03:57:26,27.9000,4.33,0.526,2.561,B,#2,HOLDING,0.583A/B
42801,2026-06-04 03:57:28,27.7375,4.33,0.526,2.561,B,#2,HOLDING,0.681A/B
42802,2026-06-04 03:57:30,27.6625,4.33,0.526,2.561,B,#2,HOLDING,0.756A/B
42803,2026-06-04 03:57:32,27.6625,6.63,0.526,2.561,B,#2,HOLDING,0.819A/B
42804,2026-06-04 03:57:34,27.5875,6.63,0.819,5.913,B,#2,HOLDING,0.893A/B
42805,2026-06-04 03:57:36,27.5000,6.63,0.819,5.913,B,#2,HOLDING,0.995A/B
42806,2026-06-04 03:57:38,27.4500,6.63,0.819,5.913,B,#2,HOLDING,1.073A/B
42807,2026-06-04 03:57:39,27.4500,9.08,0.819,5.913,B,#2,HOLDING,1.145A/B
42808,2026-06-04 03:57:41,27.4375,9.08,1.145,11.186,B,#2,HOLDING,1.000A/B
42809,2026-06-04 03:57:44,27.4375,9.08,1.145,11.186,B,#2,HOLDING,1.000A/B
42810,2026-06-04 03:57:45,27.4375,9.08,1.145,11.186,B,#2,HOLDING,1.214A/B
42811,2026-06-04 03:57:47,27.4375,10.24,1.145,11.186,B,#2,HOLDING,1.294A/B
42812,2026-06-04 03:57:49,27.4375,10.24,1.278,14.298,B,#2,HOLDING,1.374A/B
42813,2026-06-04 03:57:51,27.5375,10.24,1.278,14.298,B,#2,HOLDING,1.460A/B
42814,2026-06-04 03:57:53,27.5625,10.24,1.278,14.298,B,#2,HOLDING,1.500A/B
42815,2026-06-04 03:57:55,27.5625,12.00,1.278,14.298,B,#2,HOLDING,1.500A/B
42816,2026-06-04 03:57:57,27.6125,12.00,1.416,16.800,B,#2,HOLDING,1.000A/B
42817,2026-06-04 03:57:59,27.7625,12.00,1.416,16.800,B,#2,HOLDING,1.504A/B
42818,2026-06-04 03:58:01,27.8625,12.00,1.416,16.800,B,#2,HOLDING,1.544A/B
42819,2026-06-04 03:58:03,27.8625,12.00,1.416,16.800,B,#2,HOLDING,1.613A/B
42820,2026-06-04 03:58:04,28.0750,12.00,1.385,16.440,B,#2,HOLDING,1.650A/B
42821,2026-06-04 03:58:07,28.1625,12.00,1.385,16.440,B,#2,HOLDING,1.718A/B
42822,2026-06-04 03:58:08,28.2625,12.00,1.385,16.440,B,#2,HOLDING,1.745A/B
42823,2026-06-04 03:58:10,28.4125,12.00,1.385,16.440,B,#2,HOLDING,1.500A/B
42824,2026-06-04 03:58:12,28.5375,12.00,1.358,16.176,B,#2,HOLDING,1.000A/B
42825,2026-06-04 03:58:14,28.6375,12.00,1.358,16.176,B,#2,HOLDING,1.000A/B
42826,2026-06-04 03:58:16,28.7875,12.00,1.358,16.176,B,#2,HOLDING,1.726A/B
42827,2026-06-04 03:58:18,28.9250,12.00,1.358,16.176,B,#2,HOLDING,1.750A/B
42828,2026-06-04 03:58:20,29.0750,12.00,1.343,15.948,B,#2,HOLDING,1.000A/B
42829,2026-06-04 03:58:22,29.2000,12.00,1.343,15.948,B,#2,HOLDING,1.771A/B
42830,2026-06-04 03:58:24,29.3250,12.00,1.343,15.948,B,#2,HOLDING,1.500A/B
42831,2026-06-04 03:58:26,29.4875,12.00,1.343,15.948,B,#2,HOLDING,1.778A/B
42832,2026-06-04 03:58:27,29.6375,12.00,1.328,15.768,B,#2,HOLDING,1.000A/B
42833,2026-06-04 03:58:30,29.7375,12.00,1.328,15.768,B,#2,HOLDING,1.778A/B
42834,2026-06-04 03:58:31,29.8875,12.00,1.328,15.768,B,#2,HOLDING,1.767A/B
42835,2026-06-04 03:58:33,30.0375,12.00,1.328,15.768,B,#2,HOLDING,1.000A/B
42836,2026-06-04 03:58:35,30.1875,12.00,1.159,9.780,B,#2,HOLDING,1.500A/B
42837,2026-06-04 03:58:38,30.3000,12.00,1.159,9.780,B,#2,HOLDING,1.751A/B
42838,2026-06-04 03:58:39,30.4500,12.00,1.159,9.780,B,#2,HOLDING,1.500A/B
42839,2026-06-04 03:58:41,30.5750,12.00,1.159,9.780,B,#2,HOLDING,1.723A/B
42840,2026-06-04 03:58:43,30.7000,12.00,1.308,15.540,B,#2,HOLDING,1.624A/B
42841,2026-06-04 03:58:45,30.8000,12.00,1.308,15.540,B,#2,HOLDING,1.571A/B
42842,2026-06-04 03:58:47,30.9500,12.00,1.308,15.540,B,#2,HOLDING,1.515A/B
42843,2026-06-04 03:58:49,31.1000,12.00,1.308,15.540,B,#2,HOLDING,1.000A/B
42844,2026-06-04 03:58:51,31.2000,12.00,1.147,9.900,B,#2,HOLDING,1.000A/B
42845,2026-06-04 03:58:53,31.3625,12.00,1.147,9.900,B,#2,HOLDING,1.000A/B
42846,2026-06-04 03:58:54,31.4875,12.00,1.147,9.900,B,#2,HOLDING,1.431A/B
42847,2026-06-04 03:58:56,31.6125,12.00,1.147,9.900,B,#2,HOLDING,1.347A/B
42848,2026-06-04 03:58:58,31.7375,12.00,1.294,15.384,B,#2,HOLDING,1.000A/B
42849,2026-06-04 03:59:01,31.8500,12.00,1.294,15.384,B,#2,HOLDING,1.261A/B
42850,2026-06-04 03:59:02,31.9500,12.00,1.294,15.384,B,#2,HOLDING,1.182A/B
42851,2026-06-04 03:59:04,32.1000,11.16,1.294,15.384,B,#2,HOLDING,1.078A/B
42852,2026-06-04 03:59:06,32.2000,11.16,1.127,11.351,B,#2,HOLDING,0.975A/B
42853,2026-06-04 03:59:08,32.3500,11.16,1.127,11.351,B,#2,HOLDING,0.836A/B
42854,2026-06-04 03:59:10,32.4500,11.16,1.127,11.351,B,#2,HOLDING,0.743A/B
42855,2026-06-04 03:59:12,32.5500,7.93,1.127,11.351,B,#2,HOLDING,0.629A/B
42856,2026-06-04 03:59:14,32.7000,7.93,0.684,4.472,B,#2,HOLDING,0.531A/B
42857,2026-06-04 03:59:16,32.8000,7.93,0.684,4.472,B,#2,HOLDING,0.376A/B
42858,2026-06-04 03:59:18,32.9250,7.93,0.684,4.472,B,#2,HOLDING,0.261A/B
42859,2026-06-04 03:59:19,33.0625,4.02,0.684,4.472,B,#2,HOLDING,0.125A/B
42860,2026-06-04 03:59:21,33.1375,4.02,0.192,4.472,OFF,#2,HOLDING,0.000A/OFF
42861,2026-06-04 03:59:22,33.1375,4.02,0.192,0.351,OFF,#2,HOLDING,0.000A/OFF
42862,2026-06-04 03:59:23,33.2000,4.02,0.192,0.351,A,#2,HOLDING,0.151A/A
42863,2026-06-04 03:59:25,33.2750,4.02,0.192,0.351,A,#2,HOLDING,0.278A/A
42864,2026-06-04 03:59:27,33.2750,1.38,0.192,0.351,A,#2,HOLDING,0.414A/A
42865,2026-06-04 03:59:29,33.3250,1.38,0.390,1.097,A,#2,HOLDING,0.553A/A
42866,2026-06-04 03:59:31,33.4375,1.38,0.390,1.097,A,#2,HOLDING,0.741A/A
42867,2026-06-04 03:59:33,33.4375,1.38,0.390,1.097,A,#2,HOLDING,0.863A/A
42868,2026-06-04 03:59:35,33.4375,6.37,0.390,1.097,A,#2,HOLDING,1.004A/A
42869,2026-06-04 03:59:36,33.4375,6.37,0.981,7.811,A,#2,HOLDING,1.000A/A
42870,2026-06-04 03:59:39,33.4125,6.37,0.981,7.811,A,#2,HOLDING,1.141A/A
42871,2026-06-04 03:59:40,33.3875,6.37,0.981,7.811,A,#2,HOLDING,1.260A/A
42872,2026-06-04 03:59:42,33.3875,9.71,0.981,7.811,A,#2,HOLDING,1.403A/A
42873,2026-06-04 03:59:44,33.2375,9.71,1.369,15.376,A,#2,HOLDING,1.525A/A
42874,2026-06-04 03:59:46,33.1750,9.71,1.369,15.376,A,#2,HOLDING,1.000A/A
42875,2026-06-04 03:59:48,33.0750,9.71,1.369,15.376,A,#2,HOLDING,1.000A/A
42876,2026-06-04 03:59:50,32.9875,8.31,1.369,15.376,A,#2,HOLDING,1.681A/A
42877,2026-06-04 03:59:52,32.8625,8.31,1.441,18.156,A,#2,HOLDING,1.500A/A
42878,2026-06-04 03:59:54,32.7000,8.31,1.441,18.156,A,#2,HOLDING,1.784A/A
42879,2026-06-04 03:59:56,32.5500,8.31,1.441,18.156,A,#2,HOLDING,1.000A/A
42880,2026-06-04 03:59:58,32.4000,8.58,1.441,18.156,A,#2,HOLDING,1.000A/A
42881,2026-06-04 03:59:59,32.2000,8.58,1.000,8.740,A,#2,HOLDING,1.807A/A
42882,2026-06-04 04:00:02,32.0125,8.58,1.000,8.740,A,#2,HOLDING,1.916A/A
42883,2026-06-04 04:00:03,31.8125,8.58,1.000,8.740,A,#2,HOLDING,1.000A/A
42884,2026-06-04 04:00:05,31.6375,8.73,1.000,8.740,A,#2,HOLDING,1.964A/A
42885,2026-06-04 04:00:07,31.4375,8.73,1.468,17.460,A,#2,HOLDING,1.000A/A
42886,2026-06-04 04:00:10,31.2250,8.73,1.468,17.460,A,#2,HOLDING,2.014A/A
42887,2026-06-04 04:00:11,31.0250,8.73,1.468,17.460,A,#2,HOLDING,2.045A/A
42888,2026-06-04 04:00:13,30.8125,12.00,1.468,17.460,A,#2,HOLDING,1.500A/A
42889,2026-06-04 04:00:15,30.5625,12.00,1.455,17.304,A,#2,HOLDING,2.012A/A
42890,2026-06-04 04:00:17,30.3500,12.00,1.455,17.304,A,#3,APPROACH,2.000A/A
42891,2026-06-04 04:00:19,30.0750,12.00,1.455,17.304,A,#3,APPROACH,0.135A/A
42892,2026-06-04 04:00:20,30.0750,12.00,1.455,17.304,A,#3,APPROACH,0.147A/A
42893,2026-06-04 04:00:23,29.5625,12.00,1.455,17.304,OFF,#3,APPROACH,0.000A/OFF
42894,2026-06-04 04:00:24,29.5625,12.00,1.455,17.304,OFF,#3,APPROACH,0.000A/OFF
42895,2026-06-04 04:00:25,29.3125,12.00,0.725,17.304,OFF,#3,APPROACH,0.000A/OFF
42896,2026-06-04 04:00:26,29.3125,12.00,0.725,0.000,A,#3,APPROACH,0.105A/A
42897,2026-06-04 04:00:27,29.0625,12.00,0.725,0.000,A,#3,APPROACH,0.000A/OFF
42898,2026-06-04 04:00:28,28.8125,12.00,0.725,0.000,OFF,#3,APPROACH,0.000A/OFF
42899,2026-06-04 04:00:29,28.8125,12.00,0.725,0.000,OFF,#3,APPROACH,0.111A/A
42900,2026-06-04 04:00:31,28.5625,12.00,0.000,0.000,A,#3,APPROACH,0.126A/A
42901,2026-06-04 04:00:33,28.3250,12.00,0.000,0.000,A,#3,HOLDING,0.125A/A
42902,2026-06-04 04:00:34,28.1250,12.00,0.000,0.000,OFF,#3,HOLDING,0.000A/OFF
42903,2026-06-04 04:00:35,28.1250,12.00,0.000,0.000,OFF,#3,HOLDING,0.000A/OFF
42904,2026-06-04 04:00:36,27.9500,12.00,0.000,0.000,OFF,#3,HOLDING,0.000A/OFF
42905,2026-06-04 04:00:37,27.9500,12.00,0.000,0.000,OFF,#3,HOLDING,0.000A/OFF
42906,2026-06-04 04:00:38,27.7500,12.00,0.000,0.000,OFF,#3,HOLDING,0.000A/OFF
42907,2026-06-04 04:00:39,27.7500,12.00,0.000,0.000,OFF,#3,HOLDING,0.000A/OFF
42908,2026-06-04 04:00:40,27.6125,12.00,0.000,0.000,OFF,#3,HOLDING,0.000A/OFF
42909,2026-06-04 04:00:41,27.6125,12.00,0.000,0.000,OFF,#3,HOLDING,0.000A/OFF
42910,2026-06-04 04:00:42,27.4375,12.00,0.000,0.000,OFF,#3,HOLDING,0.000A/OFF
42911,2026-06-04 04:00:43,27.4375,12.00,0.000,0.000,OFF,#3,HOLDING,0.000A/OFF
42912,2026-06-04 04:00:44,27.3250,12.00,0.000,0.000,OFF,#3,HOLDING,0.000A/OFF
42913,2026-06-04 04:00:45,27.1750,12.00,0.000,0.000,OFF,#3,HOLDING,0.000A/OFF
42914,2026-06-04 04:00:46,27.1750,12.00,0.000,0.000,OFF,#3,HOLDING,0.000A/OFF
42915,2026-06-04 04:00:47,27.0500,12.00,0.000,0.000,OFF,#3,HOLDING,0.000A/OFF
42916,2026-06-04 04:00:49,27.0500,12.00,0.000,0.000,OFF,#3,HOLDING,0.000A/OFF
42917,2026-06-04 04:00:50,26.9250,12.00,0.000,0.000,OFF,#3,HOLDING,0.000A/OFF
42918,2026-06-04 04:00:51,26.9250,12.00,0.000,0.000,OFF,#3,HOLDING,0.000A/OFF
42919,2026-06-04 04:00:52,26.8000,12.00,0.000,0.000,OFF,#3,HOLDING,0.000A/OFF
42920,2026-06-04 04:00:53,26.8000,12.00,0.000,0.000,OFF,#3,HOLDING,0.000A/OFF
42921,2026-06-04 04:00:54,26.7000,12.00,0.000,0.000,OFF,#3,HOLDING,0.000A/OFF
42922,2026-06-04 04:00:55,26.7000,12.00,0.000,0.000,OFF,#3,HOLDING,0.000A/OFF
42923,2026-06-04 04:00:56,26.6125,12.00,0.000,0.000,OFF,#3,HOLDING,0.000A/OFF
42924,2026-06-04 04:00:57,26.6125,12.00,0.000,0.000,OFF,#3,HOLDING,0.000A/OFF
42925,2026-06-04 04:00:58,26.4875,12.00,0.000,0.000,B,#3,HOLDING,0.100A/B
42926,2026-06-04 04:01:00,26.4000,12.00,0.000,0.000,B,#3,HOLDING,0.182A/B
42927,2026-06-04 04:01:01,26.3250,12.00,0.000,0.000,B,#3,HOLDING,0.229A/B
42928,2026-06-04 04:01:03,26.3250,12.00,0.000,0.000,B,#3,HOLDING,0.241A/B
42929,2026-06-04 04:01:05,26.1375,2.20,0.000,0.000,B,#3,HOLDING,0.308A/B
42930,2026-06-04 04:01:07,26.1375,2.20,0.272,0.868,B,#3,HOLDING,0.347A/B
42931,2026-06-04 04:01:09,26.0125,2.20,0.272,0.868,B,#3,HOLDING,0.429A/B
42932,2026-06-04 04:01:10,26.0125,2.20,0.272,0.868,B,#3,HOLDING,0.455A/B
42933,2026-06-04 04:01:12,25.8875,3.97,0.272,0.868,B,#3,HOLDING,0.530A/B
42934,2026-06-04 04:01:14,25.8875,3.97,0.490,2.464,B,#3,HOLDING,0.576A/B
42935,2026-06-04 04:01:17,25.8125,3.97,0.490,2.464,B,#3,HOLDING,0.661A/B
42936,2026-06-04 04:01:18,25.8125,3.97,0.490,2.464,B,#3,HOLDING,0.700A/B
42937,2026-06-04 04:01:20,25.7875,6.01,0.490,2.464,B,#3,HOLDING,0.763A/B
42938,2026-06-04 04:01:22,25.7875,6.01,0.729,5.051,B,#3,HOLDING,0.817A/B
42939,2026-06-04 04:01:24,25.7500,6.01,0.729,5.051,B,#3,HOLDING,0.901A/B
42940,2026-06-04 04:01:26,25.7500,6.01,0.729,5.051,B,#3,HOLDING,0.951A/B
42941,2026-06-04 04:01:28,25.7875,8.06,0.729,5.051,B,#3,HOLDING,1.006A/B
42942,2026-06-04 04:01:30,25.7875,8.06,1.006,8.671,B,#3,HOLDING,1.063A/B
42943,2026-06-04 04:01:32,25.8125,8.06,1.006,8.671,B,#3,HOLDING,1.135A/B
42944,2026-06-04 04:01:34,25.8750,8.06,1.006,8.671,B,#3,HOLDING,1.177A/B
42945,2026-06-04 04:01:35,25.9000,9.88,1.006,8.671,B,#3,HOLDING,1.230A/B
42946,2026-06-04 04:01:37,25.9000,9.88,1.230,12.853,B,#3,HOLDING,1.288A/B
42947,2026-06-04 04:01:40,26.0250,9.88,1.230,12.853,B,#3,HOLDING,1.344A/B
42948,2026-06-04 04:01:41,26.0250,9.88,1.230,12.853,B,#3,HOLDING,1.390A/B
42949,2026-06-04 04:01:43,26.1750,11.60,1.230,12.853,B,#3,HOLDING,1.000A/B
42950,2026-06-04 04:01:45,26.1750,11.60,1.194,9.010,B,#3,HOLDING,1.422A/B
42951,2026-06-04 04:01:47,26.3625,11.60,1.194,9.010,B,#3,HOLDING,1.448A/B
42952,2026-06-04 04:01:49,26.3625,11.60,1.194,9.010,B,#3,HOLDING,1.496A/B
42953,2026-06-04 04:01:51,26.5875,12.00,1.194,9.010,B,#3,HOLDING,1.000A/B
42954,2026-06-04 04:01:53,26.5875,12.00,1.203,9.180,B,#3,HOLDING,1.467A/B
42955,2026-06-04 04:01:55,26.8000,12.00,1.203,9.180,B,#3,HOLDING,1.480A/B
42956,2026-06-04 04:01:57,26.8000,12.00,1.203,9.180,B,#3,HOLDING,1.521A/B
42957,2026-06-04 04:01:58,27.0375,12.00,1.203,9.180,B,#3,HOLDING,1.512A/B
42958,2026-06-04 04:02:00,27.0375,12.00,1.383,16.392,B,#3,HOLDING,1.541A/B
42959,2026-06-04 04:02:03,27.3250,12.00,1.383,16.392,B,#3,HOLDING,1.525A/B
42960,2026-06-04 04:02:04,27.4250,12.00,1.383,16.392,B,#3,HOLDING,1.535A/B
42961,2026-06-04 04:02:06,27.6250,12.00,1.383,16.392,B,#3,HOLDING,1.500A/B
42962,2026-06-04 04:02:08,27.6250,12.00,1.356,16.080,B,#3,HOLDING,1.528A/B
42963,2026-06-04 04:02:10,27.8875,12.00,1.356,16.080,B,#3,HOLDING,1.496A/B
42964,2026-06-04 04:02:12,27.8875,12.00,1.356,16.080,B,#3,HOLDING,1.499A/B
42965,2026-06-04 04:02:14,28.2000,12.00,1.356,16.080,B,#3,HOLDING,1.439A/B
42966,2026-06-04 04:02:16,28.2000,12.00,1.335,15.864,B,#3,HOLDING,1.429A/B
42967,2026-06-04 04:02:18,28.5125,12.00,1.335,15.864,B,#3,HOLDING,1.296A/B
42968,2026-06-04 04:02:20,28.5125,12.00,1.335,15.864,B,#3,HOLDING,1.291A/B
42969,2026-06-04 04:02:22,28.8250,11.71,1.335,15.864,B,#3,HOLDING,1.191A/B
42970,2026-06-04 04:02:23,28.8250,11.71,1.238,13.279,B,#3,HOLDING,1.163A/B
42971,2026-06-04 04:02:26,29.1375,11.71,1.238,13.279,B,#3,HOLDING,1.039A/B
42972,2026-06-04 04:02:27,29.1375,11.71,1.238,13.279,B,#3,HOLDING,1.016A/B
42973,2026-06-04 04:02:29,29.5000,9.81,1.238,13.279,B,#3,HOLDING,0.881A/B
42974,2026-06-04 04:02:31,29.5000,9.81,0.940,7.858,B,#3,HOLDING,0.829A/B
42975,2026-06-04 04:02:33,29.8125,9.81,0.940,7.858,B,#3,HOLDING,0.671A/B
42976,2026-06-04 04:02:35,29.8125,9.81,0.940,7.858,B,#3,HOLDING,0.633A/B
42977,2026-06-04 04:02:37,30.1250,6.91,0.940,7.858,B,#3,HOLDING,0.481A/B
42978,2026-06-04 04:02:39,30.1250,6.91,0.555,2.760,B,#3,HOLDING,0.407A/B
42979,2026-06-04 04:02:41,30.3875,6.91,0.555,2.760,B,#3,HOLDING,0.229A/B
42980,2026-06-04 04:02:43,30.5125,6.91,0.555,2.760,B,#3,HOLDING,0.168A/B
42981,2026-06-04 04:02:45,30.6375,6.91,0.555,2.760,OFF,#3,HOLDING,0.000A/OFF
42982,2026-06-04 04:02:46,30.6375,3.08,0.555,2.760,OFF,#3,HOLDING,0.000A/OFF
42983,2026-06-04 04:02:47,30.7250,3.08,0.168,2.760,OFF,#3,HOLDING,0.000A/OFF
42984,2026-06-04 04:02:48,30.7250,3.08,0.168,0.000,A,#3,HOLDING,0.157A/A
42985,2026-06-04 04:02:49,30.8250,3.08,0.168,0.000,A,#3,HOLDING,0.283A/A
42986,2026-06-04 04:02:51,30.9125,3.08,0.168,0.000,A,#3,HOLDING,0.395A/A
42987,2026-06-04 04:02:52,30.9875,2.49,0.168,0.000,A,#3,HOLDING,0.515A/A
42988,2026-06-04 04:02:54,31.0625,2.49,0.515,1.884,A,#3,HOLDING,0.653A/A
42989,2026-06-04 04:02:57,31.1125,2.49,0.515,1.884,A,#3,HOLDING,0.829A/A
42990,2026-06-04 04:02:58,31.1625,2.49,0.515,1.884,A,#3,HOLDING,0.951A/A
42991,2026-06-04 04:03:00,31.1875,7.20,0.515,1.884,A,#3,HOLDING,1.093A/A
42992,2026-06-04 04:03:02,31.1875,7.20,1.093,9.301,A,#3,HOLDING,1.231A/A
42993,2026-06-04 04:03:04,31.1875,7.20,1.093,9.301,A,#3,HOLDING,1.000A/A
42994,2026-06-04 04:03:06,31.1500,7.20,1.093,9.301,A,#3,HOLDING,1.000A/A
42995,2026-06-04 04:03:08,31.1250,8.02,1.093,9.301,A,#3,HOLDING,1.401A/A
42996,2026-06-04 04:03:10,31.0875,8.02,1.401,15.425,A,#3,HOLDING,1.533A/A
42997,2026-06-04 04:03:12,31.0125,8.02,1.401,15.425,A,#3,HOLDING,1.500A/A
42998,2026-06-04 04:03:14,30.9000,8.02,1.401,15.425,A,#3,HOLDING,1.000A/A
42999,2026-06-04 04:03:15,30.8000,8.33,1.401,15.425,A,#3,HOLDING,1.687A/A
43000,2026-06-04 04:03:17,30.7125,8.33,1.263,18.084,A,#3,HOLDING,1.000A/A
43001,2026-06-04 04:03:20,30.5875,8.33,1.263,18.084,A,#3,HOLDING,1.500A/A
43002,2026-06-04 04:03:21,30.4500,8.33,1.263,18.084,A,#3,HOLDING,1.790A/A
43003,2026-06-04 04:03:23,30.3000,12.00,1.263,18.084,A,#3,HOLDING,1.500A/A
43004,2026-06-04 04:03:25,30.1375,12.00,1.489,17.664,A,#3,HOLDING,1.841A/A
43005,2026-06-04 04:03:27,29.9875,12.00,1.489,17.664,A,#3,HOLDING,1.500A/A
43006,2026-06-04 04:03:29,29.8250,12.00,1.489,17.664,A,#3,HOLDING,1.949A/A
43007,2026-06-04 04:03:31,29.6250,12.00,1.489,17.664,A,#3,HOLDING,2.000A/A
43008,2026-06-04 04:03:33,29.4125,12.00,1.457,17.316,A,#3,HOLDING,1.000A/A
43009,2026-06-04 04:03:35,29.1875,12.00,1.457,17.316,A,#3,HOLDING,1.989A/A
43010,2026-06-04 04:03:37,29.0000,12.00,1.457,17.316,A,#3,HOLDING,2.000A/A
43011,2026-06-04 04:03:39,28.7500,12.00,1.457,17.316,A,#3,HOLDING,2.000A/A
43012,2026-06-04 04:03:40,28.5000,12.00,1.441,17.124,A,#3,HOLDING,1.996A/A
43013,2026-06-04 04:03:43,28.2500,12.00,1.441,17.124,A,#3,HOLDING,1.985A/A
43014,2026-06-04 04:03:44,28.0375,12.00,1.441,17.124,A,#3,HOLDING,2.000A/A
43015,2026-06-04 04:03:46,27.7625,12.00,1.441,17.124,A,#3,HOLDING,2.006A/A
43016,2026-06-04 04:03:48,27.5375,12.00,1.424,16.944,A,#4,APPROACH,2.000A/A
43017,2026-06-04 04:03:50,27.3125,12.00,1.424,16.944,A,#4,APPROACH,0.148A/A
43018,2026-06-04 04:03:53,27.0750,12.00,1.424,16.944,A,#4,APPROACH,0.121A/A
43019,2026-06-04 04:03:55,26.8250,12.00,1.424,16.944,A,#4,APPROACH,0.124A/A
43020,2026-06-04 04:03:57,26.5750,7.12,0.124,16.944,A,#4,APPROACH,0.123A/A
43021,2026-06-04 04:03:59,26.3500,7.12,0.124,0.281,A,#4,APPROACH,0.146A/A
43022,2026-06-04 04:04:00,26.1375,7.12,0.124,0.281,A,#4,APPROACH,0.167A/A
43023,2026-06-04 04:04:02,25.9375,7.12,0.124,0.281,A,#4,APPROACH,0.194A/A
43024,2026-06-04 04:04:04,25.7000,2.66,0.124,0.281,A,#4,APPROACH,0.223A/A
43025,2026-06-04 04:04:06,25.5000,2.66,0.223,0.653,A,#4,HOLDING,0.206A/A
43026,2026-06-04 04:04:08,25.3875,2.66,0.223,0.653,OFF,#4,HOLDING,0.000A/OFF
43027,2026-06-04 04:04:09,25.2125,2.66,0.223,0.653,OFF,#4,HOLDING,0.000A/OFF
43028,2026-06-04 04:04:10,25.2125,2.66,0.223,0.653,OFF,#4,HOLDING,0.000A/OFF
43029,2026-06-04 04:04:11,25.0500,2.66,0.223,0.653,OFF,#4,HOLDING,0.000A/OFF
43030,2026-06-04 04:04:12,25.0500,12.00,0.000,0.653,OFF,#4,HOLDING,0.000A/OFF
43031,2026-06-04 04:04:13,24.9000,12.00,0.000,0.653,OFF,#4,HOLDING,0.000A/OFF
43032,2026-06-04 04:04:14,24.9000,12.00,0.000,0.000,OFF,#4,HOLDING,0.000A/OFF
43033,2026-06-04 04:04:15,24.7750,12.00,0.000,0.000,OFF,#4,HOLDING,0.000A/OFF
43034,2026-06-04 04:04:16,24.7750,12.00,0.000,0.000,OFF,#4,HOLDING,0.000A/OFF
43035,2026-06-04 04:04:17,24.6750,12.00,0.000,0.000,OFF,#4,HOLDING,0.000A/OFF
43036,2026-06-04 04:04:18,24.6750,12.00,0.000,0.000,OFF,#4,HOLDING,0.000A/OFF
43037,2026-06-04 04:04:19,24.5750,12.00,0.000,0.000,OFF,#4,HOLDING,0.000A/OFF
43038,2026-06-04 04:04:20,24.5750,12.00,0.000,0.000,OFF,#4,HOLDING,0.000A/OFF
43039,2026-06-04 04:04:21,24.4500,12.00,0.000,0.000,OFF,#4,HOLDING,0.000A/OFF
43040,2026-06-04 04:04:22,24.4500,12.00,0.000,0.000,OFF,#4,HOLDING,0.000A/OFF
43041,2026-06-04 04:04:23,24.3750,12.00,0.000,0.000,OFF,#4,HOLDING,0.000A/OFF
43042,2026-06-04 04:04:24,24.3750,12.00,0.000,0.000,OFF,#4,HOLDING,0.000A/OFF
43043,2026-06-04 04:04:25,24.3000,12.00,0.000,0.000,OFF,#4,HOLDING,0.000A/OFF
43044,2026-06-04 04:04:26,24.3000,12.00,0.000,0.000,OFF,#4,HOLDING,0.000A/OFF
43045,2026-06-04 04:04:27,24.2125,12.00,0.000,0.000,OFF,#4,HOLDING,0.000A/OFF
43046,2026-06-04 04:04:28,24.1375,12.00,0.000,0.000,OFF,#4,HOLDING,0.000A/OFF
43047,2026-06-04 04:04:29,24.1375,12.00,0.000,0.000,OFF,#4,HOLDING,0.000A/OFF
43048,2026-06-04 04:04:30,24.1125,12.00,0.000,0.000,OFF,#4,HOLDING,0.000A/OFF
43049,2026-06-04 04:04:31,24.1125,12.00,0.000,0.000,OFF,#4,HOLDING,0.000A/OFF
43050,2026-06-04 04:04:32,24.0375,12.00,0.000,0.000,OFF,#4,HOLDING,0.000A/OFF
43051,2026-06-04 04:04:33,24.0375,12.00,0.000,0.000,OFF,#4,HOLDING,0.000A/OFF
43052,2026-06-04 04:04:34,24.0000,12.00,0.000,0.000,OFF,#4,HOLDING,0.000A/OFF
43053,2026-06-04 04:04:35,24.0000,12.00,0.000,0.000,OFF,#4,HOLDING,0.000A/OFF
43054,2026-06-04 04:04:36,23.9500,12.00,0.000,0.000,OFF,#4,HOLDING,0.000A/OFF
43055,2026-06-04 04:04:37,23.9500,12.00,0.000,0.000,OFF,#4,HOLDING,0.000A/OFF
43056,2026-06-04 04:04:38,23.9250,12.00,0.000,0.000,OFF,#4,HOLDING,0.000A/OFF
43057,2026-06-04 04:04:39,23.9250,12.00,0.000,0.000,OFF,#4,HOLDING,0.000A/OFF
43058,2026-06-04 04:04:40,23.8750,12.00,0.000,0.000,B,#4,HOLDING,0.100A/B
43059,2026-06-04 04:04:42,23.8625,12.00,0.000,0.000,B,#4,HOLDING,0.121A/B
43060,2026-06-04 04:04:43,23.8625,12.00,0.000,0.000,B,#4,HOLDING,0.143A/B
43061,2026-06-04 04:04:45,23.8125,1.34,0.000,0.000,B,#4,HOLDING,0.165A/B
43062,2026-06-04 04:04:47,23.8000,1.34,0.165,0.277,B,#4,HOLDING,0.195A/B
43063,2026-06-04 04:04:49,23.7500,1.34,0.165,0.277,B,#4,HOLDING,0.239A/B
43064,2026-06-04 04:04:51,23.7500,1.34,0.165,0.277,B,#4,HOLDING,0.261A/B
43065,2026-06-04 04:04:53,23.7500,2.50,0.165,0.277,B,#4,HOLDING,0.292A/B
43066,2026-06-04 04:04:55,23.7125,2.50,0.280,0.811,B,#4,HOLDING,0.324A/B
43067,2026-06-04 04:04:57,23.6875,2.50,0.280,0.811,B,#4,HOLDING,0.369A/B
43068,2026-06-04 04:04:59,23.6875,2.50,0.280,0.811,B,#4,HOLDING,0.399A/B
43069,2026-06-04 04:05:00,23.7125,3.59,0.280,0.811,B,#4,HOLDING,0.426A/B
43070,2026-06-04 04:05:02,23.7000,3.59,0.413,1.686,B,#4,HOLDING,0.459A/B
43071,2026-06-04 04:05:05,23.7000,3.59,0.413,1.686,B,#4,HOLDING,0.501A/B
43072,2026-06-04 04:05:06,23.7500,3.59,0.413,1.686,B,#5,APPROACH,0.525A/B
43073,2026-06-04 04:05:08,23.7750,2.89,0.413,1.686,A,#5,APPROACH,0.119A/A
43074,2026-06-04 04:05:10,23.7875,2.89,0.000,1.686,A,#5,APPROACH,0.157A/A
43075,2026-06-04 04:05:12,23.8125,2.89,0.000,0.000,A,#5,APPROACH,0.215A/A
43076,2026-06-04 04:05:15,23.8750,2.89,0.000,0.000,A,#5,APPROACH,0.300A/A
43077,2026-06-04 04:05:16,23.8750,2.89,0.000,0.000,A,#5,APPROACH,0.367A/A
43078,2026-06-04 04:05:18,23.9125,3.16,0.000,0.000,A,#5,APPROACH,0.453A/A
43079,2026-06-04 04:05:20,23.9375,3.16,0.407,1.798,A,#5,APPROACH,0.534A/A
43080,2026-06-04 04:05:22,23.9750,3.16,0.407,1.798,A,#5,APPROACH,0.646A/A
43081,2026-06-04 04:05:24,23.9750,3.16,0.407,1.798,A,#5,APPROACH,0.715A/A
43082,2026-06-04 04:05:26,23.9750,6.17,0.407,1.798,A,#5,APPROACH,0.797A/A
43083,2026-06-04 04:05:28,23.9750,6.17,0.753,5.571,A,#5,APPROACH,0.878A/A
43084,2026-06-04 04:05:30,23.9375,6.17,0.753,5.571,A,#5,APPROACH,0.979A/A
43085,2026-06-04 04:05:32,23.9375,6.17,0.753,5.571,A,#5,APPROACH,1.050A/A
43086,2026-06-04 04:05:33,23.9250,8.73,0.753,5.571,A,#5,APPROACH,1.131A/A
43087,2026-06-04 04:05:35,23.8500,8.73,1.088,10.699,A,#5,APPROACH,1.202A/A
43088,2026-06-04 04:05:38,23.7625,8.73,1.088,10.699,A,#5,APPROACH,1.290A/A
43089,2026-06-04 04:05:39,23.7625,8.73,1.088,10.699,A,#5,APPROACH,1.357A/A
43090,2026-06-04 04:05:41,23.6750,10.96,1.088,10.699,A,#5,APPROACH,1.000A/A
43091,2026-06-04 04:05:43,23.5750,10.96,1.176,8.740,A,#5,APPROACH,1.418A/A
43092,2026-06-04 04:05:45,23.4125,10.96,1.176,8.740,A,#5,APPROACH,1.478A/A
43093,2026-06-04 04:05:47,23.4125,10.96,1.176,8.740,A,#5,APPROACH,1.000A/A
43094,2026-06-04 04:05:49,23.3250,8.69,1.176,8.740,A,#5,APPROACH,1.540A/A
43095,2026-06-04 04:05:51,23.1750,8.69,1.238,17.544,A,#5,APPROACH,1.585A/A
43096,2026-06-04 04:05:53,22.9625,8.69,1.238,17.544,A,#5,APPROACH,1.618A/A
43097,2026-06-04 04:05:55,22.9625,8.69,1.238,17.544,A,#5,APPROACH,1.000A/A
43098,2026-06-04 04:05:56,22.8375,8.83,1.238,17.544,A,#5,APPROACH,1.666A/A
43099,2026-06-04 04:05:58,22.7125,8.83,1.230,17.280,A,#5,APPROACH,1.703A/A
43100,2026-06-04 04:06:01,22.4625,8.83,1.230,17.280,A,#5,HOLDING,1.665A/A
43101,2026-06-04 04:06:02,22.4625,8.83,1.230,17.280,OFF,#5,HOLDING,0.000A/OFF
43102,2026-06-04 04:06:03,22.3375,8.83,1.230,17.280,OFF,#5,HOLDING,0.000A/OFF
43103,2026-06-04 04:06:04,22.3375,12.00,1.230,17.280,OFF,#5,HOLDING,0.000A/OFF
43104,2026-06-04 04:06:05,22.1875,12.00,0.000,17.280,OFF,#5,HOLDING,0.000A/OFF
43105,2026-06-04 04:06:06,22.1875,12.00,0.000,0.000,OFF,#5,HOLDING,0.000A/OFF
43106,2026-06-04 04:06:07,22.0125,12.00,0.000,0.000,OFF,#5,HOLDING,0.000A/OFF
43107,2026-06-04 04:06:08,21.9125,12.00,0.000,0.000,OFF,#5,HOLDING,0.000A/OFF
43108,2026-06-04 04:06:09,21.9125,12.00,0.000,0.000,OFF,#5,HOLDING,0.000A/OFF
43109,2026-06-04 04:06:10,21.7750,12.00,0.000,0.000,OFF,#5,HOLDING,0.000A/OFF
43110,2026-06-04 04:06:11,21.7750,12.00,0.000,0.000,OFF,#5,HOLDING,0.000A/OFF
43111,2026-06-04 04:06:12,21.6750,12.00,0.000,0.000,OFF,#5,HOLDING,0.000A/OFF
43112,2026-06-04 04:06:13,21.6750,12.00,0.000,0.000,OFF,#5,HOLDING,0.000A/OFF
43113,2026-06-04 04:06:14,21.5875,12.00,0.000,0.000,OFF,#5,HOLDING,0.000A/OFF
43114,2026-06-04 04:06:15,21.5875,12.00,0.000,0.000,OFF,#5,HOLDING,0.000A/OFF
43115,2026-06-04 04:06:16,21.5125,12.00,0.000,0.000,OFF,#5,HOLDING,0.000A/OFF
43116,2026-06-04 04:06:17,21.5125,12.00,0.000,0.000,OFF,#5,HOLDING,0.000A/OFF
43117,2026-06-04 04:06:18,21.4375,12.00,0.000,0.000,OFF,#5,HOLDING,0.000A/OFF
43118,2026-06-04 04:06:19,21.4375,12.00,0.000,0.000,OFF,#5,HOLDING,0.000A/OFF
43119,2026-06-04 04:06:20,21.3625,12.00,0.000,0.000,OFF,#5,HOLDING,0.000A/OFF
43120,2026-06-04 04:06:21,21.3625,12.00,0.000,0.000,OFF,#5,HOLDING,0.000A/OFF
43121,2026-06-04 04:06:22,21.3375,12.00,0.000,0.000,OFF,#5,HOLDING,0.000A/OFF
43122,2026-06-04 04:06:23,21.3375,12.00,0.000,0.000,OFF,#5,HOLDING,0.000A/OFF
43123,2026-06-04 04:06:25,21.2625,12.00,0.000,0.000,OFF,#5,HOLDING,0.000A/OFF
43124,2026-06-04 04:06:26,21.2625,12.00,0.000,0.000,OFF,#5,HOLDING,0.000A/OFF
43125,2026-06-04 04:06:27,21.2500,12.00,0.000,0.000,OFF,#5,HOLDING,0.000A/OFF
43126,2026-06-04 04:06:28,21.2250,12.00,0.000,0.000,OFF,#5,HOLDING,0.000A/OFF
43127,2026-06-04 04:06:29,21.2250,12.00,0.000,0.000,OFF,#5,HOLDING,0.000A/OFF
43128,2026-06-04 04:06:30,21.2125,12.00,0.000,0.000,OFF,#5,HOLDING,0.000A/OFF
43129,2026-06-04 04:06:31,21.2125,12.00,0.000,0.000,OFF,#5,HOLDING,0.000A/OFF
43130,2026-06-04 04:06:32,21.1875,12.00,0.000,0.000,OFF,#5,HOLDING,0.000A/OFF
43131,2026-06-04 04:06:33,21.1875,12.00,0.000,0.000,OFF,#5,HOLDING,0.000A/OFF
43132,2026-06-04 04:06:34,21.1875,12.00,0.000,0.000,OFF,#5,HOLDING,0.000A/OFF
43133,2026-06-04 04:06:35,21.1875,12.00,0.000,0.000,OFF,#5,HOLDING,0.000A/OFF
43134,2026-06-04 04:06:36,21.1875,12.00,0.000,0.000,OFF,#5,HOLDING,0.000A/OFF
43135,2026-06-04 04:06:37,21.1875,12.00,0.000,0.000,OFF,#5,HOLDING,0.000A/OFF
43136,2026-06-04 04:06:38,21.1875,12.00,0.000,0.000,B,#5,HOLDING,0.105A/B
43137,2026-06-04 04:06:39,21.2125,12.00,0.000,0.000,B,#5,HOLDING,0.118A/B
43138,2026-06-04 04:06:41,21.2125,12.00,0.000,0.000,B,#5,HOLDING,0.134A/B
43139,2026-06-04 04:06:42,21.2000,12.00,0.000,0.000,B,#5,HOLDING,0.152A/B
43140,2026-06-04 04:06:44,21.2500,1.17,0.000,0.000,B,#5,HOLDING,0.166A/B
43141,2026-06-04 04:06:46,21.2750,1.17,0.166,0.222,B,#5,HOLDING,0.178A/B
43142,2026-06-04 04:06:49,21.2750,1.17,0.166,0.222,B,#5,HOLDING,0.197A/B
43143,2026-06-04 04:06:50,21.3125,1.17,0.166,0.222,B,#5,HOLDING,0.209A/B
43144,2026-06-04 04:06:52,21.3125,1.75,0.166,0.222,B,#5,HOLDING,0.226A/B
43145,2026-06-04 04:06:54,21.3500,1.75,0.226,0.456,B,#5,HOLDING,0.235A/B
43146,2026-06-04 04:06:56,21.4000,1.75,0.226,0.456,B,#5,HOLDING,0.251A/B
43147,2026-06-04 04:06:58,21.4375,1.75,0.226,0.456,B,#5,HOLDING,0.255A/B
43148,2026-06-04 04:07:00,21.4625,2.23,0.226,0.456,B,#5,HOLDING,0.266A/B
43149,2026-06-04 04:07:02,21.5000,2.23,0.266,0.633,OFF,--,DONE,0.272A/B
43150,2026-06-04 04:07:05,21.6000,0.48,0.266,0.633,OFF,--,DONE,--
43151,2026-06-04 04:07:06,21.6000,0.48,0.000,0.633,OFF,--,DONE,--
43152,2026-06-04 04:07:07,21.6250,0.48,0.000,0.000,OFF,--,DONE,--
43153,2026-06-04 04:07:08,21.6250,0.48,0.000,0.000,OFF,--,DONE,--
43154,2026-06-04 04:07:09,21.6875,0.00,0.000,0.000,OFF,--,DONE,--
43155,2026-06-04 04:07:10,21.6875,0.00,0.000,0.000,OFF,--,DONE,--
43156,2026-06-04 04:07:11,21.7125,0.00,0.000,0.000,OFF,--,DONE,--
43157,2026-06-04 04:07:12,21.7125,0.00,0.000,0.000,OFF,--,DONE,--
43158,2026-06-04 04:07:13,21.8125,0.00,0.000,0.000,OFF,--,DONE,--
43159,2026-06-04 04:07:14,21.8125,0.00,0.000,0.000,OFF,--,DONE,--
43160,2026-06-04 04:07:15,21.8625,0.00,0.000,0.000,OFF,--,DONE,--
43161,2026-06-04 04:07:16,21.8625,0.00,0.000,0.000,OFF,--,DONE,--
43162,2026-06-04 04:07:17,21.9125,0.00,0.000,0.000,OFF,--,DONE,--
43163,2026-06-04 04:07:18,21.9625,0.00,0.000,0.000,OFF,--,DONE,--
43164,2026-06-04 04:07:19,21.9625,0.00,0.000,0.000,OFF,--,DONE,--
43165,2026-06-04 04:07:20,22.0000,0.00,0.000,0.000,OFF,--,DONE,--
43166,2026-06-04 04:07:21,22.0000,0.00,0.000,0.000,OFF,--,DONE,--
43167,2026-06-04 04:07:22,22.0250,0.00,0.000,0.000,OFF,--,DONE,--
43168,2026-06-04 04:07:23,22.0250,0.00,0.000,0.000,OFF,--,DONE,--
43169,2026-06-04 04:07:24,22.0625,0.00,0.000,0.000,OFF,--,DONE,--
43170,2026-06-04 04:07:25,22.0625,0.00,0.000,0.000,OFF,--,DONE,--
43171,2026-06-04 04:07:26,22.0875,0.00,0.000,0.000,OFF,--,DONE,--
43172,2026-06-04 04:07:27,22.0875,0.00,0.000,0.000,OFF,--,DONE,--
43173,2026-06-04 04:07:28,22.1250,0.00,0.000,0.000,OFF,--,DONE,--
43174,2026-06-04 04:07:29,22.1250,0.00,0.000,0.000,OFF,--,DONE,--
43175,2026-06-04 04:07:30,22.1500,0.00,0.000,0.000,OFF,--,DONE,--
43176,2026-06-04 04:07:31,22.1500,0.00,0.000,0.000,OFF,--,DONE,--
43177,2026-06-04 04:07:32,22.1875,0.00,0.000,0.000,OFF,--,DONE,--
43178,2026-06-04 04:07:33,22.1875,0.00,0.000,0.000,OFF,--,DONE,--
43179,2026-06-04 04:07:34,22.2375,0.00,0.000,0.000,OFF,--,DONE,--
43180,2026-06-04 04:07:35,22.2375,0.00,0.000,0.000,OFF,--,DONE,--
43181,2026-06-04 04:07:36,22.2500,0.00,0.000,0.000,OFF,--,DONE,--
43182,2026-06-04 04:07:37,22.3000,0.00,0.000,0.000,OFF,--,DONE,--
43183,2026-06-04 04:07:38,22.3000,0.00,0.000,0.000,OFF,--,DONE,--
43184,2026-06-04 04:07:39,22.3125,0.00,0.000,0.000,OFF,--,DONE,--
43185,2026-06-04 04:07:40,22.3125,0.00,0.000,0.000,OFF,--,DONE,--
43186,2026-06-04 04:07:41,22.3375,0.00,0.000,0.000,OFF,--,DONE,--
43187,2026-06-04 04:07:42,22.3375,0.00,0.000,0.000,OFF,--,DONE,--
43188,2026-06-04 04:07:43,22.3750,0.00,0.000,0.000,OFF,--,DONE,--
43189,2026-06-04 04:07:44,22.3750,0.00,0.000,0.000,OFF,--,DONE,--
43190,2026-06-04 04:07:45,22.3750,0.00,0.000,0.000,OFF,--,DONE,--
43191,2026-06-04 04:07:46,22.3750,0.00,0.000,0.000,OFF,--,DONE,--
43192,2026-06-04 04:07:47,22.3750,0.00,0.000,0.000,OFF,--,DONE,--
43193,2026-06-04 04:07:48,22.3750,0.00,0.000,0.000,OFF,--,DONE,--
43194,2026-06-04 04:07:49,22.4250,0.00,0.000,0.000,OFF,--,DONE,--
43195,2026-06-04 04:07:50,22.4250,0.00,0.000,0.000,OFF,--,DONE,--
43196,2026-06-04 04:07:51,22.4500,0.00,0.000,0.000,OFF,--,DONE,--
43197,2026-06-04 04:07:52,22.4750,0.00,0.000,0.000,OFF,--,DONE,--
43198,2026-06-04 04:07:53,22.4750,0.00,0.000,0.000,OFF,--,DONE,--
43199,2026-06-04 04:07:54,22.5000,0.00,0.000,0.000,OFF,--,DONE,--
43200,2026-06-04 04:07:55,22.5000,0.00,0.000,0.000,OFF,--,DONE,--
43201,2026-06-04 04:07:56,22.5000,0.00,0.000,0.000,OFF,--,DONE,--
43202,2026-06-04 04:07:57,22.5000,0.00,0.000,0.000,OFF,--,DONE,--
43203,2026-06-04 04:07:58,22.5000,0.00,0.000,0.000,OFF,--,DONE,--
43204,2026-06-04 04:07:59,22.5000,0.00,0.000,0.000,OFF,--,DONE,--
43205,2026-06-04 04:08:00,22.5250,0.00,0.000,0.000,OFF,--,DONE,--
43206,2026-06-04 04:08:01,22.5250,0.00,0.000,0.000,OFF,--,DONE,--
43207,2026-06-04 04:08:03,22.5625,0.00,0.000,0.000,OFF,--,DONE,--
43208,2026-06-04 04:08:04,22.5625,0.00,0.000,0.000,OFF,--,DONE,--
43209,2026-06-04 04:08:05,22.5875,0.00,0.000,0.000,OFF,--,DONE,--
43210,2026-06-04 04:08:06,22.5875,0.00,0.000,0.000,OFF,--,DONE,--
43211,2026-06-04 04:08:07,22.5875,0.00,0.000,0.000,OFF,--,DONE,--
43212,2026-06-04 04:08:08,22.6125,0.00,0.000,0.000,OFF,--,DONE,--
43213,2026-06-04 04:08:09,22.6125,0.00,0.000,0.000,OFF,--,DONE,--
43214,2026-06-04 04:08:10,22.6000,0.00,0.000,0.000,OFF,--,DONE,--
43215,2026-06-04 04:08:11,22.6000,0.00,0.000,0.000,OFF,--,DONE,--
43216,2026-06-04 04:08:12,22.6250,0.00,0.000,0.000,OFF,--,DONE,--
43217,2026-06-04 04:08:13,22.6250,0.00,0.000,0.000,OFF,--,DONE,--
43218,2026-06-04 04:08:14,22.6250,0.00,0.000,0.000,OFF,--,DONE,--
43219,2026-06-04 04:08:15,22.6250,0.00,0.000,0.000,OFF,--,DONE,--
43220,2026-06-04 04:08:16,22.6250,0.00,0.000,0.000,OFF,--,DONE,--
43221,2026-06-04 04:08:17,22.6250,0.00,0.000,0.000,OFF,--,DONE,--
43222,2026-06-04 04:08:18,22.6250,0.00,0.000,0.000,OFF,--,DONE,--
43223,2026-06-04 04:08:19,22.6250,0.00,0.000,0.000,OFF,--,DONE,--
43224,2026-06-04 04:08:20,22.6750,0.00,0.000,0.000,OFF,--,DONE,--
43225,2026-06-04 04:08:21,22.6750,0.00,0.000,0.000,OFF,--,DONE,--
43226,2026-06-04 04:08:22,22.6875,0.00,0.000,0.000,OFF,--,DONE,--
43227,2026-06-04 04:08:23,22.6875,0.00,0.000,0.000,OFF,--,DONE,--
43228,2026-06-04 04:08:24,22.6875,0.00,0.000,0.000,OFF,--,DONE,--
43229,2026-06-04 04:08:25,22.6875,0.00,0.000,0.000,OFF,--,DONE,--
43230,2026-06-04 04:08:26,22.6875,0.00,0.000,0.000,OFF,--,DONE,--
43231,2026-06-04 04:08:27,22.6875,0.00,0.000,0.000,OFF,--,DONE,--
43232,2026-06-04 04:08:28,22.6875,0.00,0.000,0.000,OFF,--,DONE,--
43233,2026-06-04 04:08:29,22.6875,0.00,0.000,0.000,OFF,--,DONE,--
43234,2026-06-04 04:08:30,22.6875,0.00,0.000,0.000,OFF,--,DONE,--
43235,2026-06-04 04:08:31,22.6875,0.00,0.000,0.000,OFF,--,DONE,--
43236,2026-06-04 04:08:32,22.6875,0.00,0.000,0.000,OFF,--,DONE,--
43237,2026-06-04 04:08:33,22.7250,0.00,0.000,0.000,OFF,--,DONE,--
43238,2026-06-04 04:08:34,22.7250,0.00,0.000,0.000,OFF,--,DONE,--
43239,2026-06-04 04:08:35,22.7250,0.00,0.000,0.000,OFF,--,DONE,--
43240,2026-06-04 04:08:36,22.7250,0.00,0.000,0.000,OFF,--,DONE,--
43241,2026-06-04 04:08:37,22.7375,0.00,0.000,0.000,OFF,--,DONE,--
43242,2026-06-04 04:08:38,22.7375,0.00,0.000,0.000,OFF,--,DONE,--
43243,2026-06-04 04:08:39,22.7375,0.00,0.000,0.000,OFF,--,DONE,--
43244,2026-06-04 04:08:40,22.7375,0.00,0.000,0.000,OFF,--,DONE,--
43245,2026-06-04 04:08:41,22.7500,0.00,0.000,0.000,OFF,--,DONE,--
43246,2026-06-04 04:08:42,22.7500,0.00,0.000,0.000,OFF,--,DONE,--
43247,2026-06-04 04:08:43,22.7500,0.00,0.000,0.000,OFF,--,DONE,--
43248,2026-06-04 04:08:44,22.7500,0.00,0.000,0.000,OFF,--,DONE,--
43249,2026-06-04 04:08:46,22.7500,0.00,0.000,0.000,OFF,--,DONE,--
43250,2026-06-04 04:08:47,22.7500,0.00,0.000,0.000,OFF,--,DONE,--
43251,2026-06-04 04:08:48,22.7500,0.00,0.000,0.000,OFF,--,DONE,--
43252,2026-06-04 04:08:49,22.7500,0.00,0.000,0.000,OFF,--,DONE,--
43253,2026-06-04 04:08:50,22.7500,0.00,0.000,0.000,OFF,--,DONE,--
43254,2026-06-04 04:08:51,22.7500,0.00,0.000,0.000,OFF,--,DONE,--
43255,2026-06-04 04:08:52,22.7500,0.00,0.000,0.000,OFF,--,DONE,--
43256,2026-06-04 04:08:53,22.7500,0.00,0.000,0.000,OFF,--,DONE,--
43257,2026-06-04 04:08:54,22.7500,0.00,0.000,0.000,OFF,--,DONE,--
43258,2026-06-04 04:08:55,22.7750,0.00,0.000,0.000,OFF,--,DONE,--
43259,2026-06-04 04:08:56,22.7750,0.00,0.000,0.000,OFF,--,DONE,--
43260,2026-06-04 04:08:57,22.7875,0.00,0.000,0.000,OFF,--,DONE,--
43261,2026-06-04 04:08:58,22.7625,0.00,0.000,0.000,OFF,--,DONE,--
43262,2026-06-04 04:08:59,22.7625,0.00,0.000,0.000,OFF,--,DONE,--
43263,2026-06-04 04:09:00,22.7625,0.00,0.000,0.000,OFF,--,DONE,--
43264,2026-06-04 04:09:01,22.7625,0.00,0.000,0.000,OFF,--,DONE,--
43265,2026-06-04 04:09:02,22.7875,0.00,0.000,0.000,OFF,--,DONE,--
43266,2026-06-04 04:09:03,22.7875,0.00,0.000,0.000,OFF,--,DONE,--
43267,2026-06-04 04:09:04,22.7500,0.00,0.000,0.000,OFF,--,DONE,--
43268,2026-06-04 04:09:05,22.7500,0.00,0.000,0.000,OFF,--,DONE,--
43269,2026-06-04 04:09:06,22.7500,0.00,0.000,0.000,OFF,--,DONE,--
43270,2026-06-04 04:09:07,22.7500,0.00,0.000,0.000,A,#1,APPROACH,2.868A/A
43271,2026-06-04 04:09:09,22.7750,0.00,0.000,0.000,A,#1,APPROACH,2.000A/A
43272,2026-06-04 04:09:11,22.8000,0.00,0.000,0.000,A,#1,APPROACH,1.500A/A
43273,2026-06-04 04:09:13,22.7875,0.00,0.000,0.000,A,#1,APPROACH,2.495A/A
43274,2026-06-04 04:09:15,22.7875,12.00,1.534,0.000,A,#1,APPROACH,1.755A/A
43275,2026-06-04 04:09:17,22.7875,12.00,1.534,18.168,A,#1,APPROACH,1.508A/A
43276,2026-06-04 04:09:18,22.7625,12.00,1.534,18.168,A,#1,APPROACH,1.000A/A
43277,2026-06-04 04:09:20,22.7375,12.00,1.534,18.168,A,#1,APPROACH,1.456A/A
43278,2026-06-04 04:09:22,22.6875,11.59,1.534,18.168,A,#1,APPROACH,1.000A/A
43279,2026-06-04 04:09:23,22.5875,11.59,1.030,8.760,A,#1,APPROACH,1.778A/A
43280,2026-06-04 04:09:26,22.4875,11.59,1.030,8.760,A,#1,APPROACH,1.500A/A
43281,2026-06-04 04:09:27,22.4000,11.59,1.030,8.760,A,#1,APPROACH,1.850A/A
43282,2026-06-04 04:09:29,22.3000,12.00,1.030,8.760,A,#1,APPROACH,1.961A/A
43283,2026-06-04 04:09:31,22.2125,12.00,1.462,17.376,A,#1,APPROACH,1.500A/A
43284,2026-06-04 04:09:34,22.1125,12.00,1.462,17.376,A,#1,APPROACH,1.000A/A
43285,2026-06-04 04:09:35,21.9875,12.00,1.462,17.376,A,#1,APPROACH,2.000A/A
43286,2026-06-04 04:09:37,21.8625,12.00,1.462,17.376,A,#1,APPROACH,1.000A/A
43287,2026-06-04 04:09:39,21.7250,12.00,1.018,9.010,A,#1,APPROACH,1.000A/A
43288,2026-06-04 04:09:41,21.5750,12.00,1.018,9.010,A,#1,APPROACH,1.000A/A
43289,2026-06-04 04:09:43,21.4250,12.00,1.018,9.010,A,#1,APPROACH,2.113A/A
43290,2026-06-04 04:09:45,21.3000,12.00,1.018,9.010,A,#1,APPROACH,2.000A/A
43291,2026-06-04 04:09:46,21.1500,12.00,1.432,17.028,A,#1,APPROACH,1.000A/A
43292,2026-06-04 04:09:49,21.0500,12.00,1.432,17.028,A,#1,APPROACH,1.000A/A
43293,2026-06-04 04:09:50,20.9000,12.00,1.432,17.028,A,#1,APPROACH,1.000A/A
43294,2026-06-04 04:09:52,20.7750,9.07,1.432,17.028,A,#1,APPROACH,1.000A/A
43295,2026-06-04 04:09:54,20.6375,9.07,1.000,9.200,A,#1,APPROACH,2.195A/A
43296,2026-06-04 04:09:57,20.4875,9.07,1.000,9.200,A,#1,APPROACH,1.500A/A
43297,2026-06-04 04:09:58,20.3875,9.07,1.000,9.200,A,#1,APPROACH,1.000A/A
43298,2026-06-04 04:10:00,20.2625,9.10,1.000,9.200,A,#1,APPROACH,2.000A/A
43299,2026-06-04 04:10:02,20.1750,9.10,1.210,16.908,A,#1,APPROACH,2.346A/A
43300,2026-06-04 04:10:04,20.0500,9.10,1.210,16.908,A,#1,APPROACH,2.000A/A
43301,2026-06-04 04:10:06,19.9250,9.10,1.210,16.908,A,#1,APPROACH,1.500A/A
43302,2026-06-04 04:10:08,19.8000,12.00,1.210,16.908,A,#1,APPROACH,2.425A/A
43303,2026-06-04 04:10:10,19.6500,12.00,1.408,16.764,A,#1,APPROACH,2.517A/A
43304,2026-06-04 04:10:12,19.5500,12.00,1.408,16.764,A,#1,APPROACH,1.500A/A
43305,2026-06-04 04:10:14,19.4250,12.00,1.408,16.764,A,#1,APPROACH,2.648A/A
43306,2026-06-04 04:10:15,19.3000,12.00,1.408,16.764,A,#1,APPROACH,1.500A/A
43307,2026-06-04 04:10:17,19.2000,12.00,1.399,16.656,A,#1,APPROACH,2.500A/A
43308,2026-06-04 04:10:20,19.0500,12.00,1.399,16.656,A,#1,APPROACH,1.000A/A
43309,2026-06-04 04:10:21,18.9500,12.00,1.399,16.656,A,#1,APPROACH,1.500A/A
43310,2026-06-04 04:10:23,18.8250,12.00,1.399,16.656,A,#1,APPROACH,2.000A/A
43311,2026-06-04 04:10:25,18.7375,12.00,1.393,16.596,A,#1,APPROACH,2.687A/A
43312,2026-06-04 04:10:27,18.6125,12.00,1.393,16.596,A,#1,APPROACH,2.768A/A
43313,2026-06-04 04:10:29,18.4875,12.00,1.393,16.596,A,#1,APPROACH,2.000A/A
43314,2026-06-04 04:10:31,18.3625,12.00,1.393,16.596,A,#1,APPROACH,1.500A/A
43315,2026-06-04 04:10:33,18.2625,12.00,1.389,16.548,A,#1,APPROACH,1.000A/A
43316,2026-06-04 04:10:35,18.1625,12.00,1.389,16.548,A,#1,APPROACH,2.785A/A
43317,2026-06-04 04:10:37,18.0750,12.00,1.389,16.548,A,#1,APPROACH,2.000A/A
43318,2026-06-04 04:10:38,17.9750,12.00,1.389,16.548,A,#1,APPROACH,2.000A/A
43319,2026-06-04 04:10:40,17.8625,12.00,1.391,16.584,A,#1,HOLDING,2.000A/A
43320,2026-06-04 04:10:43,17.7875,12.00,1.391,16.584,OFF,#1,HOLDING,0.000A/OFF
43321,2026-06-04 04:10:44,17.7875,12.00,1.391,16.584,OFF,#1,HOLDING,0.000A/OFF
43322,2026-06-04 04:10:45,17.6750,12.00,1.391,16.584,OFF,#1,HOLDING,0.000A/OFF
43323,2026-06-04 04:10:46,17.6000,12.00,1.391,16.584,OFF,#1,HOLDING,0.000A/OFF
43324,2026-06-04 04:10:47,17.6000,12.00,0.000,16.584,OFF,#1,HOLDING,0.000A/OFF
43325,2026-06-04 04:10:48,17.5250,12.00,0.000,16.584,OFF,#1,HOLDING,0.000A/OFF
43326,2026-06-04 04:10:49,17.5250,12.00,0.000,0.000,A,#1,HOLDING,0.119A/A
43327,2026-06-04 04:10:50,17.4250,12.00,0.000,0.000,A,#1,HOLDING,0.125A/A
43328,2026-06-04 04:10:52,17.3750,12.00,0.000,0.000,A,#1,HOLDING,0.149A/A
43329,2026-06-04 04:10:53,17.3250,2.30,0.000,0.000,A,#1,HOLDING,0.156A/A
43330,2026-06-04 04:10:55,17.3250,2.30,0.156,0.366,A,#1,HOLDING,0.182A/A
43331,2026-06-04 04:10:58,17.3125,2.30,0.156,0.366,A,#1,HOLDING,0.205A/A
43332,2026-06-04 04:10:59,17.3125,2.30,0.156,0.366,A,#1,HOLDING,0.224A/A
43333,2026-06-04 04:11:01,17.3125,2.84,0.156,0.366,A,#1,HOLDING,0.239A/A
43334,2026-06-04 04:11:03,17.3125,2.84,0.239,0.719,A,#1,HOLDING,0.255A/A
43335,2026-06-04 04:11:05,17.3375,2.84,0.239,0.719,A,#1,HOLDING,0.277A/A
43336,2026-06-04 04:11:07,17.3750,2.84,0.239,0.719,A,#1,HOLDING,0.298A/A
43337,2026-06-04 04:11:09,17.3750,3.32,0.239,0.719,A,#1,HOLDING,0.316A/A
43338,2026-06-04 04:11:11,17.3750,3.32,0.316,1.118,A,#1,HOLDING,0.332A/A
43339,2026-06-04 04:11:13,17.4375,3.32,0.316,1.118,A,#1,HOLDING,0.359A/A
43340,2026-06-04 04:11:15,17.4375,3.32,0.316,1.118,A,#1,HOLDING,0.375A/A
43341,2026-06-04 04:11:16,17.5000,3.88,0.316,1.118,A,#1,HOLDING,0.403A/A
43342,2026-06-04 04:11:18,17.5000,3.88,0.403,1.684,A,#1,HOLDING,0.421A/A
43343,2026-06-04 04:11:21,17.5625,3.88,0.403,1.684,A,#1,HOLDING,0.456A/A
43344,2026-06-04 04:11:22,17.5625,3.88,0.403,1.684,A,#1,HOLDING,0.471A/A
43345,2026-06-04 04:11:24,17.6000,4.65,0.403,1.684,A,#1,HOLDING,0.503A/A
43346,2026-06-04 04:11:26,17.6500,4.65,0.503,2.525,A,#1,HOLDING,0.531A/A
43347,2026-06-04 04:11:28,17.7375,4.65,0.503,2.525,A,#1,HOLDING,0.580A/A
43348,2026-06-04 04:11:30,17.7375,4.65,0.503,2.525,A,#1,HOLDING,0.607A/A
43349,2026-06-04 04:11:32,17.7500,5.77,0.503,2.525,A,#1,HOLDING,0.629A/A
43350,2026-06-04 04:11:34,17.8000,5.77,0.629,3.824,A,#1,HOLDING,0.661A/A
43351,2026-06-04 04:11:36,17.8750,5.77,0.629,3.824,A,#1,HOLDING,0.717A/A
43352,2026-06-04 04:11:38,17.8750,5.77,0.629,3.824,A,#1,HOLDING,0.746A/A
43353,2026-06-04 04:11:40,17.8875,6.88,0.629,3.824,A,#1,HOLDING,0.778A/A
43354,2026-06-04 04:11:41,17.9375,6.88,0.778,5.671,A,#1,HOLDING,0.868A/A
43355,2026-06-04 04:11:44,17.9500,6.88,0.778,5.671,A,#1,HOLDING,0.919A/A
43356,2026-06-04 04:11:45,17.9500,6.88,0.778,5.671,A,#1,HOLDING,0.955A/A
43357,2026-06-04 04:11:47,17.9750,8.40,0.778,5.671,A,#1,HOLDING,1.000A/A
43358,2026-06-04 04:11:49,18.0000,8.40,1.000,8.890,A,#1,HOLDING,1.004A/A
43359,2026-06-04 04:11:51,18.0000,8.40,1.000,8.890,A,#1,HOLDING,1.047A/A
43360,2026-06-04 04:11:53,18.0000,8.40,1.000,8.890,A,#1,HOLDING,1.080A/A
43361,2026-06-04 04:11:55,18.0000,9.34,1.000,8.890,A,#1,HOLDING,1.123A/A
43362,2026-06-04 04:11:57,18.0000,9.34,1.123,11.005,A,#1,HOLDING,1.171A/A
43363,2026-06-04 04:11:59,17.9500,9.34,1.123,11.005,A,#1,HOLDING,1.214A/A
43364,2026-06-04 04:12:01,17.9500,9.34,1.123,11.005,A,#1,HOLDING,1.247A/A
43365,2026-06-04 04:12:03,17.9375,10.50,1.123,11.005,A,#1,HOLDING,1.278A/A
43366,2026-06-04 04:12:04,17.9125,10.50,1.278,13.930,A,#1,HOLDING,1.000A/A
43367,2026-06-04 04:12:07,17.8500,10.50,1.278,13.930,A,#2,APPROACH,1.254A/A
43368,2026-06-04 04:12:08,17.8500,10.50,1.278,13.930,B,#2,APPROACH,0.146A/B
43369,2026-06-04 04:12:10,17.8125,10.50,1.278,13.930,B,#2,APPROACH,0.179A/B
43370,2026-06-04 04:12:12,17.7875,7.00,1.278,13.930,B,#2,APPROACH,0.227A/B
43371,2026-06-04 04:12:14,17.7500,7.00,0.995,0.379,B,#2,APPROACH,0.302A/B
43372,2026-06-04 04:12:17,17.7500,7.00,0.995,0.379,B,#2,APPROACH,0.395A/B
43373,2026-06-04 04:12:18,17.7500,7.00,0.995,0.379,B,#2,APPROACH,0.472A/B
43374,2026-06-04 04:12:20,17.7500,3.72,0.995,0.379,B,#2,APPROACH,0.570A/B
43375,2026-06-04 04:12:22,17.8125,3.72,0.518,2.667,B,#2,APPROACH,0.654A/B
43376,2026-06-04 04:12:24,17.9500,3.72,0.518,2.667,B,#2,APPROACH,0.756A/B
43377,2026-06-04 04:12:26,17.9500,3.72,0.518,2.667,B,#2,APPROACH,0.837A/B
43378,2026-06-04 04:12:28,18.0500,6.80,0.518,2.667,B,#2,APPROACH,0.919A/B
43379,2026-06-04 04:12:30,18.1375,6.80,0.875,6.938,B,#2,APPROACH,1.005A/B
43380,2026-06-04 04:12:32,18.3625,6.80,0.875,6.938,B,#2,APPROACH,1.078A/B
43381,2026-06-04 04:12:34,18.3625,6.80,0.875,6.938,B,#2,APPROACH,1.156A/B
43382,2026-06-04 04:12:35,18.5125,9.19,0.875,6.938,B,#2,APPROACH,1.216A/B
43383,2026-06-04 04:12:37,18.6500,9.19,1.183,11.916,B,#2,APPROACH,1.281A/B
43384,2026-06-04 04:12:40,18.9500,9.19,1.183,11.916,B,#2,APPROACH,1.317A/B
43385,2026-06-04 04:12:41,18.9500,9.19,1.183,11.916,B,#2,APPROACH,1.382A/B
43386,2026-06-04 04:12:43,19.1250,11.01,1.183,11.916,B,#2,APPROACH,1.421A/B
43387,2026-06-04 04:12:45,19.3000,11.01,1.399,16.355,B,#2,APPROACH,1.000A/B
43388,2026-06-04 04:12:47,19.7125,11.01,1.399,16.355,B,#2,HOLDING,1.000A/B
43389,2026-06-04 04:12:49,19.7125,11.01,1.399,16.355,OFF,#2,HOLDING,0.000A/OFF
43390,2026-06-04 04:12:50,19.9375,11.01,1.399,16.355,OFF,#2,HOLDING,0.000A/OFF
43391,2026-06-04 04:12:51,19.9375,12.00,1.399,16.355,OFF,#2,HOLDING,0.000A/OFF
43392,2026-06-04 04:12:52,20.1500,12.00,0.000,16.355,OFF,#2,HOLDING,0.000A/OFF
43393,2026-06-04 04:12:53,20.3750,12.00,0.000,0.000,OFF,#2,HOLDING,0.000A/OFF
43394,2026-06-04 04:12:54,20.3750,12.00,0.000,0.000,OFF,#2,HOLDING,0.000A/OFF
43395,2026-06-04 04:12:55,20.5875,12.00,0.000,0.000,OFF,#2,HOLDING,0.000A/OFF
43396,2026-06-04 04:12:56,20.5875,12.00,0.000,0.000,OFF,#2,HOLDING,0.000A/OFF
43397,2026-06-04 04:12:57,20.8125,12.00,0.000,0.000,OFF,#2,HOLDING,0.000A/OFF
43398,2026-06-04 04:12:58,20.8125,12.00,0.000,0.000,OFF,#2,HOLDING,0.000A/OFF
43399,2026-06-04 04:12:59,20.9875,12.00,0.000,0.000,OFF,#2,HOLDING,0.000A/OFF
43400,2026-06-04 04:13:00,20.9875,12.00,0.000,0.000,OFF,#2,HOLDING,0.000A/OFF
43401,2026-06-04 04:13:01,21.1625,12.00,0.000,0.000,OFF,#2,HOLDING,0.000A/OFF
43402,2026-06-04 04:13:02,21.1625,12.00,0.000,0.000,OFF,#2,HOLDING,0.000A/OFF
43403,2026-06-04 04:13:03,21.3000,12.00,0.000,0.000,OFF,#2,HOLDING,0.000A/OFF
43404,2026-06-04 04:13:04,21.3000,12.00,0.000,0.000,OFF,#2,HOLDING,0.000A/OFF
43405,2026-06-04 04:13:05,21.4500,12.00,0.000,0.000,A,#2,HOLDING,0.107A/A
43406,2026-06-04 04:13:07,21.6000,12.00,0.000,0.000,A,#2,HOLDING,0.200A/A
43407,2026-06-04 04:13:09,21.7500,12.00,0.000,0.000,A,#2,HOLDING,0.267A/A
43408,2026-06-04 04:13:11,21.8625,2.06,0.000,0.000,A,#2,HOLDING,0.309A/A
43409,2026-06-04 04:13:13,22.0125,2.06,0.309,0.794,A,#2,HOLDING,0.373A/A
43410,2026-06-04 04:13:15,22.1250,2.06,0.309,0.794,A,#2,HOLDING,0.447A/A
43411,2026-06-04 04:13:17,22.2000,2.06,0.309,0.794,A,#2,HOLDING,0.505A/A
43412,2026-06-04 04:13:19,22.3000,4.17,0.309,0.794,A,#2,HOLDING,0.571A/A
43413,2026-06-04 04:13:20,22.3750,4.17,0.571,2.763,A,#2,HOLDING,0.642A/A
43414,2026-06-04 04:13:23,22.4500,4.17,0.571,2.763,A,#2,HOLDING,0.734A/A
43415,2026-06-04 04:13:24,22.5500,4.17,0.571,2.763,A,#2,HOLDING,0.809A/A
43416,2026-06-04 04:13:26,22.6000,6.69,0.571,2.763,A,#2,HOLDING,0.889A/A
43417,2026-06-04 04:13:28,22.6250,6.69,0.889,6.685,A,#2,HOLDING,0.966A/A
43418,2026-06-04 04:13:30,22.6375,6.69,0.889,6.685,A,#2,HOLDING,1.055A/A
43419,2026-06-04 04:13:32,22.6875,6.69,0.889,6.685,A,#2,HOLDING,1.127A/A
43420,2026-06-04 04:13:34,22.6875,9.20,0.889,6.685,A,#2,HOLDING,1.205A/A
43421,2026-06-04 04:13:36,22.6875,9.20,1.205,12.074,A,#2,HOLDING,1.000A/A
43422,2026-06-04 04:13:38,22.6875,9.20,1.205,12.074,A,#2,HOLDING,1.283A/A
43423,2026-06-04 04:13:40,22.6375,9.20,1.205,12.074,A,#2,HOLDING,1.341A/A
43424,2026-06-04 04:13:42,22.6250,10.86,1.205,12.074,A,#2,HOLDING,1.419A/A
43425,2026-06-04 04:13:43,22.5750,10.86,1.419,16.446,A,#2,HOLDING,1.488A/A
43426,2026-06-04 04:13:46,22.5000,10.86,1.419,16.446,A,#2,HOLDING,1.579A/A
43427,2026-06-04 04:13:47,22.4500,10.86,1.419,16.446,A,#2,HOLDING,1.632A/A
43428,2026-06-04 04:13:49,22.3625,12.00,1.419,16.446,A,#2,HOLDING,1.500A/A
43429,2026-06-04 04:13:51,22.2375,12.00,1.469,17.496,A,#2,HOLDING,1.679A/A
43430,2026-06-04 04:13:54,22.1750,12.00,1.469,17.496,A,#2,HOLDING,1.757A/A
43431,2026-06-04 04:13:55,22.0500,12.00,1.469,17.496,A,#2,HOLDING,1.796A/A
43432,2026-06-04 04:13:57,21.9500,12.00,1.469,17.496,A,#2,HOLDING,1.000A/A
43433,2026-06-04 04:13:59,21.8250,12.00,1.033,9.030,A,#2,HOLDING,1.500A/A
43434,2026-06-04 04:14:01,21.7375,12.00,1.033,9.030,A,#2,HOLDING,1.836A/A
43435,2026-06-04 04:14:03,21.5875,12.00,1.033,9.030,A,#2,HOLDING,1.500A/A
43436,2026-06-04 04:14:05,21.4875,12.00,1.033,9.030,A,#2,HOLDING,1.804A/A
43437,2026-06-04 04:14:06,21.3625,12.00,1.431,17.064,A,#2,HOLDING,1.831A/A
43438,2026-06-04 04:14:09,21.2375,12.00,1.431,17.064,A,#2,HOLDING,1.500A/A
43439,2026-06-04 04:14:10,21.1125,12.00,1.431,17.064,A,#2,HOLDING,1.500A/A
43440,2026-06-04 04:14:12,20.9875,12.00,1.431,17.064,A,#2,HOLDING,1.870A/A
43441,2026-06-04 04:14:14,20.8625,12.00,1.422,16.944,A,#2,HOLDING,1.881A/A
43442,2026-06-04 04:14:17,20.7375,12.00,1.422,16.944,A,#2,HOLDING,1.897A/A
43443,2026-06-04 04:14:18,20.5875,12.00,1.422,16.944,A,#2,HOLDING,1.896A/A
43444,2026-06-04 04:14:20,20.4625,12.00,1.422,16.944,A,#2,HOLDING,1.000A/A
43445,2026-06-04 04:14:22,20.3375,12.00,1.018,9.270,A,#2,HOLDING,1.892A/A
43446,2026-06-04 04:14:24,20.2125,12.00,1.018,9.270,A,#2,HOLDING,1.885A/A
43447,2026-06-04 04:14:26,20.0625,12.00,1.018,9.270,A,#2,HOLDING,1.866A/A
43448,2026-06-04 04:14:28,19.9625,12.00,1.018,9.270,A,#2,HOLDING,1.848A/A
43449,2026-06-04 04:14:30,19.8375,12.00,1.416,16.884,A,#2,HOLDING,1.500A/A
43450,2026-06-04 04:14:32,19.7125,12.00,1.416,16.884,A,#2,HOLDING,1.827A/A
43451,2026-06-04 04:14:34,19.5875,12.00,1.416,16.884,A,#2,HOLDING,1.793A/A
43452,2026-06-04 04:14:35,19.4625,12.00,1.416,16.884,A,#2,HOLDING,1.000A/A
43453,2026-06-04 04:14:37,19.3625,12.00,1.018,9.280,A,#2,HOLDING,1.697A/A
43454,2026-06-04 04:14:40,19.2375,12.00,1.018,9.280,A,#2,HOLDING,1.000A/A
43455,2026-06-04 04:14:41,19.1625,12.00,1.018,9.280,A,#2,HOLDING,1.000A/A
43456,2026-06-04 04:14:43,19.0250,9.19,1.018,9.280,A,#2,HOLDING,1.000A/A
43457,2026-06-04 04:14:45,18.9500,9.19,1.000,9.320,A,#2,HOLDING,1.622A/A
43458,2026-06-04 04:14:47,18.8375,9.19,1.000,9.320,A,#2,HOLDING,1.000A/A
43459,2026-06-04 04:14:49,18.7625,9.19,1.000,9.320,A,#2,HOLDING,1.000A/A
43460,2026-06-04 04:14:51,18.6750,9.17,1.000,9.320,A,#2,HOLDING,1.000A/A
43461,2026-06-04 04:14:53,18.5500,9.17,1.000,9.310,A,#2,HOLDING,1.000A/A
43462,2026-06-04 04:14:55,18.4875,9.17,1.000,9.310,A,#2,HOLDING,1.500A/A
43463,2026-06-04 04:14:57,18.3875,9.17,1.000,9.310,A,#2,HOLDING,1.516A/A
43464,2026-06-04 04:14:58,18.3000,12.00,1.000,9.310,A,#2,HOLDING,1.433A/A
43465,2026-06-04 04:15:00,18.2250,12.00,1.428,17.016,A,#2,HOLDING,1.342A/A
43466,2026-06-04 04:15:03,18.1250,12.00,1.428,17.016,A,#2,HOLDING,1.229A/A
43467,2026-06-04 04:15:04,18.0500,12.00,1.428,17.016,A,#2,HOLDING,1.146A/A
43468,2026-06-04 04:15:06,17.9875,10.13,1.428,17.016,A,#2,HOLDING,1.051A/A
43469,2026-06-04 04:15:08,17.8875,10.13,1.051,10.037,A,#2,HOLDING,0.947A/A
43470,2026-06-04 04:15:10,17.8125,10.13,1.051,10.037,A,#2,HOLDING,0.818A/A
43471,2026-06-04 04:15:12,17.7375,10.13,1.051,10.037,A,#2,HOLDING,0.724A/A
43472,2026-06-04 04:15:14,17.6750,7.28,1.051,10.037,A,#2,HOLDING,0.618A/A
43473,2026-06-04 04:15:16,17.5750,7.28,0.618,4.029,A,#2,HOLDING,0.502A/A
43474,2026-06-04 04:15:18,17.5250,7.28,0.618,4.029,A,#2,HOLDING,0.364A/A
43475,2026-06-04 04:15:20,17.4750,7.28,0.618,4.029,A,#2,HOLDING,0.280A/A
43476,2026-06-04 04:15:21,17.4375,3.66,0.618,4.029,A,#2,HOLDING,0.168A/A
43477,2026-06-04 04:15:23,17.3875,3.66,0.168,4.029,OFF,#2,HOLDING,0.000A/OFF
43478,2026-06-04 04:15:24,17.3875,3.66,0.168,0.460,OFF,#2,HOLDING,0.000A/OFF
43479,2026-06-04 04:15:25,17.3750,3.66,0.168,0.460,OFF,#2,HOLDING,0.000A/OFF
43480,2026-06-04 04:15:26,17.3750,3.66,0.168,0.460,B,#2,HOLDING,0.137A/B
43481,2026-06-04 04:15:28,17.3250,3.66,0.168,0.460,B,#2,HOLDING,0.267A/B
43482,2026-06-04 04:15:30,17.3125,2.55,0.267,0.460,B,#2,HOLDING,0.370A/B
43483,2026-06-04 04:15:32,17.3375,2.55,0.267,0.980,B,#2,HOLDING,0.485A/B
43484,2026-06-04 04:15:33,17.3750,2.55,0.267,0.980,B,#2,HOLDING,0.580A/B
43485,2026-06-04 04:15:35,17.3750,2.55,0.267,0.980,B,#2,HOLDING,0.680A/B
43486,2026-06-04 04:15:37,17.4750,5.25,0.267,0.980,B,#2,HOLDING,0.786A/B
43487,2026-06-04 04:15:39,17.5250,5.25,0.757,4.912,B,#2,HOLDING,0.881A/B
43488,2026-06-04 04:15:41,17.5750,5.25,0.757,4.912,B,#2,HOLDING,1.014A/B
43489,2026-06-04 04:15:43,17.7000,5.25,0.757,4.912,B,#2,HOLDING,1.093A/B
43490,2026-06-04 04:15:45,17.8000,8.41,0.757,4.912,B,#2,HOLDING,1.183A/B
43491,2026-06-04 04:15:46,17.9250,8.41,1.169,11.037,B,#2,HOLDING,1.000A/B
43492,2026-06-04 04:15:49,18.0750,8.41,1.169,11.037,B,#2,HOLDING,1.258A/B
43493,2026-06-04 04:15:50,18.2000,8.41,1.169,11.037,B,#2,HOLDING,1.000A/B
43494,2026-06-04 04:15:52,18.4000,8.21,1.169,11.037,B,#2,HOLDING,1.304A/B
43495,2026-06-04 04:15:54,18.5750,8.21,1.276,13.639,B,#2,HOLDING,1.361A/B
43496,2026-06-04 04:15:56,18.7500,8.21,1.276,13.639,B,#2,HOLDING,1.436A/B
43497,2026-06-04 04:15:58,18.9500,8.21,1.276,13.639,B,#2,HOLDING,1.472A/B
43498,2026-06-04 04:16:00,19.1750,11.54,1.276,13.639,B,#2,HOLDING,1.507A/B
43499,2026-06-04 04:16:02,19.3750,11.54,1.507,17.844,B,#2,HOLDING,1.500A/B
43500,2026-06-04 04:16:04,19.5875,11.54,1.507,17.844,B,#2,HOLDING,1.484A/B
43501,2026-06-04 04:16:06,19.8375,11.54,1.507,17.844,B,#2,HOLDING,1.000A/B
43502,2026-06-04 04:16:08,19.8375,8.73,1.507,17.844,B,#2,HOLDING,1.519A/B
43503,2026-06-04 04:16:09,20.3125,8.73,1.412,17.316,B,#2,HOLDING,1.499A/B
43504,2026-06-04 04:16:12,20.5625,8.73,1.412,17.316,B,#2,HOLDING,1.505A/B
43505,2026-06-04 04:16:13,20.8375,8.73,1.412,17.316,B,#3,APPROACH,1.463A/B
43506,2026-06-04 04:16:15,20.8375,5.57,1.412,17.316,B,#3,APPROACH,0.493A/B
43507,2026-06-04 04:16:17,21.3000,5.57,0.000,17.316,B,#3,APPROACH,0.461A/B
43508,2026-06-04 04:16:20,21.5375,5.57,0.000,0.000,B,#3,APPROACH,0.471A/B
43509,2026-06-04 04:16:22,21.8125,5.57,0.000,0.000,B,#3,APPROACH,0.477A/B
43510,2026-06-04 04:16:23,21.9875,5.57,0.000,0.000,B,#3,APPROACH,0.502A/B
43511,2026-06-04 04:16:25,22.2125,5.14,0.000,0.000,B,#3,APPROACH,0.527A/B
43512,2026-06-04 04:16:27,22.4250,5.14,0.514,2.829,B,#3,APPROACH,0.559A/B
43513,2026-06-04 04:16:29,22.6000,5.14,0.514,2.829,B,#3,APPROACH,0.621A/B
43514,2026-06-04 04:16:31,22.8000,5.14,0.514,2.829,B,#3,APPROACH,0.660A/B
43515,2026-06-04 04:16:33,23.0000,6.38,0.514,2.829,B,#3,APPROACH,0.714A/B
43516,2026-06-04 04:16:35,23.1500,6.38,0.687,4.890,B,#3,APPROACH,0.778A/B
43517,2026-06-04 04:16:37,23.3250,6.38,0.687,4.890,B,#3,APPROACH,0.879A/B
43518,2026-06-04 04:16:39,23.4875,6.38,0.687,4.890,B,#3,APPROACH,0.948A/B
43519,2026-06-04 04:16:41,23.6625,8.54,0.687,4.890,B,#3,APPROACH,1.035A/B
43520,2026-06-04 04:16:42,23.8250,8.54,0.998,9.584,B,#3,APPROACH,1.129A/B
43521,2026-06-04 04:16:45,23.9750,8.54,0.998,9.584,B,#3,APPROACH,1.272A/B
43522,2026-06-04 04:16:46,24.1500,8.54,0.998,9.584,B,#3,APPROACH,1.366A/B
43523,2026-06-04 04:16:48,24.3250,11.50,0.998,9.584,B,#3,APPROACH,1.000A/B
43524,2026-06-04 04:16:50,24.4875,11.50,1.124,9.130,B,#3,APPROACH,1.000A/B
43525,2026-06-04 04:16:52,24.6375,11.50,1.124,9.130,B,#3,APPROACH,1.000A/B
43526,2026-06-04 04:16:54,24.8000,11.50,1.124,9.130,B,#3,APPROACH,1.000A/B
43527,2026-06-04 04:16:56,24.9750,9.16,1.124,9.130,B,#3,APPROACH,1.000A/B
43528,2026-06-04 04:16:58,25.1625,9.16,1.000,9.280,B,#3,APPROACH,1.443A/B
43529,2026-06-04 04:17:00,25.3125,9.16,1.000,9.280,B,#3,APPROACH,1.500A/B
43530,2026-06-04 04:17:02,25.4875,9.16,1.000,9.280,B,#3,APPROACH,1.661A/B
43531,2026-06-04 04:17:04,25.6875,12.00,1.000,9.280,B,#3,APPROACH,1.000A/B
43532,2026-06-04 04:17:05,25.8375,12.00,1.193,9.330,B,#3,APPROACH,1.818A/B
43533,2026-06-04 04:17:08,26.0125,12.00,1.193,9.330,B,#3,APPROACH,1.000A/B
43534,2026-06-04 04:17:09,26.1750,12.00,1.193,9.330,B,#3,APPROACH,2.012A/B
43535,2026-06-04 04:17:11,26.3250,12.00,1.193,9.330,B,#3,APPROACH,2.157A/B
43536,2026-06-04 04:17:13,26.5375,12.00,1.366,16.188,B,#3,APPROACH,2.286A/B
43537,2026-06-04 04:17:16,26.6875,12.00,1.366,16.188,B,#3,APPROACH,1.500A/B
43538,2026-06-04 04:17:17,26.8625,12.00,1.366,16.188,B,#3,APPROACH,1.500A/B
43539,2026-06-04 04:17:19,27.0375,12.00,1.366,16.188,B,#3,APPROACH,2.439A/B
43540,2026-06-04 04:17:21,27.2125,12.00,1.343,15.936,B,#3,APPROACH,2.546A/B
43541,2026-06-04 04:17:23,27.3875,12.00,1.343,15.936,B,#3,APPROACH,2.000A/B
43542,2026-06-04 04:17:25,27.5500,12.00,1.343,15.936,B,#3,APPROACH,1.500A/B
43543,2026-06-04 04:17:27,27.7500,12.00,1.343,15.936,B,#3,APPROACH,2.000A/B
43544,2026-06-04 04:17:28,27.9250,12.00,1.325,15.744,B,#3,APPROACH,2.000A/B
43545,2026-06-04 04:17:31,28.1250,12.00,1.325,15.744,B,#3,APPROACH,2.500A/B
43546,2026-06-04 04:17:32,28.3000,12.00,1.325,15.744,B,#3,APPROACH,2.000A/B
43547,2026-06-04 04:17:34,28.5000,12.00,1.325,15.744,B,#3,APPROACH,1.000A/B
43548,2026-06-04 04:17:36,28.6750,12.00,1.156,9.800,B,#3,APPROACH,2.500A/B
43549,2026-06-04 04:17:39,28.8500,12.00,1.156,9.800,B,#3,APPROACH,2.500A/B
43550,2026-06-04 04:17:40,29.0250,12.00,1.156,9.800,B,#3,APPROACH,1.500A/B
43551,2026-06-04 04:17:42,29.2000,12.00,1.156,9.800,B,#3,APPROACH,1.000A/B
43552,2026-06-04 04:17:44,29.3625,12.00,1.132,9.840,B,#3,APPROACH,2.500A/B
43553,2026-06-04 04:17:46,29.5125,12.00,1.132,9.840,B,#3,HOLDING,1.000A/B
43554,2026-06-04 04:17:48,29.6750,12.00,1.132,9.840,OFF,#3,HOLDING,0.000A/OFF
43555,2026-06-04 04:17:49,29.6750,12.00,1.132,9.840,OFF,#3,HOLDING,0.000A/OFF
43556,2026-06-04 04:17:50,29.8250,12.00,1.132,9.840,OFF,#3,HOLDING,0.000A/OFF
43557,2026-06-04 04:17:51,29.8250,12.00,0.000,9.840,OFF,#3,HOLDING,0.000A/OFF
43558,2026-06-04 04:17:52,29.9875,12.00,0.000,0.000,OFF,#3,HOLDING,0.000A/OFF
43559,2026-06-04 04:17:53,29.9875,12.00,0.000,0.000,OFF,#3,HOLDING,0.000A/OFF
43560,2026-06-04 04:17:54,30.1625,12.00,0.000,0.000,OFF,#3,HOLDING,0.000A/OFF
43561,2026-06-04 04:17:55,30.1625,12.00,0.000,0.000,OFF,#3,HOLDING,0.000A/OFF
43562,2026-06-04 04:17:56,30.2750,12.00,0.000,0.000,OFF,#3,HOLDING,0.000A/OFF
43563,2026-06-04 04:17:57,30.2750,12.00,0.000,0.000,OFF,#3,HOLDING,0.000A/OFF
43564,2026-06-04 04:17:58,30.4000,12.00,0.000,0.000,OFF,#3,HOLDING,0.000A/OFF
43565,2026-06-04 04:17:59,30.4000,12.00,0.000,0.000,OFF,#3,HOLDING,0.000A/OFF
43566,2026-06-04 04:18:00,30.5125,12.00,0.000,0.000,OFF,#3,HOLDING,0.000A/OFF
43567,2026-06-04 04:18:01,30.5875,12.00,0.000,0.000,OFF,#3,HOLDING,0.000A/OFF
43568,2026-06-04 04:18:02,30.5875,12.00,0.000,0.000,OFF,#3,HOLDING,0.000A/OFF
43569,2026-06-04 04:18:03,30.7000,12.00,0.000,0.000,OFF,#3,HOLDING,0.000A/OFF
43570,2026-06-04 04:18:04,30.7000,12.00,0.000,0.000,OFF,#3,HOLDING,0.000A/OFF
43571,2026-06-04 04:18:05,30.7750,12.00,0.000,0.000,OFF,#3,HOLDING,0.000A/OFF
43572,2026-06-04 04:18:06,30.7750,12.00,0.000,0.000,OFF,#3,HOLDING,0.000A/OFF
43573,2026-06-04 04:18:07,30.8625,12.00,0.000,0.000,OFF,#3,HOLDING,0.000A/OFF
43574,2026-06-04 04:18:08,30.8625,12.00,0.000,0.000,OFF,#3,HOLDING,0.000A/OFF
43575,2026-06-04 04:18:09,30.9375,12.00,0.000,0.000,OFF,#3,HOLDING,0.000A/OFF
43576,2026-06-04 04:18:10,30.9375,12.00,0.000,0.000,OFF,#3,HOLDING,0.000A/OFF
43577,2026-06-04 04:18:11,30.9750,12.00,0.000,0.000,OFF,#3,HOLDING,0.000A/OFF
43578,2026-06-04 04:18:12,30.9750,12.00,0.000,0.000,OFF,#3,HOLDING,0.000A/OFF
43579,2026-06-04 04:18:13,31.0250,12.00,0.000,0.000,OFF,#3,HOLDING,0.000A/OFF
43580,2026-06-04 04:18:14,31.0250,12.00,0.000,0.000,OFF,#3,HOLDING,0.000A/OFF
43581,2026-06-04 04:18:15,31.0625,12.00,0.000,0.000,OFF,#3,HOLDING,0.000A/OFF
43582,2026-06-04 04:18:16,31.0625,12.00,0.000,0.000,OFF,#3,HOLDING,0.000A/OFF
43583,2026-06-04 04:18:17,31.0625,12.00,0.000,0.000,OFF,#3,HOLDING,0.000A/OFF
43584,2026-06-04 04:18:18,31.0625,12.00,0.000,0.000,OFF,#3,HOLDING,0.000A/OFF
43585,2026-06-04 04:18:19,31.0875,12.00,0.000,0.000,A,#3,HOLDING,0.105A/A
43586,2026-06-04 04:18:21,31.0625,12.00,0.000,0.000,A,#3,HOLDING,0.124A/A
43587,2026-06-04 04:18:23,31.0625,0.79,0.000,0.000,A,#3,HOLDING,0.148A/A
43588,2026-06-04 04:18:24,31.0375,0.79,0.134,0.170,A,#3,HOLDING,0.165A/A
43589,2026-06-04 04:18:27,31.0000,0.79,0.134,0.170,A,#3,HOLDING,0.194A/A
43590,2026-06-04 04:18:28,30.9750,0.79,0.134,0.170,A,#3,HOLDING,0.209A/A
43591,2026-06-04 04:18:30,30.9375,1.61,0.134,0.170,A,#3,HOLDING,0.228A/A
43592,2026-06-04 04:18:32,30.8875,1.61,0.216,0.417,A,#3,HOLDING,0.244A/A
43593,2026-06-04 04:18:35,30.8625,1.61,0.216,0.417,A,#3,HOLDING,0.267A/A
43594,2026-06-04 04:18:36,30.8125,1.61,0.216,0.417,A,#3,HOLDING,0.278A/A
43595,2026-06-04 04:18:38,30.7500,2.28,0.216,0.417,A,#3,HOLDING,0.290A/A
43596,2026-06-04 04:18:40,30.7000,2.28,0.290,0.710,A,#3,HOLDING,0.299A/A
43597,2026-06-04 04:18:42,30.6125,2.28,0.290,0.710,A,#3,HOLDING,0.308A/A
43598,2026-06-04 04:18:44,30.5375,2.28,0.290,0.710,A,#3,HOLDING,0.310A/A
43599,2026-06-04 04:18:46,30.4875,2.66,0.290,0.710,A,#3,HOLDING,0.314A/A
43600,2026-06-04 04:18:48,30.3875,2.66,0.314,0.866,A,#4,APPROACH,0.310A/A
43601,2026-06-04 04:18:50,30.3250,2.66,0.314,0.866,OFF,#4,HOLDING,0.000A/OFF
43602,2026-06-04 04:18:51,30.2250,2.66,0.314,0.866,OFF,#4,HOLDING,0.000A/OFF
43603,2026-06-04 04:18:52,30.2250,2.66,0.314,0.866,OFF,#4,HOLDING,0.000A/OFF
43604,2026-06-04 04:18:53,30.1500,2.66,0.314,0.866,OFF,#4,HOLDING,0.000A/OFF
43605,2026-06-04 04:18:54,30.1500,2.66,0.314,0.866,OFF,#4,HOLDING,0.000A/OFF
43606,2026-06-04 04:18:55,30.0250,12.00,0.314,0.866,OFF,#4,HOLDING,0.000A/OFF
43607,2026-06-04 04:18:56,30.0250,12.00,0.000,0.866,OFF,#4,HOLDING,0.000A/OFF
43608,2026-06-04 04:18:57,29.9250,12.00,0.000,0.000,OFF,#4,HOLDING,0.000A/OFF
43609,2026-06-04 04:18:58,29.9250,12.00,0.000,0.000,OFF,#4,HOLDING,0.000A/OFF
43610,2026-06-04 04:18:59,29.8250,12.00,0.000,0.000,OFF,#4,HOLDING,0.000A/OFF
43611,2026-06-04 04:19:00,29.8250,12.00,0.000,0.000,OFF,#4,HOLDING,0.000A/OFF
43612,2026-06-04 04:19:01,29.7375,12.00,0.000,0.000,B,#4,HOLDING,0.118A/B
43613,2026-06-04 04:19:03,29.6125,12.00,0.000,0.000,B,#4,HOLDING,0.140A/B
43614,2026-06-04 04:19:05,29.5250,12.00,0.000,0.000,B,#4,HOLDING,0.188A/B
43615,2026-06-04 04:19:07,29.4000,12.00,0.000,0.000,B,#4,HOLDING,0.268A/B
43616,2026-06-04 04:19:09,29.3000,2.59,0.000,0.000,B,#4,HOLDING,0.310A/B
43617,2026-06-04 04:19:10,29.2000,2.59,0.310,0.945,B,#4,HOLDING,0.362A/B
43618,2026-06-04 04:19:13,29.0875,2.59,0.310,0.945,B,#4,HOLDING,0.425A/B
43619,2026-06-04 04:19:14,29.0125,2.59,0.310,0.945,B,#4,HOLDING,0.471A/B
43620,2026-06-04 04:19:16,28.9250,4.32,0.310,0.945,B,#4,HOLDING,0.529A/B
43621,2026-06-04 04:19:18,28.8250,4.32,0.517,2.597,B,#4,HOLDING,0.593A/B
43622,2026-06-04 04:19:20,28.7500,4.32,0.517,2.597,B,#4,HOLDING,0.672A/B
43623,2026-06-04 04:19:22,28.7000,4.32,0.517,2.597,B,#4,HOLDING,0.726A/B
43624,2026-06-04 04:19:24,28.6250,6.47,0.517,2.597,B,#4,HOLDING,0.793A/B
43625,2026-06-04 04:19:26,28.5750,6.47,0.770,5.622,B,#4,HOLDING,0.862A/B
43626,2026-06-04 04:19:28,28.5000,6.47,0.770,5.622,B,#4,HOLDING,0.956A/B
43627,2026-06-04 04:19:30,28.4750,6.47,0.770,5.622,B,#4,HOLDING,1.014A/B
43628,2026-06-04 04:19:32,28.4375,8.74,0.770,5.622,B,#4,HOLDING,1.000A/B
43629,2026-06-04 04:19:33,28.4125,8.74,1.000,8.760,B,#4,HOLDING,1.000A/B
43630,2026-06-04 04:19:36,28.3750,8.74,1.000,8.760,B,#4,HOLDING,1.086A/B
43631,2026-06-04 04:19:37,28.3750,8.74,1.000,8.760,B,#4,HOLDING,1.147A/B
43632,2026-06-04 04:19:39,28.3625,9.86,1.000,8.760,B,#4,HOLDING,1.221A/B
43633,2026-06-04 04:19:41,28.3625,9.86,1.200,12.893,B,#4,HOLDING,1.293A/B
43634,2026-06-04 04:19:43,28.3750,9.86,1.200,12.893,B,#4,HOLDING,1.389A/B
43635,2026-06-04 04:19:45,28.4250,9.86,1.200,12.893,B,#4,HOLDING,1.442A/B
43636,2026-06-04 04:19:47,28.4375,12.00,1.200,12.893,B,#4,HOLDING,1.500A/B
43637,2026-06-04 04:19:49,28.4625,12.00,1.414,16.752,B,#4,HOLDING,1.000A/B
43638,2026-06-04 04:19:51,28.5000,12.00,1.414,16.752,B,#4,HOLDING,1.512A/B
43639,2026-06-04 04:19:53,28.5500,12.00,1.414,16.752,B,#4,HOLDING,1.563A/B
43640,2026-06-04 04:19:55,28.6375,12.00,1.414,16.752,B,#4,HOLDING,1.619A/B
43641,2026-06-04 04:19:57,28.7375,12.00,1.379,16.332,B,#4,HOLDING,1.669A/B
43642,2026-06-04 04:19:59,28.7875,12.00,1.379,16.332,B,#4,HOLDING,1.743A/B
43643,2026-06-04 04:20:01,28.8875,12.00,1.379,16.332,B,#4,HOLDING,1.785A/B
43644,2026-06-04 04:20:02,28.9750,12.00,1.379,16.332,B,#4,HOLDING,1.834A/B
43645,2026-06-04 04:20:04,29.0750,12.00,1.350,16.008,B,#4,HOLDING,1.500A/B
43646,2026-06-04 04:20:07,29.1750,12.00,1.350,16.008,B,#4,HOLDING,1.874A/B
43647,2026-06-04 04:20:08,29.3000,12.00,1.350,16.008,B,#4,HOLDING,1.897A/B
43648,2026-06-04 04:20:10,29.3875,12.00,1.350,16.008,B,#4,HOLDING,1.929A/B
43649,2026-06-04 04:20:12,29.5125,12.00,1.329,15.792,B,#4,HOLDING,1.904A/B
43650,2026-06-04 04:20:14,29.6625,12.00,1.329,15.792,B,#4,HOLDING,1.942A/B
43651,2026-06-04 04:20:16,29.7625,12.00,1.329,15.792,B,#4,HOLDING,1.958A/B
43652,2026-06-04 04:20:18,29.8625,12.00,1.329,15.792,B,#4,HOLDING,1.979A/B
43653,2026-06-04 04:20:20,30.0125,12.00,1.312,15.576,B,#4,HOLDING,1.990A/B
43654,2026-06-04 04:20:22,30.1375,12.00,1.312,15.576,B,#4,HOLDING,1.500A/B
43655,2026-06-04 04:20:24,30.2625,12.00,1.312,15.576,B,#4,HOLDING,1.500A/B
43656,2026-06-04 04:20:25,30.3875,12.00,1.312,15.576,B,#4,HOLDING,1.000A/B
43657,2026-06-04 04:20:27,30.5125,12.00,1.152,9.880,B,#4,HOLDING,2.000A/B
43658,2026-06-04 04:20:30,30.6625,12.00,1.152,9.880,B,#4,HOLDING,1.500A/B
43659,2026-06-04 04:20:31,30.7625,12.00,1.152,9.880,B,#4,HOLDING,1.000A/B
43660,2026-06-04 04:20:33,30.9250,9.79,1.152,9.880,B,#4,HOLDING,1.000A/B
43661,2026-06-04 04:20:35,31.0250,9.79,1.000,9.920,B,#4,HOLDING,1.987A/B
43662,2026-06-04 04:20:37,31.1625,9.79,1.000,9.920,B,#4,HOLDING,1.500A/B
43663,2026-06-04 04:20:39,31.2625,9.79,1.000,9.920,B,#4,HOLDING,1.955A/B
43664,2026-06-04 04:20:41,31.3875,12.00,1.000,9.920,B,#4,HOLDING,1.915A/B
43665,2026-06-04 04:20:43,31.4875,12.00,1.292,15.324,B,#4,HOLDING,1.820A/B
43666,2026-06-04 04:20:45,31.6125,12.00,1.292,15.324,B,#4,HOLDING,1.757A/B
43667,2026-06-04 04:20:47,31.7625,12.00,1.292,15.324,B,#4,HOLDING,1.000A/B
43668,2026-06-04 04:20:49,31.8625,9.89,1.292,15.324,B,#4,HOLDING,1.696A/B
43669,2026-06-04 04:20:50,31.9875,9.89,1.281,15.264,B,#4,HOLDING,1.500A/B
43670,2026-06-04 04:20:53,32.1000,9.89,1.281,15.264,B,#4,HOLDING,1.630A/B
43671,2026-06-04 04:20:54,32.2000,9.89,1.281,15.264,B,#4,HOLDING,1.565A/B
43672,2026-06-04 04:20:56,32.3500,12.00,1.281,15.264,B,#4,HOLDING,1.482A/B
43673,2026-06-04 04:20:58,32.4500,12.00,1.275,15.156,B,#4,HOLDING,1.399A/B
43674,2026-06-04 04:21:00,32.5500,12.00,1.275,15.156,B,#4,HOLDING,1.296A/B
43675,2026-06-04 04:21:02,32.6500,12.00,1.275,15.156,B,#4,HOLDING,1.221A/B
43676,2026-06-04 04:21:04,32.7875,11.52,1.275,15.156,B,#4,HOLDING,1.121A/B
43677,2026-06-04 04:21:06,32.9375,11.52,1.121,12.308,B,#4,HOLDING,1.011A/B
43678,2026-06-04 04:21:08,33.0500,11.52,1.121,12.308,B,#4,HOLDING,0.881A/B
43679,2026-06-04 04:21:10,33.1500,11.52,1.121,12.308,B,#4,HOLDING,0.790A/B
43680,2026-06-04 04:21:12,33.2375,8.43,1.121,12.308,B,#4,HOLDING,0.686A/B
43681,2026-06-04 04:21:13,33.3875,8.43,0.686,5.295,B,#4,HOLDING,0.561A/B
43682,2026-06-04 04:21:16,33.5375,8.43,0.686,5.295,B,#4,HOLDING,0.431A/B
43683,2026-06-04 04:21:17,33.6375,8.43,0.686,5.295,B,#4,HOLDING,0.321A/B
43684,2026-06-04 04:21:19,33.7500,4.53,0.686,5.295,B,#4,HOLDING,0.189A/B
43685,2026-06-04 04:21:21,33.8500,4.53,0.210,5.295,OFF,#4,HOLDING,0.000A/OFF
43686,2026-06-04 04:21:22,33.8500,4.53,0.210,0.653,OFF,#4,HOLDING,0.000A/OFF
43687,2026-06-04 04:21:23,33.9500,4.53,0.210,0.653,OFF,#4,HOLDING,0.000A/OFF
43688,2026-06-04 04:21:24,33.9500,4.53,0.210,0.653,A,#4,HOLDING,0.159A/A
43689,2026-06-04 04:21:26,34.0000,4.53,0.210,0.653,A,#4,HOLDING,0.306A/A
43690,2026-06-04 04:21:28,34.0750,2.80,0.306,0.653,A,#4,HOLDING,0.425A/A
43691,2026-06-04 04:21:30,34.1250,2.80,0.306,1.202,A,#4,HOLDING,0.567A/A
43692,2026-06-04 04:21:31,34.1625,2.80,0.306,1.202,A,#4,HOLDING,0.690A/A
43693,2026-06-04 04:21:33,34.1875,2.80,0.306,1.202,A,#4,HOLDING,0.810A/A
43694,2026-06-04 04:21:35,34.2125,6.08,0.306,1.202,A,#4,HOLDING,0.950A/A
43695,2026-06-04 04:21:36,34.1875,6.08,0.935,7.020,A,#4,HOLDING,1.088A/A
43696,2026-06-04 04:21:39,34.1875,6.08,0.935,7.020,A,#4,HOLDING,1.268A/A
43697,2026-06-04 04:21:40,34.1375,6.08,0.935,7.020,A,#4,HOLDING,1.382A/A
43698,2026-06-04 04:21:42,34.1125,10.42,0.935,7.020,A,#4,HOLDING,1.000A/A
43699,2026-06-04 04:21:44,34.0375,10.42,1.033,8.080,A,#4,HOLDING,1.000A/A
43700,2026-06-04 04:21:47,33.9625,10.42,1.033,8.080,A,#4,HOLDING,1.509A/A
43701,2026-06-04 04:21:48,33.8875,10.42,1.033,8.080,A,#4,HOLDING,1.500A/A
43702,2026-06-04 04:21:50,33.7375,11.54,1.033,8.080,A,#4,HOLDING,1.605A/A
43703,2026-06-04 04:21:52,33.6375,11.54,1.539,18.312,A,#4,HOLDING,1.719A/A
43704,2026-06-04 04:21:54,33.5125,11.54,1.539,18.312,A,#4,HOLDING,1.000A/A
43705,2026-06-04 04:21:56,33.3375,11.54,1.539,18.312,A,#4,HOLDING,1.000A/A
43706,2026-06-04 04:21:58,33.2000,8.48,1.539,18.312,A,#4,HOLDING,1.500A/A
43707,2026-06-04 04:22:00,33.0000,8.48,1.469,17.844,A,#4,HOLDING,1.790A/A
43708,2026-06-04 04:22:02,32.8250,8.48,1.469,17.844,A,#4,HOLDING,1.000A/A
43709,2026-06-04 04:22:04,32.6250,8.48,1.469,17.844,A,#4,HOLDING,1.885A/A
43710,2026-06-04 04:22:05,32.4500,12.00,1.469,17.844,A,#4,HOLDING,1.956A/A
43711,2026-06-04 04:22:07,32.2250,12.00,1.470,17.556,A,#4,HOLDING,1.500A/A
43712,2026-06-04 04:22:10,32.0000,12.00,1.470,17.556,A,#4,HOLDING,1.999A/A
43713,2026-06-04 04:22:11,31.7750,12.00,1.470,17.556,A,#4,HOLDING,2.024A/A
43714,2026-06-04 04:22:13,31.5375,12.00,1.470,17.556,A,#4,HOLDING,1.500A/A
43715,2026-06-04 04:22:15,31.2875,12.00,1.449,17.268,A,#4,HOLDING,1.993A/A
43716,2026-06-04 04:22:17,31.0375,12.00,1.449,17.268,A,#4,HOLDING,2.031A/A
43717,2026-06-04 04:22:19,30.7625,12.00,1.449,17.268,A,#4,HOLDING,2.037A/A
43718,2026-06-04 04:22:21,30.5500,12.00,1.449,17.268,A,#4,HOLDING,1.000A/A
43719,2026-06-04 04:22:23,30.2250,12.00,1.057,9.080,A,#4,HOLDING,2.000A/A
43720,2026-06-04 04:22:25,29.9750,12.00,1.057,9.080,A,#4,HOLDING,2.045A/A
43721,2026-06-04 04:22:27,29.7000,12.00,1.057,9.080,A,#5,APPROACH,2.000A/A
43722,2026-06-04 04:22:28,29.4000,12.00,1.057,9.080,OFF,#5,HOLDING,0.000A/OFF
43723,2026-06-04 04:22:29,29.1000,4.34,0.000,9.080,OFF,#5,HOLDING,0.165A/B
43724,2026-06-04 04:22:32,28.8500,4.34,0.000,0.000,B,#5,HOLDING,0.238A/B
43725,2026-06-04 04:22:34,28.5750,4.34,0.000,0.000,B,#5,HOLDING,0.364A/B
43726,2026-06-04 04:22:36,28.3500,4.34,0.000,0.000,B,#5,HOLDING,0.410A/B
43727,2026-06-04 04:22:38,28.1250,3.20,0.000,0.000,B,#5,HOLDING,0.505A/B
43728,2026-06-04 04:22:40,27.9125,3.20,0.455,2.121,B,#5,HOLDING,0.608A/B
43729,2026-06-04 04:22:42,27.7375,3.20,0.455,2.121,B,#5,HOLDING,0.727A/B
43730,2026-06-04 04:22:44,27.5750,3.20,0.455,2.121,B,#5,HOLDING,0.819A/B
43731,2026-06-04 04:22:46,27.4250,6.73,0.455,2.121,B,#5,HOLDING,0.927A/B
43732,2026-06-04 04:22:47,27.3250,6.73,0.870,7.128,B,#5,HOLDING,1.038A/B
43733,2026-06-04 04:22:50,27.2000,6.73,0.870,7.128,B,#5,HOLDING,1.153A/B
43734,2026-06-04 04:22:51,27.1125,6.73,0.870,7.128,B,#5,HOLDING,1.259A/B
43735,2026-06-04 04:22:53,27.0375,10.04,0.870,7.128,B,#5,HOLDING,1.383A/B
43736,2026-06-04 04:22:55,27.0000,10.04,1.317,15.406,B,#5,HOLDING,1.000A/B
43737,2026-06-04 04:22:57,26.9500,10.04,1.317,15.406,B,#5,HOLDING,1.506A/B
43738,2026-06-04 04:22:59,26.9375,10.04,1.317,15.406,B,#5,HOLDING,1.613A/B
43739,2026-06-04 04:23:01,26.9625,12.00,1.317,15.406,B,#5,HOLDING,1.500A/B
43740,2026-06-04 04:23:03,26.9750,12.00,1.481,17.460,B,#5,HOLDING,1.730A/B
43741,2026-06-04 04:23:05,27.0250,12.00,1.481,17.460,B,#5,HOLDING,1.881A/B
43742,2026-06-04 04:23:07,27.0625,12.00,1.481,17.460,B,#5,HOLDING,1.981A/B
43743,2026-06-04 04:23:09,27.1125,12.00,1.481,17.460,B,#5,HOLDING,2.096A/B
43744,2026-06-04 04:23:10,27.2000,12.00,1.425,16.872,B,#5,HOLDING,1.000A/B
43745,2026-06-04 04:23:13,27.3000,12.00,1.425,16.872,B,#5,HOLDING,1.000A/B
43746,2026-06-04 04:23:14,27.3875,12.00,1.425,16.872,B,#5,HOLDING,2.000A/B
43747,2026-06-04 04:23:16,27.4875,12.00,1.425,16.872,B,#5,HOLDING,2.000A/B
43748,2026-06-04 04:23:18,27.6125,12.00,1.387,16.464,B,#5,HOLDING,2.154A/B
43749,2026-06-04 04:23:21,27.7375,12.00,1.387,16.464,B,#5,HOLDING,2.000A/B
43750,2026-06-04 04:23:22,27.8625,12.00,1.387,16.464,B,#5,HOLDING,1.500A/B
43751,2026-06-04 04:23:24,27.9625,12.00,1.387,16.464,B,#5,HOLDING,2.257A/B
43752,2026-06-04 04:23:26,28.1000,12.00,1.356,16.092,B,#5,HOLDING,1.500A/B
43753,2026-06-04 04:23:28,28.2500,12.00,1.356,16.092,B,#5,HOLDING,2.324A/B
43754,2026-06-04 04:23:30,28.3875,12.00,1.356,16.092,B,#5,HOLDING,1.500A/B
43755,2026-06-04 04:23:32,28.5375,12.00,1.356,16.092,B,#5,HOLDING,2.363A/B
43756,2026-06-04 04:23:34,28.6750,12.00,1.332,15.804,B,#5,HOLDING,2.414A/B
43757,2026-06-04 04:23:36,28.8500,12.00,1.332,15.804,B,#5,HOLDING,2.477A/B
43758,2026-06-04 04:23:37,28.9875,12.00,1.332,15.804,B,#5,HOLDING,2.512A/B
43759,2026-06-04 04:23:39,29.1875,12.00,1.332,15.804,B,#5,HOLDING,1.000A/B
43760,2026-06-04 04:23:41,29.3625,12.00,1.159,9.780,B,#5,HOLDING,2.479A/B
43761,2026-06-04 04:23:44,29.5375,12.00,1.159,9.780,B,#5,HOLDING,2.500A/B
43762,2026-06-04 04:23:45,29.6750,12.00,1.159,9.780,B,#5,HOLDING,1.500A/B
43763,2026-06-04 04:23:47,29.8750,12.00,1.159,9.780,B,#5,HOLDING,2.521A/B
43764,2026-06-04 04:23:49,29.9875,12.00,1.304,15.492,B,#5,HOLDING,2.500A/B
43765,2026-06-04 04:23:51,30.1375,12.00,1.304,15.492,B,#5,HOLDING,2.500A/B
43766,2026-06-04 04:23:53,30.3000,12.00,1.304,15.492,B,#5,HOLDING,2.541A/B
43767,2026-06-04 04:23:55,30.4500,12.00,1.304,15.492,B,#5,HOLDING,2.531A/B
43768,2026-06-04 04:23:57,30.5750,12.00,1.291,15.348,B,#5,HOLDING,2.520A/B
43769,2026-06-04 04:23:59,30.7000,12.00,1.291,15.348,B,#5,HOLDING,1.500A/B
43770,2026-06-04 04:24:00,30.8625,12.00,1.291,15.348,B,#5,HOLDING,2.000A/B
43771,2026-06-04 04:24:02,31.0125,12.00,1.291,15.348,B,#5,HOLDING,2.502A/B
43772,2026-06-04 04:24:04,31.1750,12.00,1.279,15.216,B,#5,HOLDING,2.463A/B
43773,2026-06-04 04:24:07,31.2750,12.00,1.279,15.216,B,#5,HOLDING,2.000A/B
43774,2026-06-04 04:24:08,31.4250,12.00,1.279,15.216,B,#5,HOLDING,2.368A/B
43775,2026-06-04 04:24:10,31.5750,12.00,1.279,15.216,B,#5,HOLDING,1.500A/B
43776,2026-06-04 04:24:12,31.7250,12.00,1.271,15.120,B,#5,HOLDING,1.500A/B
43777,2026-06-04 04:24:14,31.8750,12.00,1.271,15.120,B,#5,HOLDING,1.500A/B
43778,2026-06-04 04:24:16,32.0125,12.00,1.271,15.120,B,#5,HOLDING,2.288A/B
43779,2026-06-04 04:24:18,32.1125,12.00,1.271,15.120,B,#5,HOLDING,1.500A/B
43780,2026-06-04 04:24:20,32.2625,12.00,1.266,15.060,B,#5,HOLDING,2.000A/B
43781,2026-06-04 04:24:22,32.3875,12.00,1.266,15.060,B,#5,HOLDING,2.209A/B
43782,2026-06-04 04:24:24,32.5500,12.00,1.266,15.060,B,#5,HOLDING,2.118A/B
43783,2026-06-04 04:24:25,32.7000,12.00,1.266,15.060,B,#5,HOLDING,1.500A/B
43784,2026-06-04 04:24:27,32.8250,12.00,1.261,15.000,B,#5,HOLDING,1.000A/B
43785,2026-06-04 04:24:30,32.9500,12.00,1.261,15.000,B,#5,HOLDING,1.500A/B
43786,2026-06-04 04:24:31,33.1000,12.00,1.261,15.000,B,#5,HOLDING,2.004A/B
43787,2026-06-04 04:24:33,33.2250,12.00,1.261,15.000,B,#5,HOLDING,1.000A/B
43788,2026-06-04 04:24:35,33.3625,12.00,1.099,10.140,B,#5,HOLDING,1.500A/B
43789,2026-06-04 04:24:37,33.5125,12.00,1.099,10.140,B,#5,HOLDING,1.500A/B
43790,2026-06-04 04:24:39,33.6375,12.00,1.099,10.140,B,#5,HOLDING,1.500A/B
43791,2026-06-04 04:24:41,33.7625,12.00,1.099,10.140,B,#5,HOLDING,1.893A/B
43792,2026-06-04 04:24:43,33.9250,12.00,1.258,14.976,B,#5,HOLDING,1.749A/B
43793,2026-06-04 04:24:45,34.0750,12.00,1.258,14.976,B,#5,HOLDING,1.000A/B
43794,2026-06-04 04:24:47,34.1750,12.00,1.258,14.976,B,#5,HOLDING,1.558A/B
43795,2026-06-04 04:24:48,34.3250,12.00,1.258,14.976,B,#5,HOLDING,1.400A/B
43796,2026-06-04 04:24:50,34.4250,12.00,1.252,14.904,B,#5,HOLDING,1.244A/B
43797,2026-06-04 04:24:53,34.5750,12.00,1.252,14.904,B,#5,HOLDING,1.000A/B
43798,2026-06-04 04:24:54,34.6750,12.00,1.252,14.904,B,#5,HOLDING,1.000A/B
43799,2026-06-04 04:24:56,34.8000,10.11,1.252,14.904,B,#5,HOLDING,1.020A/B
43800,2026-06-04 04:24:58,34.9125,10.11,1.008,10.577,B,#5,HOLDING,0.842A/B
43801,2026-06-04 04:25:00,35.0125,10.11,1.008,10.577,B,#5,HOLDING,0.617A/B
43802,2026-06-04 04:25:02,35.1125,10.11,1.008,10.577,B,#5,HOLDING,0.459A/B
43803,2026-06-04 04:25:04,35.2125,5.89,1.008,10.577,B,#5,HOLDING,0.269A/B
43804,2026-06-04 04:25:06,35.3250,5.89,0.361,10.577,OFF,#5,HOLDING,0.000A/OFF
43805,2026-06-04 04:25:07,35.4000,5.89,0.361,1.175,OFF,#5,HOLDING,0.000A/OFF
43806,2026-06-04 04:25:08,35.4000,5.89,0.361,1.175,A,#5,HOLDING,0.129A/A
43807,2026-06-04 04:25:09,35.5000,5.89,0.361,1.175,A,#5,HOLDING,0.307A/A
43808,2026-06-04 04:25:11,35.5500,1.36,0.361,1.175,A,#5,HOLDING,0.501A/A
43809,2026-06-04 04:25:13,35.6375,1.36,0.501,1.593,A,#5,HOLDING,0.706A/A
43810,2026-06-04 04:25:15,35.6875,1.36,0.501,1.593,A,#5,HOLDING,0.960A/A
43811,2026-06-04 04:25:17,35.6875,1.36,0.501,1.593,A,#5,HOLDING,1.133A/A
43812,2026-06-04 04:25:19,35.7375,8.30,0.501,1.593,A,#5,HOLDING,1.338A/A
43813,2026-06-04 04:25:21,35.7250,8.30,1.338,13.460,A,#5,HOLDING,1.533A/A
43814,2026-06-04 04:25:23,35.7000,8.30,1.338,13.460,A,#5,HOLDING,1.000A/A
43815,2026-06-04 04:25:25,35.6750,8.30,1.338,13.460,A,#5,HOLDING,1.785A/A
43816,2026-06-04 04:25:27,35.6000,12.00,1.338,13.460,A,#5,HOLDING,1.500A/A
43817,2026-06-04 04:25:28,35.5500,12.00,1.500,17.355,A,#5,HOLDING,1.000A/A
43818,2026-06-04 04:25:31,35.4500,12.00,1.500,17.355,A,#5,HOLDING,1.967A/A
43819,2026-06-04 04:25:32,35.3625,12.00,1.500,17.355,A,#5,HOLDING,2.123A/A
43820,2026-06-04 04:25:34,35.2375,12.00,1.500,17.355,A,#5,HOLDING,2.299A/A
43821,2026-06-04 04:25:36,35.0750,12.00,1.529,18.108,A,#5,HOLDING,1.500A/A
43822,2026-06-04 04:25:39,34.9250,12.00,1.529,18.108,A,#5,HOLDING,1.500A/A
43823,2026-06-04 04:25:40,34.7875,12.00,1.529,18.108,A,#5,HOLDING,2.449A/A
43824,2026-06-04 04:25:42,34.6125,12.00,1.529,18.108,A,#5,HOLDING,1.500A/A
43825,2026-06-04 04:25:44,34.4125,12.00,1.483,17.640,A,#5,HOLDING,1.500A/A
43826,2026-06-04 04:25:46,34.1875,12.00,1.483,17.640,A,#5,HOLDING,2.500A/A
43827,2026-06-04 04:25:48,34.0125,12.00,1.483,17.640,A,#5,HOLDING,1.500A/A
43828,2026-06-04 04:25:50,33.7625,12.00,1.483,17.640,A,#5,HOLDING,2.000A/A
43829,2026-06-04 04:25:52,33.5375,12.00,1.456,17.340,A,#5,HOLDING,1.500A/A
43830,2026-06-04 04:25:54,33.2875,12.00,1.456,17.340,A,#5,HOLDING,1.500A/A
43831,2026-06-04 04:25:56,33.0750,12.00,1.456,17.340,A,#5,HOLDING,2.468A/A
43832,2026-06-04 04:25:57,32.8250,12.00,1.456,17.340,A,#5,HOLDING,2.548A/A
43833,2026-06-04 04:25:59,32.5375,12.00,1.436,17.088,A,#5,HOLDING,2.000A/A
43834,2026-06-04 04:26:02,32.2875,12.00,1.436,17.088,A,#5,HOLDING,1.000A/A
43835,2026-06-04 04:26:03,32.0375,12.00,1.436,17.088,A,#5,HOLDING,1.000A/A
43836,2026-06-04 04:26:05,31.7375,9.00,1.436,17.088,A,#5,HOLDING,2.000A/A
43837,2026-06-04 04:26:07,31.4625,9.00,1.424,16.968,A,#5,HOLDING,2.552A/A
43838,2026-06-04 04:26:09,31.1625,9.00,1.424,16.968,A,#5,HOLDING,2.542A/A
43839,2026-06-04 04:26:11,30.8750,9.00,1.424,16.968,A,#5,HOLDING,1.500A/A
43840,2026-06-04 04:26:13,30.5500,12.00,1.424,16.968,A,#5,HOLDING,1.500A/A
43841,2026-06-04 04:26:15,30.2750,12.00,1.412,16.824,A,#5,HOLDING,2.000A/A
43842,2026-06-04 04:26:17,29.9750,12.00,1.412,16.824,A,#5,HOLDING,2.561A/A
43843,2026-06-04 04:26:19,29.6875,12.00,1.412,16.824,A,#5,HOLDING,1.000A/A
43844,2026-06-04 04:26:20,29.3625,9.12,1.412,16.824,A,#5,HOLDING,2.532A/A
43845,2026-06-04 04:26:22,29.1000,9.12,1.407,16.800,A,#5,HOLDING,2.424A/A
43846,2026-06-04 04:26:25,28.8000,9.12,1.407,16.800,A,#5,HOLDING,1.000A/A
43847,2026-06-04 04:26:26,28.5375,9.12,1.407,16.800,A,#5,HOLDING,1.000A/A
43848,2026-06-04 04:26:28,28.2625,9.17,1.407,16.800,A,#5,HOLDING,1.000A/A
43849,2026-06-04 04:26:30,28.0000,9.17,1.000,9.330,A,#5,HOLDING,2.000A/A
43850,2026-06-04 04:26:32,27.7000,9.17,1.000,9.330,A,#5,HOLDING,2.288A/A
43851,2026-06-04 04:26:34,27.4375,9.17,1.000,9.330,A,#5,HOLDING,2.000A/A
43852,2026-06-04 04:26:36,27.1875,12.00,1.000,9.330,A,#5,HOLDING,1.000A/A
43853,2026-06-04 04:26:38,26.9375,12.00,1.209,9.260,A,#5,HOLDING,2.000A/A
43854,2026-06-04 04:26:40,26.6875,12.00,1.209,9.260,A,#5,HOLDING,2.204A/A
43855,2026-06-04 04:26:42,26.4750,12.00,1.209,9.260,A,#5,HOLDING,2.072A/A
43856,2026-06-04 04:26:43,26.2250,12.00,1.209,9.260,A,#5,HOLDING,1.500A/A
43857,2026-06-04 04:26:45,26.0000,12.00,1.406,16.776,A,#5,HOLDING,1.895A/A
43858,2026-06-04 04:26:48,25.7500,12.00,1.406,16.776,A,#5,HOLDING,1.000A/A
43859,2026-06-04 04:26:49,25.5375,12.00,1.406,16.776,A,#5,HOLDING,1.500A/A
43860,2026-06-04 04:26:51,25.3125,12.00,1.406,16.776,A,#5,HOLDING,1.644A/A
43861,2026-06-04 04:26:53,25.0750,12.00,1.399,16.692,A,#5,HOLDING,1.000A/A
43862,2026-06-04 04:26:55,24.8750,12.00,1.399,16.692,A,#5,HOLDING,1.430A/A
43863,2026-06-04 04:26:57,24.6375,12.00,1.399,16.692,A,#5,HOLDING,1.234A/A
43864,2026-06-04 04:26:59,24.4125,10.81,1.399,16.692,A,#5,HOLDING,1.006A/A
43865,2026-06-04 04:27:01,24.2000,10.81,1.119,9.426,A,#5,HOLDING,0.768A/A
43866,2026-06-04 04:27:03,24.0000,10.81,1.119,9.426,A,#5,HOLDING,0.462A/A
43867,2026-06-04 04:27:05,23.8250,10.81,1.119,9.426,A,#5,HOLDING,0.247A/A
43868,2026-06-04 04:27:07,23.6250,10.81,1.119,9.426,OFF,#5,HOLDING,0.000A/OFF
43869,2026-06-04 04:27:08,23.4250,3.37,0.247,9.426,OFF,#5,HOLDING,0.169A/B
43870,2026-06-04 04:27:09,23.4250,3.37,0.247,0.000,B,#5,HOLDING,0.382A/B
43871,2026-06-04 04:27:11,23.2500,3.37,0.247,0.000,B,#5,HOLDING,0.618A/B
43872,2026-06-04 04:27:12,23.0750,3.37,0.247,0.000,B,#5,HOLDING,0.854A/B
43873,2026-06-04 04:27:14,22.9250,6.17,0.247,0.000,B,#5,HOLDING,1.141A/B
43874,2026-06-04 04:27:16,22.8000,6.17,1.141,9.801,B,#5,HOLDING,1.421A/B
43875,2026-06-04 04:27:18,22.7000,6.17,1.141,9.801,B,#5,HOLDING,1.500A/B
43876,2026-06-04 04:27:20,22.6250,6.17,1.141,9.801,B,#5,HOLDING,1.785A/B
43877,2026-06-04 04:27:22,22.5750,12.00,1.141,9.801,B,#5,HOLDING,1.000A/B
43878,2026-06-04 04:27:24,22.5375,12.00,1.056,8.070,B,#5,HOLDING,2.076A/B
43879,2026-06-04 04:27:26,22.5375,12.00,1.056,8.070,B,#5,HOLDING,1.000A/B
43880,2026-06-04 04:27:28,22.5625,12.00,1.056,8.070,B,#5,HOLDING,2.441A/B
43881,2026-06-04 04:27:30,22.6125,12.00,1.056,8.070,B,#5,HOLDING,1.000A/B
43882,2026-06-04 04:27:32,22.7250,12.00,1.162,8.450,B,#5,HOLDING,2.500A/B
43883,2026-06-04 04:27:34,22.8000,12.00,1.162,8.450,B,#5,HOLDING,1.500A/B
43884,2026-06-04 04:27:35,22.9250,12.00,1.162,8.450,B,#5,HOLDING,2.500A/B
43885,2026-06-04 04:27:37,23.0250,12.00,1.162,8.450,B,#5,HOLDING,2.000A/B
43886,2026-06-04 04:27:39,23.1750,12.00,1.479,17.520,B,#5,HOLDING,1.500A/B
43887,2026-06-04 04:27:42,23.3500,12.00,1.479,17.520,B,#5,HOLDING,1.000A/B
43888,2026-06-04 04:27:43,23.4875,12.00,1.479,17.520,B,#5,HOLDING,1.000A/B
43889,2026-06-04 04:27:45,23.6875,8.88,1.479,17.520,B,#5,HOLDING,2.654A/B
43890,2026-06-04 04:27:47,23.8625,8.88,1.430,16.980,B,#5,HOLDING,1.500A/B
43891,2026-06-04 04:27:49,24.0625,8.88,1.430,16.980,B,#5,HOLDING,2.000A/B
43892,2026-06-04 04:27:51,24.2375,8.88,1.430,16.980,B,#5,HOLDING,1.500A/B
43893,2026-06-04 04:27:53,24.4125,12.00,1.430,16.980,B,#5,HOLDING,1.500A/B
43894,2026-06-04 04:27:55,24.6125,12.00,1.394,0.000,B,#1,APPROACH,0.399A/B
43895,2026-06-04 04:27:57,24.8125,12.00,1.394,0.000,B,#1,APPROACH,0.616A/B
43896,2026-06-04 04:27:59,24.9875,12.00,1.394,0.000,B,#1,APPROACH,0.783A/B
43897,2026-06-04 04:28:01,25.1875,12.00,1.394,0.000,B,#1,APPROACH,0.893A/B
43898,2026-06-04 04:28:03,25.3625,8.45,1.394,0.000,B,#1,APPROACH,1.000A/B
43899,2026-06-04 04:28:04,25.5625,8.45,1.000,9.340,B,#1,APPROACH,0.993A/B
43900,2026-06-04 04:28:07,25.7250,8.45,1.000,9.340,B,#1,APPROACH,1.155A/B
43901,2026-06-04 04:28:08,25.8750,8.45,1.000,9.340,B,#1,APPROACH,1.255A/B
43902,2026-06-04 04:28:10,26.0500,10.98,1.000,9.340,B,#1,APPROACH,1.367A/B
43903,2026-06-04 04:28:12,26.2500,10.98,1.352,16.284,B,#1,APPROACH,1.419A/B
43904,2026-06-04 04:28:14,26.4250,10.98,1.352,16.284,B,#1,APPROACH,1.000A/B
43905,2026-06-04 04:28:16,26.6250,10.98,1.352,16.284,B,#1,APPROACH,1.531A/B
43906,2026-06-04 04:28:18,26.8000,12.00,1.352,16.284,B,#1,APPROACH,1.615A/B
43907,2026-06-04 04:28:20,26.9500,12.00,1.348,15.996,B,#1,APPROACH,1.690A/B
43908,2026-06-04 04:28:22,27.1750,12.00,1.348,15.996,B,#1,APPROACH,1.000A/B
43909,2026-06-04 04:28:24,27.3250,12.00,1.348,15.996,B,#1,APPROACH,1.000A/B
43910,2026-06-04 04:28:26,27.5500,9.54,1.348,15.996,B,#1,APPROACH,1.000A/B
43911,2026-06-04 04:28:27,27.7250,9.54,1.000,9.720,B,#1,APPROACH,1.748A/B
43912,2026-06-04 04:28:30,27.9000,9.54,1.000,9.720,B,#1,APPROACH,1.000A/B
43913,2026-06-04 04:28:31,28.0750,9.54,1.000,9.720,B,#1,APPROACH,1.000A/B
43914,2026-06-04 04:28:33,28.2625,9.56,1.000,9.720,B,#1,HOLDING,1.500A/B
43915,2026-06-04 04:28:35,28.4375,9.56,1.325,9.720,OFF,#1,HOLDING,0.000A/OFF
43916,2026-06-04 04:28:36,28.6125,9.56,1.325,15.756,OFF,#1,HOLDING,0.000A/OFF
43917,2026-06-04 04:28:37,28.6125,9.56,1.325,15.756,OFF,#1,HOLDING,0.000A/OFF
43918,2026-06-04 04:28:38,28.8125,9.56,1.325,15.756,OFF,#1,HOLDING,0.000A/OFF
43919,2026-06-04 04:28:39,28.8125,9.56,1.325,15.756,OFF,#1,HOLDING,0.000A/OFF
43920,2026-06-04 04:28:40,28.9875,9.56,1.325,15.756,OFF,#1,HOLDING,0.000A/OFF
43921,2026-06-04 04:28:41,28.9875,12.00,1.325,15.756,OFF,#1,HOLDING,0.000A/OFF
43922,2026-06-04 04:28:42,29.1375,12.00,0.000,15.756,OFF,#1,HOLDING,0.000A/OFF
43923,2026-06-04 04:28:43,29.1375,12.00,0.000,0.000,OFF,#1,HOLDING,0.000A/OFF
43924,2026-06-04 04:28:44,29.3000,12.00,0.000,0.000,OFF,#1,HOLDING,0.000A/OFF
43925,2026-06-04 04:28:45,29.3000,12.00,0.000,0.000,OFF,#1,HOLDING,0.000A/OFF
43926,2026-06-04 04:28:46,29.4500,12.00,0.000,0.000,OFF,#1,HOLDING,0.000A/OFF
43927,2026-06-04 04:28:47,29.4500,12.00,0.000,0.000,OFF,#1,HOLDING,0.000A/OFF
43928,2026-06-04 04:28:48,29.5750,12.00,0.000,0.000,OFF,#1,HOLDING,0.000A/OFF
43929,2026-06-04 04:28:49,29.5750,12.00,0.000,0.000,OFF,#1,HOLDING,0.000A/OFF
43930,2026-06-04 04:28:50,29.7000,12.00,0.000,0.000,OFF,#1,HOLDING,0.000A/OFF
43931,2026-06-04 04:28:51,29.7000,12.00,0.000,0.000,OFF,#1,HOLDING,0.000A/OFF
43932,2026-06-04 04:28:52,29.8250,12.00,0.000,0.000,OFF,#1,HOLDING,0.000A/OFF
43933,2026-06-04 04:28:53,29.9250,12.00,0.000,0.000,OFF,#1,HOLDING,0.000A/OFF
43934,2026-06-04 04:28:54,29.9250,12.00,0.000,0.000,OFF,#1,HOLDING,0.000A/OFF
43935,2026-06-04 04:28:55,30.0125,12.00,0.000,0.000,OFF,#1,HOLDING,0.000A/OFF
43936,2026-06-04 04:28:56,30.0125,12.00,0.000,0.000,OFF,#1,HOLDING,0.000A/OFF
43937,2026-06-04 04:28:57,30.0875,12.00,0.000,0.000,OFF,#1,HOLDING,0.000A/OFF
43938,2026-06-04 04:28:58,30.0875,12.00,0.000,0.000,OFF,#1,HOLDING,0.000A/OFF
43939,2026-06-04 04:28:59,30.1625,12.00,0.000,0.000,A,#1,HOLDING,0.128A/A
43940,2026-06-04 04:29:01,30.1875,12.00,0.000,0.000,A,#1,HOLDING,0.148A/A
43941,2026-06-04 04:29:03,30.1875,12.00,0.000,0.109,A,#1,HOLDING,0.184A/A
43942,2026-06-04 04:29:04,30.2250,12.00,0.000,0.109,A,#1,HOLDING,0.259A/A
43943,2026-06-04 04:29:06,30.2750,12.00,0.000,0.109,A,#1,HOLDING,0.299A/A
43944,2026-06-04 04:29:08,30.2875,2.13,0.000,0.109,A,#1,HOLDING,0.342A/A
43945,2026-06-04 04:29:10,30.3125,2.13,0.342,0.906,A,#1,HOLDING,0.382A/A
43946,2026-06-04 04:29:12,30.3125,2.13,0.342,0.906,A,#1,HOLDING,0.429A/A
43947,2026-06-04 04:29:14,30.3125,2.13,0.342,0.906,A,#1,HOLDING,0.463A/A
43948,2026-06-04 04:29:16,30.2750,3.65,0.342,0.906,A,#1,HOLDING,0.495A/A
43949,2026-06-04 04:29:17,30.2500,3.65,0.495,1.999,A,#1,HOLDING,0.530A/A
43950,2026-06-04 04:29:20,30.2125,3.65,0.495,1.999,A,#1,HOLDING,0.573A/A
43951,2026-06-04 04:29:21,30.1625,3.65,0.495,1.999,A,#1,HOLDING,0.552A/A
43952,2026-06-04 04:29:23,30.1125,4.58,0.495,1.999,A,#1,HOLDING,0.583A/A
43953,2026-06-04 04:29:25,30.0375,4.58,0.583,2.880,A,#1,HOLDING,0.610A/A
43954,2026-06-04 04:29:27,29.9625,4.58,0.583,2.880,A,#1,HOLDING,0.646A/A
43955,2026-06-04 04:29:29,29.8875,4.58,0.583,2.880,A,#1,HOLDING,0.664A/A
43956,2026-06-04 04:29:31,29.8125,5.67,0.583,2.880,A,#1,HOLDING,0.687A/A
43957,2026-06-04 04:29:33,29.7375,5.67,0.673,4.087,A,#1,HOLDING,0.705A/A
43958,2026-06-04 04:29:35,29.6500,5.67,0.673,4.087,A,#1,HOLDING,0.729A/A
43959,2026-06-04 04:29:37,29.5500,5.67,0.673,4.087,A,#1,HOLDING,0.736A/A
43960,2026-06-04 04:29:39,29.4250,6.41,0.673,4.087,A,#1,HOLDING,0.740A/A
43961,2026-06-04 04:29:40,29.3250,6.41,0.740,4.839,A,#1,HOLDING,0.742A/A
43962,2026-06-04 04:29:43,29.1750,6.41,0.740,4.839,A,#1,HOLDING,0.741A/A
43963,2026-06-04 04:29:44,29.0500,6.41,0.740,4.839,A,#1,HOLDING,0.734A/A
43964,2026-06-04 04:29:46,28.9250,6.54,0.740,4.839,A,#1,HOLDING,0.721A/A
43965,2026-06-04 04:29:48,28.8000,6.54,0.721,4.700,A,#1,HOLDING,0.705A/A
43966,2026-06-04 04:29:50,28.6375,6.54,0.721,4.700,A,#2,APPROACH,0.680A/A
43967,2026-06-04 04:29:52,28.4875,6.54,0.721,4.700,A,#2,APPROACH,0.615A/A
43968,2026-06-04 04:29:54,28.3500,6.54,0.721,4.700,A,#2,APPROACH,0.611A/A
43969,2026-06-04 04:29:56,28.1500,11.05,0.721,4.700,A,#2,APPROACH,0.622A/A
43970,2026-06-04 04:29:58,27.9750,11.05,0.644,3.669,A,#2,APPROACH,0.644A/A
43971,2026-06-04 04:30:00,27.8000,11.05,0.644,3.669,A,#2,APPROACH,0.690A/A
43972,2026-06-04 04:30:02,27.6375,11.05,0.644,3.669,A,#2,APPROACH,0.723A/A
43973,2026-06-04 04:30:04,27.4375,6.68,0.644,3.669,A,#2,APPROACH,0.766A/A
43974,2026-06-04 04:30:06,27.2625,6.68,0.766,5.476,A,#2,APPROACH,0.817A/A
43975,2026-06-04 04:30:08,27.0625,6.68,0.766,5.476,A,#2,APPROACH,0.902A/A
43976,2026-06-04 04:30:10,26.8875,6.68,0.766,5.476,A,#2,APPROACH,0.960A/A
43977,2026-06-04 04:30:11,26.7375,8.42,0.766,5.476,A,#2,APPROACH,1.039A/A
43978,2026-06-04 04:30:13,26.5500,8.42,1.039,9.517,A,#2,APPROACH,1.120A/A
43979,2026-06-04 04:30:16,26.3750,8.42,1.039,9.517,A,#2,APPROACH,1.245A/A
43980,2026-06-04 04:30:17,26.1750,8.42,1.039,9.517,A,#2,APPROACH,1.000A/A
43981,2026-06-04 04:30:19,26.0000,8.83,1.039,9.517,A,#2,APPROACH,1.000A/A
43982,2026-06-04 04:30:21,25.8250,8.83,1.000,8.990,A,#2,APPROACH,1.308A/A
43983,2026-06-04 04:30:23,25.6250,8.83,1.000,8.990,A,#2,APPROACH,1.470A/A
43984,2026-06-04 04:30:25,25.4500,8.83,1.000,8.990,A,#2,APPROACH,1.500A/A
43985,2026-06-04 04:30:27,25.2500,12.00,1.000,8.990,A,#2,APPROACH,1.570A/A
43986,2026-06-04 04:30:29,25.0750,12.00,1.449,17.244,A,#2,APPROACH,1.713A/A
43987,2026-06-04 04:30:31,24.8750,12.00,1.449,17.244,A,#2,APPROACH,1.500A/A
43988,2026-06-04 04:30:33,24.7000,12.00,1.449,17.244,A,#2,APPROACH,1.903A/A
43989,2026-06-04 04:30:34,24.5000,12.00,1.449,17.244,A,#2,APPROACH,2.000A/A
43990,2026-06-04 04:30:36,24.3250,12.00,1.430,17.004,A,#2,APPROACH,2.055A/A
43991,2026-06-04 04:30:39,24.1250,12.00,1.430,17.004,A,#2,APPROACH,2.000A/A
43992,2026-06-04 04:30:40,23.9500,12.00,1.430,17.004,A,#2,APPROACH,2.284A/A
43993,2026-06-04 04:30:42,23.7500,12.00,1.430,17.004,A,#2,APPROACH,2.000A/A
43994,2026-06-04 04:30:44,23.5750,12.00,1.414,16.848,A,#2,APPROACH,1.000A/A
43995,2026-06-04 04:30:46,23.3750,12.00,1.414,16.848,A,#2,APPROACH,2.460A/A
43996,2026-06-04 04:30:48,23.2250,12.00,1.414,16.848,A,#2,APPROACH,1.000A/A
43997,2026-06-04 04:30:50,23.0000,9.12,1.414,16.848,A,#2,APPROACH,2.500A/A
43998,2026-06-04 04:30:52,22.8250,9.12,1.412,16.836,A,#2,APPROACH,2.500A/A
43999,2026-06-04 04:30:54,22.6250,9.12,1.412,16.836,A,#2,APPROACH,1.500A/A
44000,2026-06-04 04:30:56,22.4500,9.12,1.412,16.836,A,#2,APPROACH,2.500A/A
44001,2026-06-04 04:30:58,22.2750,12.00,1.412,16.836,A,#2,APPROACH,2.598A/A
44002,2026-06-04 04:30:59,22.1125,12.00,1.407,16.752,A,#2,APPROACH,1.500A/A
44003,2026-06-04 04:31:02,21.9375,12.00,1.407,16.752,A,#2,APPROACH,1.500A/A
44004,2026-06-04 04:31:03,21.7625,12.00,1.407,16.752,A,#2,APPROACH,2.788A/A
44005,2026-06-04 04:31:05,21.6125,12.00,1.407,16.752,A,#2,APPROACH,1.000A/A
44006,2026-06-04 04:31:07,21.4375,12.00,1.206,9.330,A,#2,APPROACH,1.000A/A
44007,2026-06-04 04:31:09,21.2875,12.00,1.206,9.330,A,#2,APPROACH,2.000A/A
44008,2026-06-04 04:31:11,21.1125,12.00,1.206,9.330,A,#2,APPROACH,2.500A/A
44009,2026-06-04 04:31:13,20.9375,12.00,1.206,9.330,A,#2,APPROACH,2.500A/A
44010,2026-06-04 04:31:15,20.8000,12.00,1.405,16.752,A,#2,APPROACH,1.500A/A
44011,2026-06-04 04:31:17,20.6750,12.00,1.405,16.752,A,#2,APPROACH,2.500A/A
44012,2026-06-04 04:31:19,20.5125,12.00,1.405,16.752,A,#2,APPROACH,1.000A/A
44013,2026-06-04 04:31:21,20.3625,9.23,1.405,16.752,A,#2,APPROACH,2.918A/A
44014,2026-06-04 04:31:22,20.2625,9.23,1.402,16.716,A,#2,APPROACH,3.000A/A
44015,2026-06-04 04:31:25,20.0875,9.23,1.402,16.716,A,#2,APPROACH,2.000A/A
44016,2026-06-04 04:31:26,19.9875,9.23,1.402,16.716,A,#2,APPROACH,1.500A/A
44017,2026-06-04 04:31:28,19.8125,12.00,1.402,16.716,A,#2,APPROACH,1.500A/A
44018,2026-06-04 04:31:30,19.7000,12.00,1.396,16.632,A,#2,APPROACH,2.500A/A
44019,2026-06-04 04:31:33,19.6000,12.00,1.396,16.632,A,#2,APPROACH,1.500A/A
44020,2026-06-04 04:31:34,19.4875,12.00,1.396,16.632,A,#2,APPROACH,2.500A/A
44021,2026-06-04 04:31:36,19.3375,12.00,1.396,16.632,A,#2,APPROACH,1.500A/A
44022,2026-06-04 04:31:38,19.2375,12.00,1.390,16.572,A,#2,APPROACH,1.000A/A
44023,2026-06-04 04:31:40,19.1125,12.00,1.390,16.572,A,#2,APPROACH,2.979A/A
44024,2026-06-04 04:31:42,19.0125,12.00,1.390,16.572,A,#2,APPROACH,2.000A/A
44025,2026-06-04 04:31:44,18.8875,12.00,1.390,16.572,A,#2,APPROACH,2.000A/A
44026,2026-06-04 04:31:46,18.8000,12.00,1.393,16.608,A,#2,APPROACH,2.000A/A
44027,2026-06-04 04:31:48,18.6750,12.00,1.393,16.608,A,#2,APPROACH,2.000A/A
44028,2026-06-04 04:31:49,18.5750,12.00,1.393,16.608,A,#2,APPROACH,2.500A/A
44029,2026-06-04 04:31:51,18.4500,12.00,1.393,16.608,A,#2,APPROACH,2.000A/A
44030,2026-06-04 04:31:53,18.3375,12.00,1.403,16.716,A,#2,APPROACH,2.000A/A
44031,2026-06-04 04:31:56,18.2375,12.00,1.403,16.716,A,#2,APPROACH,1.000A/A
44032,2026-06-04 04:31:57,18.1500,12.00,1.403,16.716,A,#2,APPROACH,2.000A/A
44033,2026-06-04 04:31:59,18.0500,12.00,1.403,16.716,A,#2,APPROACH,3.000A/A
44034,2026-06-04 04:32:01,17.9250,12.00,1.401,16.692,A,#2,APPROACH,2.000A/A
44035,2026-06-04 04:32:03,17.8500,12.00,1.401,16.692,A,#2,APPROACH,2.000A/A
44036,2026-06-04 04:32:05,17.7750,12.00,1.401,16.692,A,#2,APPROACH,2.000A/A
44037,2026-06-04 04:32:07,17.6750,12.00,1.401,16.692,A,#2,APPROACH,2.500A/A
44038,2026-06-04 04:32:09,17.5875,12.00,1.400,16.692,A,#2,APPROACH,3.000A/A
44039,2026-06-04 04:32:11,17.5125,12.00,1.400,16.692,A,#2,APPROACH,1.000A/A
44040,2026-06-04 04:32:12,17.4250,12.00,1.400,16.692,A,#2,APPROACH,3.000A/A
44041,2026-06-04 04:32:14,17.3250,12.00,1.400,16.692,A,#2,APPROACH,3.000A/A
44042,2026-06-04 04:32:16,17.2750,12.00,1.395,16.632,A,#2,HOLDING,2.976A/A
44043,2026-06-04 04:32:19,17.2000,12.00,1.395,16.632,OFF,#2,HOLDING,0.000A/OFF
44044,2026-06-04 04:32:20,17.1500,12.00,1.395,16.632,OFF,#2,HOLDING,0.000A/OFF
44045,2026-06-04 04:32:21,17.1500,12.00,1.395,16.632,OFF,#2,HOLDING,0.000A/OFF
44046,2026-06-04 04:32:22,17.0750,12.00,1.395,16.632,OFF,#2,HOLDING,0.000A/OFF
44047,2026-06-04 04:32:23,17.0750,12.00,0.000,16.632,OFF,#2,HOLDING,0.000A/OFF
44048,2026-06-04 04:32:24,16.9875,12.00,0.000,16.632,OFF,#2,HOLDING,0.000A/OFF
44049,2026-06-04 04:32:25,16.9875,12.00,0.000,0.000,A,#2,HOLDING,0.121A/A
44050,2026-06-04 04:32:26,16.9375,12.00,0.000,0.000,A,#2,HOLDING,0.135A/A
44051,2026-06-04 04:32:28,16.8750,12.00,0.000,0.000,A,#2,HOLDING,0.161A/A
44052,2026-06-04 04:32:29,16.8250,2.44,0.000,0.000,A,#2,HOLDING,0.173A/A
44053,2026-06-04 04:32:31,16.8125,2.44,0.173,0.437,A,#2,HOLDING,0.196A/A
44054,2026-06-04 04:32:34,16.8125,2.44,0.173,0.437,A,#2,HOLDING,0.227A/A
44055,2026-06-04 04:32:35,16.8125,2.44,0.173,0.437,A,#2,HOLDING,0.249A/A
44056,2026-06-04 04:32:37,16.8375,3.03,0.173,0.437,A,#2,HOLDING,0.273A/A
44057,2026-06-04 04:32:39,16.8750,3.03,0.273,0.892,A,#2,HOLDING,0.298A/A
44058,2026-06-04 04:32:41,16.9000,3.03,0.273,0.892,A,#2,HOLDING,0.328A/A
44059,2026-06-04 04:32:43,16.9375,3.03,0.273,0.892,A,#2,HOLDING,0.350A/A
44060,2026-06-04 04:32:45,16.9875,3.76,0.273,0.892,A,#2,HOLDING,0.377A/A
44061,2026-06-04 04:32:47,17.0125,3.76,0.377,1.526,A,#2,HOLDING,0.404A/A
44062,2026-06-04 04:32:49,17.0875,3.76,0.377,1.526,A,#2,HOLDING,0.443A/A
44063,2026-06-04 04:32:51,17.1250,3.76,0.377,1.526,A,#2,HOLDING,0.468A/A
44064,2026-06-04 04:32:52,17.1500,4.70,0.377,1.526,A,#2,HOLDING,0.500A/A
44065,2026-06-04 04:32:54,17.2000,4.70,0.500,2.540,A,#2,HOLDING,0.533A/A
44066,2026-06-04 04:32:57,17.2750,4.70,0.500,2.540,A,#2,HOLDING,0.581A/A
44067,2026-06-04 04:32:58,17.3250,4.70,0.500,2.540,A,#2,HOLDING,0.668A/A
44068,2026-06-04 04:33:00,17.4000,6.29,0.500,2.540,A,#2,HOLDING,0.715A/A
44069,2026-06-04 04:33:02,17.4375,6.29,0.715,4.890,A,#2,HOLDING,0.757A/A
44070,2026-06-04 04:33:04,17.4625,6.29,0.715,4.890,A,#2,HOLDING,0.810A/A
44071,2026-06-04 04:33:06,17.5125,6.29,0.715,4.890,A,#2,HOLDING,0.850A/A
44072,2026-06-04 04:33:08,17.5625,7.70,0.715,4.890,A,#2,HOLDING,0.901A/A
44073,2026-06-04 04:33:10,17.5625,7.70,0.901,7.433,A,#2,HOLDING,0.945A/A
44074,2026-06-04 04:33:12,17.6125,7.70,0.901,7.433,A,#2,HOLDING,1.009A/A
44075,2026-06-04 04:33:14,17.6250,7.70,0.901,7.433,A,#2,HOLDING,1.048A/A
44076,2026-06-04 04:33:15,17.6500,9.12,0.901,7.433,A,#2,HOLDING,1.000A/A
44077,2026-06-04 04:33:17,17.6250,9.12,1.000,8.960,A,#2,HOLDING,1.000A/A
44078,2026-06-04 04:33:20,17.6750,9.12,1.000,8.960,A,#2,HOLDING,1.099A/A
44079,2026-06-04 04:33:21,17.6875,9.12,1.000,8.960,A,#2,HOLDING,1.000A/A
44080,2026-06-04 04:33:23,17.6625,8.89,1.000,8.960,A,#2,HOLDING,1.000A/A
44081,2026-06-04 04:33:25,17.6250,8.89,1.000,9.060,A,#2,HOLDING,1.000A/A
44082,2026-06-04 04:33:27,17.6250,8.89,1.000,9.060,A,#2,HOLDING,1.131A/A
44083,2026-06-04 04:33:29,17.6500,8.89,1.000,9.060,A,#2,HOLDING,1.182A/A
44084,2026-06-04 04:33:31,17.6250,10.15,1.000,9.060,A,#2,HOLDING,1.231A/A
44085,2026-06-04 04:33:33,17.6250,10.15,1.231,13.110,A,#2,HOLDING,1.279A/A
44086,2026-06-04 04:33:35,17.5750,10.15,1.231,13.110,A,#2,HOLDING,1.000A/A
44087,2026-06-04 04:33:37,17.5625,10.15,1.231,13.110,A,#2,HOLDING,1.000A/A
44088,2026-06-04 04:33:39,17.5125,9.03,1.231,13.110,A,#2,HOLDING,1.324A/A
44089,2026-06-04 04:33:40,17.5000,9.03,1.304,15.000,A,#2,HOLDING,1.000A/A
44090,2026-06-04 04:33:43,17.4500,9.03,1.304,15.000,A,#2,HOLDING,1.366A/A
44091,2026-06-04 04:33:44,17.4000,9.03,1.304,15.000,A,#2,HOLDING,1.398A/A
44092,2026-06-04 04:33:46,17.3750,11.62,1.304,15.000,A,#2,HOLDING,1.435A/A
44093,2026-06-04 04:33:48,17.3500,11.62,1.435,17.124,A,#2,HOLDING,1.475A/A
44094,2026-06-04 04:33:50,17.3250,11.62,1.435,17.124,A,#2,HOLDING,1.000A/A
44095,2026-06-04 04:33:52,17.2750,11.62,1.435,17.124,A,#2,HOLDING,1.471A/A
44096,2026-06-04 04:33:54,17.2000,12.00,1.435,17.124,A,#2,HOLDING,1.000A/A
44097,2026-06-04 04:33:56,17.1750,12.00,1.000,9.160,A,#2,HOLDING,1.000A/A
44098,2026-06-04 04:33:58,17.1250,12.00,1.000,9.160,A,#2,HOLDING,1.500A/A
44099,2026-06-04 04:34:00,17.0625,12.00,1.000,9.160,A,#2,HOLDING,1.000A/A
44100,2026-06-04 04:34:02,17.0125,9.12,1.000,9.160,A,#2,HOLDING,1.523A/A
44101,2026-06-04 04:34:03,16.9375,9.12,1.431,17.028,A,#2,HOLDING,1.542A/A
44102,2026-06-04 04:34:06,16.9375,9.12,1.431,17.028,A,#2,HOLDING,1.500A/A
44103,2026-06-04 04:34:07,16.8750,9.12,1.431,17.028,A,#2,HOLDING,1.577A/A
44104,2026-06-04 04:34:09,16.8250,12.00,1.431,17.028,A,#2,HOLDING,1.599A/A
44105,2026-06-04 04:34:11,16.7750,12.00,1.428,17.004,A,#3,APPROACH,1.612A/A
44106,2026-06-04 04:34:13,16.7250,12.00,1.428,17.004,B,#3,APPROACH,0.439A/B
44107,2026-06-04 04:34:16,16.6750,12.00,1.428,17.004,B,#3,APPROACH,0.487A/B
44108,2026-06-04 04:34:18,16.6000,12.00,1.428,17.004,B,#3,APPROACH,0.556A/B
44109,2026-06-04 04:34:20,16.5625,8.07,0.556,17.004,B,#3,APPROACH,0.643A/B
44110,2026-06-04 04:34:22,16.5125,8.07,0.556,2.944,B,#3,APPROACH,0.734A/B
44111,2026-06-04 04:34:23,16.4750,8.07,0.556,2.944,B,#3,APPROACH,0.824A/B
44112,2026-06-04 04:34:25,16.5000,8.07,0.556,2.944,B,#3,APPROACH,0.917A/B
44113,2026-06-04 04:34:27,16.5375,6.77,0.556,2.944,B,#3,APPROACH,1.000A/B
44114,2026-06-04 04:34:29,16.6125,6.77,1.000,7.600,B,#3,APPROACH,1.030A/B
44115,2026-06-04 04:34:31,16.7000,6.77,1.000,7.600,B,#3,APPROACH,1.218A/B
44116,2026-06-04 04:34:33,16.8000,6.77,1.000,7.600,B,#3,APPROACH,1.347A/B
44117,2026-06-04 04:34:34,16.9250,10.01,1.000,7.600,B,#3,APPROACH,1.500A/B
44118,2026-06-04 04:34:36,17.0750,10.01,1.420,17.130,B,#3,APPROACH,1.495A/B
44119,2026-06-04 04:34:39,17.2375,10.01,1.420,17.130,B,#3,APPROACH,1.500A/B
44120,2026-06-04 04:34:40,17.4125,10.01,1.420,17.130,B,#3,APPROACH,1.714A/B
44121,2026-06-04 04:34:42,17.6125,12.00,1.420,17.130,B,#3,APPROACH,1.902A/B
44122,2026-06-04 04:34:44,17.8375,12.00,1.544,18.204,B,#3,APPROACH,2.000A/B
44123,2026-06-04 04:34:46,18.0500,12.00,1.544,18.204,B,#3,APPROACH,2.000A/B
44124,2026-06-04 04:34:48,18.3000,12.00,1.544,18.204,B,#3,APPROACH,1.500A/B
44125,2026-06-04 04:34:50,18.5875,11.96,1.544,18.204,B,#3,APPROACH,1.000A/B
44126,2026-06-04 04:34:52,18.8375,11.96,1.241,8.760,B,#3,APPROACH,1.000A/B
44127,2026-06-04 04:34:54,19.0875,11.96,1.241,8.760,B,#3,APPROACH,1.000A/B
44128,2026-06-04 04:34:56,19.3625,11.96,1.241,8.760,B,#3,APPROACH,2.011A/B
44129,2026-06-04 04:34:58,19.6500,12.00,1.241,8.760,B,#3,APPROACH,1.000A/B
44130,2026-06-04 04:34:59,19.9250,12.00,1.228,8.950,B,#3,APPROACH,1.500A/B
44131,2026-06-04 04:35:02,20.2125,12.00,1.228,8.950,B,#3,APPROACH,1.500A/B
44132,2026-06-04 04:35:03,20.4625,12.00,1.228,8.950,B,#3,APPROACH,2.155A/B
44133,2026-06-04 04:35:05,20.7125,12.00,1.228,8.950,B,#3,APPROACH,2.305A/B
44134,2026-06-04 04:35:07,20.9875,12.00,1.422,16.836,B,#3,APPROACH,1.500A/B
44135,2026-06-04 04:35:09,21.2500,12.00,1.422,16.836,B,#3,APPROACH,2.000A/B
44136,2026-06-04 04:35:11,21.5250,12.00,1.422,16.836,B,#3,APPROACH,2.000A/B
44137,2026-06-04 04:35:13,21.7750,12.00,1.422,16.836,B,#3,APPROACH,2.401A/B
44138,2026-06-04 04:35:15,22.0500,12.00,1.389,16.452,B,#3,APPROACH,2.429A/B
44139,2026-06-04 04:35:17,22.3125,12.00,1.389,16.452,B,#3,APPROACH,2.500A/B
44140,2026-06-04 04:35:19,22.5625,12.00,1.389,16.452,B,#3,APPROACH,1.500A/B
44141,2026-06-04 04:35:21,22.8375,12.00,1.389,16.452,B,#3,APPROACH,2.500A/B
44142,2026-06-04 04:35:22,23.1125,12.00,1.365,16.164,B,#3,APPROACH,2.500A/B
44143,2026-06-04 04:35:25,23.3750,12.00,1.365,16.164,B,#3,APPROACH,1.500A/B
44144,2026-06-04 04:35:26,23.6500,12.00,1.365,16.164,B,#3,APPROACH,2.490A/B
44145,2026-06-04 04:35:28,23.9375,12.00,1.365,16.164,B,#3,APPROACH,2.500A/B
44146,2026-06-04 04:35:30,24.2125,12.00,1.343,15.924,B,#3,HOLDING,1.000A/B
44147,2026-06-04 04:35:33,24.4750,12.00,1.343,15.924,OFF,#3,HOLDING,0.000A/OFF
44148,2026-06-04 04:35:34,24.4750,12.00,1.343,15.924,OFF,#3,HOLDING,0.000A/OFF
44149,2026-06-04 04:35:35,24.7500,12.00,1.343,15.924,OFF,#3,HOLDING,0.000A/OFF
44150,2026-06-04 04:35:36,24.7500,12.00,1.343,15.924,OFF,#3,HOLDING,0.000A/OFF
44151,2026-06-04 04:35:37,25.0000,12.00,0.000,15.924,OFF,#3,HOLDING,0.000A/OFF
44152,2026-06-04 04:35:38,25.0000,12.00,0.000,15.924,OFF,#3,HOLDING,0.000A/OFF
44153,2026-06-04 04:35:39,25.2500,12.00,0.000,0.000,OFF,#3,HOLDING,0.000A/OFF
44154,2026-06-04 04:35:40,25.2500,12.00,0.000,0.000,OFF,#3,HOLDING,0.000A/OFF
44155,2026-06-04 04:35:41,25.5000,12.00,0.000,0.000,OFF,#3,HOLDING,0.000A/OFF
44156,2026-06-04 04:35:42,25.7500,12.00,0.000,0.000,OFF,#3,HOLDING,0.000A/OFF
44157,2026-06-04 04:35:43,25.7500,12.00,0.000,0.000,OFF,#3,HOLDING,0.000A/OFF
44158,2026-06-04 04:35:44,25.9500,12.00,0.000,0.000,A,#3,HOLDING,0.104A/A
44159,2026-06-04 04:35:46,26.1250,12.00,0.000,0.000,A,#3,HOLDING,0.182A/A
44160,2026-06-04 04:35:48,26.3625,12.00,0.000,0.000,A,#3,HOLDING,0.267A/A
44161,2026-06-04 04:35:49,26.5125,1.63,0.000,0.000,A,#3,HOLDING,0.309A/A
44162,2026-06-04 04:35:51,26.6625,1.63,0.309,0.673,A,#3,HOLDING,0.380A/A
44163,2026-06-04 04:35:54,26.7875,1.63,0.309,0.673,A,#3,HOLDING,0.452A/A
44164,2026-06-04 04:35:55,26.9250,1.63,0.309,0.673,A,#3,HOLDING,0.523A/A
44165,2026-06-04 04:35:57,27.0500,3.91,0.309,0.673,A,#3,HOLDING,0.602A/A
44166,2026-06-04 04:35:59,27.1625,3.91,0.602,2.871,A,#3,HOLDING,0.690A/A
44167,2026-06-04 04:36:01,27.2625,3.91,0.602,2.871,A,#3,HOLDING,0.794A/A
44168,2026-06-04 04:36:03,27.3250,3.91,0.602,2.871,A,#3,HOLDING,0.866A/A
44169,2026-06-04 04:36:05,27.3750,6.85,0.602,2.871,A,#3,HOLDING,0.949A/A
44170,2026-06-04 04:36:07,27.3875,6.85,0.949,7.316,A,#3,HOLDING,1.031A/A
44171,2026-06-04 04:36:09,27.4375,6.85,0.949,7.316,A,#3,HOLDING,1.146A/A
44172,2026-06-04 04:36:11,27.4375,6.85,0.949,7.316,A,#3,HOLDING,1.000A/A
44173,2026-06-04 04:36:12,27.4125,8.15,0.949,7.316,A,#3,HOLDING,1.214A/A
44174,2026-06-04 04:36:14,27.4000,8.15,1.203,11.957,A,#3,HOLDING,1.296A/A
44175,2026-06-04 04:36:17,27.3750,8.15,1.203,11.957,A,#3,HOLDING,1.405A/A
44176,2026-06-04 04:36:18,27.3375,8.15,1.203,11.957,A,#3,HOLDING,1.476A/A
44177,2026-06-04 04:36:20,27.2625,11.52,1.203,11.957,A,#3,HOLDING,1.549A/A
44178,2026-06-04 04:36:22,27.2125,11.52,1.525,18.120,A,#3,HOLDING,1.625A/A
44179,2026-06-04 04:36:24,27.1125,11.52,1.525,18.120,A,#3,HOLDING,1.717A/A
44180,2026-06-04 04:36:26,27.0125,11.52,1.525,18.120,A,#3,HOLDING,1.500A/A
44181,2026-06-04 04:36:28,26.8875,11.96,1.525,18.120,A,#3,HOLDING,1.500A/A
44182,2026-06-04 04:36:30,26.7750,11.96,1.490,17.688,A,#3,HOLDING,1.000A/A
44183,2026-06-04 04:36:32,26.6250,11.96,1.490,17.688,A,#3,HOLDING,1.742A/A
44184,2026-06-04 04:36:34,26.5125,11.96,1.490,17.688,A,#3,HOLDING,1.000A/A
44185,2026-06-04 04:36:35,26.3125,8.84,1.490,17.688,A,#3,HOLDING,1.766A/A
44186,2026-06-04 04:36:37,26.1375,8.84,1.233,17.448,A,#3,HOLDING,1.500A/A
44187,2026-06-04 04:36:40,25.9875,8.84,1.233,17.448,A,#3,HOLDING,1.739A/A
44188,2026-06-04 04:36:41,25.8250,8.84,1.233,17.448,A,#3,HOLDING,1.000A/A
44189,2026-06-04 04:36:43,25.6250,8.95,1.233,17.448,A,#3,HOLDING,1.766A/A
44190,2026-06-04 04:36:45,25.4500,8.95,1.457,17.304,A,#3,HOLDING,1.500A/A
44191,2026-06-04 04:36:47,25.2750,8.95,1.457,17.304,A,#3,HOLDING,1.783A/A
44192,2026-06-04 04:36:49,25.0750,8.95,1.457,17.304,A,#3,HOLDING,1.000A/A
44193,2026-06-04 04:36:51,24.8750,8.98,1.457,17.304,A,#3,HOLDING,1.781A/A
44194,2026-06-04 04:36:53,24.7000,8.98,1.444,17.148,A,#3,HOLDING,1.765A/A
44195,2026-06-04 04:36:55,24.5250,8.98,1.444,17.148,A,#3,HOLDING,1.500A/A
44196,2026-06-04 04:36:57,24.3375,8.98,1.444,17.148,A,#3,HOLDING,1.500A/A
44197,2026-06-04 04:36:59,24.1875,12.00,1.444,17.148,A,#3,HOLDING,1.500A/A
44198,2026-06-04 04:37:00,23.9875,12.00,1.434,17.088,A,#3,HOLDING,1.692A/A
44199,2026-06-04 04:37:03,23.8125,12.00,1.434,17.088,A,#3,HOLDING,1.500A/A
44200,2026-06-04 04:37:04,23.6250,12.00,1.434,17.088,A,#3,HOLDING,1.000A/A
44201,2026-06-04 04:37:06,23.4250,9.10,1.434,17.088,A,#3,HOLDING,1.500A/A
44202,2026-06-04 04:37:08,23.2625,9.10,1.428,17.040,A,#3,HOLDING,1.000A/A
44203,2026-06-04 04:37:10,23.0875,9.10,1.428,17.040,A,#3,HOLDING,1.500A/A
44204,2026-06-04 04:37:12,22.8875,9.10,1.428,17.040,A,#3,HOLDING,1.579A/A
44205,2026-06-04 04:37:14,22.7375,12.00,1.428,17.040,A,#3,HOLDING,1.488A/A
44206,2026-06-04 04:37:16,22.5500,12.00,1.424,16.944,A,#3,HOLDING,1.382A/A
44207,2026-06-04 04:37:18,22.4250,12.00,1.424,16.944,A,#3,HOLDING,1.268A/A
44208,2026-06-04 04:37:20,22.2125,12.00,1.424,16.944,A,#3,HOLDING,1.156A/A
44209,2026-06-04 04:37:22,22.0625,10.21,1.424,16.944,A,#3,HOLDING,1.044A/A
44210,2026-06-04 04:37:23,22.0625,10.21,1.098,9.949,A,#3,HOLDING,0.946A/A
44211,2026-06-04 04:37:26,21.7375,10.21,1.098,9.949,A,#3,HOLDING,0.806A/A
44212,2026-06-04 04:37:27,21.5750,10.21,1.098,9.949,A,#3,HOLDING,0.687A/A
44213,2026-06-04 04:37:29,21.4250,6.98,1.098,9.949,A,#3,HOLDING,0.542A/A
44214,2026-06-04 04:37:31,21.4250,6.98,0.612,3.197,A,#3,HOLDING,0.419A/A
44215,2026-06-04 04:37:33,21.1750,6.98,0.612,3.197,A,#3,HOLDING,0.225A/A
44216,2026-06-04 04:37:35,21.0500,6.98,0.612,3.197,OFF,#3,HOLDING,0.000A/OFF
44217,2026-06-04 04:37:36,21.0500,6.98,0.612,3.197,OFF,#3,HOLDING,0.000A/OFF
44218,2026-06-04 04:37:37,20.9250,12.00,0.612,3.197,OFF,#3,HOLDING,0.000A/OFF
44219,2026-06-04 04:37:38,20.9250,12.00,0.000,0.000,B,#3,HOLDING,0.157A/B
44220,2026-06-04 04:37:40,20.8000,12.00,0.000,0.000,B,#3,HOLDING,0.356A/B
44221,2026-06-04 04:37:42,20.7000,12.00,0.000,0.000,B,#3,HOLDING,0.494A/B
44222,2026-06-04 04:37:44,20.6125,3.50,0.000,0.000,B,#3,HOLDING,0.666A/B
44223,2026-06-04 04:37:46,20.5375,3.50,0.597,3.409,B,#3,HOLDING,0.832A/B
44224,2026-06-04 04:37:48,20.5000,3.50,0.597,3.409,B,#3,HOLDING,1.046A/B
44225,2026-06-04 04:37:50,20.4500,3.50,0.597,3.409,B,#3,HOLDING,1.191A/B
44226,2026-06-04 04:37:51,20.4625,8.95,0.597,3.409,B,#3,HOLDING,1.357A/B
44227,2026-06-04 04:37:53,20.4625,8.95,1.306,14.112,B,#3,HOLDING,1.500A/B
44228,2026-06-04 04:37:56,20.5000,8.95,1.306,14.112,B,#3,HOLDING,1.517A/B
44229,2026-06-04 04:37:57,20.5250,8.95,1.306,14.112,B,#3,HOLDING,1.000A/B
44230,2026-06-04 04:37:59,20.6125,8.23,1.306,14.112,B,#3,HOLDING,1.651A/B
44231,2026-06-04 04:38:01,20.7125,8.23,1.479,18.444,B,#3,HOLDING,1.000A/B
44232,2026-06-04 04:38:03,20.8000,8.23,1.479,18.444,B,#3,HOLDING,1.795A/B
44233,2026-06-04 04:38:05,20.9500,8.23,1.479,18.444,B,#3,HOLDING,1.916A/B
44234,2026-06-04 04:38:07,21.0750,12.00,1.479,18.444,B,#3,HOLDING,1.500A/B
44235,2026-06-04 04:38:09,21.2500,12.00,1.501,17.784,B,#3,HOLDING,2.041A/B
44236,2026-06-04 04:38:11,21.4250,12.00,1.501,17.784,B,#3,HOLDING,1.000A/B
44237,2026-06-04 04:38:13,21.6000,12.00,1.501,17.784,B,#3,HOLDING,2.000A/B
44238,2026-06-04 04:38:14,21.8000,12.00,1.501,17.784,B,#3,HOLDING,2.000A/B
44239,2026-06-04 04:38:16,22.0000,12.00,1.448,17.148,B,#3,HOLDING,1.500A/B
44240,2026-06-04 04:38:19,22.2125,12.00,1.448,17.148,B,#3,HOLDING,2.117A/B
44241,2026-06-04 04:38:20,22.4375,12.00,1.448,17.148,B,#3,HOLDING,1.000A/B
44242,2026-06-04 04:38:22,22.6500,9.15,1.448,17.148,B,#3,HOLDING,2.000A/B
44243,2026-06-04 04:38:24,22.8750,9.15,1.409,16.764,B,#3,HOLDING,2.155A/B
44244,2026-06-04 04:38:26,23.0875,9.15,1.409,16.764,B,#3,HOLDING,1.000A/B
44245,2026-06-04 04:38:28,23.2875,9.15,1.409,16.764,B,#3,HOLDING,1.500A/B
44246,2026-06-04 04:38:30,23.5500,12.00,1.409,16.764,B,#3,HOLDING,2.220A/B
44247,2026-06-04 04:38:32,23.7500,12.00,1.374,16.332,B,#3,HOLDING,2.000A/B
44248,2026-06-04 04:38:34,23.9875,12.00,1.374,16.332,B,#3,HOLDING,2.247A/B
44249,2026-06-04 04:38:36,24.2125,12.00,1.374,16.332,B,#3,HOLDING,2.223A/B
44250,2026-06-04 04:38:38,24.4375,12.00,1.374,16.332,B,#3,HOLDING,2.000A/B
44251,2026-06-04 04:38:39,24.6875,12.00,1.352,16.056,B,#3,HOLDING,2.000A/B
44252,2026-06-04 04:38:42,24.9250,12.00,1.352,16.056,B,#3,HOLDING,2.246A/B
44253,2026-06-04 04:38:43,25.1500,12.00,1.352,16.056,B,#3,HOLDING,2.000A/B
44254,2026-06-04 04:38:45,25.3625,12.00,1.352,16.056,B,#3,HOLDING,2.240A/B
44255,2026-06-04 04:38:47,25.6125,12.00,1.332,15.840,B,#3,HOLDING,1.000A/B
44256,2026-06-04 04:38:49,25.8375,12.00,1.332,15.840,B,#3,HOLDING,2.000A/B
44257,2026-06-04 04:38:51,26.0625,12.00,1.332,15.840,B,#3,HOLDING,2.000A/B
44258,2026-06-04 04:38:53,26.3125,12.00,1.332,15.840,B,#3,HOLDING,2.144A/B
44259,2026-06-04 04:38:55,26.5625,12.00,1.320,15.684,B,#3,HOLDING,2.065A/B
44260,2026-06-04 04:38:57,26.7750,12.00,1.320,15.684,B,#3,HOLDING,1.979A/B
44261,2026-06-04 04:38:59,27.0000,12.00,1.320,15.684,B,#3,HOLDING,1.901A/B
44262,2026-06-04 04:39:01,27.2375,12.00,1.320,15.684,B,#3,HOLDING,1.000A/B
44263,2026-06-04 04:39:02,27.4875,12.00,1.035,9.830,B,#3,HOLDING,1.000A/B
44264,2026-06-04 04:39:05,27.6750,12.00,1.035,9.830,B,#3,HOLDING,1.784A/B
44265,2026-06-04 04:39:06,27.9000,12.00,1.035,9.830,B,#3,HOLDING,1.676A/B
44266,2026-06-04 04:39:08,28.0875,12.00,1.035,9.830,B,#3,HOLDING,1.500A/B
44267,2026-06-04 04:39:10,28.2875,12.00,1.304,15.504,B,#3,HOLDING,1.500A/B
44268,2026-06-04 04:39:12,28.5125,12.00,1.304,15.504,B,#3,HOLDING,1.585A/B
44269,2026-06-04 04:39:14,28.6625,12.00,1.304,15.504,B,#3,HOLDING,1.461A/B
44270,2026-06-04 04:39:16,28.8625,12.00,1.304,15.504,B,#3,HOLDING,1.306A/B
44271,2026-06-04 04:39:18,29.0625,12.00,1.293,15.372,B,#3,HOLDING,1.146A/B
44272,2026-06-04 04:39:20,29.2375,12.00,1.293,15.372,B,#3,HOLDING,0.936A/B
44273,2026-06-04 04:39:22,29.4375,12.00,1.293,15.372,B,#3,HOLDING,0.782A/B
44274,2026-06-04 04:39:24,29.6125,8.26,1.293,15.372,B,#3,HOLDING,0.603A/B
44275,2026-06-04 04:39:25,29.8125,8.26,0.603,4.190,B,#3,HOLDING,0.413A/B
44276,2026-06-04 04:39:28,29.9875,8.26,0.603,4.190,B,#3,HOLDING,0.170A/B
44277,2026-06-04 04:39:29,30.1625,8.26,0.603,4.190,OFF,#3,HOLDING,0.000A/OFF
44278,2026-06-04 04:39:30,30.3000,8.26,0.603,4.190,OFF,#3,HOLDING,0.121A/A
44279,2026-06-04 04:39:32,30.3000,8.82,0.000,4.190,A,#3,HOLDING,0.278A/A
44280,2026-06-04 04:39:34,30.4750,8.82,0.000,0.294,A,#3,HOLDING,0.488A/A
44281,2026-06-04 04:39:35,30.6125,8.82,0.000,0.294,A,#3,HOLDING,0.672A/A
44282,2026-06-04 04:39:37,30.7625,8.82,0.000,0.294,A,#3,HOLDING,0.871A/A
44283,2026-06-04 04:39:39,30.9000,6.20,0.000,0.294,A,#3,HOLDING,1.000A/A
44284,2026-06-04 04:39:41,31.0250,6.20,0.933,7.460,A,#3,HOLDING,1.100A/A
44285,2026-06-04 04:39:43,31.1250,6.20,0.933,7.460,A,#3,HOLDING,1.394A/A
44286,2026-06-04 04:39:45,31.2000,6.20,0.933,7.460,A,#3,HOLDING,1.594A/A
44287,2026-06-04 04:39:47,31.2625,11.69,0.933,7.460,A,#3,HOLDING,1.828A/A
44288,2026-06-04 04:39:48,31.3125,11.69,1.602,19.080,A,#3,HOLDING,1.000A/A
44289,2026-06-04 04:39:51,31.3375,11.69,1.602,19.080,A,#3,HOLDING,1.500A/A
44290,2026-06-04 04:39:52,31.3375,11.69,1.602,19.080,A,#3,HOLDING,2.058A/A
44291,2026-06-04 04:39:54,31.3125,12.00,1.602,19.080,A,#3,HOLDING,2.289A/A
44292,2026-06-04 04:39:56,31.2625,12.00,1.556,18.480,A,#3,HOLDING,2.500A/A
44293,2026-06-04 04:39:58,31.2125,12.00,1.556,18.480,A,#3,HOLDING,1.500A/A
44294,2026-06-04 04:40:00,31.1625,12.00,1.556,18.480,A,#3,HOLDING,1.500A/A
44295,2026-06-04 04:40:02,31.0875,11.83,1.556,18.480,A,#3,HOLDING,2.500A/A
44296,2026-06-04 04:40:04,30.9875,11.83,1.504,17.928,A,#3,HOLDING,2.496A/A
44297,2026-06-04 04:40:06,30.8625,11.83,1.504,17.928,A,#3,HOLDING,2.000A/A
44298,2026-06-04 04:40:08,30.7375,11.83,1.504,17.928,A,#3,HOLDING,2.761A/A
44299,2026-06-04 04:40:10,30.5750,12.00,1.504,17.928,A,#3,HOLDING,1.000A/A
44300,2026-06-04 04:40:12,30.4250,12.00,1.239,8.760,A,#3,HOLDING,1.500A/A
44301,2026-06-04 04:40:14,30.2625,12.00,1.239,8.760,A,#3,HOLDING,2.000A/A
44302,2026-06-04 04:40:16,30.0875,12.00,1.239,8.760,A,#3,HOLDING,1.000A/A
44303,2026-06-04 04:40:17,29.8875,8.79,1.239,8.760,A,#3,HOLDING,2.921A/A
44304,2026-06-04 04:40:19,29.7125,8.79,1.462,17.424,A,#3,HOLDING,3.000A/A
44305,2026-06-04 04:40:22,29.5125,8.79,1.462,17.424,A,#3,HOLDING,1.500A/A
44306,2026-06-04 04:40:23,29.3375,8.79,1.462,17.424,A,#3,HOLDING,2.500A/A
44307,2026-06-04 04:40:25,29.1375,12.00,1.462,17.424,A,#3,HOLDING,2.000A/A
44308,2026-06-04 04:40:27,28.9375,12.00,1.441,17.172,A,#3,HOLDING,1.000A/A
44309,2026-06-04 04:40:29,28.7250,12.00,1.441,17.172,A,#3,HOLDING,3.000A/A
44310,2026-06-04 04:40:31,28.5000,12.00,1.441,17.172,A,#3,HOLDING,2.500A/A
44311,2026-06-04 04:40:33,28.2500,12.00,1.441,17.172,A,#3,HOLDING,2.500A/A
44312,2026-06-04 04:40:35,28.0000,12.00,1.430,17.028,A,#3,HOLDING,1.000A/A
44313,2026-06-04 04:40:37,27.8125,12.00,1.430,17.028,A,#3,HOLDING,1.000A/A
44314,2026-06-04 04:40:39,27.5625,12.00,1.430,17.028,A,#3,HOLDING,2.919A/A
44315,2026-06-04 04:40:40,27.3500,12.00,1.430,17.028,A,#3,HOLDING,2.500A/A
44316,2026-06-04 04:40:42,27.0750,12.00,1.419,16.896,A,#3,HOLDING,2.000A/A
44317,2026-06-04 04:40:45,26.8875,12.00,1.419,16.896,A,#3,HOLDING,1.000A/A
44318,2026-06-04 04:40:46,26.6375,12.00,1.419,16.896,A,#3,HOLDING,2.961A/A
44319,2026-06-04 04:40:48,26.4125,12.00,1.419,16.896,A,#3,HOLDING,3.000A/A
44320,2026-06-04 04:40:50,26.1875,12.00,1.410,16.788,A,#3,HOLDING,1.000A/A
44321,2026-06-04 04:40:52,25.9625,12.00,1.410,16.788,A,#3,HOLDING,2.939A/A
44322,2026-06-04 04:40:54,25.7625,12.00,1.410,16.788,A,#3,HOLDING,1.000A/A
44323,2026-06-04 04:40:56,25.5125,9.18,1.410,16.788,A,#3,HOLDING,2.000A/A
44324,2026-06-04 04:40:58,25.2875,9.18,1.411,16.800,A,#3,HOLDING,2.000A/A
44325,2026-06-04 04:41:00,25.0750,9.18,1.411,16.800,A,#4,APPROACH,1.500A/A
44326,2026-06-04 04:41:02,24.8750,9.18,1.411,16.800,A,#4,APPROACH,0.108A/A
44327,2026-06-04 04:41:03,24.6375,9.18,1.411,16.800,OFF,#4,APPROACH,0.000A/OFF
44328,2026-06-04 04:41:04,24.6375,9.18,1.411,16.800,OFF,#4,APPROACH,0.000A/OFF
44329,2026-06-04 04:41:05,24.4375,12.00,1.411,16.800,OFF,#4,APPROACH,0.000A/OFF
44330,2026-06-04 04:41:06,24.4375,12.00,0.000,16.800,OFF,#4,APPROACH,0.000A/OFF
44331,2026-06-04 04:41:07,24.2625,12.00,0.000,0.000,OFF,#4,APPROACH,0.000A/OFF
44332,2026-06-04 04:41:08,24.0625,12.00,0.000,0.000,OFF,#4,APPROACH,0.000A/OFF
44333,2026-06-04 04:41:09,24.0625,12.00,0.000,0.000,OFF,#4,APPROACH,0.000A/OFF
44334,2026-06-04 04:41:10,23.8875,12.00,0.000,0.000,OFF,#4,APPROACH,0.000A/OFF
44335,2026-06-04 04:41:11,23.8875,12.00,0.000,0.000,A,#4,APPROACH,0.143A/A
44336,2026-06-04 04:41:13,23.7125,12.00,0.000,0.297,A,#4,HOLDING,0.109A/A
44337,2026-06-04 04:41:16,23.5500,12.00,0.000,0.297,OFF,#4,HOLDING,0.000A/OFF
44338,2026-06-04 04:41:17,23.4250,12.00,0.000,0.297,OFF,#4,HOLDING,0.000A/OFF
44339,2026-06-04 04:41:18,23.4250,12.00,0.000,0.297,OFF,#4,HOLDING,0.000A/OFF
44340,2026-06-04 04:41:19,23.3375,12.00,0.000,0.297,OFF,#4,HOLDING,0.000A/OFF
44341,2026-06-04 04:41:20,23.2125,12.00,0.000,0.297,OFF,#4,HOLDING,0.000A/OFF
44342,2026-06-04 04:41:21,23.2125,12.00,0.000,0.297,OFF,#4,HOLDING,0.000A/OFF
44343,2026-06-04 04:41:22,23.1125,12.00,0.000,0.000,OFF,#4,HOLDING,0.000A/OFF
44344,2026-06-04 04:41:23,23.1125,12.00,0.000,0.000,OFF,#4,HOLDING,0.000A/OFF
44345,2026-06-04 04:41:24,23.0125,12.00,0.000,0.000,OFF,#4,HOLDING,0.000A/OFF
44346,2026-06-04 04:41:25,23.0125,12.00,0.000,0.000,OFF,#4,HOLDING,0.000A/OFF
44347,2026-06-04 04:41:26,22.9875,12.00,0.000,0.000,OFF,#4,HOLDING,0.000A/OFF
44348,2026-06-04 04:41:27,22.9875,12.00,0.000,0.000,A,#4,HOLDING,0.114A/A
44349,2026-06-04 04:41:29,22.8875,12.00,0.000,0.000,A,#4,HOLDING,0.111A/A
44350,2026-06-04 04:41:31,22.8750,12.00,0.000,0.000,A,#4,HOLDING,0.116A/A
44351,2026-06-04 04:41:32,22.8250,1.43,0.000,0.000,A,#4,HOLDING,0.112A/A
44352,2026-06-04 04:41:34,22.8000,1.43,0.112,0.157,A,#4,HOLDING,0.117A/A
44353,2026-06-04 04:41:37,22.7500,1.43,0.112,0.157,A,#4,HOLDING,0.110A/A
44354,2026-06-04 04:41:38,22.7375,1.43,0.112,0.157,A,#4,HOLDING,0.111A/A
44355,2026-06-04 04:41:40,22.6875,1.36,0.112,0.157,A,#4,HOLDING,0.103A/A
44356,2026-06-04 04:41:42,22.6875,1.36,0.103,0.134,A,#4,HOLDING,0.100A/A
44357,2026-06-04 04:41:44,22.6625,1.36,0.103,0.134,OFF,#4,HOLDING,0.000A/OFF
44358,2026-06-04 04:41:45,22.6250,1.36,0.103,0.134,OFF,#4,HOLDING,0.000A/OFF
44359,2026-06-04 04:41:46,22.6250,1.36,0.103,0.134,OFF,#4,HOLDING,0.000A/OFF
44360,2026-06-04 04:41:47,22.6250,1.36,0.103,0.134,OFF,#4,HOLDING,0.000A/OFF
44361,2026-06-04 04:41:48,22.6250,12.00,0.000,0.134,OFF,#4,HOLDING,0.000A/OFF
44362,2026-06-04 04:41:49,22.6250,12.00,0.000,0.134,OFF,#4,HOLDING,0.000A/OFF
44363,2026-06-04 04:41:50,22.6250,12.00,0.000,0.000,OFF,#4,HOLDING,0.000A/OFF
44364,2026-06-04 04:41:51,22.6250,12.00,0.000,0.000,OFF,#4,HOLDING,0.000A/OFF
44365,2026-06-04 04:41:52,22.6250,12.00,0.000,0.000,OFF,#4,HOLDING,0.000A/OFF
44366,2026-06-04 04:41:54,22.6250,12.00,0.000,0.000,OFF,#4,HOLDING,0.000A/OFF
44367,2026-06-04 04:41:55,22.5750,12.00,0.000,0.000,OFF,#4,HOLDING,0.000A/OFF
44368,2026-06-04 04:41:56,22.5750,12.00,0.000,0.000,OFF,#4,HOLDING,0.000A/OFF
44369,2026-06-04 04:41:57,22.5625,12.00,0.000,0.000,OFF,#4,HOLDING,0.000A/OFF
44370,2026-06-04 04:41:58,22.5625,12.00,0.000,0.000,OFF,#4,HOLDING,0.000A/OFF
44371,2026-06-04 04:41:59,22.5625,12.00,0.000,0.000,OFF,#4,HOLDING,0.000A/OFF
44372,2026-06-04 04:42:00,22.5625,12.00,0.000,0.000,OFF,#4,HOLDING,0.000A/OFF
44373,2026-06-04 04:42:01,22.5625,12.00,0.000,0.000,OFF,#4,HOLDING,0.000A/OFF
44374,2026-06-04 04:42:02,22.5625,12.00,0.000,0.000,OFF,#4,HOLDING,0.000A/OFF
44375,2026-06-04 04:42:03,22.5625,12.00,0.000,0.000,OFF,#4,HOLDING,0.000A/OFF
44376,2026-06-04 04:42:04,22.5625,12.00,0.000,0.000,OFF,#4,HOLDING,0.000A/OFF
44377,2026-06-04 04:42:05,22.5625,12.00,0.000,0.000,OFF,#4,HOLDING,0.000A/OFF
44378,2026-06-04 04:42:06,22.5625,12.00,0.000,0.000,OFF,#4,HOLDING,0.000A/OFF
44379,2026-06-04 04:42:07,22.6125,12.00,0.000,0.000,OFF,#4,HOLDING,0.000A/OFF
44380,2026-06-04 04:42:08,22.6125,12.00,0.000,0.000,OFF,#4,HOLDING,0.000A/OFF
44381,2026-06-04 04:42:09,22.6250,12.00,0.000,0.000,OFF,#4,HOLDING,0.000A/OFF
44382,2026-06-04 04:42:10,22.6250,12.00,0.000,0.000,OFF,#4,HOLDING,0.000A/OFF
44383,2026-06-04 04:42:11,22.6250,12.00,0.000,0.000,OFF,#4,HOLDING,0.000A/OFF
44384,2026-06-04 04:42:12,22.6250,12.00,0.000,0.000,OFF,#4,HOLDING,0.000A/OFF
44385,2026-06-04 04:42:13,22.6250,12.00,0.000,0.000,OFF,#4,HOLDING,0.000A/OFF
44386,2026-06-04 04:42:14,22.6250,12.00,0.000,0.000,OFF,#5,APPROACH,0.000A/OFF
44387,2026-06-04 04:42:15,22.6250,12.00,0.000,0.000,A,#5,APPROACH,0.266A/A
44388,2026-06-04 04:42:16,22.6500,12.00,0.000,0.000,A,#5,APPROACH,0.289A/A
44389,2026-06-04 04:42:19,22.6750,12.00,0.000,0.000,A,#5,APPROACH,0.353A/A
44390,2026-06-04 04:42:21,22.6875,12.00,0.000,0.000,A,#5,APPROACH,0.421A/A
44391,2026-06-04 04:42:23,22.6875,3.75,0.000,0.000,A,#5,APPROACH,0.493A/A
44392,2026-06-04 04:42:25,22.6875,3.75,0.454,2.243,A,#5,APPROACH,0.579A/A
44393,2026-06-04 04:42:27,22.7125,3.75,0.454,2.243,A,#5,APPROACH,0.716A/A
44394,2026-06-04 04:42:29,22.7375,3.75,0.454,2.243,A,#5,APPROACH,0.822A/A
44395,2026-06-04 04:42:31,22.7375,7.06,0.454,2.243,A,#5,APPROACH,0.951A/A
44396,2026-06-04 04:42:33,22.7375,7.06,0.884,7.693,A,#5,APPROACH,1.093A/A
44397,2026-06-04 04:42:35,22.6875,7.06,0.884,7.693,A,#5,APPROACH,1.292A/A
44398,2026-06-04 04:42:37,22.6375,7.06,0.884,7.693,A,#5,APPROACH,1.000A/A
44399,2026-06-04 04:42:39,22.6375,8.45,0.884,7.693,A,#5,APPROACH,1.000A/A
44400,2026-06-04 04:42:40,22.6250,8.45,1.000,8.620,A,#5,APPROACH,1.443A/A
44401,2026-06-04 04:42:43,22.5250,8.45,1.000,8.620,A,#5,APPROACH,1.681A/A
44402,2026-06-04 04:42:44,22.5250,8.45,1.000,8.620,A,#5,APPROACH,1.846A/A
44403,2026-06-04 04:42:46,22.4500,12.00,1.000,8.620,A,#5,APPROACH,2.026A/A
44404,2026-06-04 04:42:48,22.3625,12.00,1.484,17.616,A,#5,APPROACH,2.203A/A
44405,2026-06-04 04:42:50,22.2125,12.00,1.484,17.616,A,#5,APPROACH,1.000A/A
44406,2026-06-04 04:42:52,22.2125,12.00,1.484,17.616,A,#5,APPROACH,2.419A/A
44407,2026-06-04 04:42:54,22.1125,12.00,1.484,17.616,A,#5,APPROACH,2.500A/A
44408,2026-06-04 04:42:56,22.0125,12.00,1.466,17.436,A,#5,APPROACH,1.500A/A
44409,2026-06-04 04:42:58,21.8000,12.00,1.466,17.436,A,#5,APPROACH,2.000A/A
44410,2026-06-04 04:43:00,21.8000,12.00,1.466,17.436,A,#5,APPROACH,2.573A/A
44411,2026-06-04 04:43:02,21.6750,12.00,1.466,17.436,A,#5,APPROACH,2.726A/A
44412,2026-06-04 04:43:03,21.5250,12.00,1.445,17.208,A,#5,APPROACH,2.000A/A
44413,2026-06-04 04:43:06,21.2750,12.00,1.445,17.208,A,#5,APPROACH,2.855A/A
44414,2026-06-04 04:43:07,21.2750,12.00,1.445,17.208,A,#5,APPROACH,1.000A/A
44415,2026-06-04 04:43:09,21.1500,9.07,1.445,17.208,A,#5,APPROACH,2.000A/A
44416,2026-06-04 04:43:11,21.0125,9.07,1.436,17.088,A,#5,APPROACH,2.968A/A
44417,2026-06-04 04:43:13,20.7375,9.07,1.436,17.088,A,#5,APPROACH,2.500A/A
44418,2026-06-04 04:43:15,20.7375,9.07,1.436,17.088,A,#5,APPROACH,2.000A/A
44419,2026-06-04 04:43:17,20.5875,12.00,1.436,17.088,A,#5,APPROACH,1.500A/A
44420,2026-06-04 04:43:19,20.4625,12.00,1.422,16.992,A,#5,APPROACH,1.500A/A
44421,2026-06-04 04:43:21,20.2000,12.00,1.422,16.992,A,#5,APPROACH,1.500A/A
44422,2026-06-04 04:43:23,20.2000,12.00,1.422,16.992,A,#5,APPROACH,2.500A/A
44423,2026-06-04 04:43:25,20.0750,12.00,1.422,16.992,A,#5,APPROACH,2.000A/A
44424,2026-06-04 04:43:26,19.9500,12.00,1.414,16.848,A,#5,APPROACH,2.000A/A
44425,2026-06-04 04:43:29,19.7000,12.00,1.414,16.848,A,#5,APPROACH,3.000A/A
44426,2026-06-04 04:43:30,19.7000,12.00,1.414,16.848,A,#5,APPROACH,1.000A/A
44427,2026-06-04 04:43:32,19.5500,9.22,1.414,16.848,A,#5,APPROACH,3.000A/A
44428,2026-06-04 04:43:34,19.4500,9.22,1.413,16.836,A,#5,APPROACH,3.000A/A
44429,2026-06-04 04:43:37,19.1875,9.22,1.413,16.836,A,#5,APPROACH,2.000A/A
44430,2026-06-04 04:43:38,19.1875,9.22,1.413,16.836,A,#5,APPROACH,3.000A/A
44431,2026-06-04 04:43:40,19.0875,12.00,1.413,16.836,A,#5,APPROACH,1.000A/A
44432,2026-06-04 04:43:42,18.9500,12.00,1.204,9.310,A,#5,APPROACH,3.000A/A
44433,2026-06-04 04:43:44,18.7375,12.00,1.204,9.310,A,#5,APPROACH,1.000A/A
44434,2026-06-04 04:43:46,18.7375,12.00,1.204,9.310,A,#5,APPROACH,2.000A/A
44435,2026-06-04 04:43:48,18.6375,12.00,1.204,9.310,A,#5,APPROACH,2.989A/A
44436,2026-06-04 04:43:50,18.5125,12.00,1.407,16.776,A,#5,APPROACH,3.000A/A
44437,2026-06-04 04:43:52,18.3375,12.00,1.407,16.776,A,#5,HOLDING,2.000A/A
44438,2026-06-04 04:43:54,18.3375,12.00,1.407,16.776,OFF,#5,HOLDING,0.000A/OFF
44439,2026-06-04 04:43:55,18.2375,12.00,1.407,16.776,OFF,#5,HOLDING,0.000A/OFF
44440,2026-06-04 04:43:56,18.2375,12.00,1.407,16.776,OFF,#5,HOLDING,0.000A/OFF
44441,2026-06-04 04:43:57,18.1125,12.00,0.000,16.776,OFF,#5,HOLDING,0.000A/OFF
44442,2026-06-04 04:43:58,18.0375,12.00,0.000,0.000,OFF,#5,HOLDING,0.000A/OFF
44443,2026-06-04 04:43:59,18.0375,12.00,0.000,0.000,OFF,#5,HOLDING,0.000A/OFF
44444,2026-06-04 04:44:00,18.0375,12.00,0.000,0.000,A,#5,HOLDING,0.104A/A
44445,2026-06-04 04:44:01,17.9375,12.00,0.000,0.000,A,#5,HOLDING,0.127A/A
44446,2026-06-04 04:44:03,17.8625,7.83,0.127,0.000,A,#5,HOLDING,0.134A/A
44447,2026-06-04 04:44:05,17.8125,7.83,0.127,0.298,A,#5,HOLDING,0.145A/A
44448,2026-06-04 04:44:06,17.8125,7.83,0.127,0.298,A,#5,HOLDING,0.167A/A
44449,2026-06-04 04:44:08,17.7500,7.83,0.127,0.298,A,#5,HOLDING,0.180A/A
44450,2026-06-04 04:44:10,17.7500,2.49,0.127,0.298,A,#5,HOLDING,0.197A/A
44451,2026-06-04 04:44:12,17.7500,2.49,0.197,0.524,A,#5,HOLDING,0.210A/A
44452,2026-06-04 04:44:14,17.7500,2.49,0.197,0.524,A,#5,HOLDING,0.234A/A
44453,2026-06-04 04:44:16,17.7500,2.49,0.197,0.524,A,#5,HOLDING,0.245A/A
44454,2026-06-04 04:44:18,17.7500,2.93,0.197,0.524,A,#5,HOLDING,0.258A/A
44455,2026-06-04 04:44:19,17.8125,2.93,0.258,0.810,A,#5,HOLDING,0.279A/A
44456,2026-06-04 04:44:22,17.8125,2.93,0.258,0.810,A,#5,HOLDING,0.299A/A
44457,2026-06-04 04:44:23,17.8250,2.93,0.258,0.810,A,#5,HOLDING,0.314A/A
44458,2026-06-04 04:44:25,17.8750,3.42,0.258,0.810,A,#5,HOLDING,0.330A/A
44459,2026-06-04 04:44:27,17.9125,3.42,0.330,1.221,A,#5,HOLDING,0.353A/A
44460,2026-06-04 04:44:30,17.9375,3.42,0.330,1.221,A,#5,HOLDING,0.379A/A
44461,2026-06-04 04:44:31,18.0000,3.42,0.330,1.221,A,#5,HOLDING,0.400A/A
44462,2026-06-04 04:44:33,18.0000,4.16,0.330,1.221,A,#5,HOLDING,0.419A/A
44463,2026-06-04 04:44:35,18.0625,4.16,0.408,1.847,A,#5,HOLDING,0.448A/A
44464,2026-06-04 04:44:37,18.0875,4.16,0.408,1.847,A,#5,HOLDING,0.476A/A
44465,2026-06-04 04:44:39,18.1375,4.16,0.408,1.847,A,#5,HOLDING,0.505A/A
44466,2026-06-04 04:44:41,18.1625,5.04,0.408,1.847,A,#5,HOLDING,0.530A/A
44467,2026-06-04 04:44:43,18.1875,5.04,0.518,2.835,A,#5,HOLDING,0.559A/A
44468,2026-06-04 04:44:45,18.2375,5.04,0.518,2.835,A,#5,HOLDING,0.597A/A
44469,2026-06-04 04:44:47,18.2500,5.04,0.518,2.835,A,#5,HOLDING,0.624A/A
44470,2026-06-04 04:44:48,18.3000,5.97,0.518,2.835,A,#5,HOLDING,0.659A/A
44471,2026-06-04 04:44:50,18.3125,5.97,0.648,4.230,A,#5,HOLDING,0.690A/A
44472,2026-06-04 04:44:53,18.3125,5.97,0.648,4.230,OFF,--,DONE,0.732A/A
44473,2026-06-04 04:44:55,18.3750,5.97,0.648,4.230,OFF,--,DONE,--
44474,2026-06-04 04:44:56,18.3750,5.97,0.648,4.230,OFF,--,DONE,--
44475,2026-06-04 04:44:57,18.3750,12.00,0.000,4.230,OFF,--,DONE,--
44476,2026-06-04 04:44:58,18.4000,12.00,0.000,4.230,OFF,--,DONE,--
44477,2026-06-04 04:44:59,18.4000,12.00,0.000,0.000,OFF,--,DONE,--
44478,2026-06-04 04:45:00,18.4000,12.00,0.000,0.000,OFF,--,DONE,--
44479,2026-06-04 04:45:01,18.4000,12.00,0.000,0.000,OFF,--,DONE,--
44480,2026-06-04 04:45:02,18.4375,12.00,0.000,0.000,OFF,--,DONE,--
44481,2026-06-04 04:45:03,18.4375,12.00,0.000,0.000,OFF,--,DONE,--
44482,2026-06-04 04:45:04,18.4625,12.00,0.000,0.000,OFF,--,DONE,--
44483,2026-06-04 04:45:05,18.4625,12.00,0.000,0.000,OFF,--,DONE,--
44484,2026-06-04 04:45:06,18.5000,12.00,0.000,0.000,OFF,--,DONE,--
44485,2026-06-04 04:45:07,18.5000,12.00,0.000,0.000,OFF,--,DONE,--
44486,2026-06-04 04:45:08,18.5250,12.00,0.000,0.000,OFF,--,DONE,--
44487,2026-06-04 04:45:09,18.5250,12.00,0.000,0.000,OFF,--,DONE,--
44488,2026-06-04 04:45:10,18.5625,12.00,0.000,0.000,OFF,--,DONE,--
44489,2026-06-04 04:45:11,18.6125,12.00,0.000,0.000,OFF,--,DONE,--
44490,2026-06-04 04:45:12,18.6125,12.00,0.000,0.000,OFF,--,DONE,--
44491,2026-06-04 04:45:13,18.6625,12.00,0.000,0.000,OFF,--,DONE,--
44492,2026-06-04 04:45:14,18.6625,12.00,0.000,0.000,OFF,--,DONE,--
44493,2026-06-04 04:45:15,18.6875,12.00,0.000,0.000,OFF,--,DONE,--
44494,2026-06-04 04:45:16,18.6875,12.00,0.000,0.000,OFF,--,DONE,--
44495,2026-06-04 04:45:17,18.7500,12.00,0.000,0.000,OFF,--,DONE,--
44496,2026-06-04 04:45:18,18.7500,12.00,0.000,0.000,OFF,--,DONE,--
44497,2026-06-04 04:45:19,18.7750,12.00,0.000,0.000,OFF,--,DONE,--
44498,2026-06-04 04:45:20,18.7750,12.00,0.000,0.000,OFF,--,DONE,--
44499,2026-06-04 04:45:21,18.8750,12.00,0.000,0.000,OFF,--,DONE,--
44500,2026-06-04 04:45:22,18.8750,12.00,0.000,0.000,OFF,--,DONE,--
44501,2026-06-04 04:45:23,18.9250,12.00,0.000,0.000,OFF,--,DONE,--
44502,2026-06-04 04:45:24,18.9250,12.00,0.000,0.000,OFF,--,DONE,--
44503,2026-06-04 04:45:25,19.0000,12.00,0.000,0.000,OFF,--,DONE,--
44504,2026-06-04 04:45:26,19.0000,12.00,0.000,0.000,OFF,--,DONE,--
44505,2026-06-04 04:45:27,19.0500,12.00,0.000,0.000,OFF,--,DONE,--
44506,2026-06-04 04:45:28,19.0500,12.00,0.000,0.000,OFF,--,DONE,--
44507,2026-06-04 04:45:29,19.1000,12.00,0.000,0.000,OFF,--,DONE,--
44508,2026-06-04 04:45:30,19.1750,12.00,0.000,0.000,OFF,--,DONE,--
44509,2026-06-04 04:45:31,19.1750,12.00,0.000,0.000,OFF,--,DONE,--
44510,2026-06-04 04:45:32,19.2500,12.00,0.000,0.000,OFF,--,DONE,--
44511,2026-06-04 04:45:33,19.2500,12.00,0.000,0.000,OFF,--,DONE,--
44512,2026-06-04 04:45:34,19.3000,12.00,0.000,0.000,OFF,--,DONE,--
44513,2026-06-04 04:45:35,19.3000,12.00,0.000,0.000,OFF,--,DONE,--
44514,2026-06-04 04:45:36,19.3750,12.00,0.000,0.000,OFF,--,DONE,--
44515,2026-06-04 04:45:37,19.3750,12.00,0.000,0.000,OFF,--,DONE,--
44516,2026-06-04 04:45:38,19.4500,12.00,0.000,0.000,OFF,--,DONE,--
44517,2026-06-04 04:45:39,19.4500,12.00,0.000,0.000,OFF,--,DONE,--
44518,2026-06-04 04:45:41,19.5000,12.00,0.000,0.000,OFF,--,DONE,--
44519,2026-06-04 04:45:42,19.5000,12.00,0.000,0.000,OFF,--,DONE,--
44520,2026-06-04 04:45:43,19.5500,12.00,0.000,0.000,OFF,--,DONE,--
44521,2026-06-04 04:45:44,19.5500,12.00,0.000,0.000,OFF,--,DONE,--
44522,2026-06-04 04:45:45,19.6250,12.00,0.000,0.000,OFF,--,DONE,--
44523,2026-06-04 04:45:46,19.7000,12.00,0.000,0.000,OFF,--,DONE,--
44524,2026-06-04 04:45:47,19.7000,12.00,0.000,0.000,OFF,--,DONE,--
44525,2026-06-04 04:45:48,19.7625,12.00,0.000,0.000,OFF,--,DONE,--
44526,2026-06-04 04:45:49,19.7625,12.00,0.000,0.000,OFF,--,DONE,--
44527,2026-06-04 04:45:50,19.8125,12.00,0.000,0.000,OFF,--,DONE,--
44528,2026-06-04 04:45:51,19.8125,12.00,0.000,0.000,A,#1,APPROACH,1.489A/A
44529,2026-06-04 04:45:52,19.8750,12.00,0.000,0.000,A,#1,APPROACH,1.500A/A
44530,2026-06-04 04:45:55,19.9250,12.00,0.000,0.000,A,#1,APPROACH,1.500A/A
44531,2026-06-04 04:45:57,20.0375,11.82,1.500,0.000,A,#1,APPROACH,2.500A/A
44532,2026-06-04 04:45:59,20.0625,11.82,1.500,18.336,A,#1,APPROACH,2.000A/A
44533,2026-06-04 04:46:00,20.0750,11.82,1.500,18.336,A,#1,APPROACH,2.500A/A
44534,2026-06-04 04:46:02,20.1250,11.82,1.500,18.336,A,#1,APPROACH,2.500A/A
44535,2026-06-04 04:46:04,20.1250,12.00,1.500,18.336,A,#1,APPROACH,1.500A/A
44536,2026-06-04 04:46:05,20.1250,12.00,1.501,17.796,A,#1,APPROACH,1.000A/A
44537,2026-06-04 04:46:08,20.1125,12.00,1.501,17.796,A,#1,APPROACH,1.469A/A
44538,2026-06-04 04:46:09,20.0375,12.00,1.501,17.796,A,#1,APPROACH,1.000A/A
44539,2026-06-04 04:46:11,20.0250,8.74,1.501,17.796,A,#1,APPROACH,1.475A/A
44540,2026-06-04 04:46:13,19.9750,8.74,1.475,17.532,A,#1,APPROACH,1.088A/A
44541,2026-06-04 04:46:16,19.9000,8.74,1.475,17.532,A,#1,APPROACH,1.354A/A
44542,2026-06-04 04:46:17,19.8250,8.74,1.475,17.532,A,#1,APPROACH,1.500A/A
44543,2026-06-04 04:46:19,19.7750,12.00,1.475,17.532,A,#1,APPROACH,1.000A/A
44544,2026-06-04 04:46:21,19.7000,12.00,1.231,8.980,A,#1,APPROACH,1.000A/A
44545,2026-06-04 04:46:23,19.6125,12.00,1.231,8.980,A,#1,APPROACH,1.298A/A
44546,2026-06-04 04:46:25,19.5375,12.00,1.231,8.980,A,#1,APPROACH,1.266A/A
44547,2026-06-04 04:46:27,19.4875,10.65,1.231,8.980,A,#1,APPROACH,1.271A/A
44548,2026-06-04 04:46:29,19.3875,10.65,1.271,13.828,A,#1,APPROACH,1.360A/A
44549,2026-06-04 04:46:31,19.3000,10.65,1.271,13.828,A,#1,APPROACH,1.538A/A
44550,2026-06-04 04:46:33,19.2500,10.65,1.271,13.828,A,#1,APPROACH,1.755A/A
44551,2026-06-04 04:46:34,19.1500,12.00,1.271,13.828,A,#1,APPROACH,1.832A/A
44552,2026-06-04 04:46:36,19.0500,12.00,1.437,17.100,A,#1,APPROACH,1.709A/A
44553,2026-06-04 04:46:39,18.9625,12.00,1.437,17.100,A,#1,APPROACH,1.814A/A
44554,2026-06-04 04:46:40,18.8875,12.00,1.437,17.100,A,#1,APPROACH,1.881A/A
44555,2026-06-04 04:46:42,18.8000,12.00,1.437,17.100,A,#1,APPROACH,1.000A/A
44556,2026-06-04 04:46:44,18.7000,12.00,1.215,9.200,A,#1,APPROACH,1.000A/A
44557,2026-06-04 04:46:46,18.6125,12.00,1.215,9.200,A,#1,APPROACH,1.850A/A
44558,2026-06-04 04:46:48,18.5125,12.00,1.215,9.200,A,#1,APPROACH,1.885A/A
44559,2026-06-04 04:46:50,18.4625,12.00,1.215,9.200,A,#1,APPROACH,1.000A/A
44560,2026-06-04 04:46:52,18.3625,12.00,1.214,9.200,A,#1,APPROACH,1.972A/A
44561,2026-06-04 04:46:54,18.2875,12.00,1.214,9.200,A,#1,APPROACH,1.000A/A
44562,2026-06-04 04:46:56,18.1875,12.00,1.214,9.200,A,#1,APPROACH,2.056A/A
44563,2026-06-04 04:46:57,18.1125,12.00,1.214,9.200,A,#1,APPROACH,2.000A/A
44564,2026-06-04 04:46:59,18.0125,12.00,1.420,16.908,A,#1,APPROACH,2.000A/A
44565,2026-06-04 04:47:02,17.9375,12.00,1.420,16.908,A,#1,APPROACH,1.000A/A
44566,2026-06-04 04:47:03,17.8375,12.00,1.420,16.908,A,#1,APPROACH,2.059A/A
44567,2026-06-04 04:47:05,17.8000,12.00,1.420,16.908,A,#1,APPROACH,1.000A/A
44568,2026-06-04 04:47:07,17.7000,12.00,1.136,9.290,A,#1,APPROACH,2.000A/A
44569,2026-06-04 04:47:09,17.5875,12.00,1.136,9.290,A,#1,APPROACH,2.000A/A
44570,2026-06-04 04:47:11,17.5125,12.00,1.136,9.290,A,#1,APPROACH,1.500A/A
44571,2026-06-04 04:47:13,17.4250,12.00,1.136,9.290,A,#1,HOLDING,1.000A/A
44572,2026-06-04 04:47:15,17.3500,12.00,1.022,9.290,OFF,#1,HOLDING,0.000A/OFF
44573,2026-06-04 04:47:16,17.3500,12.00,1.022,9.300,OFF,#1,HOLDING,0.000A/OFF
44574,2026-06-04 04:47:17,17.3000,12.00,1.022,9.300,OFF,#1,HOLDING,0.000A/OFF
44575,2026-06-04 04:47:18,17.3000,12.00,1.022,9.300,A,#1,HOLDING,0.118A/A
44576,2026-06-04 04:47:20,17.2000,12.00,1.022,9.300,A,#1,HOLDING,0.150A/A
44577,2026-06-04 04:47:21,17.1750,3.59,0.150,9.300,A,#1,HOLDING,0.162A/A
44578,2026-06-04 04:47:23,17.1250,3.59,0.150,0.422,A,#1,HOLDING,0.196A/A
44579,2026-06-04 04:47:25,17.0875,3.59,0.150,0.422,A,#1,HOLDING,0.244A/A
44580,2026-06-04 04:47:26,17.0625,3.59,0.150,0.422,A,#1,HOLDING,0.298A/A
44581,2026-06-04 04:47:28,17.0250,3.58,0.150,0.422,A,#1,HOLDING,0.367A/A
44582,2026-06-04 04:47:30,17.0000,3.58,0.336,1.545,A,#1,HOLDING,0.458A/A
44583,2026-06-04 04:47:32,17.0000,3.58,0.336,1.545,A,#1,HOLDING,0.604A/A
44584,2026-06-04 04:47:34,17.0250,3.58,0.336,1.545,A,#1,HOLDING,0.551A/A
44585,2026-06-04 04:47:36,17.0000,5.56,0.336,1.545,A,#1,HOLDING,0.623A/A
44586,2026-06-04 04:47:38,17.0500,5.56,0.595,3.887,A,#1,HOLDING,0.498A/A
44587,2026-06-04 04:47:40,17.0625,5.56,0.595,3.887,A,#1,HOLDING,0.575A/A
44588,2026-06-04 04:47:42,17.0625,5.56,0.595,3.887,A,#1,HOLDING,0.713A/A
44589,2026-06-04 04:47:43,17.0750,6.89,0.595,3.887,A,#1,HOLDING,0.648A/A
44590,2026-06-04 04:47:45,17.1250,6.89,0.661,4.199,A,#1,HOLDING,0.849A/A
44591,2026-06-04 04:47:48,17.1250,6.89,0.661,4.199,A,#1,HOLDING,0.990A/A
44592,2026-06-04 04:47:49,17.1250,6.89,0.661,4.199,A,#1,HOLDING,0.729A/A
44593,2026-06-04 04:47:51,17.1250,7.02,0.661,4.199,A,#1,HOLDING,0.887A/A
44594,2026-06-04 04:47:53,17.1375,7.02,0.887,7.255,A,#1,HOLDING,1.000A/A
44595,2026-06-04 04:47:55,17.1875,7.02,0.887,7.255,A,#1,HOLDING,0.844A/A
44596,2026-06-04 04:47:57,17.1875,7.02,0.887,7.255,A,#1,HOLDING,0.866A/A
44597,2026-06-04 04:47:59,17.1875,7.95,0.887,7.255,A,#1,HOLDING,1.000A/A
44598,2026-06-04 04:48:01,17.2000,7.95,1.000,9.050,A,#1,HOLDING,1.071A/A
44599,2026-06-04 04:48:03,17.2000,7.95,1.000,9.050,A,#1,HOLDING,1.370A/A
44600,2026-06-04 04:48:05,17.2000,7.95,1.000,9.050,A,#1,HOLDING,1.000A/A
44601,2026-06-04 04:48:06,17.2000,8.89,1.000,9.050,A,#1,HOLDING,1.000A/A
44602,2026-06-04 04:48:08,17.2125,8.89,1.000,9.070,A,#1,HOLDING,2.000A/A
44603,2026-06-04 04:48:11,17.1875,8.89,1.000,9.070,A,#1,HOLDING,3.000A/A
44604,2026-06-04 04:48:12,17.1875,8.89,1.000,9.070,A,#1,HOLDING,1.000A/A
44605,2026-06-04 04:48:14,17.1875,8.97,1.000,9.070,A,#2,APPROACH,1.500A/A
44606,2026-06-04 04:48:16,17.1875,8.97,1.220,0.000,B,#2,APPROACH,1.000A/B
44607,2026-06-04 04:48:19,17.1250,8.97,1.220,0.000,B,#2,APPROACH,2.000A/B
44608,2026-06-04 04:48:21,17.1000,8.97,1.220,0.000,B,#2,APPROACH,1.000A/B
44609,2026-06-04 04:48:22,17.0625,8.97,1.220,0.000,B,#2,APPROACH,2.000A/B
44610,2026-06-04 04:48:24,17.0875,12.00,1.220,0.000,B,#2,APPROACH,1.500A/B
44611,2026-06-04 04:48:26,17.0875,12.00,1.590,16.605,B,#2,APPROACH,2.000A/B
44612,2026-06-04 04:48:28,17.1750,12.00,1.590,16.605,B,#2,APPROACH,1.000A/B
44613,2026-06-04 04:48:30,17.2875,12.00,1.590,16.605,B,#2,APPROACH,1.000A/B
44614,2026-06-04 04:48:32,17.4375,8.01,1.590,16.605,B,#2,APPROACH,1.000A/B
44615,2026-06-04 04:48:33,17.4375,8.01,1.000,8.210,B,#2,APPROACH,1.500A/B
44616,2026-06-04 04:48:36,17.7875,8.01,1.000,8.210,B,#2,APPROACH,1.105A/B
44617,2026-06-04 04:48:37,17.9875,8.01,1.000,8.210,B,#2,APPROACH,1.000A/B
44618,2026-06-04 04:48:39,18.2125,8.34,1.000,8.210,B,#2,APPROACH,1.010A/B
44619,2026-06-04 04:48:41,18.2125,8.34,1.010,8.665,B,#2,APPROACH,1.324A/B
44620,2026-06-04 04:48:43,18.6500,8.34,1.010,8.665,B,#2,HOLDING,1.000A/B
44621,2026-06-04 04:48:45,18.6500,8.34,1.010,8.665,B,#2,HOLDING,0.472A/B
44622,2026-06-04 04:48:47,19.1125,4.73,1.010,8.665,B,#2,HOLDING,0.283A/B
44623,2026-06-04 04:48:49,19.1125,4.73,0.356,0.905,B,#2,HOLDING,0.250A/B
44624,2026-06-04 04:48:51,19.5625,4.73,0.356,0.905,OFF,#2,HOLDING,0.000A/OFF
44625,2026-06-04 04:48:52,19.5625,4.73,0.356,0.905,OFF,#2,HOLDING,0.000A/OFF
44626,2026-06-04 04:48:53,19.7750,4.73,0.356,0.905,A,#2,HOLDING,0.584A/A
44627,2026-06-04 04:48:55,20.0250,8.61,0.584,0.905,A,#2,HOLDING,1.672A/A
44628,2026-06-04 04:48:57,20.2125,8.61,0.584,19.536,A,#2,HOLDING,1.771A/A
44629,2026-06-04 04:48:59,20.3875,8.61,0.584,19.536,A,#2,HOLDING,2.760A/A
44630,2026-06-04 04:49:00,20.3875,8.61,0.584,19.536,A,#2,HOLDING,3.000A/A
44631,2026-06-04 04:49:02,20.5500,12.00,0.584,19.536,A,#2,HOLDING,2.000A/A
44632,2026-06-04 04:49:04,20.7000,12.00,1.569,18.576,A,#2,HOLDING,1.000A/A
44633,2026-06-04 04:49:06,20.9500,12.00,1.569,18.576,A,#2,HOLDING,1.460A/A
44634,2026-06-04 04:49:08,20.9500,12.00,1.569,18.576,A,#2,HOLDING,1.170A/A
44635,2026-06-04 04:49:10,21.0125,9.50,1.569,18.576,A,#2,HOLDING,0.764A/A
44636,2026-06-04 04:49:12,21.0875,9.50,0.764,5.302,A,#2,HOLDING,0.842A/A
44637,2026-06-04 04:49:14,21.1750,9.50,0.764,5.302,A,#2,HOLDING,0.685A/A
44638,2026-06-04 04:49:16,21.1750,9.50,0.764,5.302,A,#2,HOLDING,0.591A/A
44639,2026-06-04 04:49:17,21.1875,5.63,0.764,5.302,A,#2,HOLDING,0.614A/A
44640,2026-06-04 04:49:19,21.1875,5.63,0.614,3.647,A,#2,HOLDING,0.617A/A
44641,2026-06-04 04:49:22,21.2250,5.63,0.614,3.647,A,#2,HOLDING,0.732A/A
44642,2026-06-04 04:49:23,21.2250,5.63,0.614,3.647,A,#2,HOLDING,0.828A/A
44643,2026-06-04 04:49:25,21.2500,7.44,0.614,3.647,A,#2,HOLDING,0.836A/A
44644,2026-06-04 04:49:27,21.2250,7.44,0.836,6.403,A,#2,HOLDING,0.876A/A
44645,2026-06-04 04:49:29,21.2375,7.44,0.836,6.403,A,#2,HOLDING,0.972A/A
44646,2026-06-04 04:49:31,21.2375,7.44,0.836,6.403,A,#2,HOLDING,0.996A/A
44647,2026-06-04 04:49:33,21.1875,8.57,0.836,6.403,A,#2,HOLDING,1.060A/A
44648,2026-06-04 04:49:35,21.1375,8.57,1.060,9.752,A,#2,HOLDING,1.103A/A
44649,2026-06-04 04:49:37,21.1000,8.57,1.060,9.752,A,#2,HOLDING,1.161A/A
44650,2026-06-04 04:49:39,21.1000,8.57,1.060,9.752,A,#2,HOLDING,1.214A/A
44651,2026-06-04 04:49:41,21.0625,10.11,1.060,9.752,A,#2,HOLDING,1.000A/A
44652,2026-06-04 04:49:42,21.0125,10.11,1.014,8.870,A,#2,HOLDING,1.268A/A
44653,2026-06-04 04:49:45,20.8875,10.11,1.014,8.870,A,#2,HOLDING,1.319A/A
44654,2026-06-04 04:49:46,20.8875,10.11,1.014,8.870,A,#2,HOLDING,1.364A/A
44655,2026-06-04 04:49:48,20.8625,11.15,1.014,8.870,A,#2,HOLDING,1.412A/A
44656,2026-06-04 04:49:50,20.7625,11.15,1.412,16.576,A,#2,HOLDING,1.455A/A
44657,2026-06-04 04:49:52,20.7125,11.15,1.412,16.576,A,#2,HOLDING,1.507A/A
44658,2026-06-04 04:49:54,20.6375,11.15,1.412,16.576,A,#2,HOLDING,1.000A/A
44659,2026-06-04 04:49:56,20.5250,8.95,1.412,16.576,A,#2,HOLDING,1.500A/A
44660,2026-06-04 04:49:58,20.4750,8.95,1.452,17.256,A,#2,HOLDING,1.470A/A
44661,2026-06-04 04:50:00,20.3375,8.95,1.452,17.256,A,#2,HOLDING,1.000A/A
44662,2026-06-04 04:50:02,20.2625,8.95,1.452,17.256,A,#2,HOLDING,1.500A/A
44663,2026-06-04 04:50:04,20.1875,12.00,1.452,17.256,A,#2,HOLDING,1.508A/A
44664,2026-06-04 04:50:05,20.0875,12.00,1.436,17.088,A,#2,HOLDING,1.530A/A
44665,2026-06-04 04:50:08,19.9875,12.00,1.436,17.088,A,#2,HOLDING,1.000A/A
44666,2026-06-04 04:50:09,19.8625,12.00,1.436,17.088,A,#2,HOLDING,1.000A/A
44667,2026-06-04 04:50:11,19.8000,9.11,1.436,17.088,A,#2,HOLDING,1.000A/A
44668,2026-06-04 04:50:13,19.6750,9.11,1.000,9.280,A,#2,HOLDING,1.000A/A
44669,2026-06-04 04:50:15,19.5875,9.11,1.000,9.280,A,#2,HOLDING,1.554A/A
44670,2026-06-04 04:50:17,19.4625,9.11,1.000,9.280,A,#2,HOLDING,1.545A/A
44671,2026-06-04 04:50:19,19.3750,12.00,1.000,9.280,A,#2,HOLDING,1.500A/A
44672,2026-06-04 04:50:21,19.3000,12.00,1.430,17.028,A,#2,HOLDING,1.542A/A
44673,2026-06-04 04:50:23,19.2000,12.00,1.430,17.028,A,#2,HOLDING,1.532A/A
44674,2026-06-04 04:50:25,19.1000,12.00,1.430,17.028,A,#2,HOLDING,1.515A/A
44675,2026-06-04 04:50:27,19.0125,12.00,1.430,17.028,A,#2,HOLDING,1.494A/A
44676,2026-06-04 04:50:29,18.9125,12.00,1.420,16.920,A,#2,HOLDING,1.000A/A
44677,2026-06-04 04:50:31,18.8000,12.00,1.420,16.920,A,#2,HOLDING,1.473A/A
44678,2026-06-04 04:50:32,18.7250,12.00,1.420,16.920,A,#2,HOLDING,1.446A/A
44679,2026-06-04 04:50:34,18.6500,12.00,1.420,16.920,A,#2,HOLDING,1.418A/A
44680,2026-06-04 04:50:36,18.5250,12.00,1.417,16.884,A,#2,HOLDING,1.376A/A
44681,2026-06-04 04:50:39,18.4250,12.00,1.417,16.884,A,#2,HOLDING,1.000A/A
44682,2026-06-04 04:50:40,18.3500,12.00,1.417,16.884,A,#2,HOLDING,1.269A/A
44683,2026-06-04 04:50:42,18.2625,10.92,1.417,16.884,A,#2,HOLDING,1.225A/A
44684,2026-06-04 04:50:44,18.1375,10.92,1.225,13.217,A,#2,HOLDING,1.162A/A
44685,2026-06-04 04:50:46,18.0500,10.92,1.225,13.217,A,#2,HOLDING,1.091A/A
44686,2026-06-04 04:50:48,17.9750,10.92,1.225,13.217,A,#2,HOLDING,1.039A/A
44687,2026-06-04 04:50:50,17.9000,9.46,1.225,13.217,A,#2,HOLDING,0.982A/A
44688,2026-06-04 04:50:52,17.8250,9.46,0.982,9.014,A,#2,HOLDING,0.915A/A
44689,2026-06-04 04:50:54,17.7375,9.46,0.982,9.014,A,#2,HOLDING,0.829A/A
44690,2026-06-04 04:50:55,17.6625,9.46,0.982,9.014,A,#2,HOLDING,0.765A/A
44691,2026-06-04 04:50:57,17.5875,7.65,0.982,9.014,A,#2,HOLDING,0.690A/A
44692,2026-06-04 04:50:59,17.5375,7.65,0.690,4.974,A,#2,HOLDING,0.616A/A
44693,2026-06-04 04:51:02,17.4625,7.65,0.690,4.974,A,#2,HOLDING,0.518A/A
44694,2026-06-04 04:51:03,17.4125,7.65,0.690,4.974,A,#2,HOLDING,0.450A/A
44695,2026-06-04 04:51:05,17.3750,5.07,0.690,4.974,A,#2,HOLDING,0.372A/A
44696,2026-06-04 04:51:07,17.3250,5.07,0.372,1.674,A,#2,HOLDING,0.290A/A
44697,2026-06-04 04:51:09,17.2750,5.07,0.372,1.674,A,#2,HOLDING,0.183A/A
44698,2026-06-04 04:51:11,17.2500,5.07,0.372,1.674,A,#2,HOLDING,0.110A/A
44699,2026-06-04 04:51:13,17.2250,5.07,0.372,1.674,OFF,#2,HOLDING,0.000A/OFF
44700,2026-06-04 04:51:14,17.2250,2.18,0.372,1.674,OFF,#2,HOLDING,0.000A/OFF
44701,2026-06-04 04:51:15,17.2250,2.18,0.110,1.674,OFF,#2,HOLDING,0.000A/OFF
44702,2026-06-04 04:51:16,17.2000,2.18,0.110,0.966,B,#2,HOLDING,0.106A/B
44703,2026-06-04 04:51:17,17.2250,2.18,0.110,0.966,B,#2,HOLDING,0.176A/B
44704,2026-06-04 04:51:19,17.2250,2.18,0.110,0.966,B,#2,HOLDING,0.246A/B
44705,2026-06-04 04:51:21,17.2250,1.49,0.110,0.966,B,#2,HOLDING,0.314A/B
44706,2026-06-04 04:51:22,17.2500,1.49,0.314,0.678,B,#2,HOLDING,0.397A/B
44707,2026-06-04 04:51:25,17.2625,1.49,0.314,0.678,B,#2,HOLDING,0.502A/B
44708,2026-06-04 04:51:26,17.3125,1.49,0.314,0.678,B,#2,HOLDING,0.563A/B
44709,2026-06-04 04:51:28,17.3750,4.23,0.314,0.678,B,#2,HOLDING,0.634A/B
44710,2026-06-04 04:51:30,17.4250,4.23,0.596,3.119,B,#2,HOLDING,0.704A/B
44711,2026-06-04 04:51:32,17.5125,4.23,0.596,3.119,B,#2,HOLDING,0.793A/B
44712,2026-06-04 04:51:34,17.5875,4.23,0.596,3.119,B,#2,HOLDING,0.850A/B
44713,2026-06-04 04:51:36,17.6750,6.63,0.596,3.119,B,#2,HOLDING,0.911A/B
44714,2026-06-04 04:51:38,17.8000,6.63,0.877,6.650,B,#2,HOLDING,0.961A/B
44715,2026-06-04 04:51:40,17.9250,6.63,0.877,6.650,B,#2,HOLDING,1.029A/B
44716,2026-06-04 04:51:42,18.0750,6.63,0.877,6.650,B,#2,HOLDING,1.000A/B
44717,2026-06-04 04:51:44,18.1750,8.02,0.877,6.650,B,#2,HOLDING,1.000A/B
44718,2026-06-04 04:51:45,18.3500,8.02,1.000,8.200,B,#2,HOLDING,1.000A/B
44719,2026-06-04 04:51:48,18.4875,8.02,1.000,8.200,B,#2,HOLDING,1.039A/B
44720,2026-06-04 04:51:49,18.6875,8.02,1.000,8.200,B,#2,HOLDING,1.002A/B
44721,2026-06-04 04:51:51,18.8625,8.30,1.000,8.200,B,#3,APPROACH,1.026A/B
44722,2026-06-04 04:51:53,19.0625,8.30,1.012,0.000,B,#3,APPROACH,0.159A/B
44723,2026-06-04 04:51:56,19.2375,8.30,1.012,0.000,B,#3,APPROACH,0.162A/B
44724,2026-06-04 04:51:58,19.6125,8.30,1.012,0.000,B,#3,APPROACH,0.144A/B
44725,2026-06-04 04:52:00,19.6125,8.30,1.012,0.000,B,#3,APPROACH,0.184A/B
44726,2026-06-04 04:52:01,19.8125,2.18,1.012,0.000,B,#3,APPROACH,0.192A/B
44727,2026-06-04 04:52:03,19.9625,2.18,0.192,0.428,B,#3,APPROACH,0.243A/B
44728,2026-06-04 04:52:05,20.1375,2.18,0.192,0.428,B,#3,APPROACH,0.298A/B
44729,2026-06-04 04:52:07,20.3000,2.18,0.192,0.428,B,#3,APPROACH,0.355A/B
44730,2026-06-04 04:52:09,20.4500,3.53,0.192,0.428,B,#3,APPROACH,0.399A/B
44731,2026-06-04 04:52:11,20.6625,3.53,0.375,1.580,B,#3,APPROACH,0.436A/B
44732,2026-06-04 04:52:13,20.7625,3.53,0.375,1.580,B,#3,APPROACH,0.510A/B
44733,2026-06-04 04:52:15,20.9250,3.53,0.375,1.580,B,#3,APPROACH,0.531A/B
44734,2026-06-04 04:52:16,21.0750,4.96,0.375,1.580,B,#3,APPROACH,0.565A/B
44735,2026-06-04 04:52:18,21.1750,4.96,0.565,3.005,B,#3,HOLDING,0.544A/B
44736,2026-06-04 04:52:21,21.3500,4.96,0.565,3.005,OFF,#3,HOLDING,0.000A/OFF
44737,2026-06-04 04:52:22,21.4875,4.96,0.565,3.005,OFF,#3,HOLDING,0.000A/OFF
44738,2026-06-04 04:52:23,21.4875,4.96,0.565,3.005,OFF,#3,HOLDING,0.000A/OFF
44739,2026-06-04 04:52:24,21.6375,4.96,0.565,3.005,OFF,#3,HOLDING,0.000A/OFF
44740,2026-06-04 04:52:25,21.6375,12.00,0.000,3.005,OFF,#3,HOLDING,0.000A/OFF
44741,2026-06-04 04:52:26,21.7625,12.00,0.000,3.005,OFF,#3,HOLDING,0.000A/OFF
44742,2026-06-04 04:52:27,21.8875,12.00,0.000,0.000,OFF,#3,HOLDING,0.000A/OFF
44743,2026-06-04 04:52:28,21.8875,12.00,0.000,0.000,OFF,#3,HOLDING,0.000A/OFF
44744,2026-06-04 04:52:29,22.0375,12.00,0.000,0.000,OFF,#3,HOLDING,0.000A/OFF
44745,2026-06-04 04:52:30,22.0375,12.00,0.000,0.000,OFF,#3,HOLDING,0.000A/OFF
44746,2026-06-04 04:52:31,22.1375,12.00,0.000,0.000,OFF,#3,HOLDING,0.000A/OFF
44747,2026-06-04 04:52:32,22.1375,12.00,0.000,0.000,OFF,#3,HOLDING,0.000A/OFF
44748,2026-06-04 04:52:33,22.2625,12.00,0.000,0.000,OFF,#3,HOLDING,0.000A/OFF
44749,2026-06-04 04:52:34,22.2625,12.00,0.000,0.000,OFF,#3,HOLDING,0.000A/OFF
44750,2026-06-04 04:52:35,22.3875,12.00,0.000,0.000,OFF,#3,HOLDING,0.000A/OFF
44751,2026-06-04 04:52:36,22.3875,12.00,0.000,0.000,OFF,#3,HOLDING,0.000A/OFF
44752,2026-06-04 04:52:37,22.4875,12.00,0.000,0.000,OFF,#3,HOLDING,0.000A/OFF
44753,2026-06-04 04:52:38,22.4875,12.00,0.000,0.000,OFF,#3,HOLDING,0.000A/OFF
44754,2026-06-04 04:52:39,22.5625,12.00,0.000,0.000,OFF,#3,HOLDING,0.000A/OFF
44755,2026-06-04 04:52:40,22.5625,12.00,0.000,0.000,OFF,#3,HOLDING,0.000A/OFF
44756,2026-06-04 04:52:41,22.6625,12.00,0.000,0.000,OFF,#3,HOLDING,0.000A/OFF
44757,2026-06-04 04:52:42,22.6625,12.00,0.000,0.000,OFF,#3,HOLDING,0.000A/OFF
44758,2026-06-04 04:52:43,22.7125,12.00,0.000,0.000,OFF,#3,HOLDING,0.000A/OFF
44759,2026-06-04 04:52:44,22.7125,12.00,0.000,0.000,OFF,#3,HOLDING,0.000A/OFF
44760,2026-06-04 04:52:45,22.7875,12.00,0.000,0.000,OFF,#3,HOLDING,0.000A/OFF
44761,2026-06-04 04:52:46,22.8625,12.00,0.000,0.000,OFF,#3,HOLDING,0.000A/OFF
44762,2026-06-04 04:52:47,22.8625,12.00,0.000,0.000,OFF,#3,HOLDING,0.000A/OFF
44763,2026-06-04 04:52:48,22.8625,12.00,0.000,0.000,OFF,#3,HOLDING,0.000A/OFF
44764,2026-06-04 04:52:49,22.9125,12.00,0.000,0.000,OFF,#3,HOLDING,0.000A/OFF
44765,2026-06-04 04:52:50,22.9875,12.00,0.000,0.000,A,#3,HOLDING,0.125A/A
44766,2026-06-04 04:52:52,22.9875,12.00,0.125,0.133,A,#3,HOLDING,0.159A/A
44767,2026-06-04 04:52:54,23.0875,12.00,0.125,0.133,A,#3,HOLDING,0.209A/A
44768,2026-06-04 04:52:56,23.1250,12.00,0.125,0.133,A,#3,HOLDING,0.284A/A
44769,2026-06-04 04:52:58,23.1250,2.47,0.125,0.133,A,#3,HOLDING,0.317A/A
44770,2026-06-04 04:52:59,23.1250,2.47,0.317,0.874,A,#3,HOLDING,0.346A/A
44771,2026-06-04 04:53:02,23.2125,2.47,0.317,0.874,A,#3,HOLDING,0.406A/A
44772,2026-06-04 04:53:03,23.2500,2.47,0.317,0.874,A,#3,HOLDING,0.451A/A
44773,2026-06-04 04:53:05,23.2500,3.86,0.317,0.874,A,#3,HOLDING,0.498A/A
44774,2026-06-04 04:53:07,23.2500,3.86,0.498,2.176,A,#3,HOLDING,0.539A/A
44775,2026-06-04 04:53:10,23.2500,3.86,0.498,2.176,A,#3,HOLDING,0.582A/A
44776,2026-06-04 04:53:11,23.2500,3.86,0.498,2.176,A,#3,HOLDING,0.615A/A
44777,2026-06-04 04:53:13,23.2500,5.20,0.498,2.176,A,#3,HOLDING,0.656A/A
44778,2026-06-04 04:53:15,23.2500,5.20,0.656,3.732,A,#3,HOLDING,0.700A/A
44779,2026-06-04 04:53:17,23.2250,5.20,0.656,3.732,A,#3,HOLDING,0.749A/A
44780,2026-06-04 04:53:19,23.1875,5.20,0.656,3.732,A,#3,HOLDING,0.777A/A
44781,2026-06-04 04:53:21,23.1375,6.55,0.656,3.732,A,#3,HOLDING,0.808A/A
44782,2026-06-04 04:53:23,23.1375,6.55,0.808,5.672,A,#3,HOLDING,0.848A/A
44783,2026-06-04 04:53:25,23.0750,6.55,0.808,5.672,A,#3,HOLDING,0.841A/A
44784,2026-06-04 04:53:27,23.0250,6.55,0.808,5.672,A,#3,HOLDING,0.870A/A
44785,2026-06-04 04:53:28,22.9500,7.43,0.808,5.672,A,#3,HOLDING,0.895A/A
44786,2026-06-04 04:53:30,22.9500,7.43,0.895,6.972,A,#3,HOLDING,0.931A/A
44787,2026-06-04 04:53:33,22.8250,7.43,0.895,6.972,A,#3,HOLDING,0.962A/A
44788,2026-06-04 04:53:34,22.7750,7.43,0.895,6.972,A,#3,HOLDING,0.985A/A
44789,2026-06-04 04:53:36,22.6750,8.35,0.895,6.972,A,#3,HOLDING,0.997A/A
44790,2026-06-04 04:53:38,22.6750,8.35,0.997,8.584,A,#3,HOLDING,1.028A/A
44791,2026-06-04 04:53:40,22.4875,8.35,0.997,8.584,A,#3,HOLDING,1.000A/A
44792,2026-06-04 04:53:42,22.4000,8.35,0.997,8.584,A,#3,HOLDING,1.038A/A
44793,2026-06-04 04:53:44,22.2750,8.82,0.997,8.584,A,#3,HOLDING,1.000A/A
44794,2026-06-04 04:53:46,22.2750,8.82,1.000,8.730,A,#3,HOLDING,1.047A/A
44795,2026-06-04 04:53:48,22.0875,8.82,1.000,8.730,A,#4,APPROACH,1.000A/A
44796,2026-06-04 04:53:50,21.9625,8.82,1.000,8.730,B,#4,APPROACH,0.157A/B
44797,2026-06-04 04:53:51,21.9625,8.82,1.000,8.730,B,#4,APPROACH,0.181A/B
44798,2026-06-04 04:53:53,21.8625,12.00,1.000,8.730,B,#4,APPROACH,0.252A/B
44799,2026-06-04 04:53:55,21.6625,12.00,0.890,0.546,B,#4,APPROACH,0.344A/B
44800,2026-06-04 04:53:58,21.5875,12.00,0.890,0.546,B,#4,APPROACH,0.468A/B
44801,2026-06-04 04:53:59,21.5625,12.00,0.890,0.546,B,#4,APPROACH,0.559A/B
44802,2026-06-04 04:54:01,21.5375,4.62,0.890,0.546,B,#4,APPROACH,0.676A/B
44803,2026-06-04 04:54:03,21.5375,4.62,0.653,3.832,B,#4,APPROACH,0.791A/B
44804,2026-06-04 04:54:06,21.5375,4.62,0.653,3.832,B,#4,APPROACH,0.945A/B
44805,2026-06-04 04:54:07,21.5625,4.62,0.653,3.832,B,#4,APPROACH,1.045A/B
44806,2026-06-04 04:54:09,21.5875,8.28,0.653,3.832,B,#4,APPROACH,1.162A/B
44807,2026-06-04 04:54:11,21.6125,8.28,1.134,10.736,B,#4,APPROACH,1.277A/B
44808,2026-06-04 04:54:13,21.6875,8.28,1.134,10.736,B,#4,APPROACH,1.420A/B
44809,2026-06-04 04:54:15,21.7625,8.28,1.134,10.736,B,#4,APPROACH,1.511A/B
44810,2026-06-04 04:54:17,21.8500,11.59,1.134,10.736,B,#4,APPROACH,1.596A/B
44811,2026-06-04 04:54:19,21.9750,11.59,1.536,18.204,B,#4,APPROACH,1.687A/B
44812,2026-06-04 04:54:21,22.1000,11.59,1.536,18.204,B,#4,APPROACH,1.809A/B
44813,2026-06-04 04:54:23,22.2000,11.59,1.536,18.204,B,#4,APPROACH,1.883A/B
44814,2026-06-04 04:54:24,22.3625,12.00,1.536,18.204,B,#4,APPROACH,1.000A/B
44815,2026-06-04 04:54:26,22.5125,12.00,1.021,8.840,B,#4,APPROACH,1.949A/B
44816,2026-06-04 04:54:29,22.6750,12.00,1.021,8.840,B,#4,APPROACH,1.000A/B
44817,2026-06-04 04:54:30,22.8250,12.00,1.021,8.840,B,#4,APPROACH,2.000A/B
44818,2026-06-04 04:54:32,22.9875,12.00,1.021,8.840,B,#4,APPROACH,1.000A/B
44819,2026-06-04 04:54:34,23.1875,12.00,1.037,9.000,B,#4,APPROACH,2.000A/B
44820,2026-06-04 04:54:36,23.3625,12.00,1.037,9.000,B,#4,APPROACH,1.000A/B
44821,2026-06-04 04:54:38,23.5125,12.00,1.037,9.000,B,#4,APPROACH,1.995A/B
44822,2026-06-04 04:54:40,23.6750,12.00,1.037,9.000,B,#4,APPROACH,1.000A/B
44823,2026-06-04 04:54:42,23.8750,12.00,1.027,9.150,B,#4,HOLDING,1.971A/B
44824,2026-06-04 04:54:44,24.0750,12.00,1.027,9.150,OFF,#4,HOLDING,0.000A/OFF
44825,2026-06-04 04:54:45,24.0750,12.00,1.027,9.150,OFF,#4,HOLDING,0.000A/OFF
44826,2026-06-04 04:54:46,24.2500,12.00,1.027,9.150,OFF,#4,HOLDING,0.000A/OFF
44827,2026-06-04 04:54:47,24.2500,12.00,1.027,9.150,OFF,#4,HOLDING,0.000A/OFF
44828,2026-06-04 04:54:48,24.4500,12.00,0.000,9.150,OFF,#4,HOLDING,0.000A/OFF
44829,2026-06-04 04:54:49,24.4500,12.00,0.000,9.150,OFF,#4,HOLDING,0.000A/OFF
44830,2026-06-04 04:54:50,24.6250,12.00,0.000,0.000,OFF,#4,HOLDING,0.000A/OFF
44831,2026-06-04 04:54:51,24.6250,12.00,0.000,0.000,OFF,#4,HOLDING,0.000A/OFF
44832,2026-06-04 04:54:52,24.8250,12.00,0.000,0.000,OFF,#4,HOLDING,0.000A/OFF
44833,2026-06-04 04:54:53,25.0000,12.00,0.000,0.000,OFF,#4,HOLDING,0.000A/OFF
44834,2026-06-04 04:54:54,25.0000,12.00,0.000,0.000,OFF,#4,HOLDING,0.000A/OFF
44835,2026-06-04 04:54:55,25.1750,12.00,0.000,0.000,OFF,#4,HOLDING,0.000A/OFF
44836,2026-06-04 04:54:56,25.1750,12.00,0.000,0.000,OFF,#4,HOLDING,0.000A/OFF
44837,2026-06-04 04:54:57,25.3250,12.00,0.000,0.000,OFF,#4,HOLDING,0.000A/OFF
44838,2026-06-04 04:54:58,25.3250,12.00,0.000,0.000,OFF,#4,HOLDING,0.000A/OFF
44839,2026-06-04 04:54:59,25.4875,12.00,0.000,0.000,OFF,#4,HOLDING,0.000A/OFF
44840,2026-06-04 04:55:00,25.4875,12.00,0.000,0.000,OFF,#4,HOLDING,0.000A/OFF
44841,2026-06-04 04:55:01,25.6125,12.00,0.000,0.000,OFF,#4,HOLDING,0.000A/OFF
44842,2026-06-04 04:55:02,25.6125,12.00,0.000,0.000,OFF,#4,HOLDING,0.000A/OFF
44843,2026-06-04 04:55:03,25.7000,12.00,0.000,0.000,OFF,#4,HOLDING,0.000A/OFF
44844,2026-06-04 04:55:04,25.7000,12.00,0.000,0.000,OFF,#4,HOLDING,0.000A/OFF
44845,2026-06-04 04:55:05,25.8250,12.00,0.000,0.000,A,#4,HOLDING,0.160A/A
44846,2026-06-04 04:55:07,25.9125,12.00,0.000,0.000,A,#4,HOLDING,0.200A/A
44847,2026-06-04 04:55:09,25.9875,12.00,0.200,0.294,A,#4,HOLDING,0.256A/A
44848,2026-06-04 04:55:11,26.0625,12.00,0.200,0.294,A,#4,HOLDING,0.303A/A
44849,2026-06-04 04:55:13,26.1125,12.00,0.200,0.294,A,#4,HOLDING,0.345A/A
44850,2026-06-04 04:55:15,26.1750,2.69,0.200,0.294,A,#4,HOLDING,0.398A/A
44851,2026-06-04 04:55:17,26.2250,2.69,0.370,1.265,A,#4,HOLDING,0.452A/A
44852,2026-06-04 04:55:19,26.2500,2.69,0.370,1.265,A,#4,HOLDING,0.518A/A
44853,2026-06-04 04:55:21,26.3000,2.69,0.370,1.265,A,#4,HOLDING,0.568A/A
44854,2026-06-04 04:55:23,26.3125,4.62,0.370,1.265,A,#4,HOLDING,0.622A/A
44855,2026-06-04 04:55:24,26.3125,4.62,0.592,3.228,A,#4,HOLDING,0.675A/A
44856,2026-06-04 04:55:27,26.3125,4.62,0.592,3.228,A,#4,HOLDING,0.742A/A
44857,2026-06-04 04:55:28,26.3125,4.62,0.592,3.228,A,#4,HOLDING,0.789A/A
44858,2026-06-04 04:55:30,26.2875,6.49,0.592,3.228,A,#4,HOLDING,0.841A/A
44859,2026-06-04 04:55:32,26.2625,6.49,0.812,5.920,A,#4,HOLDING,0.891A/A
44860,2026-06-04 04:55:34,26.2375,6.49,0.812,5.920,A,#4,HOLDING,0.956A/A
44861,2026-06-04 04:55:36,26.1625,6.49,0.812,5.920,A,#4,HOLDING,0.990A/A
44862,2026-06-04 04:55:38,26.1250,8.14,0.812,5.920,A,#4,HOLDING,1.036A/A
44863,2026-06-04 04:55:40,26.0750,8.14,1.010,8.940,A,#4,HOLDING,1.000A/A
44864,2026-06-04 04:55:42,25.9875,8.14,1.010,8.940,A,#4,HOLDING,1.075A/A
44865,2026-06-04 04:55:44,25.9125,8.14,1.010,8.940,A,#4,HOLDING,1.102A/A
44866,2026-06-04 04:55:46,25.8375,9.12,1.010,8.940,A,#4,HOLDING,1.135A/A
44867,2026-06-04 04:55:47,25.7375,9.12,1.135,10.793,A,#4,HOLDING,1.115A/A
44868,2026-06-04 04:55:50,25.6500,9.12,1.135,10.793,A,#4,HOLDING,1.158A/A
44869,2026-06-04 04:55:51,25.5250,9.12,1.135,10.793,A,#4,HOLDING,1.174A/A
44870,2026-06-04 04:55:53,25.4000,9.77,1.135,10.793,A,#4,HOLDING,1.195A/A
44871,2026-06-04 04:55:55,25.2500,9.77,1.195,12.045,A,#4,HOLDING,1.204A/A
44872,2026-06-04 04:55:57,25.1375,9.77,1.195,12.045,A,#4,HOLDING,1.225A/A
44873,2026-06-04 04:55:59,24.9625,9.77,1.195,12.045,A,#4,HOLDING,1.224A/A
44874,2026-06-04 04:56:01,24.8250,10.25,1.195,12.045,A,#4,HOLDING,1.226A/A
44875,2026-06-04 04:56:03,24.6750,10.25,1.226,12.762,A,#4,HOLDING,1.215A/A
44876,2026-06-04 04:56:05,24.5125,10.25,1.226,12.762,A,#4,HOLDING,1.208A/A
44877,2026-06-04 04:56:07,24.3625,10.25,1.226,12.762,A,#4,HOLDING,1.190A/A
44878,2026-06-04 04:56:09,24.2000,10.13,1.226,12.762,A,#4,HOLDING,1.166A/A
44879,2026-06-04 04:56:10,24.0250,10.13,1.166,11.776,A,#4,HOLDING,1.131A/A
44880,2026-06-04 04:56:13,23.8625,10.13,1.166,11.776,A,#4,HOLDING,1.091A/A
44881,2026-06-04 04:56:14,23.6875,10.13,1.166,11.776,A,#4,HOLDING,0.994A/A
44882,2026-06-04 04:56:16,23.5125,8.83,1.166,11.776,A,#4,HOLDING,0.935A/A
44883,2026-06-04 04:56:18,23.3625,8.83,0.963,7.956,A,#4,HOLDING,0.871A/A
44884,2026-06-04 04:56:21,23.2000,8.83,0.963,7.956,A,#4,HOLDING,0.793A/A
44885,2026-06-04 04:56:22,23.0500,8.83,0.963,7.956,A,#4,HOLDING,0.725A/A
44886,2026-06-04 04:56:24,22.8875,6.97,0.963,7.956,A,#4,HOLDING,0.637A/A
44887,2026-06-04 04:56:26,22.7125,6.97,0.680,4.070,A,#4,HOLDING,0.539A/A
44888,2026-06-04 04:56:28,22.5750,6.97,0.680,4.070,A,#4,HOLDING,0.444A/A
44889,2026-06-04 04:56:30,22.4500,6.97,0.680,4.070,A,#4,HOLDING,0.367A/A
44890,2026-06-04 04:56:32,22.3250,4.15,0.680,4.070,A,#4,HOLDING,0.275A/A
44891,2026-06-04 04:56:34,22.1750,4.15,0.319,0.948,A,#4,HOLDING,0.162A/A
44892,2026-06-04 04:56:36,22.0750,4.15,0.319,0.948,OFF,#4,HOLDING,0.000A/OFF
44893,2026-06-04 04:56:37,21.9250,4.15,0.319,0.948,OFF,#4,HOLDING,0.000A/OFF
44894,2026-06-04 04:56:38,21.9250,4.15,0.319,0.948,OFF,#4,HOLDING,0.000A/OFF
44895,2026-06-04 04:56:39,21.8375,12.00,0.319,0.948,B,#4,HOLDING,0.162A/B
44896,2026-06-04 04:56:41,21.7375,12.00,0.162,0.137,B,#4,HOLDING,0.236A/B
44897,2026-06-04 04:56:43,21.6750,12.00,0.162,0.137,B,#4,HOLDING,0.390A/B
44898,2026-06-04 04:56:45,21.5750,12.00,0.162,0.137,B,#4,HOLDING,0.503A/B
44899,2026-06-04 04:56:47,21.5750,3.79,0.162,0.137,B,#4,HOLDING,0.619A/B
44900,2026-06-04 04:56:48,21.5000,3.79,0.558,3.002,B,#4,HOLDING,0.746A/B
44901,2026-06-04 04:56:51,21.4375,3.79,0.558,3.002,B,#4,HOLDING,0.907A/B
44902,2026-06-04 04:56:52,21.4125,3.79,0.558,3.002,B,#4,HOLDING,1.018A/B
44903,2026-06-04 04:56:54,21.4125,7.91,0.558,3.002,B,#4,HOLDING,1.132A/B
44904,2026-06-04 04:56:56,21.4250,7.91,1.071,10.086,B,#4,HOLDING,1.259A/B
44905,2026-06-04 04:56:58,21.4375,7.91,1.071,10.086,B,#4,HOLDING,1.000A/B
44906,2026-06-04 04:57:00,21.4625,7.91,1.071,10.086,B,#4,HOLDING,1.000A/B
44907,2026-06-04 04:57:02,21.4625,8.20,1.071,10.086,B,#4,HOLDING,1.410A/B
44908,2026-06-04 04:57:04,21.5750,8.20,1.201,15.693,B,#4,HOLDING,1.520A/B
44909,2026-06-04 04:57:06,21.7375,8.20,1.201,15.693,B,#4,HOLDING,1.000A/B
44910,2026-06-04 04:57:08,21.8875,8.20,1.201,15.693,B,#4,HOLDING,1.606A/B
44911,2026-06-04 04:57:10,21.8875,12.00,1.201,15.693,B,#4,HOLDING,1.729A/B
44912,2026-06-04 04:57:11,21.9875,12.00,1.502,17.736,B,#4,HOLDING,1.831A/B
44913,2026-06-04 04:57:14,22.3000,12.00,1.502,17.736,B,#4,HOLDING,1.000A/B
44914,2026-06-04 04:57:15,22.4500,12.00,1.502,17.736,B,#4,HOLDING,1.000A/B
44915,2026-06-04 04:57:17,22.4500,8.85,1.502,17.736,B,#4,HOLDING,1.500A/B
44916,2026-06-04 04:57:19,22.6125,8.85,1.222,17.160,B,#4,HOLDING,1.919A/B
44917,2026-06-04 04:57:21,22.9625,8.85,1.222,17.160,B,#4,HOLDING,1.983A/B
44918,2026-06-04 04:57:23,23.1375,8.85,1.222,17.160,B,#4,HOLDING,2.010A/B
44919,2026-06-04 04:57:25,23.1375,12.00,1.222,17.160,B,#4,HOLDING,2.093A/B
44920,2026-06-04 04:57:27,23.3625,12.00,1.416,16.752,B,#4,HOLDING,2.131A/B
44921,2026-06-04 04:57:29,23.7375,12.00,1.416,16.752,B,#4,HOLDING,1.500A/B
44922,2026-06-04 04:57:31,23.9375,12.00,1.416,16.752,B,#4,HOLDING,1.000A/B
44923,2026-06-04 04:57:33,23.9375,9.23,1.416,16.752,B,#4,HOLDING,2.089A/B
44924,2026-06-04 04:57:34,24.1250,9.23,1.191,16.428,B,#4,HOLDING,1.500A/B
44925,2026-06-04 04:57:37,24.5500,9.23,1.191,16.428,B,#4,HOLDING,1.500A/B
44926,2026-06-04 04:57:38,24.7500,9.23,1.191,16.428,B,#4,HOLDING,1.500A/B
44927,2026-06-04 04:57:40,24.7500,12.00,1.191,16.428,B,#5,APPROACH,2.110A/B
44928,2026-06-04 04:57:42,24.9625,12.00,1.361,0.000,B,#5,APPROACH,0.179A/B
44929,2026-06-04 04:57:45,25.3750,12.00,1.361,0.000,B,#5,APPROACH,0.159A/B
44930,2026-06-04 04:57:47,25.6250,12.00,1.361,0.000,B,#5,APPROACH,0.126A/B
44931,2026-06-04 04:57:49,25.8000,12.00,1.361,0.000,B,#5,APPROACH,0.115A/B
44932,2026-06-04 04:57:50,26.0000,2.49,1.361,0.000,B,#5,APPROACH,0.135A/B
44933,2026-06-04 04:57:52,26.1875,2.49,0.135,0.352,B,#5,APPROACH,0.163A/B
44934,2026-06-04 04:57:54,26.3875,2.49,0.135,0.352,B,#5,APPROACH,0.215A/B
44935,2026-06-04 04:57:56,26.5500,2.49,0.135,0.352,B,#5,APPROACH,0.257A/B
44936,2026-06-04 04:57:58,26.7000,3.45,0.135,0.352,B,#5,APPROACH,0.311A/B
44937,2026-06-04 04:58:00,26.8000,3.45,0.311,1.216,B,#5,APPROACH,0.371A/B
44938,2026-06-04 04:58:02,26.9750,3.45,0.311,1.216,B,#5,APPROACH,0.436A/B
44939,2026-06-04 04:58:04,27.0750,3.45,0.311,1.216,B,#5,APPROACH,0.477A/B
44940,2026-06-04 04:58:06,27.2000,5.03,0.311,1.216,B,#5,APPROACH,0.515A/B
44941,2026-06-04 04:58:07,27.3000,5.03,0.515,2.791,B,#5,APPROACH,0.555A/B
44942,2026-06-04 04:58:10,27.4000,5.03,0.515,2.791,B,#5,HOLDING,0.601A/B
44943,2026-06-04 04:58:11,27.5125,5.03,0.515,2.791,OFF,#5,HOLDING,0.000A/OFF
44944,2026-06-04 04:58:12,27.5125,5.03,0.515,2.791,OFF,#5,HOLDING,0.000A/OFF
44945,2026-06-04 04:58:13,27.5875,12.00,0.515,2.791,OFF,#5,HOLDING,0.000A/OFF
44946,2026-06-04 04:58:14,27.5875,12.00,0.000,2.791,OFF,#5,HOLDING,0.000A/OFF
44947,2026-06-04 04:58:15,27.7000,12.00,0.000,0.000,OFF,#5,HOLDING,0.000A/OFF
44948,2026-06-04 04:58:16,27.7000,12.00,0.000,0.000,OFF,#5,HOLDING,0.000A/OFF
44949,2026-06-04 04:58:17,27.7750,12.00,0.000,0.000,OFF,#5,HOLDING,0.000A/OFF
44950,2026-06-04 04:58:18,27.7750,12.00,0.000,0.000,B,#5,HOLDING,0.120A/B
44951,2026-06-04 04:58:20,27.8250,12.00,0.120,0.000,B,#5,HOLDING,0.137A/B
44952,2026-06-04 04:58:22,27.9250,12.00,0.120,0.272,B,#5,HOLDING,0.158A/B
44953,2026-06-04 04:58:24,27.9750,12.00,0.120,0.272,B,#5,HOLDING,0.167A/B
44954,2026-06-04 04:58:25,28.0250,12.00,0.120,0.272,B,#5,HOLDING,0.178A/B
44955,2026-06-04 04:58:27,28.0625,2.35,0.120,0.272,B,#5,HOLDING,0.197A/B
44956,2026-06-04 04:58:29,28.0875,2.35,0.197,0.504,B,#5,HOLDING,0.212A/B
44957,2026-06-04 04:58:31,28.1375,2.35,0.197,0.504,B,#5,HOLDING,0.225A/B
44958,2026-06-04 04:58:33,28.1875,2.35,0.197,0.504,B,#5,HOLDING,0.230A/B
44959,2026-06-04 04:58:35,28.1875,2.74,0.197,0.504,B,#5,HOLDING,0.240A/B
44960,2026-06-04 04:58:37,28.2125,2.74,0.240,0.693,B,#5,HOLDING,0.249A/B
44961,2026-06-04 04:58:39,28.2250,2.74,0.240,0.693,B,#5,HOLDING,0.261A/B
44962,2026-06-04 04:58:41,28.2500,2.74,0.240,0.693,B,#5,HOLDING,0.263A/B
44963,2026-06-04 04:58:43,28.2500,2.99,0.240,0.693,B,#5,HOLDING,0.271A/B
44964,2026-06-04 04:58:44,28.2500,2.99,0.271,0.859,B,#5,HOLDING,0.278A/B
44965,2026-06-04 04:58:47,28.2500,2.99,0.271,0.859,B,#5,HOLDING,0.287A/B
44966,2026-06-04 04:58:48,28.2500,2.99,0.271,0.859,B,#5,HOLDING,0.292A/B
44967,2026-06-04 04:58:50,28.2500,3.19,0.271,0.859,B,#5,HOLDING,0.298A/B
44968,2026-06-04 04:58:52,28.2500,3.19,0.298,1.010,B,#5,HOLDING,0.303A/B
44969,2026-06-04 04:58:55,28.2500,3.19,0.298,1.010,B,#5,HOLDING,0.311A/B
44970,2026-06-04 04:58:56,28.2500,3.19,0.298,1.010,B,#5,HOLDING,0.315A/B
44971,2026-06-04 04:58:58,28.2500,3.40,0.298,1.010,B,#5,HOLDING,0.321A/B
44972,2026-06-04 04:59:00,28.2500,3.40,0.321,1.149,B,#5,HOLDING,0.326A/B
44973,2026-06-04 04:59:02,28.2500,3.40,0.321,1.149,B,#5,HOLDING,0.333A/B
44974,2026-06-04 04:59:04,28.2250,3.40,0.321,1.149,B,#5,HOLDING,0.342A/B
44975,2026-06-04 04:59:06,28.2125,3.66,0.321,1.149,B,#5,HOLDING,0.350A/B
44976,2026-06-04 04:59:08,28.1875,3.66,0.350,1.340,B,#5,HOLDING,0.360A/B
44977,2026-06-04 04:59:10,28.1875,3.66,0.350,1.340,OFF,--,DONE,0.368A/B
44978,2026-06-04 04:59:12,28.1875,3.66,0.350,1.340,OFF,--,DONE,--
44979,2026-06-04 04:59:13,28.1500,3.66,0.350,1.340,OFF,--,DONE,--
44980,2026-06-04 04:59:14,28.1500,12.00,0.000,1.340,OFF,--,DONE,--
44981,2026-06-04 04:59:15,28.1250,12.00,0.000,1.340,OFF,--,DONE,--
44982,2026-06-04 04:59:16,28.1250,12.00,0.000,0.000,OFF,--,DONE,--
44983,2026-06-04 04:59:17,28.1375,12.00,0.000,0.000,OFF,--,DONE,--
44984,2026-06-04 04:59:18,28.1375,12.00,0.000,0.000,OFF,--,DONE,--
44985,2026-06-04 04:59:19,28.1375,12.00,0.000,0.000,OFF,--,DONE,--
44986,2026-06-04 04:59:20,28.1250,12.00,0.000,0.000,OFF,--,DONE,--
44987,2026-06-04 04:59:21,28.1250,12.00,0.000,0.000,OFF,--,DONE,--
44988,2026-06-04 04:59:22,28.1250,12.00,0.000,0.000,OFF,--,DONE,--
44989,2026-06-04 04:59:23,28.1250,12.00,0.000,0.000,OFF,--,DONE,--
44990,2026-06-04 04:59:24,28.0875,12.00,0.000,0.000,OFF,--,DONE,--
44991,2026-06-04 04:59:25,28.0875,12.00,0.000,0.000,OFF,--,DONE,--
44992,2026-06-04 04:59:26,28.0625,12.00,0.000,0.000,OFF,--,DONE,--
44993,2026-06-04 04:59:27,28.0625,12.00,0.000,0.000,OFF,--,DONE,--
44994,2026-06-04 04:59:28,28.0000,12.00,0.000,0.000,OFF,--,DONE,--
44995,2026-06-04 04:59:29,28.0000,12.00,0.000,0.000,OFF,--,DONE,--
44996,2026-06-04 04:59:30,28.0000,12.00,0.000,0.000,OFF,--,DONE,--
44997,2026-06-04 04:59:31,28.0000,12.00,0.000,0.000,OFF,--,DONE,--
44998,2026-06-04 04:59:32,27.9375,12.00,0.000,0.000,OFF,--,DONE,--
44999,2026-06-04 04:59:33,27.9375,12.00,0.000,0.000,OFF,--,DONE,--
45000,2026-06-04 04:59:34,27.8875,12.00,0.000,0.000,OFF,--,DONE,--
45001,2026-06-04 04:59:35,27.8875,12.00,0.000,0.000,OFF,--,DONE,--
45002,2026-06-04 04:59:36,27.8625,12.00,0.000,0.000,OFF,--,DONE,--
45003,2026-06-04 04:59:37,27.8125,12.00,0.000,0.000,OFF,--,DONE,--
45004,2026-06-04 04:59:38,27.8125,12.00,0.000,0.000,OFF,--,DONE,--
45005,2026-06-04 04:59:40,27.7500,12.00,0.000,0.000,OFF,--,DONE,--
45006,2026-06-04 04:59:41,27.7500,12.00,0.000,0.000,OFF,--,DONE,--
45007,2026-06-04 04:59:42,27.7000,12.00,0.000,0.000,OFF,--,DONE,--
45008,2026-06-04 04:59:43,27.7000,12.00,0.000,0.000,OFF,--,DONE,--
45009,2026-06-04 04:59:44,27.6500,12.00,0.000,0.000,OFF,--,DONE,--
45010,2026-06-04 04:59:45,27.6500,12.00,0.000,0.000,OFF,--,DONE,--
45011,2026-06-04 04:59:46,27.6000,12.00,0.000,0.000,OFF,--,DONE,--
45012,2026-06-04 04:59:47,27.6000,12.00,0.000,0.000,OFF,--,DONE,--
45013,2026-06-04 04:59:48,27.5250,12.00,0.000,0.000,OFF,--,DONE,--
45014,2026-06-04 04:59:49,27.5250,12.00,0.000,0.000,OFF,--,DONE,--
45015,2026-06-04 04:59:50,27.5000,12.00,0.000,0.000,OFF,--,DONE,--
45016,2026-06-04 04:59:51,27.5000,12.00,0.000,0.000,OFF,--,DONE,--
45017,2026-06-04 04:59:52,27.4375,12.00,0.000,0.000,OFF,--,DONE,--
45018,2026-06-04 04:59:53,27.4375,12.00,0.000,0.000,OFF,--,DONE,--
45019,2026-06-04 04:59:54,27.3875,12.00,0.000,0.000,OFF,--,DONE,--
45020,2026-06-04 04:59:55,27.3125,12.00,0.000,0.000,OFF,--,DONE,--
45021,2026-06-04 04:59:56,27.3125,12.00,0.000,0.000,OFF,--,DONE,--
45022,2026-06-04 04:59:57,27.2375,12.00,0.000,0.000,OFF,--,DONE,--
45023,2026-06-04 04:59:58,27.2375,12.00,0.000,0.000,OFF,--,DONE,--
45024,2026-06-04 04:59:59,27.1875,12.00,0.000,0.000,OFF,--,DONE,--
45025,2026-06-04 05:00:00,27.1875,12.00,0.000,0.000,OFF,--,DONE,--
45026,2026-06-04 05:00:01,27.1375,12.00,0.000,0.000,OFF,--,DONE,--
45027,2026-06-04 05:00:02,27.1375,12.00,0.000,0.000,OFF,--,DONE,--
45028,2026-06-04 05:00:03,27.0625,12.00,0.000,0.000,OFF,--,DONE,--
45029,2026-06-04 05:00:04,27.0625,12.00,0.000,0.000,OFF,--,DONE,--
45030,2026-06-04 05:00:05,27.0125,12.00,0.000,0.000,OFF,--,DONE,--
45031,2026-06-04 05:00:06,27.0125,12.00,0.000,0.000,OFF,--,DONE,--
45032,2026-06-04 05:00:07,26.9625,12.00,0.000,0.000,OFF,--,DONE,--
45033,2026-06-04 05:00:08,26.9625,12.00,0.000,0.000,OFF,--,DONE,--
45034,2026-06-04 05:00:09,26.8875,12.00,0.000,0.000,OFF,--,DONE,--
45035,2026-06-04 05:00:10,26.8625,12.00,0.000,0.000,OFF,--,DONE,--
45036,2026-06-04 05:00:11,26.8625,12.00,0.000,0.000,OFF,--,DONE,--
45037,2026-06-04 05:00:12,26.7625,12.00,0.000,0.000,OFF,--,DONE,--
45038,2026-06-04 05:00:13,26.7625,12.00,0.000,0.000,OFF,--,DONE,--
45039,2026-06-04 05:00:14,26.7500,12.00,0.000,0.000,OFF,--,DONE,--
45040,2026-06-04 05:00:15,26.7500,12.00,0.000,0.000,OFF,--,DONE,--
45041,2026-06-04 05:00:16,26.6750,12.00,0.000,0.000,OFF,--,DONE,--
45042,2026-06-04 05:00:17,26.6750,12.00,0.000,0.000,OFF,--,DONE,--
45043,2026-06-04 05:00:18,26.6125,12.00,0.000,0.000,OFF,--,DONE,--
45044,2026-06-04 05:00:19,26.6125,12.00,0.000,0.000,OFF,--,DONE,--
45045,2026-06-04 05:00:20,26.5375,12.00,0.000,0.000,OFF,--,DONE,--
45046,2026-06-04 05:00:22,26.5375,12.00,0.000,0.000,OFF,--,DONE,--
45047,2026-06-04 05:00:23,26.4875,12.00,0.000,0.000,OFF,--,DONE,--
45048,2026-06-04 05:00:24,26.4875,12.00,0.000,0.000,OFF,--,DONE,--
45049,2026-06-04 05:00:25,26.4375,12.00,0.000,0.000,OFF,--,DONE,--
45050,2026-06-04 05:00:26,26.3750,12.00,0.000,0.000,OFF,--,DONE,--
45051,2026-06-04 05:00:27,26.3750,12.00,0.000,0.000,OFF,--,DONE,--
45052,2026-06-04 05:00:28,26.3250,12.00,0.000,0.000,OFF,--,DONE,--
45053,2026-06-04 05:00:29,26.3250,12.00,0.000,0.000,OFF,--,DONE,--
45054,2026-06-04 05:00:30,26.2500,12.00,0.000,0.000,OFF,--,DONE,--
45055,2026-06-04 05:00:31,26.2500,12.00,0.000,0.000,OFF,--,DONE,--
45056,2026-06-04 05:00:32,26.2000,12.00,0.000,0.000,OFF,--,DONE,--
45057,2026-06-04 05:00:33,26.2000,12.00,0.000,0.000,OFF,--,DONE,--
45058,2026-06-04 05:00:34,26.1250,12.00,0.000,0.000,OFF,--,DONE,--
45059,2026-06-04 05:00:35,26.1250,12.00,0.000,0.000,OFF,--,DONE,--
45060,2026-06-04 05:00:36,26.0750,12.00,0.000,0.000,OFF,--,DONE,--
45061,2026-06-04 05:00:37,26.0750,12.00,0.000,0.000,OFF,--,DONE,--
45062,2026-06-04 05:00:38,26.0500,12.00,0.000,0.000,OFF,--,DONE,--
45063,2026-06-04 05:00:39,26.0500,12.00,0.000,0.000,OFF,--,DONE,--
45064,2026-06-04 05:00:40,25.9750,12.00,0.000,0.000,OFF,--,DONE,--
45065,2026-06-04 05:00:41,25.9250,12.00,0.000,0.000,OFF,--,DONE,--
45066,2026-06-04 05:00:42,25.9250,12.00,0.000,0.000,OFF,--,DONE,--
45067,2026-06-04 05:00:43,25.8750,12.00,0.000,0.000,OFF,--,DONE,--
45068,2026-06-04 05:00:44,25.8750,12.00,0.000,0.000,OFF,--,DONE,--
45069,2026-06-04 05:00:45,25.8125,12.00,0.000,0.000,OFF,--,DONE,--
45070,2026-06-04 05:00:46,25.8125,12.00,0.000,0.000,OFF,--,DONE,--
45071,2026-06-04 05:00:47,25.7625,12.00,0.000,0.000,OFF,--,DONE,--
45072,2026-06-04 05:00:48,25.7625,12.00,0.000,0.000,OFF,--,DONE,--
45073,2026-06-04 05:00:49,25.7375,12.00,0.000,0.000,OFF,--,DONE,--
45074,2026-06-04 05:00:50,25.7375,12.00,0.000,0.000,OFF,--,DONE,--
45075,2026-06-04 05:00:51,25.6875,12.00,0.000,0.000,OFF,--,DONE,--
45076,2026-06-04 05:00:52,25.6875,12.00,0.000,0.000,OFF,--,DONE,--
45077,2026-06-04 05:00:53,25.6250,12.00,0.000,0.000,OFF,--,DONE,--
45078,2026-06-04 05:00:54,25.5750,12.00,0.000,0.000,OFF,--,DONE,--
45079,2026-06-04 05:00:55,25.5750,12.00,0.000,0.000,OFF,--,DONE,--
45080,2026-06-04 05:00:56,25.5000,12.00,0.000,0.000,OFF,--,DONE,--
45081,2026-06-04 05:00:57,25.5000,12.00,0.000,0.000,OFF,--,DONE,--
45082,2026-06-04 05:00:58,25.4500,12.00,0.000,0.000,OFF,--,DONE,--
45083,2026-06-04 05:01:00,25.4500,12.00,0.000,0.000,OFF,--,DONE,--
45084,2026-06-04 05:01:01,25.4375,12.00,0.000,0.000,OFF,--,DONE,--
45085,2026-06-04 05:01:02,25.4375,12.00,0.000,0.000,OFF,--,DONE,--
45086,2026-06-04 05:01:03,25.3625,12.00,0.000,0.000,OFF,--,DONE,--
45087,2026-06-04 05:01:04,25.3625,12.00,0.000,0.000,OFF,--,DONE,--
45088,2026-06-04 05:01:05,25.3125,12.00,0.000,0.000,OFF,--,DONE,--
45089,2026-06-04 05:01:06,25.3125,12.00,0.000,0.000,OFF,--,DONE,--
45090,2026-06-04 05:01:07,25.2625,12.00,0.000,0.000,OFF,--,DONE,--
45091,2026-06-04 05:01:08,25.2625,12.00,0.000,0.000,OFF,--,DONE,--
45092,2026-06-04 05:01:09,25.2125,12.00,0.000,0.000,OFF,--,DONE,--
45093,2026-06-04 05:01:10,25.1375,12.00,0.000,0.000,OFF,--,DONE,--
45094,2026-06-04 05:01:11,25.1375,12.00,0.000,0.000,OFF,--,DONE,--
45095,2026-06-04 05:01:12,25.1250,12.00,0.000,0.000,OFF,--,DONE,--
45096,2026-06-04 05:01:13,25.1250,12.00,0.000,0.000,OFF,--,DONE,--
45097,2026-06-04 05:01:14,25.0750,12.00,0.000,0.000,OFF,--,DONE,--
45098,2026-06-04 05:01:15,25.0750,12.00,0.000,0.000,A,#1,APPROACH,2.376A/A
45099,2026-06-04 05:01:18,25.0000,12.00,0.000,0.000,A,#1,APPROACH,2.500A/A
45100,2026-06-04 05:01:20,24.9375,12.00,0.000,0.000,A,#1,APPROACH,3.000A/A
45101,2026-06-04 05:01:21,24.9125,12.00,0.000,0.000,A,#1,APPROACH,2.500A/A
45102,2026-06-04 05:01:23,24.9125,12.00,0.000,0.000,A,#1,APPROACH,2.242A/A
45103,2026-06-04 05:01:25,24.8750,12.00,1.544,18.336,A,#1,APPROACH,1.500A/A
45104,2026-06-04 05:01:27,24.7125,12.00,1.544,18.336,A,#1,APPROACH,1.924A/A
45105,2026-06-04 05:01:29,24.7125,12.00,1.544,18.336,A,#1,APPROACH,2.070A/A
45106,2026-06-04 05:01:31,24.6125,12.00,1.544,18.336,A,#1,APPROACH,1.500A/A
45107,2026-06-04 05:01:32,24.5125,12.00,1.504,17.844,A,#1,APPROACH,1.884A/A
45108,2026-06-04 05:01:35,24.2375,12.00,1.504,17.844,A,#1,APPROACH,1.798A/A
45109,2026-06-04 05:01:36,24.2375,12.00,1.504,17.844,A,#1,APPROACH,1.500A/A
45110,2026-06-04 05:01:38,24.0875,12.00,1.504,17.844,A,#1,APPROACH,1.691A/A
45111,2026-06-04 05:01:40,23.9250,12.00,1.474,17.508,A,#1,APPROACH,1.724A/A
45112,2026-06-04 05:01:43,23.6375,12.00,1.474,17.508,A,#1,APPROACH,1.788A/A
45113,2026-06-04 05:01:44,23.6375,12.00,1.474,17.508,A,#1,APPROACH,1.985A/A
45114,2026-06-04 05:01:46,23.4375,12.00,1.474,17.508,A,#1,APPROACH,2.192A/A
45115,2026-06-04 05:01:48,23.2625,12.00,1.455,17.376,A,#1,APPROACH,2.195A/A
45116,2026-06-04 05:01:50,22.9250,12.00,1.455,17.376,A,#1,APPROACH,2.167A/A
45117,2026-06-04 05:01:52,22.9250,12.00,1.455,17.376,A,#1,APPROACH,1.000A/A
45118,2026-06-04 05:01:54,22.7500,9.01,1.455,17.376,A,#1,APPROACH,2.000A/A
45119,2026-06-04 05:01:56,22.5750,9.01,1.243,17.148,A,#1,APPROACH,2.212A/A
45120,2026-06-04 05:01:58,22.4000,9.01,1.243,17.148,A,#1,APPROACH,2.000A/A
45121,2026-06-04 05:01:59,22.2625,9.01,1.243,17.148,A,#1,APPROACH,2.274A/A
45122,2026-06-04 05:02:01,22.0625,12.00,1.243,17.148,A,#1,APPROACH,1.000A/A
45123,2026-06-04 05:02:03,21.8875,12.00,1.177,9.140,A,#1,APPROACH,1.500A/A
45124,2026-06-04 05:02:06,21.7125,12.00,1.177,9.140,A,#1,APPROACH,2.272A/A
45125,2026-06-04 05:02:07,21.5750,12.00,1.177,9.140,A,#1,APPROACH,1.500A/A
45126,2026-06-04 05:02:09,21.4250,12.00,1.177,9.140,A,#1,APPROACH,1.000A/A
45127,2026-06-04 05:02:11,21.2625,12.00,1.150,9.170,A,#1,APPROACH,2.315A/A
45128,2026-06-04 05:02:13,21.1125,12.00,1.150,9.170,A,#1,HOLDING,2.000A/A
45129,2026-06-04 05:02:15,20.9500,12.00,1.150,9.170,OFF,#1,HOLDING,0.000A/OFF
45130,2026-06-04 05:02:16,20.8000,12.00,1.150,9.170,OFF,#1,HOLDING,0.000A/OFF
45131,2026-06-04 05:02:17,20.8000,12.00,1.150,9.170,OFF,#1,HOLDING,0.000A/OFF
45132,2026-06-04 05:02:18,20.6625,12.00,0.000,9.170,OFF,#1,HOLDING,0.000A/OFF
45133,2026-06-04 05:02:19,20.6625,12.00,0.000,0.000,OFF,#1,HOLDING,0.000A/OFF
45134,2026-06-04 05:02:20,20.5125,12.00,0.000,0.000,OFF,#1,HOLDING,0.000A/OFF
45135,2026-06-04 05:02:21,20.5125,12.00,0.000,0.000,OFF,#1,HOLDING,0.000A/OFF
45136,2026-06-04 05:02:22,20.4250,12.00,0.000,0.000,OFF,#1,HOLDING,0.000A/OFF
45137,2026-06-04 05:02:23,20.2750,12.00,0.000,0.000,OFF,#1,HOLDING,0.000A/OFF
45138,2026-06-04 05:02:24,20.2750,12.00,0.000,0.000,OFF,#1,HOLDING,0.000A/OFF
45139,2026-06-04 05:02:25,20.1750,12.00,0.000,0.000,OFF,#1,HOLDING,0.000A/OFF
45140,2026-06-04 05:02:26,20.1750,12.00,0.000,0.000,OFF,#1,HOLDING,0.000A/OFF
45141,2026-06-04 05:02:27,20.0750,12.00,0.000,0.000,OFF,#1,HOLDING,0.000A/OFF
45142,2026-06-04 05:02:28,20.0750,12.00,0.000,0.000,OFF,#1,HOLDING,0.000A/OFF
45143,2026-06-04 05:02:29,20.0500,12.00,0.000,0.000,OFF,#1,HOLDING,0.000A/OFF
45144,2026-06-04 05:02:30,20.0500,12.00,0.000,0.000,OFF,#1,HOLDING,0.000A/OFF
45145,2026-06-04 05:02:31,19.9750,12.00,0.000,0.000,OFF,#1,HOLDING,0.000A/OFF
45146,2026-06-04 05:02:32,19.9750,12.00,0.000,0.000,OFF,#1,HOLDING,0.000A/OFF
45147,2026-06-04 05:02:33,19.9375,12.00,0.000,0.000,OFF,#1,HOLDING,0.000A/OFF
45148,2026-06-04 05:02:34,19.9375,12.00,0.000,0.000,OFF,#1,HOLDING,0.000A/OFF
45149,2026-06-04 05:02:35,19.9375,12.00,0.000,0.000,OFF,#1,HOLDING,0.000A/OFF
45150,2026-06-04 05:02:36,19.9375,12.00,0.000,0.000,OFF,#1,HOLDING,0.000A/OFF
45151,2026-06-04 05:02:37,19.9000,12.00,0.000,0.000,OFF,#1,HOLDING,0.000A/OFF
45152,2026-06-04 05:02:38,19.9000,12.00,0.000,0.000,OFF,#1,HOLDING,0.000A/OFF
45153,2026-06-04 05:02:39,19.8750,12.00,0.000,0.000,OFF,#1,HOLDING,0.000A/OFF
45154,2026-06-04 05:02:40,19.8750,12.00,0.000,0.000,OFF,#1,HOLDING,0.000A/OFF
45155,2026-06-04 05:02:41,19.8750,12.00,0.000,0.000,OFF,#1,HOLDING,0.000A/OFF
45156,2026-06-04 05:02:42,19.8750,12.00,0.000,0.000,OFF,#1,HOLDING,0.000A/OFF
45157,2026-06-04 05:02:43,19.8750,12.00,0.000,0.000,OFF,#1,HOLDING,0.000A/OFF
45158,2026-06-04 05:02:44,19.8750,12.00,0.000,0.000,OFF,#1,HOLDING,0.000A/OFF
45159,2026-06-04 05:02:45,19.9125,12.00,0.000,0.000,OFF,#1,HOLDING,0.000A/OFF
45160,2026-06-04 05:02:46,19.9375,12.00,0.000,0.000,OFF,#1,HOLDING,0.000A/OFF
45161,2026-06-04 05:02:47,19.9375,12.00,0.000,0.000,OFF,#1,HOLDING,0.000A/OFF
45162,2026-06-04 05:02:48,19.9500,12.00,0.000,0.000,OFF,#1,HOLDING,0.000A/OFF
45163,2026-06-04 05:02:49,19.9500,12.00,0.000,0.000,OFF,#1,HOLDING,0.000A/OFF
45164,2026-06-04 05:02:50,19.9750,12.00,0.000,0.000,OFF,#1,HOLDING,0.000A/OFF
45165,2026-06-04 05:02:51,19.9750,12.00,0.000,0.000,OFF,#1,HOLDING,0.000A/OFF
45166,2026-06-04 05:02:52,20.0000,12.00,0.000,0.000,OFF,#1,HOLDING,0.000A/OFF
45167,2026-06-04 05:02:53,20.0000,12.00,0.000,0.000,OFF,#1,HOLDING,0.000A/OFF
45168,2026-06-04 05:02:54,20.0500,12.00,0.000,0.000,OFF,#1,HOLDING,0.000A/OFF
45169,2026-06-04 05:02:55,20.0500,12.00,0.000,0.000,OFF,#1,HOLDING,0.000A/OFF
45170,2026-06-04 05:02:56,20.0625,12.00,0.000,0.000,OFF,#1,HOLDING,0.000A/OFF
45171,2026-06-04 05:02:57,20.0625,12.00,0.000,0.000,OFF,#1,HOLDING,0.000A/OFF
45172,2026-06-04 05:02:58,20.0875,12.00,0.000,0.000,OFF,#1,HOLDING,0.000A/OFF
45173,2026-06-04 05:02:59,20.0875,12.00,0.000,0.000,OFF,#1,HOLDING,0.000A/OFF
45174,2026-06-04 05:03:00,20.1375,12.00,0.000,0.000,OFF,#1,HOLDING,0.000A/OFF
45175,2026-06-04 05:03:01,20.1375,12.00,0.000,0.000,OFF,#1,HOLDING,0.000A/OFF
45176,2026-06-04 05:03:02,20.1875,12.00,0.000,0.000,OFF,#1,HOLDING,0.000A/OFF
45177,2026-06-04 05:03:03,20.1875,12.00,0.000,0.000,OFF,#1,HOLDING,0.000A/OFF
45178,2026-06-04 05:03:04,20.2250,12.00,0.000,0.000,OFF,#1,HOLDING,0.000A/OFF
45179,2026-06-04 05:03:05,20.2750,12.00,0.000,0.000,OFF,#1,HOLDING,0.000A/OFF
45180,2026-06-04 05:03:06,20.2750,12.00,0.000,0.000,OFF,#1,HOLDING,0.000A/OFF
45181,2026-06-04 05:03:07,20.3125,12.00,0.000,0.000,OFF,#1,HOLDING,0.000A/OFF
45182,2026-06-04 05:03:08,20.3125,12.00,0.000,0.000,OFF,#1,HOLDING,0.000A/OFF
45183,2026-06-04 05:03:09,20.3625,12.00,0.000,0.000,OFF,#1,HOLDING,0.000A/OFF
45184,2026-06-04 05:03:10,20.3625,12.00,0.000,0.000,OFF,#1,HOLDING,0.000A/OFF
45185,2026-06-04 05:03:11,20.4125,12.00,0.000,0.000,OFF,#1,HOLDING,0.000A/OFF
45186,2026-06-04 05:03:12,20.4125,12.00,0.000,0.000,OFF,#1,HOLDING,0.000A/OFF
45187,2026-06-04 05:03:13,20.4625,12.00,0.000,0.000,OFF,#2,APPROACH,0.000A/OFF
45188,2026-06-04 05:03:14,20.4625,12.00,0.000,0.000,B,#2,APPROACH,0.182A/B
45189,2026-06-04 05:03:16,20.5375,1.58,0.000,0.000,B,#2,APPROACH,0.370A/B
45190,2026-06-04 05:03:18,20.5625,1.58,1.630,0.000,B,#2,APPROACH,0.492A/B
45191,2026-06-04 05:03:21,20.6250,1.58,1.630,2.184,B,#2,APPROACH,0.788A/B
45192,2026-06-04 05:03:22,20.6500,1.58,1.630,2.184,B,#2,APPROACH,0.617A/B
45193,2026-06-04 05:03:24,20.7000,1.58,1.630,2.184,B,#2,APPROACH,0.833A/B
45194,2026-06-04 05:03:26,20.7750,7.04,1.630,2.184,B,#2,APPROACH,0.784A/B
45195,2026-06-04 05:03:28,20.8875,7.04,0.804,5.401,B,#2,APPROACH,0.905A/B
45196,2026-06-04 05:03:30,20.9875,7.04,0.804,5.401,B,#2,APPROACH,0.840A/B
45197,2026-06-04 05:03:32,21.1000,7.04,0.804,5.401,B,#2,APPROACH,0.932A/B
45198,2026-06-04 05:03:33,21.2250,8.01,0.804,5.401,B,#2,APPROACH,1.000A/B
45199,2026-06-04 05:03:35,21.3500,8.01,0.963,8.540,B,#2,APPROACH,1.183A/B
45200,2026-06-04 05:03:38,21.4500,8.01,0.963,8.540,B,#2,APPROACH,1.333A/B
45201,2026-06-04 05:03:39,21.5750,8.01,0.963,8.540,B,#2,APPROACH,0.979A/B
45202,2026-06-04 05:03:41,21.7500,8.54,0.963,8.540,B,#2,HOLDING,0.839A/B
45203,2026-06-04 05:03:43,21.8625,8.54,0.907,6.376,B,#2,HOLDING,0.241A/B
45204,2026-06-04 05:03:45,22.0125,8.54,0.907,6.376,B,#2,HOLDING,0.128A/B
45205,2026-06-04 05:03:47,22.1750,8.54,0.907,6.376,B,#2,HOLDING,0.118A/B
45206,2026-06-04 05:03:49,22.3250,1.97,0.907,6.376,B,#2,HOLDING,0.134A/B
45207,2026-06-04 05:03:51,22.4500,1.97,0.134,0.278,B,#2,HOLDING,0.101A/B
45208,2026-06-04 05:03:53,22.6250,1.97,0.134,0.278,OFF,#2,HOLDING,0.000A/OFF
45209,2026-06-04 05:03:54,22.7625,1.97,0.134,0.278,OFF,#2,HOLDING,0.000A/OFF
45210,2026-06-04 05:03:55,22.7625,1.97,0.134,0.278,OFF,#2,HOLDING,0.000A/OFF
45211,2026-06-04 05:03:56,22.8625,1.97,0.134,0.278,OFF,#2,HOLDING,0.000A/OFF
45212,2026-06-04 05:03:57,22.8625,12.00,0.000,0.278,OFF,#2,HOLDING,0.000A/OFF
45213,2026-06-04 05:03:58,22.9750,12.00,0.000,0.278,OFF,#2,HOLDING,0.000A/OFF
45214,2026-06-04 05:03:59,22.9750,12.00,0.000,0.000,OFF,#2,HOLDING,0.000A/OFF
45215,2026-06-04 05:04:00,23.1000,12.00,0.000,0.000,OFF,#2,HOLDING,0.000A/OFF
45216,2026-06-04 05:04:01,23.1000,12.00,0.000,0.000,OFF,#2,HOLDING,0.000A/OFF
45217,2026-06-04 05:04:02,23.2250,12.00,0.000,0.000,OFF,#2,HOLDING,0.000A/OFF
45218,2026-06-04 05:04:03,23.3000,12.00,0.000,0.000,A,#2,HOLDING,0.125A/A
45219,2026-06-04 05:04:05,23.4125,12.00,0.000,0.115,A,#2,HOLDING,0.275A/A
45220,2026-06-04 05:04:07,23.4125,12.00,0.000,0.115,A,#2,HOLDING,0.276A/A
45221,2026-06-04 05:04:08,23.4875,12.00,0.000,0.115,A,#2,HOLDING,0.462A/A
45222,2026-06-04 05:04:10,23.5750,3.69,0.000,0.115,A,#2,HOLDING,0.775A/A
45223,2026-06-04 05:04:12,23.6250,3.69,0.749,4.921,A,#2,HOLDING,1.000A/A
45224,2026-06-04 05:04:14,23.6875,3.69,0.749,4.921,A,#2,HOLDING,1.600A/A
45225,2026-06-04 05:04:16,23.7375,3.69,0.749,4.921,A,#2,HOLDING,1.000A/A
45226,2026-06-04 05:04:18,23.7500,8.03,0.749,4.921,A,#2,HOLDING,1.681A/A
45227,2026-06-04 05:04:20,23.7750,8.03,1.582,18.600,A,#2,HOLDING,0.994A/A
45228,2026-06-04 05:04:22,23.7875,8.03,1.582,18.600,A,#2,HOLDING,0.858A/A
45229,2026-06-04 05:04:24,23.7625,8.03,1.582,18.600,A,#2,HOLDING,1.155A/A
45230,2026-06-04 05:04:26,23.8000,9.37,1.582,18.600,A,#2,HOLDING,1.672A/A
45231,2026-06-04 05:04:27,23.7500,9.37,1.519,18.048,A,#2,HOLDING,1.952A/A
45232,2026-06-04 05:04:30,23.7125,9.37,1.519,18.048,A,#2,HOLDING,2.000A/A
45233,2026-06-04 05:04:31,23.6375,9.37,1.519,18.048,A,#2,HOLDING,1.234A/A
45234,2026-06-04 05:04:33,23.5875,10.14,1.519,18.048,A,#2,HOLDING,1.628A/A
45235,2026-06-04 05:04:35,23.4875,10.14,1.481,17.640,A,#2,HOLDING,1.233A/A
45236,2026-06-04 05:04:38,23.3750,10.14,1.481,17.640,A,#2,HOLDING,1.000A/A
45237,2026-06-04 05:04:39,23.3000,10.14,1.481,17.640,A,#2,HOLDING,1.365A/A
45238,2026-06-04 05:04:41,23.1750,11.18,1.481,17.640,A,#2,HOLDING,1.542A/A
45239,2026-06-04 05:04:43,23.0500,11.18,1.457,17.412,A,#2,HOLDING,1.500A/A
45240,2026-06-04 05:04:45,22.9500,11.18,1.457,17.412,A,#2,HOLDING,1.729A/A
45241,2026-06-04 05:04:47,22.8250,11.18,1.457,17.412,A,#2,HOLDING,1.254A/A
45242,2026-06-04 05:04:49,22.6875,10.61,1.457,17.412,A,#2,HOLDING,0.363A/A
45243,2026-06-04 05:04:51,22.5375,10.61,0.481,1.546,B,#2,HOLDING,1.429A/B
45244,2026-06-04 05:04:53,22.3875,10.61,0.481,1.546,B,#2,HOLDING,2.000A/B
45245,2026-06-04 05:04:54,22.2625,10.61,0.481,1.546,B,#2,HOLDING,1.500A/B
45246,2026-06-04 05:04:56,22.1500,10.55,0.481,1.546,B,#2,HOLDING,2.000A/B
45247,2026-06-04 05:04:58,22.0500,10.55,1.686,19.908,B,#3,APPROACH,1.000A/B
45248,2026-06-04 05:05:01,21.9250,10.55,1.686,19.908,A,#3,APPROACH,1.500A/A
45249,2026-06-04 05:05:03,21.8750,10.55,1.686,19.908,A,#3,APPROACH,1.000A/A
45250,2026-06-04 05:05:05,21.8750,10.55,1.686,19.908,A,#3,APPROACH,2.500A/A
45251,2026-06-04 05:05:07,21.9125,12.00,1.534,19.908,A,#3,APPROACH,1.500A/A
45252,2026-06-04 05:05:09,21.9375,12.00,1.534,17.865,A,#3,APPROACH,2.000A/A
45253,2026-06-04 05:05:10,21.9375,12.00,1.534,17.865,A,#3,APPROACH,2.000A/A
45254,2026-06-04 05:05:12,21.9500,12.00,1.534,17.865,A,#3,APPROACH,2.000A/A
45255,2026-06-04 05:05:14,21.9500,12.00,1.534,17.865,A,#3,APPROACH,1.000A/A
45256,2026-06-04 05:05:16,21.9375,12.00,1.021,8.670,A,#3,APPROACH,2.000A/A
45257,2026-06-04 05:05:18,21.9375,12.00,1.021,8.670,A,#3,APPROACH,2.000A/A
45258,2026-06-04 05:05:20,21.8750,12.00,1.021,8.670,A,#3,APPROACH,2.000A/A
45259,2026-06-04 05:05:22,21.8250,12.00,1.021,8.670,A,#3,APPROACH,2.500A/A
45260,2026-06-04 05:05:23,21.7750,12.00,1.466,17.400,A,#3,APPROACH,2.000A/A
45261,2026-06-04 05:05:26,21.7250,12.00,1.466,17.400,A,#3,APPROACH,2.000A/A
45262,2026-06-04 05:05:27,21.6750,12.00,1.466,17.400,A,#3,APPROACH,2.500A/A
45263,2026-06-04 05:05:29,21.5750,12.00,1.466,17.400,A,#3,APPROACH,3.000A/A
45264,2026-06-04 05:05:31,21.4875,12.00,1.451,17.280,A,#3,APPROACH,2.000A/A
45265,2026-06-04 05:05:33,21.3875,12.00,1.451,17.280,A,#3,APPROACH,2.000A/A
45266,2026-06-04 05:05:35,21.3250,12.00,1.451,17.280,A,#3,APPROACH,3.000A/A
45267,2026-06-04 05:05:37,21.2000,12.00,1.451,17.280,A,#3,APPROACH,2.000A/A
45268,2026-06-04 05:05:39,21.0875,12.00,1.433,17.052,A,#3,HOLDING,2.500A/A
45269,2026-06-04 05:05:41,20.9875,12.00,1.433,17.052,A,#3,HOLDING,2.500A/A
45270,2026-06-04 05:05:43,20.9000,12.00,1.433,17.052,A,#3,HOLDING,3.000A/A
45271,2026-06-04 05:05:45,20.8000,12.00,1.433,17.052,A,#3,HOLDING,3.000A/A
45272,2026-06-04 05:05:46,20.7000,12.00,1.424,16.980,A,#3,HOLDING,2.500A/A
45273,2026-06-04 05:05:49,20.5500,12.00,1.424,16.980,A,#3,HOLDING,1.500A/A
45274,2026-06-04 05:05:50,20.4875,12.00,1.424,16.980,A,#3,HOLDING,2.000A/A
45275,2026-06-04 05:05:52,20.3625,12.00,1.424,16.980,A,#3,HOLDING,3.000A/A
45276,2026-06-04 05:05:54,20.2375,12.00,1.417,16.884,A,#3,HOLDING,1.500A/A
45277,2026-06-04 05:05:57,20.1375,12.00,1.417,16.884,A,#3,HOLDING,0.874A/A
45278,2026-06-04 05:05:58,20.0500,12.00,1.417,16.884,B,#3,HOLDING,1.710A/B
45279,2026-06-04 05:06:00,19.9250,11.33,1.417,16.884,B,#3,HOLDING,2.000A/B
45280,2026-06-04 05:06:02,19.8000,11.33,1.764,20.760,B,#3,HOLDING,2.000A/B
45281,2026-06-04 05:06:04,19.6750,11.33,1.764,20.760,B,#3,HOLDING,1.000A/B
45282,2026-06-04 05:06:06,19.6125,11.33,1.764,20.760,B,#3,HOLDING,2.000A/B
45283,2026-06-04 05:06:08,19.5625,12.00,1.764,20.760,B,#3,HOLDING,1.000A/B
45284,2026-06-04 05:06:10,19.5750,12.00,1.335,7.840,B,#3,HOLDING,2.000A/B
45285,2026-06-04 05:06:12,19.6500,12.00,1.335,7.840,B,#3,HOLDING,2.500A/B
45286,2026-06-04 05:06:14,19.7250,12.00,1.335,7.840,B,#3,HOLDING,2.000A/B
45287,2026-06-04 05:06:15,19.8250,12.00,1.335,7.840,B,#3,HOLDING,2.000A/B
45288,2026-06-04 05:06:17,19.9875,12.00,1.573,18.552,B,#3,HOLDING,1.272A/B
45289,2026-06-04 05:06:20,20.1375,12.00,1.573,18.552,A,#3,HOLDING,0.403A/A
45290,2026-06-04 05:06:21,20.3000,12.00,1.573,18.552,A,#3,HOLDING,1.000A/A
45291,2026-06-04 05:06:23,20.4750,7.62,1.573,18.552,A,#3,HOLDING,3.000A/A
45292,2026-06-04 05:06:25,20.6750,7.62,1.371,19.248,A,#3,HOLDING,1.500A/A
45293,2026-06-04 05:06:27,20.8750,7.62,1.371,19.248,A,#3,HOLDING,2.500A/A
45294,2026-06-04 05:06:29,21.0750,7.62,1.371,19.248,A,#3,HOLDING,2.500A/A
45295,2026-06-04 05:06:31,21.2000,12.00,1.371,19.248,A,#3,HOLDING,3.000A/A
45296,2026-06-04 05:06:33,21.3500,12.00,1.556,18.456,A,#3,HOLDING,3.000A/A
45297,2026-06-04 05:06:35,21.4750,12.00,1.556,18.456,A,#3,HOLDING,2.000A/A
45298,2026-06-04 05:06:37,21.5750,12.00,1.556,18.456,A,#3,HOLDING,3.000A/A
45299,2026-06-04 05:06:38,21.6500,12.00,1.556,18.456,A,#3,HOLDING,3.000A/A
45300,2026-06-04 05:06:40,21.7250,12.00,1.505,17.892,A,#3,HOLDING,2.658A/A
45301,2026-06-04 05:06:43,21.7750,12.00,1.505,17.892,A,#3,HOLDING,1.523A/A
45302,2026-06-04 05:06:44,21.8125,12.00,1.505,17.892,A,#3,HOLDING,0.944A/A
45303,2026-06-04 05:06:46,21.8125,8.30,1.505,17.892,A,#3,HOLDING,0.667A/A
45304,2026-06-04 05:06:48,21.8375,8.30,0.724,4.288,A,#3,HOLDING,0.737A/A
45305,2026-06-04 05:06:50,21.8125,8.30,0.724,4.288,A,#3,HOLDING,0.639A/A
45306,2026-06-04 05:06:52,21.8125,8.30,0.724,4.288,A,#3,HOLDING,0.611A/A
45307,2026-06-04 05:06:54,21.8125,5.94,0.724,4.288,A,#3,HOLDING,0.631A/A
45308,2026-06-04 05:06:56,21.7500,5.94,0.631,3.905,A,#3,HOLDING,0.683A/A
45309,2026-06-04 05:06:58,21.7500,5.94,0.631,3.905,A,#3,HOLDING,0.772A/A
45310,2026-06-04 05:07:00,21.7375,5.94,0.631,3.905,A,#3,HOLDING,0.834A/A
45311,2026-06-04 05:07:02,21.6875,7.57,0.631,3.905,A,#3,HOLDING,0.876A/A
45312,2026-06-04 05:07:03,21.6750,7.57,0.852,7.016,A,#3,HOLDING,0.954A/A
45313,2026-06-04 05:07:06,21.6250,7.57,0.852,7.016,A,#3,HOLDING,1.000A/A
45314,2026-06-04 05:07:07,21.6250,7.57,0.852,7.016,A,#3,HOLDING,0.992A/A
45315,2026-06-04 05:07:09,21.5500,8.76,0.852,7.016,A,#3,HOLDING,1.027A/A
45316,2026-06-04 05:07:11,21.5000,8.76,1.006,9.376,A,#3,HOLDING,1.063A/A
45317,2026-06-04 05:07:13,21.4750,8.76,1.006,9.376,A,#3,HOLDING,1.120A/A
45318,2026-06-04 05:07:15,21.4250,8.76,1.006,9.376,A,#3,HOLDING,1.164A/A
45319,2026-06-04 05:07:17,21.3750,9.92,1.006,9.376,A,#3,HOLDING,1.205A/A
45320,2026-06-04 05:07:19,21.3125,9.92,1.182,12.495,A,#3,HOLDING,1.243A/A
45321,2026-06-04 05:07:21,21.2625,9.92,1.182,12.495,A,#3,HOLDING,1.296A/A
45322,2026-06-04 05:07:23,21.1875,9.92,1.182,12.495,A,#3,HOLDING,1.322A/A
45323,2026-06-04 05:07:25,21.1125,11.10,1.182,12.495,A,#3,HOLDING,1.355A/A
45324,2026-06-04 05:07:26,21.0250,11.10,1.336,15.596,A,#3,HOLDING,1.333A/A
45325,2026-06-04 05:07:29,20.9500,11.10,1.336,15.596,A,#3,HOLDING,1.377A/A
45326,2026-06-04 05:07:30,20.8625,11.10,1.336,15.596,A,#3,HOLDING,1.399A/A
45327,2026-06-04 05:07:32,20.7875,11.69,1.336,15.596,A,#3,HOLDING,1.426A/A
45328,2026-06-04 05:07:34,20.7125,11.69,1.410,17.028,A,#3,HOLDING,1.446A/A
45329,2026-06-04 05:07:37,20.6125,11.69,1.410,17.028,A,#4,APPROACH,1.473A/A
45330,2026-06-04 05:07:38,20.5250,11.69,1.410,17.028,OFF,#4,HOLDING,0.000A/OFF
45331,2026-06-04 05:07:39,20.4000,11.69,1.410,17.028,OFF,#4,HOLDING,0.000A/OFF
45332,2026-06-04 05:07:40,20.4000,11.69,1.410,17.028,OFF,#4,HOLDING,0.000A/OFF
45333,2026-06-04 05:07:41,20.3250,12.00,1.410,17.028,OFF,#4,HOLDING,0.000A/OFF
45334,2026-06-04 05:07:42,20.3250,12.00,0.000,17.028,OFF,#4,HOLDING,0.000A/OFF
45335,2026-06-04 05:07:43,20.2250,12.00,0.000,0.000,B,#4,HOLDING,0.180A/B
45336,2026-06-04 05:07:45,20.1500,12.00,0.000,0.000,B,#4,HOLDING,0.216A/B
45337,2026-06-04 05:07:46,20.1500,12.00,0.000,0.000,B,#4,HOLDING,0.253A/B
45338,2026-06-04 05:07:48,20.0750,1.43,0.000,0.000,B,#4,HOLDING,0.292A/B
45339,2026-06-04 05:07:50,20.0000,1.43,0.292,0.578,B,#4,HOLDING,0.344A/B
45340,2026-06-04 05:07:52,19.9375,1.43,0.292,0.578,B,#4,HOLDING,0.415A/B
45341,2026-06-04 05:07:54,19.9375,1.43,0.292,0.578,B,#4,HOLDING,0.451A/B
45342,2026-06-04 05:07:56,19.9375,3.36,0.292,0.578,B,#4,HOLDING,0.495A/B
45343,2026-06-04 05:07:58,19.9125,3.36,0.495,1.915,B,#4,HOLDING,0.546A/B
45344,2026-06-04 05:08:00,19.9500,3.36,0.495,1.915,B,#4,HOLDING,0.606A/B
45345,2026-06-04 05:08:02,19.9500,3.36,0.495,1.915,B,#4,HOLDING,0.648A/B
45346,2026-06-04 05:08:04,20.0000,5.15,0.495,1.915,B,#4,HOLDING,0.686A/B
45347,2026-06-04 05:08:05,20.0375,5.15,0.686,3.855,B,#4,HOLDING,0.730A/B
45348,2026-06-04 05:08:08,20.1375,5.15,0.686,3.855,B,#4,HOLDING,0.772A/B
45349,2026-06-04 05:08:09,20.1375,5.15,0.686,3.855,B,#4,HOLDING,0.814A/B
45350,2026-06-04 05:08:11,20.2125,6.66,0.686,3.855,B,#4,HOLDING,0.847A/B
45351,2026-06-04 05:08:13,20.3250,6.66,0.847,5.979,B,#4,HOLDING,0.826A/B
45352,2026-06-04 05:08:15,20.5125,6.66,0.847,5.979,B,#4,HOLDING,0.850A/B
45353,2026-06-04 05:08:17,20.5125,6.66,0.847,5.979,B,#4,HOLDING,0.883A/B
45354,2026-06-04 05:08:19,20.6125,7.40,0.847,5.979,B,#4,HOLDING,0.908A/B
45355,2026-06-04 05:08:21,20.7625,7.40,0.908,7.009,B,#4,HOLDING,0.927A/B
45356,2026-06-04 05:08:23,21.0125,7.40,0.908,7.009,B,#4,HOLDING,0.922A/B
45357,2026-06-04 05:08:25,21.0125,7.40,0.908,7.009,B,#4,HOLDING,0.941A/B
45358,2026-06-04 05:08:27,21.1375,8.03,0.908,7.009,B,#4,HOLDING,0.950A/B
45359,2026-06-04 05:08:28,21.2625,8.03,0.950,7.809,B,#4,HOLDING,0.957A/B
45360,2026-06-04 05:08:31,21.4375,8.03,0.950,7.809,B,#4,HOLDING,0.938A/B
45361,2026-06-04 05:08:32,21.5500,8.03,0.950,7.809,B,#4,HOLDING,0.929A/B
45362,2026-06-04 05:08:34,21.7000,8.14,0.950,7.809,B,#4,HOLDING,0.912A/B
45363,2026-06-04 05:08:36,21.8625,8.14,0.912,7.405,B,#4,HOLDING,0.888A/B
45364,2026-06-04 05:08:38,22.0125,8.14,0.912,7.405,B,#4,HOLDING,0.855A/B
45365,2026-06-04 05:08:40,22.1750,8.14,0.912,7.405,B,#4,HOLDING,0.823A/B
45366,2026-06-04 05:08:42,22.3500,7.51,0.912,7.405,B,#4,HOLDING,0.729A/B
45367,2026-06-04 05:08:44,22.5125,7.51,0.774,5.008,B,#4,HOLDING,0.671A/B
45368,2026-06-04 05:08:46,22.6625,7.51,0.774,5.008,B,#4,HOLDING,0.606A/B
45369,2026-06-04 05:08:48,22.8250,7.51,0.774,5.008,B,#4,HOLDING,0.547A/B
45370,2026-06-04 05:08:50,23.0000,5.46,0.774,5.008,B,#4,HOLDING,0.473A/B
45371,2026-06-04 05:08:51,23.1750,5.46,0.508,2.336,B,#4,HOLDING,0.388A/B
45372,2026-06-04 05:08:54,23.3250,5.46,0.508,2.336,B,#4,HOLDING,0.291A/B
45373,2026-06-04 05:08:55,23.4625,5.46,0.508,2.336,B,#4,HOLDING,0.216A/B
45374,2026-06-04 05:08:57,23.6125,2.85,0.508,2.336,B,#4,HOLDING,0.125A/B
45375,2026-06-04 05:08:59,23.7375,2.85,0.125,2.336,OFF,#4,HOLDING,0.000A/OFF
45376,2026-06-04 05:09:00,23.9125,2.85,0.125,0.257,OFF,#4,HOLDING,0.000A/OFF
45377,2026-06-04 05:09:01,23.9125,2.85,0.125,0.257,OFF,#4,HOLDING,0.000A/OFF
45378,2026-06-04 05:09:02,24.0500,2.85,0.125,0.257,A,#4,HOLDING,0.166A/A
45379,2026-06-04 05:09:04,24.1500,2.85,0.125,0.257,A,#4,HOLDING,0.260A/A
45380,2026-06-04 05:09:06,24.2875,7.41,0.260,0.257,A,#4,HOLDING,0.380A/A
45381,2026-06-04 05:09:08,24.3875,7.41,0.260,1.170,A,#4,HOLDING,0.454A/A
45382,2026-06-04 05:09:09,24.3875,7.41,0.260,1.170,A,#4,HOLDING,0.548A/A
45383,2026-06-04 05:09:11,24.4750,7.41,0.260,1.170,A,#4,HOLDING,0.652A/A
45384,2026-06-04 05:09:13,24.5500,5.30,0.260,1.170,A,#4,HOLDING,0.776A/A
45385,2026-06-04 05:09:14,24.6375,5.30,0.776,4.974,A,#4,HOLDING,0.906A/A
45386,2026-06-04 05:09:17,24.7125,5.30,0.776,4.974,A,#4,HOLDING,1.072A/A
45387,2026-06-04 05:09:18,24.7500,5.30,0.776,4.974,A,#4,HOLDING,1.182A/A
45388,2026-06-04 05:09:20,24.8000,9.29,0.776,4.974,A,#4,HOLDING,1.315A/A
45389,2026-06-04 05:09:22,24.8125,9.29,1.315,13.807,A,#4,HOLDING,1.000A/A
45390,2026-06-04 05:09:25,24.8125,9.29,1.315,13.807,A,#4,HOLDING,1.443A/A
45391,2026-06-04 05:09:26,24.8125,9.29,1.315,13.807,A,#4,HOLDING,1.500A/A
45392,2026-06-04 05:09:28,24.8125,11.69,1.315,13.807,A,#4,HOLDING,1.554A/A
45393,2026-06-04 05:09:30,24.7500,11.69,1.513,18.000,A,#4,HOLDING,1.500A/A
45394,2026-06-04 05:09:32,24.7000,11.69,1.513,18.000,A,#4,HOLDING,1.500A/A
45395,2026-06-04 05:09:34,24.6750,11.69,1.513,18.000,A,#4,HOLDING,1.670A/A
45396,2026-06-04 05:09:36,24.6000,12.00,1.513,18.000,A,#4,HOLDING,1.000A/A
45397,2026-06-04 05:09:38,24.5250,12.00,1.030,8.740,A,#4,HOLDING,1.783A/A
45398,2026-06-04 05:09:40,24.4250,12.00,1.030,8.740,A,#4,HOLDING,1.925A/A
45399,2026-06-04 05:09:42,24.3375,12.00,1.030,8.740,A,#4,HOLDING,2.018A/A
45400,2026-06-04 05:09:43,24.2375,12.00,1.030,8.740,A,#4,HOLDING,2.000A/A
45401,2026-06-04 05:09:45,24.0875,12.00,1.467,17.460,A,#4,HOLDING,1.500A/A
45402,2026-06-04 05:09:48,23.9875,12.00,1.467,17.460,A,#4,HOLDING,2.082A/A
45403,2026-06-04 05:09:49,23.8375,12.00,1.467,17.460,A,#4,HOLDING,1.000A/A
45404,2026-06-04 05:09:51,23.6875,8.87,1.467,17.460,A,#4,HOLDING,1.500A/A
45405,2026-06-04 05:09:53,23.5750,8.87,1.407,17.316,A,#4,HOLDING,1.000A/A
45406,2026-06-04 05:09:55,23.4000,8.87,1.407,17.316,A,#4,HOLDING,1.500A/A
45407,2026-06-04 05:09:57,23.2625,8.87,1.407,17.316,A,#4,HOLDING,1.500A/A
45408,2026-06-04 05:09:59,23.1125,12.00,1.407,17.316,A,#4,HOLDING,1.500A/A
45409,2026-06-04 05:10:01,22.9500,12.00,1.447,17.196,A,#4,HOLDING,1.000A/A
45410,2026-06-04 05:10:03,22.8000,12.00,1.447,17.196,A,#4,HOLDING,2.096A/A
45411,2026-06-04 05:10:05,22.6500,12.00,1.447,17.196,A,#4,HOLDING,2.130A/A
45412,2026-06-04 05:10:07,22.5000,12.00,1.447,17.196,A,#4,HOLDING,1.500A/A
45413,2026-06-04 05:10:08,22.3250,12.00,1.432,17.064,A,#4,HOLDING,2.155A/A
45414,2026-06-04 05:10:11,22.1750,12.00,1.432,17.064,A,#4,HOLDING,1.500A/A
45415,2026-06-04 05:10:12,22.0500,12.00,1.432,17.064,A,#4,HOLDING,2.152A/A
45416,2026-06-04 05:10:14,21.8750,12.00,1.432,17.064,A,#4,HOLDING,1.500A/A
45417,2026-06-04 05:10:16,21.7375,12.00,1.422,16.944,A,#4,HOLDING,2.172A/A
45418,2026-06-04 05:10:18,21.5625,12.00,1.422,16.944,A,#4,HOLDING,1.000A/A
45419,2026-06-04 05:10:20,21.4500,12.00,1.422,16.944,A,#4,HOLDING,2.191A/A
45420,2026-06-04 05:10:22,21.2750,12.00,1.422,16.944,A,#4,HOLDING,2.186A/A
45421,2026-06-04 05:10:24,21.1375,12.00,1.414,16.848,A,#4,HOLDING,2.000A/A
45422,2026-06-04 05:10:26,20.9625,12.00,1.414,16.848,A,#4,HOLDING,2.179A/A
45423,2026-06-04 05:10:28,20.8375,12.00,1.414,16.848,A,#4,HOLDING,2.166A/A
45424,2026-06-04 05:10:30,20.6875,12.00,1.414,16.848,A,#4,HOLDING,2.142A/A
45425,2026-06-04 05:10:31,20.5250,12.00,1.406,16.776,A,#4,HOLDING,2.111A/A
45426,2026-06-04 05:10:34,20.4000,12.00,1.406,16.776,A,#4,HOLDING,2.072A/A
45427,2026-06-04 05:10:35,20.2625,12.00,1.406,16.776,A,#4,HOLDING,1.000A/A
45428,2026-06-04 05:10:37,20.1125,9.19,1.406,16.776,A,#4,HOLDING,1.979A/A
45429,2026-06-04 05:10:39,20.0125,9.19,1.408,16.788,A,#4,HOLDING,1.926A/A
45430,2026-06-04 05:10:41,19.8625,9.19,1.408,16.788,A,#4,HOLDING,1.000A/A
45431,2026-06-04 05:10:43,19.7375,9.19,1.408,16.788,A,#4,HOLDING,1.847A/A
45432,2026-06-04 05:10:45,19.6125,12.00,1.408,16.788,A,#4,HOLDING,1.775A/A
45433,2026-06-04 05:10:47,19.4875,12.00,1.404,16.740,A,#4,HOLDING,1.701A/A
45434,2026-06-04 05:10:49,19.3625,12.00,1.404,16.740,A,#4,HOLDING,1.607A/A
45435,2026-06-04 05:10:51,19.2625,12.00,1.404,16.740,A,#4,HOLDING,1.537A/A
45436,2026-06-04 05:10:53,19.1375,12.00,1.404,16.740,A,#4,HOLDING,1.450A/A
45437,2026-06-04 05:10:54,19.0250,12.00,1.403,16.740,A,#4,HOLDING,1.358A/A
45438,2026-06-04 05:10:57,18.9250,12.00,1.403,16.740,A,#4,HOLDING,1.244A/A
45439,2026-06-04 05:10:58,18.8375,12.00,1.403,16.740,A,#4,HOLDING,1.163A/A
45440,2026-06-04 05:11:00,18.7375,10.31,1.403,16.740,A,#4,HOLDING,1.063A/A
45441,2026-06-04 05:11:02,18.6125,10.31,1.063,10.311,A,#4,HOLDING,0.952A/A
45442,2026-06-04 05:11:05,18.5125,10.31,1.063,10.311,A,#4,HOLDING,0.817A/A
45443,2026-06-04 05:11:06,18.4250,10.31,1.063,10.311,A,#4,HOLDING,0.720A/A
45444,2026-06-04 05:11:08,18.3500,7.22,1.063,10.311,A,#4,HOLDING,0.613A/A
45445,2026-06-04 05:11:10,18.2500,7.22,0.613,3.984,A,#4,HOLDING,0.513A/A
45446,2026-06-04 05:11:12,18.1500,7.22,0.613,3.984,A,#4,HOLDING,0.360A/A
45447,2026-06-04 05:11:14,18.0875,7.22,0.613,3.984,A,#4,HOLDING,0.254A/A
45448,2026-06-04 05:11:16,18.0125,3.43,0.613,3.984,A,#4,HOLDING,0.129A/A
45449,2026-06-04 05:11:18,17.9375,3.43,0.129,3.984,OFF,#4,HOLDING,0.000A/OFF
45450,2026-06-04 05:11:19,17.8875,3.43,0.129,0.325,OFF,#4,HOLDING,0.000A/OFF
45451,2026-06-04 05:11:20,17.8875,3.43,0.129,0.325,B,#4,HOLDING,0.137A/B
45452,2026-06-04 05:11:21,17.8625,3.43,0.129,0.325,B,#4,HOLDING,0.252A/B
45453,2026-06-04 05:11:23,17.8125,1.54,0.129,0.325,B,#4,HOLDING,0.385A/B
45454,2026-06-04 05:11:25,17.8125,1.54,0.316,1.027,B,#4,HOLDING,0.513A/B
45455,2026-06-04 05:11:27,17.8125,1.54,0.316,1.027,B,#4,HOLDING,0.678A/B
45456,2026-06-04 05:11:29,17.8125,1.54,0.316,1.027,B,#4,HOLDING,0.789A/B
45457,2026-06-04 05:11:31,17.8375,5.97,0.316,1.027,B,#4,HOLDING,0.916A/B
45458,2026-06-04 05:11:33,17.8750,5.97,0.851,6.476,B,#4,HOLDING,1.039A/B
45459,2026-06-04 05:11:35,17.9250,5.97,0.851,6.476,B,#4,HOLDING,1.195A/B
45460,2026-06-04 05:11:37,18.0125,5.97,0.851,6.476,B,#4,HOLDING,1.294A/B
45461,2026-06-04 05:11:38,18.0875,9.80,0.851,6.476,B,#4,HOLDING,1.411A/B
45462,2026-06-04 05:11:40,18.1750,9.80,1.350,15.351,B,#4,HOLDING,1.500A/B
45463,2026-06-04 05:11:43,18.3250,9.80,1.350,15.351,B,#4,HOLDING,1.488A/B
45464,2026-06-04 05:11:44,18.4750,9.80,1.350,15.351,B,#4,HOLDING,1.561A/B
45465,2026-06-04 05:11:46,18.6250,12.00,1.350,15.351,B,#4,HOLDING,1.646A/B
45466,2026-06-04 05:11:48,18.8000,12.00,1.541,18.180,B,#4,HOLDING,1.723A/B
45467,2026-06-04 05:11:50,18.9750,12.00,1.541,18.180,B,#4,HOLDING,1.829A/B
45468,2026-06-04 05:11:52,19.1750,12.00,1.541,18.180,B,#4,HOLDING,1.500A/B
45469,2026-06-04 05:11:54,19.4250,12.00,1.541,18.180,B,#4,HOLDING,1.861A/B
45470,2026-06-04 05:11:56,19.6250,12.00,1.483,17.508,B,#4,HOLDING,1.000A/B
45471,2026-06-04 05:11:58,19.9000,12.00,1.483,17.508,B,#4,HOLDING,1.897A/B
45472,2026-06-04 05:12:00,20.1125,12.00,1.483,17.508,B,#4,HOLDING,1.925A/B
45473,2026-06-04 05:12:02,20.3375,12.00,1.483,17.508,B,#5,APPROACH,1.500A/B
45474,2026-06-04 05:12:03,20.6125,12.00,1.440,0.000,B,#5,APPROACH,0.253A/B
45475,2026-06-04 05:12:06,20.8375,12.00,1.440,0.000,B,#5,APPROACH,0.255A/B
45476,2026-06-04 05:12:08,21.0875,12.00,1.440,0.000,B,#5,APPROACH,0.263A/B
45477,2026-06-04 05:12:10,21.3375,12.00,1.440,0.000,B,#5,APPROACH,0.261A/B
45478,2026-06-04 05:12:11,21.5500,3.45,1.440,0.000,B,#5,APPROACH,0.271A/B
45479,2026-06-04 05:12:13,21.8000,3.45,0.271,0.953,B,#5,APPROACH,0.291A/B
45480,2026-06-04 05:12:16,22.0000,3.45,0.271,0.953,B,#5,APPROACH,0.341A/B
45481,2026-06-04 05:12:17,22.2500,3.45,0.271,0.953,B,#5,APPROACH,0.367A/B
45482,2026-06-04 05:12:19,22.4250,4.06,0.271,0.953,B,#5,APPROACH,0.416A/B
45483,2026-06-04 05:12:21,22.6250,4.06,0.403,1.863,B,#5,APPROACH,0.414A/B
45484,2026-06-04 05:12:23,22.8250,4.06,0.403,1.863,B,#5,APPROACH,0.508A/B
45485,2026-06-04 05:12:25,23.0000,4.06,0.403,1.863,B,#5,APPROACH,0.561A/B
45486,2026-06-04 05:12:27,23.1750,5.58,0.403,1.863,B,#5,APPROACH,0.640A/B
45487,2026-06-04 05:12:29,23.3750,5.58,0.606,4.038,B,#5,APPROACH,0.707A/B
45488,2026-06-04 05:12:31,23.5125,5.58,0.606,4.038,B,#5,APPROACH,0.810A/B
45489,2026-06-04 05:12:33,23.6875,5.58,0.606,4.038,B,#5,APPROACH,0.859A/B
45490,2026-06-04 05:12:35,23.8500,7.81,0.606,4.038,B,#5,APPROACH,0.921A/B
45491,2026-06-04 05:12:36,24.0000,7.81,0.898,7.699,B,#5,APPROACH,0.969A/B
45492,2026-06-04 05:12:39,24.1125,7.81,0.898,7.699,B,#5,APPROACH,1.046A/B
45493,2026-06-04 05:12:40,24.2875,7.81,0.898,7.699,B,#5,APPROACH,1.000A/B
45494,2026-06-04 05:12:42,24.4250,8.93,0.898,7.699,B,#5,APPROACH,1.070A/B
45495,2026-06-04 05:12:44,24.5750,8.93,1.050,10.229,B,#5,APPROACH,1.000A/B
45496,2026-06-04 05:12:46,24.7000,8.93,1.050,10.229,B,#5,HOLDING,1.000A/B
45497,2026-06-04 05:12:48,24.8500,8.93,1.050,10.229,OFF,#5,HOLDING,0.000A/OFF
45498,2026-06-04 05:12:49,25.0125,8.93,1.050,10.229,OFF,#5,HOLDING,0.000A/OFF
45499,2026-06-04 05:12:50,25.0125,12.00,1.050,10.229,OFF,#5,HOLDING,0.000A/OFF
45500,2026-06-04 05:12:51,25.1875,12.00,0.000,10.229,OFF,#5,HOLDING,0.000A/OFF
45501,2026-06-04 05:12:52,25.1875,12.00,0.000,0.000,OFF,#5,HOLDING,0.000A/OFF
45502,2026-06-04 05:12:53,25.3000,12.00,0.000,0.000,OFF,#5,HOLDING,0.000A/OFF
45503,2026-06-04 05:12:54,25.3000,12.00,0.000,0.000,OFF,#5,HOLDING,0.000A/OFF
45504,2026-06-04 05:12:55,25.4500,12.00,0.000,0.000,OFF,#5,HOLDING,0.000A/OFF
45505,2026-06-04 05:12:56,25.4500,12.00,0.000,0.000,OFF,#5,HOLDING,0.000A/OFF
45506,2026-06-04 05:12:57,25.5875,12.00,0.000,0.000,OFF,#5,HOLDING,0.000A/OFF
45507,2026-06-04 05:12:58,25.5875,12.00,0.000,0.000,OFF,#5,HOLDING,0.000A/OFF
45508,2026-06-04 05:12:59,25.7625,12.00,0.000,0.000,OFF,#5,HOLDING,0.000A/OFF
45509,2026-06-04 05:13:00,25.7625,12.00,0.000,0.000,OFF,#5,HOLDING,0.000A/OFF
45510,2026-06-04 05:13:01,25.8500,12.00,0.000,0.000,OFF,#5,HOLDING,0.000A/OFF
45511,2026-06-04 05:13:02,25.8500,12.00,0.000,0.000,OFF,#5,HOLDING,0.000A/OFF
45512,2026-06-04 05:13:03,25.9500,12.00,0.000,0.000,OFF,#5,HOLDING,0.000A/OFF
45513,2026-06-04 05:13:04,25.9500,12.00,0.000,0.000,OFF,#5,HOLDING,0.000A/OFF
45514,2026-06-04 05:13:05,26.0750,12.00,0.000,0.000,OFF,#5,HOLDING,0.000A/OFF
45515,2026-06-04 05:13:06,26.1500,12.00,0.000,0.000,OFF,#5,HOLDING,0.000A/OFF
45516,2026-06-04 05:13:07,26.1500,12.00,0.000,0.000,OFF,#5,HOLDING,0.000A/OFF
45517,2026-06-04 05:13:08,26.2375,12.00,0.000,0.000,OFF,#5,HOLDING,0.000A/OFF
45518,2026-06-04 05:13:09,26.2375,12.00,0.000,0.000,OFF,#5,HOLDING,0.000A/OFF
45519,2026-06-04 05:13:10,26.3375,12.00,0.000,0.000,OFF,#5,HOLDING,0.000A/OFF
45520,2026-06-04 05:13:11,26.3375,12.00,0.000,0.000,OFF,#5,HOLDING,0.000A/OFF
45521,2026-06-04 05:13:12,26.4125,12.00,0.000,0.000,OFF,#5,HOLDING,0.000A/OFF
45522,2026-06-04 05:13:13,26.4125,12.00,0.000,0.000,OFF,#5,HOLDING,0.000A/OFF
45523,2026-06-04 05:13:14,26.4625,12.00,0.000,0.000,A,#5,HOLDING,0.108A/A
45524,2026-06-04 05:13:16,26.5125,10.99,0.000,0.000,A,#5,HOLDING,0.133A/A
45525,2026-06-04 05:13:18,26.5625,10.99,0.133,0.127,A,#5,HOLDING,0.173A/A
45526,2026-06-04 05:13:20,26.5750,10.99,0.133,0.127,A,#5,HOLDING,0.212A/A
45527,2026-06-04 05:13:22,26.6250,10.99,0.133,0.127,A,#5,HOLDING,0.296A/A
45528,2026-06-04 05:13:24,26.6375,2.39,0.133,0.127,A,#5,HOLDING,0.332A/A
45529,2026-06-04 05:13:26,26.6875,2.39,0.332,0.926,A,#5,HOLDING,0.379A/A
45530,2026-06-04 05:13:28,26.6875,2.39,0.332,0.926,A,#5,HOLDING,0.425A/A
45531,2026-06-04 05:13:30,26.6875,2.39,0.332,0.926,A,#5,HOLDING,0.459A/A
45532,2026-06-04 05:13:32,26.6625,3.86,0.332,0.926,A,#5,HOLDING,0.489A/A
45533,2026-06-04 05:13:33,26.6375,3.86,0.489,2.073,A,#5,HOLDING,0.524A/A
45534,2026-06-04 05:13:36,26.6250,3.86,0.489,2.073,A,#5,HOLDING,0.571A/A
45535,2026-06-04 05:13:37,26.5750,3.86,0.489,2.073,A,#5,HOLDING,0.548A/A
45536,2026-06-04 05:13:39,26.5625,4.77,0.489,2.073,A,#5,HOLDING,0.585A/A
45537,2026-06-04 05:13:41,26.5125,4.77,0.585,3.024,A,#5,HOLDING,0.615A/A
45538,2026-06-04 05:13:43,26.4625,4.77,0.585,3.024,A,#5,HOLDING,0.657A/A
45539,2026-06-04 05:13:45,26.3875,4.77,0.585,3.024,A,#5,HOLDING,0.676A/A
45540,2026-06-04 05:13:47,26.3625,5.90,0.585,3.024,A,#5,HOLDING,0.706A/A
45541,2026-06-04 05:13:49,26.2625,5.90,0.706,4.433,A,#5,HOLDING,0.725A/A
45542,2026-06-04 05:13:51,26.1875,5.90,0.706,4.433,A,#5,HOLDING,0.756A/A
45543,2026-06-04 05:13:53,26.1125,5.90,0.706,4.433,A,#5,HOLDING,0.767A/A
45544,2026-06-04 05:13:55,26.0500,6.73,0.706,4.433,A,#5,HOLDING,0.787A/A
45545,2026-06-04 05:13:56,25.9250,6.73,0.787,5.532,A,#5,HOLDING,0.793A/A
45546,2026-06-04 05:13:59,25.8625,6.73,0.787,5.532,A,#5,HOLDING,0.809A/A
45547,2026-06-04 05:14:00,25.7375,6.73,0.787,5.532,A,#5,HOLDING,0.806A/A
45548,2026-06-04 05:14:02,25.6375,7.16,0.810,5.532,OFF,--,DONE,0.810A/A
45549,2026-06-04 05:14:05,25.5125,7.16,0.810,5.532,OFF,--,DONE,--
45550,2026-06-04 05:14:06,25.4000,7.16,0.810,0.000,OFF,--,DONE,--
45551,2026-06-04 05:14:07,25.4000,0.42,0.810,0.000,OFF,--,DONE,--
45552,2026-06-04 05:14:08,25.2750,0.42,0.000,0.000,OFF,--,DONE,--
45553,2026-06-04 05:14:09,25.2750,0.42,0.000,0.000,OFF,--,DONE,--
45554,2026-06-04 05:14:10,25.1750,0.42,0.000,0.000,OFF,--,DONE,--
45555,2026-06-04 05:14:11,25.1750,0.12,0.000,0.000,OFF,--,DONE,--
45556,2026-06-04 05:14:12,25.0500,0.12,0.000,0.000,OFF,--,DONE,--
45557,2026-06-04 05:14:13,25.0500,0.12,0.000,0.000,OFF,--,DONE,--
45558,2026-06-04 05:14:14,24.9875,0.12,0.000,0.000,OFF,--,DONE,--
45559,2026-06-04 05:14:15,24.9875,0.00,0.000,0.000,OFF,--,DONE,--
45560,2026-06-04 05:14:16,24.8625,0.00,0.000,0.000,OFF,--,DONE,--
45561,2026-06-04 05:14:17,24.8625,0.00,0.000,0.000,OFF,--,DONE,--
45562,2026-06-04 05:14:18,24.7750,0.00,0.000,0.000,OFF,--,DONE,--
45563,2026-06-04 05:14:19,24.7750,0.00,0.000,0.000,OFF,--,DONE,--
45564,2026-06-04 05:14:20,24.7000,0.00,0.000,0.000,OFF,--,DONE,--
45565,2026-06-04 05:14:21,24.7000,0.00,0.000,0.000,OFF,--,DONE,--
45566,2026-06-04 05:14:22,24.6125,0.00,0.000,0.000,OFF,--,DONE,--
45567,2026-06-04 05:14:23,24.5375,0.00,0.000,0.000,OFF,--,DONE,--
45568,2026-06-04 05:14:24,24.5375,0.00,0.000,0.000,OFF,--,DONE,--
45569,2026-06-04 05:14:25,24.4875,0.00,0.000,0.000,OFF,--,DONE,--
45570,2026-06-04 05:14:26,24.4875,0.00,0.000,0.000,OFF,--,DONE,--
45571,2026-06-04 05:14:27,24.4125,0.00,0.000,0.000,OFF,--,DONE,--
45572,2026-06-04 05:14:28,24.4125,0.00,0.000,0.000,OFF,--,DONE,--
45573,2026-06-04 05:14:29,24.3625,0.00,0.000,0.000,OFF,--,DONE,--
45574,2026-06-04 05:14:30,24.3625,0.00,0.000,0.000,OFF,--,DONE,--
45575,2026-06-04 05:14:31,24.3125,0.00,0.000,0.000,OFF,--,DONE,--
45576,2026-06-04 05:14:32,24.3125,0.00,0.000,0.000,OFF,--,DONE,--
45577,2026-06-04 05:14:33,24.2500,0.00,0.000,0.000,OFF,--,DONE,--
45578,2026-06-04 05:14:34,24.2500,0.00,0.000,0.000,OFF,--,DONE,--
45579,2026-06-04 05:14:35,24.2000,0.00,0.000,0.000,OFF,--,DONE,--
45580,2026-06-04 05:14:36,24.2000,0.00,0.000,0.000,OFF,--,DONE,--
45581,2026-06-04 05:14:37,24.1500,0.00,0.000,0.000,OFF,--,DONE,--
45582,2026-06-04 05:14:38,24.1500,0.00,0.000,0.000,OFF,--,DONE,--
45583,2026-06-04 05:14:39,24.1250,0.00,0.000,0.000,OFF,--,DONE,--
45584,2026-06-04 05:14:40,24.1250,0.00,0.000,0.000,OFF,--,DONE,--
45585,2026-06-04 05:14:41,24.0875,0.00,0.000,0.000,OFF,--,DONE,--
45586,2026-06-04 05:14:42,24.0375,0.00,0.000,0.000,OFF,--,DONE,--
45587,2026-06-04 05:14:43,24.0375,0.00,0.000,0.000,OFF,--,DONE,--
45588,2026-06-04 05:14:44,23.9875,0.00,0.000,0.000,OFF,--,DONE,--
45589,2026-06-04 05:14:45,23.9875,0.00,0.000,0.000,OFF,--,DONE,--
45590,2026-06-04 05:14:46,23.9375,0.00,0.000,0.000,OFF,--,DONE,--
45591,2026-06-04 05:14:47,23.9375,0.00,0.000,0.000,OFF,--,DONE,--
45592,2026-06-04 05:14:48,23.9375,0.00,0.000,0.000,OFF,--,DONE,--
45593,2026-06-04 05:14:50,23.9375,0.00,0.000,0.000,OFF,--,DONE,--
45594,2026-06-04 05:14:51,23.8875,0.00,0.000,0.000,OFF,--,DONE,--
45595,2026-06-04 05:14:52,23.8875,0.00,0.000,0.000,OFF,--,DONE,--
45596,2026-06-04 05:14:53,23.8750,0.00,0.000,0.000,OFF,--,DONE,--
45597,2026-06-04 05:14:54,23.8750,0.00,0.000,0.000,OFF,--,DONE,--
45598,2026-06-04 05:14:55,23.8250,0.00,0.000,0.000,OFF,--,DONE,--
45599,2026-06-04 05:14:56,23.8250,0.00,0.000,0.000,OFF,--,DONE,--
45600,2026-06-04 05:14:57,23.8125,0.00,0.000,0.000,OFF,--,DONE,--
45601,2026-06-04 05:14:58,23.8125,0.00,0.000,0.000,OFF,--,DONE,--
45602,2026-06-04 05:14:59,23.8125,0.00,0.000,0.000,OFF,--,DONE,--
45603,2026-06-04 05:15:00,23.7875,0.00,0.000,0.000,OFF,--,DONE,--
45604,2026-06-04 05:15:01,23.7875,0.00,0.000,0.000,OFF,--,DONE,--
45605,2026-06-04 05:15:02,23.7625,0.00,0.000,0.000,OFF,--,DONE,--
45606,2026-06-04 05:15:03,23.7625,0.00,0.000,0.000,OFF,--,DONE,--
45607,2026-06-04 05:15:04,23.7500,0.00,0.000,0.000,OFF,--,DONE,--
45608,2026-06-04 05:15:05,23.7500,0.00,0.000,0.000,OFF,--,DONE,--
45609,2026-06-04 05:15:06,23.7250,0.00,0.000,0.000,OFF,--,DONE,--
45610,2026-06-04 05:15:07,23.7250,0.00,0.000,0.000,OFF,--,DONE,--
45611,2026-06-04 05:15:08,23.7125,0.00,0.000,0.000,OFF,--,DONE,--
45612,2026-06-04 05:15:09,23.7125,0.00,0.000,0.000,OFF,--,DONE,--
45613,2026-06-04 05:15:10,23.6875,0.00,0.000,0.000,OFF,--,DONE,--
45614,2026-06-04 05:15:11,23.6875,0.00,0.000,0.000,OFF,--,DONE,--
45615,2026-06-04 05:15:12,23.6875,0.00,0.000,0.000,OFF,--,DONE,--
45616,2026-06-04 05:15:13,23.6875,0.00,0.000,0.000,OFF,--,DONE,--
45617,2026-06-04 05:15:14,23.6875,0.00,0.000,0.000,OFF,--,DONE,--
45618,2026-06-04 05:15:15,23.6250,0.00,0.000,0.000,OFF,--,DONE,--
45619,2026-06-04 05:15:16,23.6250,0.00,0.000,0.000,OFF,--,DONE,--
45620,2026-06-04 05:15:17,23.6250,0.00,0.000,0.000,OFF,--,DONE,--
45621,2026-06-04 05:15:18,23.6250,0.00,0.000,0.000,OFF,--,DONE,--
45622,2026-06-04 05:15:19,23.6250,0.00,0.000,0.000,OFF,--,DONE,--
45623,2026-06-04 05:15:20,23.6250,0.00,0.000,0.000,OFF,--,DONE,--
45624,2026-06-04 05:15:21,23.6250,0.00,0.000,0.000,OFF,--,DONE,--
45625,2026-06-04 05:15:22,23.6250,0.00,0.000,0.000,OFF,--,DONE,--
45626,2026-06-04 05:15:23,23.5750,0.00,0.000,0.000,OFF,--,DONE,--
45627,2026-06-04 05:15:24,23.5750,0.00,0.000,0.000,OFF,--,DONE,--
45628,2026-06-04 05:15:25,23.5750,0.00,0.000,0.000,OFF,--,DONE,--
45629,2026-06-04 05:15:26,23.5750,0.00,0.000,0.000,OFF,--,DONE,--
45630,2026-06-04 05:15:27,23.5625,0.00,0.000,0.000,OFF,--,DONE,--
45631,2026-06-04 05:15:28,23.5625,0.00,0.000,0.000,OFF,--,DONE,--
45632,2026-06-04 05:15:29,23.5625,0.00,0.000,0.000,OFF,--,DONE,--
45633,2026-06-04 05:15:31,23.5625,0.00,0.000,0.000,OFF,--,DONE,--
45634,2026-06-04 05:15:32,23.5625,0.00,0.000,0.000,OFF,--,DONE,--
45635,2026-06-04 05:15:33,23.5125,0.00,0.000,0.000,OFF,--,DONE,--
45636,2026-06-04 05:15:34,23.5125,0.00,0.000,0.000,OFF,--,DONE,--
45637,2026-06-04 05:15:35,23.5000,0.00,0.000,0.000,OFF,--,DONE,--
45638,2026-06-04 05:15:36,23.5000,0.00,0.000,0.000,OFF,--,DONE,--
45639,2026-06-04 05:15:37,23.5000,0.00,0.000,0.000,OFF,--,DONE,--
45640,2026-06-04 05:15:38,23.5000,0.00,0.000,0.000,OFF,--,DONE,--
45641,2026-06-04 05:15:39,23.5000,0.00,0.000,0.000,OFF,--,DONE,--
45642,2026-06-04 05:15:40,23.5000,0.00,0.000,0.000,OFF,--,DONE,--
45643,2026-06-04 05:15:41,23.5000,0.00,0.000,0.000,OFF,--,DONE,--
45644,2026-06-04 05:15:42,23.5000,0.00,0.000,0.000,OFF,--,DONE,--
45645,2026-06-04 05:15:43,23.5000,0.00,0.000,0.000,OFF,--,DONE,--
45646,2026-06-04 05:15:44,23.5000,0.00,0.000,0.000,OFF,--,DONE,--
45647,2026-06-04 05:15:45,23.5000,0.00,0.000,0.000,OFF,--,DONE,--
45648,2026-06-04 05:15:46,23.4375,0.00,0.000,0.000,OFF,--,DONE,--
45649,2026-06-04 05:15:47,23.4375,0.00,0.000,0.000,OFF,--,DONE,--
45650,2026-06-04 05:15:48,23.4375,0.00,0.000,0.000,OFF,--,DONE,--
45651,2026-06-04 05:15:49,23.4375,0.00,0.000,0.000,OFF,--,DONE,--
45652,2026-06-04 05:15:50,23.4375,0.00,0.000,0.000,OFF,--,DONE,--
45653,2026-06-04 05:15:51,23.4375,0.00,0.000,0.000,OFF,--,DONE,--
45654,2026-06-04 05:15:52,23.4375,0.00,0.000,0.000,OFF,--,DONE,--
45655,2026-06-04 05:15:53,23.4375,0.00,0.000,0.000,OFF,--,DONE,--
45656,2026-06-04 05:15:54,23.4375,0.00,0.000,0.000,OFF,--,DONE,--
45657,2026-06-04 05:15:55,23.4375,0.00,0.000,0.000,OFF,--,DONE,--
45658,2026-06-04 05:15:56,23.4375,0.00,0.000,0.000,OFF,--,DONE,--
45659,2026-06-04 05:15:57,23.4375,0.00,0.000,0.000,OFF,--,DONE,--
45660,2026-06-04 05:15:58,23.4000,0.00,0.000,0.000,OFF,--,DONE,--
45661,2026-06-04 05:15:59,23.3750,0.00,0.000,0.000,OFF,--,DONE,--
45662,2026-06-04 05:16:00,23.3750,0.00,0.000,0.000,OFF,--,DONE,--
45663,2026-06-04 05:16:01,23.3750,0.00,0.000,0.000,OFF,--,DONE,--
45664,2026-06-04 05:16:02,23.3750,0.00,0.000,0.000,OFF,--,DONE,--
45665,2026-06-04 05:16:03,23.3750,0.00,0.000,0.000,OFF,--,DONE,--
45666,2026-06-04 05:16:04,23.3750,0.00,0.000,0.000,OFF,--,DONE,--
45667,2026-06-04 05:16:05,23.3750,0.00,0.000,0.000,OFF,--,DONE,--
45668,2026-06-04 05:16:06,23.3750,0.00,0.000,0.000,OFF,--,DONE,--
45669,2026-06-04 05:16:07,23.3750,0.00,0.000,0.000,B,#1,APPROACH,3.000A/B
45670,2026-06-04 05:16:10,23.3750,0.00,0.000,0.000,B,#1,APPROACH,2.000A/B
45671,2026-06-04 05:16:12,23.3750,0.00,0.000,0.000,B,#1,APPROACH,2.000A/B
45672,2026-06-04 05:16:14,23.3750,0.00,0.000,0.000,B,#1,APPROACH,2.000A/B
45673,2026-06-04 05:16:16,23.3250,12.00,0.000,0.000,B,#1,APPROACH,1.500A/B
45674,2026-06-04 05:16:18,23.3125,12.00,1.532,17.595,B,#1,APPROACH,1.699A/B
45675,2026-06-04 05:16:20,23.3500,12.00,1.532,17.595,B,#1,APPROACH,2.347A/B
45676,2026-06-04 05:16:22,23.3500,12.00,1.532,17.595,B,#1,APPROACH,2.500A/B
45677,2026-06-04 05:16:24,23.3750,12.00,1.532,17.595,B,#1,APPROACH,2.000A/B
45678,2026-06-04 05:16:26,23.4500,12.00,1.491,17.616,B,#1,APPROACH,1.947A/B
45679,2026-06-04 05:16:28,23.6125,12.00,1.491,17.616,B,#1,APPROACH,2.000A/B
45680,2026-06-04 05:16:30,23.6125,12.00,1.491,17.616,B,#1,APPROACH,1.500A/B
45681,2026-06-04 05:16:32,23.7125,12.00,1.491,17.616,B,#1,APPROACH,2.094A/B
45682,2026-06-04 05:16:34,23.8250,12.00,1.444,17.076,B,#1,APPROACH,1.500A/B
45683,2026-06-04 05:16:36,24.1125,12.00,1.444,17.076,B,#1,APPROACH,1.000A/B
45684,2026-06-04 05:16:37,24.1125,12.00,1.444,17.076,B,#1,APPROACH,1.000A/B
45685,2026-06-04 05:16:39,24.2375,9.15,1.444,17.076,B,#1,APPROACH,1.993A/B
45686,2026-06-04 05:16:41,24.4000,9.15,1.286,16.776,B,#1,APPROACH,1.000A/B
45687,2026-06-04 05:16:44,24.6750,9.15,1.286,16.776,B,#1,APPROACH,2.136A/B
45688,2026-06-04 05:16:45,24.6750,9.15,1.286,16.776,B,#1,APPROACH,2.000A/B
45689,2026-06-04 05:16:47,24.8750,12.00,1.286,16.776,B,#1,APPROACH,2.552A/B
45690,2026-06-04 05:16:49,25.0500,12.00,1.384,16.428,B,#1,APPROACH,2.500A/B
45691,2026-06-04 05:16:51,25.3625,12.00,1.384,16.428,B,#1,APPROACH,1.000A/B
45692,2026-06-04 05:16:53,25.3625,12.00,1.384,16.428,B,#1,APPROACH,1.000A/B
45693,2026-06-04 05:16:55,25.5625,9.31,1.384,16.428,B,#1,APPROACH,2.500A/B
45694,2026-06-04 05:16:56,25.7375,9.31,1.363,16.200,B,#1,APPROACH,2.000A/B
45695,2026-06-04 05:16:59,25.9375,9.31,1.363,16.200,B,#1,APPROACH,1.000A/B
45696,2026-06-04 05:17:00,26.0875,9.31,1.363,16.200,B,#1,APPROACH,2.500A/B
45697,2026-06-04 05:17:02,26.2875,12.00,1.363,16.200,B,#1,APPROACH,2.659A/B
45698,2026-06-04 05:17:04,26.4875,12.00,1.340,15.936,B,#1,APPROACH,1.000A/B
45699,2026-06-04 05:17:07,26.6625,12.00,1.340,15.936,B,#1,APPROACH,2.000A/B
45700,2026-06-04 05:17:08,26.8375,12.00,1.340,15.936,B,#1,APPROACH,2.661A/B
45701,2026-06-04 05:17:10,27.0125,12.00,1.340,15.936,B,#1,APPROACH,1.500A/B
45702,2026-06-04 05:17:12,27.1875,12.00,1.327,15.768,B,#1,APPROACH,2.775A/B
45703,2026-06-04 05:17:14,27.3875,12.00,1.327,15.768,B,#1,APPROACH,2.000A/B
45704,2026-06-04 05:17:16,27.5500,12.00,1.327,15.768,B,#1,APPROACH,2.000A/B
45705,2026-06-04 05:17:18,27.7250,12.00,1.327,15.768,B,#1,APPROACH,2.910A/B
45706,2026-06-04 05:17:20,27.9250,12.00,1.312,15.600,B,#1,APPROACH,2.000A/B
45707,2026-06-04 05:17:22,28.0750,12.00,1.312,15.600,B,#1,APPROACH,1.000A/B
45708,2026-06-04 05:17:23,28.2500,12.00,1.312,15.600,B,#1,APPROACH,2.000A/B
45709,2026-06-04 05:17:25,28.4500,12.00,1.312,15.600,B,#1,APPROACH,1.000A/B
45710,2026-06-04 05:17:27,28.6125,12.00,1.040,9.850,B,#1,APPROACH,1.000A/B
45711,2026-06-04 05:17:30,28.7875,12.00,1.040,9.850,B,#1,APPROACH,2.938A/B
45712,2026-06-04 05:17:31,28.9500,12.00,1.040,9.850,B,#1,APPROACH,3.000A/B
45713,2026-06-04 05:17:33,29.1250,12.00,1.040,9.850,B,#1,APPROACH,2.500A/B
45714,2026-06-04 05:17:35,29.3000,12.00,1.298,15.432,B,#1,APPROACH,1.000A/B
45715,2026-06-04 05:17:37,29.5000,12.00,1.298,15.432,B,#1,APPROACH,1.000A/B
45716,2026-06-04 05:17:39,29.6375,12.00,1.298,15.432,B,#1,APPROACH,2.968A/B
45717,2026-06-04 05:17:41,29.8125,12.00,1.298,15.432,B,#1,APPROACH,1.000A/B
45718,2026-06-04 05:17:43,29.9875,12.00,1.074,9.910,B,#1,APPROACH,1.000A/B
45719,2026-06-04 05:17:45,30.1375,12.00,1.074,9.910,B,#1,HOLDING,1.000A/B
45720,2026-06-04 05:17:47,30.3250,12.00,1.074,9.910,OFF,#1,HOLDING,0.000A/OFF
45721,2026-06-04 05:17:48,30.4500,12.00,1.074,9.910,OFF,#1,HOLDING,0.000A/OFF
45722,2026-06-04 05:17:49,30.4500,12.00,1.074,9.910,OFF,#1,HOLDING,0.000A/OFF
45723,2026-06-04 05:17:50,30.6125,12.00,0.000,9.910,OFF,#1,HOLDING,0.000A/OFF
45724,2026-06-04 05:17:51,30.6125,12.00,0.000,0.000,OFF,#1,HOLDING,0.000A/OFF
45725,2026-06-04 05:17:52,30.7625,12.00,0.000,0.000,OFF,#1,HOLDING,0.000A/OFF
45726,2026-06-04 05:17:53,30.7625,12.00,0.000,0.000,OFF,#1,HOLDING,0.000A/OFF
45727,2026-06-04 05:17:54,30.9250,12.00,0.000,0.000,OFF,#1,HOLDING,0.000A/OFF
45728,2026-06-04 05:17:55,31.0500,12.00,0.000,0.000,OFF,#1,HOLDING,0.000A/OFF
45729,2026-06-04 05:17:56,31.0500,12.00,0.000,0.000,OFF,#1,HOLDING,0.000A/OFF
45730,2026-06-04 05:17:57,31.1375,12.00,0.000,0.000,OFF,#1,HOLDING,0.000A/OFF
45731,2026-06-04 05:17:58,31.1375,12.00,0.000,0.000,OFF,#1,HOLDING,0.000A/OFF
45732,2026-06-04 05:17:59,31.2625,12.00,0.000,0.000,OFF,#1,HOLDING,0.000A/OFF
45733,2026-06-04 05:18:00,31.2625,12.00,0.000,0.000,OFF,#1,HOLDING,0.000A/OFF
45734,2026-06-04 05:18:01,31.3250,12.00,0.000,0.000,OFF,#1,HOLDING,0.000A/OFF
45735,2026-06-04 05:18:02,31.3250,12.00,0.000,0.000,OFF,#1,HOLDING,0.000A/OFF
45736,2026-06-04 05:18:03,31.4250,12.00,0.000,0.000,OFF,#1,HOLDING,0.000A/OFF
45737,2026-06-04 05:18:04,31.4250,12.00,0.000,0.000,OFF,#1,HOLDING,0.000A/OFF
45738,2026-06-04 05:18:05,31.5125,12.00,0.000,0.000,OFF,#1,HOLDING,0.000A/OFF
45739,2026-06-04 05:18:06,31.5125,12.00,0.000,0.000,OFF,#1,HOLDING,0.000A/OFF
45740,2026-06-04 05:18:07,31.5625,12.00,0.000,0.000,OFF,#1,HOLDING,0.000A/OFF
45741,2026-06-04 05:18:08,31.5625,12.00,0.000,0.000,OFF,#1,HOLDING,0.000A/OFF
45742,2026-06-04 05:18:09,31.6250,12.00,0.000,0.000,OFF,#1,HOLDING,0.000A/OFF
45743,2026-06-04 05:18:10,31.6250,12.00,0.000,0.000,OFF,#1,HOLDING,0.000A/OFF
45744,2026-06-04 05:18:11,31.6250,12.00,0.000,0.000,OFF,#1,HOLDING,0.000A/OFF
45745,2026-06-04 05:18:12,31.6250,12.00,0.000,0.000,OFF,#1,HOLDING,0.000A/OFF
45746,2026-06-04 05:18:13,31.6625,12.00,0.000,0.000,OFF,#1,HOLDING,0.000A/OFF
45747,2026-06-04 05:18:14,31.6875,12.00,0.000,0.000,OFF,#1,HOLDING,0.000A/OFF
45748,2026-06-04 05:18:15,31.6875,12.00,0.000,0.000,OFF,#1,HOLDING,0.000A/OFF
45749,2026-06-04 05:18:16,31.6625,12.00,0.000,0.000,OFF,#1,HOLDING,0.000A/OFF
45750,2026-06-04 05:18:17,31.6625,12.00,0.000,0.000,OFF,#1,HOLDING,0.000A/OFF
45751,2026-06-04 05:18:18,31.6625,12.00,0.000,0.000,OFF,#1,HOLDING,0.000A/OFF
45752,2026-06-04 05:18:19,31.6625,12.00,0.000,0.000,OFF,#1,HOLDING,0.000A/OFF
45753,2026-06-04 05:18:20,31.6250,12.00,0.000,0.000,A,#1,HOLDING,0.103A/A
45754,2026-06-04 05:18:22,31.6250,6.18,0.103,0.000,A,#1,HOLDING,0.123A/A
45755,2026-06-04 05:18:24,31.6125,6.18,0.103,0.119,A,#1,HOLDING,0.141A/A
45756,2026-06-04 05:18:25,31.5625,6.18,0.103,0.119,A,#1,HOLDING,0.157A/A
45757,2026-06-04 05:18:27,31.5625,6.18,0.103,0.119,A,#1,HOLDING,0.172A/A
45758,2026-06-04 05:18:29,31.5250,1.35,0.103,0.119,A,#1,HOLDING,0.185A/A
45759,2026-06-04 05:18:31,31.4500,1.35,0.185,0.283,A,#1,HOLDING,0.197A/A
45760,2026-06-04 05:18:33,31.3750,1.35,0.185,0.283,A,#1,HOLDING,0.204A/A
45761,2026-06-04 05:18:34,31.3750,1.35,0.185,0.283,A,#1,HOLDING,0.217A/A
45762,2026-06-04 05:18:36,31.3000,1.82,0.185,0.283,A,#1,HOLDING,0.224A/A
45763,2026-06-04 05:18:38,31.2250,1.82,0.224,0.427,A,#1,HOLDING,0.227A/A
45764,2026-06-04 05:18:41,31.0750,1.82,0.224,0.427,A,#1,HOLDING,0.216A/A
45765,2026-06-04 05:18:42,31.0750,1.82,0.224,0.427,A,#1,HOLDING,0.222A/A
45766,2026-06-04 05:18:44,30.9625,1.97,0.224,0.427,A,#1,HOLDING,0.213A/A
45767,2026-06-04 05:18:46,30.8875,1.97,0.213,0.419,A,#2,APPROACH,0.209A/A
45768,2026-06-04 05:18:48,30.7000,1.97,0.213,0.419,OFF,#2,APPROACH,0.000A/OFF
45769,2026-06-04 05:18:49,30.7000,1.97,0.213,0.419,OFF,#2,APPROACH,0.000A/OFF
45770,2026-06-04 05:18:50,30.6125,1.97,0.213,0.419,OFF,#2,APPROACH,0.000A/OFF
45771,2026-06-04 05:18:51,30.6125,1.97,0.213,0.419,OFF,#2,APPROACH,0.000A/OFF
45772,2026-06-04 05:18:52,30.5125,1.97,0.213,0.419,OFF,#2,APPROACH,0.000A/OFF
45773,2026-06-04 05:18:53,30.5125,12.00,0.000,0.419,A,#2,APPROACH,0.123A/A
45774,2026-06-04 05:18:55,30.4000,12.00,0.000,0.419,A,#2,HOLDING,0.000A/OFF
45775,2026-06-04 05:18:56,30.3000,12.00,0.000,0.680,OFF,#2,HOLDING,0.000A/OFF
45776,2026-06-04 05:18:57,30.3000,12.00,0.000,0.680,OFF,#2,HOLDING,0.000A/OFF
45777,2026-06-04 05:18:58,30.2000,12.00,0.000,0.680,OFF,#2,HOLDING,0.000A/OFF
45778,2026-06-04 05:18:59,30.2000,12.00,0.000,0.680,OFF,#2,HOLDING,0.000A/OFF
45779,2026-06-04 05:19:00,30.0750,12.00,0.000,0.680,OFF,#2,HOLDING,0.000A/OFF
45780,2026-06-04 05:19:01,30.0750,12.00,0.000,0.680,OFF,#2,HOLDING,0.000A/OFF
45781,2026-06-04 05:19:02,29.9625,12.00,0.000,0.000,OFF,#2,HOLDING,0.000A/OFF
45782,2026-06-04 05:19:03,29.9625,12.00,0.000,0.000,OFF,#2,HOLDING,0.000A/OFF
45783,2026-06-04 05:19:04,29.8625,12.00,0.000,0.000,OFF,#2,HOLDING,0.000A/OFF
45784,2026-06-04 05:19:05,29.8625,12.00,0.000,0.000,A,#2,HOLDING,0.100A/A
45785,2026-06-04 05:19:07,29.7750,12.02,0.100,0.000,A,#2,HOLDING,0.101A/A
45786,2026-06-04 05:19:09,29.6750,12.02,0.100,0.083,A,#2,HOLDING,0.116A/A
45787,2026-06-04 05:19:10,29.5875,12.02,0.100,0.083,A,#2,HOLDING,0.110A/A
45788,2026-06-04 05:19:12,29.4875,12.02,0.100,0.083,A,#2,HOLDING,0.107A/A
45789,2026-06-04 05:19:14,29.3625,0.88,0.100,0.083,A,#2,HOLDING,0.100A/A
45790,2026-06-04 05:19:16,29.2625,0.88,0.100,0.083,OFF,#2,HOLDING,0.000A/OFF
45791,2026-06-04 05:19:17,29.2625,0.88,0.100,0.087,OFF,#2,HOLDING,0.000A/OFF
45792,2026-06-04 05:19:18,29.1750,0.88,0.100,0.087,OFF,#2,HOLDING,0.000A/OFF
45793,2026-06-04 05:19:19,29.1000,0.88,0.100,0.087,OFF,#2,HOLDING,0.000A/OFF
45794,2026-06-04 05:19:20,29.1000,0.88,0.100,0.087,OFF,#2,HOLDING,0.000A/OFF
45795,2026-06-04 05:19:21,28.9875,0.88,0.100,0.087,OFF,#2,HOLDING,0.000A/OFF
45796,2026-06-04 05:19:22,28.9875,12.00,0.100,0.087,OFF,#2,HOLDING,0.000A/OFF
45797,2026-06-04 05:19:23,28.8875,12.00,0.000,0.087,OFF,#2,HOLDING,0.000A/OFF
45798,2026-06-04 05:19:24,28.8875,12.00,0.000,0.000,OFF,#2,HOLDING,0.000A/OFF
45799,2026-06-04 05:19:25,28.8000,12.00,0.000,0.000,OFF,#2,HOLDING,0.000A/OFF
45800,2026-06-04 05:19:26,28.8000,12.00,0.000,0.000,OFF,#2,HOLDING,0.000A/OFF
45801,2026-06-04 05:19:27,28.7000,12.00,0.000,0.000,OFF,#2,HOLDING,0.000A/OFF
45802,2026-06-04 05:19:28,28.7000,12.00,0.000,0.000,OFF,#2,HOLDING,0.000A/OFF
45803,2026-06-04 05:19:29,28.6125,12.00,0.000,0.000,OFF,#2,HOLDING,0.000A/OFF
45804,2026-06-04 05:19:30,28.6125,12.00,0.000,0.000,OFF,#2,HOLDING,0.000A/OFF
45805,2026-06-04 05:19:31,28.5125,12.00,0.000,0.000,B,#2,HOLDING,0.102A/B
45806,2026-06-04 05:19:33,28.4250,12.00,0.000,0.000,B,#2,HOLDING,0.186A/B
45807,2026-06-04 05:19:34,28.3250,1.79,0.000,0.000,B,#2,HOLDING,0.245A/B
45808,2026-06-04 05:19:36,28.2125,1.79,0.213,0.610,B,#2,HOLDING,0.292A/B
45809,2026-06-04 05:19:39,28.1125,1.79,0.213,0.610,B,#2,HOLDING,0.363A/B
45810,2026-06-04 05:19:40,28.0500,1.79,0.213,0.610,B,#2,HOLDING,0.411A/B
45811,2026-06-04 05:19:42,27.9750,3.78,0.213,0.610,B,#2,HOLDING,0.465A/B
45812,2026-06-04 05:19:44,27.9250,3.78,0.465,1.999,B,#2,HOLDING,0.523A/B
45813,2026-06-04 05:19:46,27.8250,3.78,0.465,1.999,B,#2,HOLDING,0.607A/B
45814,2026-06-04 05:19:48,27.7500,3.78,0.465,1.999,B,#2,HOLDING,0.667A/B
45815,2026-06-04 05:19:50,27.6750,5.89,0.465,1.999,B,#2,HOLDING,0.742A/B
45816,2026-06-04 05:19:52,27.6125,5.89,0.702,4.874,B,#2,HOLDING,0.814A/B
45817,2026-06-04 05:19:54,27.5625,5.89,0.702,4.874,B,#2,HOLDING,0.904A/B
45818,2026-06-04 05:19:56,27.5250,5.89,0.702,4.874,B,#2,HOLDING,0.967A/B
45819,2026-06-04 05:19:58,27.5000,8.25,0.702,4.874,B,#2,HOLDING,1.039A/B
45820,2026-06-04 05:19:59,27.4375,8.25,1.039,9.288,B,#2,HOLDING,1.000A/B
45821,2026-06-04 05:20:02,27.4375,8.25,1.039,9.288,B,#2,HOLDING,1.116A/B
45822,2026-06-04 05:20:03,27.4375,8.25,1.039,9.288,B,#2,HOLDING,1.179A/B
45823,2026-06-04 05:20:05,27.4375,9.93,1.039,9.288,B,#2,HOLDING,1.251A/B
45824,2026-06-04 05:20:07,27.4375,9.93,1.251,13.310,B,#2,HOLDING,1.325A/B
45825,2026-06-04 05:20:09,27.4375,9.93,1.251,13.310,B,#2,HOLDING,1.423A/B
45826,2026-06-04 05:20:11,27.4500,9.93,1.251,13.310,B,#2,HOLDING,1.486A/B
45827,2026-06-04 05:20:13,27.5000,12.00,1.251,13.310,B,#2,HOLDING,1.000A/B
45828,2026-06-04 05:20:15,27.5625,12.00,1.215,9.080,B,#2,HOLDING,1.542A/B
45829,2026-06-04 05:20:17,27.6125,12.00,1.215,9.080,B,#2,HOLDING,1.627A/B
45830,2026-06-04 05:20:19,27.6375,12.00,1.215,9.080,B,#2,HOLDING,1.000A/B
45831,2026-06-04 05:20:21,27.7375,9.18,1.215,9.080,B,#2,HOLDING,1.000A/B
45832,2026-06-04 05:20:22,27.8250,9.18,1.000,9.270,B,#2,HOLDING,1.000A/B
45833,2026-06-04 05:20:25,27.9000,9.18,1.000,9.270,B,#2,HOLDING,1.000A/B
45834,2026-06-04 05:20:26,27.9750,9.18,1.000,9.270,B,#2,HOLDING,1.660A/B
45835,2026-06-04 05:20:28,28.0750,12.00,1.000,9.270,B,#2,HOLDING,1.000A/B
45836,2026-06-04 05:20:30,28.1750,12.00,1.000,9.320,B,#2,HOLDING,1.500A/B
45837,2026-06-04 05:20:32,28.2750,12.00,1.000,9.320,B,#2,HOLDING,1.693A/B
45838,2026-06-04 05:20:34,28.3625,12.00,1.000,9.320,B,#2,HOLDING,1.724A/B
45839,2026-06-04 05:20:36,28.4625,12.00,1.000,9.320,B,#2,HOLDING,1.759A/B
45840,2026-06-04 05:20:38,28.5750,12.00,1.364,16.164,B,#2,HOLDING,1.738A/B
45841,2026-06-04 05:20:40,28.6750,12.00,1.364,16.164,B,#2,HOLDING,1.780A/B
45842,2026-06-04 05:20:42,28.7625,12.00,1.364,16.164,B,#2,HOLDING,1.500A/B
45843,2026-06-04 05:20:44,28.8875,12.00,1.364,16.164,B,#2,HOLDING,1.802A/B
45844,2026-06-04 05:20:45,28.9875,12.00,1.340,15.888,B,#2,HOLDING,1.819A/B
45845,2026-06-04 05:20:48,29.1375,12.00,1.340,15.888,B,#2,HOLDING,1.835A/B
45846,2026-06-04 05:20:49,29.2625,12.00,1.340,15.888,B,#2,HOLDING,1.000A/B
45847,2026-06-04 05:20:51,29.3875,9.64,1.340,15.888,B,#2,HOLDING,1.500A/B
45848,2026-06-04 05:20:53,29.5125,9.64,1.174,15.696,B,#2,HOLDING,1.839A/B
45849,2026-06-04 05:20:56,29.6375,9.64,1.174,15.696,B,#2,HOLDING,1.836A/B
45850,2026-06-04 05:20:57,29.7625,9.64,1.174,15.696,B,#2,HOLDING,1.500A/B
45851,2026-06-04 05:20:59,29.8875,12.00,1.174,15.696,B,#2,HOLDING,1.000A/B
45852,2026-06-04 05:21:01,30.0375,12.00,1.154,9.780,B,#3,APPROACH,1.000A/B
45853,2026-06-04 05:21:03,30.1625,12.00,1.154,9.780,A,#3,APPROACH,0.252A/A
45854,2026-06-04 05:21:05,30.2875,12.00,1.154,9.780,A,#3,APPROACH,0.314A/A
45855,2026-06-04 05:21:07,30.4125,12.00,1.154,9.780,A,#3,APPROACH,0.395A/A
45856,2026-06-04 05:21:10,30.5500,5.95,0.395,9.780,A,#3,APPROACH,0.503A/A
45857,2026-06-04 05:21:11,30.6500,5.95,0.395,1.755,A,#3,APPROACH,0.610A/A
45858,2026-06-04 05:21:13,30.7625,5.95,0.395,1.755,A,#3,APPROACH,0.718A/A
45859,2026-06-04 05:21:15,30.8375,5.95,0.395,1.755,A,#3,APPROACH,0.835A/A
45860,2026-06-04 05:21:17,30.9375,6.25,0.395,1.755,A,#3,APPROACH,0.991A/A
45861,2026-06-04 05:21:18,30.9375,6.25,0.910,7.571,A,#3,APPROACH,1.149A/A
45862,2026-06-04 05:21:21,31.0000,6.25,0.910,7.571,A,#3,APPROACH,1.388A/A
45863,2026-06-04 05:21:22,30.9750,6.25,0.910,7.571,A,#3,APPROACH,1.551A/A
45864,2026-06-04 05:21:24,31.0000,11.49,0.910,7.571,A,#3,APPROACH,1.748A/A
45865,2026-06-04 05:21:26,30.9750,11.49,1.568,18.804,A,#3,APPROACH,1.938A/A
45866,2026-06-04 05:21:28,30.9625,11.49,1.568,18.804,A,#3,APPROACH,2.189A/A
45867,2026-06-04 05:21:30,30.9125,11.49,1.568,18.804,A,#3,APPROACH,2.350A/A
45868,2026-06-04 05:21:32,30.8375,12.00,1.568,18.804,A,#3,APPROACH,2.500A/A
45869,2026-06-04 05:21:34,30.7875,12.00,1.532,18.132,A,#3,APPROACH,1.000A/A
45870,2026-06-04 05:21:36,30.6875,12.00,1.532,18.132,A,#3,APPROACH,1.500A/A
45871,2026-06-04 05:21:38,30.5875,12.00,1.532,18.132,A,#3,APPROACH,2.521A/A
45872,2026-06-04 05:21:40,30.4625,12.00,1.532,18.132,A,#3,APPROACH,1.000A/A
45873,2026-06-04 05:21:41,30.3375,12.00,1.250,8.590,A,#3,APPROACH,2.500A/A
45874,2026-06-04 05:21:44,30.2000,12.00,1.250,8.590,A,#3,APPROACH,1.500A/A
45875,2026-06-04 05:21:45,30.0250,12.00,1.250,8.590,A,#3,APPROACH,2.500A/A
45876,2026-06-04 05:21:47,29.8875,12.00,1.250,8.590,A,#3,APPROACH,2.500A/A
45877,2026-06-04 05:21:49,29.6875,12.00,1.465,17.388,A,#3,APPROACH,1.500A/A
45878,2026-06-04 05:21:52,29.5125,12.00,1.465,17.388,A,#3,APPROACH,1.500A/A
45879,2026-06-04 05:21:53,29.3375,12.00,1.465,17.388,A,#3,APPROACH,1.500A/A
45880,2026-06-04 05:21:55,29.1625,12.00,1.465,17.388,A,#3,APPROACH,2.617A/A
45881,2026-06-04 05:21:57,28.9375,12.00,1.444,17.172,A,#3,APPROACH,2.724A/A
45882,2026-06-04 05:21:59,28.7625,12.00,1.444,17.172,A,#3,APPROACH,2.000A/A
45883,2026-06-04 05:22:01,28.5625,12.00,1.444,17.172,A,#3,APPROACH,2.500A/A
45884,2026-06-04 05:22:03,28.3500,12.00,1.444,17.172,A,#3,APPROACH,1.000A/A
45885,2026-06-04 05:22:05,28.1250,12.00,1.219,9.040,A,#3,APPROACH,1.000A/A
45886,2026-06-04 05:22:07,27.8875,12.00,1.219,9.040,A,#3,APPROACH,2.771A/A
45887,2026-06-04 05:22:08,27.6375,12.00,1.219,9.040,A,#3,APPROACH,1.000A/A
45888,2026-06-04 05:22:10,27.4125,9.03,1.219,9.040,A,#3,APPROACH,1.000A/A
45889,2026-06-04 05:22:12,27.1875,9.03,1.000,9.140,A,#3,APPROACH,1.000A/A
45890,2026-06-04 05:22:15,26.9500,9.03,1.000,9.140,A,#3,APPROACH,1.000A/A
45891,2026-06-04 05:22:16,26.7500,9.03,1.000,9.140,A,#3,APPROACH,2.000A/A
45892,2026-06-04 05:22:18,26.5125,12.00,1.000,9.140,A,#3,HOLDING,1.000A/A
45893,2026-06-04 05:22:20,26.2875,12.00,1.215,9.140,OFF,#3,HOLDING,0.000A/OFF
45894,2026-06-04 05:22:21,26.2875,12.00,1.215,9.050,OFF,#3,HOLDING,0.000A/OFF
45895,2026-06-04 05:22:22,26.0750,12.00,1.215,9.050,OFF,#3,HOLDING,0.000A/OFF
45896,2026-06-04 05:22:23,26.0750,12.00,1.215,9.050,OFF,#3,HOLDING,0.000A/OFF
45897,2026-06-04 05:22:24,25.8750,12.00,1.215,9.050,OFF,#3,HOLDING,0.000A/OFF
45898,2026-06-04 05:22:25,25.8750,12.00,1.215,9.050,OFF,#3,HOLDING,0.000A/OFF
45899,2026-06-04 05:22:26,25.6625,12.00,1.215,9.050,OFF,#3,HOLDING,0.000A/OFF
45900,2026-06-04 05:22:27,25.4375,12.00,0.000,9.050,OFF,#3,HOLDING,0.000A/OFF
45901,2026-06-04 05:22:28,25.4375,12.00,0.000,0.000,OFF,#3,HOLDING,0.000A/OFF
45902,2026-06-04 05:22:29,25.2625,12.00,0.000,0.000,OFF,#3,HOLDING,0.000A/OFF
45903,2026-06-04 05:22:30,25.2625,12.00,0.000,0.000,OFF,#3,HOLDING,0.000A/OFF
45904,2026-06-04 05:22:31,25.0875,12.00,0.000,0.000,OFF,#3,HOLDING,0.000A/OFF
45905,2026-06-04 05:22:32,25.0875,12.00,0.000,0.000,OFF,#3,HOLDING,0.000A/OFF
45906,2026-06-04 05:22:33,24.9500,12.00,0.000,0.000,OFF,#3,HOLDING,0.000A/OFF
45907,2026-06-04 05:22:34,24.9500,12.00,0.000,0.000,OFF,#3,HOLDING,0.000A/OFF
45908,2026-06-04 05:22:35,24.8000,12.00,0.000,0.000,OFF,#3,HOLDING,0.000A/OFF
45909,2026-06-04 05:22:36,24.8000,12.00,0.000,0.000,OFF,#3,HOLDING,0.000A/OFF
45910,2026-06-04 05:22:37,24.6750,12.00,0.000,0.000,B,#3,HOLDING,0.186A/B
45911,2026-06-04 05:22:39,24.5500,12.00,0.000,0.000,B,#3,HOLDING,0.224A/B
45912,2026-06-04 05:22:41,24.4625,12.00,0.000,0.378,B,#3,HOLDING,0.283A/B
45913,2026-06-04 05:22:43,24.3625,12.00,0.000,0.378,B,#3,HOLDING,0.320A/B
45914,2026-06-04 05:22:44,24.3625,12.00,0.000,0.378,B,#3,HOLDING,0.351A/B
45915,2026-06-04 05:22:46,24.2750,2.77,0.000,0.378,B,#3,HOLDING,0.409A/B
45916,2026-06-04 05:22:48,24.2000,2.77,0.409,1.406,B,#3,HOLDING,0.464A/B
45917,2026-06-04 05:22:50,24.1250,2.77,0.409,1.406,B,#3,HOLDING,0.549A/B
45918,2026-06-04 05:22:52,24.1250,2.77,0.409,1.406,B,#3,HOLDING,0.590A/B
45919,2026-06-04 05:22:54,24.0625,4.86,0.409,1.406,B,#3,HOLDING,0.653A/B
45920,2026-06-04 05:22:56,24.0375,4.86,0.653,3.604,B,#3,HOLDING,0.712A/B
45921,2026-06-04 05:22:58,24.0000,4.86,0.653,3.604,B,#3,HOLDING,0.798A/B
45922,2026-06-04 05:23:00,24.0000,4.86,0.653,3.604,B,#3,HOLDING,0.847A/B
45923,2026-06-04 05:23:01,24.0000,7.10,0.653,3.604,B,#3,HOLDING,0.908A/B
45924,2026-06-04 05:23:03,24.0000,7.10,0.893,7.009,B,#3,HOLDING,0.968A/B
45925,2026-06-04 05:23:06,24.0625,7.10,0.893,7.009,B,#3,HOLDING,1.037A/B
45926,2026-06-04 05:23:07,24.0625,7.10,0.893,7.009,B,#3,HOLDING,1.089A/B
45927,2026-06-04 05:23:09,24.1000,9.07,0.893,7.009,B,#3,HOLDING,1.143A/B
45928,2026-06-04 05:23:11,24.1500,9.07,1.118,10.984,B,#3,HOLDING,1.198A/B
45929,2026-06-04 05:23:13,24.3000,9.07,1.118,10.984,B,#3,HOLDING,1.245A/B
45930,2026-06-04 05:23:15,24.3000,9.07,1.118,10.984,B,#3,HOLDING,1.293A/B
45931,2026-06-04 05:23:17,24.3500,10.65,1.118,10.984,B,#3,HOLDING,1.341A/B
45932,2026-06-04 05:23:19,24.4500,10.65,1.341,15.113,B,#3,HOLDING,1.384A/B
45933,2026-06-04 05:23:21,24.6375,10.65,1.341,15.113,B,#3,HOLDING,1.411A/B
45934,2026-06-04 05:23:23,24.6375,10.65,1.341,15.113,B,#3,HOLDING,1.450A/B
45935,2026-06-04 05:23:24,24.7625,12.00,1.341,15.113,B,#3,HOLDING,1.430A/B
45936,2026-06-04 05:23:26,24.8375,12.00,1.421,16.860,B,#3,HOLDING,1.469A/B
45937,2026-06-04 05:23:29,25.1375,12.00,1.421,16.860,B,#3,HOLDING,1.474A/B
45938,2026-06-04 05:23:30,25.1375,12.00,1.421,16.860,B,#3,HOLDING,1.000A/B
45939,2026-06-04 05:23:32,25.2875,9.17,1.421,16.860,B,#3,HOLDING,1.497A/B
45940,2026-06-04 05:23:34,25.4375,9.17,1.362,16.524,B,#3,HOLDING,1.500A/B
45941,2026-06-04 05:23:36,25.7625,9.17,1.362,16.524,B,#3,HOLDING,1.492A/B
45942,2026-06-04 05:23:38,25.7625,9.17,1.362,16.524,B,#3,HOLDING,1.000A/B
45943,2026-06-04 05:23:40,25.9125,9.43,1.362,16.524,B,#3,HOLDING,1.503A/B
45944,2026-06-04 05:23:42,26.0625,9.43,1.310,16.212,B,#3,HOLDING,1.000A/B
45945,2026-06-04 05:23:44,26.4125,9.43,1.310,16.212,B,#3,HOLDING,1.472A/B
45946,2026-06-04 05:23:46,26.4125,9.43,1.310,16.212,B,#3,HOLDING,1.464A/B
45947,2026-06-04 05:23:48,26.6125,12.00,1.310,16.212,B,#3,HOLDING,1.425A/B
45948,2026-06-04 05:23:49,26.7875,12.00,1.346,15.984,B,#3,HOLDING,1.339A/B
45949,2026-06-04 05:23:52,27.1375,12.00,1.346,15.984,B,#3,HOLDING,1.225A/B
45950,2026-06-04 05:23:53,27.1375,12.00,1.346,15.984,B,#3,HOLDING,1.199A/B
45951,2026-06-04 05:23:55,27.3000,10.98,1.346,15.984,B,#3,HOLDING,1.131A/B
45952,2026-06-04 05:23:57,27.4750,10.98,1.160,12.045,B,#3,HOLDING,1.067A/B
45953,2026-06-04 05:23:59,27.8250,10.98,1.160,12.045,B,#3,HOLDING,0.918A/B
45954,2026-06-04 05:24:01,27.8250,10.98,1.160,12.045,B,#3,HOLDING,0.867A/B
45955,2026-06-04 05:24:03,27.9875,8.74,1.160,12.045,B,#3,HOLDING,0.774A/B
45956,2026-06-04 05:24:05,28.1625,8.74,0.813,6.261,B,#3,HOLDING,0.685A/B
45957,2026-06-04 05:24:07,28.5000,8.74,0.813,6.261,B,#3,HOLDING,0.505A/B
45958,2026-06-04 05:24:09,28.5000,8.74,0.813,6.261,B,#3,HOLDING,0.433A/B
45959,2026-06-04 05:24:11,28.6125,5.26,0.813,6.261,B,#3,HOLDING,0.326A/B
45960,2026-06-04 05:24:12,28.8125,5.26,0.363,1.440,B,#3,HOLDING,0.234A/B
45961,2026-06-04 05:24:15,29.0625,5.26,0.363,1.440,OFF,#3,HOLDING,0.000A/OFF
45962,2026-06-04 05:24:16,29.0625,5.26,0.363,1.440,OFF,#3,HOLDING,0.000A/OFF
45963,2026-06-04 05:24:17,29.2250,5.26,0.363,1.440,OFF,#3,HOLDING,0.000A/OFF
45964,2026-06-04 05:24:18,29.2250,12.00,0.363,1.440,A,#3,HOLDING,0.157A/A
45965,2026-06-04 05:24:20,29.3250,12.00,0.000,0.070,A,#3,HOLDING,0.292A/A
45966,2026-06-04 05:24:22,29.4500,12.00,0.000,0.070,A,#3,HOLDING,0.470A/A
45967,2026-06-04 05:24:24,29.5750,12.00,0.000,0.070,A,#3,HOLDING,0.605A/A
45968,2026-06-04 05:24:25,29.6375,4.35,0.000,0.070,A,#3,HOLDING,0.754A/A
45969,2026-06-04 05:24:27,29.7375,4.35,0.685,4.380,A,#3,HOLDING,0.908A/A
45970,2026-06-04 05:24:30,29.8125,4.35,0.685,4.380,A,#3,HOLDING,1.105A/A
45971,2026-06-04 05:24:31,29.8625,4.35,0.685,4.380,A,#3,HOLDING,1.240A/A
45972,2026-06-04 05:24:33,29.8875,9.47,0.685,4.380,A,#3,HOLDING,1.395A/A
45973,2026-06-04 05:24:35,29.9375,9.47,1.315,15.052,A,#3,HOLDING,1.000A/A
45974,2026-06-04 05:24:37,29.9375,9.47,1.315,15.052,A,#3,HOLDING,1.552A/A
45975,2026-06-04 05:24:39,29.9375,9.47,1.315,15.052,A,#3,HOLDING,1.687A/A
45976,2026-06-04 05:24:41,29.9000,12.00,1.315,15.052,A,#3,HOLDING,1.839A/A
45977,2026-06-04 05:24:43,29.8500,12.00,1.542,18.288,A,#3,HOLDING,1.988A/A
45978,2026-06-04 05:24:45,29.8125,12.00,1.542,18.288,A,#3,HOLDING,2.000A/A
45979,2026-06-04 05:24:47,29.7375,12.00,1.542,18.288,A,#3,HOLDING,2.174A/A
45980,2026-06-04 05:24:49,29.6500,12.00,1.542,18.288,A,#3,HOLDING,1.000A/A
45981,2026-06-04 05:24:50,29.5250,12.00,1.252,8.540,A,#3,HOLDING,2.000A/A
45982,2026-06-04 05:24:53,29.4250,12.00,1.252,8.540,A,#3,HOLDING,1.000A/A
45983,2026-06-04 05:24:54,29.2750,12.00,1.252,8.540,A,#3,HOLDING,1.000A/A
45984,2026-06-04 05:24:56,29.1500,8.69,1.252,8.540,A,#3,HOLDING,2.284A/A
45985,2026-06-04 05:24:58,29.0000,8.69,1.474,17.520,A,#3,HOLDING,1.000A/A
45986,2026-06-04 05:25:00,28.8375,8.69,1.474,17.520,A,#3,HOLDING,2.000A/A
45987,2026-06-04 05:25:02,28.6875,8.69,1.474,17.520,A,#3,HOLDING,2.346A/A
45988,2026-06-04 05:25:04,28.5125,12.00,1.474,17.520,A,#3,HOLDING,1.000A/A
45989,2026-06-04 05:25:06,28.3625,12.00,1.227,8.850,A,#3,HOLDING,1.000A/A
45990,2026-06-04 05:25:08,28.2000,12.00,1.227,8.850,A,#3,HOLDING,1.000A/A
45991,2026-06-04 05:25:10,28.0000,12.00,1.227,8.850,A,#3,HOLDING,2.412A/A
45992,2026-06-04 05:25:12,27.8250,12.00,1.227,8.850,A,#3,HOLDING,2.480A/A
45993,2026-06-04 05:25:13,27.6250,12.00,1.448,17.232,A,#3,HOLDING,2.500A/A
45994,2026-06-04 05:25:16,27.3875,12.00,1.448,17.232,A,#3,HOLDING,2.000A/A
45995,2026-06-04 05:25:17,27.1875,12.00,1.448,17.232,A,#3,HOLDING,2.513A/A
45996,2026-06-04 05:25:19,27.0125,12.00,1.448,17.232,A,#3,HOLDING,2.557A/A
45997,2026-06-04 05:25:21,26.7875,12.00,1.435,17.088,A,#3,HOLDING,2.582A/A
45998,2026-06-04 05:25:23,26.5750,12.00,1.435,17.088,A,#3,HOLDING,2.577A/A
45999,2026-06-04 05:25:25,26.3250,12.00,1.435,17.088,A,#3,HOLDING,2.586A/A
46000,2026-06-04 05:25:27,26.1125,12.00,1.435,17.088,A,#3,HOLDING,2.500A/A
46001,2026-06-04 05:25:29,25.8875,12.00,1.421,16.932,A,#3,HOLDING,1.000A/A
46002,2026-06-04 05:25:31,25.6875,12.00,1.421,16.932,A,#3,HOLDING,1.000A/A
46003,2026-06-04 05:25:33,25.4375,12.00,1.421,16.932,A,#3,HOLDING,1.500A/A
46004,2026-06-04 05:25:35,25.2500,12.00,1.421,16.932,A,#3,HOLDING,1.500A/A
46005,2026-06-04 05:25:37,25.0000,12.00,1.415,16.836,A,#3,HOLDING,2.597A/A
46006,2026-06-04 05:25:39,24.7875,12.00,1.415,16.836,A,#4,APPROACH,2.565A/A
46007,2026-06-04 05:25:41,24.5625,12.00,1.415,16.836,B,#4,APPROACH,0.115A/B
46008,2026-06-04 05:25:42,24.3875,12.00,1.415,16.836,B,#4,APPROACH,0.189A/B
46009,2026-06-04 05:25:44,24.1875,11.38,1.415,16.836,B,#4,APPROACH,0.278A/B
46010,2026-06-04 05:25:46,23.9750,11.38,0.993,0.578,B,#4,APPROACH,0.408A/B
46011,2026-06-04 05:25:49,23.6500,11.38,0.993,0.578,B,#4,APPROACH,0.568A/B
46012,2026-06-04 05:25:50,23.6500,11.38,0.993,0.578,B,#4,APPROACH,0.640A/B
46013,2026-06-04 05:25:52,23.5750,4.91,0.993,0.578,B,#4,APPROACH,0.742A/B
46014,2026-06-04 05:25:54,23.4625,4.91,0.688,4.422,B,#4,APPROACH,0.830A/B
46015,2026-06-04 05:25:56,23.3750,4.91,0.688,4.422,B,#4,APPROACH,0.985A/B
46016,2026-06-04 05:25:58,23.3750,4.91,0.688,4.422,B,#4,APPROACH,1.083A/B
46017,2026-06-04 05:26:00,23.3750,8.50,0.688,4.422,B,#4,APPROACH,1.194A/B
46018,2026-06-04 05:26:02,23.3500,8.50,1.135,11.319,B,#4,APPROACH,1.310A/B
46019,2026-06-04 05:26:04,23.3750,8.50,1.135,11.319,B,#4,APPROACH,1.457A/B
46020,2026-06-04 05:26:06,23.3750,8.50,1.135,11.319,B,#4,APPROACH,1.000A/B
46021,2026-06-04 05:26:08,23.4250,8.37,1.135,11.319,B,#4,APPROACH,1.553A/B
46022,2026-06-04 05:26:09,23.4750,8.37,1.267,18.048,B,#4,APPROACH,1.500A/B
46023,2026-06-04 05:26:12,23.6375,8.37,1.267,18.048,B,#4,APPROACH,1.500A/B
46024,2026-06-04 05:26:13,23.6375,8.37,1.267,18.048,B,#4,APPROACH,1.637A/B
46025,2026-06-04 05:26:15,23.7375,12.00,1.267,18.048,B,#4,APPROACH,1.729A/B
46026,2026-06-04 05:26:17,23.8625,12.00,1.463,17.268,B,#4,APPROACH,1.820A/B
46027,2026-06-04 05:26:20,24.1375,12.00,1.463,17.268,B,#4,APPROACH,1.500A/B
46028,2026-06-04 05:26:21,24.1375,12.00,1.463,17.268,B,#4,APPROACH,1.000A/B
46029,2026-06-04 05:26:23,24.2625,9.02,1.463,17.268,B,#4,APPROACH,1.000A/B
46030,2026-06-04 05:26:25,24.4250,9.02,1.000,9.150,B,#4,APPROACH,1.898A/B
46031,2026-06-04 05:26:27,24.7375,9.02,1.000,9.150,B,#4,APPROACH,1.941A/B
46032,2026-06-04 05:26:29,24.7375,9.02,1.000,9.150,B,#4,APPROACH,1.500A/B
46033,2026-06-04 05:26:31,24.8875,12.00,1.000,9.150,B,#4,APPROACH,1.000A/B
46034,2026-06-04 05:26:33,25.0500,12.00,1.195,9.260,B,#4,APPROACH,1.000A/B
46035,2026-06-04 05:26:35,25.4250,12.00,1.195,9.260,B,#4,APPROACH,1.000A/B
46036,2026-06-04 05:26:36,25.4250,12.00,1.195,9.260,B,#4,APPROACH,1.973A/B
46037,2026-06-04 05:26:38,25.5750,12.00,1.195,9.260,B,#4,HOLDING,1.000A/B
46038,2026-06-04 05:26:40,25.7375,12.00,1.187,9.260,OFF,#4,HOLDING,0.000A/OFF
46039,2026-06-04 05:26:41,25.9375,12.00,1.187,9.390,OFF,#4,HOLDING,0.000A/OFF
46040,2026-06-04 05:26:42,25.9375,12.00,1.187,9.390,OFF,#4,HOLDING,0.000A/OFF
46041,2026-06-04 05:26:43,26.1125,12.00,1.187,9.390,OFF,#4,HOLDING,0.000A/OFF
46042,2026-06-04 05:26:44,26.1125,12.00,1.187,9.390,OFF,#4,HOLDING,0.000A/OFF
46043,2026-06-04 05:26:45,26.2875,12.00,1.187,9.390,OFF,#4,HOLDING,0.000A/OFF
46044,2026-06-04 05:26:46,26.2875,12.00,1.187,9.390,OFF,#4,HOLDING,0.000A/OFF
46045,2026-06-04 05:26:47,26.4875,12.00,0.000,9.390,OFF,#4,HOLDING,0.000A/OFF
46046,2026-06-04 05:26:48,26.6375,12.00,0.000,0.000,OFF,#4,HOLDING,0.000A/OFF
46047,2026-06-04 05:26:49,26.6375,12.00,0.000,0.000,OFF,#4,HOLDING,0.000A/OFF
46048,2026-06-04 05:26:50,26.8000,12.00,0.000,0.000,OFF,#4,HOLDING,0.000A/OFF
46049,2026-06-04 05:26:51,26.8000,12.00,0.000,0.000,OFF,#4,HOLDING,0.000A/OFF
46050,2026-06-04 05:26:52,26.9250,12.00,0.000,0.000,OFF,#4,HOLDING,0.000A/OFF
46051,2026-06-04 05:26:53,26.9250,12.00,0.000,0.000,OFF,#4,HOLDING,0.000A/OFF
46052,2026-06-04 05:26:54,27.0500,12.00,0.000,0.000,OFF,#4,HOLDING,0.000A/OFF
46053,2026-06-04 05:26:55,27.0500,12.00,0.000,0.000,OFF,#4,HOLDING,0.000A/OFF
46054,2026-06-04 05:26:56,27.2000,12.00,0.000,0.000,OFF,#4,HOLDING,0.000A/OFF
46055,2026-06-04 05:26:57,27.2000,12.00,0.000,0.000,OFF,#4,HOLDING,0.000A/OFF
46056,2026-06-04 05:26:58,27.3000,12.00,0.000,0.000,OFF,#4,HOLDING,0.000A/OFF
46057,2026-06-04 05:26:59,27.3000,12.00,0.000,0.000,OFF,#4,HOLDING,0.000A/OFF
46058,2026-06-04 05:27:00,27.3750,12.00,0.000,0.000,OFF,#4,HOLDING,0.000A/OFF
46059,2026-06-04 05:27:01,27.3750,12.00,0.000,0.000,OFF,#4,HOLDING,0.000A/OFF
46060,2026-06-04 05:27:02,27.5000,12.00,0.000,0.000,A,#4,HOLDING,0.183A/A
46061,2026-06-04 05:27:04,27.5500,12.00,0.000,0.000,A,#4,HOLDING,0.211A/A
46062,2026-06-04 05:27:06,27.5500,1.59,0.000,0.000,A,#4,HOLDING,0.244A/A
46063,2026-06-04 05:27:07,27.6125,1.59,0.231,0.483,A,#4,HOLDING,0.273A/A
46064,2026-06-04 05:27:10,27.7500,1.59,0.231,0.483,A,#4,HOLDING,0.344A/A
46065,2026-06-04 05:27:11,27.7750,1.59,0.231,0.483,A,#4,HOLDING,0.389A/A
46066,2026-06-04 05:27:13,27.7750,3.20,0.231,0.483,A,#4,HOLDING,0.430A/A
46067,2026-06-04 05:27:15,27.8125,3.20,0.413,1.578,A,#4,HOLDING,0.473A/A
46068,2026-06-04 05:27:17,27.8500,3.20,0.413,1.578,A,#4,HOLDING,0.540A/A
46069,2026-06-04 05:27:19,27.8500,3.20,0.413,1.578,A,#4,HOLDING,0.583A/A
46070,2026-06-04 05:27:21,27.8500,4.94,0.413,1.578,A,#4,HOLDING,0.629A/A
46071,2026-06-04 05:27:23,27.8500,4.94,0.610,3.453,A,#4,HOLDING,0.677A/A
46072,2026-06-04 05:27:25,27.8250,4.94,0.610,3.453,A,#4,HOLDING,0.736A/A
46073,2026-06-04 05:27:27,27.8250,4.94,0.610,3.453,A,#4,HOLDING,0.779A/A
46074,2026-06-04 05:27:29,27.7500,6.73,0.610,3.453,A,#4,HOLDING,0.815A/A
46075,2026-06-04 05:27:31,27.7500,6.73,0.795,5.835,A,#4,HOLDING,0.863A/A
46076,2026-06-04 05:27:33,27.6875,6.73,0.795,5.835,A,#4,HOLDING,0.912A/A
46077,2026-06-04 05:27:35,27.6125,6.73,0.795,5.835,A,#4,HOLDING,0.943A/A
46078,2026-06-04 05:27:36,27.5500,8.05,0.795,5.835,A,#4,HOLDING,0.973A/A
46079,2026-06-04 05:27:38,27.4500,8.05,0.955,8.192,A,#4,HOLDING,0.950A/A
46080,2026-06-04 05:27:41,27.3625,8.05,0.955,8.192,A,#4,HOLDING,0.993A/A
46081,2026-06-04 05:27:42,27.2375,8.05,0.955,8.192,A,#4,HOLDING,1.000A/A
46082,2026-06-04 05:27:44,27.1375,8.59,0.955,8.192,A,#4,HOLDING,1.009A/A
46083,2026-06-04 05:27:46,27.0375,8.59,1.008,8.880,A,#4,HOLDING,1.000A/A
46084,2026-06-04 05:27:48,26.9000,8.59,1.008,8.880,A,#4,HOLDING,1.030A/A
46085,2026-06-04 05:27:50,26.7500,8.59,1.008,8.880,A,#4,HOLDING,1.000A/A
46086,2026-06-04 05:27:52,26.6500,8.74,1.008,8.880,A,#4,HOLDING,1.000A/A
46087,2026-06-04 05:27:54,26.5000,8.74,1.000,8.900,A,#4,HOLDING,1.028A/A
46088,2026-06-04 05:27:56,26.3625,8.74,1.000,8.900,A,#4,HOLDING,1.027A/A
46089,2026-06-04 05:27:58,26.1875,8.74,1.000,8.900,A,#4,HOLDING,1.007A/A
46090,2026-06-04 05:27:59,26.0125,8.87,1.000,8.900,A,#4,HOLDING,0.986A/A
46091,2026-06-04 05:28:01,25.8625,8.87,0.986,8.755,A,#4,HOLDING,0.958A/A
46092,2026-06-04 05:28:04,25.7000,8.87,0.986,8.755,A,#4,HOLDING,0.927A/A
46093,2026-06-04 05:28:05,25.5250,8.87,0.986,8.755,A,#4,HOLDING,0.892A/A
46094,2026-06-04 05:28:07,25.3750,8.18,0.986,8.755,A,#4,HOLDING,0.793A/A
46095,2026-06-04 05:28:09,25.1750,8.18,0.840,5.963,A,#4,HOLDING,0.727A/A
46096,2026-06-04 05:28:11,25.0125,8.18,0.840,5.963,A,#4,HOLDING,0.655A/A
46097,2026-06-04 05:28:13,24.8625,8.18,0.840,5.963,A,#4,HOLDING,0.592A/A
46098,2026-06-04 05:28:15,24.7000,5.94,0.840,5.963,A,#4,HOLDING,0.521A/A
46099,2026-06-04 05:28:17,24.5250,5.94,0.555,2.818,A,#4,HOLDING,0.433A/A
46100,2026-06-04 05:28:19,24.3625,5.94,0.555,2.818,A,#4,HOLDING,0.327A/A
46101,2026-06-04 05:28:21,24.2375,5.94,0.555,2.818,A,#4,HOLDING,0.250A/A
46102,2026-06-04 05:28:22,24.0875,3.03,0.555,2.818,A,#4,HOLDING,0.155A/A
46103,2026-06-04 05:28:24,23.9375,3.03,0.155,2.818,OFF,#4,HOLDING,0.000A/OFF
46104,2026-06-04 05:28:25,23.9375,3.03,0.155,0.344,OFF,#4,HOLDING,0.000A/OFF
46105,2026-06-04 05:28:26,23.8000,3.03,0.155,0.344,OFF,#4,HOLDING,0.000A/OFF
46106,2026-06-04 05:28:27,23.8000,3.03,0.155,0.344,OFF,#4,HOLDING,0.000A/OFF
46107,2026-06-04 05:28:28,23.6500,3.03,0.155,0.344,B,#4,HOLDING,0.194A/B
46108,2026-06-04 05:28:30,23.5500,7.10,0.194,0.344,B,#4,HOLDING,0.302A/B
46109,2026-06-04 05:28:32,23.4750,7.10,0.194,0.715,B,#4,HOLDING,0.392A/B
46110,2026-06-04 05:28:34,23.4750,7.10,0.194,0.715,B,#4,HOLDING,0.479A/B
46111,2026-06-04 05:28:35,23.3750,7.10,0.194,0.715,B,#4,HOLDING,0.585A/B
46112,2026-06-04 05:28:37,23.3250,4.71,0.194,0.715,B,#4,HOLDING,0.705A/B
46113,2026-06-04 05:28:39,23.2500,4.71,0.693,4.166,B,#4,HOLDING,0.831A/B
46114,2026-06-04 05:28:42,23.2000,4.71,0.693,4.166,B,#4,HOLDING,0.989A/B
46115,2026-06-04 05:28:43,23.1625,4.71,0.693,4.166,B,#4,HOLDING,1.098A/B
46116,2026-06-04 05:28:45,23.1375,8.75,0.693,4.166,B,#4,HOLDING,1.221A/B
46117,2026-06-04 05:28:47,23.1500,8.75,1.221,11.978,B,#4,HOLDING,1.342A/B
46118,2026-06-04 05:28:49,23.1250,8.75,1.221,11.978,B,#4,HOLDING,1.500A/B
46119,2026-06-04 05:28:51,23.1875,8.75,1.221,11.978,B,#4,HOLDING,1.497A/B
46120,2026-06-04 05:28:53,23.2375,11.68,1.221,11.978,B,#4,HOLDING,1.614A/B
46121,2026-06-04 05:28:55,23.3125,11.68,1.514,17.940,B,#4,HOLDING,1.725A/B
46122,2026-06-04 05:28:57,23.3625,11.68,1.514,17.940,B,#4,HOLDING,1.872A/B
46123,2026-06-04 05:28:59,23.4500,11.68,1.514,17.940,B,#4,HOLDING,1.964A/B
46124,2026-06-04 05:29:00,23.5500,12.00,1.514,17.940,B,#4,HOLDING,1.000A/B
46125,2026-06-04 05:29:02,23.6750,12.00,1.021,8.950,B,#4,HOLDING,1.500A/B
46126,2026-06-04 05:29:05,23.8250,12.00,1.021,8.950,B,#4,HOLDING,2.024A/B
46127,2026-06-04 05:29:06,23.9500,12.00,1.021,8.950,B,#4,HOLDING,2.000A/B
46128,2026-06-04 05:29:08,24.1000,12.00,1.021,8.950,B,#4,HOLDING,2.085A/B
46129,2026-06-04 05:29:10,24.2375,12.00,1.415,16.776,B,#4,HOLDING,2.160A/B
46130,2026-06-04 05:29:12,24.3875,12.00,1.415,16.776,B,#4,HOLDING,2.257A/B
46131,2026-06-04 05:29:14,24.5500,12.00,1.415,16.776,B,#4,HOLDING,2.308A/B
46132,2026-06-04 05:29:16,24.6750,12.00,1.415,16.776,B,#4,HOLDING,2.000A/B
46133,2026-06-04 05:29:18,24.8625,12.00,1.380,16.392,B,#4,HOLDING,2.356A/B
46134,2026-06-04 05:29:20,25.0125,12.00,1.380,16.392,B,#4,HOLDING,1.500A/B
46135,2026-06-04 05:29:22,25.2375,12.00,1.380,16.392,B,#4,HOLDING,2.402A/B
46136,2026-06-04 05:29:23,25.3875,12.00,1.380,16.392,B,#4,HOLDING,2.441A/B
46137,2026-06-04 05:29:25,25.5625,12.00,1.355,16.080,B,#4,HOLDING,2.414A/B
46138,2026-06-04 05:29:28,25.7625,12.00,1.355,16.080,B,#4,HOLDING,2.000A/B
46139,2026-06-04 05:29:29,25.9375,12.00,1.355,16.080,B,#4,HOLDING,2.455A/B
46140,2026-06-04 05:29:31,26.1625,12.00,1.355,16.080,B,#5,APPROACH,2.464A/B
46141,2026-06-04 05:29:33,26.3625,12.00,1.334,0.000,A,#5,APPROACH,0.364A/A
46142,2026-06-04 05:29:36,26.7375,12.00,1.334,0.000,A,#5,APPROACH,0.476A/A
46143,2026-06-04 05:29:38,26.9375,12.00,1.334,0.000,A,#5,APPROACH,0.577A/A
46144,2026-06-04 05:29:39,26.9375,12.00,1.334,0.000,A,#5,APPROACH,0.655A/A
46145,2026-06-04 05:29:41,27.1125,4.72,1.334,0.000,A,#5,APPROACH,0.755A/A
46146,2026-06-04 05:29:43,27.2875,4.72,0.755,4.288,A,#5,APPROACH,0.893A/A
46147,2026-06-04 05:29:45,27.5750,4.72,0.755,4.288,A,#5,APPROACH,1.117A/A
46148,2026-06-04 05:29:47,27.5750,4.72,0.755,4.288,A,#5,APPROACH,1.257A/A
46149,2026-06-04 05:29:49,27.6625,9.42,0.755,4.288,A,#5,APPROACH,1.446A/A
46150,2026-06-04 05:29:50,27.7625,9.42,1.446,15.920,A,#5,APPROACH,1.500A/A
46151,2026-06-04 05:29:53,27.9000,9.42,1.446,15.920,A,#5,APPROACH,1.662A/A
46152,2026-06-04 05:29:54,27.9000,9.42,1.446,15.920,A,#5,APPROACH,1.500A/A
46153,2026-06-04 05:29:56,27.9375,11.50,1.446,15.920,A,#5,APPROACH,1.000A/A
46154,2026-06-04 05:29:58,27.9375,11.50,1.253,8.230,A,#5,APPROACH,1.000A/A
46155,2026-06-04 05:30:01,27.9375,11.50,1.253,8.230,A,#5,APPROACH,1.000A/A
46156,2026-06-04 05:30:02,27.9375,11.50,1.253,8.230,A,#5,APPROACH,1.500A/A
46157,2026-06-04 05:30:04,27.9250,11.75,1.253,8.230,A,#5,APPROACH,1.854A/A
46158,2026-06-04 05:30:06,27.8500,11.75,1.508,17.940,A,#5,APPROACH,2.155A/A
46159,2026-06-04 05:30:08,27.7625,11.75,1.508,17.940,A,#5,APPROACH,1.000A/A
46160,2026-06-04 05:30:10,27.7625,11.75,1.508,17.940,A,#5,APPROACH,2.000A/A
46161,2026-06-04 05:30:12,27.6500,12.00,1.508,17.940,A,#5,APPROACH,2.534A/A
46162,2026-06-04 05:30:14,27.5750,12.00,1.471,17.508,A,#5,APPROACH,2.500A/A
46163,2026-06-04 05:30:16,27.3625,12.00,1.471,17.508,A,#5,APPROACH,1.000A/A
46164,2026-06-04 05:30:18,27.3625,12.00,1.471,17.508,A,#5,APPROACH,1.500A/A
46165,2026-06-04 05:30:19,27.2375,12.00,1.471,17.508,A,#5,APPROACH,2.000A/A
46166,2026-06-04 05:30:21,27.0875,12.00,1.448,17.220,A,#5,APPROACH,1.000A/A
46167,2026-06-04 05:30:24,26.8000,12.00,1.448,17.220,A,#5,APPROACH,2.500A/A
46168,2026-06-04 05:30:25,26.8000,12.00,1.448,17.220,A,#5,APPROACH,2.783A/A
46169,2026-06-04 05:30:27,26.6375,12.00,1.448,17.220,A,#5,APPROACH,2.500A/A
46170,2026-06-04 05:30:29,26.4625,12.00,1.440,17.160,A,#5,APPROACH,1.500A/A
46171,2026-06-04 05:30:31,26.1250,12.00,1.440,17.160,A,#5,APPROACH,1.500A/A
46172,2026-06-04 05:30:33,26.1250,12.00,1.440,17.160,A,#5,APPROACH,3.000A/A
46173,2026-06-04 05:30:35,25.9500,12.00,1.440,17.160,A,#5,APPROACH,1.500A/A
46174,2026-06-04 05:30:37,25.7500,12.00,1.426,17.040,A,#5,APPROACH,2.000A/A
46175,2026-06-04 05:30:39,25.3125,12.00,1.426,17.040,A,#5,APPROACH,1.500A/A
46176,2026-06-04 05:30:41,25.3125,12.00,1.426,17.040,A,#5,APPROACH,2.000A/A
46177,2026-06-04 05:30:42,25.1375,12.00,1.426,17.040,A,#5,APPROACH,1.500A/A
46178,2026-06-04 05:30:44,24.9375,12.00,1.430,17.028,A,#5,APPROACH,2.956A/A
46179,2026-06-04 05:30:47,24.5625,12.00,1.430,17.028,A,#5,APPROACH,1.500A/A
46180,2026-06-04 05:30:48,24.5625,12.00,1.430,17.028,A,#5,APPROACH,1.000A/A
46181,2026-06-04 05:30:50,24.3500,9.10,1.430,17.028,A,#5,APPROACH,2.000A/A
46182,2026-06-04 05:30:52,24.1500,9.10,1.206,16.896,A,#5,APPROACH,2.500A/A
46183,2026-06-04 05:30:54,23.7500,9.10,1.206,16.896,A,#5,APPROACH,1.500A/A
46184,2026-06-04 05:30:56,23.7500,9.10,1.206,16.896,A,#5,APPROACH,2.500A/A
46185,2026-06-04 05:30:58,23.5750,12.00,1.206,16.896,A,#5,APPROACH,3.000A/A
46186,2026-06-04 05:31:00,23.4000,12.00,1.421,16.920,A,#5,APPROACH,3.000A/A
46187,2026-06-04 05:31:02,23.0500,12.00,1.421,16.920,A,#5,APPROACH,1.500A/A
46188,2026-06-04 05:31:04,23.0500,12.00,1.421,16.920,A,#5,APPROACH,1.000A/A
46189,2026-06-04 05:31:06,22.8500,9.16,1.421,16.920,A,#5,APPROACH,1.500A/A
46190,2026-06-04 05:31:07,22.6750,9.16,1.203,16.800,A,#5,APPROACH,1.500A/A
46191,2026-06-04 05:31:10,22.3375,9.16,1.203,16.800,A,#5,APPROACH,1.000A/A
46192,2026-06-04 05:31:11,22.3375,9.16,1.203,16.800,A,#5,APPROACH,1.000A/A
46193,2026-06-04 05:31:13,22.1750,9.21,1.203,16.800,A,#5,APPROACH,2.000A/A
46194,2026-06-04 05:31:15,22.0000,9.21,1.202,16.740,A,#5,APPROACH,1.500A/A
46195,2026-06-04 05:31:17,21.7375,9.21,1.202,16.740,A,#5,APPROACH,2.000A/A
46196,2026-06-04 05:31:19,21.7375,9.21,1.202,16.740,A,#5,APPROACH,1.500A/A
46197,2026-06-04 05:31:21,21.5750,12.00,1.202,16.740,A,#5,APPROACH,1.000A/A
46198,2026-06-04 05:31:23,21.4000,12.00,1.204,9.270,A,#5,APPROACH,1.000A/A
46199,2026-06-04 05:31:25,21.1250,12.00,1.204,9.270,A,#5,APPROACH,2.000A/A
46200,2026-06-04 05:31:27,21.1250,12.00,1.204,9.270,A,#5,APPROACH,2.000A/A
46201,2026-06-04 05:31:29,21.0125,12.00,1.204,9.270,A,#5,APPROACH,2.981A/A
46202,2026-06-04 05:31:30,20.8625,12.00,1.411,16.788,A,#5,APPROACH,3.000A/A
46203,2026-06-04 05:31:33,20.6125,12.00,1.411,16.788,A,#5,APPROACH,1.500A/A
46204,2026-06-04 05:31:34,20.6125,12.00,1.411,16.788,A,#5,APPROACH,2.000A/A
46205,2026-06-04 05:31:36,20.4875,12.00,1.411,16.788,A,#5,HOLDING,2.000A/A
46206,2026-06-04 05:31:38,20.3625,12.00,1.397,16.788,OFF,#5,HOLDING,0.000A/OFF
46207,2026-06-04 05:31:39,20.2625,12.00,1.397,16.632,OFF,#5,HOLDING,0.000A/OFF
46208,2026-06-04 05:31:40,20.2625,12.00,1.397,16.632,OFF,#5,HOLDING,0.000A/OFF
46209,2026-06-04 05:31:41,20.0875,12.00,1.397,16.632,OFF,#5,HOLDING,0.000A/OFF
46210,2026-06-04 05:31:42,20.0875,12.00,1.397,16.632,OFF,#5,HOLDING,0.000A/OFF
46211,2026-06-04 05:31:43,20.0125,12.00,1.397,16.632,OFF,#5,HOLDING,0.000A/OFF
46212,2026-06-04 05:31:44,20.0125,12.00,1.397,16.632,OFF,#5,HOLDING,0.000A/OFF
46213,2026-06-04 05:31:45,19.8875,12.00,0.000,16.632,OFF,#5,HOLDING,0.000A/OFF
46214,2026-06-04 05:31:46,19.8875,12.00,0.000,0.000,A,#5,HOLDING,0.101A/A
46215,2026-06-04 05:31:48,19.7375,12.00,0.000,0.000,A,#5,HOLDING,0.000A/OFF
46216,2026-06-04 05:31:49,19.6625,12.00,0.000,0.000,A,#5,HOLDING,0.106A/A
46217,2026-06-04 05:31:51,19.5875,1.77,0.000,0.000,A,#5,HOLDING,0.103A/A
46218,2026-06-04 05:31:53,19.5375,1.77,0.103,0.176,A,#5,HOLDING,0.115A/A
46219,2026-06-04 05:31:55,19.5000,1.77,0.103,0.176,A,#5,HOLDING,0.125A/A
46220,2026-06-04 05:31:57,19.4500,1.77,0.103,0.176,A,#5,HOLDING,0.125A/A
46221,2026-06-04 05:31:58,19.4375,1.76,0.103,0.176,A,#5,HOLDING,0.126A/A
46222,2026-06-04 05:32:00,19.4375,1.76,0.126,0.221,A,#5,HOLDING,0.126A/A
46223,2026-06-04 05:32:03,19.4375,1.76,0.126,0.221,A,#5,HOLDING,0.128A/A
46224,2026-06-04 05:32:04,19.4375,1.76,0.126,0.221,A,#5,HOLDING,0.127A/A
46225,2026-06-04 05:32:06,19.4375,1.66,0.126,0.221,A,#5,HOLDING,0.125A/A
46226,2026-06-04 05:32:08,19.4375,1.66,0.125,0.203,A,#5,HOLDING,0.123A/A
46227,2026-06-04 05:32:10,19.4375,1.66,0.125,0.203,A,#5,HOLDING,0.120A/A
46228,2026-06-04 05:32:12,19.4625,1.66,0.125,0.203,A,#5,HOLDING,0.121A/A
46229,2026-06-04 05:32:14,19.5000,1.51,0.125,0.203,A,#5,HOLDING,0.125A/A
46230,2026-06-04 05:32:16,19.5250,1.51,0.125,0.193,A,#5,HOLDING,0.128A/A
46231,2026-06-04 05:32:18,19.5625,1.51,0.125,0.193,A,#5,HOLDING,0.131A/A
46232,2026-06-04 05:32:20,19.5625,1.51,0.125,0.193,A,#5,HOLDING,0.130A/A
46233,2026-06-04 05:32:22,19.6000,1.54,0.125,0.193,A,#5,HOLDING,0.134A/A
46234,2026-06-04 05:32:23,19.6250,1.54,0.134,0.211,A,#5,HOLDING,0.139A/A
46235,2026-06-04 05:32:26,19.6625,1.54,0.134,0.211,A,#5,HOLDING,0.149A/A
46236,2026-06-04 05:32:27,19.7375,1.54,0.134,0.211,A,#5,HOLDING,0.161A/A
46237,2026-06-04 05:32:29,19.7500,1.76,0.134,0.211,A,#5,HOLDING,0.169A/A
46238,2026-06-04 05:32:31,19.8000,1.76,0.169,0.314,A,#5,HOLDING,0.182A/A
46239,2026-06-04 05:32:33,19.8250,1.76,0.169,0.314,A,#5,HOLDING,0.192A/A
46240,2026-06-04 05:32:35,19.8750,1.76,0.169,0.314,A,#5,HOLDING,0.208A/A
46241,2026-06-04 05:32:37,19.9125,2.15,0.222,0.314,OFF,--,DONE,0.222A/A
46242,2026-06-04 05:32:40,19.9625,2.15,0.222,0.314,OFF,--,DONE,--
46243,2026-06-04 05:32:41,19.9750,2.15,0.222,0.000,OFF,--,DONE,--
46244,2026-06-04 05:32:42,19.9750,0.20,0.222,0.000,OFF,--,DONE,--
46245,2026-06-04 05:32:43,20.0000,0.20,0.000,0.000,OFF,--,DONE,--
46246,2026-06-04 05:32:44,20.0000,0.20,0.000,0.000,OFF,--,DONE,--
46247,2026-06-04 05:32:45,20.0250,0.20,0.000,0.000,OFF,--,DONE,--
46248,2026-06-04 05:32:46,20.0250,0.00,0.000,0.000,OFF,--,DONE,--
46249,2026-06-04 05:32:47,20.0500,0.00,0.000,0.000,OFF,--,DONE,--
46250,2026-06-04 05:32:48,20.0500,0.00,0.000,0.000,OFF,--,DONE,--
46251,2026-06-04 05:32:49,20.1250,0.00,0.000,0.000,OFF,--,DONE,--
46252,2026-06-04 05:32:50,20.1250,0.00,0.000,0.000,OFF,--,DONE,--
46253,2026-06-04 05:32:51,20.1500,0.00,0.000,0.000,OFF,--,DONE,--
46254,2026-06-04 05:32:52,20.1500,0.00,0.000,0.000,OFF,--,DONE,--
46255,2026-06-04 05:32:53,20.1750,0.00,0.000,0.000,OFF,--,DONE,--
46256,2026-06-04 05:32:54,20.1750,0.00,0.000,0.000,OFF,--,DONE,--
46257,2026-06-04 05:32:55,20.2500,0.00,0.000,0.000,OFF,--,DONE,--
46258,2026-06-04 05:32:56,20.2500,0.00,0.000,0.000,OFF,--,DONE,--
46259,2026-06-04 05:32:57,20.3125,0.00,0.000,0.000,OFF,--,DONE,--
46260,2026-06-04 05:32:58,20.3375,0.00,0.000,0.000,OFF,--,DONE,--
46261,2026-06-04 05:32:59,20.3375,0.00,0.000,0.000,OFF,--,DONE,--
46262,2026-06-04 05:33:00,20.3875,0.00,0.000,0.000,OFF,--,DONE,--
46263,2026-06-04 05:33:01,20.3875,0.00,0.000,0.000,OFF,--,DONE,--
46264,2026-06-04 05:33:02,20.4375,0.00,0.000,0.000,OFF,--,DONE,--
46265,2026-06-04 05:33:03,20.4375,0.00,0.000,0.000,OFF,--,DONE,--
46266,2026-06-04 05:33:04,20.4750,0.00,0.000,0.000,OFF,--,DONE,--
46267,2026-06-04 05:33:05,20.4750,0.00,0.000,0.000,OFF,--,DONE,--
46268,2026-06-04 05:33:06,20.5500,0.00,0.000,0.000,OFF,--,DONE,--
46269,2026-06-04 05:33:07,20.5500,0.00,0.000,0.000,OFF,--,DONE,--
46270,2026-06-04 05:33:08,20.5625,0.00,0.000,0.000,OFF,--,DONE,--
46271,2026-06-04 05:33:09,20.5625,0.00,0.000,0.000,OFF,--,DONE,--
46272,2026-06-04 05:33:10,20.6125,0.00,0.000,0.000,OFF,--,DONE,--
46273,2026-06-04 05:33:11,20.6125,0.00,0.000,0.000,OFF,--,DONE,--
46274,2026-06-04 05:33:12,20.6625,0.00,0.000,0.000,OFF,--,DONE,--
46275,2026-06-04 05:33:13,20.6625,0.00,0.000,0.000,OFF,--,DONE,--
46276,2026-06-04 05:33:14,20.7125,0.00,0.000,0.000,OFF,--,DONE,--
46277,2026-06-04 05:33:15,20.7125,0.00,0.000,0.000,OFF,--,DONE,--
46278,2026-06-04 05:33:16,20.7500,0.00,0.000,0.000,OFF,--,DONE,--
46279,2026-06-04 05:33:17,20.8000,0.00,0.000,0.000,OFF,--,DONE,--
46280,2026-06-04 05:33:18,20.8000,0.00,0.000,0.000,OFF,--,DONE,--
46281,2026-06-04 05:33:19,20.8750,0.00,0.000,0.000,OFF,--,DONE,--
46282,2026-06-04 05:33:20,20.8750,0.00,0.000,0.000,OFF,--,DONE,--
46283,2026-06-04 05:33:21,20.9250,0.00,0.000,0.000,OFF,--,DONE,--
46284,2026-06-04 05:33:22,20.9250,0.00,0.000,0.000,OFF,--,DONE,--
46285,2026-06-04 05:33:23,20.9375,0.00,0.000,0.000,OFF,--,DONE,--
46286,2026-06-04 05:33:24,20.9375,0.00,0.000,0.000,OFF,--,DONE,--
46287,2026-06-04 05:33:25,20.9875,0.00,0.000,0.000,OFF,--,DONE,--
46288,2026-06-04 05:33:26,20.9875,0.00,0.000,0.000,OFF,--,DONE,--
46289,2026-06-04 05:33:27,21.0375,0.00,0.000,0.000,OFF,--,DONE,--
46290,2026-06-04 05:33:28,21.0375,0.00,0.000,0.000,OFF,--,DONE,--
46291,2026-06-04 05:33:29,21.0625,0.00,0.000,0.000,OFF,--,DONE,--
46292,2026-06-04 05:33:30,21.0625,0.00,0.000,0.000,OFF,--,DONE,--
46293,2026-06-04 05:33:31,21.1250,0.00,0.000,0.000,OFF,--,DONE,--
46294,2026-06-04 05:33:32,21.1500,0.00,0.000,0.000,OFF,--,DONE,--
46295,2026-06-04 05:33:33,21.1500,0.00,0.000,0.000,OFF,--,DONE,--
46296,2026-06-04 05:33:34,21.2000,0.00,0.000,0.000,OFF,--,DONE,--
46297,2026-06-04 05:33:35,21.2000,0.00,0.000,0.000,OFF,--,DONE,--
46298,2026-06-04 05:33:36,21.2500,0.00,0.000,0.000,OFF,--,DONE,--
46299,2026-06-04 05:33:37,21.2500,0.00,0.000,0.000,OFF,--,DONE,--
46300,2026-06-04 05:33:38,21.2875,0.00,0.000,0.000,OFF,--,DONE,--
46301,2026-06-04 05:33:39,21.2875,0.00,0.000,0.000,OFF,--,DONE,--
46302,2026-06-04 05:33:40,21.3125,0.00,0.000,0.000,OFF,--,DONE,--
46303,2026-06-04 05:33:41,21.3125,0.00,0.000,0.000,OFF,--,DONE,--
46304,2026-06-04 05:33:42,21.3750,0.00,0.000,0.000,OFF,--,DONE,--
46305,2026-06-04 05:33:43,21.3750,0.00,0.000,0.000,OFF,--,DONE,--
46306,2026-06-04 05:33:45,21.3750,0.00,0.000,0.000,OFF,--,DONE,--
46307,2026-06-04 05:33:46,21.3750,0.00,0.000,0.000,OFF,--,DONE,--
46308,2026-06-04 05:33:47,21.4375,0.00,0.000,0.000,OFF,--,DONE,--
46309,2026-06-04 05:33:48,21.4375,0.00,0.000,0.000,OFF,--,DONE,--
46310,2026-06-04 05:33:49,21.4875,0.00,0.000,0.000,OFF,#1,HOLDING,0.000A/OFF
46311,2026-06-04 05:33:50,21.4875,0.00,0.000,0.000,OFF,#1,HOLDING,0.000A/OFF
46312,2026-06-04 05:33:51,21.5000,0.00,0.000,0.000,OFF,#1,HOLDING,0.000A/OFF
46313,2026-06-04 05:33:52,21.5500,0.00,0.000,0.000,OFF,#1,HOLDING,0.000A/OFF
46314,2026-06-04 05:33:53,21.5500,0.00,0.000,0.000,OFF,#1,HOLDING,0.000A/OFF
46315,2026-06-04 05:33:54,21.5625,0.00,0.000,0.000,OFF,#1,HOLDING,0.000A/OFF
46316,2026-06-04 05:33:55,21.5625,0.00,0.000,0.000,OFF,#1,HOLDING,0.000A/OFF
46317,2026-06-04 05:33:56,21.5625,12.00,0.000,0.000,OFF,#1,HOLDING,0.000A/OFF
46318,2026-06-04 05:33:57,21.5625,12.00,0.000,0.000,OFF,#1,HOLDING,0.000A/OFF
46319,2026-06-04 05:33:58,21.6250,12.00,0.000,0.000,OFF,#1,HOLDING,0.000A/OFF
46320,2026-06-04 05:33:59,21.6250,12.00,0.000,0.000,OFF,#1,HOLDING,0.000A/OFF
46321,2026-06-04 05:34:00,21.6250,12.00,0.000,0.000,OFF,#1,HOLDING,0.000A/OFF
46322,2026-06-04 05:34:01,21.6250,12.00,0.000,0.000,OFF,#1,HOLDING,0.000A/OFF
46323,2026-06-04 05:34:02,21.6875,12.00,0.000,0.000,OFF,#1,HOLDING,0.000A/OFF
46324,2026-06-04 05:34:03,21.6875,12.00,0.000,0.000,OFF,#1,HOLDING,0.000A/OFF
46325,2026-06-04 05:34:04,21.6875,12.00,0.000,0.000,OFF,#1,HOLDING,0.000A/OFF
46326,2026-06-04 05:34:05,21.6875,12.00,0.000,0.000,OFF,#1,HOLDING,0.000A/OFF
46327,2026-06-04 05:34:06,21.7500,12.00,0.000,0.000,OFF,#1,HOLDING,0.000A/OFF
46328,2026-06-04 05:34:07,21.7500,12.00,0.000,0.000,OFF,#1,HOLDING,0.000A/OFF
46329,2026-06-04 05:34:08,21.7500,12.00,0.000,0.000,A,#1,HOLDING,0.104A/A
46330,2026-06-04 05:34:09,21.8125,12.00,0.000,0.334,A,#1,HOLDING,0.112A/A
46331,2026-06-04 05:34:12,21.8125,12.00,0.000,0.334,A,#1,HOLDING,0.130A/A
46332,2026-06-04 05:34:13,21.8750,12.00,0.000,0.334,A,#1,HOLDING,0.152A/A
46333,2026-06-04 05:34:15,21.8750,1.38,0.000,0.334,A,#1,HOLDING,0.160A/A
46334,2026-06-04 05:34:17,21.9000,1.38,0.160,0.243,A,#1,HOLDING,0.181A/A
46335,2026-06-04 05:34:19,21.8750,1.38,0.160,0.243,A,#1,HOLDING,0.194A/A
46336,2026-06-04 05:34:21,21.9125,1.38,0.160,0.243,A,#1,HOLDING,0.214A/A
46337,2026-06-04 05:34:23,21.9375,1.99,0.160,0.243,A,#1,HOLDING,0.234A/A
46338,2026-06-04 05:34:25,21.9375,1.99,0.234,0.531,A,#1,HOLDING,0.256A/A
46339,2026-06-04 05:34:27,21.9875,1.99,0.234,0.531,A,#1,HOLDING,0.283A/A
46340,2026-06-04 05:34:29,21.9750,1.99,0.234,0.531,A,#1,HOLDING,0.298A/A
46341,2026-06-04 05:34:31,22.0000,2.95,0.234,0.531,A,#1,HOLDING,0.323A/A
46342,2026-06-04 05:34:32,22.0000,2.95,0.323,1.049,A,#1,HOLDING,0.342A/A
46343,2026-06-04 05:34:35,21.9750,2.95,0.323,1.049,A,#1,HOLDING,0.369A/A
46344,2026-06-04 05:34:36,21.9750,2.95,0.323,1.049,A,#1,HOLDING,0.384A/A
46345,2026-06-04 05:34:38,21.9750,3.55,0.323,1.049,A,#1,HOLDING,0.406A/A
46346,2026-06-04 05:34:40,21.9375,3.55,0.406,1.554,A,#1,HOLDING,0.424A/A
46347,2026-06-04 05:34:43,21.9375,3.55,0.406,1.554,A,#1,HOLDING,0.449A/A
46348,2026-06-04 05:34:44,21.9375,3.55,0.406,1.554,A,#1,HOLDING,0.466A/A
46349,2026-06-04 05:34:46,21.8875,4.28,0.406,1.554,A,#1,HOLDING,0.483A/A
46350,2026-06-04 05:34:48,21.8750,4.28,0.483,2.187,A,#1,HOLDING,0.499A/A
46351,2026-06-04 05:34:50,21.8500,4.28,0.483,2.187,A,#2,APPROACH,0.519A/A
46352,2026-06-04 05:34:52,21.8125,4.28,0.483,2.187,OFF,#2,APPROACH,0.000A/OFF
46353,2026-06-04 05:34:53,21.8125,4.28,0.483,2.187,OFF,#2,APPROACH,0.000A/OFF
46354,2026-06-04 05:34:54,21.7625,12.00,0.483,2.187,B,#2,APPROACH,0.111A/B
46355,2026-06-04 05:34:56,21.7500,12.00,0.000,2.187,B,#2,APPROACH,0.169A/B
46356,2026-06-04 05:34:58,21.7000,12.00,0.000,0.199,B,#2,APPROACH,0.219A/B
46357,2026-06-04 05:34:59,21.6875,12.00,0.000,0.199,B,#2,APPROACH,0.253A/B
46358,2026-06-04 05:35:01,21.6625,12.00,0.000,0.199,B,#2,APPROACH,0.299A/B
46359,2026-06-04 05:35:03,21.6625,2.32,0.000,0.199,B,#2,APPROACH,0.344A/B
46360,2026-06-04 05:35:05,21.6500,2.32,0.344,0.959,B,#2,APPROACH,0.394A/B
46361,2026-06-04 05:35:07,21.6250,2.32,0.344,0.959,B,#2,APPROACH,0.459A/B
46362,2026-06-04 05:35:09,21.6000,2.32,0.344,0.959,B,#2,APPROACH,0.508A/B
46363,2026-06-04 05:35:10,21.6000,4.12,0.344,0.959,B,#2,APPROACH,0.559A/B
46364,2026-06-04 05:35:12,21.6000,4.12,0.559,2.593,B,#2,APPROACH,0.609A/B
46365,2026-06-04 05:35:15,21.6250,4.12,0.559,2.593,B,#2,APPROACH,0.668A/B
46366,2026-06-04 05:35:16,21.6500,4.12,0.559,2.593,B,#2,APPROACH,0.706A/B
46367,2026-06-04 05:35:18,21.6500,5.79,0.559,2.593,B,#2,APPROACH,0.757A/B
46368,2026-06-04 05:35:20,21.6875,5.79,0.728,4.784,B,#2,APPROACH,0.801A/B
46369,2026-06-04 05:35:22,21.7875,5.79,0.728,4.784,B,#2,APPROACH,0.849A/B
46370,2026-06-04 05:35:24,21.7875,5.79,0.728,4.784,B,#2,APPROACH,0.888A/B
46371,2026-06-04 05:35:26,21.8625,7.33,0.728,4.784,B,#2,APPROACH,0.922A/B
46372,2026-06-04 05:35:28,21.9500,7.33,0.903,7.117,B,#2,APPROACH,0.956A/B
46373,2026-06-04 05:35:30,22.1000,7.33,0.903,7.117,B,#2,HOLDING,0.935A/B
46374,2026-06-04 05:35:32,22.1000,7.33,0.903,7.117,OFF,#2,HOLDING,0.000A/OFF
46375,2026-06-04 05:35:33,22.1750,7.33,0.903,7.117,OFF,#2,HOLDING,0.000A/OFF
46376,2026-06-04 05:35:34,22.1750,12.00,0.903,7.117,OFF,#2,HOLDING,0.000A/OFF
46377,2026-06-04 05:35:35,22.2750,12.00,0.000,7.117,OFF,#2,HOLDING,0.000A/OFF
46378,2026-06-04 05:35:36,22.3500,12.00,0.000,0.000,OFF,#2,HOLDING,0.000A/OFF
46379,2026-06-04 05:35:37,22.3500,12.00,0.000,0.000,OFF,#2,HOLDING,0.000A/OFF
46380,2026-06-04 05:35:38,22.4750,12.00,0.000,0.000,OFF,#2,HOLDING,0.000A/OFF
46381,2026-06-04 05:35:39,22.4750,12.00,0.000,0.000,B,#2,HOLDING,0.103A/B
46382,2026-06-04 05:35:40,22.5750,12.00,0.103,0.000,B,#2,HOLDING,0.110A/B
46383,2026-06-04 05:35:42,22.6375,12.00,0.103,0.141,B,#2,HOLDING,0.140A/B
46384,2026-06-04 05:35:44,22.7375,12.00,0.103,0.141,B,#2,HOLDING,0.137A/B
46385,2026-06-04 05:35:46,22.8250,12.00,0.103,0.141,B,#2,HOLDING,0.143A/B
46386,2026-06-04 05:35:47,22.8750,1.58,0.103,0.141,B,#2,HOLDING,0.149A/B
46387,2026-06-04 05:35:49,22.9500,1.58,0.149,0.242,B,#2,HOLDING,0.154A/B
46388,2026-06-04 05:35:52,23.0250,1.58,0.149,0.242,B,#2,HOLDING,0.157A/B
46389,2026-06-04 05:35:53,23.0750,1.58,0.149,0.242,B,#2,HOLDING,0.153A/B
46390,2026-06-04 05:35:55,23.1250,1.71,0.149,0.242,B,#2,HOLDING,0.151A/B
46391,2026-06-04 05:35:57,23.1875,1.71,0.151,0.276,B,#2,HOLDING,0.143A/B
46392,2026-06-04 05:35:59,23.2375,1.71,0.151,0.276,B,#2,HOLDING,0.134A/B
46393,2026-06-04 05:36:01,23.2875,1.71,0.151,0.276,B,#2,HOLDING,0.123A/B
46394,2026-06-04 05:36:03,23.3375,1.58,0.151,0.276,B,#2,HOLDING,0.111A/B
46395,2026-06-04 05:36:05,23.3875,1.58,0.111,0.276,OFF,#2,HOLDING,0.000A/OFF
46396,2026-06-04 05:36:06,23.3875,1.58,0.111,0.166,OFF,#2,HOLDING,0.000A/OFF
46397,2026-06-04 05:36:07,23.4375,1.58,0.111,0.166,OFF,#2,HOLDING,0.000A/OFF
46398,2026-06-04 05:36:08,23.4375,1.58,0.111,0.166,OFF,#2,HOLDING,0.000A/OFF
46399,2026-06-04 05:36:09,23.4750,1.58,0.111,0.166,OFF,#2,HOLDING,0.000A/OFF
46400,2026-06-04 05:36:10,23.4750,1.58,0.111,0.166,OFF,#2,HOLDING,0.000A/OFF
46401,2026-06-04 05:36:11,23.5000,12.00,0.111,0.166,OFF,#2,HOLDING,0.000A/OFF
46402,2026-06-04 05:36:12,23.5000,12.00,0.000,0.166,OFF,#2,HOLDING,0.000A/OFF
46403,2026-06-04 05:36:13,23.5375,12.00,0.000,0.000,OFF,#2,HOLDING,0.000A/OFF
46404,2026-06-04 05:36:14,23.5375,12.00,0.000,0.000,OFF,#2,HOLDING,0.000A/OFF
46405,2026-06-04 05:36:15,23.6125,12.00,0.000,0.000,OFF,#2,HOLDING,0.000A/OFF
46406,2026-06-04 05:36:16,23.6125,12.00,0.000,0.000,OFF,#2,HOLDING,0.000A/OFF
46407,2026-06-04 05:36:17,23.6250,12.00,0.000,0.000,OFF,#2,HOLDING,0.000A/OFF
46408,2026-06-04 05:36:18,23.6250,12.00,0.000,0.000,OFF,#2,HOLDING,0.000A/OFF
46409,2026-06-04 05:36:19,23.6250,12.00,0.000,0.000,OFF,#2,HOLDING,0.000A/OFF
46410,2026-06-04 05:36:20,23.6500,12.00,0.000,0.000,OFF,#2,HOLDING,0.000A/OFF
46411,2026-06-04 05:36:21,23.6500,12.00,0.000,0.000,OFF,#2,HOLDING,0.000A/OFF
46412,2026-06-04 05:36:22,23.6750,12.00,0.000,0.000,OFF,#2,HOLDING,0.000A/OFF
46413,2026-06-04 05:36:23,23.6750,12.00,0.000,0.000,OFF,#2,HOLDING,0.000A/OFF
46414,2026-06-04 05:36:24,23.6875,12.00,0.000,0.000,A,#2,HOLDING,0.112A/A
46415,2026-06-04 05:36:25,23.6875,12.00,0.000,0.105,A,#2,HOLDING,0.129A/A
46416,2026-06-04 05:36:27,23.7125,12.00,0.000,0.105,A,#2,HOLDING,0.155A/A
46417,2026-06-04 05:36:29,23.7500,12.00,0.000,0.105,A,#2,HOLDING,0.181A/A
46418,2026-06-04 05:36:30,23.7500,1.56,0.000,0.105,A,#3,APPROACH,0.209A/A
46419,2026-06-04 05:36:32,23.7500,1.56,0.209,0.105,OFF,#3,HOLDING,0.000A/OFF
46420,2026-06-04 05:36:33,23.7500,1.56,0.209,0.105,OFF,#3,HOLDING,0.000A/OFF
46421,2026-06-04 05:36:34,23.7500,1.56,0.209,0.000,OFF,#3,HOLDING,0.000A/OFF
46422,2026-06-04 05:36:35,23.7500,1.56,0.209,0.000,OFF,#3,HOLDING,0.000A/OFF
46423,2026-06-04 05:36:36,23.7500,1.56,0.209,0.000,OFF,#3,HOLDING,0.000A/OFF
46424,2026-06-04 05:36:37,23.7500,1.56,0.209,0.000,OFF,#3,HOLDING,0.000A/OFF
46425,2026-06-04 05:36:38,23.7500,1.56,0.209,0.000,OFF,#3,HOLDING,0.000A/OFF
46426,2026-06-04 05:36:39,23.7500,12.00,0.000,0.000,B,#3,HOLDING,0.103A/B
46427,2026-06-04 05:36:41,23.7500,12.00,0.000,0.109,B,#3,HOLDING,0.128A/B
46428,2026-06-04 05:36:43,23.7500,12.00,0.000,0.109,B,#3,HOLDING,0.152A/B
46429,2026-06-04 05:36:44,23.7500,12.00,0.000,0.109,B,#3,HOLDING,0.176A/B
46430,2026-06-04 05:36:46,23.7500,1.71,0.000,0.109,B,#3,HOLDING,0.203A/B
46431,2026-06-04 05:36:48,23.7500,1.71,0.187,0.393,B,#3,HOLDING,0.231A/B
46432,2026-06-04 05:36:50,23.7500,1.71,0.187,0.393,B,#3,HOLDING,0.267A/B
46433,2026-06-04 05:36:52,23.7500,1.71,0.187,0.393,B,#3,HOLDING,0.290A/B
46434,2026-06-04 05:36:54,23.7500,2.65,0.187,0.393,B,#3,HOLDING,0.318A/B
46435,2026-06-04 05:36:56,23.7500,2.65,0.301,0.931,B,#3,HOLDING,0.346A/B
46436,2026-06-04 05:36:58,23.7500,2.65,0.301,0.931,B,#3,HOLDING,0.382A/B
46437,2026-06-04 05:37:00,23.7500,2.65,0.301,0.931,B,#3,HOLDING,0.406A/B
46438,2026-06-04 05:37:01,23.7500,3.65,0.301,0.931,B,#3,HOLDING,0.435A/B
46439,2026-06-04 05:37:03,23.8125,3.65,0.418,1.718,B,#3,HOLDING,0.453A/B
46440,2026-06-04 05:37:06,23.8125,3.65,0.418,1.718,B,#3,HOLDING,0.486A/B
46441,2026-06-04 05:37:07,23.8125,3.65,0.418,1.718,B,#3,HOLDING,0.509A/B
46442,2026-06-04 05:37:09,23.8125,4.55,0.418,1.718,B,#3,HOLDING,0.541A/B
46443,2026-06-04 05:37:11,23.8500,4.55,0.523,2.650,B,#3,HOLDING,0.562A/B
46444,2026-06-04 05:37:13,23.8750,4.55,0.523,2.650,B,#3,HOLDING,0.590A/B
46445,2026-06-04 05:37:15,23.9125,4.55,0.523,2.650,B,#3,HOLDING,0.606A/B
46446,2026-06-04 05:37:17,23.9375,5.40,0.523,2.650,B,#3,HOLDING,0.629A/B
46447,2026-06-04 05:37:19,24.0000,5.40,0.615,3.579,B,#3,HOLDING,0.645A/B
46448,2026-06-04 05:37:21,24.0250,5.40,0.615,3.579,B,#3,HOLDING,0.673A/B
46449,2026-06-04 05:37:23,24.0375,5.40,0.615,3.579,B,#3,HOLDING,0.688A/B
46450,2026-06-04 05:37:25,24.1125,6.14,0.615,3.579,B,#3,HOLDING,0.702A/B
46451,2026-06-04 05:37:26,24.1625,6.14,0.702,4.457,B,#3,HOLDING,0.706A/B
46452,2026-06-04 05:37:29,24.2375,6.14,0.702,4.457,B,#3,HOLDING,0.713A/B
46453,2026-06-04 05:37:30,24.2500,6.14,0.702,4.457,B,#3,HOLDING,0.727A/B
46454,2026-06-04 05:37:32,24.3000,6.55,0.702,4.457,B,#3,HOLDING,0.734A/B
46455,2026-06-04 05:37:34,24.3875,6.55,0.734,4.903,B,#4,APPROACH,0.734A/B
46456,2026-06-04 05:37:36,24.4625,6.55,0.734,4.903,B,#4,APPROACH,0.129A/B
46457,2026-06-04 05:37:39,24.5125,6.55,0.734,4.903,B,#4,APPROACH,0.153A/B
46458,2026-06-04 05:37:41,24.6375,6.55,0.734,4.903,B,#4,APPROACH,0.186A/B
46459,2026-06-04 05:37:43,24.7375,7.38,0.186,4.903,B,#4,APPROACH,0.236A/B
46460,2026-06-04 05:37:45,24.7875,7.38,0.186,0.698,B,#4,APPROACH,0.296A/B
46461,2026-06-04 05:37:46,24.8625,7.38,0.186,0.698,B,#4,APPROACH,0.346A/B
46462,2026-06-04 05:37:48,24.8625,7.38,0.186,0.698,B,#4,APPROACH,0.411A/B
46463,2026-06-04 05:37:50,24.9500,4.20,0.186,0.698,B,#4,APPROACH,0.462A/B
46464,2026-06-04 05:37:52,25.0250,4.20,0.462,2.148,B,#4,APPROACH,0.519A/B
46465,2026-06-04 05:37:54,25.1750,4.20,0.462,2.148,B,#4,APPROACH,0.565A/B
46466,2026-06-04 05:37:56,25.1750,4.20,0.462,2.148,B,#4,APPROACH,0.619A/B
46467,2026-06-04 05:37:57,25.2250,5.79,0.462,2.148,B,#4,APPROACH,0.671A/B
46468,2026-06-04 05:37:59,25.3000,5.79,0.671,4.240,B,#4,APPROACH,0.721A/B
46469,2026-06-04 05:38:02,25.4250,5.79,0.671,4.240,B,#4,APPROACH,0.760A/B
46470,2026-06-04 05:38:03,25.4250,5.79,0.671,4.240,B,#4,APPROACH,0.801A/B
46471,2026-06-04 05:38:05,25.5000,7.28,0.671,4.240,B,#4,APPROACH,0.838A/B
46472,2026-06-04 05:38:07,25.5750,7.28,0.838,6.410,B,#4,APPROACH,0.874A/B
46473,2026-06-04 05:38:09,25.7125,7.28,0.838,6.410,B,#4,HOLDING,0.855A/B
46474,2026-06-04 05:38:11,25.7125,7.28,0.838,6.410,OFF,#4,HOLDING,0.000A/OFF
46475,2026-06-04 05:38:12,25.7875,7.28,0.838,6.410,OFF,#4,HOLDING,0.000A/OFF
46476,2026-06-04 05:38:13,25.7875,12.00,0.838,6.410,OFF,#4,HOLDING,0.000A/OFF
46477,2026-06-04 05:38:14,25.8625,12.00,0.000,6.410,OFF,#4,HOLDING,0.000A/OFF
46478,2026-06-04 05:38:15,25.8625,12.00,0.000,0.000,OFF,#4,HOLDING,0.000A/OFF
46479,2026-06-04 05:38:16,25.9500,12.00,0.000,0.000,OFF,#4,HOLDING,0.000A/OFF
46480,2026-06-04 05:38:17,25.9500,12.00,0.000,0.000,B,#4,HOLDING,0.102A/B
46481,2026-06-04 05:38:19,26.0250,12.00,0.000,0.000,B,#4,HOLDING,0.116A/B
46482,2026-06-04 05:38:20,26.1000,4.81,0.116,0.000,B,#4,HOLDING,0.139A/B
46483,2026-06-04 05:38:22,26.1500,4.81,0.116,0.308,B,#4,HOLDING,0.151A/B
46484,2026-06-04 05:38:24,26.2250,4.81,0.116,0.308,B,#4,HOLDING,0.162A/B
46485,2026-06-04 05:38:25,26.3000,4.81,0.116,0.308,B,#4,HOLDING,0.172A/B
46486,2026-06-04 05:38:27,26.3250,2.33,0.116,0.308,B,#4,HOLDING,0.185A/B
46487,2026-06-04 05:38:29,26.4000,2.33,0.185,0.458,B,#4,HOLDING,0.193A/B
46488,2026-06-04 05:38:32,26.4375,2.33,0.185,0.458,B,#4,HOLDING,0.206A/B
46489,2026-06-04 05:38:33,26.4875,2.33,0.185,0.458,B,#4,HOLDING,0.207A/B
46490,2026-06-04 05:38:35,26.5125,2.57,0.185,0.458,B,#4,HOLDING,0.215A/B
46491,2026-06-04 05:38:37,26.5625,2.57,0.215,0.569,B,#4,HOLDING,0.214A/B
46492,2026-06-04 05:38:39,26.5750,2.57,0.215,0.569,B,#4,HOLDING,0.220A/B
46493,2026-06-04 05:38:41,26.6000,2.57,0.215,0.569,B,#4,HOLDING,0.219A/B
46494,2026-06-04 05:38:43,26.6250,2.62,0.215,0.569,B,#4,HOLDING,0.221A/B
46495,2026-06-04 05:38:45,26.6250,2.62,0.221,0.587,B,#4,HOLDING,0.221A/B
46496,2026-06-04 05:38:47,26.6625,2.62,0.221,0.587,B,#4,HOLDING,0.217A/B
46497,2026-06-04 05:38:49,26.6875,2.62,0.221,0.587,B,#4,HOLDING,0.214A/B
46498,2026-06-04 05:38:50,26.6875,2.55,0.221,0.587,B,#4,HOLDING,0.211A/B
46499,2026-06-04 05:38:52,26.6875,2.55,0.211,0.538,B,#4,HOLDING,0.210A/B
46500,2026-06-04 05:38:55,26.6875,2.55,0.211,0.538,B,#4,HOLDING,0.209A/B
46501,2026-06-04 05:38:56,26.6875,2.55,0.211,0.538,B,#4,HOLDING,0.206A/B
46502,2026-06-04 05:38:58,26.6875,2.46,0.211,0.538,B,#4,HOLDING,0.203A/B
46503,2026-06-04 05:39:00,26.7125,2.46,0.203,0.499,B,#4,HOLDING,0.196A/B
46504,2026-06-04 05:39:02,26.7500,2.46,0.203,0.499,B,#4,HOLDING,0.187A/B
46505,2026-06-04 05:39:04,26.7250,2.46,0.203,0.499,B,#4,HOLDING,0.185A/B
46506,2026-06-04 05:39:06,26.7500,2.25,0.203,0.499,B,#4,HOLDING,0.180A/B
46507,2026-06-04 05:39:08,26.7250,2.25,0.180,0.403,B,#4,HOLDING,0.180A/B
46508,2026-06-04 05:39:10,26.7500,2.25,0.180,0.403,B,#5,APPROACH,0.169A/B
46509,2026-06-04 05:39:12,26.7500,2.25,0.180,0.403,B,#5,APPROACH,0.263A/B
46510,2026-06-04 05:39:13,26.7250,2.25,0.180,0.403,B,#5,APPROACH,0.287A/B
46511,2026-06-04 05:39:15,26.7500,7.58,0.180,0.403,B,#5,APPROACH,0.331A/B
46512,2026-06-04 05:39:18,26.7250,7.58,0.685,1.218,B,#5,APPROACH,0.399A/B
46513,2026-06-04 05:39:20,26.7250,7.58,0.685,1.218,B,#5,APPROACH,0.494A/B
46514,2026-06-04 05:39:21,26.7250,7.58,0.685,1.218,B,#5,APPROACH,0.569A/B
46515,2026-06-04 05:39:23,26.7500,5.48,0.685,1.218,B,#5,APPROACH,0.666A/B
46516,2026-06-04 05:39:25,26.7500,5.48,0.643,4.215,B,#5,APPROACH,0.778A/B
46517,2026-06-04 05:39:28,26.8000,5.48,0.643,4.215,B,#5,APPROACH,0.940A/B
46518,2026-06-04 05:39:29,26.8125,5.48,0.643,4.215,B,#5,APPROACH,1.062A/B
46519,2026-06-04 05:39:31,26.8375,9.12,0.643,4.215,B,#5,APPROACH,1.214A/B
46520,2026-06-04 05:39:33,26.8750,9.12,1.148,12.577,B,#5,APPROACH,1.380A/B
46521,2026-06-04 05:39:35,26.9000,9.12,1.148,12.577,B,#5,APPROACH,1.000A/B
46522,2026-06-04 05:39:37,26.9375,9.12,1.148,12.577,B,#5,APPROACH,1.500A/B
46523,2026-06-04 05:39:39,26.9875,12.00,1.148,12.577,B,#5,APPROACH,1.603A/B
46524,2026-06-04 05:39:41,27.0125,12.00,1.430,16.908,B,#5,APPROACH,1.779A/B
46525,2026-06-04 05:39:43,27.1125,12.00,1.430,16.908,B,#5,APPROACH,1.500A/B
46526,2026-06-04 05:39:45,27.2000,12.00,1.430,16.908,B,#5,APPROACH,1.989A/B
46527,2026-06-04 05:39:46,27.2750,12.00,1.430,16.908,B,#5,APPROACH,2.152A/B
46528,2026-06-04 05:39:48,27.3625,12.00,1.393,16.464,B,#5,APPROACH,1.500A/B
46529,2026-06-04 05:39:51,27.4875,12.00,1.393,16.464,B,#5,APPROACH,2.307A/B
46530,2026-06-04 05:39:52,27.5750,12.00,1.393,16.464,B,#5,APPROACH,1.000A/B
46531,2026-06-04 05:39:54,27.7000,9.40,1.393,16.464,B,#5,APPROACH,2.428A/B
46532,2026-06-04 05:39:56,27.8250,9.40,1.181,16.188,B,#5,APPROACH,2.566A/B
46533,2026-06-04 05:39:58,27.9500,9.40,1.181,16.188,B,#5,APPROACH,1.500A/B
46534,2026-06-04 05:40:00,28.1000,9.40,1.181,16.188,B,#5,APPROACH,2.000A/B
46535,2026-06-04 05:40:02,28.2000,12.00,1.181,16.188,B,#5,APPROACH,1.500A/B
46536,2026-06-04 05:40:04,28.3625,12.00,1.344,15.936,B,#5,APPROACH,2.719A/B
46537,2026-06-04 05:40:06,28.5125,12.00,1.344,15.936,B,#5,APPROACH,1.500A/B
46538,2026-06-04 05:40:08,28.6000,12.00,1.344,15.936,B,#5,APPROACH,2.500A/B
46539,2026-06-04 05:40:10,28.7250,12.00,1.344,15.936,B,#5,APPROACH,1.000A/B
46540,2026-06-04 05:40:11,28.8625,12.00,1.174,9.670,B,#5,APPROACH,2.826A/B
46541,2026-06-04 05:40:14,29.0125,12.00,1.174,9.670,B,#5,APPROACH,2.949A/B
46542,2026-06-04 05:40:15,29.1375,12.00,1.174,9.670,B,#5,APPROACH,1.000A/B
46543,2026-06-04 05:40:17,29.2875,9.70,1.174,9.670,B,#5,APPROACH,2.000A/B
46544,2026-06-04 05:40:19,29.4250,9.70,1.158,15.672,B,#5,APPROACH,2.500A/B
46545,2026-06-04 05:40:21,29.6000,9.70,1.158,15.672,B,#5,APPROACH,1.000A/B
46546,2026-06-04 05:40:23,29.7250,9.70,1.158,15.672,B,#5,APPROACH,2.000A/B
46547,2026-06-04 05:40:25,29.8250,12.00,1.158,15.672,B,#5,APPROACH,1.000A/B
46548,2026-06-04 05:40:27,29.9500,12.00,1.158,9.790,B,#5,APPROACH,1.000A/B
46549,2026-06-04 05:40:29,30.1000,12.00,1.158,9.790,B,#5,APPROACH,1.500A/B
46550,2026-06-04 05:40:31,30.2375,12.00,1.158,9.790,B,#5,APPROACH,1.000A/B
46551,2026-06-04 05:40:33,30.3875,9.68,1.158,9.790,B,#5,APPROACH,1.500A/B
46552,2026-06-04 05:40:34,30.4875,9.68,1.305,15.516,B,#5,APPROACH,1.500A/B
46553,2026-06-04 05:40:37,30.6375,9.68,1.305,15.516,B,#5,APPROACH,1.000A/B
46554,2026-06-04 05:40:38,30.7625,9.68,1.305,15.516,B,#5,APPROACH,1.000A/B
46555,2026-06-04 05:40:40,30.8875,9.80,1.305,15.516,B,#5,HOLDING,2.000A/B
46556,2026-06-04 05:40:42,31.0375,9.80,1.298,15.516,OFF,#5,HOLDING,0.000A/OFF
46557,2026-06-04 05:40:43,31.1375,9.80,1.298,15.432,OFF,#5,HOLDING,0.000A/OFF
46558,2026-06-04 05:40:44,31.1375,9.80,1.298,15.432,OFF,#5,HOLDING,0.000A/OFF
46559,2026-06-04 05:40:45,31.2625,9.80,1.298,15.432,OFF,#5,HOLDING,0.000A/OFF
46560,2026-06-04 05:40:46,31.2625,9.80,1.298,15.432,OFF,#5,HOLDING,0.000A/OFF
46561,2026-06-04 05:40:47,31.3875,9.80,1.298,15.432,OFF,#5,HOLDING,0.000A/OFF
46562,2026-06-04 05:40:48,31.3875,12.00,1.298,15.432,OFF,#5,HOLDING,0.000A/OFF
46563,2026-06-04 05:40:49,31.5375,12.00,0.000,15.432,OFF,#5,HOLDING,0.000A/OFF
46564,2026-06-04 05:40:50,31.5375,12.00,0.000,0.000,OFF,#5,HOLDING,0.000A/OFF
46565,2026-06-04 05:40:51,31.6625,12.00,0.000,0.000,OFF,#5,HOLDING,0.000A/OFF
46566,2026-06-04 05:40:52,31.6625,12.00,0.000,0.000,OFF,#5,HOLDING,0.000A/OFF
46567,2026-06-04 05:40:53,31.7625,12.00,0.000,0.000,OFF,#5,HOLDING,0.000A/OFF
46568,2026-06-04 05:40:54,31.7625,12.00,0.000,0.000,OFF,#5,HOLDING,0.000A/OFF
46569,2026-06-04 05:40:55,31.8625,12.00,0.000,0.000,OFF,#5,HOLDING,0.000A/OFF
46570,2026-06-04 05:40:56,31.8625,12.00,0.000,0.000,OFF,#5,HOLDING,0.000A/OFF
46571,2026-06-04 05:40:57,31.9375,12.00,0.000,0.000,OFF,#5,HOLDING,0.000A/OFF
46572,2026-06-04 05:40:58,31.9875,12.00,0.000,0.000,OFF,#5,HOLDING,0.000A/OFF
46573,2026-06-04 05:40:59,31.9875,12.00,0.000,0.000,OFF,#5,HOLDING,0.000A/OFF
46574,2026-06-04 05:41:00,32.0750,12.00,0.000,0.000,OFF,#5,HOLDING,0.000A/OFF
46575,2026-06-04 05:41:01,32.0750,12.00,0.000,0.000,OFF,#5,HOLDING,0.000A/OFF
46576,2026-06-04 05:41:02,32.1000,12.00,0.000,0.000,OFF,#5,HOLDING,0.000A/OFF
46577,2026-06-04 05:41:03,32.1000,12.00,0.000,0.000,OFF,#5,HOLDING,0.000A/OFF
46578,2026-06-04 05:41:04,32.1250,12.00,0.000,0.000,OFF,#5,HOLDING,0.000A/OFF
46579,2026-06-04 05:41:05,32.1250,12.00,0.000,0.000,OFF,#5,HOLDING,0.000A/OFF
46580,2026-06-04 05:41:06,32.1500,12.00,0.000,0.000,OFF,#5,HOLDING,0.000A/OFF
46581,2026-06-04 05:41:07,32.1500,12.00,0.000,0.000,OFF,#5,HOLDING,0.000A/OFF
46582,2026-06-04 05:41:08,32.1875,12.00,0.000,0.000,OFF,#5,HOLDING,0.000A/OFF
46583,2026-06-04 05:41:09,32.1875,12.00,0.000,0.000,OFF,#5,HOLDING,0.000A/OFF
46584,2026-06-04 05:41:10,32.1625,12.00,0.000,0.000,OFF,#5,HOLDING,0.000A/OFF
46585,2026-06-04 05:41:11,32.1625,12.00,0.000,0.000,OFF,#5,HOLDING,0.000A/OFF
46586,2026-06-04 05:41:13,32.1875,12.00,0.000,0.000,OFF,#5,HOLDING,0.000A/OFF
46587,2026-06-04 05:41:14,32.1875,12.00,0.000,0.000,OFF,#5,HOLDING,0.000A/OFF
46588,2026-06-04 05:41:15,32.1375,12.00,0.000,0.000,OFF,#5,HOLDING,0.000A/OFF
46589,2026-06-04 05:41:16,32.1375,12.00,0.000,0.000,OFF,#5,HOLDING,0.000A/OFF
46590,2026-06-04 05:41:17,32.1250,12.00,0.000,0.000,OFF,#5,HOLDING,0.000A/OFF
46591,2026-06-04 05:41:18,32.0750,12.00,0.000,0.000,OFF,#5,HOLDING,0.000A/OFF
46592,2026-06-04 05:41:19,32.0750,12.00,0.000,0.000,OFF,#5,HOLDING,0.000A/OFF
46593,2026-06-04 05:41:20,32.0625,12.00,0.000,0.000,OFF,#5,HOLDING,0.000A/OFF
46594,2026-06-04 05:41:21,32.0625,12.00,0.000,0.000,OFF,#5,HOLDING,0.000A/OFF
46595,2026-06-04 05:41:22,32.0125,12.00,0.000,0.000,OFF,#5,HOLDING,0.000A/OFF
46596,2026-06-04 05:41:23,32.0125,12.00,0.000,0.000,OFF,#5,HOLDING,0.000A/OFF
46597,2026-06-04 05:41:24,31.9750,12.00,0.000,0.000,OFF,#5,HOLDING,0.000A/OFF
46598,2026-06-04 05:41:25,31.9750,12.00,0.000,0.000,OFF,#5,HOLDING,0.000A/OFF
46599,2026-06-04 05:41:26,31.9500,12.00,0.000,0.000,OFF,#5,HOLDING,0.000A/OFF
46600,2026-06-04 05:41:27,31.9500,12.00,0.000,0.000,OFF,#5,HOLDING,0.000A/OFF
46601,2026-06-04 05:41:28,31.9000,12.00,0.000,0.000,OFF,#5,HOLDING,0.000A/OFF
46602,2026-06-04 05:41:29,31.9000,12.00,0.000,0.000,OFF,#5,HOLDING,0.000A/OFF
46603,2026-06-04 05:41:30,31.8250,12.00,0.000,0.000,OFF,#5,HOLDING,0.000A/OFF
46604,2026-06-04 05:41:31,31.7500,12.00,0.000,0.000,OFF,#5,HOLDING,0.000A/OFF
46605,2026-06-04 05:41:32,31.7500,12.00,0.000,0.000,OFF,#5,HOLDING,0.000A/OFF
46606,2026-06-04 05:41:33,31.7000,12.00,0.000,0.000,OFF,#5,HOLDING,0.000A/OFF
46607,2026-06-04 05:41:34,31.7000,12.00,0.000,0.000,OFF,#5,HOLDING,0.000A/OFF
46608,2026-06-04 05:41:35,31.6500,12.00,0.000,0.000,OFF,#5,HOLDING,0.000A/OFF
46609,2026-06-04 05:41:36,31.6500,12.00,0.000,0.000,OFF,#5,HOLDING,0.000A/OFF
46610,2026-06-04 05:41:37,31.5750,12.00,0.000,0.000,OFF,#5,HOLDING,0.000A/OFF
46611,2026-06-04 05:41:38,31.5750,12.00,0.000,0.000,OFF,#5,HOLDING,0.000A/OFF
46612,2026-06-04 05:41:39,31.5250,12.00,0.000,0.000,OFF,#5,HOLDING,0.000A/OFF
46613,2026-06-04 05:41:40,31.5250,12.00,0.000,0.000,OFF,#5,HOLDING,0.000A/OFF
46614,2026-06-04 05:41:41,31.4500,12.00,0.000,0.000,OFF,--,DONE,0.000A/OFF
46615,2026-06-04 05:41:43,31.3750,12.00,0.000,0.000,OFF,--,DONE,--
46616,2026-06-04 05:41:44,31.3750,12.00,0.000,0.000,OFF,--,DONE,--
46617,2026-06-04 05:41:45,31.3250,9.62,0.000,0.000,OFF,--,DONE,--
46618,2026-06-04 05:41:46,31.3250,9.62,0.000,0.000,OFF,--,DONE,--
46619,2026-06-04 05:41:47,31.2625,9.62,0.000,0.000,OFF,--,DONE,--
46620,2026-06-04 05:41:48,31.2625,3.84,0.000,0.000,OFF,--,DONE,--
46621,2026-06-04 05:41:49,31.1625,3.84,0.000,0.000,OFF,--,DONE,--
46622,2026-06-04 05:41:50,31.1625,3.84,0.000,0.000,OFF,--,DONE,--
46623,2026-06-04 05:41:51,31.1125,3.84,0.000,0.000,OFF,--,DONE,--
46624,2026-06-04 05:41:52,31.0125,1.58,0.000,0.000,OFF,--,DONE,--
46625,2026-06-04 05:41:53,31.0125,1.58,0.000,0.000,OFF,--,DONE,--
46626,2026-06-04 05:41:54,30.9500,1.58,0.000,0.000,OFF,--,DONE,--
46627,2026-06-04 05:41:55,30.9500,0.61,0.000,0.000,OFF,--,DONE,--
46628,2026-06-04 05:41:56,30.8250,0.61,0.000,0.000,OFF,--,DONE,--
46629,2026-06-04 05:41:57,30.8250,0.61,0.000,0.000,OFF,--,DONE,--
46630,2026-06-04 05:41:58,30.7750,0.61,0.000,0.000,OFF,--,DONE,--
46631,2026-06-04 05:41:59,30.7750,0.19,0.000,0.000,OFF,--,DONE,--
46632,2026-06-04 05:42:00,30.6750,0.19,0.000,0.000,OFF,--,DONE,--
46633,2026-06-04 05:42:01,30.6750,0.19,0.000,0.000,OFF,--,DONE,--
46634,2026-06-04 05:42:02,30.5875,0.19,0.000,0.000,OFF,--,DONE,--
46635,2026-06-04 05:42:03,30.5875,0.00,0.000,0.000,OFF,--,DONE,--
46636,2026-06-04 05:42:04,30.4875,0.00,0.000,0.000,OFF,--,DONE,--
46637,2026-06-04 05:42:05,30.4875,0.00,0.000,0.000,OFF,--,DONE,--
46638,2026-06-04 05:42:06,30.3750,0.00,0.000,0.000,OFF,--,DONE,--
46639,2026-06-04 05:42:07,30.3750,0.00,0.000,0.000,OFF,--,DONE,--
46640,2026-06-04 05:42:08,30.2750,0.00,0.000,0.000,OFF,--,DONE,--
46641,2026-06-04 05:42:09,30.2750,0.00,0.000,0.000,OFF,--,DONE,--
46642,2026-06-04 05:42:10,30.1750,0.00,0.000,0.000,OFF,--,DONE,--
46643,2026-06-04 05:42:11,30.1000,0.00,0.000,0.000,OFF,--,DONE,--
46644,2026-06-04 05:42:12,30.1000,0.00,0.000,0.000,OFF,--,DONE,--
46645,2026-06-04 05:42:13,29.9875,0.00,0.000,0.000,OFF,--,DONE,--
46646,2026-06-04 05:42:14,29.9875,0.00,0.000,0.000,OFF,--,DONE,--
46647,2026-06-04 05:42:15,29.8625,0.00,0.000,0.000,OFF,--,DONE,--
46648,2026-06-04 05:42:16,29.8625,0.00,0.000,0.000,OFF,--,DONE,--
46649,2026-06-04 05:42:17,29.8000,0.00,0.000,0.000,OFF,--,DONE,--
46650,2026-06-04 05:42:18,29.8000,0.00,0.000,0.000,OFF,--,DONE,--
46651,2026-06-04 05:42:19,29.7000,0.00,0.000,0.000,OFF,--,DONE,--
46652,2026-06-04 05:42:21,29.7000,0.00,0.000,0.000,OFF,--,DONE,--
46653,2026-06-04 05:42:22,29.5875,0.00,0.000,0.000,OFF,--,DONE,--
46654,2026-06-04 05:42:23,29.5875,0.00,0.000,0.000,OFF,--,DONE,--
46655,2026-06-04 05:42:24,29.4875,0.00,0.000,0.000,OFF,--,DONE,--
46656,2026-06-04 05:42:25,29.4875,0.00,0.000,0.000,OFF,--,DONE,--
46657,2026-06-04 05:42:26,29.3625,0.00,0.000,0.000,OFF,--,DONE,--
46658,2026-06-04 05:42:27,29.2625,0.00,0.000,0.000,OFF,--,DONE,--
46659,2026-06-04 05:42:28,29.2625,0.00,0.000,0.000,OFF,--,DONE,--
46660,2026-06-04 05:42:29,29.1750,0.00,0.000,0.000,OFF,--,DONE,--
46661,2026-06-04 05:42:30,29.1750,0.00,0.000,0.000,OFF,--,DONE,--
46662,2026-06-04 05:42:31,29.0750,0.00,0.000,0.000,OFF,--,DONE,--
46663,2026-06-04 05:42:32,29.0750,0.00,0.000,0.000,OFF,--,DONE,--
46664,2026-06-04 05:42:33,28.9875,0.00,0.000,0.000,OFF,--,DONE,--
46665,2026-06-04 05:42:34,28.9875,0.00,0.000,0.000,OFF,--,DONE,--
46666,2026-06-04 05:42:35,28.8875,0.00,0.000,0.000,OFF,--,DONE,--
46667,2026-06-04 05:42:36,28.8875,0.00,0.000,0.000,OFF,--,DONE,--
46668,2026-06-04 05:42:37,28.8000,0.00,0.000,0.000,OFF,--,DONE,--
46669,2026-06-04 05:42:38,28.8000,0.00,0.000,0.000,OFF,--,DONE,--
46670,2026-06-04 05:42:39,28.7250,0.00,0.000,0.000,OFF,--,DONE,--
46671,2026-06-04 05:42:40,28.7250,0.00,0.000,0.000,OFF,--,DONE,--
46672,2026-06-04 05:42:41,28.6375,0.00,0.000,0.000,OFF,--,DONE,--
46673,2026-06-04 05:42:42,28.5375,0.00,0.000,0.000,OFF,--,DONE,--
46674,2026-06-04 05:42:43,28.5375,0.00,0.000,0.000,OFF,--,DONE,--
46675,2026-06-04 05:42:44,28.4250,0.00,0.000,0.000,OFF,--,DONE,--
46676,2026-06-04 05:42:45,28.4250,0.00,0.000,0.000,OFF,--,DONE,--
46677,2026-06-04 05:42:46,28.3250,0.00,0.000,0.000,OFF,--,DONE,--
46678,2026-06-04 05:42:47,28.3250,0.00,0.000,0.000,OFF,--,DONE,--
46679,2026-06-04 05:42:48,28.2375,0.00,0.000,0.000,OFF,--,DONE,--
46680,2026-06-04 05:42:49,28.2375,0.00,0.000,0.000,OFF,--,DONE,--
46681,2026-06-04 05:42:50,28.1375,0.00,0.000,0.000,OFF,--,DONE,--
46682,2026-06-04 05:42:51,28.1375,0.00,0.000,0.000,OFF,--,DONE,--
46683,2026-06-04 05:42:52,28.0500,0.00,0.000,0.000,OFF,--,DONE,--
46684,2026-06-04 05:42:53,28.0500,0.00,0.000,0.000,OFF,--,DONE,--
46685,2026-06-04 05:42:54,27.9500,0.00,0.000,0.000,OFF,--,DONE,--
46686,2026-06-04 05:42:55,27.9500,0.00,0.000,0.000,OFF,--,DONE,--
46687,2026-06-04 05:42:56,27.8625,0.00,0.000,0.000,OFF,--,DONE,--
46688,2026-06-04 05:42:57,27.7875,0.00,0.000,0.000,OFF,--,DONE,--
46689,2026-06-04 05:42:58,27.7875,0.00,0.000,0.000,OFF,--,DONE,--
46690,2026-06-04 05:42:59,27.7375,0.00,0.000,0.000,OFF,--,DONE,--
46691,2026-06-04 05:43:00,27.7375,0.00,0.000,0.000,OFF,--,DONE,--
46692,2026-06-04 05:43:02,27.6375,0.00,0.000,0.000,OFF,--,DONE,--
46693,2026-06-04 05:43:03,27.6375,0.00,0.000,0.000,OFF,--,DONE,--
46694,2026-06-04 05:43:04,27.5500,0.00,0.000,0.000,OFF,--,DONE,--
46695,2026-06-04 05:43:05,27.5500,0.00,0.000,0.000,OFF,--,DONE,--
46696,2026-06-04 05:43:06,27.4750,0.00,0.000,0.000,OFF,--,DONE,--
46697,2026-06-04 05:43:07,27.4750,0.00,0.000,0.000,OFF,--,DONE,--
46698,2026-06-04 05:43:08,27.4125,0.00,0.000,0.000,OFF,--,DONE,--
46699,2026-06-04 05:43:09,27.4125,0.00,0.000,0.000,OFF,--,DONE,--
46700,2026-06-04 05:43:10,27.3375,0.00,0.000,0.000,OFF,--,DONE,--
46701,2026-06-04 05:43:11,27.3375,0.00,0.000,0.000,OFF,--,DONE,--
46702,2026-06-04 05:43:12,27.2750,0.00,0.000,0.000,OFF,--,DONE,--
46703,2026-06-04 05:43:13,27.2000,0.00,0.000,0.000,OFF,--,DONE,--
46704,2026-06-04 05:43:14,27.2000,0.00,0.000,0.000,OFF,--,DONE,--
46705,2026-06-04 05:43:15,27.1125,0.00,0.000,0.000,OFF,--,DONE,--
46706,2026-06-04 05:43:16,27.1125,0.00,0.000,0.000,OFF,--,DONE,--
46707,2026-06-04 05:43:17,27.0125,0.00,0.000,0.000,OFF,--,DONE,--
46708,2026-06-04 05:43:18,27.0125,0.00,0.000,0.000,OFF,--,DONE,--
46709,2026-06-04 05:43:19,26.9625,0.00,0.000,0.000,OFF,--,DONE,--
46710,2026-06-04 05:43:20,26.9625,0.00,0.000,0.000,OFF,--,DONE,--
46711,2026-06-04 05:43:21,26.8875,0.00,0.000,0.000,OFF,--,DONE,--
46712,2026-06-04 05:43:22,26.8875,0.00,0.000,0.000,OFF,--,DONE,--
46713,2026-06-04 05:43:23,26.8250,0.00,0.000,0.000,OFF,--,DONE,--
46714,2026-06-04 05:43:24,26.8250,0.00,0.000,0.000,OFF,--,DONE,--
46715,2026-06-04 05:43:25,26.7250,0.00,0.000,0.000,OFF,--,DONE,--
46716,2026-06-04 05:43:26,26.7250,0.00,0.000,0.000,OFF,--,DONE,--
46717,2026-06-04 05:43:27,26.6500,0.00,0.000,0.000,OFF,--,DONE,--
46718,2026-06-04 05:43:28,26.6000,0.00,0.000,0.000,OFF,--,DONE,--
46719,2026-06-04 05:43:29,26.6000,0.00,0.000,0.000,OFF,--,DONE,--
46720,2026-06-04 05:43:30,26.5250,0.00,0.000,0.000,OFF,--,DONE,--
46721,2026-06-04 05:43:31,26.5250,0.00,0.000,0.000,OFF,--,DONE,--
46722,2026-06-04 05:43:32,26.4750,0.00,0.000,0.000,OFF,--,DONE,--
46723,2026-06-04 05:43:33,26.4750,0.00,0.000,0.000,OFF,--,DONE,--
46724,2026-06-04 05:43:34,26.4000,0.00,0.000,0.000,OFF,--,DONE,--
46725,2026-06-04 05:43:35,26.4000,0.00,0.000,0.000,OFF,--,DONE,--
46726,2026-06-04 05:43:36,26.3250,0.00,0.000,0.000,OFF,--,DONE,--
46727,2026-06-04 05:43:37,26.3250,0.00,0.000,0.000,OFF,--,DONE,--
46728,2026-06-04 05:43:38,26.2500,0.00,0.000,0.000,OFF,--,DONE,--
46729,2026-06-04 05:43:39,26.2000,0.00,0.000,0.000,OFF,--,DONE,--
46730,2026-06-04 05:43:41,26.2000,0.00,0.000,0.000,OFF,--,DONE,--
46731,2026-06-04 05:43:42,26.1500,0.00,0.000,0.000,OFF,--,DONE,--
46732,2026-06-04 05:43:43,26.1500,0.00,0.000,0.000,OFF,--,DONE,--
46733,2026-06-04 05:43:44,26.0750,0.00,0.000,0.000,OFF,--,DONE,--
46734,2026-06-04 05:43:45,26.0750,0.00,0.000,0.000,OFF,--,DONE,--
46735,2026-06-04 05:43:46,26.0500,0.00,0.000,0.000,A,#1,APPROACH,3.000A/A
46736,2026-06-04 05:43:48,25.9750,0.00,0.000,0.000,A,#1,APPROACH,2.500A/A
46737,2026-06-04 05:43:50,25.9250,0.00,0.000,0.000,A,#1,APPROACH,1.500A/A
46738,2026-06-04 05:43:52,25.8750,0.00,0.000,0.000,A,#1,APPROACH,1.500A/A
46739,2026-06-04 05:43:54,25.8125,11.71,0.000,0.000,A,#1,APPROACH,1.500A/A
46740,2026-06-04 05:43:55,25.7625,11.71,1.500,17.850,A,#1,APPROACH,3.000A/A
46741,2026-06-04 05:43:58,25.6750,11.71,1.500,17.850,A,#1,APPROACH,2.000A/A
46742,2026-06-04 05:43:59,25.5500,11.71,1.500,17.850,A,#1,APPROACH,2.500A/A
46743,2026-06-04 05:44:01,25.4500,12.00,1.500,17.850,A,#1,APPROACH,1.000A/A
46744,2026-06-04 05:44:03,25.3000,12.00,1.066,8.640,A,#1,APPROACH,1.359A/A
46745,2026-06-04 05:44:06,25.1375,12.00,1.066,8.640,A,#1,APPROACH,1.478A/A
46746,2026-06-04 05:44:07,24.9875,12.00,1.066,8.640,A,#1,APPROACH,1.537A/A
46747,2026-06-04 05:44:09,24.8250,12.00,1.066,8.640,A,#1,APPROACH,1.889A/A
46748,2026-06-04 05:44:11,24.6500,12.00,1.465,17.424,A,#1,APPROACH,1.851A/A
46749,2026-06-04 05:44:13,24.4875,12.00,1.465,17.424,A,#1,APPROACH,1.500A/A
46750,2026-06-04 05:44:15,24.3125,12.00,1.465,17.424,A,#1,APPROACH,2.000A/A
46751,2026-06-04 05:44:17,24.1375,12.00,1.465,17.424,A,#1,APPROACH,2.062A/A
46752,2026-06-04 05:44:19,23.9375,12.00,1.441,17.160,A,#1,APPROACH,2.268A/A
46753,2026-06-04 05:44:21,23.7625,12.00,1.441,17.160,A,#1,APPROACH,1.000A/A
46754,2026-06-04 05:44:22,23.5875,12.00,1.441,17.160,A,#1,APPROACH,2.619A/A
46755,2026-06-04 05:44:24,23.4125,12.00,1.441,17.160,A,#1,APPROACH,2.749A/A
46756,2026-06-04 05:44:26,23.1875,12.00,1.426,16.968,A,#1,APPROACH,2.925A/A
46757,2026-06-04 05:44:29,23.0250,12.00,1.426,16.968,A,#1,APPROACH,2.500A/A
46758,2026-06-04 05:44:30,22.8750,12.00,1.426,16.968,A,#1,APPROACH,3.000A/A
46759,2026-06-04 05:44:32,22.6875,12.00,1.426,16.968,A,#1,APPROACH,3.000A/A
46760,2026-06-04 05:44:34,22.4625,12.00,1.421,16.920,A,#1,APPROACH,1.000A/A
46761,2026-06-04 05:44:36,22.2875,12.00,1.421,16.920,A,#1,APPROACH,1.500A/A
46762,2026-06-04 05:44:38,22.1125,12.00,1.421,16.920,A,#1,APPROACH,1.500A/A
46763,2026-06-04 05:44:40,21.9375,12.00,1.421,16.920,A,#1,APPROACH,1.000A/A
46764,2026-06-04 05:44:42,21.7625,12.00,1.206,9.190,A,#1,APPROACH,1.500A/A
46765,2026-06-04 05:44:44,21.5875,12.00,1.206,9.190,A,#1,APPROACH,1.500A/A
46766,2026-06-04 05:44:45,21.4375,12.00,1.206,9.190,A,#1,APPROACH,1.000A/A
46767,2026-06-04 05:44:47,21.2625,9.16,1.206,9.190,A,#1,APPROACH,1.500A/A
46768,2026-06-04 05:44:49,21.0875,9.16,1.218,16.812,A,#1,APPROACH,1.500A/A
46769,2026-06-04 05:44:52,20.9500,9.16,1.218,16.812,A,#1,APPROACH,1.500A/A
46770,2026-06-04 05:44:53,20.7750,9.16,1.218,16.812,A,#1,APPROACH,2.941A/A
46771,2026-06-04 05:44:55,20.6375,12.00,1.218,16.812,A,#1,APPROACH,1.500A/A
46772,2026-06-04 05:44:57,20.4875,12.00,1.406,16.752,A,#1,APPROACH,2.000A/A
46773,2026-06-04 05:44:59,20.3625,12.00,1.406,16.752,A,#1,APPROACH,2.000A/A
46774,2026-06-04 05:45:01,20.2125,12.00,1.406,16.752,A,#1,APPROACH,1.000A/A
46775,2026-06-04 05:45:03,20.0750,9.18,1.406,16.752,A,#1,APPROACH,2.944A/A
46776,2026-06-04 05:45:04,19.9250,9.18,1.400,16.692,A,#1,APPROACH,1.500A/A
46777,2026-06-04 05:45:07,19.8250,9.18,1.400,16.692,A,#1,APPROACH,2.500A/A
46778,2026-06-04 05:45:08,19.6750,9.18,1.400,16.692,A,#1,APPROACH,2.000A/A
46779,2026-06-04 05:45:10,19.5375,12.00,1.400,16.692,A,#1,APPROACH,2.000A/A
46780,2026-06-04 05:45:12,19.4125,12.00,1.394,16.620,A,#1,APPROACH,2.500A/A
46781,2026-06-04 05:45:15,19.3000,12.00,1.394,16.620,A,#1,APPROACH,2.969A/A
46782,2026-06-04 05:45:16,19.2000,12.00,1.394,16.620,A,#1,APPROACH,1.500A/A
46783,2026-06-04 05:45:18,19.0750,12.00,1.394,16.620,A,#1,APPROACH,2.500A/A
46784,2026-06-04 05:45:20,18.9250,12.00,1.390,16.560,A,#1,APPROACH,2.000A/A
46785,2026-06-04 05:45:22,18.8375,12.00,1.390,16.560,A,#1,APPROACH,1.500A/A
46786,2026-06-04 05:45:24,18.7375,12.00,1.390,16.560,A,#1,HOLDING,1.000A/A
46787,2026-06-04 05:45:26,18.6125,12.00,1.390,16.560,OFF,#1,HOLDING,0.000A/OFF
46788,2026-06-04 05:45:27,18.6125,9.28,1.390,16.560,OFF,#1,HOLDING,0.000A/OFF
46789,2026-06-04 05:45:28,18.5125,9.28,0.501,16.560,OFF,#1,HOLDING,0.000A/OFF
46790,2026-06-04 05:45:29,18.5125,9.28,0.501,0.000,OFF,#1,HOLDING,0.000A/OFF
46791,2026-06-04 05:45:30,18.4250,9.28,0.501,0.000,OFF,#1,HOLDING,0.000A/OFF
46792,2026-06-04 05:45:31,18.4250,9.28,0.501,0.000,OFF,#1,HOLDING,0.000A/OFF
46793,2026-06-04 05:45:32,18.3250,9.28,0.501,0.000,OFF,#1,HOLDING,0.000A/OFF
46794,2026-06-04 05:45:33,18.3250,12.00,0.501,0.000,A,#1,HOLDING,0.105A/A
46795,2026-06-04 05:45:34,18.2375,12.00,0.000,0.200,A,#1,HOLDING,0.108A/A
46796,2026-06-04 05:45:37,18.1875,12.00,0.000,0.200,A,#1,HOLDING,0.140A/A
46797,2026-06-04 05:45:38,18.1250,12.00,0.000,0.200,A,#1,HOLDING,0.144A/A
46798,2026-06-04 05:45:40,18.1250,2.09,0.000,0.200,A,#1,HOLDING,0.166A/A
46799,2026-06-04 05:45:42,18.1125,2.09,0.154,0.375,A,#1,HOLDING,0.180A/A
46800,2026-06-04 05:45:44,18.0625,2.09,0.154,0.375,A,#1,HOLDING,0.195A/A
46801,2026-06-04 05:45:46,18.0875,2.09,0.154,0.375,A,#1,HOLDING,0.207A/A
46802,2026-06-04 05:45:48,18.1125,2.49,0.154,0.375,A,#1,HOLDING,0.222A/A
46803,2026-06-04 05:45:50,18.1250,2.49,0.222,0.583,A,#1,HOLDING,0.239A/A
46804,2026-06-04 05:45:52,18.1250,2.49,0.222,0.583,A,#1,HOLDING,0.252A/A
46805,2026-06-04 05:45:54,18.1625,2.49,0.222,0.583,A,#1,HOLDING,0.265A/A
46806,2026-06-04 05:45:55,18.1875,2.88,0.222,0.583,A,#1,HOLDING,0.281A/A
46807,2026-06-04 05:45:57,18.2250,2.88,0.281,0.854,A,#1,HOLDING,0.300A/A
46808,2026-06-04 05:46:00,18.2750,2.88,0.281,0.854,A,#1,HOLDING,0.322A/A
46809,2026-06-04 05:46:01,18.3125,2.88,0.281,0.854,A,#1,HOLDING,0.340A/A
46810,2026-06-04 05:46:03,18.3125,3.45,0.281,0.854,A,#1,HOLDING,0.356A/A
46811,2026-06-04 05:46:05,18.3500,3.45,0.356,1.292,A,#1,HOLDING,0.376A/A
46812,2026-06-04 05:46:07,18.3750,3.45,0.356,1.292,A,#1,HOLDING,0.401A/A
46813,2026-06-04 05:46:09,18.4375,3.45,0.356,1.292,A,#1,HOLDING,0.428A/A
46814,2026-06-04 05:46:11,18.4625,4.17,0.356,1.292,A,#1,HOLDING,0.452A/A
46815,2026-06-04 05:46:13,18.5000,4.17,0.439,2.015,A,#1,HOLDING,0.480A/A
46816,2026-06-04 05:46:15,18.5500,4.17,0.439,2.015,A,#1,HOLDING,0.512A/A
46817,2026-06-04 05:46:17,18.5750,4.17,0.439,2.015,A,#1,HOLDING,0.537A/A
46818,2026-06-04 05:46:19,18.6250,5.07,0.439,2.015,A,#1,HOLDING,0.569A/A
46819,2026-06-04 05:46:20,18.6375,5.07,0.554,3.101,A,#1,HOLDING,0.598A/A
46820,2026-06-04 05:46:23,18.6875,5.07,0.554,3.101,A,#1,HOLDING,0.641A/A
46821,2026-06-04 05:46:24,18.6875,5.07,0.554,3.101,A,#2,APPROACH,0.664A/A
46822,2026-06-04 05:46:26,18.7375,3.81,0.554,3.101,B,#2,APPROACH,0.600A/B
46823,2026-06-04 05:46:28,18.7500,3.81,0.000,3.101,B,#2,APPROACH,0.630A/B
46824,2026-06-04 05:46:30,18.7500,3.81,0.000,0.000,B,#2,APPROACH,0.681A/B
46825,2026-06-04 05:46:33,18.7875,3.81,0.000,0.000,B,#2,APPROACH,0.744A/B
46826,2026-06-04 05:46:34,18.8125,3.81,0.000,0.000,B,#2,APPROACH,0.802A/B
46827,2026-06-04 05:46:36,18.8250,6.27,0.000,0.000,B,#2,APPROACH,0.882A/B
46828,2026-06-04 05:46:38,18.8750,6.27,0.840,6.191,B,#2,APPROACH,0.974A/B
46829,2026-06-04 05:46:40,18.9125,6.27,0.840,6.191,B,#2,APPROACH,1.113A/B
46830,2026-06-04 05:46:42,18.9875,6.27,0.840,6.191,B,#2,APPROACH,1.210A/B
46831,2026-06-04 05:46:44,19.0375,9.36,0.840,6.191,B,#2,APPROACH,1.338A/B
46832,2026-06-04 05:46:46,19.1375,9.36,1.281,14.062,B,#2,APPROACH,1.470A/B
46833,2026-06-04 05:46:48,19.2250,9.36,1.281,14.062,B,#2,APPROACH,1.664A/B
46834,2026-06-04 05:46:50,19.3250,9.36,1.281,14.062,B,#2,APPROACH,1.797A/B
46835,2026-06-04 05:46:51,19.4875,12.00,1.281,14.062,B,#2,APPROACH,1.959A/B
46836,2026-06-04 05:46:53,19.6375,12.00,1.521,18.012,B,#2,APPROACH,1.000A/B
46837,2026-06-04 05:46:56,19.8125,12.00,1.521,18.012,B,#2,APPROACH,1.000A/B
46838,2026-06-04 05:46:57,20.0125,12.00,1.521,18.012,B,#2,APPROACH,2.107A/B
46839,2026-06-04 05:46:59,20.2125,12.00,1.521,18.012,B,#2,APPROACH,1.500A/B
46840,2026-06-04 05:47:01,20.3875,12.00,1.472,17.424,B,#2,APPROACH,1.500A/B
46841,2026-06-04 05:47:03,20.6125,12.00,1.472,17.424,B,#2,APPROACH,1.000A/B
46842,2026-06-04 05:47:05,20.7875,12.00,1.472,17.424,B,#2,APPROACH,2.270A/B
46843,2026-06-04 05:47:07,21.0000,12.00,1.472,17.424,B,#2,APPROACH,1.000A/B
46844,2026-06-04 05:47:09,21.2500,12.00,1.169,9.090,B,#2,APPROACH,1.000A/B
46845,2026-06-04 05:47:11,21.4875,12.00,1.169,9.090,B,#2,APPROACH,2.000A/B
46846,2026-06-04 05:47:13,21.6875,12.00,1.169,9.090,B,#2,APPROACH,2.000A/B
46847,2026-06-04 05:47:14,21.9000,12.00,1.169,9.090,B,#2,APPROACH,2.444A/B
46848,2026-06-04 05:47:16,22.1250,12.00,1.400,16.608,B,#2,APPROACH,2.500A/B
46849,2026-06-04 05:47:19,22.3750,12.00,1.400,16.608,B,#2,APPROACH,1.000A/B
46850,2026-06-04 05:47:20,22.5750,12.00,1.400,16.608,B,#2,APPROACH,2.667A/B
46851,2026-06-04 05:47:22,22.8000,12.00,1.400,16.608,B,#2,APPROACH,1.500A/B
46852,2026-06-04 05:47:24,23.0500,12.00,1.370,16.260,B,#2,APPROACH,2.922A/B
46853,2026-06-04 05:47:26,23.3000,12.00,1.370,16.260,B,#2,APPROACH,2.500A/B
46854,2026-06-04 05:47:28,23.5250,12.00,1.370,16.260,B,#2,APPROACH,2.000A/B
46855,2026-06-04 05:47:30,23.7750,12.00,1.370,16.260,B,#2,APPROACH,1.000A/B
46856,2026-06-04 05:47:32,24.0250,12.00,1.044,9.520,B,#2,APPROACH,1.500A/B
46857,2026-06-04 05:47:34,24.2500,12.00,1.044,9.520,B,#2,APPROACH,1.000A/B
46858,2026-06-04 05:47:36,24.5000,12.00,1.044,9.520,B,#2,APPROACH,3.000A/B
46859,2026-06-04 05:47:38,24.6875,12.00,1.044,9.520,B,#2,APPROACH,2.000A/B
46860,2026-06-04 05:47:39,24.9625,12.00,1.336,15.864,B,#2,APPROACH,1.000A/B
46861,2026-06-04 05:47:42,25.1750,12.00,1.336,15.864,B,#2,APPROACH,2.500A/B
46862,2026-06-04 05:47:43,25.3750,12.00,1.336,15.864,B,#2,APPROACH,1.500A/B
46863,2026-06-04 05:47:45,25.6125,12.00,1.336,15.864,B,#2,APPROACH,2.500A/B
46864,2026-06-04 05:47:47,25.8625,12.00,1.323,15.720,B,#2,APPROACH,3.000A/B
46865,2026-06-04 05:47:49,26.0625,12.00,1.323,15.720,B,#2,APPROACH,3.000A/B
46866,2026-06-04 05:47:51,26.2875,12.00,1.323,15.720,B,#2,APPROACH,3.000A/B
46867,2026-06-04 05:47:53,26.5000,12.00,1.323,15.720,B,#2,APPROACH,1.000A/B
46868,2026-06-04 05:47:55,26.7250,12.00,1.131,9.770,B,#2,APPROACH,1.000A/B
46869,2026-06-04 05:47:57,26.9250,12.00,1.131,9.770,B,#2,APPROACH,2.500A/B
46870,2026-06-04 05:47:59,27.1250,12.00,1.131,9.770,B,#2,APPROACH,3.000A/B
46871,2026-06-04 05:48:01,27.3625,12.00,1.131,9.770,B,#2,APPROACH,3.000A/B
46872,2026-06-04 05:48:02,27.5625,12.00,1.306,15.528,B,#2,APPROACH,2.000A/B
46873,2026-06-04 05:48:05,27.7375,12.00,1.306,15.528,B,#2,APPROACH,2.500A/B
46874,2026-06-04 05:48:06,27.9375,12.00,1.306,15.528,B,#2,APPROACH,2.500A/B
46875,2026-06-04 05:48:08,28.1125,12.00,1.306,15.528,B,#2,APPROACH,2.000A/B
46876,2026-06-04 05:48:10,28.3125,12.00,1.294,15.396,B,#2,APPROACH,1.000A/B
46877,2026-06-04 05:48:12,28.5125,12.00,1.294,15.396,B,#2,APPROACH,1.500A/B
46878,2026-06-04 05:48:14,28.6875,12.00,1.294,15.396,B,#2,APPROACH,1.500A/B
46879,2026-06-04 05:48:16,28.8625,12.00,1.294,15.396,B,#2,APPROACH,2.500A/B
46880,2026-06-04 05:48:18,29.0875,12.00,1.288,15.300,B,#2,APPROACH,2.500A/B
46881,2026-06-04 05:48:20,29.2375,12.00,1.288,15.300,B,#2,APPROACH,2.923A/B
46882,2026-06-04 05:48:22,29.4375,12.00,1.288,15.300,B,#2,APPROACH,1.000A/B
46883,2026-06-04 05:48:24,29.6250,9.93,1.288,15.300,B,#2,HOLDING,2.500A/B
46884,2026-06-04 05:48:26,29.8250,9.93,1.185,15.300,OFF,#2,HOLDING,0.000A/OFF
46885,2026-06-04 05:48:27,30.0250,9.93,1.185,15.192,OFF,#2,HOLDING,0.000A/OFF
46886,2026-06-04 05:48:28,30.0250,9.93,1.185,15.192,OFF,#2,HOLDING,0.000A/OFF
46887,2026-06-04 05:48:29,30.2250,9.93,1.185,15.192,OFF,#2,HOLDING,0.000A/OFF
46888,2026-06-04 05:48:30,30.2250,9.93,1.185,15.192,OFF,#2,HOLDING,0.000A/OFF
46889,2026-06-04 05:48:31,30.3875,9.93,1.185,15.192,OFF,#2,HOLDING,0.000A/OFF
46890,2026-06-04 05:48:32,30.3875,12.00,1.185,15.192,OFF,#2,HOLDING,0.000A/OFF
46891,2026-06-04 05:48:33,30.5625,12.00,0.000,15.192,OFF,#2,HOLDING,0.000A/OFF
46892,2026-06-04 05:48:34,30.5625,12.00,0.000,0.000,OFF,#2,HOLDING,0.000A/OFF
46893,2026-06-04 05:48:35,30.7375,12.00,0.000,0.000,OFF,#2,HOLDING,0.000A/OFF
46894,2026-06-04 05:48:36,30.7375,12.00,0.000,0.000,OFF,#2,HOLDING,0.000A/OFF
46895,2026-06-04 05:48:37,30.8875,12.00,0.000,0.000,OFF,#2,HOLDING,0.000A/OFF
46896,2026-06-04 05:48:38,30.8875,12.00,0.000,0.000,OFF,#2,HOLDING,0.000A/OFF
46897,2026-06-04 05:48:39,31.0125,12.00,0.000,0.000,OFF,#2,HOLDING,0.000A/OFF
46898,2026-06-04 05:48:40,31.0125,12.00,0.000,0.000,OFF,#2,HOLDING,0.000A/OFF
46899,2026-06-04 05:48:41,31.1375,12.00,0.000,0.000,OFF,#2,HOLDING,0.000A/OFF
46900,2026-06-04 05:48:42,31.1375,12.00,0.000,0.000,OFF,#2,HOLDING,0.000A/OFF
46901,2026-06-04 05:48:43,31.2625,12.00,0.000,0.000,OFF,#2,HOLDING,0.000A/OFF
46902,2026-06-04 05:48:44,31.3375,12.00,0.000,0.000,OFF,#2,HOLDING,0.000A/OFF
46903,2026-06-04 05:48:45,31.3375,12.00,0.000,0.000,OFF,#2,HOLDING,0.000A/OFF
46904,2026-06-04 05:48:46,31.4375,12.00,0.000,0.000,A,#2,HOLDING,0.114A/A
46905,2026-06-04 05:48:48,31.4875,12.00,0.000,0.000,A,#2,HOLDING,0.143A/A
46906,2026-06-04 05:48:49,31.4875,12.00,0.000,0.000,A,#2,HOLDING,0.175A/A
46907,2026-06-04 05:48:51,31.5625,0.85,0.000,0.000,A,#2,HOLDING,0.257A/A
46908,2026-06-04 05:48:53,31.5875,0.85,0.257,0.460,A,#2,HOLDING,0.296A/A
46909,2026-06-04 05:48:55,31.6250,0.85,0.257,0.460,A,#2,HOLDING,0.355A/A
46910,2026-06-04 05:48:57,31.6250,0.85,0.257,0.460,A,#2,HOLDING,0.384A/A
46911,2026-06-04 05:48:59,31.6625,2.90,0.257,0.460,A,#2,HOLDING,0.429A/A
46912,2026-06-04 05:49:01,31.6875,2.90,0.429,1.471,A,#2,HOLDING,0.474A/A
46913,2026-06-04 05:49:03,31.6250,2.90,0.429,1.471,A,#2,HOLDING,0.519A/A
46914,2026-06-04 05:49:05,31.6250,2.90,0.429,1.471,A,#2,HOLDING,0.552A/A
46915,2026-06-04 05:49:06,31.6250,4.42,0.429,1.471,A,#2,HOLDING,0.591A/A
46916,2026-06-04 05:49:08,31.5750,4.42,0.591,2.878,A,#2,HOLDING,0.628A/A
46917,2026-06-04 05:49:11,31.4750,4.42,0.591,2.878,A,#2,HOLDING,0.613A/A
46918,2026-06-04 05:49:12,31.4750,4.42,0.591,2.878,A,#2,HOLDING,0.644A/A
46919,2026-06-04 05:49:14,31.4250,5.38,0.591,2.878,A,#2,HOLDING,0.678A/A
46920,2026-06-04 05:49:16,31.3500,5.38,0.659,3.918,A,#2,HOLDING,0.709A/A
46921,2026-06-04 05:49:18,31.1625,5.38,0.659,3.918,A,#2,HOLDING,0.727A/A
46922,2026-06-04 05:49:20,31.1625,5.38,0.659,3.918,A,#2,HOLDING,0.753A/A
46923,2026-06-04 05:49:22,31.0500,6.40,0.659,3.918,A,#2,HOLDING,0.770A/A
46924,2026-06-04 05:49:24,30.9500,6.40,0.759,5.128,A,#2,HOLDING,0.791A/A
46925,2026-06-04 05:49:26,30.7375,6.40,0.759,5.128,A,#2,HOLDING,0.788A/A
46926,2026-06-04 05:49:28,30.7375,6.40,0.759,5.128,A,#2,HOLDING,0.805A/A
46927,2026-06-04 05:49:29,30.5875,7.03,0.759,5.128,A,#2,HOLDING,0.805A/A
46928,2026-06-04 05:49:31,30.4625,7.03,0.805,5.763,A,#2,HOLDING,0.807A/A
46929,2026-06-04 05:49:34,30.1750,7.03,0.805,5.763,A,#2,HOLDING,0.770A/A
46930,2026-06-04 05:49:35,30.1750,7.03,0.805,5.763,A,#2,HOLDING,0.773A/A
46931,2026-06-04 05:49:37,30.0125,6.98,0.805,5.763,A,#2,HOLDING,0.751A/A
46932,2026-06-04 05:49:39,29.8625,6.98,0.751,5.196,A,#2,HOLDING,0.734A/A
46933,2026-06-04 05:49:41,29.5500,6.98,0.751,5.196,A,#2,HOLDING,0.665A/A
46934,2026-06-04 05:49:43,29.5500,6.98,0.751,5.196,A,#3,APPROACH,0.650A/A
46935,2026-06-04 05:49:45,29.3875,1.44,0.751,5.196,A,#3,APPROACH,0.437A/A
46936,2026-06-04 05:49:47,29.2375,1.44,0.000,5.196,A,#3,APPROACH,0.443A/A
46937,2026-06-04 05:49:49,28.8750,1.44,0.000,0.000,A,#3,APPROACH,0.440A/A
46938,2026-06-04 05:49:51,28.7250,1.44,0.000,0.000,A,#3,APPROACH,0.463A/A
46939,2026-06-04 05:49:53,28.5500,1.44,0.000,0.000,A,#3,APPROACH,0.483A/A
46940,2026-06-04 05:49:55,28.4250,4.62,0.000,0.000,A,#3,APPROACH,0.529A/A
46941,2026-06-04 05:49:57,28.3000,4.62,0.529,2.745,A,#3,APPROACH,0.578A/A
46942,2026-06-04 05:49:59,28.1500,4.62,0.529,2.745,A,#3,APPROACH,0.658A/A
46943,2026-06-04 05:50:01,28.0000,4.62,0.529,2.745,A,#3,APPROACH,0.713A/A
46944,2026-06-04 05:50:02,27.8375,6.55,0.529,2.745,A,#3,APPROACH,0.783A/A
46945,2026-06-04 05:50:04,27.6875,6.55,0.771,5.606,A,#3,APPROACH,0.864A/A
46946,2026-06-04 05:50:07,27.5750,6.55,0.771,5.606,A,#3,APPROACH,0.993A/A
46947,2026-06-04 05:50:08,27.4250,6.55,0.771,5.606,A,#3,APPROACH,1.079A/A
46948,2026-06-04 05:50:10,27.2375,9.15,0.771,5.606,A,#3,APPROACH,1.185A/A
46949,2026-06-04 05:50:12,27.0875,9.15,1.157,11.921,A,#3,APPROACH,1.299A/A
46950,2026-06-04 05:50:14,26.9500,9.15,1.157,11.921,A,#3,APPROACH,1.468A/A
46951,2026-06-04 05:50:16,26.7500,9.15,1.157,11.921,A,#3,APPROACH,1.000A/A
46952,2026-06-04 05:50:18,26.5750,8.77,1.157,11.921,A,#3,APPROACH,1.570A/A
46953,2026-06-04 05:50:20,26.3750,8.77,1.380,17.436,A,#3,APPROACH,1.711A/A
46954,2026-06-04 05:50:22,26.2000,8.77,1.380,17.436,A,#3,APPROACH,1.917A/A
46955,2026-06-04 05:50:24,26.0000,8.77,1.380,17.436,A,#3,APPROACH,1.500A/A
46956,2026-06-04 05:50:25,25.7875,12.00,1.380,17.436,A,#3,APPROACH,2.041A/A
46957,2026-06-04 05:50:27,25.6125,12.00,1.441,17.160,A,#3,APPROACH,1.500A/A
46958,2026-06-04 05:50:30,25.3875,12.00,1.441,17.160,A,#3,APPROACH,1.500A/A
46959,2026-06-04 05:50:31,25.1875,12.00,1.441,17.160,A,#3,APPROACH,1.500A/A
46960,2026-06-04 05:50:33,24.9750,12.00,1.441,17.160,A,#3,APPROACH,1.000A/A
46961,2026-06-04 05:50:35,24.7750,12.00,1.063,9.040,A,#3,APPROACH,2.000A/A
46962,2026-06-04 05:50:37,24.5750,12.00,1.063,9.040,A,#3,APPROACH,2.160A/A
46963,2026-06-04 05:50:39,24.3500,12.00,1.063,9.040,A,#3,APPROACH,2.262A/A
46964,2026-06-04 05:50:41,24.1500,12.00,1.063,9.040,A,#3,APPROACH,2.000A/A
46965,2026-06-04 05:50:43,23.9750,12.00,1.420,16.896,A,#3,APPROACH,2.369A/A
46966,2026-06-04 05:50:45,23.7625,12.00,1.420,16.896,A,#3,APPROACH,2.461A/A
46967,2026-06-04 05:50:47,23.5625,12.00,1.420,16.896,A,#3,APPROACH,2.000A/A
46968,2026-06-04 05:50:49,23.3875,12.00,1.420,16.896,A,#3,APPROACH,1.000A/A
46969,2026-06-04 05:50:50,23.1875,12.00,1.098,9.180,A,#3,APPROACH,2.500A/A
46970,2026-06-04 05:50:53,22.9875,12.00,1.098,9.180,A,#3,APPROACH,1.000A/A
46971,2026-06-04 05:50:54,22.8125,12.00,1.098,9.180,A,#3,APPROACH,1.000A/A
46972,2026-06-04 05:50:56,22.6375,9.11,1.098,9.180,A,#3,APPROACH,2.496A/A
46973,2026-06-04 05:50:58,22.4375,9.11,1.413,16.812,A,#3,APPROACH,2.543A/A
46974,2026-06-04 05:51:00,22.2750,9.11,1.413,16.812,A,#3,APPROACH,2.500A/A
46975,2026-06-04 05:51:02,22.1000,9.11,1.413,16.812,A,#3,APPROACH,1.500A/A
46976,2026-06-04 05:51:04,21.9500,12.00,1.413,16.812,A,#3,APPROACH,2.000A/A
46977,2026-06-04 05:51:06,21.7500,12.00,1.408,16.764,A,#3,HOLDING,2.536A/A
46978,2026-06-04 05:51:08,21.6125,12.00,1.408,16.764,OFF,#3,HOLDING,0.000A/OFF
46979,2026-06-04 05:51:09,21.6125,12.00,1.408,16.764,OFF,#3,HOLDING,0.000A/OFF
46980,2026-06-04 05:51:10,21.4375,12.00,1.408,16.764,OFF,#3,HOLDING,0.000A/OFF
46981,2026-06-04 05:51:11,21.4375,12.00,1.408,16.764,OFF,#3,HOLDING,0.000A/OFF
46982,2026-06-04 05:51:12,21.2625,12.00,0.000,16.764,OFF,#3,HOLDING,0.000A/OFF
46983,2026-06-04 05:51:13,21.2625,12.00,0.000,16.764,OFF,#3,HOLDING,0.000A/OFF
46984,2026-06-04 05:51:14,21.0875,12.00,0.000,0.000,OFF,#3,HOLDING,0.000A/OFF
46985,2026-06-04 05:51:15,21.0875,12.00,0.000,0.000,OFF,#3,HOLDING,0.000A/OFF
46986,2026-06-04 05:51:16,20.9625,12.00,0.000,0.000,OFF,#3,HOLDING,0.000A/OFF
46987,2026-06-04 05:51:17,20.9625,12.00,0.000,0.000,OFF,#3,HOLDING,0.000A/OFF
46988,2026-06-04 05:51:18,20.8625,12.00,0.000,0.000,OFF,#3,HOLDING,0.000A/OFF
46989,2026-06-04 05:51:19,20.8625,12.00,0.000,0.000,A,#3,HOLDING,0.104A/A
46990,2026-06-04 05:51:22,20.6625,12.00,0.000,0.000,OFF,#3,HOLDING,0.000A/OFF
46991,2026-06-04 05:51:23,20.6625,12.00,0.000,0.000,OFF,#3,HOLDING,0.000A/OFF
46992,2026-06-04 05:51:24,20.5750,12.00,0.000,0.000,OFF,#3,HOLDING,0.000A/OFF
46993,2026-06-04 05:51:25,20.5750,12.00,0.000,0.000,OFF,#3,HOLDING,0.000A/OFF
46994,2026-06-04 05:51:26,20.5000,12.00,0.000,0.000,OFF,#3,HOLDING,0.000A/OFF
46995,2026-06-04 05:51:27,20.5000,12.00,0.000,0.000,OFF,#3,HOLDING,0.000A/OFF
46996,2026-06-04 05:51:28,20.4875,12.00,0.000,0.000,OFF,#3,HOLDING,0.000A/OFF
46997,2026-06-04 05:51:29,20.4875,12.00,0.000,0.000,OFF,#3,HOLDING,0.000A/OFF
46998,2026-06-04 05:51:30,20.4375,12.00,0.000,0.000,OFF,#3,HOLDING,0.000A/OFF
46999,2026-06-04 05:51:31,20.4375,12.00,0.000,0.000,OFF,#3,HOLDING,0.000A/OFF
47000,2026-06-04 05:51:32,20.3750,12.00,0.000,0.000,OFF,#3,HOLDING,0.000A/OFF
47001,2026-06-04 05:51:33,20.3750,12.00,0.000,0.000,OFF,#3,HOLDING,0.000A/OFF
47002,2026-06-04 05:51:34,20.3750,12.00,0.000,0.000,OFF,#3,HOLDING,0.000A/OFF
47003,2026-06-04 05:51:35,20.3750,12.00,0.000,0.000,OFF,#3,HOLDING,0.000A/OFF
47004,2026-06-04 05:51:36,20.3625,12.00,0.000,0.000,OFF,#3,HOLDING,0.000A/OFF
47005,2026-06-04 05:51:37,20.3375,12.00,0.000,0.000,OFF,#3,HOLDING,0.000A/OFF
47006,2026-06-04 05:51:38,20.3375,12.00,0.000,0.000,OFF,#3,HOLDING,0.000A/OFF
47007,2026-06-04 05:51:39,20.3250,12.00,0.000,0.000,OFF,#3,HOLDING,0.000A/OFF
47008,2026-06-04 05:51:40,20.3250,12.00,0.000,0.000,OFF,#3,HOLDING,0.000A/OFF
47009,2026-06-04 05:51:41,20.3250,12.00,0.000,0.000,OFF,#3,HOLDING,0.000A/OFF
47010,2026-06-04 05:51:42,20.3250,12.00,0.000,0.000,OFF,#3,HOLDING,0.000A/OFF
47011,2026-06-04 05:51:43,20.3750,12.00,0.000,0.000,OFF,#3,HOLDING,0.000A/OFF
47012,2026-06-04 05:51:44,20.3750,12.00,0.000,0.000,OFF,#3,HOLDING,0.000A/OFF
47013,2026-06-04 05:51:45,20.3750,12.00,0.000,0.000,OFF,#3,HOLDING,0.000A/OFF
47014,2026-06-04 05:51:46,20.3750,12.00,0.000,0.000,OFF,#3,HOLDING,0.000A/OFF
47015,2026-06-04 05:51:47,20.3750,12.00,0.000,0.000,OFF,#3,HOLDING,0.000A/OFF
47016,2026-06-04 05:51:48,20.3750,12.00,0.000,0.000,OFF,#3,HOLDING,0.000A/OFF
47017,2026-06-04 05:51:49,20.4000,12.00,0.000,0.000,OFF,#3,HOLDING,0.000A/OFF
47018,2026-06-04 05:51:50,20.4000,12.00,0.000,0.000,B,#3,HOLDING,0.102A/B
47019,2026-06-04 05:51:52,20.4375,8.54,0.102,0.000,B,#3,HOLDING,0.113A/B
47020,2026-06-04 05:51:54,20.4625,8.54,0.102,0.089,B,#3,HOLDING,0.127A/B
47021,2026-06-04 05:51:55,20.5125,8.54,0.102,0.089,B,#3,HOLDING,0.131A/B
47022,2026-06-04 05:51:57,20.5625,8.54,0.102,0.089,B,#3,HOLDING,0.136A/B
47023,2026-06-04 05:51:59,20.6250,1.02,0.102,0.089,B,#3,HOLDING,0.139A/B
47024,2026-06-04 05:52:01,20.6250,1.02,0.139,0.150,B,#3,HOLDING,0.151A/B
47025,2026-06-04 05:52:03,20.6875,1.02,0.139,0.150,B,#3,HOLDING,0.157A/B
47026,2026-06-04 05:52:05,20.7125,1.02,0.139,0.150,B,#3,HOLDING,0.163A/B
47027,2026-06-04 05:52:06,20.7875,1.31,0.139,0.150,B,#4,APPROACH,0.157A/B
47028,2026-06-04 05:52:08,20.8125,1.31,0.157,0.150,OFF,#4,APPROACH,0.000A/OFF
47029,2026-06-04 05:52:09,20.8125,1.31,0.157,0.150,OFF,#4,APPROACH,0.000A/OFF
47030,2026-06-04 05:52:10,20.9125,1.31,0.157,0.000,OFF,#4,APPROACH,0.000A/OFF
47031,2026-06-04 05:52:11,20.9375,1.31,0.157,0.000,OFF,#4,APPROACH,0.000A/OFF
47032,2026-06-04 05:52:12,20.9375,1.31,0.157,0.000,B,#4,APPROACH,0.111A/B
47033,2026-06-04 05:52:14,21.0000,1.31,0.157,0.000,B,#4,APPROACH,0.166A/B
47034,2026-06-04 05:52:16,21.0500,7.02,0.166,0.000,B,#4,APPROACH,0.195A/B
47035,2026-06-04 05:52:18,21.1250,7.02,0.166,0.407,B,#4,HOLDING,0.172A/B
47036,2026-06-04 05:52:19,21.1750,7.02,0.166,0.407,OFF,#4,HOLDING,0.000A/OFF
47037,2026-06-04 05:52:20,21.1750,7.02,0.166,0.407,OFF,#4,HOLDING,0.000A/OFF
47038,2026-06-04 05:52:21,21.2250,7.02,0.166,0.407,OFF,#4,HOLDING,0.000A/OFF
47039,2026-06-04 05:52:22,21.2250,7.02,0.166,0.407,OFF,#4,HOLDING,0.000A/OFF
47040,2026-06-04 05:52:23,21.3250,12.00,0.000,0.407,OFF,#4,HOLDING,0.000A/OFF
47041,2026-06-04 05:52:25,21.3250,12.00,0.000,0.407,OFF,#4,HOLDING,0.000A/OFF
47042,2026-06-04 05:52:26,21.3875,12.00,0.000,0.000,B,#4,HOLDING,0.102A/B
47043,2026-06-04 05:52:27,21.4875,12.00,0.000,0.000,B,#4,HOLDING,0.127A/B
47044,2026-06-04 05:52:29,21.4875,12.00,0.000,0.000,B,#4,HOLDING,0.146A/B
47045,2026-06-04 05:52:30,21.5375,1.46,0.000,0.000,B,#4,HOLDING,0.170A/B
47046,2026-06-04 05:52:32,21.6125,1.46,0.170,0.292,B,#4,HOLDING,0.192A/B
47047,2026-06-04 05:52:34,21.7375,1.46,0.170,0.292,B,#4,HOLDING,0.200A/B
47048,2026-06-04 05:52:36,21.7375,1.46,0.170,0.292,B,#4,HOLDING,0.217A/B
47049,2026-06-04 05:52:38,21.7875,2.16,0.170,0.292,B,#4,HOLDING,0.232A/B
47050,2026-06-04 05:52:40,21.8625,2.16,0.232,0.552,B,#4,HOLDING,0.242A/B
47051,2026-06-04 05:52:42,21.9625,2.16,0.232,0.552,B,#4,HOLDING,0.241A/B
47052,2026-06-04 05:52:44,21.9625,2.16,0.232,0.552,B,#4,HOLDING,0.250A/B
47053,2026-06-04 05:52:46,22.0125,2.50,0.232,0.552,B,#4,HOLDING,0.256A/B
47054,2026-06-04 05:52:47,22.0875,2.50,0.256,0.670,B,#4,HOLDING,0.256A/B
47055,2026-06-04 05:52:50,22.2125,2.50,0.256,0.670,B,#4,HOLDING,0.240A/B
47056,2026-06-04 05:52:51,22.2125,2.50,0.256,0.670,B,#4,HOLDING,0.241A/B
47057,2026-06-04 05:52:53,22.2625,2.49,0.256,0.670,B,#4,HOLDING,0.234A/B
47058,2026-06-04 05:52:55,22.3375,2.49,0.234,0.575,B,#4,HOLDING,0.224A/B
47059,2026-06-04 05:52:58,22.4250,2.49,0.234,0.575,B,#4,HOLDING,0.193A/B
47060,2026-06-04 05:52:59,22.4250,2.49,0.234,0.575,B,#4,HOLDING,0.196A/B
47061,2026-06-04 05:53:01,22.4750,2.11,0.234,0.575,B,#4,HOLDING,0.180A/B
47062,2026-06-04 05:53:03,22.5500,2.11,0.180,0.365,B,#4,HOLDING,0.168A/B
47063,2026-06-04 05:53:05,22.6750,2.11,0.180,0.365,B,#4,HOLDING,0.134A/B
47064,2026-06-04 05:53:07,22.6750,2.11,0.180,0.365,B,#4,HOLDING,0.123A/B
47065,2026-06-04 05:53:09,22.7250,1.54,0.180,0.365,B,#4,HOLDING,0.102A/B
47066,2026-06-04 05:53:10,22.7500,1.54,0.102,0.365,OFF,#4,HOLDING,0.000A/OFF
47067,2026-06-04 05:53:11,22.8125,1.54,0.102,0.137,OFF,#4,HOLDING,0.000A/OFF
47068,2026-06-04 05:53:13,22.8125,1.54,0.102,0.137,OFF,#4,HOLDING,0.000A/OFF
47069,2026-06-04 05:53:14,22.8625,1.54,0.102,0.137,OFF,#4,HOLDING,0.000A/OFF
47070,2026-06-04 05:53:15,22.8625,1.54,0.102,0.137,OFF,#4,HOLDING,0.000A/OFF
47071,2026-06-04 05:53:16,22.8875,1.54,0.102,0.137,OFF,#4,HOLDING,0.000A/OFF
47072,2026-06-04 05:53:17,22.8875,12.00,0.102,0.137,OFF,#4,HOLDING,0.000A/OFF
47073,2026-06-04 05:53:18,22.9625,12.00,0.000,0.137,OFF,#4,HOLDING,0.000A/OFF
47074,2026-06-04 05:53:19,22.9625,12.00,0.000,0.000,OFF,#5,APPROACH,0.000A/OFF
47075,2026-06-04 05:53:20,22.9750,12.00,0.000,0.000,OFF,#5,APPROACH,0.000A/OFF
47076,2026-06-04 05:53:21,23.0250,12.00,0.000,0.000,OFF,#5,APPROACH,0.000A/OFF
47077,2026-06-04 05:53:22,23.0250,12.00,0.000,0.000,OFF,#5,APPROACH,0.000A/OFF
47078,2026-06-04 05:53:23,23.0375,12.00,0.000,0.000,A,#5,APPROACH,0.113A/A
47079,2026-06-04 05:53:24,23.0875,2.99,0.113,0.000,A,#5,APPROACH,0.156A/A
47080,2026-06-04 05:53:26,23.0875,2.99,0.113,0.257,A,#5,APPROACH,0.200A/A
47081,2026-06-04 05:53:28,23.1000,2.99,0.113,0.257,A,#5,APPROACH,0.238A/A
47082,2026-06-04 05:53:30,23.1500,2.99,0.113,0.257,A,#5,APPROACH,0.281A/A
47083,2026-06-04 05:53:31,23.1625,2.54,0.113,0.257,A,#5,APPROACH,0.330A/A
47084,2026-06-04 05:53:33,23.1875,2.54,0.319,0.986,A,#5,APPROACH,0.380A/A
47085,2026-06-04 05:53:36,23.2000,2.54,0.319,0.986,A,#5,APPROACH,0.437A/A
47086,2026-06-04 05:53:37,23.2000,2.54,0.319,0.986,A,#5,APPROACH,0.478A/A
47087,2026-06-04 05:53:39,23.1875,4.21,0.319,0.986,A,#5,APPROACH,0.522A/A
47088,2026-06-04 05:53:41,23.1875,4.21,0.506,2.437,A,#5,APPROACH,0.568A/A
47089,2026-06-04 05:53:43,23.1875,4.21,0.506,2.437,A,#5,APPROACH,0.630A/A
47090,2026-06-04 05:53:45,23.1875,4.21,0.506,2.437,A,#5,APPROACH,0.672A/A
47091,2026-06-04 05:53:47,23.1875,5.86,0.506,2.437,A,#5,APPROACH,0.720A/A
47092,2026-06-04 05:53:49,23.1375,5.86,0.704,4.543,A,#5,APPROACH,0.758A/A
47093,2026-06-04 05:53:51,23.1125,5.86,0.704,4.543,A,#5,APPROACH,0.813A/A
47094,2026-06-04 05:53:53,23.0625,5.86,0.704,4.543,A,#5,APPROACH,0.842A/A
47095,2026-06-04 05:53:54,23.0250,7.25,0.704,4.543,A,#5,APPROACH,0.883A/A
47096,2026-06-04 05:53:56,22.9750,7.25,0.869,6.772,A,#5,APPROACH,0.917A/A
47097,2026-06-04 05:53:59,22.9375,7.25,0.869,6.772,A,#5,APPROACH,0.967A/A
47098,2026-06-04 05:54:00,22.8375,7.25,0.869,6.772,A,#5,HOLDING,0.938A/A
47099,2026-06-04 05:54:02,22.8000,7.25,0.869,6.772,OFF,#5,HOLDING,0.000A/OFF
47100,2026-06-04 05:54:03,22.7250,8.09,0.869,6.772,OFF,#5,HOLDING,0.000A/OFF
47101,2026-06-04 05:54:04,22.7250,8.09,0.938,6.772,OFF,#5,HOLDING,0.000A/OFF
47102,2026-06-04 05:54:05,22.6500,8.09,0.938,0.000,OFF,#5,HOLDING,0.000A/OFF
47103,2026-06-04 05:54:06,22.6500,8.09,0.938,0.000,OFF,#5,HOLDING,0.000A/OFF
47104,2026-06-04 05:54:07,22.5500,8.09,0.938,0.000,OFF,#5,HOLDING,0.000A/OFF
47105,2026-06-04 05:54:08,22.5500,8.09,0.938,0.000,A,#5,HOLDING,0.106A/A
47106,2026-06-04 05:54:10,22.4875,12.00,0.051,0.000,A,#5,HOLDING,0.118A/A
47107,2026-06-04 05:54:12,22.3875,12.00,0.051,0.180,A,#5,HOLDING,0.143A/A
47108,2026-06-04 05:54:13,22.3125,12.00,0.051,0.180,A,#5,HOLDING,0.149A/A
47109,2026-06-04 05:54:15,22.2625,12.00,0.051,0.180,A,#5,HOLDING,0.162A/A
47110,2026-06-04 05:54:17,22.1875,1.82,0.051,0.180,A,#5,HOLDING,0.175A/A
47111,2026-06-04 05:54:18,22.1625,1.82,0.175,0.348,A,#5,HOLDING,0.190A/A
47112,2026-06-04 05:54:21,22.0875,1.82,0.175,0.348,A,#5,HOLDING,0.199A/A
47113,2026-06-04 05:54:22,22.0625,1.82,0.175,0.348,A,#5,HOLDING,0.209A/A
47114,2026-06-04 05:54:24,22.0000,2.20,0.175,0.348,A,#5,HOLDING,0.209A/A
47115,2026-06-04 05:54:26,21.9750,2.20,0.209,0.472,A,#5,HOLDING,0.215A/A
47116,2026-06-04 05:54:29,21.9250,2.20,0.209,0.472,A,#5,HOLDING,0.215A/A
47117,2026-06-04 05:54:30,21.8750,2.20,0.209,0.472,A,#5,HOLDING,0.215A/A
47118,2026-06-04 05:54:32,21.8625,2.24,0.209,0.472,A,#5,HOLDING,0.215A/A
47119,2026-06-04 05:54:34,21.8125,2.24,0.215,0.496,A,#5,HOLDING,0.210A/A
47120,2026-06-04 05:54:36,21.8000,2.24,0.215,0.496,A,#5,HOLDING,0.210A/A
47121,2026-06-04 05:54:38,21.7500,2.24,0.215,0.496,A,#5,HOLDING,0.201A/A
47122,2026-06-04 05:54:40,21.7500,2.11,0.215,0.496,A,#5,HOLDING,0.200A/A
47123,2026-06-04 05:54:42,21.7000,2.11,0.200,0.434,A,#5,HOLDING,0.189A/A
47124,2026-06-04 05:54:44,21.6875,2.11,0.200,0.434,A,#5,HOLDING,0.183A/A
47125,2026-06-04 05:54:46,21.6375,2.11,0.200,0.434,A,#5,HOLDING,0.169A/A
47126,2026-06-04 05:54:47,21.6250,1.94,0.200,0.434,A,#5,HOLDING,0.163A/A
47127,2026-06-04 05:54:49,21.5750,1.94,0.163,0.335,A,#5,HOLDING,0.147A/A
47128,2026-06-04 05:54:52,21.5875,1.94,0.163,0.335,A,#5,HOLDING,0.138A/A
47129,2026-06-04 05:54:53,21.5625,1.94,0.163,0.335,A,#5,HOLDING,0.126A/A
47130,2026-06-04 05:54:55,21.5500,1.67,0.163,0.335,A,#5,HOLDING,0.116A/A
47131,2026-06-04 05:54:57,21.5500,1.67,0.116,0.194,A,#5,HOLDING,0.102A/A
47132,2026-06-04 05:54:59,21.5000,1.67,0.116,0.194,OFF,#5,HOLDING,0.000A/OFF
47133,2026-06-04 05:55:00,21.5000,1.67,0.116,0.194,OFF,--,DONE,0.000A/OFF
47134,2026-06-04 05:55:02,21.5000,1.67,0.116,0.194,OFF,--,DONE,--
47135,2026-06-04 05:55:03,21.4625,12.00,0.116,0.194,OFF,--,DONE,--
47136,2026-06-04 05:55:04,21.4625,12.00,0.000,0.194,OFF,--,DONE,--
47137,2026-06-04 05:55:05,21.4375,12.00,0.000,0.194,OFF,--,DONE,--
47138,2026-06-04 05:55:06,21.4375,12.00,0.000,0.000,OFF,--,DONE,--
47139,2026-06-04 05:55:07,21.4375,12.00,0.000,0.000,OFF,--,DONE,--
47140,2026-06-04 05:55:08,21.4375,12.00,0.000,0.000,OFF,--,DONE,--
47141,2026-06-04 05:55:09,21.4375,12.00,0.000,0.000,OFF,--,DONE,--
47142,2026-06-04 05:55:10,21.4375,12.00,0.000,0.000,OFF,--,DONE,--
47143,2026-06-04 05:55:11,21.4375,12.00,0.000,0.000,OFF,--,DONE,--
47144,2026-06-04 05:55:12,21.4375,12.00,0.000,0.000,OFF,--,DONE,--
47145,2026-06-04 05:55:13,21.4375,12.00,0.000,0.000,OFF,--,DONE,--
47146,2026-06-04 05:55:14,21.4375,12.00,0.000,0.000,OFF,--,DONE,--
47147,2026-06-04 05:55:15,21.4375,12.00,0.000,0.000,OFF,--,DONE,--
47148,2026-06-04 05:55:16,21.4375,12.00,0.000,0.000,OFF,--,DONE,--
47149,2026-06-04 05:55:17,21.4375,12.00,0.000,0.000,OFF,--,DONE,--
47150,2026-06-04 05:55:18,21.4625,12.00,0.000,0.000,OFF,--,DONE,--
47151,2026-06-04 05:55:19,21.4625,12.00,0.000,0.000,OFF,--,DONE,--
47152,2026-06-04 05:55:20,21.4375,12.00,0.000,0.000,OFF,--,DONE,--
47153,2026-06-04 05:55:21,21.4375,12.00,0.000,0.000,OFF,--,DONE,--
47154,2026-06-04 05:55:22,21.5000,12.00,0.000,0.000,OFF,--,DONE,--
47155,2026-06-04 05:55:23,21.5000,12.00,0.000,0.000,OFF,--,DONE,--
47156,2026-06-04 05:55:24,21.4750,12.00,0.000,0.000,OFF,--,DONE,--
47157,2026-06-04 05:55:25,21.4750,12.00,0.000,0.000,OFF,--,DONE,--
47158,2026-06-04 05:55:26,21.5000,12.00,0.000,0.000,OFF,--,DONE,--
47159,2026-06-04 05:55:27,21.5000,12.00,0.000,0.000,OFF,--,DONE,--
47160,2026-06-04 05:55:28,21.5000,12.00,0.000,0.000,OFF,--,DONE,--
47161,2026-06-04 05:55:29,21.5000,12.00,0.000,0.000,OFF,--,DONE,--
47162,2026-06-04 05:55:30,21.5000,12.00,0.000,0.000,OFF,--,DONE,--
47163,2026-06-04 05:55:31,21.5000,12.00,0.000,0.000,OFF,--,DONE,--
47164,2026-06-04 05:55:32,21.5250,12.00,0.000,0.000,OFF,--,DONE,--
47165,2026-06-04 05:55:33,21.5375,12.00,0.000,0.000,OFF,--,DONE,--
47166,2026-06-04 05:55:34,21.5375,12.00,0.000,0.000,OFF,--,DONE,--
47167,2026-06-04 05:55:36,21.5625,12.00,0.000,0.000,OFF,--,DONE,--
47168,2026-06-04 05:55:37,21.5625,12.00,0.000,0.000,OFF,--,DONE,--
47169,2026-06-04 05:55:38,21.5625,12.00,0.000,0.000,OFF,--,DONE,--
47170,2026-06-04 05:55:39,21.5625,12.00,0.000,0.000,OFF,--,DONE,--
47171,2026-06-04 05:55:40,21.5875,12.00,0.000,0.000,OFF,--,DONE,--
47172,2026-06-04 05:55:41,21.5875,12.00,0.000,0.000,OFF,--,DONE,--
47173,2026-06-04 05:55:42,21.6250,12.00,0.000,0.000,OFF,--,DONE,--
47174,2026-06-04 05:55:43,21.6250,12.00,0.000,0.000,OFF,--,DONE,--
47175,2026-06-04 05:55:44,21.6250,12.00,0.000,0.000,OFF,--,DONE,--
47176,2026-06-04 05:55:45,21.6250,12.00,0.000,0.000,OFF,--,DONE,--
47177,2026-06-04 05:55:46,21.6875,12.00,0.000,0.000,OFF,--,DONE,--
47178,2026-06-04 05:55:47,21.6875,12.00,0.000,0.000,OFF,--,DONE,--
47179,2026-06-04 05:55:48,21.6875,12.00,0.000,0.000,OFF,--,DONE,--
47180,2026-06-04 05:55:49,21.6875,12.00,0.000,0.000,OFF,--,DONE,--
47181,2026-06-04 05:55:50,21.6875,12.00,0.000,0.000,OFF,--,DONE,--
47182,2026-06-04 05:55:51,21.7125,12.00,0.000,0.000,OFF,--,DONE,--
47183,2026-06-04 05:55:52,21.7125,12.00,0.000,0.000,OFF,--,DONE,--
47184,2026-06-04 05:55:53,21.7500,12.00,0.000,0.000,OFF,--,DONE,--
47185,2026-06-04 05:55:54,21.7500,12.00,0.000,0.000,OFF,--,DONE,--
47186,2026-06-04 05:55:55,21.7500,12.00,0.000,0.000,OFF,--,DONE,--
47187,2026-06-04 05:55:56,21.7500,12.00,0.000,0.000,OFF,--,DONE,--
47188,2026-06-04 05:55:57,21.8000,12.00,0.000,0.000,OFF,--,DONE,--
47189,2026-06-04 05:55:58,21.8000,12.00,0.000,0.000,OFF,--,DONE,--
47190,2026-06-04 05:55:59,21.8000,12.00,0.000,0.000,OFF,--,DONE,--
47191,2026-06-04 05:56:00,21.8000,12.00,0.000,0.000,OFF,--,DONE,--
47192,2026-06-04 05:56:01,21.8125,12.00,0.000,0.000,OFF,--,DONE,--
47193,2026-06-04 05:56:02,21.8125,12.00,0.000,0.000,OFF,--,DONE,--
47194,2026-06-04 05:56:03,21.8125,12.00,0.000,0.000,OFF,--,DONE,--
47195,2026-06-04 05:56:04,21.8125,12.00,0.000,0.000,OFF,--,DONE,--
47196,2026-06-04 05:56:05,21.8250,12.00,0.000,0.000,OFF,--,DONE,--
47197,2026-06-04 05:56:06,21.8750,12.00,0.000,0.000,OFF,--,DONE,--
47198,2026-06-04 05:56:07,21.8750,12.00,0.000,0.000,OFF,--,DONE,--
47199,2026-06-04 05:56:08,21.8875,12.00,0.000,0.000,OFF,--,DONE,--
47200,2026-06-04 05:56:09,21.8875,12.00,0.000,0.000,OFF,--,DONE,--
47201,2026-06-04 05:56:10,21.9125,12.00,0.000,0.000,OFF,--,DONE,--
47202,2026-06-04 05:56:11,21.9125,12.00,0.000,0.000,OFF,--,DONE,--
47203,2026-06-04 05:56:12,21.9375,12.00,0.000,0.000,OFF,--,DONE,--
47204,2026-06-04 05:56:13,21.9375,12.00,0.000,0.000,OFF,--,DONE,--
47205,2026-06-04 05:56:14,21.9375,12.00,0.000,0.000,OFF,--,DONE,--
47206,2026-06-04 05:56:16,21.9375,12.00,0.000,0.000,OFF,--,DONE,--
47207,2026-06-04 05:56:17,21.9375,12.00,0.000,0.000,OFF,--,DONE,--
47208,2026-06-04 05:56:18,21.9375,12.00,0.000,0.000,OFF,--,DONE,--
47209,2026-06-04 05:56:19,21.9375,12.00,0.000,0.000,OFF,--,DONE,--
47210,2026-06-04 05:56:20,21.9375,12.00,0.000,0.000,OFF,--,DONE,--
47211,2026-06-04 05:56:21,22.0000,12.00,0.000,0.000,OFF,--,DONE,--
47212,2026-06-04 05:56:22,22.0000,12.00,0.000,0.000,OFF,--,DONE,--
47213,2026-06-04 05:56:23,22.0000,12.00,0.000,0.000,OFF,--,DONE,--
47214,2026-06-04 05:56:24,22.0000,12.00,0.000,0.000,OFF,--,DONE,--
47215,2026-06-04 05:56:25,22.0000,12.00,0.000,0.000,OFF,--,DONE,--
47216,2026-06-04 05:56:26,22.0500,12.00,0.000,0.000,OFF,--,DONE,--
47217,2026-06-04 05:56:27,22.0500,12.00,0.000,0.000,OFF,--,DONE,--
47218,2026-06-04 05:56:28,22.0625,12.00,0.000,0.000,OFF,--,DONE,--
47219,2026-06-04 05:56:29,22.0625,12.00,0.000,0.000,OFF,--,DONE,--
47220,2026-06-04 05:56:30,22.0625,12.00,0.000,0.000,OFF,--,DONE,--
47221,2026-06-04 05:56:31,22.0625,12.00,0.000,0.000,OFF,--,DONE,--
47222,2026-06-04 05:56:32,22.0625,12.00,0.000,0.000,OFF,--,DONE,--
47223,2026-06-04 05:56:33,22.0625,12.00,0.000,0.000,OFF,--,DONE,--
47224,2026-06-04 05:56:34,22.1125,12.00,0.000,0.000,OFF,--,DONE,--
47225,2026-06-04 05:56:35,22.1125,12.00,0.000,0.000,OFF,--,DONE,--
47226,2026-06-04 05:56:36,22.1000,12.00,0.000,0.000,OFF,--,DONE,--
47227,2026-06-04 05:56:37,22.1250,12.00,0.000,0.000,OFF,--,DONE,--
47228,2026-06-04 05:56:38,22.1250,12.00,0.000,0.000,OFF,--,DONE,--
47229,2026-06-04 05:56:39,22.1250,12.00,0.000,0.000,OFF,--,DONE,--
47230,2026-06-04 05:56:40,22.1250,12.00,0.000,0.000,OFF,--,DONE,--
47231,2026-06-04 05:56:41,22.1500,12.00,0.000,0.000,OFF,--,DONE,--
47232,2026-06-04 05:56:42,22.1500,12.00,0.000,0.000,OFF,--,DONE,--
47233,2026-06-04 05:56:43,22.1875,12.00,0.000,0.000,OFF,--,DONE,--
47234,2026-06-04 05:56:44,22.1875,12.00,0.000,0.000,OFF,--,DONE,--
47235,2026-06-04 05:56:45,22.1875,12.00,0.000,0.000,OFF,--,DONE,--
47236,2026-06-04 05:56:46,22.1875,12.00,0.000,0.000,OFF,--,DONE,--
47237,2026-06-04 05:56:47,22.1875,12.00,0.000,0.000,OFF,--,DONE,--
47238,2026-06-04 05:56:48,22.1875,12.00,0.000,0.000,OFF,--,DONE,--
47239,2026-06-04 05:56:49,22.1875,12.00,0.000,0.000,OFF,--,DONE,--
47240,2026-06-04 05:56:50,22.1875,12.00,0.000,0.000,OFF,--,DONE,--
47241,2026-06-04 05:56:51,22.2250,12.00,0.000,0.000,OFF,--,DONE,--
47242,2026-06-04 05:56:52,22.2500,12.00,0.000,0.000,OFF,--,DONE,--
47243,2026-06-04 05:56:53,22.2500,12.00,0.000,0.000,OFF,--,DONE,--
47244,2026-06-04 05:56:54,22.2500,12.00,0.000,0.000,OFF,--,DONE,--
47245,2026-06-04 05:56:56,22.2500,12.00,0.000,0.000,OFF,--,DONE,--
47246,2026-06-04 05:56:57,22.2750,12.00,0.000,0.000,OFF,--,DONE,--
47247,2026-06-04 05:56:58,22.2750,12.00,0.000,0.000,OFF,--,DONE,--
47248,2026-06-04 05:56:59,22.2875,12.00,0.000,0.000,OFF,--,DONE,--
47249,2026-06-04 05:57:00,22.2875,12.00,0.000,0.000,OFF,--,DONE,--
47250,2026-06-04 05:57:01,22.2875,12.00,0.000,0.000,OFF,--,DONE,--
47251,2026-06-04 05:57:02,22.2875,12.00,0.000,0.000,OFF,--,DONE,--
47252,2026-06-04 05:57:03,22.3125,12.00,0.000,0.000,OFF,--,DONE,--
47253,2026-06-04 05:57:04,22.3125,12.00,0.000,0.000,OFF,--,DONE,--
47254,2026-06-04 05:57:05,22.3125,12.00,0.000,0.000,B,#1,APPROACH,3.000A/B
47255,2026-06-04 05:57:07,22.3125,12.00,0.000,0.000,B,#1,APPROACH,2.500A/B
47256,2026-06-04 05:57:10,22.3375,12.00,0.000,0.000,B,#1,APPROACH,1.979A/B
47257,2026-06-04 05:57:11,22.3500,12.00,0.000,0.000,B,#1,APPROACH,1.000A/B
47258,2026-06-04 05:57:13,22.3750,8.23,0.000,0.000,B,#1,APPROACH,1.823A/B
47259,2026-06-04 05:57:15,22.3750,8.23,1.535,18.180,B,#1,APPROACH,1.000A/B
47260,2026-06-04 05:57:17,22.4250,8.23,1.535,18.180,B,#1,APPROACH,1.000A/B
47261,2026-06-04 05:57:19,22.4750,8.23,1.535,18.180,B,#1,APPROACH,1.518A/B
47262,2026-06-04 05:57:20,22.5500,12.00,1.535,18.180,B,#1,APPROACH,1.492A/B
47263,2026-06-04 05:57:22,22.6750,12.00,1.483,17.556,B,#1,APPROACH,1.500A/B
47264,2026-06-04 05:57:25,22.7750,12.00,1.483,17.556,B,#1,APPROACH,1.781A/B
47265,2026-06-04 05:57:26,22.8875,12.00,1.483,17.556,B,#1,APPROACH,1.000A/B
47266,2026-06-04 05:57:28,23.0375,8.86,1.483,17.556,B,#1,APPROACH,2.037A/B
47267,2026-06-04 05:57:30,23.1750,8.86,1.437,17.064,B,#1,APPROACH,2.347A/B
47268,2026-06-04 05:57:32,23.3250,8.86,1.437,17.064,B,#1,APPROACH,1.500A/B
47269,2026-06-04 05:57:34,23.4875,8.86,1.437,17.064,B,#1,APPROACH,2.000A/B
47270,2026-06-04 05:57:36,23.6625,12.00,1.437,17.064,B,#1,APPROACH,2.000A/B
47271,2026-06-04 05:57:38,23.8000,12.00,1.407,16.692,B,#1,APPROACH,1.500A/B
47272,2026-06-04 05:57:40,24.0000,12.00,1.407,16.692,B,#1,APPROACH,2.000A/B
47273,2026-06-04 05:57:42,24.1750,12.00,1.407,16.692,B,#1,APPROACH,2.000A/B
47274,2026-06-04 05:57:43,24.3500,12.00,1.407,16.692,B,#1,APPROACH,2.000A/B
47275,2026-06-04 05:57:45,24.5250,12.00,1.380,16.356,B,#1,APPROACH,1.000A/B
47276,2026-06-04 05:57:48,24.7250,12.00,1.380,16.356,B,#1,APPROACH,2.134A/B
47277,2026-06-04 05:57:49,24.9250,12.00,1.380,16.356,B,#1,APPROACH,1.500A/B
47278,2026-06-04 05:57:51,25.1250,12.00,1.380,16.356,B,#1,APPROACH,2.210A/B
47279,2026-06-04 05:57:53,25.3375,12.00,1.361,16.128,B,#1,APPROACH,1.000A/B
47280,2026-06-04 05:57:55,25.5125,12.00,1.361,16.128,B,#1,APPROACH,2.339A/B
47281,2026-06-04 05:57:57,25.7125,12.00,1.361,16.128,B,#1,APPROACH,2.000A/B
47282,2026-06-04 05:57:59,25.8875,12.00,1.361,16.128,B,#1,APPROACH,2.438A/B
47283,2026-06-04 05:58:01,26.1125,12.00,1.345,15.948,B,#1,APPROACH,2.542A/B
47284,2026-06-04 05:58:03,26.2875,12.00,1.345,15.948,B,#1,APPROACH,2.500A/B
47285,2026-06-04 05:58:05,26.4875,12.00,1.345,15.948,B,#1,APPROACH,2.500A/B
47286,2026-06-04 05:58:07,26.6625,12.00,1.345,15.948,B,#1,APPROACH,2.500A/B
47287,2026-06-04 05:58:08,26.8625,12.00,1.328,15.756,B,#1,APPROACH,2.611A/B
47288,2026-06-04 05:58:11,27.0375,12.00,1.328,15.756,B,#1,APPROACH,2.500A/B
47289,2026-06-04 05:58:12,27.2375,12.00,1.328,15.756,B,#1,APPROACH,1.500A/B
47290,2026-06-04 05:58:14,27.4375,12.00,1.328,15.756,B,#1,APPROACH,2.500A/B
47291,2026-06-04 05:58:16,27.6125,12.00,1.315,15.600,B,#1,APPROACH,2.000A/B
47292,2026-06-04 05:58:18,27.8125,12.00,1.315,15.600,B,#1,APPROACH,2.500A/B
47293,2026-06-04 05:58:20,27.9875,12.00,1.315,15.600,B,#1,APPROACH,2.000A/B
47294,2026-06-04 05:58:22,28.1625,12.00,1.315,15.600,B,#1,APPROACH,1.000A/B
47295,2026-06-04 05:58:24,28.3625,12.00,1.156,9.810,B,#1,APPROACH,2.651A/B
47296,2026-06-04 05:58:26,28.5625,12.00,1.156,9.810,B,#1,HOLDING,2.643A/B
47297,2026-06-04 05:58:28,28.7375,12.00,1.156,9.810,OFF,#1,HOLDING,0.000A/OFF
47298,2026-06-04 05:58:29,28.9125,12.00,1.156,9.810,OFF,#1,HOLDING,0.000A/OFF
47299,2026-06-04 05:58:30,28.9125,12.00,1.156,9.810,OFF,#1,HOLDING,0.000A/OFF
47300,2026-06-04 05:58:31,29.1125,12.00,0.000,9.810,OFF,#1,HOLDING,0.000A/OFF
47301,2026-06-04 05:58:32,29.1125,12.00,0.000,0.000,OFF,#1,HOLDING,0.000A/OFF
47302,2026-06-04 05:58:33,29.2875,12.00,0.000,0.000,OFF,#1,HOLDING,0.000A/OFF
47303,2026-06-04 05:58:34,29.2875,12.00,0.000,0.000,OFF,#1,HOLDING,0.000A/OFF
47304,2026-06-04 05:58:35,29.4625,12.00,0.000,0.000,OFF,#1,HOLDING,0.000A/OFF
47305,2026-06-04 05:58:36,29.4625,12.00,0.000,0.000,OFF,#1,HOLDING,0.000A/OFF
47306,2026-06-04 05:58:37,29.6375,12.00,0.000,0.000,OFF,#1,HOLDING,0.000A/OFF
47307,2026-06-04 05:58:38,29.6375,12.00,0.000,0.000,OFF,#1,HOLDING,0.000A/OFF
47308,2026-06-04 05:58:39,29.7375,12.00,0.000,0.000,OFF,#1,HOLDING,0.000A/OFF
47309,2026-06-04 05:58:40,29.7375,12.00,0.000,0.000,OFF,#1,HOLDING,0.000A/OFF
47310,2026-06-04 05:58:41,29.9125,12.00,0.000,0.000,OFF,#1,HOLDING,0.000A/OFF
47311,2026-06-04 05:58:42,29.9125,12.00,0.000,0.000,OFF,#1,HOLDING,0.000A/OFF
47312,2026-06-04 05:58:43,30.0375,12.00,0.000,0.000,OFF,#1,HOLDING,0.000A/OFF
47313,2026-06-04 05:58:44,30.1375,12.00,0.000,0.000,OFF,#1,HOLDING,0.000A/OFF
47314,2026-06-04 05:58:45,30.1375,12.00,0.000,0.000,OFF,#1,HOLDING,0.000A/OFF
47315,2026-06-04 05:58:46,30.2250,12.00,0.000,0.000,OFF,#1,HOLDING,0.000A/OFF
47316,2026-06-04 05:58:47,30.2250,12.00,0.000,0.000,OFF,#1,HOLDING,0.000A/OFF
47317,2026-06-04 05:58:48,30.2750,12.00,0.000,0.000,A,#1,HOLDING,0.107A/A
47318,2026-06-04 05:58:50,30.3625,6.50,0.107,0.000,A,#1,HOLDING,0.137A/A
47319,2026-06-04 05:58:52,30.4375,6.50,0.107,0.101,A,#1,HOLDING,0.235A/A
47320,2026-06-04 05:58:53,30.4375,6.50,0.107,0.101,A,#1,HOLDING,0.259A/A
47321,2026-06-04 05:58:55,30.4750,6.50,0.107,0.101,A,#1,HOLDING,0.290A/A
47322,2026-06-04 05:58:57,30.5000,2.11,0.107,0.101,A,#1,HOLDING,0.328A/A
47323,2026-06-04 05:58:58,30.5625,2.11,0.306,0.816,A,#1,HOLDING,0.380A/A
47324,2026-06-04 05:59:01,30.5625,2.11,0.306,0.816,A,#1,HOLDING,0.431A/A
47325,2026-06-04 05:59:02,30.5625,2.11,0.306,0.816,A,#1,HOLDING,0.466A/A
47326,2026-06-04 05:59:04,30.5875,3.71,0.306,0.816,A,#1,HOLDING,0.508A/A
47327,2026-06-04 05:59:06,30.5625,3.71,0.485,2.113,A,#1,HOLDING,0.547A/A
47328,2026-06-04 05:59:09,30.5625,3.71,0.485,2.113,A,#1,HOLDING,0.602A/A
47329,2026-06-04 05:59:10,30.5000,3.71,0.485,2.113,A,#1,HOLDING,0.624A/A
47330,2026-06-04 05:59:12,30.4750,5.15,0.485,2.113,A,#1,HOLDING,0.663A/A
47331,2026-06-04 05:59:14,30.4375,5.15,0.641,3.719,A,#1,HOLDING,0.696A/A
47332,2026-06-04 05:59:16,30.3875,5.15,0.641,3.719,A,#1,HOLDING,0.695A/A
47333,2026-06-04 05:59:18,30.3125,5.15,0.641,3.719,A,#1,HOLDING,0.718A/A
47334,2026-06-04 05:59:20,30.2625,6.10,0.641,3.719,A,#1,HOLDING,0.749A/A
47335,2026-06-04 05:59:22,30.1500,6.10,0.749,4.831,A,#1,HOLDING,0.770A/A
47336,2026-06-04 05:59:24,30.0500,6.10,0.749,4.831,A,#1,HOLDING,0.802A/A
47337,2026-06-04 05:59:26,29.9625,6.10,0.749,4.831,A,#1,HOLDING,0.815A/A
47338,2026-06-04 05:59:27,29.8375,6.99,0.749,4.831,A,#1,HOLDING,0.831A/A
47339,2026-06-04 05:59:29,29.7375,6.99,0.831,6.024,A,#1,HOLDING,0.841A/A
47340,2026-06-04 05:59:32,29.6125,6.99,0.831,6.024,A,#1,HOLDING,0.852A/A
47341,2026-06-04 05:59:33,29.5125,6.99,0.831,6.024,A,#1,HOLDING,0.857A/A
47342,2026-06-04 05:59:35,29.3625,7.45,0.831,6.024,A,#1,HOLDING,0.851A/A
47343,2026-06-04 05:59:37,29.2125,7.45,0.851,6.416,A,#1,HOLDING,0.838A/A
47344,2026-06-04 05:59:39,29.0875,7.45,0.851,6.416,A,#1,HOLDING,0.825A/A
47345,2026-06-04 05:59:41,28.9250,7.45,0.851,6.416,A,#1,HOLDING,0.805A/A
47346,2026-06-04 05:59:43,28.7500,7.22,0.851,6.416,A,#1,HOLDING,0.776A/A
47347,2026-06-04 05:59:45,28.6375,7.22,0.788,5.501,A,#1,HOLDING,0.745A/A
47348,2026-06-04 05:59:47,28.4875,7.22,0.788,5.501,A,#1,HOLDING,0.706A/A
47349,2026-06-04 05:59:49,28.3250,7.22,0.788,5.501,A,#1,HOLDING,0.617A/A
47350,2026-06-04 05:59:50,28.1250,5.88,0.788,5.501,A,#1,HOLDING,0.552A/A
47351,2026-06-04 05:59:52,27.9500,5.88,0.582,3.013,A,#1,HOLDING,0.485A/A
47352,2026-06-04 05:59:55,27.8000,5.88,0.582,3.013,A,#1,HOLDING,0.408A/A
47353,2026-06-04 05:59:56,27.6375,5.88,0.582,3.013,A,#1,HOLDING,0.345A/A
47354,2026-06-04 05:59:58,27.4375,3.69,0.582,3.013,A,#1,HOLDING,0.258A/A
47355,2026-06-04 06:00:00,27.2875,3.69,0.299,0.774,A,#1,HOLDING,0.169A/A
47356,2026-06-04 06:00:02,27.1125,3.69,0.299,0.774,OFF,#1,HOLDING,0.000A/OFF
47357,2026-06-04 06:00:03,26.9500,3.69,0.299,0.774,OFF,#1,HOLDING,0.000A/OFF
47358,2026-06-04 06:00:04,26.9500,3.69,0.299,0.774,OFF,#1,HOLDING,0.000A/OFF
47359,2026-06-04 06:00:05,26.8000,12.00,0.299,0.774,B,#1,HOLDING,0.120A/B
47360,2026-06-04 06:00:07,26.6500,12.00,0.000,0.475,B,#1,HOLDING,0.208A/B
47361,2026-06-04 06:00:09,26.5000,12.00,0.000,0.475,B,#1,HOLDING,0.367A/B
47362,2026-06-04 06:00:11,26.3875,12.00,0.000,0.475,B,#1,HOLDING,0.421A/B
47363,2026-06-04 06:00:13,26.2375,3.41,0.000,0.475,B,#1,HOLDING,0.547A/B
47364,2026-06-04 06:00:15,26.1375,3.41,0.481,2.488,B,#1,HOLDING,0.672A/B
47365,2026-06-04 06:00:17,26.0375,3.41,0.481,2.488,B,#1,HOLDING,0.834A/B
47366,2026-06-04 06:00:19,25.9250,3.41,0.481,2.488,B,#1,HOLDING,0.951A/B
47367,2026-06-04 06:00:21,25.8500,7.69,0.481,2.488,B,#1,HOLDING,1.087A/B
47368,2026-06-04 06:00:22,25.8000,7.69,1.015,9.717,B,#1,HOLDING,1.000A/B
47369,2026-06-04 06:00:25,25.7000,7.69,1.015,9.717,B,#1,HOLDING,1.224A/B
47370,2026-06-04 06:00:26,25.6875,7.69,1.015,9.717,B,#1,HOLDING,1.340A/B
47371,2026-06-04 06:00:28,25.6375,10.71,1.015,9.717,B,#1,HOLDING,1.484A/B
47372,2026-06-04 06:00:30,25.6250,10.71,1.408,17.704,B,#1,HOLDING,1.621A/B
47373,2026-06-04 06:00:33,25.6250,10.71,1.408,17.704,B,#1,HOLDING,1.000A/B
47374,2026-06-04 06:00:34,25.6625,10.71,1.408,17.704,B,#1,HOLDING,1.796A/B
47375,2026-06-04 06:00:36,25.6875,12.00,1.408,17.704,B,#1,HOLDING,1.000A/B
47376,2026-06-04 06:00:38,25.7375,12.00,1.234,8.820,B,#1,HOLDING,1.000A/B
47377,2026-06-04 06:00:40,25.8125,12.00,1.234,8.820,B,#1,HOLDING,1.922A/B
47378,2026-06-04 06:00:42,25.8750,12.00,1.234,8.820,B,#1,HOLDING,1.000A/B
47379,2026-06-04 06:00:44,25.9750,8.92,1.234,8.820,B,#1,HOLDING,2.022A/B
47380,2026-06-04 06:00:46,26.0500,8.92,1.217,17.040,B,#1,HOLDING,1.000A/B
47381,2026-06-04 06:00:48,26.1500,8.92,1.217,17.040,B,#1,HOLDING,1.500A/B
47382,2026-06-04 06:00:49,26.2250,8.92,1.217,17.040,B,#1,HOLDING,1.500A/B
47383,2026-06-04 06:00:51,26.3250,12.00,1.217,17.040,B,#1,HOLDING,2.128A/B
47384,2026-06-04 06:00:53,26.4625,12.00,1.406,16.632,B,#1,HOLDING,1.500A/B
47385,2026-06-04 06:00:56,26.5875,12.00,1.406,16.632,B,#1,HOLDING,1.000A/B
47386,2026-06-04 06:00:57,26.7000,12.00,1.406,16.632,B,#1,HOLDING,2.000A/B
47387,2026-06-04 06:00:59,26.8250,12.00,1.406,16.632,B,#1,HOLDING,2.182A/B
47388,2026-06-04 06:01:01,26.9500,12.00,1.374,16.296,B,#1,HOLDING,1.000A/B
47389,2026-06-04 06:01:03,27.1000,12.00,1.374,16.296,B,#1,HOLDING,2.000A/B
47390,2026-06-04 06:01:05,27.2375,12.00,1.374,16.296,B,#1,HOLDING,2.247A/B
47391,2026-06-04 06:01:07,27.3875,12.00,1.374,16.296,B,#1,HOLDING,2.313A/B
47392,2026-06-04 06:01:09,27.4875,12.00,1.353,16.032,B,#1,HOLDING,2.000A/B
47393,2026-06-04 06:01:11,27.6375,12.00,1.353,16.032,B,#1,HOLDING,1.000A/B
47394,2026-06-04 06:01:13,27.8000,12.00,1.353,16.032,B,#1,HOLDING,2.000A/B
47395,2026-06-04 06:01:14,27.9500,12.00,1.353,16.032,B,#1,HOLDING,1.500A/B
47396,2026-06-04 06:01:16,28.1125,12.00,1.333,15.804,B,#1,HOLDING,1.000A/B
47397,2026-06-04 06:01:19,28.2625,12.00,1.333,15.804,B,#1,HOLDING,1.500A/B
47398,2026-06-04 06:01:20,28.4250,12.00,1.333,15.804,B,#1,HOLDING,1.500A/B
47399,2026-06-04 06:01:22,28.6000,12.00,1.333,15.804,B,#2,APPROACH,2.000A/B
47400,2026-06-04 06:01:24,28.7375,12.00,1.321,15.804,OFF,#2,APPROACH,0.000A/OFF
47401,2026-06-04 06:01:25,28.7375,12.00,1.321,15.804,OFF,#2,APPROACH,0.000A/OFF
47402,2026-06-04 06:01:26,28.8875,12.00,1.321,0.000,A,#2,APPROACH,0.141A/A
47403,2026-06-04 06:01:28,29.0375,12.00,1.321,0.000,A,#2,APPROACH,0.221A/A
47404,2026-06-04 06:01:30,29.1875,12.00,1.321,0.000,A,#2,APPROACH,0.295A/A
47405,2026-06-04 06:01:31,29.3000,1.65,1.321,0.000,A,#2,APPROACH,0.338A/A
47406,2026-06-04 06:01:33,29.4500,1.65,0.338,0.726,A,#2,APPROACH,0.413A/A
47407,2026-06-04 06:01:36,29.5750,1.65,0.338,0.726,A,#2,APPROACH,0.502A/A
47408,2026-06-04 06:01:37,29.6500,1.65,0.338,0.726,A,#2,APPROACH,0.563A/A
47409,2026-06-04 06:01:39,29.7250,4.17,0.338,0.726,A,#2,APPROACH,0.634A/A
47410,2026-06-04 06:01:41,29.8250,4.17,0.595,3.131,A,#2,APPROACH,0.718A/A
47411,2026-06-04 06:01:43,29.8750,4.17,0.595,3.131,A,#2,APPROACH,0.819A/A
47412,2026-06-04 06:01:45,29.9250,4.17,0.595,3.131,A,#2,APPROACH,0.892A/A
47413,2026-06-04 06:01:47,29.9375,6.97,0.595,3.131,A,#2,APPROACH,0.967A/A
47414,2026-06-04 06:01:49,29.9625,6.97,0.926,7.513,A,#2,APPROACH,1.050A/A
47415,2026-06-04 06:01:51,29.9375,6.97,0.926,7.513,A,#2,APPROACH,1.146A/A
47416,2026-06-04 06:01:53,29.9375,6.97,0.926,7.513,A,#2,APPROACH,1.216A/A
47417,2026-06-04 06:01:54,29.9375,9.58,0.926,7.513,A,#2,APPROACH,1.297A/A
47418,2026-06-04 06:01:56,29.8875,9.58,1.297,13.385,A,#2,APPROACH,1.372A/A
47419,2026-06-04 06:01:59,29.8375,9.58,1.297,13.385,A,#2,APPROACH,1.467A/A
47420,2026-06-04 06:02:00,29.7625,9.58,1.297,13.385,A,#2,APPROACH,1.520A/A
47421,2026-06-04 06:02:02,29.6750,11.95,1.297,13.385,A,#2,APPROACH,1.000A/A
47422,2026-06-04 06:02:04,29.5750,11.95,1.257,8.460,A,#2,APPROACH,1.500A/A
47423,2026-06-04 06:02:06,29.4875,11.95,1.257,8.460,A,#2,APPROACH,1.500A/A
47424,2026-06-04 06:02:08,29.3875,11.95,1.257,8.460,A,#2,APPROACH,1.500A/A
47425,2026-06-04 06:02:10,29.2375,12.00,1.257,8.460,A,#2,APPROACH,1.552A/A
47426,2026-06-04 06:02:12,29.1125,12.00,1.481,17.652,A,#2,APPROACH,1.592A/A
47427,2026-06-04 06:02:14,28.9875,12.00,1.481,17.652,A,#2,APPROACH,1.000A/A
47428,2026-06-04 06:02:16,28.8125,12.00,1.481,17.652,A,#2,APPROACH,1.000A/A
47429,2026-06-04 06:02:17,28.6375,8.81,1.481,17.652,A,#2,HOLDING,1.000A/A
47430,2026-06-04 06:02:19,28.4875,8.81,1.000,17.652,OFF,#2,HOLDING,0.000A/OFF
47431,2026-06-04 06:02:20,28.4875,8.81,1.000,8.930,OFF,#2,HOLDING,0.000A/OFF
47432,2026-06-04 06:02:21,28.3250,8.81,1.000,8.930,OFF,#2,HOLDING,0.000A/OFF
47433,2026-06-04 06:02:22,28.3250,8.81,1.000,8.930,OFF,#2,HOLDING,0.000A/OFF
47434,2026-06-04 06:02:23,28.1250,8.81,1.000,8.930,OFF,#2,HOLDING,0.000A/OFF
47435,2026-06-04 06:02:24,28.1250,8.81,1.000,8.930,OFF,#2,HOLDING,0.000A/OFF
47436,2026-06-04 06:02:25,27.9500,12.00,1.000,8.930,OFF,#2,HOLDING,0.000A/OFF
47437,2026-06-04 06:02:26,27.9500,12.00,0.000,8.930,OFF,#2,HOLDING,0.000A/OFF
47438,2026-06-04 06:02:27,27.7500,12.00,0.000,0.000,OFF,#2,HOLDING,0.000A/OFF
47439,2026-06-04 06:02:28,27.7500,12.00,0.000,0.000,OFF,#2,HOLDING,0.000A/OFF
47440,2026-06-04 06:02:29,27.6125,12.00,0.000,0.000,OFF,#2,HOLDING,0.000A/OFF
47441,2026-06-04 06:02:30,27.4375,12.00,0.000,0.000,OFF,#2,HOLDING,0.000A/OFF
47442,2026-06-04 06:02:31,27.4375,12.00,0.000,0.000,OFF,#2,HOLDING,0.000A/OFF
47443,2026-06-04 06:02:32,27.2750,12.00,0.000,0.000,OFF,#2,HOLDING,0.000A/OFF
47444,2026-06-04 06:02:34,27.2750,12.00,0.000,0.000,OFF,#2,HOLDING,0.000A/OFF
47445,2026-06-04 06:02:35,27.1500,12.00,0.000,0.000,OFF,#2,HOLDING,0.000A/OFF
47446,2026-06-04 06:02:36,27.1500,12.00,0.000,0.000,OFF,#2,HOLDING,0.000A/OFF
47447,2026-06-04 06:02:37,27.0250,12.00,0.000,0.000,OFF,#2,HOLDING,0.000A/OFF
47448,2026-06-04 06:02:38,27.0250,12.00,0.000,0.000,OFF,#2,HOLDING,0.000A/OFF
47449,2026-06-04 06:02:39,26.8750,12.00,0.000,0.000,OFF,#2,HOLDING,0.000A/OFF
47450,2026-06-04 06:02:40,26.8750,12.00,0.000,0.000,OFF,#2,HOLDING,0.000A/OFF
47451,2026-06-04 06:02:41,26.7750,12.00,0.000,0.000,OFF,#2,HOLDING,0.000A/OFF
47452,2026-06-04 06:02:42,26.7750,12.00,0.000,0.000,OFF,#2,HOLDING,0.000A/OFF
47453,2026-06-04 06:02:43,26.6500,12.00,0.000,0.000,B,#2,HOLDING,0.165A/B
47454,2026-06-04 06:02:45,26.5250,10.26,0.000,0.000,B,#2,HOLDING,0.212A/B
47455,2026-06-04 06:02:46,26.4250,10.26,0.187,0.407,B,#2,HOLDING,0.274A/B
47456,2026-06-04 06:02:49,26.3375,10.26,0.187,0.407,B,#2,HOLDING,0.328A/B
47457,2026-06-04 06:02:50,26.2625,10.26,0.187,0.407,B,#2,HOLDING,0.375A/B
47458,2026-06-04 06:02:52,26.1750,3.26,0.187,0.407,B,#2,HOLDING,0.436A/B
47459,2026-06-04 06:02:54,26.1000,3.26,0.404,1.696,B,#2,HOLDING,0.499A/B
47460,2026-06-04 06:02:57,26.0250,3.26,0.404,1.696,B,#2,HOLDING,0.581A/B
47461,2026-06-04 06:02:58,25.9500,3.26,0.404,1.696,B,#2,HOLDING,0.643A/B
47462,2026-06-04 06:03:00,25.9250,5.48,0.404,1.696,B,#2,HOLDING,0.707A/B
47463,2026-06-04 06:03:02,25.8750,5.48,0.672,4.312,B,#2,HOLDING,0.779A/B
47464,2026-06-04 06:03:04,25.8375,5.48,0.672,4.312,B,#2,HOLDING,0.869A/B
47465,2026-06-04 06:03:06,25.8125,5.48,0.672,4.312,B,#2,HOLDING,0.931A/B
47466,2026-06-04 06:03:08,25.7750,7.83,0.672,4.312,B,#2,HOLDING,1.000A/B
47467,2026-06-04 06:03:10,25.7750,7.83,0.962,8.490,B,#2,HOLDING,1.071A/B
47468,2026-06-04 06:03:12,25.7500,7.83,0.962,8.490,B,#2,HOLDING,1.000A/B
47469,2026-06-04 06:03:14,25.8000,7.83,0.962,8.490,B,#2,HOLDING,1.163A/B
47470,2026-06-04 06:03:15,25.8125,9.69,0.962,8.490,B,#2,HOLDING,1.225A/B
47471,2026-06-04 06:03:17,25.8125,9.69,1.191,12.666,B,#2,HOLDING,1.302A/B
47472,2026-06-04 06:03:20,25.8750,9.69,1.191,12.666,B,#2,HOLDING,1.399A/B
47473,2026-06-04 06:03:21,25.8750,9.69,1.191,12.666,B,#2,HOLDING,1.480A/B
47474,2026-06-04 06:03:23,25.9375,12.00,1.191,12.666,B,#2,HOLDING,1.500A/B
47475,2026-06-04 06:03:25,26.0125,12.00,1.444,17.076,B,#2,HOLDING,1.500A/B
47476,2026-06-04 06:03:27,26.1000,12.00,1.444,17.076,B,#2,HOLDING,1.500A/B
47477,2026-06-04 06:03:29,26.2000,12.00,1.444,17.076,B,#2,HOLDING,1.500A/B
47478,2026-06-04 06:03:31,26.2875,12.00,1.444,17.076,B,#2,HOLDING,1.639A/B
47479,2026-06-04 06:03:33,26.4125,12.00,1.401,16.560,B,#2,HOLDING,1.000A/B
47480,2026-06-04 06:03:35,26.5375,12.00,1.401,16.560,B,#2,HOLDING,1.552A/B
47481,2026-06-04 06:03:37,26.6375,12.00,1.401,16.560,B,#2,HOLDING,1.535A/B
47482,2026-06-04 06:03:38,26.7750,12.00,1.401,16.560,B,#2,HOLDING,1.000A/B
47483,2026-06-04 06:03:40,26.9250,12.00,1.188,9.340,B,#2,HOLDING,1.494A/B
47484,2026-06-04 06:03:43,27.0250,12.00,1.188,9.340,B,#2,HOLDING,1.519A/B
47485,2026-06-04 06:03:44,27.2000,12.00,1.188,9.340,B,#2,HOLDING,1.528A/B
47486,2026-06-04 06:03:46,27.3000,12.00,1.188,9.340,B,#2,HOLDING,1.545A/B
47487,2026-06-04 06:03:48,27.4500,12.00,1.355,16.056,B,#2,HOLDING,1.545A/B
47488,2026-06-04 06:03:50,27.6000,12.00,1.355,16.056,B,#2,HOLDING,1.557A/B
47489,2026-06-04 06:03:52,27.7250,12.00,1.355,16.056,B,#2,HOLDING,1.552A/B
47490,2026-06-04 06:03:54,27.8875,12.00,1.355,16.056,B,#2,HOLDING,1.500A/B
47491,2026-06-04 06:03:56,28.0375,12.00,1.332,15.792,B,#2,HOLDING,1.500A/B
47492,2026-06-04 06:03:58,28.1750,12.00,1.332,15.792,B,#2,HOLDING,1.531A/B
47493,2026-06-04 06:04:00,28.3500,12.00,1.332,15.792,B,#2,HOLDING,1.497A/B
47494,2026-06-04 06:04:01,28.4625,12.00,1.332,15.792,B,#2,HOLDING,1.457A/B
47495,2026-06-04 06:04:03,28.6375,12.00,1.316,15.624,B,#2,HOLDING,1.384A/B
47496,2026-06-04 06:04:06,28.8000,12.00,1.316,15.624,B,#2,HOLDING,1.231A/B
47497,2026-06-04 06:04:07,28.9500,12.00,1.316,15.624,B,#2,HOLDING,1.159A/B
47498,2026-06-04 06:04:09,29.1125,10.85,1.316,15.624,B,#2,HOLDING,1.040A/B
47499,2026-06-04 06:04:11,29.2625,10.85,1.097,10.524,B,#2,HOLDING,0.894A/B
47500,2026-06-04 06:04:13,29.4000,10.85,1.097,10.524,B,#2,HOLDING,0.711A/B
47501,2026-06-04 06:04:15,29.5750,10.85,1.097,10.524,B,#2,HOLDING,0.383A/B
47502,2026-06-04 06:04:17,29.7250,5.06,1.097,10.524,B,#2,HOLDING,0.243A/B
47503,2026-06-04 06:04:19,29.8500,5.06,0.310,0.937,A,#2,HOLDING,0.263A/A
47504,2026-06-04 06:04:21,29.9875,5.06,0.310,0.937,B,#2,HOLDING,0.143A/B
47505,2026-06-04 06:04:23,30.1375,5.06,0.310,0.937,B,#2,HOLDING,0.000A/OFF
47506,2026-06-04 06:04:24,30.1375,5.06,0.310,0.937,B,#2,HOLDING,0.292A/B
47507,2026-06-04 06:04:25,30.2875,8.76,0.292,0.937,B,#2,HOLDING,0.259A/B
47508,2026-06-04 06:04:27,30.3875,8.76,0.292,1.002,B,#2,HOLDING,0.219A/B
47509,2026-06-04 06:04:29,30.4875,8.76,0.292,1.002,OFF,#2,HOLDING,0.000A/OFF
47510,2026-06-04 06:04:30,30.6125,8.76,0.292,1.002,OFF,#2,HOLDING,0.000A/OFF
47511,2026-06-04 06:04:31,30.6125,8.76,0.292,1.002,OFF,#2,HOLDING,0.000A/OFF
47512,2026-06-04 06:04:32,30.7000,8.76,0.292,1.002,OFF,#2,HOLDING,0.000A/OFF
47513,2026-06-04 06:04:33,30.7000,12.00,0.000,1.002,OFF,#2,HOLDING,0.000A/OFF
47514,2026-06-04 06:04:34,30.7750,12.00,0.000,0.000,A,#2,HOLDING,0.135A/A
47515,2026-06-04 06:04:36,30.8875,12.00,0.000,0.000,A,#2,HOLDING,0.219A/A
47516,2026-06-04 06:04:37,30.9375,12.00,0.000,0.000,A,#2,HOLDING,0.394A/A
47517,2026-06-04 06:04:39,30.9375,2.67,0.000,0.000,A,#2,HOLDING,0.411A/A
47518,2026-06-04 06:04:41,31.0125,2.67,0.411,1.233,A,#2,HOLDING,0.538A/A
47519,2026-06-04 06:04:43,31.1000,2.67,0.411,1.233,A,#2,HOLDING,0.734A/A
47520,2026-06-04 06:04:45,31.1250,2.67,0.411,1.233,A,#2,HOLDING,0.914A/A
47521,2026-06-04 06:04:47,31.1250,7.12,0.411,1.233,A,#2,HOLDING,0.938A/A
47522,2026-06-04 06:04:49,31.1250,7.12,0.938,7.091,A,#2,HOLDING,1.000A/A
47523,2026-06-04 06:04:51,31.1250,7.12,0.938,7.091,A,#2,HOLDING,1.000A/A
47524,2026-06-04 06:04:52,31.1250,7.12,0.938,7.091,A,#2,HOLDING,1.118A/A
47525,2026-06-04 06:04:54,31.1250,8.92,0.938,7.091,A,#2,HOLDING,1.000A/A
47526,2026-06-04 06:04:56,31.0875,8.92,1.057,8.260,A,#2,HOLDING,1.218A/A
47527,2026-06-04 06:04:59,30.9375,8.92,1.057,8.260,A,#2,HOLDING,1.360A/A
47528,2026-06-04 06:05:00,30.8875,8.92,1.057,8.260,A,#2,HOLDING,1.466A/A
47529,2026-06-04 06:05:02,30.8875,11.49,1.057,8.260,A,#2,HOLDING,1.596A/A
47530,2026-06-04 06:05:04,30.7750,11.49,1.491,18.060,A,#2,HOLDING,1.684A/A
47531,2026-06-04 06:05:06,30.5750,11.49,1.491,18.060,A,#2,HOLDING,1.795A/A
47532,2026-06-04 06:05:08,30.4500,11.49,1.491,18.060,A,#2,HOLDING,1.000A/A
47533,2026-06-04 06:05:10,30.4500,8.59,1.491,18.060,A,#2,HOLDING,1.894A/A
47534,2026-06-04 06:05:12,30.1250,8.59,1.488,17.700,A,#2,HOLDING,1.965A/A
47535,2026-06-04 06:05:14,30.0125,8.59,1.488,17.700,A,#2,HOLDING,1.500A/A
47536,2026-06-04 06:05:16,29.8125,8.59,1.488,17.700,A,#2,HOLDING,1.000A/A
47537,2026-06-04 06:05:17,29.6375,8.77,1.488,17.700,A,#2,HOLDING,1.500A/A
47538,2026-06-04 06:05:19,29.4875,8.77,1.463,17.364,A,#2,HOLDING,1.995A/A
47539,2026-06-04 06:05:22,29.2875,8.77,1.463,17.364,A,#2,HOLDING,2.058A/A
47540,2026-06-04 06:05:23,29.1125,8.77,1.463,17.364,A,#2,HOLDING,1.500A/A
47541,2026-06-04 06:05:25,28.8875,12.00,1.463,17.364,A,#2,HOLDING,1.500A/A
47542,2026-06-04 06:05:27,28.6875,12.00,1.453,17.292,A,#2,HOLDING,2.005A/A
47543,2026-06-04 06:05:29,28.5125,12.00,1.453,17.292,A,#2,HOLDING,1.000A/A
47544,2026-06-04 06:05:31,28.2875,12.00,1.453,17.292,A,#2,HOLDING,1.500A/A
47545,2026-06-04 06:05:33,28.0625,12.00,1.453,17.292,A,#2,HOLDING,2.000A/A
47546,2026-06-04 06:05:35,27.8125,12.00,1.431,17.040,A,#3,APPROACH,2.035A/A
47547,2026-06-04 06:05:37,27.6250,12.00,1.431,17.040,A,#3,APPROACH,0.116A/A
47548,2026-06-04 06:05:39,27.3500,12.00,1.431,17.040,OFF,#3,APPROACH,0.000A/OFF
47549,2026-06-04 06:05:40,27.3500,12.00,1.431,17.040,OFF,#3,APPROACH,0.110A/A
47550,2026-06-04 06:05:42,26.8500,12.00,1.431,17.040,OFF,#3,APPROACH,0.000A/OFF
47551,2026-06-04 06:05:43,26.8500,12.00,0.000,17.040,A,#3,APPROACH,0.108A/A
47552,2026-06-04 06:05:45,26.6250,12.00,0.000,0.000,A,#3,APPROACH,0.101A/A
47553,2026-06-04 06:05:47,26.4000,12.00,0.000,0.000,OFF,#3,HOLDING,0.000A/OFF
47554,2026-06-04 06:05:48,26.4000,12.00,0.000,0.000,OFF,#3,HOLDING,0.000A/OFF
47555,2026-06-04 06:05:49,26.2000,12.00,0.000,0.000,OFF,#3,HOLDING,0.000A/OFF
47556,2026-06-04 06:05:50,26.2000,12.00,0.000,0.000,OFF,#3,HOLDING,0.000A/OFF
47557,2026-06-04 06:05:51,26.0000,12.00,0.000,0.000,OFF,#3,HOLDING,0.000A/OFF
47558,2026-06-04 06:05:52,26.0000,12.00,0.000,0.000,OFF,#3,HOLDING,0.000A/OFF
47559,2026-06-04 06:05:53,25.8250,12.00,0.000,0.000,OFF,#3,HOLDING,0.000A/OFF
47560,2026-06-04 06:05:54,25.8250,12.00,0.000,0.000,OFF,#3,HOLDING,0.000A/OFF
47561,2026-06-04 06:05:55,25.6750,12.00,0.000,0.000,OFF,#3,HOLDING,0.000A/OFF
47562,2026-06-04 06:05:56,25.6750,12.00,0.000,0.000,OFF,#3,HOLDING,0.000A/OFF
47563,2026-06-04 06:05:57,25.5125,12.00,0.000,0.000,OFF,#3,HOLDING,0.000A/OFF
47564,2026-06-04 06:05:58,25.3625,12.00,0.000,0.000,OFF,#3,HOLDING,0.000A/OFF
47565,2026-06-04 06:05:59,25.3625,12.00,0.000,0.000,OFF,#3,HOLDING,0.000A/OFF
47566,2026-06-04 06:06:00,25.2625,12.00,0.000,0.000,OFF,#3,HOLDING,0.000A/OFF
47567,2026-06-04 06:06:01,25.2625,12.00,0.000,0.000,OFF,#3,HOLDING,0.000A/OFF
47568,2026-06-04 06:06:02,25.1375,12.00,0.000,0.000,OFF,#3,HOLDING,0.000A/OFF
47569,2026-06-04 06:06:03,25.1375,12.00,0.000,0.000,OFF,#3,HOLDING,0.000A/OFF
47570,2026-06-04 06:06:04,25.0500,12.00,0.000,0.000,OFF,#3,HOLDING,0.000A/OFF
47571,2026-06-04 06:06:05,25.0500,12.00,0.000,0.000,OFF,#3,HOLDING,0.000A/OFF
47572,2026-06-04 06:06:06,24.9500,12.00,0.000,0.000,OFF,#3,HOLDING,0.000A/OFF
47573,2026-06-04 06:06:07,24.9500,12.00,0.000,0.000,OFF,#3,HOLDING,0.000A/OFF
47574,2026-06-04 06:06:08,24.8750,12.00,0.000,0.000,OFF,#3,HOLDING,0.000A/OFF
47575,2026-06-04 06:06:09,24.8750,12.00,0.000,0.000,OFF,#3,HOLDING,0.000A/OFF
47576,2026-06-04 06:06:10,24.8250,12.00,0.000,0.000,OFF,#3,HOLDING,0.000A/OFF
47577,2026-06-04 06:06:11,24.8250,12.00,0.000,0.000,OFF,#3,HOLDING,0.000A/OFF
47578,2026-06-04 06:06:12,24.7375,12.00,0.000,0.000,B,#3,HOLDING,0.126A/B
47579,2026-06-04 06:06:13,24.6625,12.00,0.000,0.000,B,#3,HOLDING,0.155A/B
47580,2026-06-04 06:06:15,24.6625,12.00,0.000,0.000,B,#3,HOLDING,0.185A/B
47581,2026-06-04 06:06:17,24.6250,1.56,0.000,0.000,B,#3,HOLDING,0.209A/B
47582,2026-06-04 06:06:19,24.5750,1.56,0.195,0.382,B,#3,HOLDING,0.295A/B
47583,2026-06-04 06:06:21,24.4500,1.56,0.195,0.382,B,#3,HOLDING,0.366A/B
47584,2026-06-04 06:06:23,24.4500,1.56,0.195,0.382,B,#3,HOLDING,0.399A/B
47585,2026-06-04 06:06:25,24.4375,3.48,0.195,0.382,B,#3,HOLDING,0.440A/B
47586,2026-06-04 06:06:26,24.4375,3.48,0.417,1.738,B,#3,HOLDING,0.473A/B
47587,2026-06-04 06:06:29,24.3750,3.48,0.417,1.738,B,#3,HOLDING,0.539A/B
47588,2026-06-04 06:06:30,24.3750,3.48,0.417,1.738,B,#3,HOLDING,0.577A/B
47589,2026-06-04 06:06:32,24.3750,5.04,0.417,1.738,B,#3,HOLDING,0.623A/B
47590,2026-06-04 06:06:34,24.3750,5.04,0.598,3.432,B,#3,HOLDING,0.665A/B
47591,2026-06-04 06:06:37,24.3750,5.04,0.598,3.432,B,#3,HOLDING,0.724A/B
47592,2026-06-04 06:06:38,24.3750,5.04,0.598,3.432,B,#3,HOLDING,0.764A/B
47593,2026-06-04 06:06:40,24.4250,6.62,0.598,3.432,B,#3,HOLDING,0.799A/B
47594,2026-06-04 06:06:42,24.4250,6.62,0.799,5.585,B,#3,HOLDING,0.842A/B
47595,2026-06-04 06:06:44,24.4375,6.62,0.799,5.585,B,#3,HOLDING,0.897A/B
47596,2026-06-04 06:06:46,24.4375,6.62,0.799,5.585,B,#3,HOLDING,0.939A/B
47597,2026-06-04 06:06:48,24.5250,8.06,0.799,5.585,B,#3,HOLDING,0.967A/B
47598,2026-06-04 06:06:50,24.5250,8.06,0.967,8.103,B,#3,HOLDING,1.000A/B
47599,2026-06-04 06:06:52,24.6500,8.06,0.967,8.103,B,#3,HOLDING,0.945A/B
47600,2026-06-04 06:06:53,24.6500,8.06,0.967,8.103,B,#3,HOLDING,0.985A/B
47601,2026-06-04 06:06:55,24.8000,8.57,0.967,8.103,B,#3,HOLDING,1.000A/B
47602,2026-06-04 06:06:57,24.8000,8.57,1.000,8.800,B,#3,HOLDING,1.039A/B
47603,2026-06-04 06:07:00,24.9625,8.57,1.000,8.800,B,#3,HOLDING,1.057A/B
47604,2026-06-04 06:07:01,24.9625,8.57,1.000,8.800,B,#3,HOLDING,1.091A/B
47605,2026-06-04 06:07:03,25.1375,9.49,1.000,8.800,B,#3,HOLDING,1.091A/B
47606,2026-06-04 06:07:05,25.1375,9.49,1.091,10.495,B,#3,HOLDING,1.000A/B
47607,2026-06-04 06:07:07,25.3250,9.49,1.091,10.495,B,#3,HOLDING,1.105A/B
47608,2026-06-04 06:07:09,25.3250,9.49,1.091,10.495,B,#3,HOLDING,1.131A/B
47609,2026-06-04 06:07:11,25.4500,9.92,1.091,10.495,B,#3,HOLDING,1.000A/B
47610,2026-06-04 06:07:13,25.5750,9.92,1.064,9.090,B,#3,HOLDING,1.126A/B
47611,2026-06-04 06:07:15,25.8000,9.92,1.064,9.090,B,#3,HOLDING,1.097A/B
47612,2026-06-04 06:07:17,25.8000,9.92,1.064,9.090,B,#3,HOLDING,1.102A/B
47613,2026-06-04 06:07:18,25.9250,9.84,1.064,9.090,B,#3,HOLDING,1.090A/B
47614,2026-06-04 06:07:20,26.0250,9.84,1.090,10.780,B,#4,APPROACH,1.080A/B
47615,2026-06-04 06:07:23,26.3000,9.84,1.090,10.780,A,#4,APPROACH,0.270A/A
47616,2026-06-04 06:07:25,26.4250,9.84,1.090,10.780,A,#4,APPROACH,0.339A/A
47617,2026-06-04 06:07:27,26.5750,9.84,1.090,10.780,A,#4,APPROACH,0.428A/A
47618,2026-06-04 06:07:29,26.6875,7.57,0.428,10.780,A,#4,APPROACH,0.540A/A
47619,2026-06-04 06:07:31,26.8375,7.57,0.428,2.230,A,#4,APPROACH,0.660A/A
47620,2026-06-04 06:07:32,26.9500,7.57,0.428,2.230,A,#4,APPROACH,0.778A/A
47621,2026-06-04 06:07:34,27.0500,7.57,0.428,2.230,A,#4,APPROACH,0.905A/A
47622,2026-06-04 06:07:36,27.1000,7.00,0.428,2.230,A,#4,APPROACH,1.061A/A
47623,2026-06-04 06:07:38,27.1750,7.00,1.061,8.838,A,#4,APPROACH,1.238A/A
47624,2026-06-04 06:07:40,27.2125,7.00,1.061,8.838,A,#4,APPROACH,1.491A/A
47625,2026-06-04 06:07:42,27.2375,7.00,1.061,8.838,A,#4,APPROACH,1.669A/A
47626,2026-06-04 06:07:44,27.2500,12.00,1.061,8.838,A,#4,APPROACH,1.870A/A
47627,2026-06-04 06:07:46,27.2500,12.00,1.575,18.540,A,#4,APPROACH,1.000A/A
47628,2026-06-04 06:07:48,27.2375,12.00,1.575,18.540,A,#4,APPROACH,2.000A/A
47629,2026-06-04 06:07:50,27.1875,12.00,1.575,18.540,A,#4,APPROACH,2.000A/A
47630,2026-06-04 06:07:51,27.1750,12.00,1.575,18.540,A,#4,APPROACH,2.000A/A
47631,2026-06-04 06:07:53,27.1000,12.00,1.518,18.036,A,#4,APPROACH,2.056A/A
47632,2026-06-04 06:07:56,27.0500,12.00,1.518,18.036,A,#4,APPROACH,1.500A/A
47633,2026-06-04 06:07:57,26.9500,12.00,1.518,18.036,A,#4,APPROACH,2.303A/A
47634,2026-06-04 06:07:59,26.8625,12.00,1.518,18.036,A,#4,APPROACH,1.500A/A
47635,2026-06-04 06:08:01,26.7375,12.00,1.482,17.628,A,#4,APPROACH,1.500A/A
47636,2026-06-04 06:08:03,26.6375,12.00,1.482,17.628,A,#4,APPROACH,2.468A/A
47637,2026-06-04 06:08:05,26.4875,12.00,1.482,17.628,A,#4,APPROACH,1.500A/A
47638,2026-06-04 06:08:07,26.3875,12.00,1.482,17.628,A,#4,APPROACH,2.608A/A
47639,2026-06-04 06:08:09,26.2125,12.00,1.455,17.292,A,#4,APPROACH,1.500A/A
47640,2026-06-04 06:08:11,26.0750,12.00,1.455,17.292,A,#4,APPROACH,2.500A/A
47641,2026-06-04 06:08:13,25.9000,12.00,1.455,17.292,A,#4,APPROACH,2.742A/A
47642,2026-06-04 06:08:14,25.7500,12.00,1.455,17.292,A,#4,APPROACH,1.000A/A
47643,2026-06-04 06:08:16,25.5500,12.00,1.059,9.050,A,#4,APPROACH,2.000A/A
47644,2026-06-04 06:08:19,25.3625,12.00,1.059,9.050,A,#4,APPROACH,2.000A/A
47645,2026-06-04 06:08:20,25.1875,12.00,1.059,9.050,A,#4,APPROACH,2.500A/A
47646,2026-06-04 06:08:22,25.0125,12.00,1.059,9.050,A,#4,APPROACH,2.848A/A
47647,2026-06-04 06:08:24,24.8125,12.00,1.421,16.932,A,#4,APPROACH,1.500A/A
47648,2026-06-04 06:08:26,24.6250,12.00,1.421,16.932,A,#4,APPROACH,1.000A/A
47649,2026-06-04 06:08:28,24.4250,12.00,1.421,16.932,A,#4,APPROACH,1.000A/A
47650,2026-06-04 06:08:30,24.2625,9.11,1.421,16.932,A,#4,APPROACH,1.000A/A
47651,2026-06-04 06:08:32,24.0625,9.11,1.000,9.260,A,#4,APPROACH,2.000A/A
47652,2026-06-04 06:08:34,23.8875,9.11,1.000,9.260,A,#4,APPROACH,1.000A/A
47653,2026-06-04 06:08:36,23.7125,9.11,1.000,9.260,A,#4,APPROACH,2.500A/A
47654,2026-06-04 06:08:37,23.5125,12.00,1.000,9.260,A,#4,APPROACH,2.500A/A
47655,2026-06-04 06:08:39,23.3375,12.00,1.411,16.812,A,#4,APPROACH,2.500A/A
47656,2026-06-04 06:08:42,23.2000,12.00,1.411,16.812,A,#4,APPROACH,2.842A/A
47657,2026-06-04 06:08:43,23.0000,12.00,1.411,16.812,A,#4,APPROACH,1.500A/A
47658,2026-06-04 06:08:45,22.8250,12.00,1.411,16.812,A,#4,APPROACH,2.000A/A
47659,2026-06-04 06:08:47,22.6500,12.00,1.403,16.728,A,#4,HOLDING,1.000A/A
47660,2026-06-04 06:08:49,22.5125,12.00,1.403,16.728,OFF,#4,HOLDING,0.000A/OFF
47661,2026-06-04 06:08:50,22.5125,12.00,1.403,16.728,OFF,#4,HOLDING,0.000A/OFF
47662,2026-06-04 06:08:51,22.3375,12.00,1.403,16.728,OFF,#4,HOLDING,0.000A/OFF
47663,2026-06-04 06:08:52,22.3375,12.00,1.403,16.728,OFF,#4,HOLDING,0.000A/OFF
47664,2026-06-04 06:08:53,22.2000,12.00,0.000,16.728,OFF,#4,HOLDING,0.000A/OFF
47665,2026-06-04 06:08:54,22.2000,12.00,0.000,16.728,OFF,#4,HOLDING,0.000A/OFF
47666,2026-06-04 06:08:55,22.0000,12.00,0.000,0.000,OFF,#4,HOLDING,0.000A/OFF
47667,2026-06-04 06:08:56,22.0000,12.00,0.000,0.000,OFF,#4,HOLDING,0.000A/OFF
47668,2026-06-04 06:08:57,21.8375,12.00,0.000,0.000,OFF,#4,HOLDING,0.000A/OFF
47669,2026-06-04 06:08:58,21.7375,12.00,0.000,0.000,OFF,#4,HOLDING,0.000A/OFF
47670,2026-06-04 06:09:00,21.7375,12.00,0.000,0.000,OFF,#4,HOLDING,0.000A/OFF
47671,2026-06-04 06:09:01,21.6125,12.00,0.000,0.000,OFF,#4,HOLDING,0.000A/OFF
47672,2026-06-04 06:09:02,21.6125,12.00,0.000,0.000,OFF,#4,HOLDING,0.000A/OFF
47673,2026-06-04 06:09:03,21.5375,12.00,0.000,0.000,OFF,#4,HOLDING,0.000A/OFF
47674,2026-06-04 06:09:04,21.5375,12.00,0.000,0.000,OFF,#4,HOLDING,0.000A/OFF
47675,2026-06-04 06:09:05,21.4250,12.00,0.000,0.000,OFF,#4,HOLDING,0.000A/OFF
47676,2026-06-04 06:09:06,21.4250,12.00,0.000,0.000,OFF,#4,HOLDING,0.000A/OFF
47677,2026-06-04 06:09:07,21.3750,12.00,0.000,0.000,OFF,#4,HOLDING,0.000A/OFF
47678,2026-06-04 06:09:08,21.3750,12.00,0.000,0.000,OFF,#4,HOLDING,0.000A/OFF
47679,2026-06-04 06:09:09,21.3125,12.00,0.000,0.000,OFF,#4,HOLDING,0.000A/OFF
47680,2026-06-04 06:09:10,21.3125,12.00,0.000,0.000,OFF,#4,HOLDING,0.000A/OFF
47681,2026-06-04 06:09:11,21.2875,12.00,0.000,0.000,OFF,#4,HOLDING,0.000A/OFF
47682,2026-06-04 06:09:12,21.2875,12.00,0.000,0.000,OFF,#4,HOLDING,0.000A/OFF
47683,2026-06-04 06:09:13,21.2500,12.00,0.000,0.000,OFF,#4,HOLDING,0.000A/OFF
47684,2026-06-04 06:09:14,21.2500,12.00,0.000,0.000,OFF,#4,HOLDING,0.000A/OFF
47685,2026-06-04 06:09:15,21.2000,12.00,0.000,0.000,OFF,#4,HOLDING,0.000A/OFF
47686,2026-06-04 06:09:16,21.2000,12.00,0.000,0.000,OFF,#4,HOLDING,0.000A/OFF
47687,2026-06-04 06:09:17,21.1875,12.00,0.000,0.000,OFF,#4,HOLDING,0.000A/OFF
47688,2026-06-04 06:09:18,21.2125,12.00,0.000,0.000,OFF,#4,HOLDING,0.000A/OFF
47689,2026-06-04 06:09:19,21.2125,12.00,0.000,0.000,OFF,#4,HOLDING,0.000A/OFF
47690,2026-06-04 06:09:20,21.1875,12.00,0.000,0.000,OFF,#4,HOLDING,0.000A/OFF
47691,2026-06-04 06:09:21,21.1875,12.00,0.000,0.000,OFF,#4,HOLDING,0.000A/OFF
47692,2026-06-04 06:09:22,21.1875,12.00,0.000,0.000,OFF,#4,HOLDING,0.000A/OFF
47693,2026-06-04 06:09:23,21.1875,12.00,0.000,0.000,OFF,#4,HOLDING,0.000A/OFF
47694,2026-06-04 06:09:24,21.1875,12.00,0.000,0.000,OFF,#4,HOLDING,0.000A/OFF
47695,2026-06-04 06:09:25,21.1875,12.00,0.000,0.000,OFF,#4,HOLDING,0.000A/OFF
47696,2026-06-04 06:09:26,21.2125,12.00,0.000,0.000,OFF,#4,HOLDING,0.000A/OFF
47697,2026-06-04 06:09:27,21.2125,12.00,0.000,0.000,OFF,#4,HOLDING,0.000A/OFF
47698,2026-06-04 06:09:28,21.2500,12.00,0.000,0.000,B,#4,HOLDING,0.101A/B
47699,2026-06-04 06:09:29,21.2500,12.00,0.000,0.000,B,#4,HOLDING,0.120A/B
47700,2026-06-04 06:09:31,21.2500,12.00,0.000,0.000,B,#4,HOLDING,0.137A/B
47701,2026-06-04 06:09:33,21.2625,1.04,0.000,0.000,B,#4,HOLDING,0.160A/B
47702,2026-06-04 06:09:35,21.3125,1.04,0.160,0.211,B,#4,HOLDING,0.165A/B
47703,2026-06-04 06:09:37,21.3750,1.04,0.160,0.211,B,#4,HOLDING,0.176A/B
47704,2026-06-04 06:09:39,21.3750,1.04,0.160,0.211,B,#4,HOLDING,0.187A/B
47705,2026-06-04 06:09:40,21.4125,1.57,0.160,0.211,B,#4,HOLDING,0.199A/B
47706,2026-06-04 06:09:42,21.4625,1.57,0.199,0.348,B,#4,HOLDING,0.206A/B
47707,2026-06-04 06:09:45,21.5000,1.57,0.199,0.348,B,#4,HOLDING,0.213A/B
47708,2026-06-04 06:09:46,21.5000,1.57,0.199,0.348,B,#4,HOLDING,0.223A/B
47709,2026-06-04 06:09:48,21.5750,1.94,0.199,0.348,B,#5,APPROACH,0.225A/B
47710,2026-06-04 06:09:50,21.6250,1.94,0.225,0.348,OFF,#5,APPROACH,0.000A/OFF
47711,2026-06-04 06:09:51,21.6625,1.94,0.225,0.348,OFF,#5,APPROACH,0.000A/OFF
47712,2026-06-04 06:09:52,21.6625,1.94,0.225,0.000,B,#5,APPROACH,0.108A/B
47713,2026-06-04 06:09:54,21.7125,1.94,0.225,0.000,B,#5,APPROACH,0.149A/B
47714,2026-06-04 06:09:56,21.7625,1.94,0.225,0.000,B,#5,APPROACH,0.192A/B
47715,2026-06-04 06:09:57,21.8125,1.92,0.225,0.000,B,#5,APPROACH,0.228A/B
47716,2026-06-04 06:09:59,21.8750,1.92,0.228,0.513,B,#5,APPROACH,0.272A/B
47717,2026-06-04 06:10:02,21.9000,1.92,0.228,0.513,B,#5,APPROACH,0.336A/B
47718,2026-06-04 06:10:03,21.9750,1.92,0.228,0.513,B,#5,APPROACH,0.369A/B
47719,2026-06-04 06:10:05,22.0250,3.40,0.228,0.513,B,#5,APPROACH,0.412A/B
47720,2026-06-04 06:10:07,22.1000,3.40,0.412,1.602,B,#5,APPROACH,0.443A/B
47721,2026-06-04 06:10:09,22.1500,3.40,0.412,1.602,B,#5,APPROACH,0.494A/B
47722,2026-06-04 06:10:11,22.2125,3.40,0.412,1.602,B,#5,HOLDING,0.471A/B
47723,2026-06-04 06:10:13,22.3125,3.40,0.412,1.602,OFF,#5,HOLDING,0.000A/OFF
47724,2026-06-04 06:10:14,22.3500,4.34,0.412,1.602,OFF,#5,HOLDING,0.000A/OFF
47725,2026-06-04 06:10:15,22.3500,4.34,0.471,1.602,OFF,#5,HOLDING,0.000A/OFF
47726,2026-06-04 06:10:16,22.4000,4.34,0.471,0.024,OFF,#5,HOLDING,0.000A/OFF
47727,2026-06-04 06:10:17,22.4000,4.34,0.471,0.024,OFF,#5,HOLDING,0.000A/OFF
47728,2026-06-04 06:10:18,22.4750,4.34,0.471,0.024,OFF,#5,HOLDING,0.000A/OFF
47729,2026-06-04 06:10:19,22.4750,4.34,0.471,0.024,B,#5,HOLDING,0.116A/B
47730,2026-06-04 06:10:20,22.5500,12.00,0.116,0.024,B,#5,HOLDING,0.128A/B
47731,2026-06-04 06:10:22,22.6125,12.00,0.116,0.177,B,#5,HOLDING,0.157A/B
47732,2026-06-04 06:10:24,22.7125,12.00,0.116,0.177,B,#5,HOLDING,0.162A/B
47733,2026-06-04 06:10:26,22.7250,12.00,0.116,0.177,B,#5,HOLDING,0.184A/B
47734,2026-06-04 06:10:27,22.8000,1.90,0.116,0.177,B,#5,HOLDING,0.198A/B
47735,2026-06-04 06:10:29,22.8750,1.90,0.198,0.403,B,#5,HOLDING,0.214A/B
47736,2026-06-04 06:10:32,22.9250,1.90,0.198,0.403,B,#5,HOLDING,0.224A/B
47737,2026-06-04 06:10:33,22.9375,1.90,0.198,0.403,B,#5,HOLDING,0.238A/B
47738,2026-06-04 06:10:35,22.9875,2.38,0.198,0.403,B,#5,HOLDING,0.249A/B
47739,2026-06-04 06:10:37,23.0625,2.38,0.249,0.634,B,#5,HOLDING,0.251A/B
47740,2026-06-04 06:10:39,23.1125,2.38,0.249,0.634,B,#5,HOLDING,0.253A/B
47741,2026-06-04 06:10:41,23.1375,2.38,0.249,0.634,B,#5,HOLDING,0.257A/B
47742,2026-06-04 06:10:43,23.2125,2.61,0.249,0.634,B,#5,HOLDING,0.256A/B
47743,2026-06-04 06:10:45,23.2500,2.61,0.256,0.701,B,#5,HOLDING,0.254A/B
47744,2026-06-04 06:10:47,23.3000,2.61,0.256,0.701,B,#5,HOLDING,0.248A/B
47745,2026-06-04 06:10:49,23.3500,2.61,0.256,0.701,B,#5,HOLDING,0.245A/B
47746,2026-06-04 06:10:50,23.3750,2.60,0.256,0.701,B,#5,HOLDING,0.240A/B
47747,2026-06-04 06:10:52,23.4375,2.60,0.240,0.631,B,#5,HOLDING,0.229A/B
47748,2026-06-04 06:10:55,23.4625,2.60,0.240,0.631,B,#5,HOLDING,0.220A/B
47749,2026-06-04 06:10:56,23.5125,2.60,0.240,0.631,B,#5,HOLDING,0.207A/B
47750,2026-06-04 06:10:58,23.5625,2.34,0.240,0.631,B,#5,HOLDING,0.194A/B
47751,2026-06-04 06:11:00,23.6250,2.34,0.194,0.436,B,#5,HOLDING,0.174A/B
47752,2026-06-04 06:11:02,23.6250,2.34,0.194,0.436,B,#5,HOLDING,0.160A/B
47753,2026-06-04 06:11:04,23.6875,2.34,0.194,0.436,B,#5,HOLDING,0.142A/B
47754,2026-06-04 06:11:06,23.7125,1.80,0.194,0.436,B,#5,HOLDING,0.126A/B
47755,2026-06-04 06:11:08,23.7750,1.80,0.126,0.436,OFF,#5,HOLDING,0.000A/OFF
47756,2026-06-04 06:11:09,23.7750,1.80,0.126,0.210,OFF,#5,HOLDING,0.000A/OFF
47757,2026-06-04 06:11:10,23.8000,1.80,0.126,0.210,OFF,#5,HOLDING,0.000A/OFF
47758,2026-06-04 06:11:11,23.8000,1.80,0.126,0.210,OFF,#5,HOLDING,0.000A/OFF
47759,2026-06-04 06:11:12,23.8125,1.80,0.126,0.210,OFF,--,DONE,0.000A/OFF
47760,2026-06-04 06:11:14,23.8625,11.51,0.126,0.210,OFF,--,DONE,--
47761,2026-06-04 06:11:15,23.8625,11.51,0.000,0.210,OFF,--,DONE,--
47762,2026-06-04 06:11:16,23.9000,11.51,0.000,0.000,OFF,--,DONE,--
47763,2026-06-04 06:11:17,23.9000,11.51,0.000,0.000,OFF,--,DONE,--
47764,2026-06-04 06:11:18,23.9250,4.75,0.000,0.000,OFF,--,DONE,--
47765,2026-06-04 06:11:19,23.9250,4.75,0.000,0.000,OFF,--,DONE,--
47766,2026-06-04 06:11:20,23.9375,4.75,0.000,0.000,OFF,--,DONE,--
47767,2026-06-04 06:11:21,23.9375,4.75,0.000,0.000,OFF,--,DONE,--
47768,2026-06-04 06:11:22,23.9625,1.85,0.000,0.000,OFF,--,DONE,--
47769,2026-06-04 06:11:23,23.9625,1.85,0.000,0.000,OFF,--,DONE,--
47770,2026-06-04 06:11:24,24.0000,1.85,0.000,0.000,OFF,--,DONE,--
47771,2026-06-04 06:11:25,24.0000,0.72,0.000,0.000,OFF,--,DONE,--
47772,2026-06-04 06:11:26,24.0000,0.72,0.000,0.000,OFF,--,DONE,--
47773,2026-06-04 06:11:27,24.0000,0.72,0.000,0.000,OFF,--,DONE,--
47774,2026-06-04 06:11:28,24.0000,0.72,0.000,0.000,OFF,--,DONE,--
47775,2026-06-04 06:11:29,24.0000,0.22,0.000,0.000,OFF,--,DONE,--
47776,2026-06-04 06:11:30,24.0000,0.22,0.000,0.000,OFF,--,DONE,--
47777,2026-06-04 06:11:31,24.0375,0.22,0.000,0.000,OFF,--,DONE,--
47778,2026-06-04 06:11:32,24.0375,0.00,0.000,0.000,OFF,--,DONE,--
47779,2026-06-04 06:11:33,24.0375,0.00,0.000,0.000,OFF,--,DONE,--
47780,2026-06-04 06:11:34,24.0375,0.00,0.000,0.000,OFF,--,DONE,--
47781,2026-06-04 06:11:35,24.0625,0.00,0.000,0.000,OFF,--,DONE,--
47782,2026-06-04 06:11:36,24.0625,0.00,0.000,0.000,OFF,--,DONE,--
47783,2026-06-04 06:11:37,24.0625,0.00,0.000,0.000,OFF,--,DONE,--
47784,2026-06-04 06:11:38,24.0625,0.00,0.000,0.000,OFF,--,DONE,--
47785,2026-06-04 06:11:39,24.0625,0.00,0.000,0.000,OFF,--,DONE,--
47786,2026-06-04 06:11:40,24.0625,0.00,0.000,0.000,OFF,--,DONE,--
47787,2026-06-04 06:11:41,24.0625,0.00,0.000,0.000,OFF,--,DONE,--
47788,2026-06-04 06:11:42,24.0625,0.00,0.000,0.000,OFF,--,DONE,--
47789,2026-06-04 06:11:43,24.0625,0.00,0.000,0.000,OFF,--,DONE,--
47790,2026-06-04 06:11:44,24.0625,0.00,0.000,0.000,OFF,--,DONE,--
47791,2026-06-04 06:11:45,24.0625,0.00,0.000,0.000,OFF,--,DONE,--
47792,2026-06-04 06:11:46,24.0625,0.00,0.000,0.000,OFF,--,DONE,--
47793,2026-06-04 06:11:47,24.0625,0.00,0.000,0.000,OFF,--,DONE,--
47794,2026-06-04 06:11:48,24.0625,0.00,0.000,0.000,OFF,--,DONE,--
47795,2026-06-04 06:11:49,24.0625,0.00,0.000,0.000,OFF,--,DONE,--
47796,2026-06-04 06:11:50,24.0625,0.00,0.000,0.000,OFF,--,DONE,--
47797,2026-06-04 06:11:51,24.0625,0.00,0.000,0.000,OFF,--,DONE,--
47798,2026-06-04 06:11:52,24.0375,0.00,0.000,0.000,OFF,--,DONE,--
47799,2026-06-04 06:11:53,24.0375,0.00,0.000,0.000,OFF,--,DONE,--
47800,2026-06-04 06:11:54,24.0625,0.00,0.000,0.000,OFF,--,DONE,--
47801,2026-06-04 06:11:55,24.0625,0.00,0.000,0.000,OFF,--,DONE,--
47802,2026-06-04 06:11:56,24.0375,0.00,0.000,0.000,OFF,--,DONE,--
47803,2026-06-04 06:11:57,24.0375,0.00,0.000,0.000,OFF,--,DONE,--
47804,2026-06-04 06:11:58,24.0125,0.00,0.000,0.000,OFF,--,DONE,--
47805,2026-06-04 06:11:59,24.0125,0.00,0.000,0.000,OFF,--,DONE,--
47806,2026-06-04 06:12:00,24.0125,0.00,0.000,0.000,OFF,--,DONE,--
47807,2026-06-04 06:12:01,24.0125,0.00,0.000,0.000,OFF,--,DONE,--
47808,2026-06-04 06:12:02,24.0000,0.00,0.000,0.000,OFF,--,DONE,--
47809,2026-06-04 06:12:03,24.0000,0.00,0.000,0.000,OFF,--,DONE,--
47810,2026-06-04 06:12:04,24.0000,0.00,0.000,0.000,OFF,--,DONE,--
47811,2026-06-04 06:12:05,24.0000,0.00,0.000,0.000,OFF,--,DONE,--
47812,2026-06-04 06:12:06,24.0000,0.00,0.000,0.000,OFF,--,DONE,--
47813,2026-06-04 06:12:07,23.9750,0.00,0.000,0.000,OFF,--,DONE,--
47814,2026-06-04 06:12:08,23.9750,0.00,0.000,0.000,OFF,--,DONE,--
47815,2026-06-04 06:12:09,23.9375,0.00,0.000,0.000,OFF,--,DONE,--
47816,2026-06-04 06:12:10,23.9375,0.00,0.000,0.000,OFF,--,DONE,--
47817,2026-06-04 06:12:11,23.9375,0.00,0.000,0.000,OFF,--,DONE,--
47818,2026-06-04 06:12:12,23.9375,0.00,0.000,0.000,OFF,--,DONE,--
47819,2026-06-04 06:12:13,23.9375,0.00,0.000,0.000,OFF,--,DONE,--
47820,2026-06-04 06:12:14,23.9375,0.00,0.000,0.000,OFF,--,DONE,--
47821,2026-06-04 06:12:15,23.8875,0.00,0.000,0.000,OFF,--,DONE,--
47822,2026-06-04 06:12:16,23.8875,0.00,0.000,0.000,OFF,--,DONE,--
47823,2026-06-04 06:12:17,23.9000,0.00,0.000,0.000,OFF,--,DONE,--
47824,2026-06-04 06:12:19,23.9000,0.00,0.000,0.000,OFF,--,DONE,--
47825,2026-06-04 06:12:20,23.8750,0.00,0.000,0.000,OFF,--,DONE,--
47826,2026-06-04 06:12:21,23.8750,0.00,0.000,0.000,OFF,--,DONE,--
47827,2026-06-04 06:12:22,23.8750,0.00,0.000,0.000,OFF,--,DONE,--
47828,2026-06-04 06:12:23,23.8500,0.00,0.000,0.000,OFF,--,DONE,--
47829,2026-06-04 06:12:24,23.8500,0.00,0.000,0.000,OFF,--,DONE,--
47830,2026-06-04 06:12:25,23.8625,0.00,0.000,0.000,OFF,--,DONE,--
47831,2026-06-04 06:12:26,23.8625,0.00,0.000,0.000,OFF,--,DONE,--
47832,2026-06-04 06:12:27,23.8125,0.00,0.000,0.000,OFF,--,DONE,--
47833,2026-06-04 06:12:28,23.8125,0.00,0.000,0.000,OFF,--,DONE,--
47834,2026-06-04 06:12:29,23.8125,0.00,0.000,0.000,OFF,--,DONE,--
47835,2026-06-04 06:12:30,23.8125,0.00,0.000,0.000,OFF,--,DONE,--
47836,2026-06-04 06:12:31,23.7875,0.00,0.000,0.000,OFF,--,DONE,--
47837,2026-06-04 06:12:32,23.7875,0.00,0.000,0.000,OFF,--,DONE,--
47838,2026-06-04 06:12:33,23.8125,0.00,0.000,0.000,OFF,--,DONE,--
47839,2026-06-04 06:12:34,23.8125,0.00,0.000,0.000,OFF,--,DONE,--
47840,2026-06-04 06:12:35,23.7625,0.00,0.000,0.000,OFF,--,DONE,--
47841,2026-06-04 06:12:36,23.7625,0.00,0.000,0.000,OFF,--,DONE,--
47842,2026-06-04 06:12:37,23.7500,0.00,0.000,0.000,OFF,--,DONE,--
47843,2026-06-04 06:12:38,23.7500,0.00,0.000,0.000,OFF,--,DONE,--
47844,2026-06-04 06:12:39,23.7500,0.00,0.000,0.000,OFF,--,DONE,--
47845,2026-06-04 06:12:40,23.7375,0.00,0.000,0.000,OFF,--,DONE,--
47846,2026-06-04 06:12:41,23.7375,0.00,0.000,0.000,OFF,--,DONE,--
47847,2026-06-04 06:12:42,23.6875,0.00,0.000,0.000,OFF,--,DONE,--
47848,2026-06-04 06:12:43,23.6875,0.00,0.000,0.000,OFF,--,DONE,--
47849,2026-06-04 06:12:44,23.6875,0.00,0.000,0.000,OFF,--,DONE,--
47850,2026-06-04 06:12:45,23.6875,0.00,0.000,0.000,OFF,--,DONE,--
47851,2026-06-04 06:12:46,23.6875,0.00,0.000,0.000,OFF,--,DONE,--
47852,2026-06-04 06:12:47,23.6875,0.00,0.000,0.000,OFF,--,DONE,--
47853,2026-06-04 06:12:48,23.6875,0.00,0.000,0.000,OFF,--,DONE,--
47854,2026-06-04 06:12:49,23.6875,0.00,0.000,0.000,OFF,--,DONE,--
47855,2026-06-04 06:12:50,23.6375,0.00,0.000,0.000,OFF,--,DONE,--
47856,2026-06-04 06:12:51,23.6375,0.00,0.000,0.000,OFF,--,DONE,--
47857,2026-06-04 06:12:52,23.6750,0.00,0.000,0.000,OFF,--,DONE,--
47858,2026-06-04 06:12:53,23.6250,0.00,0.000,0.000,OFF,--,DONE,--
47859,2026-06-04 06:12:54,23.6250,0.00,0.000,0.000,OFF,--,DONE,--
47860,2026-06-04 06:12:55,23.6250,0.00,0.000,0.000,OFF,--,DONE,--
47861,2026-06-04 06:12:56,23.6250,0.00,0.000,0.000,OFF,--,DONE,--
47862,2026-06-04 06:12:57,23.6000,0.00,0.000,0.000,OFF,--,DONE,--
47863,2026-06-04 06:12:58,23.6000,0.00,0.000,0.000,OFF,--,DONE,--
47864,2026-06-04 06:12:59,23.5875,0.00,0.000,0.000,OFF,--,DONE,--
47865,2026-06-04 06:13:00,23.5875,0.00,0.000,0.000,OFF,--,DONE,--
47866,2026-06-04 06:13:01,23.5875,0.00,0.000,0.000,OFF,--,DONE,--
47867,2026-06-04 06:13:02,23.5875,0.00,0.000,0.000,OFF,--,DONE,--
47868,2026-06-04 06:13:04,23.5625,0.00,0.000,0.000,OFF,--,DONE,--
47869,2026-06-04 06:13:05,23.5625,0.00,0.000,0.000,OFF,--,DONE,--
47870,2026-06-04 06:13:06,23.5625,0.00,0.000,0.000,OFF,--,DONE,--
47871,2026-06-04 06:13:07,23.5625,0.00,0.000,0.000,OFF,--,DONE,--
47872,2026-06-04 06:13:08,23.5625,0.00,0.000,0.000,OFF,--,DONE,--
47873,2026-06-04 06:13:09,23.5625,0.00,0.000,0.000,OFF,--,DONE,--
47874,2026-06-04 06:13:10,23.5625,0.00,0.000,0.000,OFF,--,DONE,--
47875,2026-06-04 06:13:11,23.5625,0.00,0.000,0.000,OFF,--,DONE,--
47876,2026-06-04 06:13:12,23.5625,0.00,0.000,0.000,OFF,--,DONE,--
47877,2026-06-04 06:13:13,23.5375,0.00,0.000,0.000,OFF,--,DONE,--
47878,2026-06-04 06:13:14,23.5375,0.00,0.000,0.000,OFF,--,DONE,--
47879,2026-06-04 06:13:15,23.5250,0.00,0.000,0.000,OFF,--,DONE,--
47880,2026-06-04 06:13:16,23.5250,0.00,0.000,0.000,A,#1,APPROACH,2.464A/A
47881,2026-06-04 06:13:18,23.5000,0.00,0.000,0.000,A,#1,APPROACH,2.500A/A
47882,2026-06-04 06:13:20,23.5000,0.00,0.000,0.000,A,#1,APPROACH,2.120A/A
47883,2026-06-04 06:13:22,23.5000,0.00,0.000,0.000,A,#1,APPROACH,2.500A/A
47884,2026-06-04 06:13:24,23.5000,12.00,1.534,0.000,A,#1,APPROACH,1.500A/A
47885,2026-06-04 06:13:25,23.5000,12.00,1.534,17.820,A,#1,APPROACH,2.500A/A
47886,2026-06-04 06:13:27,23.4250,12.00,1.534,17.820,A,#1,APPROACH,2.500A/A
47887,2026-06-04 06:13:29,23.3750,12.00,1.534,17.820,A,#1,APPROACH,2.425A/A
47888,2026-06-04 06:13:30,23.3250,12.00,1.534,17.820,A,#1,APPROACH,1.000A/A
47889,2026-06-04 06:13:32,23.2250,12.00,1.026,8.780,A,#1,APPROACH,2.428A/A
47890,2026-06-04 06:13:35,23.1500,12.00,1.026,8.780,A,#1,APPROACH,2.986A/A
47891,2026-06-04 06:13:36,23.0750,12.00,1.026,8.780,A,#1,APPROACH,2.184A/A
47892,2026-06-04 06:13:38,22.9250,12.00,1.026,8.780,A,#1,APPROACH,1.500A/A
47893,2026-06-04 06:13:40,22.8000,12.00,1.463,17.388,A,#1,APPROACH,1.000A/A
47894,2026-06-04 06:13:42,22.7000,12.00,1.463,17.388,A,#1,APPROACH,1.000A/A
47895,2026-06-04 06:13:44,22.5750,12.00,1.463,17.388,A,#1,APPROACH,1.539A/A
47896,2026-06-04 06:13:46,22.4250,12.00,1.463,17.388,A,#1,APPROACH,1.701A/A
47897,2026-06-04 06:13:48,22.3000,12.00,1.441,17.184,A,#1,APPROACH,1.791A/A
47898,2026-06-04 06:13:50,22.1750,12.00,1.441,17.184,A,#1,APPROACH,1.500A/A
47899,2026-06-04 06:13:52,22.0250,12.00,1.441,17.184,A,#1,APPROACH,2.028A/A
47900,2026-06-04 06:13:54,21.8625,12.00,1.441,17.184,A,#1,APPROACH,1.500A/A
47901,2026-06-04 06:13:55,21.7125,12.00,1.433,17.052,A,#1,APPROACH,2.106A/A
47902,2026-06-04 06:13:58,21.5750,12.00,1.433,17.052,A,#1,APPROACH,2.239A/A
47903,2026-06-04 06:13:59,21.4250,12.00,1.433,17.052,A,#1,APPROACH,1.000A/A
47904,2026-06-04 06:14:01,21.2750,9.13,1.433,17.052,A,#1,APPROACH,1.500A/A
47905,2026-06-04 06:14:03,21.1250,9.13,1.210,16.932,A,#1,APPROACH,2.159A/A
47906,2026-06-04 06:14:05,21.0125,9.13,1.210,16.932,A,#1,APPROACH,1.000A/A
47907,2026-06-04 06:14:07,20.8625,9.13,1.210,16.932,A,#1,APPROACH,1.500A/A
47908,2026-06-04 06:14:09,20.7000,12.00,1.210,16.932,A,#1,APPROACH,1.000A/A
47909,2026-06-04 06:14:11,20.5500,12.00,1.210,9.220,A,#1,APPROACH,2.234A/A
47910,2026-06-04 06:14:13,20.4000,12.00,1.210,9.220,A,#1,APPROACH,2.322A/A
47911,2026-06-04 06:14:15,20.3000,12.00,1.210,9.220,A,#1,APPROACH,1.000A/A
47912,2026-06-04 06:14:17,20.1500,9.16,1.210,9.220,A,#1,APPROACH,2.367A/A
47913,2026-06-04 06:14:18,20.0250,9.16,1.206,16.812,A,#1,APPROACH,1.000A/A
47914,2026-06-04 06:14:21,19.9250,9.16,1.206,16.812,A,#1,APPROACH,1.500A/A
47915,2026-06-04 06:14:22,19.8000,9.16,1.206,16.812,A,#1,APPROACH,1.000A/A
47916,2026-06-04 06:14:24,19.6750,9.17,1.206,16.812,A,#1,APPROACH,2.400A/A
47917,2026-06-04 06:14:26,19.5250,9.17,1.206,16.800,A,#1,APPROACH,1.000A/A
47918,2026-06-04 06:14:28,19.4250,9.17,1.206,16.800,A,#1,HOLDING,2.378A/A
47919,2026-06-04 06:14:30,19.3000,9.17,1.206,16.800,OFF,#1,HOLDING,0.000A/OFF
47920,2026-06-04 06:14:31,19.3000,9.17,1.206,16.800,OFF,#1,HOLDING,0.000A/OFF
47921,2026-06-04 06:14:32,19.1875,12.00,1.206,16.800,OFF,#1,HOLDING,0.000A/OFF
47922,2026-06-04 06:14:33,19.1875,12.00,1.407,16.800,OFF,#1,HOLDING,0.000A/OFF
47923,2026-06-04 06:14:34,19.0875,12.00,1.407,0.000,OFF,#1,HOLDING,0.000A/OFF
47924,2026-06-04 06:14:35,19.0875,12.00,1.407,0.000,OFF,#1,HOLDING,0.000A/OFF
47925,2026-06-04 06:14:36,18.9875,12.00,1.407,0.000,OFF,#1,HOLDING,0.000A/OFF
47926,2026-06-04 06:14:37,18.9875,12.00,1.407,0.000,OFF,#1,HOLDING,0.000A/OFF
47927,2026-06-04 06:14:38,18.8875,12.00,1.407,0.000,OFF,#1,HOLDING,0.000A/OFF
47928,2026-06-04 06:14:39,18.8875,12.00,0.000,0.000,A,#1,HOLDING,0.111A/A
47929,2026-06-04 06:14:41,18.8000,12.00,0.000,0.281,A,#1,HOLDING,0.111A/A
47930,2026-06-04 06:14:42,18.7500,12.00,0.000,0.281,A,#1,HOLDING,0.131A/A
47931,2026-06-04 06:14:44,18.6875,12.00,0.000,0.281,A,#1,HOLDING,0.130A/A
47932,2026-06-04 06:14:46,18.6375,1.95,0.000,0.281,A,#1,HOLDING,0.140A/A
47933,2026-06-04 06:14:48,18.6250,1.95,0.140,0.282,A,#1,HOLDING,0.149A/A
47934,2026-06-04 06:14:50,18.6250,1.95,0.140,0.282,A,#1,HOLDING,0.162A/A
47935,2026-06-04 06:14:52,18.5625,1.95,0.140,0.282,A,#1,HOLDING,0.162A/A
47936,2026-06-04 06:14:53,18.5625,2.09,0.140,0.282,A,#1,HOLDING,0.165A/A
47937,2026-06-04 06:14:55,18.6000,2.09,0.165,0.348,A,#1,HOLDING,0.172A/A
47938,2026-06-04 06:14:58,18.6000,2.09,0.165,0.348,A,#1,HOLDING,0.183A/A
47939,2026-06-04 06:14:59,18.6250,2.09,0.165,0.348,A,#1,HOLDING,0.190A/A
47940,2026-06-04 06:15:01,18.6250,2.19,0.165,0.348,A,#1,HOLDING,0.191A/A
47941,2026-06-04 06:15:03,18.6375,2.19,0.191,0.427,A,#1,HOLDING,0.198A/A
47942,2026-06-04 06:15:05,18.6625,2.19,0.191,0.427,A,#1,HOLDING,0.204A/A
47943,2026-06-04 06:15:07,18.6875,2.19,0.191,0.427,A,#1,HOLDING,0.213A/A
47944,2026-06-04 06:15:09,18.7375,2.33,0.191,0.427,A,#1,HOLDING,0.225A/A
47945,2026-06-04 06:15:11,18.7500,2.33,0.225,0.558,A,#1,HOLDING,0.234A/A
47946,2026-06-04 06:15:13,18.7750,2.33,0.225,0.558,A,#1,HOLDING,0.246A/A
47947,2026-06-04 06:15:15,18.8125,2.33,0.225,0.558,A,#1,HOLDING,0.255A/A
47948,2026-06-04 06:15:16,18.8625,2.64,0.225,0.558,A,#1,HOLDING,0.272A/A
47949,2026-06-04 06:15:18,18.8875,2.64,0.272,0.777,A,#1,HOLDING,0.287A/A
47950,2026-06-04 06:15:21,18.9375,2.64,0.272,0.777,A,#1,HOLDING,0.308A/A
47951,2026-06-04 06:15:22,18.9750,2.64,0.272,0.777,A,#1,HOLDING,0.322A/A
47952,2026-06-04 06:15:24,19.0000,3.24,0.272,0.777,A,#1,HOLDING,0.341A/A
47953,2026-06-04 06:15:26,19.0625,3.24,0.341,1.183,A,#1,HOLDING,0.364A/A
47954,2026-06-04 06:15:28,19.0625,3.24,0.341,1.183,A,#1,HOLDING,0.387A/A
47955,2026-06-04 06:15:30,19.1250,3.24,0.341,1.183,A,#2,APPROACH,0.412A/A
47956,2026-06-04 06:15:32,19.1250,3.24,0.341,1.183,OFF,#2,APPROACH,0.000A/OFF
47957,2026-06-04 06:15:33,19.1250,2.46,0.341,1.183,OFF,#2,APPROACH,0.000A/OFF
47958,2026-06-04 06:15:34,19.1375,2.46,0.000,1.183,OFF,#2,APPROACH,0.000A/OFF
47959,2026-06-04 06:15:35,19.1375,2.46,0.000,0.000,B,#2,APPROACH,0.117A/B
47960,2026-06-04 06:15:37,19.2000,2.46,0.000,0.000,B,#2,APPROACH,0.160A/B
47961,2026-06-04 06:15:39,19.2000,2.46,0.000,0.000,B,#2,APPROACH,0.198A/B
47962,2026-06-04 06:15:41,19.2250,1.61,0.000,0.000,B,#2,APPROACH,0.234A/B
47963,2026-06-04 06:15:42,19.2875,1.61,0.234,0.493,B,#2,APPROACH,0.268A/B
47964,2026-06-04 06:15:45,19.3750,1.61,0.234,0.493,B,#2,HOLDING,0.255A/B
47965,2026-06-04 06:15:46,19.3750,1.61,0.234,0.493,OFF,#2,HOLDING,0.000A/OFF
47966,2026-06-04 06:15:47,19.4250,1.61,0.234,0.493,OFF,#2,HOLDING,0.000A/OFF
47967,2026-06-04 06:15:48,19.4250,12.00,0.234,0.493,OFF,#2,HOLDING,0.000A/OFF
47968,2026-06-04 06:15:50,19.5000,12.00,0.000,0.493,OFF,#2,HOLDING,0.000A/OFF
47969,2026-06-04 06:15:51,19.5500,12.00,0.000,0.000,OFF,#2,HOLDING,0.000A/OFF
47970,2026-06-04 06:15:52,19.5500,12.00,0.000,0.000,OFF,#2,HOLDING,0.000A/OFF
47971,2026-06-04 06:15:53,19.6250,12.00,0.000,0.000,B,#2,HOLDING,0.103A/B
47972,2026-06-04 06:15:54,19.6750,12.00,0.000,0.000,B,#2,HOLDING,0.131A/B
47973,2026-06-04 06:15:56,19.6750,7.07,0.131,0.000,B,#2,HOLDING,0.151A/B
47974,2026-06-04 06:15:58,19.7875,7.07,0.131,0.208,B,#2,HOLDING,0.172A/B
47975,2026-06-04 06:15:59,19.8375,7.07,0.131,0.208,B,#2,HOLDING,0.186A/B
47976,2026-06-04 06:16:01,19.9125,7.07,0.131,0.208,B,#2,HOLDING,0.191A/B
47977,2026-06-04 06:16:03,19.9875,1.75,0.131,0.208,B,#2,HOLDING,0.206A/B
47978,2026-06-04 06:16:05,20.0750,1.75,0.206,0.440,B,#2,HOLDING,0.212A/B
47979,2026-06-04 06:16:07,20.1250,1.75,0.206,0.440,B,#2,HOLDING,0.225A/B
47980,2026-06-04 06:16:09,20.2250,1.75,0.206,0.440,B,#2,HOLDING,0.224A/B
47981,2026-06-04 06:16:11,20.3250,2.15,0.206,0.440,B,#2,HOLDING,0.222A/B
47982,2026-06-04 06:16:12,20.3875,2.15,0.222,0.512,B,#2,HOLDING,0.216A/B
47983,2026-06-04 06:16:15,20.4625,2.15,0.222,0.512,B,#2,HOLDING,0.213A/B
47984,2026-06-04 06:16:16,20.5375,2.15,0.222,0.512,B,#2,HOLDING,0.207A/B
47985,2026-06-04 06:16:18,20.6125,2.19,0.222,0.512,B,#2,HOLDING,0.194A/B
47986,2026-06-04 06:16:20,20.7000,2.19,0.194,0.409,B,#2,HOLDING,0.176A/B
47987,2026-06-04 06:16:23,20.7750,2.19,0.194,0.409,B,#2,HOLDING,0.156A/B
47988,2026-06-04 06:16:24,20.8500,2.19,0.194,0.409,B,#2,HOLDING,0.137A/B
47989,2026-06-04 06:16:26,20.9250,1.61,0.194,0.409,B,#2,HOLDING,0.115A/B
47990,2026-06-04 06:16:28,20.9750,1.61,0.115,0.409,OFF,#2,HOLDING,0.000A/OFF
47991,2026-06-04 06:16:29,20.9750,1.61,0.115,0.164,OFF,#2,HOLDING,0.000A/OFF
47992,2026-06-04 06:16:30,21.0750,1.61,0.115,0.164,OFF,#2,HOLDING,0.000A/OFF
47993,2026-06-04 06:16:31,21.0750,1.61,0.115,0.164,OFF,#2,HOLDING,0.000A/OFF
47994,2026-06-04 06:16:32,21.1375,1.61,0.115,0.164,OFF,#2,HOLDING,0.000A/OFF
47995,2026-06-04 06:16:33,21.2125,1.61,0.115,0.164,OFF,#2,HOLDING,0.000A/OFF
47996,2026-06-04 06:16:34,21.2125,12.00,0.115,0.164,OFF,#2,HOLDING,0.000A/OFF
47997,2026-06-04 06:16:35,21.2625,12.00,0.000,0.164,OFF,#2,HOLDING,0.000A/OFF
47998,2026-06-04 06:16:36,21.2625,12.00,0.000,0.000,OFF,#2,HOLDING,0.000A/OFF
47999,2026-06-04 06:16:37,21.3375,12.00,0.000,0.000,A,#2,HOLDING,0.122A/A
48000,2026-06-04 06:16:39,21.3375,12.00,0.000,0.000,A,#2,HOLDING,0.145A/A
48001,2026-06-04 06:16:40,21.4125,1.35,0.000,0.000,A,#2,HOLDING,0.193A/A
48002,2026-06-04 06:16:42,21.4625,1.35,0.167,0.362,A,#2,HOLDING,0.230A/A
48003,2026-06-04 06:16:44,21.5125,1.35,0.167,0.362,A,#2,HOLDING,0.294A/A
48004,2026-06-04 06:16:46,21.5625,1.35,0.167,0.362,A,#2,HOLDING,0.334A/A
48005,2026-06-04 06:16:48,21.6250,3.09,0.167,0.362,A,#2,HOLDING,0.388A/A
48006,2026-06-04 06:16:50,21.6500,3.09,0.358,1.392,A,#2,HOLDING,0.438A/A
48007,2026-06-04 06:16:52,21.6875,3.09,0.358,1.392,A,#2,HOLDING,0.503A/A
48008,2026-06-04 06:16:54,21.6875,3.09,0.358,1.392,A,#2,HOLDING,0.541A/A
48009,2026-06-04 06:16:56,21.7500,4.85,0.358,1.392,A,#2,HOLDING,0.602A/A
48010,2026-06-04 06:16:57,21.7750,4.85,0.569,3.286,A,#2,HOLDING,0.657A/A
48011,2026-06-04 06:17:00,21.7875,4.85,0.569,3.286,A,#2,HOLDING,0.729A/A
48012,2026-06-04 06:17:01,21.8125,4.85,0.569,3.286,A,#2,HOLDING,0.776A/A
48013,2026-06-04 06:17:03,21.8125,6.84,0.569,3.286,A,#2,HOLDING,0.829A/A
48014,2026-06-04 06:17:05,21.8125,6.84,0.799,6.126,A,#2,HOLDING,0.884A/A
48015,2026-06-04 06:17:07,21.8125,6.84,0.799,6.126,A,#2,HOLDING,0.952A/A
48016,2026-06-04 06:17:09,21.8125,6.84,0.799,6.126,A,#2,HOLDING,1.000A/A
48017,2026-06-04 06:17:11,21.7750,8.56,0.799,6.126,A,#2,HOLDING,0.995A/A
48018,2026-06-04 06:17:13,21.7000,8.56,0.995,8.606,A,#2,HOLDING,1.036A/A
48019,2026-06-04 06:17:15,21.6875,8.56,0.995,8.606,A,#2,HOLDING,1.000A/A
48020,2026-06-04 06:17:17,21.6375,8.56,0.995,8.606,A,#2,HOLDING,1.000A/A
48021,2026-06-04 06:17:19,21.5875,8.70,0.995,8.606,A,#2,HOLDING,1.096A/A
48022,2026-06-04 06:17:20,21.5125,8.70,1.060,10.379,A,#2,HOLDING,1.130A/A
48023,2026-06-04 06:17:23,21.4875,8.70,1.060,10.379,A,#2,HOLDING,1.189A/A
48024,2026-06-04 06:17:24,21.3875,8.70,1.060,10.379,A,#2,HOLDING,1.213A/A
48025,2026-06-04 06:17:26,21.3125,10.22,1.060,10.379,A,#2,HOLDING,1.246A/A
48026,2026-06-04 06:17:28,21.2375,10.22,1.246,13.170,A,#2,HOLDING,1.225A/A
48027,2026-06-04 06:17:30,21.1250,10.22,1.246,13.170,A,#2,HOLDING,1.267A/A
48028,2026-06-04 06:17:32,21.0500,10.22,1.246,13.170,A,#2,HOLDING,1.290A/A
48029,2026-06-04 06:17:34,20.9625,10.82,1.246,13.170,A,#2,HOLDING,1.314A/A
48030,2026-06-04 06:17:36,20.8625,10.82,1.314,14.611,A,#3,APPROACH,1.334A/A
48031,2026-06-04 06:17:38,20.7375,10.82,1.314,14.611,OFF,#3,APPROACH,0.000A/OFF
48032,2026-06-04 06:17:39,20.6375,10.82,1.314,14.611,OFF,#3,APPROACH,0.137A/B
48033,2026-06-04 06:17:41,20.5500,10.82,1.314,14.611,B,#3,APPROACH,0.188A/B
48034,2026-06-04 06:17:43,20.4500,10.82,1.314,14.611,B,#3,APPROACH,0.264A/B
48035,2026-06-04 06:17:45,20.3125,6.88,0.264,14.611,B,#3,APPROACH,0.320A/B
48036,2026-06-04 06:17:46,20.2375,6.88,0.264,0.691,B,#3,APPROACH,0.384A/B
48037,2026-06-04 06:17:48,20.2375,6.88,0.264,0.691,B,#3,APPROACH,0.428A/B
48038,2026-06-04 06:17:50,20.1750,6.88,0.264,0.691,B,#3,APPROACH,0.477A/B
48039,2026-06-04 06:17:51,20.1250,3.60,0.264,0.691,B,#3,APPROACH,0.544A/B
48040,2026-06-04 06:17:53,20.0625,3.60,0.544,2.366,B,#3,APPROACH,0.622A/B
48041,2026-06-04 06:17:56,20.0625,3.60,0.544,2.366,B,#3,APPROACH,0.702A/B
48042,2026-06-04 06:17:57,20.0375,3.60,0.544,2.366,B,#3,APPROACH,0.761A/B
48043,2026-06-04 06:17:59,20.0625,6.10,0.544,2.366,B,#3,APPROACH,0.818A/B
48044,2026-06-04 06:18:01,20.1000,6.10,0.818,5.480,B,#3,APPROACH,0.879A/B
48045,2026-06-04 06:18:03,20.1250,6.10,0.818,5.480,B,#3,APPROACH,0.958A/B
48046,2026-06-04 06:18:05,20.1625,6.10,0.818,5.480,B,#3,APPROACH,1.000A/B
48047,2026-06-04 06:18:07,20.2375,8.02,0.818,5.480,B,#3,APPROACH,1.002A/B
48048,2026-06-04 06:18:09,20.3000,8.02,1.002,8.246,B,#3,APPROACH,1.054A/B
48049,2026-06-04 06:18:11,20.4000,8.02,1.002,8.246,B,#3,APPROACH,1.000A/B
48050,2026-06-04 06:18:13,20.5125,8.02,1.002,8.246,B,#3,APPROACH,1.000A/B
48051,2026-06-04 06:18:15,20.6125,8.34,1.002,8.246,B,#3,APPROACH,1.000A/B
48052,2026-06-04 06:18:16,20.7250,8.34,1.000,8.490,B,#3,APPROACH,1.088A/B
48053,2026-06-04 06:18:19,20.8500,8.34,1.000,8.490,B,#3,APPROACH,1.000A/B
48054,2026-06-04 06:18:20,20.9500,8.34,1.000,8.490,B,#3,HOLDING,1.000A/B
48055,2026-06-04 06:18:22,21.1250,8.34,1.000,8.490,OFF,#3,HOLDING,0.000A/OFF
48056,2026-06-04 06:18:23,21.2375,8.53,1.000,8.490,OFF,#3,HOLDING,0.000A/OFF
48057,2026-06-04 06:18:24,21.2375,8.53,1.000,8.490,OFF,#3,HOLDING,0.000A/OFF
48058,2026-06-04 06:18:25,21.3875,8.53,1.000,0.000,OFF,#3,HOLDING,0.000A/OFF
48059,2026-06-04 06:18:26,21.3875,8.53,1.000,0.000,OFF,#3,HOLDING,0.000A/OFF
48060,2026-06-04 06:18:27,21.5375,8.53,1.000,0.000,OFF,#3,HOLDING,0.000A/OFF
48061,2026-06-04 06:18:28,21.5375,8.53,1.000,0.000,OFF,#3,HOLDING,0.000A/OFF
48062,2026-06-04 06:18:29,21.6875,12.00,1.000,0.000,OFF,#3,HOLDING,0.000A/OFF
48063,2026-06-04 06:18:30,21.6875,12.00,0.000,0.000,OFF,#3,HOLDING,0.000A/OFF
48064,2026-06-04 06:18:31,21.8000,12.00,0.000,0.000,OFF,#3,HOLDING,0.000A/OFF
48065,2026-06-04 06:18:32,21.9500,12.00,0.000,0.000,OFF,#3,HOLDING,0.000A/OFF
48066,2026-06-04 06:18:33,21.9500,12.00,0.000,0.000,OFF,#3,HOLDING,0.000A/OFF
48067,2026-06-04 06:18:34,22.0750,12.00,0.000,0.000,OFF,#3,HOLDING,0.000A/OFF
48068,2026-06-04 06:18:35,22.0750,12.00,0.000,0.000,OFF,#3,HOLDING,0.000A/OFF
48069,2026-06-04 06:18:36,22.2000,12.00,0.000,0.000,OFF,#3,HOLDING,0.000A/OFF
48070,2026-06-04 06:18:37,22.2000,12.00,0.000,0.000,OFF,#3,HOLDING,0.000A/OFF
48071,2026-06-04 06:18:38,22.3250,12.00,0.000,0.000,OFF,#3,HOLDING,0.000A/OFF
48072,2026-06-04 06:18:39,22.3250,12.00,0.000,0.000,OFF,#3,HOLDING,0.000A/OFF
48073,2026-06-04 06:18:40,22.4250,12.00,0.000,0.000,OFF,#3,HOLDING,0.000A/OFF
48074,2026-06-04 06:18:41,22.4250,12.00,0.000,0.000,OFF,#3,HOLDING,0.000A/OFF
48075,2026-06-04 06:18:42,22.5125,12.00,0.000,0.000,OFF,#3,HOLDING,0.000A/OFF
48076,2026-06-04 06:18:43,22.5125,12.00,0.000,0.000,OFF,#3,HOLDING,0.000A/OFF
48077,2026-06-04 06:18:44,22.6125,12.00,0.000,0.000,OFF,#3,HOLDING,0.000A/OFF
48078,2026-06-04 06:18:45,22.6125,12.00,0.000,0.000,OFF,#3,HOLDING,0.000A/OFF
48079,2026-06-04 06:18:46,22.7000,12.00,0.000,0.000,OFF,#3,HOLDING,0.000A/OFF
48080,2026-06-04 06:18:47,22.7000,12.00,0.000,0.000,OFF,#3,HOLDING,0.000A/OFF
48081,2026-06-04 06:18:48,22.7750,12.00,0.000,0.000,OFF,#3,HOLDING,0.000A/OFF
48082,2026-06-04 06:18:49,22.7750,12.00,0.000,0.000,OFF,#3,HOLDING,0.000A/OFF
48083,2026-06-04 06:18:51,22.8500,12.00,0.000,0.000,A,#3,HOLDING,0.125A/A
48084,2026-06-04 06:18:52,22.9250,12.00,0.000,0.000,A,#3,HOLDING,0.209A/A
48085,2026-06-04 06:18:54,22.9875,12.00,0.000,0.000,A,#3,HOLDING,0.254A/A
48086,2026-06-04 06:18:56,23.0625,2.18,0.000,0.000,A,#3,HOLDING,0.295A/A
48087,2026-06-04 06:18:58,23.1000,2.18,0.284,0.793,A,#3,HOLDING,0.338A/A
48088,2026-06-04 06:19:00,23.1750,2.18,0.284,0.793,A,#3,HOLDING,0.401A/A
48089,2026-06-04 06:19:02,23.1875,2.18,0.284,0.793,A,#3,HOLDING,0.437A/A
48090,2026-06-04 06:19:04,23.2125,3.87,0.284,0.793,A,#3,HOLDING,0.486A/A
48091,2026-06-04 06:19:05,23.2875,3.87,0.472,2.118,A,#3,HOLDING,0.543A/A
48092,2026-06-04 06:19:08,23.3125,3.87,0.472,2.118,A,#3,HOLDING,0.612A/A
48093,2026-06-04 06:19:09,23.3500,3.87,0.472,2.118,A,#3,HOLDING,0.662A/A
48094,2026-06-04 06:19:11,23.3250,5.77,0.472,2.118,A,#3,HOLDING,0.704A/A
48095,2026-06-04 06:19:13,23.3375,5.77,0.689,4.371,A,#3,HOLDING,0.757A/A
48096,2026-06-04 06:19:16,23.3375,5.77,0.689,4.371,A,#3,HOLDING,0.821A/A
48097,2026-06-04 06:19:17,23.3375,5.77,0.689,4.371,A,#3,HOLDING,0.870A/A
48098,2026-06-04 06:19:19,23.3125,7.48,0.689,4.371,A,#3,HOLDING,0.917A/A
48099,2026-06-04 06:19:21,23.3000,7.48,0.898,7.326,A,#3,HOLDING,0.967A/A
48100,2026-06-04 06:19:23,23.2500,7.48,0.898,7.326,A,#3,HOLDING,1.000A/A
48101,2026-06-04 06:19:25,23.2375,7.48,0.898,7.326,A,#3,HOLDING,1.025A/A
48102,2026-06-04 06:19:27,23.1625,8.76,0.898,7.326,A,#3,HOLDING,1.063A/A
48103,2026-06-04 06:19:29,23.1125,8.76,1.046,9.747,A,#3,HOLDING,1.000A/A
48104,2026-06-04 06:19:31,23.0625,8.76,1.046,9.747,A,#3,HOLDING,1.099A/A
48105,2026-06-04 06:19:32,23.0000,8.76,1.046,9.747,A,#3,HOLDING,1.131A/A
48106,2026-06-04 06:19:34,22.9250,9.61,1.046,9.747,A,#3,HOLDING,1.163A/A
48107,2026-06-04 06:19:36,22.8250,9.61,1.147,11.536,A,#3,HOLDING,1.141A/A
48108,2026-06-04 06:19:39,22.7250,9.61,1.147,11.536,A,#3,HOLDING,1.179A/A
48109,2026-06-04 06:19:40,22.6500,9.61,1.147,11.536,A,#3,HOLDING,1.202A/A
48110,2026-06-04 06:19:42,22.5500,10.25,1.147,11.536,A,#3,HOLDING,1.227A/A
48111,2026-06-04 06:19:44,22.4375,10.25,1.215,12.957,A,#3,HOLDING,1.244A/A
48112,2026-06-04 06:19:46,22.3125,10.25,1.215,12.957,A,#3,HOLDING,1.263A/A
48113,2026-06-04 06:19:48,22.1750,10.25,1.215,12.957,A,#3,HOLDING,1.266A/A
48114,2026-06-04 06:19:50,22.0750,10.74,1.215,12.957,A,#3,HOLDING,1.274A/A
48115,2026-06-04 06:19:52,21.9500,10.74,1.274,13.924,A,#3,HOLDING,1.274A/A
48116,2026-06-04 06:19:54,21.8000,10.74,1.274,13.924,A,#3,HOLDING,1.273A/A
48117,2026-06-04 06:19:56,21.7000,10.74,1.274,13.924,A,#3,HOLDING,1.264A/A
48118,2026-06-04 06:19:57,21.5500,10.77,1.274,13.924,A,#3,HOLDING,1.249A/A
48119,2026-06-04 06:19:59,21.4250,10.77,1.249,13.514,A,#3,HOLDING,1.230A/A
48120,2026-06-04 06:20:02,21.2750,10.77,1.249,13.514,A,#3,HOLDING,1.200A/A
48121,2026-06-04 06:20:03,21.1750,10.77,1.249,13.514,A,#3,HOLDING,1.179A/A
48122,2026-06-04 06:20:05,21.0250,10.30,1.249,13.514,A,#4,APPROACH,1.144A/A
48123,2026-06-04 06:20:07,20.8875,10.30,1.159,0.000,B,#4,APPROACH,0.270A/B
48124,2026-06-04 06:20:10,20.7375,10.30,1.159,0.000,B,#4,APPROACH,0.346A/B
48125,2026-06-04 06:20:12,20.6500,10.30,1.159,0.000,B,#4,APPROACH,0.424A/B
48126,2026-06-04 06:20:13,20.5250,10.30,1.159,0.000,B,#4,APPROACH,0.504A/B
48127,2026-06-04 06:20:15,20.4250,3.77,1.159,0.000,B,#4,APPROACH,0.591A/B
48128,2026-06-04 06:20:17,20.3250,3.77,0.546,2.748,B,#4,APPROACH,0.710A/B
48129,2026-06-04 06:20:19,20.2875,3.77,0.546,2.748,B,#4,APPROACH,0.876A/B
48130,2026-06-04 06:20:21,20.2375,3.77,0.546,2.748,B,#4,APPROACH,1.002A/B
48131,2026-06-04 06:20:23,20.2375,7.74,0.546,2.748,B,#4,APPROACH,1.000A/B
48132,2026-06-04 06:20:25,20.2375,7.74,1.000,7.970,B,#4,APPROACH,1.000A/B
48133,2026-06-04 06:20:27,20.2500,7.74,1.000,7.970,B,#4,APPROACH,1.154A/B
48134,2026-06-04 06:20:28,20.3000,7.74,1.000,7.970,B,#4,APPROACH,1.322A/B
48135,2026-06-04 06:20:30,20.3875,10.30,1.000,7.970,B,#4,APPROACH,1.519A/B
48136,2026-06-04 06:20:32,20.4625,10.30,1.427,17.984,B,#4,APPROACH,1.500A/B
48137,2026-06-04 06:20:35,20.5625,10.30,1.427,17.984,B,#4,APPROACH,1.000A/B
48138,2026-06-04 06:20:36,20.6375,10.30,1.427,17.984,B,#4,APPROACH,1.707A/B
48139,2026-06-04 06:20:38,20.8000,12.00,1.427,17.984,B,#4,APPROACH,1.000A/B
48140,2026-06-04 06:20:40,20.9500,12.00,1.251,8.620,B,#4,APPROACH,1.879A/B
48141,2026-06-04 06:20:42,21.1000,12.00,1.251,8.620,B,#4,APPROACH,1.000A/B
48142,2026-06-04 06:20:44,21.2500,12.00,1.251,8.620,B,#4,APPROACH,2.089A/B
48143,2026-06-04 06:20:46,21.4250,12.00,1.251,8.620,B,#4,APPROACH,2.246A/B
48144,2026-06-04 06:20:48,21.6000,12.00,1.456,17.220,B,#4,APPROACH,2.396A/B
48145,2026-06-04 06:20:50,21.7750,12.00,1.456,17.220,B,#4,APPROACH,2.585A/B
48146,2026-06-04 06:20:52,21.9750,12.00,1.456,17.220,B,#4,APPROACH,2.698A/B
48147,2026-06-04 06:20:53,22.1750,12.00,1.456,17.220,B,#4,APPROACH,1.500A/B
48148,2026-06-04 06:20:55,22.3750,12.00,1.412,16.704,B,#4,APPROACH,1.000A/B
48149,2026-06-04 06:20:58,22.6125,12.00,1.412,16.704,B,#4,APPROACH,2.000A/B
48150,2026-06-04 06:20:59,22.8125,12.00,1.412,16.704,B,#4,APPROACH,2.794A/B
48151,2026-06-04 06:21:01,23.0250,12.00,1.412,16.704,B,#4,APPROACH,1.000A/B
48152,2026-06-04 06:21:03,23.2500,12.00,1.015,9.340,B,#4,APPROACH,1.500A/B
48153,2026-06-04 06:21:05,23.4250,12.00,1.015,9.340,B,#4,APPROACH,2.000A/B
48154,2026-06-04 06:21:07,23.6750,12.00,1.015,9.340,B,#4,APPROACH,1.000A/B
48155,2026-06-04 06:21:09,23.8750,9.37,1.015,9.340,B,#4,APPROACH,1.000A/B
48156,2026-06-04 06:21:11,24.0750,9.37,1.000,9.530,B,#4,APPROACH,2.000A/B
48157,2026-06-04 06:21:13,24.2750,9.37,1.000,9.530,B,#4,APPROACH,2.500A/B
48158,2026-06-04 06:21:15,24.5250,9.37,1.000,9.530,B,#4,APPROACH,1.000A/B
48159,2026-06-04 06:21:17,24.7375,9.46,1.000,9.530,B,#4,APPROACH,2.500A/B
48160,2026-06-04 06:21:18,24.9375,9.46,1.354,16.080,B,#4,HOLDING,1.000A/B
48161,2026-06-04 06:21:21,25.1250,9.46,1.354,16.080,OFF,#4,HOLDING,0.000A/OFF
48162,2026-06-04 06:21:22,25.3500,9.46,1.354,16.080,OFF,#4,HOLDING,0.000A/OFF
48163,2026-06-04 06:21:23,25.3500,9.46,1.354,16.080,OFF,#4,HOLDING,0.000A/OFF
48164,2026-06-04 06:21:24,25.5250,9.46,1.354,16.080,OFF,#4,HOLDING,0.000A/OFF
48165,2026-06-04 06:21:25,25.5250,12.00,0.000,16.080,OFF,#4,HOLDING,0.000A/OFF
48166,2026-06-04 06:21:26,25.7500,12.00,0.000,16.080,OFF,#4,HOLDING,0.000A/OFF
48167,2026-06-04 06:21:27,25.7500,12.00,0.000,0.000,OFF,#4,HOLDING,0.000A/OFF
48168,2026-06-04 06:21:28,25.9250,12.00,0.000,0.000,OFF,#4,HOLDING,0.000A/OFF
48169,2026-06-04 06:21:29,25.9250,12.00,0.000,0.000,OFF,#4,HOLDING,0.000A/OFF
48170,2026-06-04 06:21:30,26.1000,12.00,0.000,0.000,OFF,#4,HOLDING,0.000A/OFF
48171,2026-06-04 06:21:31,26.1000,12.00,0.000,0.000,OFF,#4,HOLDING,0.000A/OFF
48172,2026-06-04 06:21:32,26.2625,12.00,0.000,0.000,OFF,#4,HOLDING,0.000A/OFF
48173,2026-06-04 06:21:33,26.2625,12.00,0.000,0.000,OFF,#4,HOLDING,0.000A/OFF
48174,2026-06-04 06:21:34,26.4375,12.00,0.000,0.000,OFF,#4,HOLDING,0.000A/OFF
48175,2026-06-04 06:21:35,26.4375,12.00,0.000,0.000,OFF,#4,HOLDING,0.000A/OFF
48176,2026-06-04 06:21:36,26.5750,12.00,0.000,0.000,OFF,#4,HOLDING,0.000A/OFF
48177,2026-06-04 06:21:37,26.5750,12.00,0.000,0.000,OFF,#4,HOLDING,0.000A/OFF
48178,2026-06-04 06:21:38,26.6750,12.00,0.000,0.000,OFF,#4,HOLDING,0.000A/OFF
48179,2026-06-04 06:21:39,26.6750,12.00,0.000,0.000,OFF,#4,HOLDING,0.000A/OFF
48180,2026-06-04 06:21:40,26.8000,12.00,0.000,0.000,OFF,#4,HOLDING,0.000A/OFF
48181,2026-06-04 06:21:41,26.9000,12.00,0.000,0.000,A,#4,HOLDING,0.153A/A
48182,2026-06-04 06:21:43,26.9000,12.00,0.000,0.000,A,#4,HOLDING,0.183A/A
48183,2026-06-04 06:21:44,27.0375,1.30,0.000,0.000,A,#4,HOLDING,0.220A/A
48184,2026-06-04 06:21:46,27.1125,1.30,0.202,0.385,A,#4,HOLDING,0.258A/A
48185,2026-06-04 06:21:48,27.2250,1.30,0.202,0.385,A,#4,HOLDING,0.336A/A
48186,2026-06-04 06:21:50,27.3000,1.30,0.202,0.385,A,#4,HOLDING,0.377A/A
48187,2026-06-04 06:21:52,27.3750,3.07,0.202,0.385,A,#4,HOLDING,0.436A/A
48188,2026-06-04 06:21:54,27.4250,3.07,0.408,1.613,A,#4,HOLDING,0.491A/A
48189,2026-06-04 06:21:56,27.4500,3.07,0.408,1.613,A,#4,HOLDING,0.559A/A
48190,2026-06-04 06:21:58,27.5000,3.07,0.408,1.613,A,#4,HOLDING,0.611A/A
48191,2026-06-04 06:22:00,27.5125,5.20,0.408,1.613,A,#4,HOLDING,0.669A/A
48192,2026-06-04 06:22:01,27.5125,5.20,0.639,3.913,A,#4,HOLDING,0.726A/A
48193,2026-06-04 06:22:04,27.5625,5.20,0.639,3.913,A,#4,HOLDING,0.806A/A
48194,2026-06-04 06:22:05,27.5375,5.20,0.639,3.913,A,#4,HOLDING,0.853A/A
48195,2026-06-04 06:22:07,27.5250,7.30,0.639,3.913,A,#4,HOLDING,0.911A/A
48196,2026-06-04 06:22:09,27.5000,7.30,0.880,7.160,A,#4,HOLDING,0.963A/A
48197,2026-06-04 06:22:11,27.4375,7.30,0.880,7.160,A,#4,HOLDING,1.000A/A
48198,2026-06-04 06:22:13,27.4375,7.30,0.880,7.160,A,#4,HOLDING,1.032A/A
48199,2026-06-04 06:22:15,27.3750,8.72,0.880,7.160,A,#4,HOLDING,1.080A/A
48200,2026-06-04 06:22:17,27.2750,8.72,1.053,9.990,A,#4,HOLDING,1.121A/A
48201,2026-06-04 06:22:19,27.2375,8.72,1.053,9.990,A,#4,HOLDING,1.179A/A
48202,2026-06-04 06:22:21,27.1625,8.72,1.053,9.990,A,#4,HOLDING,1.214A/A
48203,2026-06-04 06:22:23,27.0500,10.15,1.053,9.990,A,#4,HOLDING,1.250A/A
48204,2026-06-04 06:22:24,26.9250,10.15,1.230,13.250,A,#4,HOLDING,1.273A/A
48205,2026-06-04 06:22:27,26.8250,10.15,1.230,13.250,A,#4,HOLDING,1.267A/A
48206,2026-06-04 06:22:28,26.7000,10.15,1.230,13.250,A,#4,HOLDING,1.289A/A
48207,2026-06-04 06:22:30,26.5875,10.78,1.230,13.250,A,#4,HOLDING,1.317A/A
48208,2026-06-04 06:22:32,26.4625,10.78,1.300,14.671,A,#4,HOLDING,1.333A/A
48209,2026-06-04 06:22:35,26.3250,10.78,1.300,14.671,A,#4,HOLDING,1.358A/A
48210,2026-06-04 06:22:36,26.1750,10.78,1.300,14.671,A,#4,HOLDING,1.361A/A
48211,2026-06-04 06:22:38,26.0375,11.36,1.300,14.671,A,#4,HOLDING,1.000A/A
48212,2026-06-04 06:22:40,25.8625,11.36,1.180,9.010,A,#4,HOLDING,1.359A/A
48213,2026-06-04 06:22:42,25.7000,11.36,1.180,9.010,A,#4,HOLDING,1.354A/A
48214,2026-06-04 06:22:44,25.5250,11.36,1.180,9.010,A,#4,HOLDING,1.335A/A
48215,2026-06-04 06:22:46,25.3875,11.25,1.180,9.010,A,#4,HOLDING,1.319A/A
48216,2026-06-04 06:22:48,25.1875,11.25,1.319,14.957,A,#4,HOLDING,1.285A/A
48217,2026-06-04 06:22:50,25.0125,11.25,1.319,14.957,A,#4,HOLDING,1.249A/A
48218,2026-06-04 06:22:52,24.8125,11.25,1.319,14.957,A,#4,HOLDING,1.149A/A
48219,2026-06-04 06:22:53,24.6375,10.11,1.319,14.957,A,#4,HOLDING,1.096A/A
48220,2026-06-04 06:22:55,24.4375,10.11,1.120,10.828,A,#4,HOLDING,1.024A/A
48221,2026-06-04 06:22:58,24.2625,10.11,1.120,10.828,A,#4,HOLDING,0.946A/A
48222,2026-06-04 06:22:59,24.0625,10.11,1.120,10.828,A,#4,HOLDING,0.871A/A
48223,2026-06-04 06:23:01,23.8875,8.28,1.120,10.828,A,#4,HOLDING,0.789A/A
48224,2026-06-04 06:23:03,23.7125,8.28,0.789,6.138,A,#4,HOLDING,0.694A/A
48225,2026-06-04 06:23:05,23.5625,8.28,0.789,6.138,A,#4,HOLDING,0.588A/A
48226,2026-06-04 06:23:07,23.3375,8.28,0.789,6.138,A,#4,HOLDING,0.484A/A
48227,2026-06-04 06:23:09,23.2250,5.28,0.789,6.138,A,#4,HOLDING,0.384A/A
48228,2026-06-04 06:23:11,23.0250,5.28,0.384,1.739,A,#4,HOLDING,0.257A/A
48229,2026-06-04 06:23:13,22.8875,5.28,0.384,1.739,A,#4,HOLDING,0.156A/A
48230,2026-06-04 06:23:15,22.7375,5.28,0.384,1.739,OFF,#4,HOLDING,0.000A/OFF
48231,2026-06-04 06:23:16,22.6125,5.28,0.384,1.739,OFF,#4,HOLDING,0.000A/OFF
48232,2026-06-04 06:23:17,22.6125,12.00,0.384,1.739,OFF,#4,HOLDING,0.000A/OFF
48233,2026-06-04 06:23:18,22.4875,12.00,0.000,0.000,B,#4,HOLDING,0.169A/B
48234,2026-06-04 06:23:20,22.3625,12.00,0.000,0.000,B,#4,HOLDING,0.328A/B
48235,2026-06-04 06:23:21,22.2625,12.00,0.000,0.000,B,#4,HOLDING,0.454A/B
48236,2026-06-04 06:23:23,22.1500,3.35,0.000,0.000,B,#4,HOLDING,0.595A/B
48237,2026-06-04 06:23:25,22.0750,3.35,0.522,2.778,B,#4,HOLDING,0.738A/B
48238,2026-06-04 06:23:28,22.0000,3.35,0.522,2.778,B,#4,HOLDING,0.926A/B
48239,2026-06-04 06:23:29,21.9500,3.35,0.522,2.778,B,#4,HOLDING,1.053A/B
48240,2026-06-04 06:23:31,21.9000,8.19,0.522,2.778,B,#4,HOLDING,1.202A/B
48241,2026-06-04 06:23:33,21.8750,8.19,1.124,11.334,B,#4,HOLDING,1.351A/B
48242,2026-06-04 06:23:35,21.8750,8.19,1.124,11.334,B,#4,HOLDING,1.000A/B
48243,2026-06-04 06:23:37,21.9000,8.19,1.124,11.334,B,#4,HOLDING,1.536A/B
48244,2026-06-04 06:23:39,21.9375,11.82,1.124,11.334,B,#4,HOLDING,1.679A/B
48245,2026-06-04 06:23:41,22.0125,11.82,1.539,18.276,B,#4,HOLDING,1.817A/B
48246,2026-06-04 06:23:43,22.0750,11.82,1.539,18.276,B,#4,HOLDING,1.500A/B
48247,2026-06-04 06:23:44,22.1750,11.82,1.539,18.276,B,#4,HOLDING,1.500A/B
48248,2026-06-04 06:23:46,22.2750,12.00,1.539,18.276,B,#4,HOLDING,1.000A/B
48249,2026-06-04 06:23:48,22.4000,12.00,1.126,8.790,B,#4,HOLDING,1.972A/B
48250,2026-06-04 06:23:51,22.5500,12.00,1.126,8.790,B,#4,HOLDING,1.500A/B
48251,2026-06-04 06:23:52,22.7000,12.00,1.126,8.790,B,#4,HOLDING,1.500A/B
48252,2026-06-04 06:23:54,22.8000,12.00,1.126,8.790,B,#4,HOLDING,2.110A/B
48253,2026-06-04 06:23:56,23.0000,12.00,1.436,17.004,B,#4,HOLDING,2.168A/B
48254,2026-06-04 06:23:58,23.1375,12.00,1.436,17.004,B,#4,HOLDING,2.301A/B
48255,2026-06-04 06:24:00,23.3125,12.00,1.436,17.004,B,#4,HOLDING,2.000A/B
48256,2026-06-04 06:24:02,23.5125,12.00,1.436,17.004,B,#4,HOLDING,1.000A/B
48257,2026-06-04 06:24:04,23.6875,12.00,1.198,9.240,B,#4,HOLDING,2.340A/B
48258,2026-06-04 06:24:06,23.8625,12.00,1.198,9.240,B,#4,HOLDING,2.000A/B
48259,2026-06-04 06:24:08,24.0625,12.00,1.198,9.240,B,#4,HOLDING,2.422A/B
48260,2026-06-04 06:24:09,24.2375,12.00,1.198,9.240,B,#4,HOLDING,2.476A/B
48261,2026-06-04 06:24:11,24.4375,12.00,1.373,16.284,B,#4,HOLDING,2.500A/B
48262,2026-06-04 06:24:14,24.6125,12.00,1.373,16.284,B,#4,HOLDING,1.000A/B
48263,2026-06-04 06:24:15,24.8125,12.00,1.373,16.284,B,#4,HOLDING,2.000A/B
48264,2026-06-04 06:24:17,25.0000,12.00,1.373,16.284,B,#4,HOLDING,1.000A/B
48265,2026-06-04 06:24:19,25.2250,12.00,1.175,9.530,B,#4,HOLDING,2.441A/B
48266,2026-06-04 06:24:21,25.4250,12.00,1.175,9.530,B,#4,HOLDING,2.471A/B
48267,2026-06-04 06:24:23,25.6250,12.00,1.175,9.530,B,#4,HOLDING,2.476A/B
48268,2026-06-04 06:24:25,25.8125,12.00,1.175,9.530,B,#4,HOLDING,1.000A/B
48269,2026-06-04 06:24:27,26.0125,12.00,1.171,9.620,B,#5,APPROACH,2.480A/B
48270,2026-06-04 06:24:29,26.1875,12.00,1.171,9.620,B,#5,APPROACH,0.215A/B
48271,2026-06-04 06:24:31,26.4375,12.00,1.171,9.620,B,#5,APPROACH,0.212A/B
48272,2026-06-04 06:24:33,26.6125,12.00,1.171,9.620,B,#5,APPROACH,0.233A/B
48273,2026-06-04 06:24:35,26.8125,7.64,0.233,9.620,B,#5,APPROACH,0.258A/B
48274,2026-06-04 06:24:37,26.9625,7.64,0.233,1.011,B,#5,APPROACH,0.296A/B
48275,2026-06-04 06:24:39,27.1375,7.64,0.233,1.011,B,#5,APPROACH,0.327A/B
48276,2026-06-04 06:24:40,27.3000,7.64,0.233,1.011,B,#5,APPROACH,0.325A/B
48277,2026-06-04 06:24:42,27.5000,4.27,0.233,1.011,B,#5,APPROACH,0.370A/B
48278,2026-06-04 06:24:44,27.6750,4.27,0.345,1.724,B,#5,APPROACH,0.434A/B
48279,2026-06-04 06:24:47,27.8500,4.27,0.345,1.724,B,#5,APPROACH,0.533A/B
48280,2026-06-04 06:24:48,27.9750,4.27,0.345,1.724,B,#5,APPROACH,0.603A/B
48281,2026-06-04 06:24:50,28.0750,6.39,0.345,1.724,B,#5,APPROACH,0.686A/B
48282,2026-06-04 06:24:52,28.2250,6.39,0.686,4.870,B,#5,APPROACH,0.751A/B
48283,2026-06-04 06:24:54,28.3500,6.39,0.686,4.870,B,#5,APPROACH,0.838A/B
48284,2026-06-04 06:24:56,28.4500,6.39,0.686,4.870,B,#5,APPROACH,0.887A/B
48285,2026-06-04 06:24:58,28.5500,8.42,0.686,4.870,B,#5,APPROACH,0.949A/B
48286,2026-06-04 06:25:00,28.6375,8.42,0.949,8.559,B,#5,APPROACH,1.004A/B
48287,2026-06-04 06:25:02,28.7625,8.42,0.949,8.559,B,#5,APPROACH,1.067A/B
48288,2026-06-04 06:25:04,28.8500,8.42,0.949,8.559,B,#5,APPROACH,1.107A/B
48289,2026-06-04 06:25:05,28.9250,10.06,0.949,8.559,B,#5,APPROACH,1.000A/B
48290,2026-06-04 06:25:07,29.0125,10.06,1.000,9.450,B,#5,APPROACH,1.149A/B
48291,2026-06-04 06:25:10,29.1375,10.06,1.000,9.450,B,#5,APPROACH,1.193A/B
48292,2026-06-04 06:25:11,29.2250,10.06,1.000,9.450,B,#5,HOLDING,1.169A/B
48293,2026-06-04 06:25:13,29.3000,10.06,1.000,9.450,OFF,#5,HOLDING,0.000A/OFF
48294,2026-06-04 06:25:14,29.3000,10.59,1.000,9.450,OFF,#5,HOLDING,0.000A/OFF
48295,2026-06-04 06:25:15,29.4125,10.59,1.169,9.450,OFF,#5,HOLDING,0.000A/OFF
48296,2026-06-04 06:25:16,29.4125,10.59,1.169,12.625,OFF,#5,HOLDING,0.000A/OFF
48297,2026-06-04 06:25:17,29.5125,10.59,1.169,12.625,OFF,#5,HOLDING,0.000A/OFF
48298,2026-06-04 06:25:18,29.5125,10.59,1.169,12.625,OFF,#5,HOLDING,0.000A/OFF
48299,2026-06-04 06:25:19,29.6375,10.59,1.169,12.625,OFF,#5,HOLDING,0.000A/OFF
48300,2026-06-04 06:25:20,29.7375,12.00,1.169,12.625,OFF,#5,HOLDING,0.000A/OFF
48301,2026-06-04 06:25:21,29.7375,12.00,0.000,0.000,B,#5,HOLDING,0.103A/B
48302,2026-06-04 06:25:24,29.8250,12.00,0.000,0.000,B,#5,HOLDING,0.136A/B
48303,2026-06-04 06:25:25,29.9000,12.00,0.000,0.000,B,#5,HOLDING,0.155A/B
48304,2026-06-04 06:25:27,30.0000,2.49,0.000,0.000,B,#5,HOLDING,0.153A/B
48305,2026-06-04 06:25:29,30.0500,2.49,0.153,0.387,B,#5,HOLDING,0.160A/B
48306,2026-06-04 06:25:31,30.1000,2.49,0.153,0.387,B,#5,HOLDING,0.170A/B
48307,2026-06-04 06:25:33,30.1500,2.49,0.153,0.387,B,#5,HOLDING,0.175A/B
48308,2026-06-04 06:25:35,30.1875,2.60,0.153,0.387,B,#5,HOLDING,0.177A/B
48309,2026-06-04 06:25:37,30.2125,2.60,0.177,0.461,B,#5,HOLDING,0.177A/B
48310,2026-06-04 06:25:39,30.2500,2.60,0.177,0.461,B,#5,HOLDING,0.178A/B
48311,2026-06-04 06:25:41,30.2500,2.60,0.177,0.461,B,#5,HOLDING,0.179A/B
48312,2026-06-04 06:25:42,30.3125,2.51,0.177,0.461,B,#5,HOLDING,0.172A/B
48313,2026-06-04 06:25:44,30.3125,2.51,0.172,0.424,B,#5,HOLDING,0.170A/B
48314,2026-06-04 06:25:47,30.3125,2.51,0.172,0.424,B,#5,HOLDING,0.165A/B
48315,2026-06-04 06:25:48,30.3125,2.51,0.172,0.424,B,#5,HOLDING,0.167A/B
48316,2026-06-04 06:25:50,30.3125,2.33,0.172,0.424,B,#5,HOLDING,0.163A/B
48317,2026-06-04 06:25:52,30.3125,2.33,0.163,0.378,B,#5,HOLDING,0.159A/B
48318,2026-06-04 06:25:54,30.3125,2.33,0.163,0.378,B,#5,HOLDING,0.153A/B
48319,2026-06-04 06:25:56,30.3125,2.33,0.163,0.378,B,#5,HOLDING,0.150A/B
48320,2026-06-04 06:25:58,30.2500,2.13,0.163,0.378,B,#5,HOLDING,0.153A/B
48321,2026-06-04 06:26:00,30.2000,2.13,0.153,0.330,B,#5,HOLDING,0.158A/B
48322,2026-06-04 06:26:02,30.2500,2.13,0.153,0.330,B,#5,HOLDING,0.152A/B
48323,2026-06-04 06:26:04,30.2000,2.13,0.153,0.330,B,#5,HOLDING,0.152A/B
48324,2026-06-04 06:26:05,30.1875,2.08,0.153,0.330,B,#5,HOLDING,0.149A/B
48325,2026-06-04 06:26:07,30.1375,2.08,0.149,0.309,B,#5,HOLDING,0.159A/B
48326,2026-06-04 06:26:10,30.1250,2.08,0.149,0.309,B,#5,HOLDING,0.158A/B
48327,2026-06-04 06:26:11,30.0750,2.08,0.149,0.309,OFF,--,DONE,0.167A/B
48328,2026-06-04 06:26:14,30.0000,11.48,0.149,0.309,OFF,--,DONE,--
48329,2026-06-04 06:26:15,30.0000,11.48,0.000,0.309,OFF,--,DONE,--
48330,2026-06-04 06:26:16,29.9625,11.48,0.000,0.000,OFF,--,DONE,--
48331,2026-06-04 06:26:17,29.9625,11.48,0.000,0.000,OFF,--,DONE,--
48332,2026-06-04 06:26:18,29.8875,4.68,0.000,0.000,OFF,--,DONE,--
48333,2026-06-04 06:26:19,29.8875,4.68,0.000,0.000,OFF,--,DONE,--
48334,2026-06-04 06:26:20,29.8625,4.68,0.000,0.000,OFF,--,DONE,--
48335,2026-06-04 06:26:21,29.8625,4.68,0.000,0.000,OFF,--,DONE,--
48336,2026-06-04 06:26:22,29.7875,1.81,0.000,0.000,OFF,--,DONE,--
48337,2026-06-04 06:26:23,29.7875,1.81,0.000,0.000,OFF,--,DONE,--
48338,2026-06-04 06:26:24,29.7750,1.81,0.000,0.000,OFF,--,DONE,--
48339,2026-06-04 06:26:25,29.7750,0.69,0.000,0.000,OFF,--,DONE,--
48340,2026-06-04 06:26:26,29.7000,0.69,0.000,0.000,OFF,--,DONE,--
48341,2026-06-04 06:26:27,29.7000,0.69,0.000,0.000,OFF,--,DONE,--
48342,2026-06-04 06:26:28,29.6500,0.69,0.000,0.000,OFF,--,DONE,--
48343,2026-06-04 06:26:29,29.5750,0.21,0.000,0.000,OFF,--,DONE,--
48344,2026-06-04 06:26:30,29.5750,0.21,0.000,0.000,OFF,--,DONE,--
48345,2026-06-04 06:26:31,29.5250,0.21,0.000,0.000,OFF,--,DONE,--
48346,2026-06-04 06:26:32,29.5250,0.00,0.000,0.000,OFF,--,DONE,--
48347,2026-06-04 06:26:33,29.4500,0.00,0.000,0.000,OFF,--,DONE,--
48348,2026-06-04 06:26:34,29.4500,0.00,0.000,0.000,OFF,--,DONE,--
48349,2026-06-04 06:26:35,29.4000,0.00,0.000,0.000,OFF,--,DONE,--
48350,2026-06-04 06:26:36,29.4000,0.00,0.000,0.000,OFF,--,DONE,--
48351,2026-06-04 06:26:37,29.3250,0.00,0.000,0.000,OFF,--,DONE,--
48352,2026-06-04 06:26:38,29.3250,0.00,0.000,0.000,OFF,--,DONE,--
48353,2026-06-04 06:26:39,29.2750,0.00,0.000,0.000,OFF,--,DONE,--
48354,2026-06-04 06:26:40,29.2750,0.00,0.000,0.000,OFF,--,DONE,--
48355,2026-06-04 06:26:41,29.2250,0.00,0.000,0.000,OFF,--,DONE,--
48356,2026-06-04 06:26:42,29.2250,0.00,0.000,0.000,OFF,--,DONE,--
48357,2026-06-04 06:26:43,29.1750,0.00,0.000,0.000,OFF,--,DONE,--
48358,2026-06-04 06:26:44,29.1750,0.00,0.000,0.000,OFF,--,DONE,--
48359,2026-06-04 06:26:45,29.0750,0.00,0.000,0.000,OFF,--,DONE,--
48360,2026-06-04 06:26:46,29.0750,0.00,0.000,0.000,OFF,--,DONE,--
48361,2026-06-04 06:26:47,29.0250,0.00,0.000,0.000,OFF,--,DONE,--
48362,2026-06-04 06:26:48,28.9500,0.00,0.000,0.000,OFF,--,DONE,--
48363,2026-06-04 06:26:49,28.9500,0.00,0.000,0.000,OFF,--,DONE,--
48364,2026-06-04 06:26:50,28.8625,0.00,0.000,0.000,OFF,--,DONE,--
48365,2026-06-04 06:26:52,28.8625,0.00,0.000,0.000,OFF,--,DONE,--
48366,2026-06-04 06:26:53,28.7625,0.00,0.000,0.000,OFF,--,DONE,--
48367,2026-06-04 06:26:54,28.7625,0.00,0.000,0.000,OFF,--,DONE,--
48368,2026-06-04 06:26:55,28.7000,0.00,0.000,0.000,OFF,--,DONE,--
48369,2026-06-04 06:26:56,28.7000,0.00,0.000,0.000,OFF,--,DONE,--
48370,2026-06-04 06:26:57,28.6250,0.00,0.000,0.000,OFF,--,DONE,--
48371,2026-06-04 06:26:58,28.6250,0.00,0.000,0.000,OFF,--,DONE,--
48372,2026-06-04 06:26:59,28.5500,0.00,0.000,0.000,OFF,--,DONE,--
48373,2026-06-04 06:27:00,28.5500,0.00,0.000,0.000,OFF,--,DONE,--
48374,2026-06-04 06:27:01,28.4750,0.00,0.000,0.000,OFF,--,DONE,--
48375,2026-06-04 06:27:02,28.4000,0.00,0.000,0.000,OFF,--,DONE,--
48376,2026-06-04 06:27:03,28.4000,0.00,0.000,0.000,OFF,--,DONE,--
48377,2026-06-04 06:27:04,28.3000,0.00,0.000,0.000,OFF,--,DONE,--
48378,2026-06-04 06:27:05,28.3000,0.00,0.000,0.000,OFF,--,DONE,--
48379,2026-06-04 06:27:06,28.2375,0.00,0.000,0.000,OFF,--,DONE,--
48380,2026-06-04 06:27:07,28.2375,0.00,0.000,0.000,OFF,--,DONE,--
48381,2026-06-04 06:27:08,28.1375,0.00,0.000,0.000,OFF,--,DONE,--
48382,2026-06-04 06:27:09,28.1375,0.00,0.000,0.000,OFF,--,DONE,--
48383,2026-06-04 06:27:10,28.0500,0.00,0.000,0.000,OFF,--,DONE,--
48384,2026-06-04 06:27:11,28.0500,0.00,0.000,0.000,OFF,--,DONE,--
48385,2026-06-04 06:27:12,27.9750,0.00,0.000,0.000,OFF,--,DONE,--
48386,2026-06-04 06:27:13,27.9750,0.00,0.000,0.000,OFF,--,DONE,--
48387,2026-06-04 06:27:14,27.9000,0.00,0.000,0.000,OFF,--,DONE,--
48388,2026-06-04 06:27:15,27.8000,0.00,0.000,0.000,OFF,--,DONE,--
48389,2026-06-04 06:27:16,27.8000,0.00,0.000,0.000,OFF,--,DONE,--
48390,2026-06-04 06:27:17,27.7125,0.00,0.000,0.000,OFF,--,DONE,--
48391,2026-06-04 06:27:18,27.7125,0.00,0.000,0.000,OFF,--,DONE,--
48392,2026-06-04 06:27:19,27.6375,0.00,0.000,0.000,OFF,--,DONE,--
48393,2026-06-04 06:27:20,27.6375,0.00,0.000,0.000,OFF,--,DONE,--
48394,2026-06-04 06:27:21,27.5625,0.00,0.000,0.000,OFF,--,DONE,--
48395,2026-06-04 06:27:22,27.5625,0.00,0.000,0.000,OFF,--,DONE,--
48396,2026-06-04 06:27:23,27.4875,0.00,0.000,0.000,OFF,--,DONE,--
48397,2026-06-04 06:27:24,27.4875,0.00,0.000,0.000,OFF,--,DONE,--
48398,2026-06-04 06:27:25,27.4000,0.00,0.000,0.000,OFF,--,DONE,--
48399,2026-06-04 06:27:26,27.4000,0.00,0.000,0.000,OFF,--,DONE,--
48400,2026-06-04 06:27:27,27.3250,0.00,0.000,0.000,OFF,--,DONE,--
48401,2026-06-04 06:27:28,27.3250,0.00,0.000,0.000,OFF,--,DONE,--
48402,2026-06-04 06:27:30,27.2750,0.00,0.000,0.000,OFF,--,DONE,--
48403,2026-06-04 06:27:31,27.2000,0.00,0.000,0.000,OFF,--,DONE,--
48404,2026-06-04 06:27:32,27.2000,0.00,0.000,0.000,OFF,--,DONE,--
48405,2026-06-04 06:27:33,27.1250,0.00,0.000,0.000,OFF,--,DONE,--
48406,2026-06-04 06:27:34,27.1250,0.00,0.000,0.000,OFF,--,DONE,--
48407,2026-06-04 06:27:35,27.0750,0.00,0.000,0.000,OFF,--,DONE,--
48408,2026-06-04 06:27:36,27.0750,0.00,0.000,0.000,OFF,--,DONE,--
48409,2026-06-04 06:27:37,27.0000,0.00,0.000,0.000,OFF,--,DONE,--
48410,2026-06-04 06:27:38,27.0000,0.00,0.000,0.000,OFF,--,DONE,--
48411,2026-06-04 06:27:39,26.9500,0.00,0.000,0.000,OFF,--,DONE,--
48412,2026-06-04 06:27:40,26.9500,0.00,0.000,0.000,OFF,--,DONE,--
48413,2026-06-04 06:27:41,26.8625,0.00,0.000,0.000,OFF,--,DONE,--
48414,2026-06-04 06:27:42,26.8625,0.00,0.000,0.000,OFF,--,DONE,--
48415,2026-06-04 06:27:43,26.7875,0.00,0.000,0.000,OFF,--,DONE,--
48416,2026-06-04 06:27:44,26.7875,0.00,0.000,0.000,OFF,--,DONE,--
48417,2026-06-04 06:27:45,26.7375,0.00,0.000,0.000,OFF,--,DONE,--
48418,2026-06-04 06:27:46,26.6875,0.00,0.000,0.000,OFF,--,DONE,--
48419,2026-06-04 06:27:47,26.6875,0.00,0.000,0.000,OFF,--,DONE,--
48420,2026-06-04 06:27:48,26.6125,0.00,0.000,0.000,OFF,--,DONE,--
48421,2026-06-04 06:27:49,26.6125,0.00,0.000,0.000,OFF,--,DONE,--
48422,2026-06-04 06:27:50,26.5625,0.00,0.000,0.000,OFF,--,DONE,--
48423,2026-06-04 06:27:51,26.5625,0.00,0.000,0.000,OFF,--,DONE,--
48424,2026-06-04 06:27:52,26.5000,0.00,0.000,0.000,OFF,--,DONE,--
48425,2026-06-04 06:27:53,26.5000,0.00,0.000,0.000,OFF,--,DONE,--
48426,2026-06-04 06:27:54,26.4250,0.00,0.000,0.000,OFF,--,DONE,--
48427,2026-06-04 06:27:55,26.4250,0.00,0.000,0.000,OFF,--,DONE,--
48428,2026-06-04 06:27:56,26.3750,0.00,0.000,0.000,OFF,--,DONE,--
48429,2026-06-04 06:27:57,26.3750,0.00,0.000,0.000,OFF,--,DONE,--
48430,2026-06-04 06:27:58,26.3000,0.00,0.000,0.000,OFF,--,DONE,--
48431,2026-06-04 06:27:59,26.3000,0.00,0.000,0.000,OFF,--,DONE,--
48432,2026-06-04 06:28:00,26.2375,0.00,0.000,0.000,OFF,--,DONE,--
48433,2026-06-04 06:28:01,26.1875,0.00,0.000,0.000,OFF,--,DONE,--
48434,2026-06-04 06:28:02,26.1875,0.00,0.000,0.000,OFF,--,DONE,--
48435,2026-06-04 06:28:03,26.1125,0.00,0.000,0.000,OFF,--,DONE,--
48436,2026-06-04 06:28:04,26.1125,0.00,0.000,0.000,OFF,--,DONE,--
48437,2026-06-04 06:28:05,26.0625,0.00,0.000,0.000,OFF,--,DONE,--
48438,2026-06-04 06:28:07,26.0625,0.00,0.000,0.000,OFF,--,DONE,--
48439,2026-06-04 06:28:08,26.0000,0.00,0.000,0.000,OFF,--,DONE,--
48440,2026-06-04 06:28:09,26.0000,0.00,0.000,0.000,OFF,--,DONE,--
48441,2026-06-04 06:28:10,25.9500,0.00,0.000,0.000,OFF,--,DONE,--
48442,2026-06-04 06:28:11,25.9500,0.00,0.000,0.000,OFF,--,DONE,--
48443,2026-06-04 06:28:12,25.9250,0.00,0.000,0.000,OFF,--,DONE,--
48444,2026-06-04 06:28:13,25.9250,0.00,0.000,0.000,OFF,--,DONE,--
48445,2026-06-04 06:28:14,25.8500,0.00,0.000,0.000,OFF,--,DONE,--
48446,2026-06-04 06:28:15,25.8500,0.00,0.000,0.000,OFF,--,DONE,--
48447,2026-06-04 06:28:16,25.7750,0.00,0.000,0.000,OFF,--,DONE,--
48448,2026-06-04 06:28:17,25.7500,0.00,0.000,0.000,B,#1,HOLDING,0.183A/B
48449,2026-06-04 06:28:19,25.6875,0.00,0.000,0.000,B,#1,HOLDING,0.130A/B
48450,2026-06-04 06:28:20,25.6375,0.00,0.000,0.000,B,#1,HOLDING,0.162A/B
48451,2026-06-04 06:28:23,25.5875,0.00,0.000,0.000,B,#1,HOLDING,0.233A/B
48452,2026-06-04 06:28:24,25.5875,7.60,0.233,0.000,B,#1,HOLDING,0.286A/B
48453,2026-06-04 06:28:26,25.5625,7.60,0.233,0.878,B,#1,HOLDING,0.271A/B
48454,2026-06-04 06:28:28,25.5250,7.60,0.233,0.878,B,#1,HOLDING,0.340A/B
48455,2026-06-04 06:28:29,25.5000,7.60,0.233,0.878,B,#1,HOLDING,0.421A/B
48456,2026-06-04 06:28:31,25.5000,4.13,0.233,0.878,B,#1,HOLDING,0.507A/B
48457,2026-06-04 06:28:33,25.4750,4.13,0.507,2.509,B,#1,HOLDING,0.545A/B
48458,2026-06-04 06:28:35,25.4625,4.13,0.507,2.509,B,#1,HOLDING,0.511A/B
48459,2026-06-04 06:28:37,25.4375,4.13,0.507,2.509,B,#1,HOLDING,0.489A/B
48460,2026-06-04 06:28:39,25.4500,4.82,0.507,2.509,B,#1,HOLDING,0.427A/B
48461,2026-06-04 06:28:41,25.4500,4.82,0.427,1.878,B,#1,HOLDING,0.479A/B
48462,2026-06-04 06:28:43,25.4375,4.82,0.427,1.878,B,#1,HOLDING,0.548A/B
48463,2026-06-04 06:28:45,25.4875,4.82,0.427,1.878,B,#1,HOLDING,0.593A/B
48464,2026-06-04 06:28:46,25.4875,5.70,0.427,1.878,B,#1,HOLDING,0.542A/B
48465,2026-06-04 06:28:48,25.4875,5.70,0.565,2.921,B,#1,HOLDING,0.612A/B
48466,2026-06-04 06:28:51,25.5000,5.70,0.565,2.921,B,#1,HOLDING,0.652A/B
48467,2026-06-04 06:28:52,25.5000,5.70,0.565,2.921,B,#1,HOLDING,0.708A/B
48468,2026-06-04 06:28:54,25.5625,6.67,0.565,2.921,B,#1,HOLDING,0.717A/B
48469,2026-06-04 06:28:56,25.5875,6.67,0.717,4.911,B,#1,HOLDING,0.770A/B
48470,2026-06-04 06:28:58,25.6000,6.67,0.717,4.911,B,#1,HOLDING,0.882A/B
48471,2026-06-04 06:29:00,25.6250,6.67,0.717,4.911,B,#1,HOLDING,0.779A/B
48472,2026-06-04 06:29:02,25.6625,7.32,0.717,4.911,B,#1,HOLDING,0.795A/B
48473,2026-06-04 06:29:04,25.6875,7.32,0.784,5.962,B,#1,HOLDING,0.811A/B
48474,2026-06-04 06:29:06,25.7500,7.32,0.784,5.962,B,#1,HOLDING,0.777A/B
48475,2026-06-04 06:29:08,25.8000,7.32,0.784,5.962,B,#1,HOLDING,0.808A/B
48476,2026-06-04 06:29:09,25.8500,7.60,0.784,5.962,B,#1,HOLDING,0.801A/B
48477,2026-06-04 06:29:11,25.9000,7.60,0.801,6.119,B,#1,HOLDING,0.821A/B
48478,2026-06-04 06:29:14,25.9750,7.60,0.801,6.119,B,#1,HOLDING,0.837A/B
48479,2026-06-04 06:29:15,26.0500,7.60,0.801,6.119,B,#1,HOLDING,0.821A/B
48480,2026-06-04 06:29:17,26.0750,7.80,0.801,6.119,B,#2,APPROACH,0.828A/B
48481,2026-06-04 06:29:19,26.1500,7.80,0.828,0.000,A,#2,APPROACH,0.226A/A
48482,2026-06-04 06:29:22,26.2250,7.80,0.828,0.000,A,#2,APPROACH,0.310A/A
48483,2026-06-04 06:29:24,26.3000,7.80,0.828,0.000,A,#2,APPROACH,0.396A/A
48484,2026-06-04 06:29:25,26.3875,7.80,0.828,0.000,A,#2,APPROACH,0.506A/A
48485,2026-06-04 06:29:27,26.4375,4.10,0.828,0.000,A,#2,APPROACH,0.611A/A
48486,2026-06-04 06:29:29,26.5000,4.10,0.611,3.140,A,#2,APPROACH,0.750A/A
48487,2026-06-04 06:29:31,26.5500,4.10,0.611,3.140,A,#2,APPROACH,0.781A/A
48488,2026-06-04 06:29:33,26.5625,4.10,0.611,3.140,A,#2,APPROACH,0.814A/A
48489,2026-06-04 06:29:35,26.6125,6.79,0.611,3.140,A,#2,APPROACH,0.898A/A
48490,2026-06-04 06:29:37,26.6000,6.79,0.853,6.770,A,#2,APPROACH,0.990A/A
48491,2026-06-04 06:29:39,26.6250,6.79,0.853,6.770,A,#2,APPROACH,1.141A/A
48492,2026-06-04 06:29:40,26.6125,6.79,0.853,6.770,A,#2,APPROACH,1.000A/A
48493,2026-06-04 06:29:42,26.5625,8.32,0.853,6.770,A,#2,APPROACH,1.222A/A
48494,2026-06-04 06:29:44,26.5250,8.32,1.107,12.183,A,#2,APPROACH,1.317A/A
48495,2026-06-04 06:29:47,26.4500,8.32,1.107,12.183,A,#2,APPROACH,1.455A/A
48496,2026-06-04 06:29:48,26.4000,8.32,1.107,12.183,A,#2,APPROACH,1.525A/A
48497,2026-06-04 06:29:50,26.3500,12.00,1.107,12.183,A,#2,APPROACH,1.629A/A
48498,2026-06-04 06:29:52,26.2500,12.00,1.492,17.772,A,#2,APPROACH,1.702A/A
48499,2026-06-04 06:29:54,26.1750,12.00,1.492,17.772,A,#2,APPROACH,1.000A/A
48500,2026-06-04 06:29:56,26.0500,12.00,1.492,17.772,A,#2,APPROACH,1.000A/A
48501,2026-06-04 06:29:58,25.9250,8.79,1.492,17.772,A,#2,APPROACH,1.500A/A
48502,2026-06-04 06:30:00,25.8250,8.79,1.229,17.424,A,#2,APPROACH,1.782A/A
48503,2026-06-04 06:30:02,25.6750,8.79,1.229,17.424,A,#2,APPROACH,1.862A/A
48504,2026-06-04 06:30:04,25.5250,8.79,1.229,17.424,A,#2,APPROACH,1.911A/A
48505,2026-06-04 06:30:05,25.4000,12.00,1.229,17.424,A,#2,APPROACH,1.959A/A
48506,2026-06-04 06:30:07,25.2375,12.00,1.441,17.148,A,#2,APPROACH,1.994A/A
48507,2026-06-04 06:30:10,25.0875,12.00,1.441,17.148,A,#2,APPROACH,2.000A/A
48508,2026-06-04 06:30:11,24.9500,12.00,1.441,17.148,A,#2,APPROACH,2.050A/A
48509,2026-06-04 06:30:13,24.7500,12.00,1.441,17.148,A,#2,APPROACH,2.000A/A
48510,2026-06-04 06:30:15,24.5125,12.00,1.422,16.944,A,#2,HOLDING,2.007A/A
48511,2026-06-04 06:30:17,24.3625,12.00,1.422,16.944,OFF,#2,HOLDING,0.000A/OFF
48512,2026-06-04 06:30:18,24.2000,12.00,1.422,16.944,OFF,#2,HOLDING,0.000A/OFF
48513,2026-06-04 06:30:19,24.2000,12.00,1.422,16.944,OFF,#2,HOLDING,0.000A/OFF
48514,2026-06-04 06:30:20,24.0000,12.00,1.422,16.944,OFF,#2,HOLDING,0.000A/OFF
48515,2026-06-04 06:30:21,24.0000,12.00,0.000,16.944,OFF,#2,HOLDING,0.000A/OFF
48516,2026-06-04 06:30:22,23.8250,12.00,0.000,16.944,OFF,#2,HOLDING,0.000A/OFF
48517,2026-06-04 06:30:23,23.8250,12.00,0.000,0.000,OFF,#2,HOLDING,0.000A/OFF
48518,2026-06-04 06:30:24,23.6250,12.00,0.000,0.000,OFF,#2,HOLDING,0.000A/OFF
48519,2026-06-04 06:30:25,23.6250,12.00,0.000,0.000,OFF,#2,HOLDING,0.000A/OFF
48520,2026-06-04 06:30:26,23.4500,12.00,0.000,0.000,OFF,#2,HOLDING,0.000A/OFF
48521,2026-06-04 06:30:27,23.2750,12.00,0.000,0.000,OFF,#2,HOLDING,0.000A/OFF
48522,2026-06-04 06:30:28,23.2750,12.00,0.000,0.000,OFF,#2,HOLDING,0.000A/OFF
48523,2026-06-04 06:30:30,23.1750,12.00,0.000,0.000,OFF,#2,HOLDING,0.000A/OFF
48524,2026-06-04 06:30:31,23.1750,12.00,0.000,0.000,OFF,#2,HOLDING,0.000A/OFF
48525,2026-06-04 06:30:32,23.0500,12.00,0.000,0.000,OFF,#2,HOLDING,0.000A/OFF
48526,2026-06-04 06:30:33,23.0500,12.00,0.000,0.000,OFF,#2,HOLDING,0.000A/OFF
48527,2026-06-04 06:30:34,22.9250,12.00,0.000,0.000,OFF,#2,HOLDING,0.000A/OFF
48528,2026-06-04 06:30:35,22.9250,12.00,0.000,0.000,OFF,#2,HOLDING,0.000A/OFF
48529,2026-06-04 06:30:36,22.8500,12.00,0.000,0.000,OFF,#2,HOLDING,0.000A/OFF
48530,2026-06-04 06:30:37,22.8500,12.00,0.000,0.000,OFF,#2,HOLDING,0.000A/OFF
48531,2026-06-04 06:30:38,22.7500,12.00,0.000,0.000,B,#2,HOLDING,0.122A/B
48532,2026-06-04 06:30:39,22.7000,12.00,0.000,0.000,B,#2,HOLDING,0.194A/B
48533,2026-06-04 06:30:41,22.7000,1.49,0.000,0.000,B,#2,HOLDING,0.226A/B
48534,2026-06-04 06:30:43,22.6250,1.49,0.208,0.422,B,#2,HOLDING,0.259A/B
48535,2026-06-04 06:30:45,22.5250,1.49,0.208,0.422,B,#2,HOLDING,0.322A/B
48536,2026-06-04 06:30:47,22.5250,1.49,0.208,0.422,B,#2,HOLDING,0.359A/B
48537,2026-06-04 06:30:48,22.5000,3.06,0.208,0.422,B,#2,HOLDING,0.400A/B
48538,2026-06-04 06:30:50,22.4375,3.06,0.379,1.408,B,#2,HOLDING,0.449A/B
48539,2026-06-04 06:30:53,22.4375,3.06,0.379,1.408,B,#2,HOLDING,0.509A/B
48540,2026-06-04 06:30:54,22.4375,3.06,0.379,1.408,B,#2,HOLDING,0.547A/B
48541,2026-06-04 06:30:56,22.4375,4.80,0.379,1.408,B,#2,HOLDING,0.588A/B
48542,2026-06-04 06:30:58,22.4375,4.80,0.568,3.092,B,#2,HOLDING,0.635A/B
48543,2026-06-04 06:31:00,22.4500,4.80,0.568,3.092,B,#2,HOLDING,0.691A/B
48544,2026-06-04 06:31:02,22.4500,4.80,0.568,3.092,B,#2,HOLDING,0.731A/B
48545,2026-06-04 06:31:04,22.5000,6.42,0.568,3.092,B,#2,HOLDING,0.769A/B
48546,2026-06-04 06:31:06,22.5125,6.42,0.758,5.229,B,#2,HOLDING,0.812A/B
48547,2026-06-04 06:31:08,22.6375,6.42,0.758,5.229,B,#2,HOLDING,0.847A/B
48548,2026-06-04 06:31:10,22.6375,6.42,0.758,5.229,B,#2,HOLDING,0.887A/B
48549,2026-06-04 06:31:11,22.6875,7.70,0.758,5.229,B,#2,HOLDING,0.917A/B
48550,2026-06-04 06:31:13,22.7625,7.70,0.917,7.372,B,#2,HOLDING,0.903A/B
48551,2026-06-04 06:31:16,22.8875,7.70,0.917,7.372,B,#2,HOLDING,0.932A/B
48552,2026-06-04 06:31:17,22.8875,7.70,0.917,7.372,B,#2,HOLDING,0.963A/B
48553,2026-06-04 06:31:19,23.0125,8.41,0.917,7.372,B,#2,HOLDING,0.984A/B
48554,2026-06-04 06:31:21,23.0750,8.41,0.984,8.531,B,#2,HOLDING,1.010A/B
48555,2026-06-04 06:31:23,23.2750,8.41,0.984,8.531,B,#2,HOLDING,1.016A/B
48556,2026-06-04 06:31:25,23.2750,8.41,0.984,8.531,B,#2,HOLDING,1.041A/B
48557,2026-06-04 06:31:27,23.4000,9.12,0.984,8.531,B,#2,HOLDING,1.047A/B
48558,2026-06-04 06:31:29,23.5125,9.12,1.047,9.716,B,#2,HOLDING,1.058A/B
48559,2026-06-04 06:31:31,23.7625,9.12,1.047,9.716,B,#2,HOLDING,1.038A/B
48560,2026-06-04 06:31:33,23.7625,9.12,1.047,9.716,B,#2,HOLDING,1.047A/B
48561,2026-06-04 06:31:35,23.8875,9.30,1.047,9.716,B,#2,HOLDING,1.038A/B
48562,2026-06-04 06:31:36,23.9875,9.30,1.038,9.726,B,#2,HOLDING,1.036A/B
48563,2026-06-04 06:31:39,24.2625,9.30,1.038,9.726,B,#2,HOLDING,0.988A/B
48564,2026-06-04 06:31:40,24.2625,9.30,1.038,9.726,B,#2,HOLDING,0.982A/B
48565,2026-06-04 06:31:42,24.3875,8.96,1.038,9.726,B,#2,HOLDING,0.953A/B
48566,2026-06-04 06:31:44,24.5500,8.96,0.965,8.462,B,#2,HOLDING,0.926A/B
48567,2026-06-04 06:31:46,24.8625,8.96,0.965,8.462,B,#2,HOLDING,0.788A/B
48568,2026-06-04 06:31:48,24.8625,8.96,0.965,8.462,B,#2,HOLDING,0.763A/B
48569,2026-06-04 06:31:50,25.0125,7.49,0.965,8.462,B,#2,HOLDING,0.708A/B
48570,2026-06-04 06:31:52,25.1375,7.49,0.733,5.040,B,#2,HOLDING,0.661A/B
48571,2026-06-04 06:31:54,25.4250,7.49,0.733,5.040,B,#2,HOLDING,0.541A/B
48572,2026-06-04 06:31:56,25.4250,7.49,0.733,5.040,B,#2,HOLDING,0.502A/B
48573,2026-06-04 06:31:58,25.5750,5.53,0.733,5.040,B,#2,HOLDING,0.422A/B
48574,2026-06-04 06:31:59,25.6750,5.53,0.460,2.084,B,#2,HOLDING,0.356A/B
48575,2026-06-04 06:32:02,25.9750,5.53,0.460,2.084,B,#2,HOLDING,0.208A/B
48576,2026-06-04 06:32:03,25.9750,5.53,0.460,2.084,B,#2,HOLDING,0.151A/B
48577,2026-06-04 06:32:05,26.0750,5.53,0.460,2.084,OFF,#2,HOLDING,0.000A/OFF
48578,2026-06-04 06:32:06,26.2000,2.53,0.460,2.084,OFF,#2,HOLDING,0.000A/OFF
48579,2026-06-04 06:32:07,26.2000,2.53,0.151,2.084,OFF,#2,HOLDING,0.000A/OFF
48580,2026-06-04 06:32:08,26.3250,2.53,0.151,0.000,A,#2,HOLDING,0.123A/A
48581,2026-06-04 06:32:10,26.4250,2.53,0.151,0.000,A,#2,HOLDING,0.206A/A
48582,2026-06-04 06:32:11,26.5500,2.53,0.151,0.000,A,#2,HOLDING,0.317A/A
48583,2026-06-04 06:32:13,26.5500,2.36,0.151,0.000,A,#2,HOLDING,0.384A/A
48584,2026-06-04 06:32:15,26.6375,2.36,0.348,1.182,A,#2,HOLDING,0.494A/A
48585,2026-06-04 06:32:17,26.7625,2.36,0.348,1.182,A,#2,HOLDING,0.625A/A
48586,2026-06-04 06:32:19,26.8375,2.36,0.348,1.182,A,#2,HOLDING,0.732A/A
48587,2026-06-04 06:32:21,26.8375,6.04,0.348,1.182,A,#2,HOLDING,0.845A/A
48588,2026-06-04 06:32:23,26.8875,6.04,0.788,5.898,A,#2,HOLDING,0.964A/A
48589,2026-06-04 06:32:25,26.9375,6.04,0.788,5.898,A,#2,HOLDING,1.118A/A
48590,2026-06-04 06:32:27,26.9375,6.04,0.788,5.898,A,#2,HOLDING,1.222A/A
48591,2026-06-04 06:32:28,26.9375,9.69,0.788,5.898,A,#2,HOLDING,1.342A/A
48592,2026-06-04 06:32:30,26.9375,9.69,1.280,14.453,A,#2,HOLDING,1.460A/A
48593,2026-06-04 06:32:33,26.9125,9.69,1.280,14.453,A,#2,HOLDING,1.612A/A
48594,2026-06-04 06:32:34,26.8875,9.69,1.280,14.453,A,#2,HOLDING,1.710A/A
48595,2026-06-04 06:32:36,26.8875,12.00,1.280,14.453,A,#2,HOLDING,1.000A/A
48596,2026-06-04 06:32:38,26.8000,12.00,1.248,8.520,A,#2,HOLDING,1.823A/A
48597,2026-06-04 06:32:40,26.6500,12.00,1.248,8.520,A,#2,HOLDING,1.500A/A
48598,2026-06-04 06:32:42,26.5500,12.00,1.248,8.520,A,#2,HOLDING,1.921A/A
48599,2026-06-04 06:32:44,26.5500,12.00,1.248,8.520,A,#2,HOLDING,2.037A/A
48600,2026-06-04 06:32:46,26.4625,12.00,1.465,17.424,A,#2,HOLDING,1.500A/A
48601,2026-06-04 06:32:48,26.2375,12.00,1.465,17.424,A,#2,HOLDING,2.119A/A
48602,2026-06-04 06:32:50,26.0875,12.00,1.465,17.424,A,#2,HOLDING,1.500A/A
48603,2026-06-04 06:32:52,26.0875,12.00,1.465,17.424,A,#2,HOLDING,2.180A/A
48604,2026-06-04 06:32:53,25.9500,12.00,1.435,17.040,A,#2,HOLDING,2.260A/A
48605,2026-06-04 06:32:56,25.6875,12.00,1.435,17.040,A,#2,HOLDING,2.338A/A
48606,2026-06-04 06:32:57,25.4875,12.00,1.435,17.040,A,#2,HOLDING,2.362A/A
48607,2026-06-04 06:32:59,25.4875,12.00,1.435,17.040,A,#2,HOLDING,2.442A/A
48608,2026-06-04 06:33:01,25.3500,12.00,1.416,16.872,A,#2,HOLDING,2.500A/A
48609,2026-06-04 06:33:03,25.0125,12.00,1.416,16.872,A,#2,HOLDING,2.483A/A
48610,2026-06-04 06:33:05,24.8125,12.00,1.416,16.872,A,#2,HOLDING,1.500A/A
48611,2026-06-04 06:33:07,24.8125,12.00,1.416,16.872,A,#2,HOLDING,1.000A/A
48612,2026-06-04 06:33:09,24.6000,12.00,1.095,9.310,A,#3,APPROACH,2.451A/A
48613,2026-06-04 06:33:11,24.2625,12.00,1.095,9.310,A,#3,APPROACH,0.170A/A
48614,2026-06-04 06:33:13,24.0625,12.00,1.095,9.310,A,#3,APPROACH,0.167A/A
48615,2026-06-04 06:33:15,23.8875,12.00,1.095,9.310,A,#3,APPROACH,0.157A/A
48616,2026-06-04 06:33:18,23.6875,4.69,0.157,9.310,A,#3,APPROACH,0.165A/A
48617,2026-06-04 06:33:19,23.5125,4.69,0.157,0.457,A,#3,APPROACH,0.195A/A
48618,2026-06-04 06:33:21,23.3375,4.69,0.157,0.457,A,#3,APPROACH,0.219A/A
48619,2026-06-04 06:33:23,23.2000,4.69,0.157,0.457,A,#3,APPROACH,0.259A/A
48620,2026-06-04 06:33:24,23.0500,3.37,0.157,0.457,A,#3,APPROACH,0.313A/A
48621,2026-06-04 06:33:26,22.9000,3.37,0.290,1.154,A,#3,APPROACH,0.377A/A
48622,2026-06-04 06:33:29,22.8000,3.37,0.290,1.154,A,#3,APPROACH,0.467A/A
48623,2026-06-04 06:33:30,22.6750,3.37,0.290,1.154,A,#3,APPROACH,0.515A/A
48624,2026-06-04 06:33:32,22.5750,5.23,0.290,1.154,A,#3,APPROACH,0.574A/A
48625,2026-06-04 06:33:34,22.5750,5.23,0.550,3.346,A,#3,APPROACH,0.640A/A
48626,2026-06-04 06:33:36,22.4125,5.23,0.550,3.346,A,#3,APPROACH,0.701A/A
48627,2026-06-04 06:33:38,22.3000,5.23,0.550,3.346,A,#3,APPROACH,0.734A/A
48628,2026-06-04 06:33:40,22.2000,7.03,0.550,3.346,A,#3,APPROACH,0.764A/A
48629,2026-06-04 06:33:42,22.2000,7.03,0.764,5.645,A,#3,APPROACH,0.821A/A
48630,2026-06-04 06:33:44,22.0125,7.03,0.764,5.645,A,#3,APPROACH,0.858A/A
48631,2026-06-04 06:33:46,21.9625,7.03,0.764,5.645,A,#3,HOLDING,0.842A/A
48632,2026-06-04 06:33:47,21.8875,7.03,0.764,5.645,OFF,#3,HOLDING,0.000A/OFF
48633,2026-06-04 06:33:48,21.8875,7.84,0.764,5.645,OFF,#3,HOLDING,0.000A/OFF
48634,2026-06-04 06:33:49,21.7750,7.84,0.839,5.645,OFF,#3,HOLDING,0.000A/OFF
48635,2026-06-04 06:33:50,21.7750,7.84,0.839,0.000,OFF,#3,HOLDING,0.000A/OFF
48636,2026-06-04 06:33:51,21.7000,7.84,0.839,0.000,OFF,#3,HOLDING,0.000A/OFF
48637,2026-06-04 06:33:52,21.7000,7.84,0.839,0.000,OFF,#3,HOLDING,0.000A/OFF
48638,2026-06-04 06:33:53,21.6125,7.84,0.839,0.000,OFF,#3,HOLDING,0.000A/OFF
48639,2026-06-04 06:33:54,21.6125,12.00,0.839,0.000,A,#3,HOLDING,0.120A/A
48640,2026-06-04 06:33:56,21.5625,12.00,0.000,0.205,A,#3,HOLDING,0.132A/A
48641,2026-06-04 06:33:58,21.5000,12.00,0.000,0.205,A,#3,HOLDING,0.167A/A
48642,2026-06-04 06:34:00,21.4500,12.00,0.000,0.205,A,#3,HOLDING,0.176A/A
48643,2026-06-04 06:34:02,21.4250,2.29,0.000,0.205,A,#3,HOLDING,0.195A/A
48644,2026-06-04 06:34:04,21.3750,2.29,0.184,0.485,A,#3,HOLDING,0.209A/A
48645,2026-06-04 06:34:06,21.3750,2.29,0.184,0.485,A,#3,HOLDING,0.232A/A
48646,2026-06-04 06:34:08,21.3250,2.29,0.184,0.485,A,#3,HOLDING,0.239A/A
48647,2026-06-04 06:34:10,21.3125,2.72,0.184,0.485,A,#3,HOLDING,0.254A/A
48648,2026-06-04 06:34:11,21.2875,2.72,0.254,0.739,A,#3,HOLDING,0.263A/A
48649,2026-06-04 06:34:14,21.2500,2.72,0.254,0.739,A,#3,HOLDING,0.277A/A
48650,2026-06-04 06:34:15,21.2500,2.72,0.254,0.739,A,#3,HOLDING,0.286A/A
48651,2026-06-04 06:34:17,21.2375,3.03,0.254,0.739,A,#3,HOLDING,0.296A/A
48652,2026-06-04 06:34:19,21.1875,3.03,0.296,0.953,A,#3,HOLDING,0.301A/A
48653,2026-06-04 06:34:21,21.1875,3.03,0.296,0.953,A,#3,HOLDING,0.310A/A
48654,2026-06-04 06:34:23,21.1875,3.03,0.296,0.953,A,#3,HOLDING,0.317A/A
48655,2026-06-04 06:34:25,21.1875,3.29,0.296,0.953,A,#3,HOLDING,0.329A/A
48656,2026-06-04 06:34:27,21.1625,3.29,0.329,1.158,A,#3,HOLDING,0.333A/A
48657,2026-06-04 06:34:29,21.1500,3.29,0.329,1.158,A,#3,HOLDING,0.339A/A
48658,2026-06-04 06:34:31,21.1250,3.29,0.329,1.158,A,#3,HOLDING,0.341A/A
48659,2026-06-04 06:34:33,21.1250,3.54,0.329,1.158,A,#3,HOLDING,0.348A/A
48660,2026-06-04 06:34:34,21.1250,3.54,0.348,1.280,A,#3,HOLDING,0.353A/A
48661,2026-06-04 06:34:37,21.0875,3.54,0.348,1.280,A,#3,HOLDING,0.357A/A
48662,2026-06-04 06:34:38,21.0875,3.54,0.348,1.280,A,#3,HOLDING,0.360A/A
48663,2026-06-04 06:34:40,21.0625,3.69,0.348,1.280,A,#3,HOLDING,0.360A/A
48664,2026-06-04 06:34:42,21.0625,3.69,0.360,1.353,A,#3,HOLDING,0.365A/A
48665,2026-06-04 06:34:45,21.0250,3.69,0.360,1.353,A,#3,HOLDING,0.363A/A
48666,2026-06-04 06:34:46,21.0000,3.69,0.360,1.353,A,#4,APPROACH,0.363A/A
48667,2026-06-04 06:34:48,21.0000,3.69,0.360,1.353,OFF,#4,HOLDING,0.000A/OFF
48668,2026-06-04 06:34:49,20.9750,1.56,0.360,1.353,OFF,#4,HOLDING,0.000A/OFF
48669,2026-06-04 06:34:50,20.9750,1.56,0.000,1.353,OFF,#4,HOLDING,0.000A/OFF
48670,2026-06-04 06:34:51,20.9625,1.56,0.000,1.353,OFF,#4,HOLDING,0.000A/OFF
48671,2026-06-04 06:34:52,20.9625,1.56,0.000,0.000,OFF,#4,HOLDING,0.000A/OFF
48672,2026-06-04 06:34:53,20.9375,1.56,0.000,0.000,OFF,#4,HOLDING,0.000A/OFF
48673,2026-06-04 06:34:54,20.9375,1.56,0.000,0.000,OFF,#4,HOLDING,0.000A/OFF
48674,2026-06-04 06:34:55,20.9500,1.56,0.000,0.000,A,#4,HOLDING,0.113A/A
48675,2026-06-04 06:34:57,20.9500,4.18,0.113,0.000,A,#4,HOLDING,0.149A/A
48676,2026-06-04 06:34:59,20.9375,4.18,0.113,0.290,A,#4,HOLDING,0.177A/A
48677,2026-06-04 06:35:00,20.9375,4.18,0.113,0.290,A,#4,HOLDING,0.204A/A
48678,2026-06-04 06:35:02,20.9375,4.18,0.113,0.290,A,#4,HOLDING,0.233A/A
48679,2026-06-04 06:35:04,20.9375,2.55,0.113,0.290,A,#4,HOLDING,0.269A/A
48680,2026-06-04 06:35:06,20.9375,2.55,0.250,0.785,A,#4,HOLDING,0.295A/A
48681,2026-06-04 06:35:08,20.9375,2.55,0.250,0.785,A,#4,HOLDING,0.334A/A
48682,2026-06-04 06:35:10,20.9375,2.55,0.250,0.785,A,#4,HOLDING,0.364A/A
48683,2026-06-04 06:35:11,20.9375,3.62,0.250,0.785,A,#4,HOLDING,0.395A/A
48684,2026-06-04 06:35:13,20.9125,3.62,0.379,1.568,A,#4,HOLDING,0.426A/A
48685,2026-06-04 06:35:16,20.9375,3.62,0.379,1.568,A,#4,HOLDING,0.474A/A
48686,2026-06-04 06:35:17,20.9375,3.62,0.379,1.568,A,#4,HOLDING,0.501A/A
48687,2026-06-04 06:35:19,20.9250,4.77,0.379,1.568,A,#4,HOLDING,0.542A/A
48688,2026-06-04 06:35:21,20.9250,4.77,0.519,2.834,A,#4,HOLDING,0.584A/A
48689,2026-06-04 06:35:23,20.8750,4.77,0.519,2.834,A,#4,HOLDING,0.624A/A
48690,2026-06-04 06:35:25,20.8750,4.77,0.519,2.834,A,#4,HOLDING,0.626A/A
48691,2026-06-04 06:35:27,20.8750,5.86,0.519,2.834,A,#4,HOLDING,0.644A/A
48692,2026-06-04 06:35:29,20.8750,5.86,0.632,3.954,A,#4,HOLDING,0.670A/A
48693,2026-06-04 06:35:31,20.8125,5.86,0.632,3.954,A,#4,HOLDING,0.702A/A
48694,2026-06-04 06:35:33,20.8125,5.86,0.632,3.954,A,#4,HOLDING,0.729A/A
48695,2026-06-04 06:35:35,20.7875,6.78,0.632,3.954,A,#4,HOLDING,0.751A/A
48696,2026-06-04 06:35:36,20.7625,6.78,0.737,5.317,A,#4,HOLDING,0.783A/A
48697,2026-06-04 06:35:39,20.7500,6.78,0.737,5.317,A,#4,HOLDING,0.809A/A
48698,2026-06-04 06:35:40,20.7000,6.78,0.737,5.317,A,#4,HOLDING,0.829A/A
48699,2026-06-04 06:35:42,20.6500,7.62,0.737,5.317,A,#4,HOLDING,0.842A/A
48700,2026-06-04 06:35:44,20.6250,7.62,0.842,6.576,A,#4,HOLDING,0.865A/A
48701,2026-06-04 06:35:46,20.5625,7.62,0.842,6.576,A,#4,HOLDING,0.893A/A
48702,2026-06-04 06:35:48,20.5125,7.62,0.842,6.576,A,#5,APPROACH,0.913A/A
48703,2026-06-04 06:35:50,20.4625,1.80,0.842,6.576,A,#5,APPROACH,0.250A/A
48704,2026-06-04 06:35:52,20.4125,1.80,0.000,6.576,A,#5,APPROACH,0.293A/A
48705,2026-06-04 06:35:54,20.3375,1.80,0.000,0.000,A,#5,APPROACH,0.325A/A
48706,2026-06-04 06:35:56,20.2875,1.80,0.000,0.000,A,#5,APPROACH,0.373A/A
48707,2026-06-04 06:35:58,20.2500,1.80,0.000,0.000,A,#5,APPROACH,0.440A/A
48708,2026-06-04 06:36:00,20.2000,4.51,0.000,0.000,A,#5,APPROACH,0.510A/A
48709,2026-06-04 06:36:02,20.1750,4.51,0.510,2.672,A,#5,APPROACH,0.586A/A
48710,2026-06-04 06:36:04,20.1500,4.51,0.510,2.672,A,#5,APPROACH,0.714A/A
48711,2026-06-04 06:36:06,20.1250,4.51,0.510,2.672,A,#5,APPROACH,0.810A/A
48712,2026-06-04 06:36:07,20.0750,7.35,0.510,2.672,A,#5,APPROACH,0.935A/A
48713,2026-06-04 06:36:09,20.0625,7.35,0.935,7.807,A,#5,APPROACH,1.080A/A
48714,2026-06-04 06:36:12,20.0625,7.35,0.935,7.807,A,#5,APPROACH,1.280A/A
48715,2026-06-04 06:36:13,20.0000,7.35,0.935,7.807,A,#5,APPROACH,1.404A/A
48716,2026-06-04 06:36:15,20.0000,11.46,0.935,7.807,A,#5,APPROACH,1.558A/A
48717,2026-06-04 06:36:17,19.9250,11.46,1.456,17.364,A,#5,APPROACH,1.000A/A
48718,2026-06-04 06:36:19,19.8750,11.46,1.456,17.364,A,#5,APPROACH,1.689A/A
48719,2026-06-04 06:36:21,19.8625,11.46,1.456,17.364,A,#5,APPROACH,1.814A/A
48720,2026-06-04 06:36:23,19.7625,12.00,1.456,17.364,A,#5,APPROACH,1.000A/A
48721,2026-06-04 06:36:25,19.7125,12.00,1.023,8.920,A,#5,APPROACH,1.000A/A
48722,2026-06-04 06:36:27,19.6375,12.00,1.023,8.920,A,#5,APPROACH,1.500A/A
48723,2026-06-04 06:36:29,19.5875,12.00,1.023,8.920,A,#5,APPROACH,1.000A/A
48724,2026-06-04 06:36:31,19.5125,8.91,1.023,8.920,A,#5,APPROACH,1.920A/A
48725,2026-06-04 06:36:32,19.4000,8.91,1.444,17.184,A,#5,APPROACH,2.038A/A
48726,2026-06-04 06:36:35,19.3250,8.91,1.444,17.184,A,#5,APPROACH,1.000A/A
48727,2026-06-04 06:36:36,19.2750,8.91,1.444,17.184,A,#5,APPROACH,1.500A/A
48728,2026-06-04 06:36:38,19.1750,12.00,1.444,17.184,A,#5,APPROACH,2.184A/A
48729,2026-06-04 06:36:40,19.0875,12.00,1.426,16.980,A,#5,APPROACH,2.000A/A
48730,2026-06-04 06:36:42,18.9875,12.00,1.426,16.980,A,#5,APPROACH,1.500A/A
48731,2026-06-04 06:36:44,18.9250,12.00,1.426,16.980,A,#5,APPROACH,2.000A/A
48732,2026-06-04 06:36:46,18.8250,12.00,1.426,16.980,A,#5,APPROACH,2.000A/A
48733,2026-06-04 06:36:48,18.7250,12.00,1.414,16.848,A,#5,APPROACH,2.253A/A
48734,2026-06-04 06:36:50,18.6750,12.00,1.414,16.848,A,#5,APPROACH,2.381A/A
48735,2026-06-04 06:36:52,18.5500,12.00,1.414,16.848,A,#5,APPROACH,2.452A/A
48736,2026-06-04 06:36:54,18.4500,12.00,1.414,16.848,A,#5,APPROACH,2.540A/A
48737,2026-06-04 06:36:55,18.3625,12.00,1.405,16.752,A,#5,APPROACH,2.617A/A
48738,2026-06-04 06:36:58,18.2375,12.00,1.405,16.752,A,#5,APPROACH,1.000A/A
48739,2026-06-04 06:36:59,18.1750,12.00,1.405,16.752,A,#5,APPROACH,2.000A/A
48740,2026-06-04 06:37:01,18.0750,12.00,1.405,16.752,A,#5,APPROACH,1.500A/A
48741,2026-06-04 06:37:03,17.9875,12.00,1.397,16.680,A,#5,APPROACH,2.712A/A
48742,2026-06-04 06:37:05,17.8875,12.00,1.397,16.680,A,#5,APPROACH,1.000A/A
48743,2026-06-04 06:37:07,17.8000,12.00,1.397,16.680,A,#5,APPROACH,1.000A/A
48744,2026-06-04 06:37:09,17.7000,9.30,1.397,16.680,A,#5,APPROACH,2.000A/A
48745,2026-06-04 06:37:11,17.6375,9.30,1.197,16.644,A,#5,APPROACH,2.784A/A
48746,2026-06-04 06:37:13,17.5125,9.30,1.197,16.644,A,#5,APPROACH,2.000A/A
48747,2026-06-04 06:37:15,17.4250,9.30,1.197,16.644,A,#5,APPROACH,2.847A/A
48748,2026-06-04 06:37:17,17.3750,12.00,1.197,16.644,A,#5,APPROACH,2.896A/A
48749,2026-06-04 06:37:18,17.2750,12.00,1.396,16.620,A,#5,APPROACH,1.500A/A
48750,2026-06-04 06:37:21,17.2000,12.00,1.396,16.620,A,#5,APPROACH,2.500A/A
48751,2026-06-04 06:37:22,17.1500,12.00,1.396,16.620,A,#5,APPROACH,1.500A/A
48752,2026-06-04 06:37:24,17.0500,12.00,1.396,16.620,A,#5,APPROACH,2.931A/A
48753,2026-06-04 06:37:26,16.9625,12.00,1.387,16.524,A,#5,HOLDING,2.500A/A
48754,2026-06-04 06:37:28,16.8875,12.00,1.387,16.524,OFF,#5,HOLDING,0.000A/OFF
48755,2026-06-04 06:37:29,16.8125,12.00,1.387,16.524,OFF,#5,HOLDING,0.000A/OFF
48756,2026-06-04 06:37:30,16.8125,12.00,1.387,16.524,OFF,#5,HOLDING,0.000A/OFF
48757,2026-06-04 06:37:32,16.7625,12.00,1.387,16.524,OFF,#5,HOLDING,0.000A/OFF
48758,2026-06-04 06:37:33,16.7625,12.00,0.000,16.524,OFF,#5,HOLDING,0.000A/OFF
48759,2026-06-04 06:37:34,16.6875,12.00,0.000,16.524,OFF,#5,HOLDING,0.000A/OFF
48760,2026-06-04 06:37:35,16.6875,12.00,0.000,0.000,A,#5,HOLDING,0.121A/A
48761,2026-06-04 06:37:36,16.6375,12.00,0.000,0.000,A,#5,HOLDING,0.136A/A
48762,2026-06-04 06:37:38,16.5875,12.00,0.000,0.000,A,#5,HOLDING,0.162A/A
48763,2026-06-04 06:37:39,16.5625,2.42,0.000,0.000,A,#5,HOLDING,0.178A/A
48764,2026-06-04 06:37:41,16.5250,2.42,0.178,0.450,A,#5,HOLDING,0.199A/A
48765,2026-06-04 06:37:43,16.5500,2.42,0.178,0.450,A,#5,HOLDING,0.233A/A
48766,2026-06-04 06:37:45,16.5625,2.42,0.178,0.450,A,#5,HOLDING,0.255A/A
48767,2026-06-04 06:37:47,16.5625,3.06,0.178,0.450,A,#5,HOLDING,0.280A/A
48768,2026-06-04 06:37:49,16.6000,3.06,0.280,0.921,A,#5,HOLDING,0.306A/A
48769,2026-06-04 06:37:51,16.6250,3.06,0.280,0.921,A,#5,HOLDING,0.335A/A
48770,2026-06-04 06:37:53,16.6875,3.06,0.280,0.921,A,#5,HOLDING,0.365A/A
48771,2026-06-04 06:37:55,16.6875,3.87,0.280,0.921,A,#5,HOLDING,0.387A/A
48772,2026-06-04 06:37:56,16.7500,3.87,0.387,1.606,A,#5,HOLDING,0.418A/A
48773,2026-06-04 06:37:59,16.8000,3.87,0.387,1.606,A,#5,HOLDING,0.455A/A
48774,2026-06-04 06:38:00,16.8250,3.87,0.387,1.606,A,#5,HOLDING,0.486A/A
48775,2026-06-04 06:38:02,16.9000,4.82,0.387,1.606,A,#5,HOLDING,0.527A/A
48776,2026-06-04 06:38:04,16.9500,4.82,0.527,2.793,A,#5,HOLDING,0.557A/A
48777,2026-06-04 06:38:07,17.0000,4.82,0.527,2.793,A,#5,HOLDING,0.660A/A
48778,2026-06-04 06:38:08,17.0375,4.82,0.527,2.793,A,#5,HOLDING,0.686A/A
48779,2026-06-04 06:38:10,17.1125,6.41,0.527,2.793,A,#5,HOLDING,0.738A/A
48780,2026-06-04 06:38:12,17.1375,6.41,0.738,5.158,A,#5,HOLDING,0.777A/A
48781,2026-06-04 06:38:14,17.1875,6.41,0.738,5.158,A,#5,HOLDING,0.834A/A
48782,2026-06-04 06:38:16,17.2250,6.41,0.738,5.158,A,#5,HOLDING,0.872A/A
48783,2026-06-04 06:38:18,17.2500,7.84,0.738,5.158,A,#5,HOLDING,0.919A/A
48784,2026-06-04 06:38:20,17.3125,7.84,0.919,7.646,A,#5,HOLDING,0.972A/A
48785,2026-06-04 06:38:22,17.3125,7.84,0.919,7.646,A,#5,HOLDING,1.030A/A
48786,2026-06-04 06:38:24,17.3375,7.84,0.919,7.646,A,#5,HOLDING,1.074A/A
48787,2026-06-04 06:38:25,17.3625,9.33,0.919,7.646,A,#5,HOLDING,1.123A/A
48788,2026-06-04 06:38:27,17.3750,9.33,1.109,11.061,A,#5,HOLDING,1.177A/A
48789,2026-06-04 06:38:30,17.3750,9.33,1.109,11.061,A,#5,HOLDING,1.238A/A
48790,2026-06-04 06:38:31,17.3750,9.33,1.109,11.061,A,#5,HOLDING,1.280A/A
48791,2026-06-04 06:38:33,17.3750,10.84,1.109,11.061,A,#5,HOLDING,1.000A/A
48792,2026-06-04 06:38:35,17.3750,10.84,1.087,8.950,A,#5,HOLDING,1.329A/A
48793,2026-06-04 06:38:37,17.3500,10.84,1.087,8.950,A,#5,HOLDING,1.389A/A
48794,2026-06-04 06:38:39,17.3125,10.84,1.087,8.950,A,#5,HOLDING,1.424A/A
48795,2026-06-04 06:38:41,17.3125,11.84,1.087,8.950,A,#5,HOLDING,1.473A/A
48796,2026-06-04 06:38:43,17.2875,11.84,1.426,17.028,A,#5,HOLDING,1.519A/A
48797,2026-06-04 06:38:45,17.2625,11.84,1.426,17.028,A,#5,HOLDING,1.000A/A
48798,2026-06-04 06:38:47,17.2500,11.84,1.426,17.028,A,#5,HOLDING,1.000A/A
48799,2026-06-04 06:38:49,17.2000,9.12,1.426,17.028,A,#5,HOLDING,1.000A/A
48800,2026-06-04 06:38:50,17.1750,9.12,1.000,9.230,A,#5,HOLDING,1.572A/A
48801,2026-06-04 06:38:53,17.0750,9.12,1.000,9.230,A,#5,HOLDING,1.612A/A
48802,2026-06-04 06:38:54,17.0500,9.12,1.000,9.230,A,#5,HOLDING,1.000A/A
48803,2026-06-04 06:38:56,17.0250,9.10,1.000,9.230,A,#5,HOLDING,1.645A/A
48804,2026-06-04 06:38:58,16.9375,9.10,1.245,16.848,A,#5,HOLDING,1.000A/A
48805,2026-06-04 06:39:00,16.9375,9.10,1.245,16.848,A,#5,HOLDING,1.630A/A
48806,2026-06-04 06:39:02,16.8750,9.10,1.245,16.848,A,#5,HOLDING,1.000A/A
48807,2026-06-04 06:39:04,16.8250,9.16,1.245,16.848,A,#5,HOLDING,1.657A/A
48808,2026-06-04 06:39:06,16.8000,9.16,1.293,16.788,A,#5,HOLDING,1.684A/A
48809,2026-06-04 06:39:08,16.7500,9.16,1.293,16.788,A,#5,HOLDING,1.723A/A
48810,2026-06-04 06:39:10,16.7125,9.16,1.293,16.788,A,#5,HOLDING,1.746A/A
48811,2026-06-04 06:39:12,16.6625,12.00,1.293,16.788,A,#5,HOLDING,1.769A/A
48812,2026-06-04 06:39:13,16.6250,12.00,1.398,16.656,A,#5,HOLDING,1.792A/A
48813,2026-06-04 06:39:16,16.5750,12.00,1.398,16.656,OFF,--,DONE,1.500A/A
48814,2026-06-04 06:39:18,16.5250,12.00,1.398,16.656,OFF,--,DONE,--
48815,2026-06-04 06:39:19,16.4750,12.00,1.398,16.656,OFF,--,DONE,--
48816,2026-06-04 06:39:20,16.4750,12.00,0.000,16.656,OFF,--,DONE,--
48817,2026-06-04 06:39:21,16.4375,12.00,0.000,16.656,OFF,--,DONE,--
48818,2026-06-04 06:39:22,16.4375,12.00,0.000,0.000,OFF,--,DONE,--
48819,2026-06-04 06:39:23,16.3875,12.00,0.000,0.000,OFF,--,DONE,--
48820,2026-06-04 06:39:24,16.3875,12.00,0.000,0.000,OFF,--,DONE,--
48821,2026-06-04 06:39:25,16.3750,12.00,0.000,0.000,OFF,--,DONE,--
48822,2026-06-04 06:39:26,16.3750,12.00,0.000,0.000,OFF,--,DONE,--
48823,2026-06-04 06:39:27,16.3500,12.00,0.000,0.000,OFF,--,DONE,--
48824,2026-06-04 06:39:28,16.3500,12.00,0.000,0.000,OFF,--,DONE,--
48825,2026-06-04 06:39:29,16.3500,12.00,0.000,0.000,OFF,--,DONE,--
48826,2026-06-04 06:39:30,16.3500,12.00,0.000,0.000,OFF,--,DONE,--
48827,2026-06-04 06:39:31,16.3750,12.00,0.000,0.000,OFF,--,DONE,--
48828,2026-06-04 06:39:32,16.3750,12.00,0.000,0.000,OFF,--,DONE,--
48829,2026-06-04 06:39:33,16.3875,12.00,0.000,0.000,OFF,--,DONE,--
48830,2026-06-04 06:39:34,16.3875,12.00,0.000,0.000,OFF,--,DONE,--
48831,2026-06-04 06:39:35,16.4375,12.00,0.000,0.000,OFF,--,DONE,--
48832,2026-06-04 06:39:36,16.4375,12.00,0.000,0.000,OFF,--,DONE,--
48833,2026-06-04 06:39:37,16.4750,12.00,0.000,0.000,OFF,--,DONE,--
48834,2026-06-04 06:39:38,16.5500,12.00,0.000,0.000,OFF,--,DONE,--
48835,2026-06-04 06:39:39,16.5500,12.00,0.000,0.000,OFF,--,DONE,--
48836,2026-06-04 06:39:40,16.6000,12.00,0.000,0.000,OFF,--,DONE,--
48837,2026-06-04 06:39:41,16.6000,12.00,0.000,0.000,OFF,--,DONE,--
48838,2026-06-04 06:39:42,16.6750,12.00,0.000,0.000,OFF,--,DONE,--
48839,2026-06-04 06:39:43,16.6750,12.00,0.000,0.000,OFF,--,DONE,--
48840,2026-06-04 06:39:44,16.7875,12.00,0.000,0.000,OFF,--,DONE,--
48841,2026-06-04 06:39:45,16.7875,12.00,0.000,0.000,OFF,--,DONE,--
48842,2026-06-04 06:39:46,16.8375,12.00,0.000,0.000,OFF,--,DONE,--
48843,2026-06-04 06:39:47,16.8375,12.00,0.000,0.000,OFF,--,DONE,--
48844,2026-06-04 06:39:48,16.9125,12.00,0.000,0.000,OFF,--,DONE,--
48845,2026-06-04 06:39:49,16.9125,12.00,0.000,0.000,OFF,--,DONE,--
48846,2026-06-04 06:39:50,17.0375,12.00,0.000,0.000,OFF,--,DONE,--
48847,2026-06-04 06:39:52,17.0375,12.00,0.000,0.000,OFF,--,DONE,--
48848,2026-06-04 06:39:53,17.1000,12.00,0.000,0.000,OFF,--,DONE,--
48849,2026-06-04 06:39:54,17.1000,12.00,0.000,0.000,OFF,--,DONE,--
48850,2026-06-04 06:39:55,17.2000,12.00,0.000,0.000,OFF,--,DONE,--
48851,2026-06-04 06:39:56,17.2000,12.00,0.000,0.000,OFF,--,DONE,--
48852,2026-06-04 06:39:57,17.2875,12.00,0.000,0.000,OFF,--,DONE,--
48853,2026-06-04 06:39:58,17.3875,12.00,0.000,0.000,OFF,--,DONE,--
48854,2026-06-04 06:39:59,17.3875,12.00,0.000,0.000,OFF,--,DONE,--
48855,2026-06-04 06:40:00,17.5125,12.00,0.000,0.000,OFF,--,DONE,--
48856,2026-06-04 06:40:01,17.5125,12.00,0.000,0.000,OFF,--,DONE,--
48857,2026-06-04 06:40:02,17.5875,12.00,0.000,0.000,OFF,--,DONE,--
48858,2026-06-04 06:40:03,17.5875,12.00,0.000,0.000,OFF,--,DONE,--
48859,2026-06-04 06:40:04,17.7250,12.00,0.000,0.000,OFF,--,DONE,--
48860,2026-06-04 06:40:05,17.7250,12.00,0.000,0.000,OFF,--,DONE,--
48861,2026-06-04 06:40:06,17.8000,12.00,0.000,0.000,OFF,--,DONE,--
48862,2026-06-04 06:40:07,17.8000,12.00,0.000,0.000,OFF,--,DONE,--
48863,2026-06-04 06:40:08,17.8875,12.00,0.000,0.000,OFF,--,DONE,--
48864,2026-06-04 06:40:09,17.8875,12.00,0.000,0.000,OFF,--,DONE,--
48865,2026-06-04 06:40:10,17.9875,12.00,0.000,0.000,OFF,--,DONE,--
48866,2026-06-04 06:40:11,17.9875,12.00,0.000,0.000,OFF,--,DONE,--
48867,2026-06-04 06:40:12,18.1000,12.00,0.000,0.000,OFF,--,DONE,--
48868,2026-06-04 06:40:13,18.1750,12.00,0.000,0.000,OFF,--,DONE,--
48869,2026-06-04 06:40:14,18.1750,12.00,0.000,0.000,OFF,--,DONE,--
48870,2026-06-04 06:40:15,18.2875,12.00,0.000,0.000,OFF,--,DONE,--
48871,2026-06-04 06:40:16,18.2875,12.00,0.000,0.000,OFF,--,DONE,--
48872,2026-06-04 06:40:17,18.3875,12.00,0.000,0.000,OFF,--,DONE,--
48873,2026-06-04 06:40:18,18.3875,12.00,0.000,0.000,OFF,--,DONE,--
48874,2026-06-04 06:40:19,18.4750,12.00,0.000,0.000,OFF,--,DONE,--
48875,2026-06-04 06:40:20,18.4750,12.00,0.000,0.000,OFF,--,DONE,--
48876,2026-06-04 06:40:21,18.5750,12.00,0.000,0.000,OFF,--,DONE,--
48877,2026-06-04 06:40:22,18.5750,12.00,0.000,0.000,OFF,--,DONE,--
48878,2026-06-04 06:40:23,18.6375,12.00,0.000,0.000,OFF,--,DONE,--
48879,2026-06-04 06:40:24,18.6375,12.00,0.000,0.000,OFF,--,DONE,--
48880,2026-06-04 06:40:25,18.7375,12.00,0.000,0.000,OFF,--,DONE,--
48881,2026-06-04 06:40:26,18.7375,12.00,0.000,0.000,OFF,--,DONE,--
48882,2026-06-04 06:40:27,18.8250,12.00,0.000,0.000,OFF,--,DONE,--
48883,2026-06-04 06:40:28,18.9250,12.00,0.000,0.000,OFF,--,DONE,--
48884,2026-06-04 06:40:30,18.9250,12.00,0.000,0.000,OFF,--,DONE,--
48885,2026-06-04 06:40:31,19.0000,12.00,0.000,0.000,OFF,--,DONE,--
48886,2026-06-04 06:40:32,19.0000,12.00,0.000,0.000,OFF,--,DONE,--
48887,2026-06-04 06:40:33,19.0750,12.00,0.000,0.000,OFF,--,DONE,--
48888,2026-06-04 06:40:34,19.0750,12.00,0.000,0.000,OFF,--,DONE,--
48889,2026-06-04 06:40:35,19.1625,12.00,0.000,0.000,OFF,--,DONE,--
48890,2026-06-04 06:40:36,19.1625,12.00,0.000,0.000,OFF,--,DONE,--
48891,2026-06-04 06:40:37,19.2375,12.00,0.000,0.000,OFF,--,DONE,--
48892,2026-06-04 06:40:38,19.2375,12.00,0.000,0.000,OFF,--,DONE,--
48893,2026-06-04 06:40:39,19.3000,12.00,0.000,0.000,OFF,--,DONE,--
48894,2026-06-04 06:40:40,19.3000,12.00,0.000,0.000,OFF,--,DONE,--
48895,2026-06-04 06:40:41,19.4250,12.00,0.000,0.000,OFF,--,DONE,--
48896,2026-06-04 06:40:42,19.4250,12.00,0.000,0.000,OFF,--,DONE,--
48897,2026-06-04 06:40:43,19.5000,12.00,0.000,0.000,OFF,--,DONE,--
48898,2026-06-04 06:40:44,19.5750,12.00,0.000,0.000,OFF,--,DONE,--
48899,2026-06-04 06:40:45,19.5750,12.00,0.000,0.000,OFF,--,DONE,--
48900,2026-06-04 06:40:46,19.6375,12.00,0.000,0.000,OFF,--,DONE,--
48901,2026-06-04 06:40:47,19.6375,12.00,0.000,0.000,OFF,--,DONE,--
48902,2026-06-04 06:40:48,19.7125,12.00,0.000,0.000,OFF,--,DONE,--
48903,2026-06-04 06:40:49,19.7125,12.00,0.000,0.000,OFF,--,DONE,--
48904,2026-06-04 06:40:50,19.7625,12.00,0.000,0.000,OFF,--,DONE,--
48905,2026-06-04 06:40:51,19.7625,12.00,0.000,0.000,OFF,--,DONE,--
48906,2026-06-04 06:40:52,19.8125,12.00,0.000,0.000,OFF,--,DONE,--
48907,2026-06-04 06:40:53,19.8125,12.00,0.000,0.000,OFF,--,DONE,--
48908,2026-06-04 06:40:54,19.9125,12.00,0.000,0.000,OFF,--,DONE,--
48909,2026-06-04 06:40:55,19.9125,12.00,0.000,0.000,OFF,--,DONE,--
48910,2026-06-04 06:40:56,19.9625,12.00,0.000,0.000,OFF,--,DONE,--
48911,2026-06-04 06:40:57,19.9625,12.00,0.000,0.000,OFF,--,DONE,--
48912,2026-06-04 06:40:58,20.0125,12.00,0.000,0.000,OFF,--,DONE,--
48913,2026-06-04 06:40:59,20.0875,12.00,0.000,0.000,OFF,--,DONE,--
48914,2026-06-04 06:41:00,20.0875,12.00,0.000,0.000,OFF,--,DONE,--
48915,2026-06-04 06:41:01,20.1500,12.00,0.000,0.000,OFF,--,DONE,--
48916,2026-06-04 06:41:02,20.1500,12.00,0.000,0.000,OFF,--,DONE,--
48917,2026-06-04 06:41:03,20.2000,12.00,0.000,0.000,OFF,--,DONE,--
48918,2026-06-04 06:41:04,20.2000,12.00,0.000,0.000,OFF,--,DONE,--
48919,2026-06-04 06:41:05,20.2625,12.00,0.000,0.000,OFF,--,DONE,--
48920,2026-06-04 06:41:07,20.2625,12.00,0.000,0.000,OFF,--,DONE,--
48921,2026-06-04 06:41:08,20.3375,12.00,0.000,0.000,OFF,--,DONE,--
48922,2026-06-04 06:41:09,20.3375,12.00,0.000,0.000,OFF,--,DONE,--
48923,2026-06-04 06:41:10,20.3875,12.00,0.000,0.000,OFF,--,DONE,--
48924,2026-06-04 06:41:11,20.3875,12.00,0.000,0.000,OFF,--,DONE,--
48925,2026-06-04 06:41:12,20.4375,12.00,0.000,0.000,OFF,--,DONE,--
48926,2026-06-04 06:41:13,20.4375,12.00,0.000,0.000,OFF,--,DONE,--
48927,2026-06-04 06:41:14,20.4750,12.00,0.000,0.000,OFF,--,DONE,--
48928,2026-06-04 06:41:15,20.5500,12.00,0.000,0.000,OFF,--,DONE,--
48929,2026-06-04 06:41:16,20.5500,12.00,0.000,0.000,OFF,--,DONE,--
48930,2026-06-04 06:41:17,20.6000,12.00,0.000,0.000,OFF,--,DONE,--
48931,2026-06-04 06:41:18,20.6000,12.00,0.000,0.000,OFF,--,DONE,--
48932,2026-06-04 06:41:19,20.6500,12.00,0.000,0.000,OFF,--,DONE,--
48933,2026-06-04 06:41:20,20.6500,12.00,0.000,0.000,OFF,--,DONE,--
48934,2026-06-04 06:41:21,20.6875,12.00,0.000,0.127,B,#1,APPROACH,2.752A/B
48935,2026-06-04 06:41:24,20.7125,12.00,0.000,0.127,B,#1,APPROACH,2.500A/B
48936,2026-06-04 06:41:26,20.7625,12.00,0.000,0.127,B,#1,APPROACH,1.000A/B
48937,2026-06-04 06:41:27,20.8375,12.00,0.000,0.127,B,#1,APPROACH,1.967A/B
48938,2026-06-04 06:41:29,20.8750,12.00,0.000,0.127,B,#1,APPROACH,2.000A/B
48939,2026-06-04 06:41:31,20.9000,12.00,1.533,18.156,B,#1,APPROACH,1.500A/B
48940,2026-06-04 06:41:33,21.0125,12.00,1.533,18.156,B,#1,APPROACH,3.000A/B
48941,2026-06-04 06:41:35,21.0875,12.00,1.533,18.156,B,#1,APPROACH,1.990A/B
48942,2026-06-04 06:41:36,21.2250,12.00,1.533,18.156,B,#1,APPROACH,2.137A/B
48943,2026-06-04 06:41:38,21.3750,12.00,1.480,17.484,B,#1,APPROACH,1.000A/B
48944,2026-06-04 06:41:41,21.4875,12.00,1.480,17.484,B,#1,APPROACH,1.970A/B
48945,2026-06-04 06:41:42,21.6625,12.00,1.480,17.484,B,#1,APPROACH,1.500A/B
48946,2026-06-04 06:41:44,21.8000,12.00,1.480,17.484,B,#1,APPROACH,1.500A/B
48947,2026-06-04 06:41:46,22.0000,12.00,1.439,17.016,B,#1,APPROACH,2.261A/B
48948,2026-06-04 06:41:48,22.1750,12.00,1.439,17.016,B,#1,APPROACH,1.943A/B
48949,2026-06-04 06:41:50,22.3750,12.00,1.439,17.016,B,#1,APPROACH,2.243A/B
48950,2026-06-04 06:41:52,22.5500,12.00,1.439,17.016,B,#1,APPROACH,2.000A/B
48951,2026-06-04 06:41:54,22.7500,12.00,1.401,16.596,B,#1,APPROACH,2.786A/B
48952,2026-06-04 06:41:56,22.9375,12.00,1.401,16.596,B,#1,APPROACH,2.500A/B
48953,2026-06-04 06:41:58,23.1625,12.00,1.401,16.596,B,#1,APPROACH,2.000A/B
48954,2026-06-04 06:42:00,23.3625,12.00,1.401,16.596,B,#1,APPROACH,2.279A/B
48955,2026-06-04 06:42:01,23.5875,12.00,1.373,16.296,B,#1,APPROACH,2.207A/B
48956,2026-06-04 06:42:04,23.7750,12.00,1.373,16.296,B,#1,APPROACH,2.000A/B
48957,2026-06-04 06:42:05,24.0000,12.00,1.373,16.296,B,#1,APPROACH,2.000A/B
48958,2026-06-04 06:42:07,24.2375,12.00,1.373,16.296,B,#1,APPROACH,2.310A/B
48959,2026-06-04 06:42:09,24.4375,12.00,1.350,16.032,B,#1,APPROACH,2.252A/B
48960,2026-06-04 06:42:11,24.6500,12.00,1.350,16.032,B,#1,APPROACH,1.000A/B
48961,2026-06-04 06:42:13,24.8750,12.00,1.350,16.032,B,#1,APPROACH,2.199A/B
48962,2026-06-04 06:42:15,25.0750,12.00,1.350,16.032,B,#1,APPROACH,2.000A/B
48963,2026-06-04 06:42:17,25.3000,12.00,1.332,15.828,B,#1,HOLDING,2.000A/B
48964,2026-06-04 06:42:19,25.5000,12.00,1.332,15.828,OFF,#1,HOLDING,0.000A/OFF
48965,2026-06-04 06:42:20,25.5000,12.00,1.332,15.828,OFF,#1,HOLDING,0.000A/OFF
48966,2026-06-04 06:42:21,25.7000,12.00,1.332,15.828,OFF,#1,HOLDING,0.000A/OFF
48967,2026-06-04 06:42:22,25.7000,12.00,1.332,15.828,OFF,#1,HOLDING,0.000A/OFF
48968,2026-06-04 06:42:23,25.9250,12.00,0.000,15.828,OFF,#1,HOLDING,0.000A/OFF
48969,2026-06-04 06:42:24,26.1250,12.00,0.000,15.828,OFF,#1,HOLDING,0.000A/OFF
48970,2026-06-04 06:42:25,26.1250,12.00,0.000,0.000,OFF,#1,HOLDING,0.000A/OFF
48971,2026-06-04 06:42:26,26.3375,12.00,0.000,0.000,OFF,#1,HOLDING,0.000A/OFF
48972,2026-06-04 06:42:27,26.3375,12.00,0.000,0.000,OFF,#1,HOLDING,0.000A/OFF
48973,2026-06-04 06:42:28,26.5625,12.00,0.000,0.000,OFF,#1,HOLDING,0.000A/OFF
48974,2026-06-04 06:42:29,26.5625,12.00,0.000,0.000,OFF,#1,HOLDING,0.000A/OFF
48975,2026-06-04 06:42:30,26.7250,12.00,0.000,0.000,OFF,#1,HOLDING,0.000A/OFF
48976,2026-06-04 06:42:31,26.7250,12.00,0.000,0.000,OFF,#1,HOLDING,0.000A/OFF
48977,2026-06-04 06:42:32,26.8750,12.00,0.000,0.000,OFF,#1,HOLDING,0.000A/OFF
48978,2026-06-04 06:42:33,26.8750,12.00,0.000,0.000,OFF,#1,HOLDING,0.000A/OFF
48979,2026-06-04 06:42:34,27.0375,12.00,0.000,0.000,OFF,#1,HOLDING,0.000A/OFF
48980,2026-06-04 06:42:35,27.0375,12.00,0.000,0.000,OFF,#1,HOLDING,0.000A/OFF
48981,2026-06-04 06:42:36,27.1375,12.00,0.000,0.000,OFF,#1,HOLDING,0.000A/OFF
48982,2026-06-04 06:42:37,27.1375,12.00,0.000,0.000,OFF,#1,HOLDING,0.000A/OFF
48983,2026-06-04 06:42:38,27.2875,12.00,0.000,0.000,A,#1,HOLDING,0.113A/A
48984,2026-06-04 06:42:40,27.3875,12.00,0.000,0.000,A,#1,HOLDING,0.192A/A
48985,2026-06-04 06:42:41,27.4875,12.00,0.000,0.000,A,#1,HOLDING,0.242A/A
48986,2026-06-04 06:42:43,27.4875,1.48,0.000,0.000,A,#1,HOLDING,0.252A/A
48987,2026-06-04 06:42:45,27.6125,1.48,0.252,0.433,A,#1,HOLDING,0.301A/A
48988,2026-06-04 06:42:47,27.7750,1.48,0.252,0.433,A,#1,HOLDING,0.375A/A
48989,2026-06-04 06:42:49,27.7750,1.48,0.252,0.433,A,#1,HOLDING,0.421A/A
48990,2026-06-04 06:42:51,27.8250,3.22,0.252,0.433,A,#1,HOLDING,0.474A/A
48991,2026-06-04 06:42:53,27.8750,3.22,0.474,1.829,A,#1,HOLDING,0.529A/A
48992,2026-06-04 06:42:55,27.9375,3.22,0.474,1.829,A,#1,HOLDING,0.613A/A
48993,2026-06-04 06:42:57,27.9375,3.22,0.474,1.829,A,#1,HOLDING,0.659A/A
48994,2026-06-04 06:42:58,27.9625,5.42,0.474,1.829,A,#1,HOLDING,0.717A/A
48995,2026-06-04 06:43:00,27.9625,5.42,0.717,4.330,A,#1,HOLDING,0.773A/A
48996,2026-06-04 06:43:03,27.9875,5.42,0.717,4.330,A,#1,HOLDING,0.856A/A
48997,2026-06-04 06:43:04,27.9875,5.42,0.717,4.330,A,#1,HOLDING,0.908A/A
48998,2026-06-04 06:43:06,27.9375,7.53,0.717,4.330,A,#1,HOLDING,0.961A/A
48999,2026-06-04 06:43:08,27.9125,7.53,0.961,7.812,A,#1,HOLDING,1.014A/A
49000,2026-06-04 06:43:10,27.8500,7.53,0.961,7.812,A,#1,HOLDING,1.080A/A
49001,2026-06-04 06:43:12,27.8500,7.53,0.961,7.812,A,#1,HOLDING,1.136A/A
49002,2026-06-04 06:43:14,27.7750,9.39,0.961,7.812,A,#1,HOLDING,1.000A/A
49003,2026-06-04 06:43:16,27.7000,9.39,1.000,8.560,A,#1,HOLDING,1.174A/A
49004,2026-06-04 06:43:18,27.5750,9.39,1.000,8.560,A,#1,HOLDING,1.218A/A
49005,2026-06-04 06:43:20,27.5750,9.39,1.000,8.560,A,#1,HOLDING,1.000A/A
49006,2026-06-04 06:43:21,27.4625,8.61,1.000,8.560,A,#1,HOLDING,1.257A/A
49007,2026-06-04 06:43:23,27.3625,8.61,1.124,13.324,A,#1,HOLDING,1.000A/A
49008,2026-06-04 06:43:26,27.1625,8.61,1.124,13.324,A,#1,HOLDING,1.000A/A
49009,2026-06-04 06:43:27,27.1625,8.61,1.124,13.324,A,#1,HOLDING,1.234A/A
49010,2026-06-04 06:43:29,27.0250,10.39,1.124,13.324,A,#1,HOLDING,1.258A/A
49011,2026-06-04 06:43:31,26.9000,10.39,1.258,13.523,A,#1,HOLDING,1.284A/A
49012,2026-06-04 06:43:33,26.6125,10.39,1.258,13.523,A,#1,HOLDING,1.278A/A
49013,2026-06-04 06:43:35,26.6125,10.39,1.258,13.523,A,#1,HOLDING,1.300A/A
49014,2026-06-04 06:43:37,26.4500,10.98,1.258,13.523,A,#1,HOLDING,1.303A/A
49015,2026-06-04 06:43:39,26.3000,10.98,1.303,14.502,A,#1,HOLDING,1.310A/A
49016,2026-06-04 06:43:41,25.9875,10.98,1.303,14.502,A,#1,HOLDING,1.272A/A
49017,2026-06-04 06:43:43,25.9875,10.98,1.303,14.502,A,#1,HOLDING,1.277A/A
49018,2026-06-04 06:43:44,25.8250,10.94,1.303,14.502,A,#1,HOLDING,1.258A/A
49019,2026-06-04 06:43:46,25.6250,10.94,1.258,13.749,A,#1,HOLDING,1.000A/A
49020,2026-06-04 06:43:49,25.2500,10.94,1.258,13.749,A,#1,HOLDING,1.155A/A
49021,2026-06-04 06:43:50,25.2500,10.94,1.258,13.749,A,#1,HOLDING,1.137A/A
49022,2026-06-04 06:43:52,25.1000,9.99,1.258,13.749,A,#1,HOLDING,1.089A/A
49023,2026-06-04 06:43:54,24.8750,9.99,1.110,10.639,A,#1,HOLDING,1.031A/A
49024,2026-06-04 06:43:56,24.5000,9.99,1.110,10.639,A,#1,HOLDING,0.895A/A
49025,2026-06-04 06:43:58,24.5000,9.99,1.110,10.639,A,#1,HOLDING,0.853A/A
49026,2026-06-04 06:44:00,24.3250,8.05,1.110,10.639,A,#1,HOLDING,0.775A/A
49027,2026-06-04 06:44:02,24.1250,8.05,0.812,5.851,A,#1,HOLDING,0.693A/A
49028,2026-06-04 06:44:04,23.8000,8.05,0.812,5.851,A,#1,HOLDING,0.530A/A
49029,2026-06-04 06:44:06,23.8000,8.05,0.812,5.851,A,#1,HOLDING,0.469A/A
49030,2026-06-04 06:44:08,23.6125,5.02,0.812,5.851,A,#1,HOLDING,0.360A/A
49031,2026-06-04 06:44:09,23.4375,5.02,0.360,1.508,A,#1,HOLDING,0.253A/A
49032,2026-06-04 06:44:12,23.1250,5.02,0.360,1.508,A,#1,HOLDING,0.106A/A
49033,2026-06-04 06:44:13,23.1250,5.02,0.360,1.508,OFF,#1,HOLDING,0.000A/OFF
49034,2026-06-04 06:44:14,22.9875,5.02,0.360,1.508,OFF,#1,HOLDING,0.000A/OFF
49035,2026-06-04 06:44:15,22.9875,12.00,0.000,1.508,B,#1,HOLDING,0.124A/B
49036,2026-06-04 06:44:17,22.8625,12.00,0.000,0.055,B,#1,HOLDING,0.268A/B
49037,2026-06-04 06:44:19,22.7125,12.00,0.000,0.055,B,#1,HOLDING,0.388A/B
49038,2026-06-04 06:44:21,22.6375,12.00,0.000,0.055,B,#1,HOLDING,0.513A/B
49039,2026-06-04 06:44:22,22.5500,3.79,0.000,0.055,B,#1,HOLDING,0.655A/B
49040,2026-06-04 06:44:24,22.4500,3.79,0.655,3.379,B,#1,HOLDING,0.799A/B
49041,2026-06-04 06:44:27,22.3750,3.79,0.655,3.379,B,#1,HOLDING,0.988A/B
49042,2026-06-04 06:44:28,22.3250,3.79,0.655,3.379,B,#1,HOLDING,1.000A/B
49043,2026-06-04 06:44:30,22.3000,7.82,0.655,3.379,B,#1,HOLDING,1.115A/B
49044,2026-06-04 06:44:32,22.2500,7.82,1.115,9.890,B,#1,HOLDING,1.267A/B
49045,2026-06-04 06:44:34,22.2750,7.82,1.115,9.890,B,#1,HOLDING,1.453A/B
49046,2026-06-04 06:44:36,22.2500,7.82,1.115,9.890,B,#1,HOLDING,1.000A/B
49047,2026-06-04 06:44:38,22.3125,8.26,1.115,9.890,B,#1,HOLDING,1.575A/B
49048,2026-06-04 06:44:40,22.3625,8.26,1.549,18.360,B,#1,HOLDING,1.500A/B
49049,2026-06-04 06:44:42,22.4125,8.26,1.549,18.360,B,#1,HOLDING,1.713A/B
49050,2026-06-04 06:44:44,22.4875,8.26,1.549,18.360,B,#1,HOLDING,1.829A/B
49051,2026-06-04 06:44:45,22.5750,12.00,1.549,18.360,B,#1,HOLDING,1.000A/B
49052,2026-06-04 06:44:47,22.7000,12.00,1.000,8.700,B,#1,HOLDING,1.954A/B
49053,2026-06-04 06:44:50,22.8000,12.00,1.000,8.700,B,#1,HOLDING,1.500A/B
49054,2026-06-04 06:44:51,22.9500,12.00,1.000,8.700,B,#1,HOLDING,1.000A/B
49055,2026-06-04 06:44:53,23.0750,8.82,1.000,8.700,B,#1,HOLDING,2.096A/B
49056,2026-06-04 06:44:55,23.2000,8.82,1.225,17.196,B,#1,HOLDING,2.000A/B
49057,2026-06-04 06:44:57,23.3625,8.82,1.225,17.196,B,#1,HOLDING,1.000A/B
49058,2026-06-04 06:44:59,23.5125,8.82,1.225,17.196,B,#1,HOLDING,2.155A/B
49059,2026-06-04 06:45:01,23.6750,12.00,1.225,17.196,B,#1,HOLDING,2.240A/B
49060,2026-06-04 06:45:03,23.8750,12.00,1.413,16.728,B,#1,HOLDING,2.312A/B
49061,2026-06-04 06:45:05,24.0250,12.00,1.413,16.728,B,#1,HOLDING,2.000A/B
49062,2026-06-04 06:45:07,24.2000,12.00,1.413,16.728,B,#1,HOLDING,1.500A/B
49063,2026-06-04 06:45:08,24.3750,12.00,1.413,16.728,B,#1,HOLDING,2.402A/B
49064,2026-06-04 06:45:10,24.5750,12.00,1.380,16.356,B,#1,HOLDING,2.447A/B
49065,2026-06-04 06:45:13,24.7500,12.00,1.380,16.356,B,#1,HOLDING,2.520A/B
49066,2026-06-04 06:45:14,25.0000,12.00,1.380,16.356,B,#1,HOLDING,2.500A/B
49067,2026-06-04 06:45:16,25.1750,12.00,1.380,16.356,B,#1,HOLDING,2.500A/B
49068,2026-06-04 06:45:18,25.3750,12.00,1.356,16.068,B,#1,HOLDING,1.000A/B
49069,2026-06-04 06:45:20,25.5875,12.00,1.356,16.068,B,#1,HOLDING,2.000A/B
49070,2026-06-04 06:45:22,25.8125,12.00,1.356,16.068,B,#1,HOLDING,2.477A/B
49071,2026-06-04 06:45:24,26.0000,12.00,1.356,16.068,B,#1,HOLDING,2.490A/B
49072,2026-06-04 06:45:26,26.2000,12.00,1.338,15.876,B,#1,HOLDING,2.491A/B
49073,2026-06-04 06:45:28,26.4000,12.00,1.338,15.876,B,#1,HOLDING,2.496A/B
49074,2026-06-04 06:45:30,26.6250,12.00,1.338,15.876,B,#1,HOLDING,1.500A/B
49075,2026-06-04 06:45:31,26.8000,12.00,1.338,15.876,B,#2,APPROACH,2.000A/B
49076,2026-06-04 06:45:33,27.0000,12.00,1.323,15.876,OFF,#2,APPROACH,0.000A/OFF
49077,2026-06-04 06:45:34,27.0000,12.00,1.323,15.876,OFF,#2,APPROACH,0.000A/OFF
49078,2026-06-04 06:45:35,27.1750,12.00,1.323,0.000,A,#2,APPROACH,0.161A/A
49079,2026-06-04 06:45:38,27.3750,12.00,1.323,0.000,A,#2,APPROACH,0.259A/A
49080,2026-06-04 06:45:39,27.5500,12.00,1.323,0.000,A,#2,APPROACH,0.345A/A
49081,2026-06-04 06:45:41,27.7500,2.02,1.323,0.000,A,#2,APPROACH,0.410A/A
49082,2026-06-04 06:45:43,27.9250,2.02,0.375,1.111,A,#2,APPROACH,0.499A/A
49083,2026-06-04 06:45:45,28.0750,2.02,0.375,1.111,A,#2,APPROACH,0.607A/A
49084,2026-06-04 06:45:47,28.2125,2.02,0.375,1.111,A,#2,APPROACH,0.684A/A
49085,2026-06-04 06:45:48,28.3625,5.19,0.375,1.111,A,#2,APPROACH,0.785A/A
49086,2026-06-04 06:45:50,28.4250,5.19,0.732,4.819,A,#2,APPROACH,0.879A/A
49087,2026-06-04 06:45:53,28.5250,5.19,0.732,4.819,A,#2,APPROACH,1.006A/A
49088,2026-06-04 06:45:54,28.5750,5.19,0.732,4.819,A,#2,APPROACH,1.088A/A
49089,2026-06-04 06:45:56,28.6750,8.49,0.732,4.819,A,#2,APPROACH,1.206A/A
49090,2026-06-04 06:45:58,28.6875,8.49,1.144,11.529,A,#2,APPROACH,1.308A/A
49091,2026-06-04 06:46:00,28.7125,8.49,1.144,11.529,A,#2,APPROACH,1.444A/A
49092,2026-06-04 06:46:02,28.7500,8.49,1.144,11.529,A,#2,APPROACH,1.535A/A
49093,2026-06-04 06:46:04,28.7500,11.78,1.144,11.529,A,#2,APPROACH,1.646A/A
49094,2026-06-04 06:46:06,28.7375,11.78,1.540,18.312,A,#2,APPROACH,1.752A/A
49095,2026-06-04 06:46:08,28.6875,11.78,1.540,18.312,A,#2,APPROACH,1.881A/A
49096,2026-06-04 06:46:10,28.6250,11.78,1.540,18.312,A,#2,APPROACH,1.955A/A
49097,2026-06-04 06:46:12,28.5750,12.00,1.540,18.312,A,#2,APPROACH,1.000A/A
49098,2026-06-04 06:46:13,28.5125,12.00,1.200,8.570,A,#2,APPROACH,2.048A/A
49099,2026-06-04 06:46:16,28.4125,12.00,1.200,8.570,A,#2,APPROACH,2.170A/A
49100,2026-06-04 06:46:17,28.3125,12.00,1.200,8.570,A,#2,APPROACH,1.000A/A
49101,2026-06-04 06:46:19,28.2125,8.58,1.200,8.570,A,#2,APPROACH,1.000A/A
49102,2026-06-04 06:46:21,28.0750,8.58,1.000,8.810,A,#2,APPROACH,2.208A/A
49103,2026-06-04 06:46:23,27.9500,8.58,1.000,8.810,A,#2,APPROACH,2.000A/A
49104,2026-06-04 06:46:25,27.8250,8.58,1.000,8.810,A,#2,APPROACH,2.289A/A
49105,2026-06-04 06:46:27,27.6750,12.00,1.000,8.810,A,#2,APPROACH,2.352A/A
49106,2026-06-04 06:46:29,27.5125,12.00,1.456,17.328,A,#2,APPROACH,1.000A/A
49107,2026-06-04 06:46:31,27.3625,12.00,1.456,17.328,A,#2,APPROACH,1.000A/A
49108,2026-06-04 06:46:33,27.2375,12.00,1.456,17.328,A,#2,APPROACH,2.000A/A
49109,2026-06-04 06:46:35,27.0625,12.00,1.456,17.328,A,#2,APPROACH,1.500A/A
49110,2026-06-04 06:46:36,26.9000,12.00,1.439,17.148,A,#2,APPROACH,2.000A/A
49111,2026-06-04 06:46:39,26.7250,12.00,1.439,17.148,A,#2,HOLDING,2.000A/A
49112,2026-06-04 06:46:40,26.5750,12.00,1.439,17.148,OFF,#2,HOLDING,0.000A/OFF
49113,2026-06-04 06:46:41,26.5750,12.00,1.439,17.148,OFF,#2,HOLDING,0.000A/OFF
49114,2026-06-04 06:46:42,26.3750,12.00,1.439,17.148,OFF,#2,HOLDING,0.000A/OFF
49115,2026-06-04 06:46:43,26.3750,12.00,0.987,17.148,OFF,#2,HOLDING,0.000A/OFF
49116,2026-06-04 06:46:44,26.2000,12.00,0.987,0.000,OFF,#2,HOLDING,0.000A/OFF
49117,2026-06-04 06:46:45,26.0000,12.00,0.987,0.000,OFF,#2,HOLDING,0.000A/OFF
49118,2026-06-04 06:46:46,26.0000,12.00,0.987,0.000,OFF,#2,HOLDING,0.000A/OFF
49119,2026-06-04 06:46:47,25.8000,12.00,0.987,0.000,OFF,#2,HOLDING,0.000A/OFF
49120,2026-06-04 06:46:48,25.8000,12.00,0.987,0.000,OFF,#2,HOLDING,0.000A/OFF
49121,2026-06-04 06:46:49,25.6250,12.00,0.000,0.000,OFF,#2,HOLDING,0.000A/OFF
49122,2026-06-04 06:46:50,25.6250,12.00,0.000,0.000,OFF,#2,HOLDING,0.000A/OFF
49123,2026-06-04 06:46:51,25.4875,12.00,0.000,0.000,OFF,#2,HOLDING,0.000A/OFF
49124,2026-06-04 06:46:52,25.4875,12.00,0.000,0.000,OFF,#2,HOLDING,0.000A/OFF
49125,2026-06-04 06:46:54,25.3125,12.00,0.000,0.000,OFF,#2,HOLDING,0.000A/OFF
49126,2026-06-04 06:46:55,25.3125,12.00,0.000,0.000,OFF,#2,HOLDING,0.000A/OFF
49127,2026-06-04 06:46:56,25.2000,12.00,0.000,0.000,OFF,#2,HOLDING,0.000A/OFF
49128,2026-06-04 06:46:57,25.2000,12.00,0.000,0.000,OFF,#2,HOLDING,0.000A/OFF
49129,2026-06-04 06:46:58,25.0500,12.00,0.000,0.000,OFF,#2,HOLDING,0.000A/OFF
49130,2026-06-04 06:46:59,25.0500,12.00,0.000,0.000,OFF,#2,HOLDING,0.000A/OFF
49131,2026-06-04 06:47:00,24.9625,12.00,0.000,0.000,OFF,#2,HOLDING,0.000A/OFF
49132,2026-06-04 06:47:01,24.9625,12.00,0.000,0.000,OFF,#2,HOLDING,0.000A/OFF
49133,2026-06-04 06:47:02,24.8625,12.00,0.000,0.000,B,#2,HOLDING,0.101A/B
49134,2026-06-04 06:47:03,24.7750,12.00,0.000,0.527,B,#2,HOLDING,0.180A/B
49135,2026-06-04 06:47:06,24.7000,12.00,0.000,0.527,B,#2,HOLDING,0.242A/B
49136,2026-06-04 06:47:07,24.6250,12.00,0.000,0.527,B,#2,HOLDING,0.274A/B
49137,2026-06-04 06:47:09,24.5750,2.07,0.000,0.527,B,#2,HOLDING,0.317A/B
49138,2026-06-04 06:47:11,24.5000,2.07,0.317,0.802,B,#2,HOLDING,0.371A/B
49139,2026-06-04 06:47:13,24.4500,2.07,0.317,0.802,B,#2,HOLDING,0.432A/B
49140,2026-06-04 06:47:15,24.4250,2.07,0.317,0.802,B,#2,HOLDING,0.475A/B
49141,2026-06-04 06:47:17,24.3750,3.90,0.317,0.802,B,#2,HOLDING,0.529A/B
49142,2026-06-04 06:47:19,24.3750,3.90,0.529,2.369,B,#2,HOLDING,0.577A/B
49143,2026-06-04 06:47:21,24.3250,3.90,0.529,2.369,B,#2,HOLDING,0.650A/B
49144,2026-06-04 06:47:23,24.3125,3.90,0.529,2.369,B,#2,HOLDING,0.695A/B
49145,2026-06-04 06:47:24,24.3125,5.93,0.529,2.369,B,#2,HOLDING,0.750A/B
49146,2026-06-04 06:47:26,24.3125,5.93,0.720,4.882,B,#2,HOLDING,0.801A/B
49147,2026-06-04 06:47:29,24.3125,5.93,0.720,4.882,B,#2,HOLDING,0.870A/B
49148,2026-06-04 06:47:30,24.3125,5.93,0.720,4.882,B,#2,HOLDING,0.918A/B
49149,2026-06-04 06:47:32,24.3625,7.84,0.720,4.882,B,#2,HOLDING,0.964A/B
49150,2026-06-04 06:47:34,24.3750,7.84,0.938,7.953,B,#2,HOLDING,1.015A/B
49151,2026-06-04 06:47:36,24.4000,7.84,0.938,7.953,B,#2,HOLDING,1.079A/B
49152,2026-06-04 06:47:38,24.4750,7.84,0.938,7.953,B,#2,HOLDING,1.115A/B
49153,2026-06-04 06:47:40,24.5250,9.39,0.938,7.953,B,#2,HOLDING,1.157A/B
49154,2026-06-04 06:47:42,24.5750,9.39,1.157,11.384,B,#2,HOLDING,1.196A/B
49155,2026-06-04 06:47:44,24.6500,9.39,1.157,11.384,B,#2,HOLDING,1.250A/B
49156,2026-06-04 06:47:46,24.7250,9.39,1.157,11.384,B,#2,HOLDING,1.277A/B
49157,2026-06-04 06:47:48,24.8250,10.70,1.157,11.384,B,#2,HOLDING,1.255A/B
49158,2026-06-04 06:47:49,24.9125,10.70,1.255,13.528,B,#2,HOLDING,1.285A/B
49159,2026-06-04 06:47:52,25.0125,10.70,1.255,13.528,B,#2,HOLDING,1.323A/B
49160,2026-06-04 06:47:53,25.1375,10.70,1.255,13.528,B,#2,HOLDING,1.341A/B
49161,2026-06-04 06:47:55,25.2375,11.33,1.255,13.528,B,#2,HOLDING,1.361A/B
49162,2026-06-04 06:47:57,25.3875,11.33,1.361,15.991,B,#2,HOLDING,1.370A/B
49163,2026-06-04 06:47:59,25.5125,11.33,1.361,15.991,B,#2,HOLDING,1.000A/B
49164,2026-06-04 06:48:01,25.6375,11.33,1.361,15.991,B,#2,HOLDING,1.384A/B
49165,2026-06-04 06:48:03,25.7625,11.85,1.361,15.991,B,#2,HOLDING,1.388A/B
49166,2026-06-04 06:48:05,25.9250,11.85,1.380,16.380,B,#2,HOLDING,1.377A/B
49167,2026-06-04 06:48:07,26.1000,11.85,1.380,16.380,B,#2,HOLDING,1.363A/B
49168,2026-06-04 06:48:09,26.2375,11.85,1.380,16.380,B,#2,HOLDING,1.345A/B
49169,2026-06-04 06:48:11,26.3875,11.74,1.380,16.380,B,#2,HOLDING,1.324A/B
49170,2026-06-04 06:48:12,26.5500,11.74,1.324,15.729,B,#2,HOLDING,1.293A/B
49171,2026-06-04 06:48:15,26.7000,11.74,1.324,15.729,B,#2,HOLDING,1.254A/B
49172,2026-06-04 06:48:16,26.8625,11.74,1.324,15.729,B,#2,HOLDING,1.162A/B
49173,2026-06-04 06:48:18,27.0125,10.55,1.324,15.729,B,#2,HOLDING,1.000A/B
49174,2026-06-04 06:48:20,27.2125,10.55,1.019,9.570,B,#2,HOLDING,1.091A/B
49175,2026-06-04 06:48:23,27.3875,10.55,1.019,9.570,B,#2,HOLDING,1.011A/B
49176,2026-06-04 06:48:24,27.5500,10.55,1.019,9.570,B,#2,HOLDING,0.942A/B
49177,2026-06-04 06:48:26,27.7000,9.05,1.019,9.570,B,#2,HOLDING,0.869A/B
49178,2026-06-04 06:48:28,27.8625,9.05,0.869,7.516,B,#2,HOLDING,0.782A/B
49179,2026-06-04 06:48:30,28.0125,9.05,0.869,7.516,B,#2,HOLDING,0.676A/B
49180,2026-06-04 06:48:32,28.1500,9.05,0.869,7.516,B,#2,HOLDING,0.592A/B
49181,2026-06-04 06:48:34,28.3250,6.50,0.869,7.516,B,#2,HOLDING,0.488A/B
49182,2026-06-04 06:48:36,28.4750,6.50,0.501,2.801,B,#2,HOLDING,0.377A/B
49183,2026-06-04 06:48:38,28.6250,6.50,0.501,2.801,B,#2,HOLDING,0.240A/B
49184,2026-06-04 06:48:40,28.7375,6.50,0.501,2.801,B,#2,HOLDING,0.144A/B
49185,2026-06-04 06:48:41,28.8875,6.50,0.501,2.801,OFF,#2,HOLDING,0.000A/OFF
49186,2026-06-04 06:48:42,28.8875,2.59,0.501,2.801,OFF,#2,HOLDING,0.000A/OFF
49187,2026-06-04 06:48:43,29.0125,2.59,0.144,2.801,OFF,#2,HOLDING,0.000A/OFF
49188,2026-06-04 06:48:44,29.0125,2.59,0.144,0.368,A,#2,HOLDING,0.140A/A
49189,2026-06-04 06:48:46,29.1375,2.59,0.144,0.368,A,#2,HOLDING,0.266A/A
49190,2026-06-04 06:48:48,29.2375,2.59,0.144,0.368,A,#2,HOLDING,0.373A/A
49191,2026-06-04 06:48:49,29.3625,2.35,0.144,0.368,A,#2,HOLDING,0.498A/A
49192,2026-06-04 06:48:51,29.4500,2.35,0.435,1.782,A,#2,HOLDING,0.636A/A
49193,2026-06-04 06:48:53,29.5250,2.35,0.435,1.782,A,#2,HOLDING,0.814A/A
49194,2026-06-04 06:48:55,29.5750,2.35,0.435,1.782,A,#2,HOLDING,0.934A/A
49195,2026-06-04 06:48:57,29.6250,7.18,0.435,1.782,A,#2,HOLDING,1.079A/A
49196,2026-06-04 06:48:59,29.6625,7.18,1.004,9.160,A,#2,HOLDING,1.224A/A
49197,2026-06-04 06:49:01,29.6875,7.18,1.004,9.160,A,#2,HOLDING,1.000A/A
49198,2026-06-04 06:49:03,29.6875,7.18,1.004,9.160,A,#2,HOLDING,1.407A/A
49199,2026-06-04 06:49:05,29.6875,10.90,1.004,9.160,A,#2,HOLDING,1.000A/A
49200,2026-06-04 06:49:06,29.6875,10.90,1.190,8.230,A,#2,HOLDING,1.551A/A
49201,2026-06-04 06:49:09,29.6375,10.90,1.190,8.230,A,#2,HOLDING,1.000A/A
49202,2026-06-04 06:49:10,29.5875,10.90,1.190,8.230,A,#2,HOLDING,1.728A/A
49203,2026-06-04 06:49:12,29.5125,12.00,1.190,8.230,A,#2,HOLDING,1.857A/A
49204,2026-06-04 06:49:14,29.4250,12.00,1.514,17.964,A,#2,HOLDING,1.500A/A
49205,2026-06-04 06:49:17,29.3250,12.00,1.514,17.964,A,#2,HOLDING,1.981A/A
49206,2026-06-04 06:49:18,29.2375,12.00,1.514,17.964,A,#2,HOLDING,2.000A/A
49207,2026-06-04 06:49:20,29.1125,12.00,1.514,17.964,A,#2,HOLDING,1.000A/A
49208,2026-06-04 06:49:22,28.9875,12.00,1.243,8.690,A,#2,HOLDING,1.500A/A
49209,2026-06-04 06:49:24,28.8625,12.00,1.243,8.690,A,#2,HOLDING,2.000A/A
49210,2026-06-04 06:49:26,28.7000,12.00,1.243,8.690,A,#2,HOLDING,1.500A/A
49211,2026-06-04 06:49:28,28.5500,12.00,1.243,8.690,A,#2,HOLDING,1.000A/A
49212,2026-06-04 06:49:30,28.4125,12.00,1.224,8.790,A,#2,HOLDING,1.000A/A
49213,2026-06-04 06:49:32,28.2375,12.00,1.224,8.790,A,#2,HOLDING,1.999A/A
49214,2026-06-04 06:49:34,28.0750,12.00,1.224,8.790,A,#2,HOLDING,2.059A/A
49215,2026-06-04 06:49:35,27.8750,12.00,1.224,8.790,A,#2,HOLDING,2.000A/A
49216,2026-06-04 06:49:37,27.7000,12.00,1.453,17.292,A,#2,HOLDING,1.000A/A
49217,2026-06-04 06:49:40,27.5250,12.00,1.453,17.292,A,#2,HOLDING,2.104A/A
49218,2026-06-04 06:49:41,27.3250,12.00,1.453,17.292,A,#2,HOLDING,2.000A/A
49219,2026-06-04 06:49:43,27.1500,12.00,1.453,17.292,A,#2,HOLDING,1.000A/A
49220,2026-06-04 06:49:45,26.9500,12.00,1.214,8.980,A,#2,HOLDING,1.000A/A
49221,2026-06-04 06:49:47,26.7500,12.00,1.214,8.980,A,#2,HOLDING,1.500A/A
49222,2026-06-04 06:49:49,26.5750,12.00,1.214,8.980,A,#2,HOLDING,1.500A/A
49223,2026-06-04 06:49:51,26.3500,12.00,1.214,8.980,A,#2,HOLDING,2.064A/A
49224,2026-06-04 06:49:53,26.1375,12.00,1.431,17.004,A,#2,HOLDING,2.000A/A
49225,2026-06-04 06:49:55,25.9625,12.00,1.431,17.004,A,#3,APPROACH,2.000A/A
49226,2026-06-04 06:49:57,25.7625,12.00,1.431,17.004,A,#3,APPROACH,0.232A/A
49227,2026-06-04 06:49:58,25.5375,12.00,1.431,17.004,A,#3,APPROACH,0.213A/A
49228,2026-06-04 06:50:00,25.3250,11.15,1.431,17.004,A,#3,APPROACH,0.220A/A
49229,2026-06-04 06:50:03,25.1000,11.15,0.827,0.686,A,#3,APPROACH,0.229A/A
49230,2026-06-04 06:50:05,24.9125,11.15,0.827,0.686,A,#3,APPROACH,0.268A/A
49231,2026-06-04 06:50:06,24.6875,11.15,0.827,0.686,A,#3,APPROACH,0.287A/A
49232,2026-06-04 06:50:08,24.5125,3.43,0.827,0.686,A,#3,APPROACH,0.324A/A
49233,2026-06-04 06:50:10,24.3125,3.43,0.304,1.218,A,#3,APPROACH,0.364A/A
49234,2026-06-04 06:50:13,24.1500,3.43,0.304,1.218,A,#3,APPROACH,0.402A/A
49235,2026-06-04 06:50:14,24.0250,3.43,0.304,1.218,A,#3,APPROACH,0.461A/A
49236,2026-06-04 06:50:16,23.8625,4.78,0.304,1.218,A,#3,APPROACH,0.535A/A
49237,2026-06-04 06:50:18,23.7375,4.78,0.496,2.931,A,#3,APPROACH,0.616A/A
49238,2026-06-04 06:50:20,23.5875,4.78,0.496,2.931,A,#3,APPROACH,0.724A/A
49239,2026-06-04 06:50:22,23.4625,4.78,0.496,2.931,A,#3,APPROACH,0.793A/A
49240,2026-06-04 06:50:24,23.3375,7.33,0.496,2.931,A,#3,APPROACH,0.867A/A
49241,2026-06-04 06:50:26,23.2125,7.33,0.867,6.909,A,#3,APPROACH,0.935A/A
49242,2026-06-04 06:50:28,23.1125,7.33,0.867,6.909,A,#3,APPROACH,1.028A/A
49243,2026-06-04 06:50:30,23.0125,7.33,0.867,6.909,A,#3,APPROACH,1.082A/A
49244,2026-06-04 06:50:31,22.9000,9.39,0.867,6.909,A,#3,APPROACH,1.141A/A
49245,2026-06-04 06:50:33,22.8000,9.39,1.108,11.352,A,#3,APPROACH,1.000A/A
49246,2026-06-04 06:50:36,22.7000,9.39,1.108,11.352,A,#3,APPROACH,1.192A/A
49247,2026-06-04 06:50:37,22.5500,9.39,1.108,11.352,A,#3,APPROACH,1.000A/A
49248,2026-06-04 06:50:39,22.4625,8.92,1.108,11.352,A,#3,APPROACH,1.220A/A
49249,2026-06-04 06:50:41,22.3625,8.92,1.105,12.858,A,#3,APPROACH,1.000A/A
49250,2026-06-04 06:50:43,22.2375,8.92,1.105,12.858,A,#3,APPROACH,1.257A/A
49251,2026-06-04 06:50:45,22.1375,8.92,1.105,12.858,A,#3,HOLDING,1.232A/A
49252,2026-06-04 06:50:47,22.0125,8.92,1.105,12.858,OFF,#3,HOLDING,0.000A/OFF
49253,2026-06-04 06:50:48,21.8875,10.52,1.105,12.858,OFF,#3,HOLDING,0.000A/OFF
49254,2026-06-04 06:50:49,21.8875,10.52,1.232,12.858,OFF,#3,HOLDING,0.000A/OFF
49255,2026-06-04 06:50:50,21.7625,10.52,1.232,0.000,OFF,#3,HOLDING,0.000A/OFF
49256,2026-06-04 06:50:51,21.7625,10.52,1.232,0.000,OFF,#3,HOLDING,0.000A/OFF
49257,2026-06-04 06:50:52,21.6625,10.52,1.232,0.000,OFF,#3,HOLDING,0.000A/OFF
49258,2026-06-04 06:50:53,21.6625,10.52,1.232,0.000,OFF,#3,HOLDING,0.000A/OFF
49259,2026-06-04 06:50:54,21.5750,12.00,1.232,0.000,OFF,#3,HOLDING,0.000A/OFF
49260,2026-06-04 06:50:55,21.5750,12.00,0.000,0.000,A,#3,HOLDING,0.100A/A
49261,2026-06-04 06:50:57,21.3500,12.00,0.000,0.000,OFF,#3,HOLDING,0.000A/OFF
49262,2026-06-04 06:50:58,21.3500,12.00,0.000,0.000,OFF,#3,HOLDING,0.109A/A
49263,2026-06-04 06:51:00,21.3000,12.00,0.000,0.000,A,#3,HOLDING,0.109A/A
49264,2026-06-04 06:51:02,21.2375,12.00,0.000,0.000,A,#3,HOLDING,0.119A/A
49265,2026-06-04 06:51:04,21.1625,12.00,0.000,0.189,A,#3,HOLDING,0.111A/A
49266,2026-06-04 06:51:05,21.1125,12.00,0.000,0.189,A,#3,HOLDING,0.107A/A
49267,2026-06-04 06:51:07,21.0625,12.00,0.000,0.189,A,#3,HOLDING,0.104A/A
49268,2026-06-04 06:51:09,21.0625,1.36,0.000,0.189,A,#3,HOLDING,0.106A/A
49269,2026-06-04 06:51:11,21.0250,1.36,0.106,0.145,A,#3,HOLDING,0.101A/A
49270,2026-06-04 06:51:13,21.0000,1.36,0.106,0.145,OFF,#3,HOLDING,0.000A/OFF
49271,2026-06-04 06:51:14,21.0000,1.36,0.106,0.145,OFF,#3,HOLDING,0.000A/OFF
49272,2026-06-04 06:51:15,20.9750,1.36,0.106,0.145,OFF,#3,HOLDING,0.000A/OFF
49273,2026-06-04 06:51:16,20.9750,1.36,0.106,0.145,OFF,#3,HOLDING,0.000A/OFF
49274,2026-06-04 06:51:17,20.9375,12.00,0.000,0.145,OFF,#3,HOLDING,0.000A/OFF
49275,2026-06-04 06:51:18,20.9375,12.00,0.000,0.145,OFF,#3,HOLDING,0.000A/OFF
49276,2026-06-04 06:51:19,20.9625,12.00,0.000,0.000,OFF,#3,HOLDING,0.000A/OFF
49277,2026-06-04 06:51:20,20.9625,12.00,0.000,0.000,OFF,#3,HOLDING,0.000A/OFF
49278,2026-06-04 06:51:21,20.9500,12.00,0.000,0.000,OFF,#3,HOLDING,0.000A/OFF
49279,2026-06-04 06:51:22,20.9500,12.00,0.000,0.000,OFF,#3,HOLDING,0.000A/OFF
49280,2026-06-04 06:51:23,20.9750,12.00,0.000,0.000,OFF,#3,HOLDING,0.000A/OFF
49281,2026-06-04 06:51:24,20.9750,12.00,0.000,0.000,OFF,#3,HOLDING,0.000A/OFF
49282,2026-06-04 06:51:25,20.9375,12.00,0.000,0.000,OFF,#3,HOLDING,0.000A/OFF
49283,2026-06-04 06:51:26,20.9625,12.00,0.000,0.000,OFF,#3,HOLDING,0.000A/OFF
49284,2026-06-04 06:51:27,20.9625,12.00,0.000,0.000,OFF,#3,HOLDING,0.000A/OFF
49285,2026-06-04 06:51:28,20.9750,12.00,0.000,0.000,OFF,#3,HOLDING,0.000A/OFF
49286,2026-06-04 06:51:29,20.9750,12.00,0.000,0.000,OFF,#3,HOLDING,0.000A/OFF
49287,2026-06-04 06:51:30,21.0250,12.00,0.000,0.000,OFF,#3,HOLDING,0.000A/OFF
49288,2026-06-04 06:51:31,21.0250,12.00,0.000,0.000,OFF,#3,HOLDING,0.000A/OFF
49289,2026-06-04 06:51:32,21.0000,12.00,0.000,0.000,OFF,#3,HOLDING,0.000A/OFF
49290,2026-06-04 06:51:33,21.0000,12.00,0.000,0.000,OFF,#3,HOLDING,0.000A/OFF
49291,2026-06-04 06:51:34,21.0500,12.00,0.000,0.000,OFF,#3,HOLDING,0.000A/OFF
49292,2026-06-04 06:51:35,21.0500,12.00,0.000,0.000,OFF,#3,HOLDING,0.000A/OFF
49293,2026-06-04 06:51:36,21.0875,12.00,0.000,0.000,OFF,#3,HOLDING,0.000A/OFF
49294,2026-06-04 06:51:37,21.0875,12.00,0.000,0.000,OFF,#3,HOLDING,0.000A/OFF
49295,2026-06-04 06:51:38,21.1125,12.00,0.000,0.000,OFF,#3,HOLDING,0.000A/OFF
49296,2026-06-04 06:51:39,21.1125,12.00,0.000,0.000,OFF,#3,HOLDING,0.000A/OFF
49297,2026-06-04 06:51:40,21.1375,12.00,0.000,0.000,OFF,#3,HOLDING,0.000A/OFF
49298,2026-06-04 06:51:41,21.1375,12.00,0.000,0.000,OFF,#3,HOLDING,0.000A/OFF
49299,2026-06-04 06:51:42,21.1625,12.00,0.000,0.000,OFF,#3,HOLDING,0.000A/OFF
49300,2026-06-04 06:51:43,21.1625,12.00,0.000,0.000,OFF,#3,HOLDING,0.000A/OFF
49301,2026-06-04 06:51:44,21.2125,12.00,0.000,0.000,OFF,#3,HOLDING,0.000A/OFF
49302,2026-06-04 06:51:45,21.2125,12.00,0.000,0.000,OFF,#4,APPROACH,0.000A/OFF
49303,2026-06-04 06:51:46,21.2125,12.00,0.000,0.000,A,#4,APPROACH,0.125A/A
49304,2026-06-04 06:51:48,21.2625,12.00,0.000,0.000,A,#4,APPROACH,0.156A/A
49305,2026-06-04 06:51:50,21.3125,12.00,0.000,0.000,A,#4,APPROACH,0.205A/A
49306,2026-06-04 06:51:52,21.3250,3.61,0.205,0.000,A,#4,APPROACH,0.270A/A
49307,2026-06-04 06:51:54,21.3750,3.61,0.205,0.737,A,#4,APPROACH,0.342A/A
49308,2026-06-04 06:51:56,21.3750,3.61,0.205,0.737,A,#4,APPROACH,0.409A/A
49309,2026-06-04 06:51:57,21.4250,3.61,0.205,0.737,A,#4,APPROACH,0.499A/A
49310,2026-06-04 06:51:59,21.4375,4.59,0.205,0.737,A,#4,APPROACH,0.595A/A
49311,2026-06-04 06:52:01,21.4375,4.59,0.573,3.266,A,#4,APPROACH,0.692A/A
49312,2026-06-04 06:52:03,21.4375,4.59,0.573,3.266,A,#4,APPROACH,0.812A/A
49313,2026-06-04 06:52:05,21.4375,4.59,0.573,3.266,A,#4,APPROACH,0.895A/A
49314,2026-06-04 06:52:07,21.4375,7.65,0.573,3.266,A,#4,APPROACH,0.993A/A
49315,2026-06-04 06:52:09,21.4375,7.65,0.963,8.430,A,#4,APPROACH,1.090A/A
49316,2026-06-04 06:52:11,21.4375,7.65,0.963,8.430,A,#4,APPROACH,1.216A/A
49317,2026-06-04 06:52:13,21.3875,7.65,0.963,8.430,A,#4,APPROACH,1.290A/A
49318,2026-06-04 06:52:14,21.3500,10.52,0.963,8.430,A,#4,APPROACH,1.378A/A
49319,2026-06-04 06:52:16,21.3250,10.52,1.352,15.626,A,#4,APPROACH,1.000A/A
49320,2026-06-04 06:52:19,21.2500,10.52,1.352,15.626,A,#4,APPROACH,1.464A/A
49321,2026-06-04 06:52:20,21.2000,10.52,1.352,15.626,A,#4,APPROACH,1.536A/A
49322,2026-06-04 06:52:22,21.1500,12.00,1.352,15.626,A,#4,APPROACH,1.500A/A
49323,2026-06-04 06:52:24,21.0750,12.00,1.464,17.424,A,#4,APPROACH,1.500A/A
49324,2026-06-04 06:52:26,20.9875,12.00,1.464,17.424,A,#4,APPROACH,1.608A/A
49325,2026-06-04 06:52:28,20.9125,12.00,1.464,17.424,A,#4,APPROACH,1.668A/A
49326,2026-06-04 06:52:30,20.8250,12.00,1.464,17.424,A,#4,APPROACH,1.000A/A
49327,2026-06-04 06:52:32,20.7000,12.00,1.098,8.970,A,#4,APPROACH,1.726A/A
49328,2026-06-04 06:52:34,20.6250,12.00,1.098,8.970,A,#4,APPROACH,1.813A/A
49329,2026-06-04 06:52:36,20.5500,12.00,1.098,8.970,A,#4,APPROACH,1.865A/A
49330,2026-06-04 06:52:38,20.4250,12.00,1.098,8.970,A,#4,APPROACH,1.920A/A
49331,2026-06-04 06:52:39,20.2750,12.00,1.432,17.052,A,#4,APPROACH,1.500A/A
49332,2026-06-04 06:52:42,20.2000,12.00,1.432,17.052,A,#4,APPROACH,1.957A/A
49333,2026-06-04 06:52:43,20.1000,12.00,1.432,17.052,A,#4,APPROACH,1.994A/A
49334,2026-06-04 06:52:45,19.9875,12.00,1.432,17.052,A,#4,APPROACH,2.038A/A
49335,2026-06-04 06:52:47,19.8875,12.00,1.419,16.896,A,#4,APPROACH,1.000A/A
49336,2026-06-04 06:52:49,19.7625,12.00,1.419,16.896,A,#4,HOLDING,1.500A/A
49337,2026-06-04 06:52:51,19.6375,12.00,1.419,16.896,OFF,#4,HOLDING,0.000A/OFF
49338,2026-06-04 06:52:52,19.6375,12.00,1.419,16.896,OFF,#4,HOLDING,0.000A/OFF
49339,2026-06-04 06:52:53,19.5500,12.00,1.419,16.896,OFF,#4,HOLDING,0.000A/OFF
49340,2026-06-04 06:52:54,19.5500,12.00,0.000,16.896,OFF,#4,HOLDING,0.000A/OFF
49341,2026-06-04 06:52:55,19.4250,12.00,0.000,0.000,OFF,#4,HOLDING,0.000A/OFF
49342,2026-06-04 06:52:56,19.4250,12.00,0.000,0.000,OFF,#4,HOLDING,0.000A/OFF
49343,2026-06-04 06:52:57,19.3125,12.00,0.000,0.000,OFF,#4,HOLDING,0.000A/OFF
49344,2026-06-04 06:52:58,19.3125,12.00,0.000,0.000,A,#4,HOLDING,0.101A/A
49345,2026-06-04 06:53:00,19.2375,12.00,0.101,0.000,A,#4,HOLDING,0.111A/A
49346,2026-06-04 06:53:02,19.1875,12.00,0.101,0.205,A,#4,HOLDING,0.139A/A
49347,2026-06-04 06:53:03,19.1375,12.00,0.101,0.205,A,#4,HOLDING,0.145A/A
49348,2026-06-04 06:53:05,19.0625,12.00,0.101,0.205,A,#4,HOLDING,0.152A/A
49349,2026-06-04 06:53:07,19.0625,2.05,0.101,0.205,A,#4,HOLDING,0.167A/A
49350,2026-06-04 06:53:09,19.0250,2.05,0.167,0.365,A,#4,HOLDING,0.177A/A
49351,2026-06-04 06:53:11,19.0000,2.05,0.167,0.365,A,#4,HOLDING,0.192A/A
49352,2026-06-04 06:53:13,19.0000,2.05,0.167,0.365,A,#4,HOLDING,0.199A/A
49353,2026-06-04 06:53:15,19.0000,2.31,0.167,0.365,A,#4,HOLDING,0.210A/A
49354,2026-06-04 06:53:16,19.0000,2.31,0.210,0.514,A,#4,HOLDING,0.219A/A
49355,2026-06-04 06:53:19,19.0000,2.31,0.210,0.514,A,#4,HOLDING,0.228A/A
49356,2026-06-04 06:53:20,19.0125,2.31,0.210,0.514,A,#4,HOLDING,0.236A/A
49357,2026-06-04 06:53:22,19.0625,2.54,0.210,0.514,A,#4,HOLDING,0.251A/A
49358,2026-06-04 06:53:24,19.0625,2.54,0.251,0.685,A,#4,HOLDING,0.261A/A
49359,2026-06-04 06:53:26,19.0625,2.54,0.251,0.685,A,#4,HOLDING,0.272A/A
49360,2026-06-04 06:53:28,19.0750,2.54,0.251,0.685,A,#4,HOLDING,0.277A/A
49361,2026-06-04 06:53:30,19.1250,2.84,0.251,0.685,A,#4,HOLDING,0.294A/A
49362,2026-06-04 06:53:32,19.1250,2.84,0.294,0.905,A,#4,HOLDING,0.306A/A
49363,2026-06-04 06:53:34,19.1750,2.84,0.294,0.905,A,#4,HOLDING,0.326A/A
49364,2026-06-04 06:53:36,19.1875,2.84,0.294,0.905,A,#4,HOLDING,0.335A/A
49365,2026-06-04 06:53:38,19.1875,3.32,0.294,0.905,A,#4,HOLDING,0.350A/A
49366,2026-06-04 06:53:39,19.2000,3.32,0.350,1.246,A,#4,HOLDING,0.362A/A
49367,2026-06-04 06:53:42,19.2500,3.32,0.350,1.246,A,#4,HOLDING,0.386A/A
49368,2026-06-04 06:53:43,19.2500,3.32,0.350,1.246,A,#4,HOLDING,0.400A/A
49369,2026-06-04 06:53:45,19.2750,3.86,0.350,1.246,A,#4,HOLDING,0.419A/A
49370,2026-06-04 06:53:47,19.3125,3.86,0.419,1.743,A,#4,HOLDING,0.438A/A
49371,2026-06-04 06:53:50,19.3125,3.86,0.419,1.743,A,#5,APPROACH,0.462A/A
49372,2026-06-04 06:53:51,19.3125,3.86,0.419,1.743,B,#5,APPROACH,0.145A/B
49373,2026-06-04 06:53:53,19.3125,3.86,0.419,1.743,B,#5,APPROACH,0.166A/B
49374,2026-06-04 06:53:55,19.3750,12.00,0.419,1.743,B,#5,APPROACH,0.200A/B
49375,2026-06-04 06:53:57,19.3750,12.00,0.919,0.398,B,#5,APPROACH,0.262A/B
49376,2026-06-04 06:53:59,19.4000,12.00,0.919,0.398,B,#5,APPROACH,0.347A/B
49377,2026-06-04 06:54:01,19.4500,12.00,0.919,0.398,B,#5,APPROACH,0.415A/B
49378,2026-06-04 06:54:03,19.5125,3.58,0.919,0.398,B,#5,APPROACH,0.496A/B
49379,2026-06-04 06:54:05,19.6375,3.58,0.461,2.157,B,#5,APPROACH,0.567A/B
49380,2026-06-04 06:54:07,19.7000,3.58,0.461,2.157,B,#5,APPROACH,0.674A/B
49381,2026-06-04 06:54:09,19.7750,3.58,0.461,2.157,B,#5,APPROACH,0.739A/B
49382,2026-06-04 06:54:11,19.8875,6.30,0.461,2.157,B,#5,APPROACH,0.813A/B
49383,2026-06-04 06:54:12,20.0125,6.30,0.780,5.666,B,#5,APPROACH,0.873A/B
49384,2026-06-04 06:54:15,20.0750,6.30,0.780,5.666,B,#5,APPROACH,0.965A/B
49385,2026-06-04 06:54:16,20.2000,6.30,0.780,5.666,B,#5,APPROACH,1.000A/B
49386,2026-06-04 06:54:18,20.3000,8.34,0.780,5.666,B,#5,APPROACH,1.000A/B
49387,2026-06-04 06:54:20,20.4250,8.34,1.000,8.510,B,#5,APPROACH,0.997A/B
49388,2026-06-04 06:54:22,20.5375,8.34,1.000,8.510,B,#5,APPROACH,1.000A/B
49389,2026-06-04 06:54:24,20.6625,8.34,1.000,8.510,B,#5,APPROACH,1.000A/B
49390,2026-06-04 06:54:26,20.8000,8.57,1.000,8.510,B,#5,APPROACH,1.000A/B
49391,2026-06-04 06:54:28,20.9500,8.57,1.000,8.710,B,#5,APPROACH,1.036A/B
49392,2026-06-04 06:54:30,21.1000,8.57,1.000,8.710,B,#5,HOLDING,1.029A/B
49393,2026-06-04 06:54:32,21.2500,8.57,1.000,8.710,OFF,#5,HOLDING,0.000A/OFF
49394,2026-06-04 06:54:33,21.2500,8.57,1.000,8.710,OFF,#5,HOLDING,0.000A/OFF
49395,2026-06-04 06:54:34,21.4250,12.00,1.000,8.710,OFF,#5,HOLDING,0.000A/OFF
49396,2026-06-04 06:54:35,21.4250,12.00,1.482,8.710,OFF,#5,HOLDING,0.000A/OFF
49397,2026-06-04 06:54:36,21.5750,12.00,1.482,0.000,OFF,#5,HOLDING,0.000A/OFF
49398,2026-06-04 06:54:37,21.5750,12.00,1.482,0.000,OFF,#5,HOLDING,0.000A/OFF
49399,2026-06-04 06:54:38,21.7375,12.00,1.482,0.000,OFF,#5,HOLDING,0.000A/OFF
49400,2026-06-04 06:54:39,21.8875,12.00,1.482,0.000,OFF,#5,HOLDING,0.000A/OFF
49401,2026-06-04 06:54:40,21.8875,12.00,1.482,0.000,OFF,#5,HOLDING,0.000A/OFF
49402,2026-06-04 06:54:41,22.0500,12.00,0.000,0.000,OFF,#5,HOLDING,0.000A/OFF
49403,2026-06-04 06:54:42,22.0500,12.00,0.000,0.000,OFF,#5,HOLDING,0.000A/OFF
49404,2026-06-04 06:54:43,22.2000,12.00,0.000,0.000,OFF,#5,HOLDING,0.000A/OFF
49405,2026-06-04 06:54:44,22.2000,12.00,0.000,0.000,OFF,#5,HOLDING,0.000A/OFF
49406,2026-06-04 06:54:45,22.3500,12.00,0.000,0.000,OFF,#5,HOLDING,0.000A/OFF
49407,2026-06-04 06:54:46,22.3500,12.00,0.000,0.000,OFF,#5,HOLDING,0.000A/OFF
49408,2026-06-04 06:54:47,22.4500,12.00,0.000,0.000,OFF,#5,HOLDING,0.000A/OFF
49409,2026-06-04 06:54:48,22.4500,12.00,0.000,0.000,OFF,#5,HOLDING,0.000A/OFF
49410,2026-06-04 06:54:49,22.6000,12.00,0.000,0.000,OFF,#5,HOLDING,0.000A/OFF
49411,2026-06-04 06:54:50,22.6000,12.00,0.000,0.000,OFF,#5,HOLDING,0.000A/OFF
49412,2026-06-04 06:54:51,22.7000,12.00,0.000,0.000,OFF,#5,HOLDING,0.000A/OFF
49413,2026-06-04 06:54:52,22.7000,12.00,0.000,0.000,OFF,#5,HOLDING,0.000A/OFF
49414,2026-06-04 06:54:53,22.8250,12.00,0.000,0.000,OFF,#5,HOLDING,0.000A/OFF
49415,2026-06-04 06:54:54,22.8250,12.00,0.000,0.000,OFF,#5,HOLDING,0.000A/OFF
49416,2026-06-04 06:54:55,22.9250,12.00,0.000,0.000,OFF,#5,HOLDING,0.000A/OFF
49417,2026-06-04 06:54:56,22.9250,12.00,0.000,0.000,OFF,#5,HOLDING,0.000A/OFF
49418,2026-06-04 06:54:57,23.0125,12.00,0.000,0.000,A,#5,HOLDING,0.181A/A
49419,2026-06-04 06:54:59,23.1125,12.00,0.000,0.000,A,#5,HOLDING,0.214A/A
49420,2026-06-04 06:55:00,23.1625,1.78,0.000,0.000,A,#5,HOLDING,0.260A/A
49421,2026-06-04 06:55:02,23.2625,1.78,0.235,0.587,A,#5,HOLDING,0.306A/A
49422,2026-06-04 06:55:04,23.3500,1.78,0.235,0.587,A,#5,HOLDING,0.370A/A
49423,2026-06-04 06:55:06,23.4000,1.78,0.235,0.587,A,#5,HOLDING,0.417A/A
49424,2026-06-04 06:55:08,23.4375,3.61,0.235,0.587,A,#5,HOLDING,0.467A/A
49425,2026-06-04 06:55:10,23.5125,3.61,0.439,1.914,A,#5,HOLDING,0.527A/A
49426,2026-06-04 06:55:12,23.5125,3.61,0.439,1.914,A,#5,HOLDING,0.593A/A
49427,2026-06-04 06:55:14,23.5625,3.61,0.439,1.914,A,#5,HOLDING,0.647A/A
49428,2026-06-04 06:55:16,23.5750,5.64,0.439,1.914,A,#5,HOLDING,0.700A/A
49429,2026-06-04 06:55:17,23.6250,5.64,0.673,4.326,A,#5,HOLDING,0.767A/A
49430,2026-06-04 06:55:20,23.6250,5.64,0.673,4.326,A,#5,HOLDING,0.839A/A
49431,2026-06-04 06:55:21,23.6250,5.64,0.673,4.326,A,#5,HOLDING,0.890A/A
49432,2026-06-04 06:55:23,23.6250,7.60,0.673,4.326,A,#5,HOLDING,0.945A/A
49433,2026-06-04 06:55:25,23.5750,7.60,0.916,7.673,A,#5,HOLDING,0.995A/A
49434,2026-06-04 06:55:27,23.5625,7.60,0.916,7.673,A,#5,HOLDING,1.068A/A
49435,2026-06-04 06:55:29,23.5375,7.60,0.916,7.673,A,#5,HOLDING,1.000A/A
49436,2026-06-04 06:55:31,23.5000,8.52,0.916,7.673,A,#5,HOLDING,1.113A/A
49437,2026-06-04 06:55:33,23.4500,8.52,1.064,10.495,A,#5,HOLDING,1.000A/A
49438,2026-06-04 06:55:35,23.4000,8.52,1.064,10.495,A,#5,HOLDING,1.155A/A
49439,2026-06-04 06:55:37,23.3250,8.52,1.064,10.495,A,#5,HOLDING,1.000A/A
49440,2026-06-04 06:55:39,23.2500,8.68,1.064,10.495,A,#5,HOLDING,1.183A/A
49441,2026-06-04 06:55:40,23.2000,8.68,1.120,11.900,A,#5,HOLDING,1.000A/A
49442,2026-06-04 06:55:43,23.1250,8.68,1.120,11.900,A,#5,HOLDING,1.224A/A
49443,2026-06-04 06:55:44,23.0250,8.68,1.120,11.900,A,#5,HOLDING,1.248A/A
49444,2026-06-04 06:55:46,22.9250,10.45,1.120,11.900,A,#5,HOLDING,1.226A/A
49445,2026-06-04 06:55:48,22.8250,10.45,1.226,12.836,A,#5,HOLDING,1.000A/A
49446,2026-06-04 06:55:50,22.7125,10.45,1.226,12.836,A,#5,HOLDING,1.256A/A
49447,2026-06-04 06:55:52,22.5875,10.45,1.226,12.836,A,#5,HOLDING,1.270A/A
49448,2026-06-04 06:55:54,22.4500,10.71,1.226,12.836,A,#5,HOLDING,1.284A/A
49449,2026-06-04 06:55:56,22.3250,10.71,1.284,14.085,A,#5,HOLDING,1.293A/A
49450,2026-06-04 06:55:58,22.2125,10.71,1.284,14.085,A,#5,HOLDING,1.308A/A
49451,2026-06-04 06:56:00,22.0625,10.71,1.284,14.085,A,#5,HOLDING,1.308A/A
49452,2026-06-04 06:56:02,22.0625,11.00,1.284,14.085,A,#5,HOLDING,1.321A/A
49453,2026-06-04 06:56:03,21.9500,11.00,1.321,14.940,A,#5,HOLDING,1.317A/A
49454,2026-06-04 06:56:06,21.7000,11.00,1.321,14.940,A,#5,HOLDING,1.000A/A
49455,2026-06-04 06:56:07,21.5500,11.00,1.321,14.940,A,#5,HOLDING,1.000A/A
49456,2026-06-04 06:56:09,21.5500,8.99,1.321,14.940,A,#5,HOLDING,1.000A/A
49457,2026-06-04 06:56:11,21.4125,8.99,1.000,9.150,A,#5,HOLDING,1.000A/A
49458,2026-06-04 06:56:13,21.1375,8.99,1.000,9.150,A,#5,HOLDING,1.295A/A
49459,2026-06-04 06:56:15,20.9875,8.99,1.000,9.150,A,#5,HOLDING,1.194A/A
49460,2026-06-04 06:56:17,20.9875,10.31,1.000,9.150,A,#5,HOLDING,1.170A/A
49461,2026-06-04 06:56:19,20.8875,10.31,1.170,12.062,A,#5,HOLDING,1.135A/A
49462,2026-06-04 06:56:21,20.6375,10.31,1.170,12.062,A,#5,HOLDING,1.000A/A
49463,2026-06-04 06:56:23,20.4875,10.31,1.170,12.062,A,#5,HOLDING,1.030A/A
49464,2026-06-04 06:56:25,20.4875,9.26,1.170,12.062,A,#5,HOLDING,0.984A/A
49465,2026-06-04 06:56:26,20.3625,9.26,0.984,8.905,A,#5,HOLDING,0.924A/A
49466,2026-06-04 06:56:29,20.1500,9.26,0.984,8.905,A,#5,HOLDING,0.825A/A
49467,2026-06-04 06:56:30,20.0500,9.26,0.984,8.905,A,#5,HOLDING,0.746A/A
49468,2026-06-04 06:56:32,20.0500,7.27,0.984,8.905,A,#5,HOLDING,0.686A/A
49469,2026-06-04 06:56:34,19.9250,7.27,0.686,4.781,A,#5,HOLDING,0.607A/A
49470,2026-06-04 06:56:37,19.7375,7.27,0.686,4.781,A,#5,HOLDING,0.486A/A
49471,2026-06-04 06:56:38,19.6375,7.27,0.686,4.781,A,#5,HOLDING,0.393A/A
49472,2026-06-04 06:56:40,19.6375,4.43,0.686,4.781,A,#5,HOLDING,0.318A/A
49473,2026-06-04 06:56:42,19.5500,4.43,0.318,1.252,A,#5,HOLDING,0.229A/A
49474,2026-06-04 06:56:44,19.4000,4.43,0.318,1.252,OFF,#5,HOLDING,0.000A/OFF
49475,2026-06-04 06:56:45,19.4000,4.43,0.318,1.252,OFF,#5,HOLDING,0.000A/OFF
49476,2026-06-04 06:56:46,19.3250,4.43,0.318,1.252,OFF,#5,HOLDING,0.000A/OFF
49477,2026-06-04 06:56:47,19.3250,4.43,0.318,1.252,OFF,#5,HOLDING,0.000A/OFF
49478,2026-06-04 06:56:48,19.2750,12.00,0.000,1.252,B,#5,HOLDING,0.126A/B
49479,2026-06-04 06:56:50,19.2250,12.00,0.000,0.000,B,#5,HOLDING,0.205A/B
49480,2026-06-04 06:56:51,19.2250,12.00,0.000,0.000,B,#5,HOLDING,0.294A/B
49481,2026-06-04 06:56:53,19.1875,12.00,0.000,0.000,B,#5,HOLDING,0.382A/B
49482,2026-06-04 06:56:55,19.1375,2.72,0.000,0.000,B,#5,HOLDING,0.489A/B
49483,2026-06-04 06:56:57,19.1250,2.72,0.436,1.828,B,#5,HOLDING,0.598A/B
49484,2026-06-04 06:56:59,19.1250,2.72,0.436,1.828,B,#5,HOLDING,0.731A/B
49485,2026-06-04 06:57:01,19.1625,2.72,0.436,1.828,B,#5,HOLDING,0.810A/B
49486,2026-06-04 06:57:03,19.1875,6.31,0.436,1.828,B,#5,HOLDING,0.909A/B
49487,2026-06-04 06:57:04,19.2000,6.31,0.861,6.581,B,#5,HOLDING,1.000A/B
49488,2026-06-04 06:57:07,19.2500,6.31,0.861,6.581,B,#5,HOLDING,1.007A/B
49489,2026-06-04 06:57:08,19.2875,6.31,0.861,6.581,B,#5,HOLDING,1.090A/B
49490,2026-06-04 06:57:10,19.3875,8.61,0.861,6.581,B,#5,HOLDING,1.173A/B
49491,2026-06-04 06:57:12,19.4750,8.61,1.137,11.037,B,#5,HOLDING,1.256A/B
49492,2026-06-04 06:57:14,19.5750,8.61,1.137,11.037,B,#5,HOLDING,1.362A/B
49493,2026-06-04 06:57:16,19.7000,8.61,1.137,11.037,B,#5,HOLDING,1.425A/B
49494,2026-06-04 06:57:18,19.8250,11.18,1.137,11.037,B,#5,HOLDING,1.496A/B
49495,2026-06-04 06:57:20,19.9875,11.18,1.482,17.742,B,#5,HOLDING,1.553A/B
49496,2026-06-04 06:57:22,20.1375,11.18,1.482,17.742,B,#5,HOLDING,1.638A/B
49497,2026-06-04 06:57:24,20.2875,11.18,1.482,17.742,B,#5,HOLDING,1.680A/B
49498,2026-06-04 06:57:26,20.4375,12.00,1.482,17.742,B,#5,HOLDING,1.500A/B
49499,2026-06-04 06:57:27,20.6125,12.00,1.483,17.568,B,#5,HOLDING,1.000A/B
49500,2026-06-04 06:57:30,20.8125,12.00,1.483,17.568,B,#5,HOLDING,1.500A/B
49501,2026-06-04 06:57:31,21.0125,12.00,1.483,17.568,B,#5,HOLDING,1.645A/B
49502,2026-06-04 06:57:33,21.2125,12.00,1.483,17.568,B,#5,HOLDING,1.672A/B
49503,2026-06-04 06:57:35,21.4250,12.00,1.444,17.112,OFF,--,DONE,1.689A/B
49504,2026-06-04 06:57:38,21.8625,2.66,1.444,17.112,OFF,--,DONE,--
49505,2026-06-04 06:57:39,21.8625,2.66,0.000,17.112,OFF,--,DONE,--
49506,2026-06-04 06:57:40,22.0625,2.66,0.000,0.000,OFF,--,DONE,--
49507,2026-06-04 06:57:41,22.0625,2.66,0.000,0.000,OFF,--,DONE,--
49508,2026-06-04 06:57:42,22.2875,0.66,0.000,0.000,OFF,--,DONE,--
49509,2026-06-04 06:57:43,22.2875,0.66,0.000,0.000,OFF,--,DONE,--
49510,2026-06-04 06:57:44,22.5375,0.66,0.000,0.000,OFF,--,DONE,--
49511,2026-06-04 06:57:45,22.5375,0.20,0.000,0.000,OFF,--,DONE,--
49512,2026-06-04 06:57:46,22.7375,0.20,0.000,0.000,OFF,--,DONE,--
49513,2026-06-04 06:57:47,22.9625,0.20,0.000,0.000,OFF,--,DONE,--
49514,2026-06-04 06:57:48,22.9625,0.20,0.000,0.000,OFF,--,DONE,--
49515,2026-06-04 06:57:49,23.1500,0.00,0.000,0.000,OFF,--,DONE,--
49516,2026-06-04 06:57:50,23.1500,0.00,0.000,0.000,OFF,--,DONE,--
49517,2026-06-04 06:57:51,23.3250,0.00,0.000,0.000,OFF,--,DONE,--
49518,2026-06-04 06:57:52,23.3250,0.00,0.000,0.000,OFF,--,DONE,--
49519,2026-06-04 06:57:54,23.4875,0.00,0.000,0.000,OFF,--,DONE,--
49520,2026-06-04 06:57:55,23.4875,0.00,0.000,0.000,OFF,--,DONE,--
49521,2026-06-04 06:57:56,23.6375,0.00,0.000,0.000,OFF,--,DONE,--
49522,2026-06-04 06:57:57,23.6375,0.00,0.000,0.000,OFF,--,DONE,--
49523,2026-06-04 06:57:58,23.8000,0.00,0.000,0.000,OFF,--,DONE,--
49524,2026-06-04 06:57:59,23.8000,0.00,0.000,0.000,OFF,--,DONE,--
49525,2026-06-04 06:58:00,23.9500,0.00,0.000,0.000,OFF,--,DONE,--
49526,2026-06-04 06:58:01,23.9500,0.00,0.000,0.000,OFF,--,DONE,--
49527,2026-06-04 06:58:02,24.0750,0.00,0.000,0.000,OFF,--,DONE,--
49528,2026-06-04 06:58:03,24.0750,0.00,0.000,0.000,OFF,--,DONE,--
49529,2026-06-04 06:58:04,24.1750,0.00,0.000,0.000,OFF,--,DONE,--
49530,2026-06-04 06:58:05,24.1750,0.00,0.000,0.000,OFF,--,DONE,--
49531,2026-06-04 06:58:06,24.2875,0.00,0.000,0.000,OFF,--,DONE,--
49532,2026-06-04 06:58:07,24.2875,0.00,0.000,0.000,OFF,--,DONE,--
49533,2026-06-04 06:58:08,24.4125,0.00,0.000,0.000,OFF,--,DONE,--
49534,2026-06-04 06:58:09,24.4125,0.00,0.000,0.000,OFF,--,DONE,--
49535,2026-06-04 06:58:10,24.4750,0.00,0.000,0.000,OFF,--,DONE,--
49536,2026-06-04 06:58:11,24.5750,0.00,0.000,0.000,OFF,--,DONE,--
49537,2026-06-04 06:58:12,24.5750,0.00,0.000,0.000,OFF,--,DONE,--
49538,2026-06-04 06:58:13,24.6625,0.00,0.000,0.000,OFF,--,DONE,--
49539,2026-06-04 06:58:14,24.6625,0.00,0.000,0.000,OFF,--,DONE,--
49540,2026-06-04 06:58:15,24.7375,0.00,0.000,0.000,OFF,--,DONE,--
49541,2026-06-04 06:58:16,24.7375,0.00,0.000,0.000,OFF,--,DONE,--
49542,2026-06-04 06:58:17,24.8125,0.00,0.000,0.000,OFF,--,DONE,--
49543,2026-06-04 06:58:18,24.8125,0.00,0.000,0.000,OFF,--,DONE,--
49544,2026-06-04 06:58:19,24.8625,0.00,0.000,0.000,OFF,--,DONE,--
49545,2026-06-04 06:58:20,24.8625,0.00,0.000,0.000,OFF,--,DONE,--
49546,2026-06-04 06:58:21,24.9125,0.00,0.000,0.000,OFF,--,DONE,--
49547,2026-06-04 06:58:22,24.9125,0.00,0.000,0.000,OFF,--,DONE,--
49548,2026-06-04 06:58:23,24.9625,0.00,0.000,0.000,OFF,--,DONE,--
49549,2026-06-04 06:58:24,24.9625,0.00,0.000,0.000,OFF,--,DONE,--
49550,2026-06-04 06:58:25,25.0000,0.00,0.000,0.000,OFF,--,DONE,--
49551,2026-06-04 06:58:26,25.0500,0.00,0.000,0.000,OFF,--,DONE,--
49552,2026-06-04 06:58:27,25.0500,0.00,0.000,0.000,OFF,--,DONE,--
49553,2026-06-04 06:58:28,25.0625,0.00,0.000,0.000,OFF,--,DONE,--
49554,2026-06-04 06:58:29,25.0625,0.00,0.000,0.000,OFF,--,DONE,--
49555,2026-06-04 06:58:30,25.1125,0.00,0.000,0.000,OFF,--,DONE,--
49556,2026-06-04 06:58:31,25.1125,0.00,0.000,0.000,OFF,--,DONE,--
49557,2026-06-04 06:58:32,25.1250,0.00,0.000,0.000,OFF,--,DONE,--
49558,2026-06-04 06:58:33,25.1250,0.00,0.000,0.000,OFF,--,DONE,--
49559,2026-06-04 06:58:34,25.1500,0.00,0.000,0.000,OFF,--,DONE,--
49560,2026-06-04 06:58:35,25.1500,0.00,0.000,0.000,OFF,--,DONE,--
49561,2026-06-04 06:58:36,25.1875,0.00,0.000,0.000,OFF,--,DONE,--
49562,2026-06-04 06:58:37,25.1875,0.00,0.000,0.000,OFF,--,DONE,--
49563,2026-06-04 06:58:38,25.1875,0.00,0.000,0.000,OFF,--,DONE,--
49564,2026-06-04 06:58:39,25.1875,0.00,0.000,0.000,OFF,--,DONE,--
49565,2026-06-04 06:58:40,25.2125,0.00,0.000,0.000,OFF,--,DONE,--
49566,2026-06-04 06:58:41,25.2375,0.00,0.000,0.000,OFF,--,DONE,--
49567,2026-06-04 06:58:42,25.2375,0.00,0.000,0.000,OFF,--,DONE,--
49568,2026-06-04 06:58:43,25.2375,0.00,0.000,0.000,OFF,--,DONE,--
49569,2026-06-04 06:58:44,25.2375,0.00,0.000,0.000,OFF,--,DONE,--
49570,2026-06-04 06:58:46,25.2125,0.00,0.000,0.000,OFF,--,DONE,--
49571,2026-06-04 06:58:47,25.2125,0.00,0.000,0.000,OFF,--,DONE,--
49572,2026-06-04 06:58:48,25.2500,0.00,0.000,0.000,OFF,--,DONE,--
49573,2026-06-04 06:58:49,25.2500,0.00,0.000,0.000,OFF,--,DONE,--
49574,2026-06-04 06:58:50,25.2500,0.00,0.000,0.000,OFF,--,DONE,--
49575,2026-06-04 06:58:51,25.2500,0.00,0.000,0.000,OFF,--,DONE,--
49576,2026-06-04 06:58:52,25.2500,0.00,0.000,0.000,OFF,--,DONE,--
49577,2026-06-04 06:58:53,25.2500,0.00,0.000,0.000,OFF,--,DONE,--
49578,2026-06-04 06:58:54,25.2500,0.00,0.000,0.000,OFF,--,DONE,--
49579,2026-06-04 06:58:55,25.2500,0.00,0.000,0.000,OFF,--,DONE,--
49580,2026-06-04 06:58:56,25.2500,0.00,0.000,0.000,OFF,--,DONE,--
49581,2026-06-04 06:58:57,25.2250,0.00,0.000,0.000,OFF,--,DONE,--
49582,2026-06-04 06:58:58,25.2250,0.00,0.000,0.000,B,#1,APPROACH,2.375A/B
49583,2026-06-04 06:58:59,25.2000,0.00,0.000,0.000,B,#1,APPROACH,1.526A/B
49584,2026-06-04 06:59:01,25.2000,0.00,0.000,0.000,B,#1,APPROACH,1.000A/B
49585,2026-06-04 06:59:03,25.1875,0.00,0.000,0.000,B,#1,APPROACH,0.918A/B
49586,2026-06-04 06:59:05,25.1875,10.02,0.918,0.000,B,#1,APPROACH,0.945A/B
49587,2026-06-04 06:59:07,25.1875,10.02,0.918,7.720,B,#1,APPROACH,1.126A/B
49588,2026-06-04 06:59:08,25.1875,10.02,0.918,7.720,B,#1,APPROACH,1.219A/B
49589,2026-06-04 06:59:10,25.1875,10.02,0.918,7.720,B,#1,APPROACH,1.359A/B
49590,2026-06-04 06:59:12,25.1875,11.03,0.918,7.720,B,#1,APPROACH,1.565A/B
49591,2026-06-04 06:59:14,25.2375,11.03,1.492,17.700,B,#1,APPROACH,1.776A/B
49592,2026-06-04 06:59:16,25.2875,11.03,1.492,17.700,B,#1,APPROACH,1.946A/B
49593,2026-06-04 06:59:17,25.3625,11.03,1.492,17.700,B,#1,APPROACH,2.064A/B
49594,2026-06-04 06:59:19,25.4250,12.00,1.492,17.700,B,#1,APPROACH,1.000A/B
49595,2026-06-04 06:59:21,25.5250,12.00,1.021,8.990,B,#1,APPROACH,2.241A/B
49596,2026-06-04 06:59:24,25.6000,12.00,1.021,8.990,B,#1,APPROACH,2.441A/B
49597,2026-06-04 06:59:25,25.7000,12.00,1.021,8.990,B,#1,APPROACH,1.500A/B
49598,2026-06-04 06:59:27,25.8250,12.00,1.021,8.990,B,#1,APPROACH,2.547A/B
49599,2026-06-04 06:59:29,25.9500,12.00,1.413,16.716,B,#1,APPROACH,2.689A/B
49600,2026-06-04 06:59:31,26.0375,12.00,1.413,16.716,B,#1,APPROACH,1.500A/B
49601,2026-06-04 06:59:33,26.1625,12.00,1.413,16.716,B,#1,APPROACH,1.000A/B
49602,2026-06-04 06:59:35,26.3000,9.27,1.413,16.716,B,#1,APPROACH,2.863A/B
49603,2026-06-04 06:59:37,26.4500,9.27,1.377,16.416,B,#1,APPROACH,2.500A/B
49604,2026-06-04 06:59:39,26.6125,9.27,1.377,16.416,B,#1,APPROACH,2.000A/B
49605,2026-06-04 06:59:41,26.7625,9.27,1.377,16.416,B,#1,APPROACH,1.500A/B
49606,2026-06-04 06:59:42,26.9250,12.00,1.377,16.416,B,#1,APPROACH,1.500A/B
49607,2026-06-04 06:59:44,27.0750,12.00,1.356,16.080,B,#1,APPROACH,2.500A/B
49608,2026-06-04 06:59:47,27.2375,12.00,1.356,16.080,B,#1,APPROACH,1.500A/B
49609,2026-06-04 06:59:48,27.3875,12.00,1.356,16.080,B,#1,APPROACH,1.500A/B
49610,2026-06-04 06:59:50,27.5125,12.00,1.356,16.080,B,#1,APPROACH,2.000A/B
49611,2026-06-04 06:59:52,27.6875,12.00,1.337,15.852,B,#1,APPROACH,2.888A/B
49612,2026-06-04 06:59:54,27.8250,12.00,1.337,15.852,B,#1,APPROACH,1.000A/B
49613,2026-06-04 06:59:56,28.0000,12.00,1.337,15.852,B,#1,APPROACH,1.000A/B
49614,2026-06-04 06:59:58,28.1500,9.63,1.337,15.852,B,#1,APPROACH,1.500A/B
49615,2026-06-04 07:00:00,28.3250,9.63,1.160,15.708,B,#1,APPROACH,1.500A/B
49616,2026-06-04 07:00:02,28.4625,9.63,1.160,15.708,B,#1,APPROACH,2.500A/B
49617,2026-06-04 07:00:04,28.6375,9.63,1.160,15.708,B,#1,APPROACH,2.950A/B
49618,2026-06-04 07:00:05,28.8000,12.00,1.160,15.708,B,#1,APPROACH,1.500A/B
49619,2026-06-04 07:00:07,28.9750,12.00,1.310,15.540,B,#1,APPROACH,2.500A/B
49620,2026-06-04 07:00:10,29.1125,12.00,1.310,15.540,B,#1,HOLDING,2.500A/B
49621,2026-06-04 07:00:11,29.2875,12.00,1.310,15.540,OFF,#1,HOLDING,0.000A/OFF
49622,2026-06-04 07:00:12,29.4750,12.00,1.310,15.540,OFF,#1,HOLDING,0.000A/OFF
49623,2026-06-04 07:00:13,29.4750,12.00,1.310,15.540,OFF,#1,HOLDING,0.000A/OFF
49624,2026-06-04 07:00:14,29.6250,12.00,0.000,15.540,OFF,#1,HOLDING,0.000A/OFF
49625,2026-06-04 07:00:15,29.6250,12.00,0.000,0.000,OFF,#1,HOLDING,0.000A/OFF
49626,2026-06-04 07:00:16,29.7875,12.00,0.000,0.000,OFF,#1,HOLDING,0.000A/OFF
49627,2026-06-04 07:00:17,29.7875,12.00,0.000,0.000,OFF,#1,HOLDING,0.000A/OFF
49628,2026-06-04 07:00:18,29.9375,12.00,0.000,0.000,OFF,#1,HOLDING,0.000A/OFF
49629,2026-06-04 07:00:19,29.9375,12.00,0.000,0.000,OFF,#1,HOLDING,0.000A/OFF
49630,2026-06-04 07:00:20,30.0500,12.00,0.000,0.000,OFF,#1,HOLDING,0.000A/OFF
49631,2026-06-04 07:00:21,30.2000,12.00,0.000,0.000,OFF,#1,HOLDING,0.000A/OFF
49632,2026-06-04 07:00:22,30.2000,12.00,0.000,0.000,OFF,#1,HOLDING,0.000A/OFF
49633,2026-06-04 07:00:23,30.3500,12.00,0.000,0.000,OFF,#1,HOLDING,0.000A/OFF
49634,2026-06-04 07:00:24,30.3500,12.00,0.000,0.000,OFF,#1,HOLDING,0.000A/OFF
49635,2026-06-04 07:00:25,30.4500,12.00,0.000,0.000,OFF,#1,HOLDING,0.000A/OFF
49636,2026-06-04 07:00:26,30.4500,12.00,0.000,0.000,OFF,#1,HOLDING,0.000A/OFF
49637,2026-06-04 07:00:27,30.5125,12.00,0.000,0.000,OFF,#1,HOLDING,0.000A/OFF
49638,2026-06-04 07:00:28,30.5125,12.00,0.000,0.000,OFF,#1,HOLDING,0.000A/OFF
49639,2026-06-04 07:00:29,30.6125,12.00,0.000,0.000,OFF,#1,HOLDING,0.000A/OFF
49640,2026-06-04 07:00:30,30.6125,12.00,0.000,0.000,OFF,#1,HOLDING,0.000A/OFF
49641,2026-06-04 07:00:31,30.7250,12.00,0.000,0.000,OFF,#1,HOLDING,0.000A/OFF
49642,2026-06-04 07:00:32,30.7250,12.00,0.000,0.000,OFF,#1,HOLDING,0.000A/OFF
49643,2026-06-04 07:00:33,30.7750,12.00,0.000,0.000,OFF,#1,HOLDING,0.000A/OFF
49644,2026-06-04 07:00:35,30.7750,12.00,0.000,0.000,OFF,#1,HOLDING,0.000A/OFF
49645,2026-06-04 07:00:36,30.8125,12.00,0.000,0.000,OFF,#1,HOLDING,0.000A/OFF
49646,2026-06-04 07:00:37,30.8125,12.00,0.000,0.000,OFF,#1,HOLDING,0.000A/OFF
49647,2026-06-04 07:00:38,30.8625,12.00,0.000,0.000,OFF,#1,HOLDING,0.000A/OFF
49648,2026-06-04 07:00:39,30.8625,12.00,0.000,0.000,OFF,#1,HOLDING,0.000A/OFF
49649,2026-06-04 07:00:40,30.8750,12.00,0.000,0.000,A,#1,HOLDING,0.115A/A
49650,2026-06-04 07:00:41,30.8750,12.00,0.000,0.000,A,#1,HOLDING,0.136A/A
49651,2026-06-04 07:00:43,30.8750,12.00,0.000,0.000,A,#1,HOLDING,0.160A/A
49652,2026-06-04 07:00:45,30.8750,12.00,0.000,0.000,A,#1,HOLDING,0.183A/A
49653,2026-06-04 07:00:47,30.8750,1.20,0.000,0.000,A,#1,HOLDING,0.212A/A
49654,2026-06-04 07:00:48,30.8750,1.20,0.212,0.334,A,#1,HOLDING,0.240A/A
49655,2026-06-04 07:00:51,30.8500,1.20,0.212,0.334,A,#1,HOLDING,0.274A/A
49656,2026-06-04 07:00:52,30.8250,1.20,0.212,0.334,A,#1,HOLDING,0.294A/A
49657,2026-06-04 07:00:54,30.8125,2.38,0.212,0.334,A,#1,HOLDING,0.320A/A
49658,2026-06-04 07:00:56,30.7625,2.38,0.304,0.867,A,#1,HOLDING,0.341A/A
49659,2026-06-04 07:00:58,30.7375,2.38,0.304,0.867,A,#1,HOLDING,0.373A/A
49660,2026-06-04 07:01:00,30.6875,2.38,0.304,0.867,A,#1,HOLDING,0.387A/A
49661,2026-06-04 07:01:02,30.6125,3.28,0.304,0.867,A,#1,HOLDING,0.404A/A
49662,2026-06-04 07:01:04,30.5375,3.28,0.393,1.361,A,#1,HOLDING,0.415A/A
49663,2026-06-04 07:01:06,30.4625,3.28,0.393,1.361,A,#1,HOLDING,0.433A/A
49664,2026-06-04 07:01:08,30.3875,3.28,0.393,1.361,A,#1,HOLDING,0.441A/A
49665,2026-06-04 07:01:10,30.3000,3.70,0.393,1.361,A,#1,HOLDING,0.447A/A
49666,2026-06-04 07:01:11,30.2250,3.70,0.447,1.716,A,#2,APPROACH,0.450A/A
49667,2026-06-04 07:01:14,30.1375,3.70,0.447,1.716,A,#2,APPROACH,0.213A/A
49668,2026-06-04 07:01:16,30.0375,3.70,0.447,1.716,A,#2,APPROACH,0.236A/A
49669,2026-06-04 07:01:18,29.9500,3.70,0.447,1.716,A,#2,APPROACH,0.281A/A
49670,2026-06-04 07:01:20,29.8000,5.92,0.281,1.716,A,#2,APPROACH,0.322A/A
49671,2026-06-04 07:01:22,29.7375,5.92,0.281,1.023,A,#2,APPROACH,0.381A/A
49672,2026-06-04 07:01:24,29.6125,5.92,0.281,1.023,A,#2,APPROACH,0.428A/A
49673,2026-06-04 07:01:25,29.5125,5.92,0.281,1.023,A,#2,APPROACH,0.486A/A
49674,2026-06-04 07:01:27,29.3625,4.44,0.281,1.023,A,#2,APPROACH,0.561A/A
49675,2026-06-04 07:01:29,29.2625,4.44,0.521,2.934,A,#2,APPROACH,0.625A/A
49676,2026-06-04 07:01:31,29.1125,4.44,0.521,2.934,A,#2,APPROACH,0.752A/A
49677,2026-06-04 07:01:33,29.0125,4.44,0.521,2.934,A,#2,APPROACH,0.834A/A
49678,2026-06-04 07:01:35,28.8625,7.19,0.521,2.934,A,#2,APPROACH,0.915A/A
49679,2026-06-04 07:01:37,28.7375,7.19,0.872,7.255,A,#2,APPROACH,0.999A/A
49680,2026-06-04 07:01:39,28.6125,7.19,0.872,7.255,A,#2,APPROACH,1.105A/A
49681,2026-06-04 07:01:41,28.4875,7.19,0.872,7.255,A,#2,APPROACH,1.170A/A
49682,2026-06-04 07:01:42,28.3375,9.73,0.872,7.255,A,#2,APPROACH,1.234A/A
49683,2026-06-04 07:01:44,28.2000,9.73,1.200,12.747,A,#2,APPROACH,1.294A/A
49684,2026-06-04 07:01:47,28.0500,9.73,1.200,12.747,A,#2,APPROACH,1.373A/A
49685,2026-06-04 07:01:48,27.8875,9.73,1.200,12.747,A,#2,APPROACH,1.413A/A
49686,2026-06-04 07:01:50,27.6875,11.53,1.200,12.747,A,#2,APPROACH,1.449A/A
49687,2026-06-04 07:01:52,27.5375,11.53,1.429,17.344,A,#2,APPROACH,1.484A/A
49688,2026-06-04 07:01:54,27.3625,11.53,1.429,17.344,A,#2,APPROACH,1.500A/A
49689,2026-06-04 07:01:56,27.1875,11.53,1.429,17.344,A,#2,HOLDING,1.000A/A
49690,2026-06-04 07:01:58,26.9625,11.53,1.429,17.344,OFF,#2,HOLDING,0.000A/OFF
49691,2026-06-04 07:01:59,26.9625,8.87,1.429,17.344,OFF,#2,HOLDING,0.000A/OFF
49692,2026-06-04 07:02:00,26.7875,8.87,1.000,17.344,OFF,#2,HOLDING,0.000A/OFF
49693,2026-06-04 07:02:01,26.7875,8.87,1.000,8.980,OFF,#2,HOLDING,0.000A/OFF
49694,2026-06-04 07:02:02,26.5625,8.87,1.000,8.980,OFF,#2,HOLDING,0.000A/OFF
49695,2026-06-04 07:02:03,26.5625,8.87,1.000,8.980,OFF,#2,HOLDING,0.000A/OFF
49696,2026-06-04 07:02:04,26.3750,8.87,1.000,8.980,OFF,#2,HOLDING,0.000A/OFF
49697,2026-06-04 07:02:05,26.1750,12.00,1.000,8.980,OFF,#2,HOLDING,0.000A/OFF
49698,2026-06-04 07:02:06,26.1750,12.00,0.000,8.980,OFF,#2,HOLDING,0.000A/OFF
49699,2026-06-04 07:02:07,26.0125,12.00,0.000,0.000,OFF,#2,HOLDING,0.000A/OFF
49700,2026-06-04 07:02:08,26.0125,12.00,0.000,0.000,OFF,#2,HOLDING,0.000A/OFF
49701,2026-06-04 07:02:09,25.8125,12.00,0.000,0.000,OFF,#2,HOLDING,0.000A/OFF
49702,2026-06-04 07:02:10,25.8125,12.00,0.000,0.000,OFF,#2,HOLDING,0.000A/OFF
49703,2026-06-04 07:02:11,25.6375,12.00,0.000,0.000,OFF,#2,HOLDING,0.000A/OFF
49704,2026-06-04 07:02:12,25.6375,12.00,0.000,0.000,OFF,#2,HOLDING,0.000A/OFF
49705,2026-06-04 07:02:13,25.4875,12.00,0.000,0.000,OFF,#2,HOLDING,0.000A/OFF
49706,2026-06-04 07:02:14,25.4875,12.00,0.000,0.000,OFF,#2,HOLDING,0.000A/OFF
49707,2026-06-04 07:02:15,25.3375,12.00,0.000,0.000,OFF,#2,HOLDING,0.000A/OFF
49708,2026-06-04 07:02:16,25.3375,12.00,0.000,0.000,OFF,#2,HOLDING,0.000A/OFF
49709,2026-06-04 07:02:17,25.2125,12.00,0.000,0.000,B,#2,HOLDING,0.191A/B
49710,2026-06-04 07:02:19,25.1125,12.00,0.000,0.000,B,#2,HOLDING,0.218A/B
49711,2026-06-04 07:02:20,24.9875,12.00,0.000,0.340,B,#2,HOLDING,0.285A/B
49712,2026-06-04 07:02:22,24.9875,12.00,0.000,0.340,B,#2,HOLDING,0.304A/B
49713,2026-06-04 07:02:24,24.9000,12.00,0.000,0.340,B,#2,HOLDING,0.351A/B
49714,2026-06-04 07:02:25,24.8250,2.71,0.000,0.340,B,#2,HOLDING,0.405A/B
49715,2026-06-04 07:02:27,24.7125,2.71,0.405,1.340,B,#2,HOLDING,0.480A/B
49716,2026-06-04 07:02:30,24.6625,2.71,0.405,1.340,B,#2,HOLDING,0.555A/B
49717,2026-06-04 07:02:31,24.5875,2.71,0.405,1.340,B,#2,HOLDING,0.615A/B
49718,2026-06-04 07:02:33,24.5125,5.02,0.405,1.340,B,#2,HOLDING,0.681A/B
49719,2026-06-04 07:02:35,24.5000,5.02,0.681,3.908,B,#2,HOLDING,0.745A/B
49720,2026-06-04 07:02:37,24.4500,5.02,0.681,3.908,B,#2,HOLDING,0.830A/B
49721,2026-06-04 07:02:39,24.4250,5.02,0.681,3.908,B,#2,HOLDING,0.887A/B
49722,2026-06-04 07:02:41,24.3750,7.32,0.681,3.908,B,#2,HOLDING,0.965A/B
49723,2026-06-04 07:02:43,24.4000,7.32,0.965,7.845,B,#2,HOLDING,1.028A/B
49724,2026-06-04 07:02:45,24.4000,7.32,0.965,7.845,B,#2,HOLDING,1.115A/B
49725,2026-06-04 07:02:47,24.4375,7.32,0.965,7.845,B,#2,HOLDING,1.163A/B
49726,2026-06-04 07:02:48,24.4375,9.53,0.965,7.845,B,#2,HOLDING,1.235A/B
49727,2026-06-04 07:02:50,24.4750,9.53,1.224,12.621,B,#2,HOLDING,1.297A/B
49728,2026-06-04 07:02:53,24.5250,9.53,1.224,12.621,B,#2,HOLDING,1.379A/B
49729,2026-06-04 07:02:54,24.5750,9.53,1.224,12.621,B,#2,HOLDING,1.000A/B
49730,2026-06-04 07:02:56,24.6250,8.72,1.224,12.621,B,#2,HOLDING,1.422A/B
49731,2026-06-04 07:02:58,24.7000,8.72,1.386,16.751,B,#2,HOLDING,1.474A/B
49732,2026-06-04 07:03:00,24.7750,8.72,1.386,16.751,B,#2,HOLDING,1.543A/B
49733,2026-06-04 07:03:02,24.8875,8.72,1.386,16.751,B,#2,HOLDING,1.575A/B
49734,2026-06-04 07:03:04,24.9875,12.00,1.386,16.751,B,#2,HOLDING,1.616A/B
49735,2026-06-04 07:03:06,25.0750,12.00,1.433,16.980,B,#2,HOLDING,1.000A/B
49736,2026-06-04 07:03:08,25.2000,12.00,1.433,16.980,B,#2,HOLDING,1.651A/B
49737,2026-06-04 07:03:10,25.3500,12.00,1.433,16.980,B,#2,HOLDING,1.620A/B
49738,2026-06-04 07:03:12,25.4500,12.00,1.433,16.980,B,#2,HOLDING,1.500A/B
49739,2026-06-04 07:03:13,25.6125,12.00,1.401,16.596,B,#2,HOLDING,1.000A/B
49740,2026-06-04 07:03:16,25.7625,12.00,1.401,16.596,B,#2,HOLDING,1.650A/B
49741,2026-06-04 07:03:17,25.9250,12.00,1.401,16.596,B,#2,HOLDING,1.000A/B
49742,2026-06-04 07:03:19,26.0750,9.30,1.401,16.596,B,#2,HOLDING,1.500A/B
49743,2026-06-04 07:03:21,26.2250,9.30,1.379,16.344,B,#2,HOLDING,1.654A/B
49744,2026-06-04 07:03:23,26.3750,9.30,1.379,16.344,B,#2,HOLDING,1.657A/B
49745,2026-06-04 07:03:25,26.5500,9.30,1.379,16.344,B,#2,HOLDING,1.643A/B
49746,2026-06-04 07:03:27,26.7000,12.00,1.379,16.344,B,#2,HOLDING,1.628A/B
49747,2026-06-04 07:03:29,26.8625,12.00,1.354,16.068,B,#2,HOLDING,1.602A/B
49748,2026-06-04 07:03:31,27.0125,12.00,1.354,16.068,B,#2,HOLDING,1.500A/B
49749,2026-06-04 07:03:33,27.1750,12.00,1.354,16.068,B,#2,HOLDING,1.500A/B
49750,2026-06-04 07:03:35,27.3250,12.00,1.354,16.068,B,#2,HOLDING,1.521A/B
49751,2026-06-04 07:03:36,27.4875,12.00,1.334,15.852,B,#2,HOLDING,1.464A/B
49752,2026-06-04 07:03:39,27.6875,12.00,1.334,15.852,B,#2,HOLDING,1.390A/B
49753,2026-06-04 07:03:40,27.8625,12.00,1.334,15.852,B,#2,HOLDING,1.326A/B
49754,2026-06-04 07:03:42,28.0125,11.87,1.334,15.852,B,#2,HOLDING,1.255A/B
49755,2026-06-04 07:03:44,28.1750,11.87,1.255,14.583,B,#2,HOLDING,1.000A/B
49756,2026-06-04 07:03:47,28.3750,11.87,1.255,14.583,B,#2,HOLDING,1.000A/B
49757,2026-06-04 07:03:48,28.5375,11.87,1.255,14.583,B,#2,HOLDING,1.157A/B
49758,2026-06-04 07:03:50,28.6875,10.73,1.255,14.583,B,#2,HOLDING,1.063A/B
49759,2026-06-04 07:03:52,28.8625,10.73,1.063,10.906,B,#2,HOLDING,0.956A/B
49760,2026-06-04 07:03:54,29.0375,10.73,1.063,10.906,B,#2,HOLDING,0.822A/B
49761,2026-06-04 07:03:56,29.1750,10.73,1.063,10.906,B,#2,HOLDING,0.721A/B
49762,2026-06-04 07:03:58,29.3500,7.63,1.063,10.906,B,#2,HOLDING,0.636A/B
49763,2026-06-04 07:04:00,29.4875,7.63,0.648,4.490,B,#2,HOLDING,0.511A/B
49764,2026-06-04 07:04:02,29.6875,7.63,0.648,4.490,B,#2,HOLDING,0.339A/B
49765,2026-06-04 07:04:03,29.8250,7.63,0.648,4.490,B,#2,HOLDING,0.220A/B
49766,2026-06-04 07:04:05,29.9500,7.63,0.648,4.490,OFF,#2,HOLDING,0.000A/OFF
49767,2026-06-04 07:04:06,30.1125,3.64,0.648,4.490,OFF,#2,HOLDING,0.000A/OFF
49768,2026-06-04 07:04:07,30.1125,3.64,0.220,4.490,OFF,#2,HOLDING,0.000A/OFF
49769,2026-06-04 07:04:08,30.2625,3.64,0.220,0.000,A,#2,HOLDING,0.177A/A
49770,2026-06-04 07:04:10,30.3625,3.64,0.220,0.000,A,#2,HOLDING,0.313A/A
49771,2026-06-04 07:04:12,30.5125,3.64,0.220,0.000,A,#2,HOLDING,0.457A/A
49772,2026-06-04 07:04:13,30.5125,2.93,0.220,0.000,A,#2,HOLDING,0.582A/A
49773,2026-06-04 07:04:15,30.6375,2.93,0.517,2.450,A,#2,HOLDING,0.749A/A
49774,2026-06-04 07:04:17,30.7375,2.93,0.517,2.450,A,#2,HOLDING,0.960A/A
49775,2026-06-04 07:04:19,30.8500,2.93,0.517,2.450,A,#2,HOLDING,1.117A/A
49776,2026-06-04 07:04:21,30.9250,8.48,0.517,2.450,A,#2,HOLDING,1.000A/A
49777,2026-06-04 07:04:23,30.9375,8.48,1.056,7.870,A,#2,HOLDING,1.289A/A
49778,2026-06-04 07:04:25,30.9375,8.48,1.056,7.870,A,#2,HOLDING,1.504A/A
49779,2026-06-04 07:04:27,30.9750,8.48,1.056,7.870,A,#2,HOLDING,1.655A/A
49780,2026-06-04 07:04:29,31.0000,12.00,1.056,7.870,A,#2,HOLDING,1.500A/A
49781,2026-06-04 07:04:30,31.0000,12.00,1.531,17.550,A,#2,HOLDING,1.500A/A
49782,2026-06-04 07:04:33,30.9625,12.00,1.531,17.550,A,#2,HOLDING,1.500A/A
49783,2026-06-04 07:04:34,30.9625,12.00,1.531,17.550,A,#2,HOLDING,1.500A/A
49784,2026-06-04 07:04:36,30.8875,11.78,1.531,17.550,A,#2,HOLDING,1.819A/A
49785,2026-06-04 07:04:38,30.8000,11.78,1.510,17.964,A,#2,HOLDING,1.978A/A
49786,2026-06-04 07:04:41,30.5750,11.78,1.510,17.964,A,#2,HOLDING,1.500A/A
49787,2026-06-04 07:04:42,30.5750,11.78,1.510,17.964,A,#2,HOLDING,2.000A/A
49788,2026-06-04 07:04:44,30.4500,12.00,1.510,17.964,A,#2,HOLDING,2.162A/A
49789,2026-06-04 07:04:46,30.3250,12.00,1.477,17.544,A,#2,HOLDING,1.500A/A
49790,2026-06-04 07:04:48,30.0125,12.00,1.477,17.544,A,#2,HOLDING,1.500A/A
49791,2026-06-04 07:04:50,30.0125,12.00,1.477,17.544,A,#2,HOLDING,1.000A/A
49792,2026-06-04 07:04:52,29.8125,8.78,1.477,17.544,A,#2,HOLDING,2.273A/A
49793,2026-06-04 07:04:54,29.6375,8.78,1.230,17.292,A,#2,HOLDING,2.390A/A
49794,2026-06-04 07:04:56,29.2625,8.78,1.230,17.292,A,#2,HOLDING,1.500A/A
49795,2026-06-04 07:04:58,29.2625,8.78,1.230,17.292,A,#2,HOLDING,2.473A/A
49796,2026-06-04 07:04:59,29.0875,12.00,1.230,17.292,A,#2,HOLDING,1.000A/A
49797,2026-06-04 07:05:01,28.8875,12.00,1.219,8.990,A,#2,HOLDING,2.000A/A
49798,2026-06-04 07:05:04,28.5125,12.00,1.219,8.990,A,#2,HOLDING,1.000A/A
49799,2026-06-04 07:05:05,28.5125,12.00,1.219,8.990,A,#2,HOLDING,1.500A/A
49800,2026-06-04 07:05:07,28.3125,12.00,1.219,8.990,A,#2,HOLDING,2.000A/A
49801,2026-06-04 07:05:09,28.0750,12.00,1.427,16.980,A,#2,HOLDING,1.500A/A
49802,2026-06-04 07:05:11,27.6625,12.00,1.427,16.980,A,#2,HOLDING,1.000A/A
49803,2026-06-04 07:05:13,27.6625,12.00,1.427,16.980,A,#2,HOLDING,2.493A/A
49804,2026-06-04 07:05:15,27.4375,12.00,1.427,16.980,A,#2,HOLDING,2.526A/A
49805,2026-06-04 07:05:17,27.2250,12.00,1.415,16.848,A,#2,HOLDING,1.000A/A
49806,2026-06-04 07:05:19,26.7625,12.00,1.415,16.848,A,#2,HOLDING,2.000A/A
49807,2026-06-04 07:05:21,26.7625,12.00,1.415,16.848,A,#2,HOLDING,2.000A/A
49808,2026-06-04 07:05:22,26.5625,12.00,1.415,16.848,A,#2,HOLDING,2.000A/A
49809,2026-06-04 07:05:24,26.3125,12.00,1.407,16.764,A,#2,HOLDING,1.500A/A
49810,2026-06-04 07:05:27,25.8750,12.00,1.407,16.764,A,#2,HOLDING,2.000A/A
49811,2026-06-04 07:05:28,25.8750,12.00,1.407,16.764,A,#2,HOLDING,2.502A/A
49812,2026-06-04 07:05:30,25.6250,12.00,1.407,16.764,A,#3,APPROACH,1.000A/A
49813,2026-06-04 07:05:32,25.3875,12.00,1.202,0.000,B,#3,APPROACH,0.143A/B
49814,2026-06-04 07:05:35,24.9500,12.00,1.202,0.000,B,#3,APPROACH,0.300A/B
49815,2026-06-04 07:05:37,24.7250,12.00,1.202,0.000,B,#3,APPROACH,0.374A/B
49816,2026-06-04 07:05:38,24.5125,12.00,1.202,0.000,B,#3,APPROACH,0.482A/B
49817,2026-06-04 07:05:40,24.3375,3.55,1.202,0.000,B,#3,APPROACH,0.592A/B
49818,2026-06-04 07:05:42,24.3375,3.55,0.535,2.717,B,#3,APPROACH,0.713A/B
49819,2026-06-04 07:05:44,24.0750,3.55,0.535,2.717,B,#3,APPROACH,0.901A/B
49820,2026-06-04 07:05:46,23.9625,3.55,0.535,2.717,B,#3,APPROACH,1.027A/B
49821,2026-06-04 07:05:48,23.8875,8.00,0.535,2.717,B,#3,APPROACH,1.181A/B
49822,2026-06-04 07:05:50,23.8875,8.00,1.101,10.971,B,#3,APPROACH,1.318A/B
49823,2026-06-04 07:05:52,23.8125,8.00,1.101,10.971,B,#3,APPROACH,1.509A/B
49824,2026-06-04 07:05:53,23.7625,8.00,1.101,10.971,B,#3,APPROACH,1.639A/B
49825,2026-06-04 07:05:55,23.7875,12.00,1.101,10.971,B,#3,APPROACH,1.788A/B
49826,2026-06-04 07:05:57,23.7875,12.00,1.547,18.204,B,#3,APPROACH,1.934A/B
49827,2026-06-04 07:06:00,23.8625,12.00,1.547,18.204,B,#3,APPROACH,2.000A/B
49828,2026-06-04 07:06:01,23.9250,12.00,1.547,18.204,B,#3,APPROACH,2.110A/B
49829,2026-06-04 07:06:03,24.0250,12.00,1.547,18.204,B,#3,APPROACH,2.000A/B
49830,2026-06-04 07:06:05,24.0250,12.00,1.475,17.460,B,#3,APPROACH,1.000A/B
49831,2026-06-04 07:06:07,24.2000,12.00,1.475,17.460,B,#3,APPROACH,1.500A/B
49832,2026-06-04 07:06:09,24.3250,12.00,1.475,17.460,B,#3,APPROACH,1.500A/B
49833,2026-06-04 07:06:11,24.4500,12.00,1.475,17.460,B,#3,APPROACH,2.000A/B
49834,2026-06-04 07:06:13,24.4500,12.00,1.431,16.956,B,#3,APPROACH,2.000A/B
49835,2026-06-04 07:06:15,24.7625,12.00,1.431,16.956,B,#3,APPROACH,1.500A/B
49836,2026-06-04 07:06:17,24.7625,12.00,1.431,16.956,B,#3,APPROACH,1.500A/B
49837,2026-06-04 07:06:18,25.1250,12.00,1.431,16.956,B,#3,APPROACH,1.500A/B
49838,2026-06-04 07:06:20,25.1250,12.00,1.392,16.500,B,#3,APPROACH,2.154A/B
49839,2026-06-04 07:06:23,25.5000,12.00,1.392,16.500,B,#3,APPROACH,1.000A/B
49840,2026-06-04 07:06:24,25.5000,12.00,1.392,16.500,B,#3,APPROACH,1.000A/B
49841,2026-06-04 07:06:26,25.9000,9.39,1.392,16.500,B,#3,APPROACH,1.000A/B
49842,2026-06-04 07:06:28,25.9000,9.39,1.000,9.480,B,#3,APPROACH,2.223A/B
49843,2026-06-04 07:06:30,26.3125,9.39,1.000,9.480,B,#3,APPROACH,1.000A/B
49844,2026-06-04 07:06:32,26.4625,9.39,1.000,9.480,B,#3,APPROACH,2.000A/B
49845,2026-06-04 07:06:34,26.6375,12.00,1.000,9.480,B,#3,APPROACH,1.000A/B
49846,2026-06-04 07:06:36,26.6375,12.00,1.176,9.510,B,#3,APPROACH,2.263A/B
49847,2026-06-04 07:06:38,27.0125,12.00,1.176,9.510,B,#3,HOLDING,2.232A/B
49848,2026-06-04 07:06:40,27.0125,12.00,1.176,9.510,OFF,#3,HOLDING,0.000A/OFF
49849,2026-06-04 07:06:41,27.1750,12.00,1.176,9.510,OFF,#3,HOLDING,0.000A/OFF
49850,2026-06-04 07:06:42,27.3750,12.00,1.176,9.510,OFF,#3,HOLDING,0.000A/OFF
49851,2026-06-04 07:06:43,27.3750,12.00,0.000,9.510,OFF,#3,HOLDING,0.000A/OFF
49852,2026-06-04 07:06:44,27.5500,12.00,0.000,0.000,OFF,#3,HOLDING,0.000A/OFF
49853,2026-06-04 07:06:45,27.5500,12.00,0.000,0.000,OFF,#3,HOLDING,0.000A/OFF
49854,2026-06-04 07:06:46,27.7250,12.00,0.000,0.000,OFF,#3,HOLDING,0.000A/OFF
49855,2026-06-04 07:06:47,27.7250,12.00,0.000,0.000,OFF,#3,HOLDING,0.000A/OFF
49856,2026-06-04 07:06:48,27.8625,12.00,0.000,0.000,OFF,#3,HOLDING,0.000A/OFF
49857,2026-06-04 07:06:49,27.8625,12.00,0.000,0.000,OFF,#3,HOLDING,0.000A/OFF
49858,2026-06-04 07:06:50,28.0375,12.00,0.000,0.000,OFF,#3,HOLDING,0.000A/OFF
49859,2026-06-04 07:06:51,28.0375,12.00,0.000,0.000,OFF,#3,HOLDING,0.000A/OFF
49860,2026-06-04 07:06:52,28.1750,12.00,0.000,0.000,OFF,#3,HOLDING,0.000A/OFF
49861,2026-06-04 07:06:53,28.1750,12.00,0.000,0.000,OFF,#3,HOLDING,0.000A/OFF
49862,2026-06-04 07:06:54,28.3000,12.00,0.000,0.000,OFF,#3,HOLDING,0.000A/OFF
49863,2026-06-04 07:06:55,28.3000,12.00,0.000,0.000,OFF,#3,HOLDING,0.000A/OFF
49864,2026-06-04 07:06:56,28.4250,12.00,0.000,0.000,OFF,#3,HOLDING,0.000A/OFF
49865,2026-06-04 07:06:57,28.5500,12.00,0.000,0.000,OFF,#3,HOLDING,0.000A/OFF
49866,2026-06-04 07:06:58,28.5500,12.00,0.000,0.000,OFF,#3,HOLDING,0.000A/OFF
49867,2026-06-04 07:06:59,28.6250,12.00,0.000,0.000,OFF,#3,HOLDING,0.000A/OFF
49868,2026-06-04 07:07:00,28.6250,12.00,0.000,0.000,OFF,#3,HOLDING,0.000A/OFF
49869,2026-06-04 07:07:01,28.7000,12.00,0.000,0.000,A,#3,HOLDING,0.101A/A
49870,2026-06-04 07:07:02,28.7000,12.00,0.101,0.032,A,#3,HOLDING,0.117A/A
49871,2026-06-04 07:07:05,28.8375,12.00,0.101,0.032,A,#3,HOLDING,0.228A/A
49872,2026-06-04 07:07:06,28.8375,12.00,0.101,0.032,A,#3,HOLDING,0.248A/A
49873,2026-06-04 07:07:08,28.8875,1.82,0.101,0.032,A,#3,HOLDING,0.296A/A
49874,2026-06-04 07:07:10,28.9375,1.82,0.296,0.698,A,#3,HOLDING,0.335A/A
49875,2026-06-04 07:07:13,29.0250,1.82,0.296,0.698,A,#3,HOLDING,0.405A/A
49876,2026-06-04 07:07:14,29.0250,1.82,0.296,0.698,A,#3,HOLDING,0.439A/A
49877,2026-06-04 07:07:16,29.0625,3.50,0.296,0.698,A,#3,HOLDING,0.487A/A
49878,2026-06-04 07:07:18,29.0625,3.50,0.487,1.952,A,#3,HOLDING,0.527A/A
49879,2026-06-04 07:07:20,29.0375,3.50,0.487,1.952,A,#3,HOLDING,0.582A/A
49880,2026-06-04 07:07:22,29.0375,3.50,0.487,1.952,A,#3,HOLDING,0.618A/A
49881,2026-06-04 07:07:24,29.0000,5.14,0.487,1.952,A,#3,HOLDING,0.657A/A
49882,2026-06-04 07:07:26,29.0000,5.14,0.657,3.685,A,#3,HOLDING,0.703A/A
49883,2026-06-04 07:07:28,28.9375,5.14,0.657,3.685,A,#3,HOLDING,0.749A/A
49884,2026-06-04 07:07:29,28.9375,5.14,0.657,3.685,A,#3,HOLDING,0.790A/A
49885,2026-06-04 07:07:31,28.8000,6.67,0.657,3.685,A,#3,HOLDING,0.807A/A
49886,2026-06-04 07:07:33,28.8000,6.67,0.807,5.608,A,#3,HOLDING,0.849A/A
49887,2026-06-04 07:07:36,28.7000,6.67,0.807,5.608,A,#3,HOLDING,0.834A/A
49888,2026-06-04 07:07:37,28.7000,6.67,0.807,5.608,A,#3,HOLDING,0.876A/A
49889,2026-06-04 07:07:39,28.5125,7.48,0.807,5.608,A,#3,HOLDING,0.885A/A
49890,2026-06-04 07:07:41,28.5125,7.48,0.885,6.823,A,#3,HOLDING,0.919A/A
49891,2026-06-04 07:07:43,28.3875,7.48,0.885,6.823,A,#3,HOLDING,0.937A/A
49892,2026-06-04 07:07:45,28.2750,7.48,0.885,6.823,A,#3,HOLDING,0.959A/A
49893,2026-06-04 07:07:47,28.1750,8.23,0.885,6.823,A,#3,HOLDING,0.963A/A
49894,2026-06-04 07:07:49,28.1750,8.23,0.963,8.127,A,#3,HOLDING,0.986A/A
49895,2026-06-04 07:07:51,27.9000,8.23,0.963,8.127,A,#3,HOLDING,0.984A/A
49896,2026-06-04 07:07:53,27.7625,8.23,0.963,8.127,A,#3,HOLDING,0.977A/A
49897,2026-06-04 07:07:54,27.6125,8.50,0.963,8.127,A,#3,HOLDING,0.956A/A
49898,2026-06-04 07:07:56,27.6125,8.50,0.956,8.135,A,#3,HOLDING,0.969A/A
49899,2026-06-04 07:07:59,27.3000,8.50,0.956,8.135,A,#3,HOLDING,0.936A/A
49900,2026-06-04 07:08:00,27.2000,8.50,0.956,8.135,A,#3,HOLDING,0.920A/A
49901,2026-06-04 07:08:02,27.0000,8.20,0.956,8.135,A,#3,HOLDING,0.871A/A
49902,2026-06-04 07:08:04,27.0000,8.20,0.871,6.950,A,#3,HOLDING,0.864A/A
49903,2026-06-04 07:08:06,26.7000,8.20,0.871,6.950,A,#3,HOLDING,0.745A/A
49904,2026-06-04 07:08:08,26.5625,8.20,0.871,6.950,A,#3,HOLDING,0.702A/A
49905,2026-06-04 07:08:10,26.3625,6.71,0.871,6.950,A,#3,HOLDING,0.618A/A
49906,2026-06-04 07:08:12,26.3625,6.71,0.618,3.806,A,#3,HOLDING,0.589A/A
49907,2026-06-04 07:08:14,26.0500,6.71,0.618,3.806,A,#3,HOLDING,0.480A/A
49908,2026-06-04 07:08:16,25.8875,6.71,0.618,3.806,A,#3,HOLDING,0.412A/A
49909,2026-06-04 07:08:17,25.7375,4.40,0.618,3.806,A,#3,HOLDING,0.312A/A
49910,2026-06-04 07:08:19,25.7375,4.40,0.312,1.126,A,#3,HOLDING,0.260A/A
49911,2026-06-04 07:08:22,25.4000,4.40,0.312,1.126,A,#3,HOLDING,0.120A/A
49912,2026-06-04 07:08:23,25.2625,4.40,0.312,1.126,OFF,#3,HOLDING,0.000A/OFF
49913,2026-06-04 07:08:24,25.2625,4.40,0.312,1.126,OFF,#3,HOLDING,0.000A/OFF
49914,2026-06-04 07:08:25,25.1125,12.00,0.312,1.126,OFF,#3,HOLDING,0.000A/OFF
49915,2026-06-04 07:08:26,25.1125,12.00,0.000,0.000,B,#3,HOLDING,0.121A/B
49916,2026-06-04 07:08:29,24.9625,12.00,0.000,0.000,B,#3,HOLDING,0.269A/B
49917,2026-06-04 07:08:30,24.8375,12.00,0.000,0.000,B,#3,HOLDING,0.357A/B
49918,2026-06-04 07:08:32,24.7125,2.77,0.000,0.000,B,#3,HOLDING,0.461A/B
49919,2026-06-04 07:08:34,24.6125,2.77,0.407,1.724,B,#3,HOLDING,0.582A/B
49920,2026-06-04 07:08:36,24.5000,2.77,0.407,1.724,B,#3,HOLDING,0.743A/B
49921,2026-06-04 07:08:38,24.4250,2.77,0.407,1.724,B,#3,HOLDING,0.853A/B
49922,2026-06-04 07:08:40,24.3375,6.88,0.407,1.724,B,#3,HOLDING,0.986A/B
49923,2026-06-04 07:08:42,24.2875,6.88,0.918,7.966,B,#3,HOLDING,1.000A/B
49924,2026-06-04 07:08:44,24.2375,6.88,0.918,7.966,B,#3,HOLDING,1.000A/B
49925,2026-06-04 07:08:46,24.1875,6.88,0.918,7.966,B,#3,HOLDING,1.000A/B
49926,2026-06-04 07:08:47,24.1875,8.30,0.918,7.966,B,#3,HOLDING,1.000A/B
49927,2026-06-04 07:08:49,24.2125,8.30,1.000,8.480,B,#3,HOLDING,1.114A/B
49928,2026-06-04 07:08:52,24.1875,8.30,1.000,8.480,B,#3,HOLDING,1.285A/B
49929,2026-06-04 07:08:53,24.2375,8.30,1.000,8.480,B,#3,HOLDING,1.000A/B
49930,2026-06-04 07:08:55,24.2625,8.57,1.000,8.480,B,#3,HOLDING,1.395A/B
49931,2026-06-04 07:08:57,24.3125,8.57,1.206,15.944,B,#3,HOLDING,1.517A/B
49932,2026-06-04 07:08:59,24.3875,8.57,1.206,15.944,B,#3,HOLDING,1.000A/B
49933,2026-06-04 07:09:01,24.4625,8.57,1.206,15.944,B,#3,HOLDING,1.671A/B
49934,2026-06-04 07:09:03,24.5375,12.00,1.206,15.944,B,#3,HOLDING,1.000A/B
49935,2026-06-04 07:09:05,24.6375,12.00,1.227,8.890,B,#3,HOLDING,1.782A/B
49936,2026-06-04 07:09:07,24.7625,12.00,1.227,8.890,B,#3,HOLDING,1.920A/B
49937,2026-06-04 07:09:09,24.8875,12.00,1.227,8.890,B,#3,HOLDING,1.978A/B
49938,2026-06-04 07:09:10,24.9875,12.00,1.227,8.890,B,#3,HOLDING,2.079A/B
49939,2026-06-04 07:09:12,25.1375,12.00,1.419,16.800,B,#3,HOLDING,2.164A/B
49940,2026-06-04 07:09:15,25.2625,12.00,1.419,16.800,B,#3,HOLDING,2.284A/B
49941,2026-06-04 07:09:16,25.4375,12.00,1.419,16.800,B,#3,HOLDING,2.340A/B
49942,2026-06-04 07:09:18,25.5500,12.00,1.419,16.800,B,#3,HOLDING,1.000A/B
49943,2026-06-04 07:09:20,25.7500,12.00,1.194,9.290,B,#3,HOLDING,2.402A/B
49944,2026-06-04 07:09:22,25.9000,12.00,1.194,9.290,B,#3,HOLDING,1.500A/B
49945,2026-06-04 07:09:24,26.0750,12.00,1.194,9.290,B,#3,HOLDING,2.000A/B
49946,2026-06-04 07:09:26,26.2125,12.00,1.194,9.290,B,#3,HOLDING,1.000A/B
49947,2026-06-04 07:09:28,26.3875,12.00,1.183,9.410,B,#3,HOLDING,2.000A/B
49948,2026-06-04 07:09:30,26.5500,12.00,1.183,9.410,B,#3,HOLDING,1.000A/B
49949,2026-06-04 07:09:32,26.7000,12.00,1.183,9.410,B,#3,HOLDING,2.000A/B
49950,2026-06-04 07:09:33,26.8875,12.00,1.183,9.410,B,#4,APPROACH,2.396A/B
49951,2026-06-04 07:09:35,27.0625,12.00,1.349,0.000,A,#4,APPROACH,0.374A/A
49952,2026-06-04 07:09:38,27.2375,12.00,1.349,0.000,A,#4,APPROACH,0.456A/A
49953,2026-06-04 07:09:40,27.4125,12.00,1.349,0.000,A,#4,APPROACH,0.548A/A
49954,2026-06-04 07:09:42,27.5500,12.00,1.349,0.000,A,#4,APPROACH,0.637A/A
49955,2026-06-04 07:09:43,27.7250,4.58,1.349,0.000,A,#4,APPROACH,0.739A/A
49956,2026-06-04 07:09:45,27.8625,4.58,0.685,4.116,A,#4,APPROACH,0.869A/A
49957,2026-06-04 07:09:48,28.0125,4.58,0.685,4.116,A,#4,APPROACH,1.064A/A
49958,2026-06-04 07:09:49,28.1375,4.58,0.685,4.116,A,#4,APPROACH,1.208A/A
49959,2026-06-04 07:09:51,28.2375,9.08,0.685,4.116,A,#4,APPROACH,1.393A/A
49960,2026-06-04 07:09:53,28.3250,9.08,1.297,14.932,A,#4,APPROACH,1.593A/A
49961,2026-06-04 07:09:55,28.4250,9.08,1.297,14.932,A,#4,APPROACH,1.879A/A
49962,2026-06-04 07:09:57,28.4375,9.08,1.297,14.932,A,#4,APPROACH,2.074A/A
49963,2026-06-04 07:09:59,28.4625,12.00,1.297,14.932,A,#4,APPROACH,2.320A/A
49964,2026-06-04 07:10:01,28.4500,12.00,1.569,18.552,A,#4,APPROACH,1.000A/A
49965,2026-06-04 07:10:03,28.4500,12.00,1.569,18.552,A,#4,APPROACH,2.500A/A
49966,2026-06-04 07:10:05,28.4000,12.00,1.569,18.552,A,#4,APPROACH,1.000A/A
49967,2026-06-04 07:10:06,28.3750,8.38,1.569,18.552,A,#4,APPROACH,2.000A/A
49968,2026-06-04 07:10:08,28.3125,8.38,1.260,18.060,A,#4,APPROACH,1.000A/A
49969,2026-06-04 07:10:11,28.2375,8.38,1.260,18.060,A,#4,APPROACH,2.000A/A
49970,2026-06-04 07:10:12,28.1500,8.38,1.260,18.060,A,#4,APPROACH,2.500A/A
49971,2026-06-04 07:10:14,28.0500,12.00,1.260,18.060,A,#4,APPROACH,2.000A/A
49972,2026-06-04 07:10:16,27.9500,12.00,1.480,17.580,A,#4,APPROACH,1.500A/A
49973,2026-06-04 07:10:18,27.8500,12.00,1.480,17.580,A,#4,APPROACH,2.533A/A
49974,2026-06-04 07:10:20,27.7375,12.00,1.480,17.580,A,#4,APPROACH,2.000A/A
49975,2026-06-04 07:10:22,27.6125,12.00,1.480,17.580,A,#4,APPROACH,2.770A/A
49976,2026-06-04 07:10:24,27.4500,12.00,1.453,17.256,A,#4,APPROACH,3.000A/A
49977,2026-06-04 07:10:26,27.3000,12.00,1.453,17.256,A,#4,APPROACH,2.000A/A
49978,2026-06-04 07:10:28,27.1375,12.00,1.453,17.256,A,#4,APPROACH,3.000A/A
49979,2026-06-04 07:10:29,26.9875,12.00,1.453,17.256,A,#4,APPROACH,1.000A/A
49980,2026-06-04 07:10:31,26.8250,12.00,1.218,9.000,A,#4,APPROACH,1.500A/A
49981,2026-06-04 07:10:34,26.6250,12.00,1.218,9.000,A,#4,APPROACH,1.500A/A
49982,2026-06-04 07:10:35,26.4500,12.00,1.218,9.000,A,#4,APPROACH,1.500A/A
49983,2026-06-04 07:10:37,26.2500,12.00,1.218,9.000,A,#4,APPROACH,2.000A/A
49984,2026-06-04 07:10:39,26.1250,12.00,1.426,16.980,A,#4,APPROACH,1.500A/A
49985,2026-06-04 07:10:41,25.9250,12.00,1.426,16.980,A,#4,APPROACH,1.500A/A
49986,2026-06-04 07:10:43,25.7500,12.00,1.426,16.980,A,#4,APPROACH,1.500A/A
49987,2026-06-04 07:10:45,25.5250,12.00,1.426,16.980,A,#4,APPROACH,2.500A/A
49988,2026-06-04 07:10:47,25.3500,12.00,1.414,16.848,A,#4,APPROACH,2.500A/A
49989,2026-06-04 07:10:49,25.1250,12.00,1.414,16.848,A,#4,APPROACH,2.500A/A
49990,2026-06-04 07:10:51,24.9375,12.00,1.414,16.848,A,#4,APPROACH,2.500A/A
49991,2026-06-04 07:10:53,24.6875,12.00,1.414,16.848,A,#4,APPROACH,1.000A/A
49992,2026-06-04 07:10:54,24.5000,12.00,1.152,9.190,A,#4,APPROACH,1.000A/A
49993,2026-06-04 07:10:57,24.3000,12.00,1.152,9.190,A,#4,APPROACH,2.000A/A
49994,2026-06-04 07:10:58,24.1250,12.00,1.152,9.190,A,#4,APPROACH,1.000A/A
49995,2026-06-04 07:11:00,23.9000,9.02,1.152,9.190,A,#4,APPROACH,1.500A/A
49996,2026-06-04 07:11:02,23.7000,9.02,1.407,16.824,A,#4,APPROACH,2.500A/A
49997,2026-06-04 07:11:04,23.5000,9.02,1.407,16.824,A,#4,APPROACH,2.827A/A
49998,2026-06-04 07:11:06,23.3375,9.02,1.407,16.824,A,#4,APPROACH,2.000A/A
49999,2026-06-04 07:11:08,23.1875,12.00,1.407,16.824,A,#4,APPROACH,2.000A/A
50000,2026-06-04 07:11:10,23.0125,12.00,1.403,16.716,A,#4,APPROACH,1.500A/A
50001,2026-06-04 07:11:12,22.8125,12.00,1.403,16.716,A,#4,APPROACH,1.500A/A
50002,2026-06-04 07:11:14,22.6375,12.00,1.403,16.716,A,#4,APPROACH,1.000A/A
50003,2026-06-04 07:11:16,22.4625,9.11,1.403,16.716,A,#4,APPROACH,1.500A/A
50004,2026-06-04 07:11:17,22.2625,9.11,1.403,16.704,A,#4,APPROACH,1.500A/A
50005,2026-06-04 07:11:20,22.1125,9.11,1.403,16.704,A,#4,APPROACH,1.000A/A
50006,2026-06-04 07:11:21,21.9500,9.11,1.403,16.704,A,#4,APPROACH,2.824A/A
50007,2026-06-04 07:11:23,21.7750,12.00,1.403,16.704,A,#4,APPROACH,2.885A/A
50008,2026-06-04 07:11:25,21.6375,12.00,1.395,16.632,A,#4,APPROACH,2.000A/A
50009,2026-06-04 07:11:27,21.4875,12.00,1.395,16.632,A,#4,APPROACH,2.500A/A
50010,2026-06-04 07:11:29,21.3000,12.00,1.395,16.632,A,#4,APPROACH,2.000A/A
50011,2026-06-04 07:11:31,21.1500,12.00,1.395,16.632,A,#4,APPROACH,2.916A/A
50012,2026-06-04 07:11:33,20.9875,12.00,1.392,16.608,A,#4,HOLDING,1.000A/A
50013,2026-06-04 07:11:35,20.8375,12.00,1.392,16.608,OFF,#4,HOLDING,0.000A/OFF
50014,2026-06-04 07:11:36,20.7000,12.00,1.392,16.608,OFF,#4,HOLDING,0.000A/OFF
50015,2026-06-04 07:11:37,20.7000,12.00,1.392,16.608,OFF,#4,HOLDING,0.000A/OFF
50016,2026-06-04 07:11:38,20.5500,12.00,1.392,16.608,OFF,#4,HOLDING,0.000A/OFF
50017,2026-06-04 07:11:39,20.5500,12.00,0.000,16.608,OFF,#4,HOLDING,0.000A/OFF
50018,2026-06-04 07:11:40,20.3875,12.00,0.000,16.608,OFF,#4,HOLDING,0.000A/OFF
50019,2026-06-04 07:11:41,20.2375,12.00,0.000,0.000,OFF,#4,HOLDING,0.000A/OFF
50020,2026-06-04 07:11:42,20.2375,12.00,0.000,0.000,OFF,#4,HOLDING,0.000A/OFF
50021,2026-06-04 07:11:43,20.1375,12.00,0.000,0.000,OFF,#4,HOLDING,0.000A/OFF
50022,2026-06-04 07:11:44,20.1375,12.00,0.000,0.000,OFF,#4,HOLDING,0.000A/OFF
50023,2026-06-04 07:11:45,20.0375,12.00,0.000,0.000,OFF,#4,HOLDING,0.000A/OFF
50024,2026-06-04 07:11:46,20.0375,12.00,0.000,0.000,OFF,#4,HOLDING,0.000A/OFF
50025,2026-06-04 07:11:47,19.9625,12.00,0.000,0.000,OFF,#4,HOLDING,0.000A/OFF
50026,2026-06-04 07:11:48,19.9625,12.00,0.000,0.000,A,#4,HOLDING,0.101A/A
50027,2026-06-04 07:11:50,19.8875,12.00,0.000,0.000,A,#4,HOLDING,0.000A/OFF
50028,2026-06-04 07:11:51,19.8750,12.00,0.000,0.000,OFF,#4,HOLDING,0.000A/OFF
50029,2026-06-04 07:11:52,19.8750,12.00,0.000,0.000,OFF,#4,HOLDING,0.000A/OFF
50030,2026-06-04 07:11:53,19.8250,12.00,0.000,0.000,OFF,#4,HOLDING,0.000A/OFF
50031,2026-06-04 07:11:54,19.8250,12.00,0.000,0.000,OFF,#4,HOLDING,0.000A/OFF
50032,2026-06-04 07:11:55,19.8125,12.00,0.000,0.000,OFF,#4,HOLDING,0.000A/OFF
50033,2026-06-04 07:11:56,19.8125,12.00,0.000,0.000,OFF,#4,HOLDING,0.000A/OFF
50034,2026-06-04 07:11:57,19.7625,12.00,0.000,0.000,OFF,#4,HOLDING,0.000A/OFF
50035,2026-06-04 07:11:58,19.7625,12.00,0.000,0.000,OFF,#4,HOLDING,0.000A/OFF
50036,2026-06-04 07:11:59,19.7500,12.00,0.000,0.000,OFF,#4,HOLDING,0.000A/OFF
50037,2026-06-04 07:12:00,19.7500,12.00,0.000,0.000,OFF,#4,HOLDING,0.000A/OFF
50038,2026-06-04 07:12:01,19.7500,12.00,0.000,0.000,OFF,#4,HOLDING,0.000A/OFF
50039,2026-06-04 07:12:02,19.7500,12.00,0.000,0.000,OFF,#4,HOLDING,0.000A/OFF
50040,2026-06-04 07:12:03,19.7500,12.00,0.000,0.000,OFF,#4,HOLDING,0.000A/OFF
50041,2026-06-04 07:12:04,19.7500,12.00,0.000,0.000,OFF,#4,HOLDING,0.000A/OFF
50042,2026-06-04 07:12:05,19.7500,12.00,0.000,0.000,OFF,#4,HOLDING,0.000A/OFF
50043,2026-06-04 07:12:06,19.7500,12.00,0.000,0.000,OFF,#4,HOLDING,0.000A/OFF
50044,2026-06-04 07:12:07,19.7750,12.00,0.000,0.000,OFF,#4,HOLDING,0.000A/OFF
50045,2026-06-04 07:12:08,19.7750,12.00,0.000,0.000,OFF,#4,HOLDING,0.000A/OFF
50046,2026-06-04 07:12:09,19.8000,12.00,0.000,0.000,OFF,#4,HOLDING,0.000A/OFF
50047,2026-06-04 07:12:10,19.8000,12.00,0.000,0.000,OFF,#4,HOLDING,0.000A/OFF
50048,2026-06-04 07:12:11,19.8500,12.00,0.000,0.000,OFF,#4,HOLDING,0.000A/OFF
50049,2026-06-04 07:12:12,19.8750,12.00,0.000,0.000,OFF,#4,HOLDING,0.000A/OFF
50050,2026-06-04 07:12:13,19.8750,12.00,0.000,0.000,OFF,#4,HOLDING,0.000A/OFF
50051,2026-06-04 07:12:14,19.9125,12.00,0.000,0.000,OFF,#4,HOLDING,0.000A/OFF
50052,2026-06-04 07:12:15,19.9125,12.00,0.000,0.000,OFF,#4,HOLDING,0.000A/OFF
50053,2026-06-04 07:12:16,19.9375,12.00,0.000,0.000,OFF,#4,HOLDING,0.000A/OFF
50054,2026-06-04 07:12:17,19.9375,12.00,0.000,0.000,OFF,#4,HOLDING,0.000A/OFF
50055,2026-06-04 07:12:18,20.0125,12.00,0.000,0.000,OFF,#4,HOLDING,0.000A/OFF
50056,2026-06-04 07:12:19,20.0125,12.00,0.000,0.000,OFF,#4,HOLDING,0.000A/OFF
50057,2026-06-04 07:12:20,20.0625,12.00,0.000,0.000,OFF,#4,HOLDING,0.000A/OFF
50058,2026-06-04 07:12:21,20.0625,12.00,0.000,0.000,OFF,#4,HOLDING,0.000A/OFF
50059,2026-06-04 07:12:22,20.1000,12.00,0.000,0.000,OFF,#4,HOLDING,0.000A/OFF
50060,2026-06-04 07:12:23,20.1000,12.00,0.000,0.000,OFF,#4,HOLDING,0.000A/OFF
50061,2026-06-04 07:12:24,20.1500,12.00,0.000,0.000,OFF,#4,HOLDING,0.000A/OFF
50062,2026-06-04 07:12:25,20.1500,12.00,0.000,0.000,OFF,#4,HOLDING,0.000A/OFF
50063,2026-06-04 07:12:26,20.2000,12.00,0.000,0.000,OFF,#4,HOLDING,0.000A/OFF
50064,2026-06-04 07:12:27,20.2000,12.00,0.000,0.000,OFF,#4,HOLDING,0.000A/OFF
50065,2026-06-04 07:12:28,20.2750,12.00,0.000,0.000,OFF,#4,HOLDING,0.000A/OFF
50066,2026-06-04 07:12:29,20.2750,12.00,0.000,0.000,OFF,#4,HOLDING,0.000A/OFF
50067,2026-06-04 07:12:30,20.3125,12.00,0.000,0.000,OFF,#4,HOLDING,0.000A/OFF
50068,2026-06-04 07:12:31,20.3625,12.00,0.000,0.000,OFF,#4,HOLDING,0.000A/OFF
50069,2026-06-04 07:12:32,20.3625,12.00,0.000,0.000,OFF,#4,HOLDING,0.000A/OFF
50070,2026-06-04 07:12:33,20.4125,12.00,0.000,0.000,OFF,#5,APPROACH,0.000A/OFF
50071,2026-06-04 07:12:34,20.4125,12.00,0.000,0.000,B,#5,APPROACH,0.184A/B
50072,2026-06-04 07:12:36,20.4625,12.00,0.000,0.000,B,#5,APPROACH,0.199A/B
50073,2026-06-04 07:12:39,20.5000,12.00,0.000,0.000,B,#5,APPROACH,0.236A/B
50074,2026-06-04 07:12:41,20.5750,6.18,0.236,0.000,B,#5,APPROACH,0.285A/B
50075,2026-06-04 07:12:42,20.6125,6.18,0.236,0.746,B,#5,APPROACH,0.343A/B
50076,2026-06-04 07:12:44,20.7125,6.18,0.236,0.746,B,#5,APPROACH,0.392A/B
50077,2026-06-04 07:12:46,20.7875,6.18,0.236,0.746,B,#5,APPROACH,0.454A/B
50078,2026-06-04 07:12:48,20.8375,4.02,0.236,0.746,B,#5,APPROACH,0.541A/B
50079,2026-06-04 07:12:49,20.9125,4.02,0.495,2.618,B,#5,APPROACH,0.638A/B
50080,2026-06-04 07:12:52,20.9875,4.02,0.495,2.618,B,#5,APPROACH,0.778A/B
50081,2026-06-04 07:12:53,21.0750,4.02,0.495,2.618,B,#5,APPROACH,0.846A/B
50082,2026-06-04 07:12:55,21.1750,7.19,0.495,2.618,B,#5,APPROACH,0.944A/B
50083,2026-06-04 07:12:57,21.2625,7.19,0.893,7.580,B,#5,APPROACH,1.038A/B
50084,2026-06-04 07:12:59,21.3375,7.19,0.893,7.580,B,#5,APPROACH,1.165A/B
50085,2026-06-04 07:13:01,21.4500,7.19,0.893,7.580,B,#5,APPROACH,1.000A/B
50086,2026-06-04 07:13:03,21.5750,8.47,0.893,7.580,B,#5,APPROACH,1.227A/B
50087,2026-06-04 07:13:05,21.6750,8.47,1.152,12.478,B,#5,APPROACH,1.303A/B
50088,2026-06-04 07:13:07,21.7750,8.47,1.152,12.478,B,#5,APPROACH,1.409A/B
50089,2026-06-04 07:13:09,21.9125,8.47,1.152,12.478,B,#5,APPROACH,1.466A/B
50090,2026-06-04 07:13:11,22.0625,11.80,1.152,12.478,B,#5,APPROACH,1.500A/B
50091,2026-06-04 07:13:12,22.2375,11.80,1.465,17.388,B,#5,APPROACH,1.507A/B
50092,2026-06-04 07:13:15,22.3875,11.80,1.465,17.388,B,#5,APPROACH,1.580A/B
50093,2026-06-04 07:13:16,22.4875,11.80,1.465,17.388,B,#5,APPROACH,1.000A/B
50094,2026-06-04 07:13:18,22.6875,8.94,1.465,17.388,B,#5,APPROACH,1.616A/B
50095,2026-06-04 07:13:20,22.8625,8.94,1.427,16.944,B,#5,APPROACH,1.644A/B
50096,2026-06-04 07:13:22,23.0625,8.94,1.427,16.944,B,#5,HOLDING,1.000A/B
50097,2026-06-04 07:13:24,23.2375,8.94,1.427,16.944,OFF,#5,HOLDING,0.000A/OFF
50098,2026-06-04 07:13:25,23.2375,8.94,1.427,16.944,OFF,#5,HOLDING,0.000A/OFF
50099,2026-06-04 07:13:26,23.4375,12.00,1.427,16.944,OFF,#5,HOLDING,0.000A/OFF
50100,2026-06-04 07:13:27,23.4375,12.00,1.396,16.944,OFF,#5,HOLDING,0.000A/OFF
50101,2026-06-04 07:13:28,23.6375,12.00,1.396,0.000,OFF,#5,HOLDING,0.000A/OFF
50102,2026-06-04 07:13:29,23.8375,12.00,1.396,0.000,OFF,#5,HOLDING,0.000A/OFF
50103,2026-06-04 07:13:30,23.8375,12.00,1.396,0.000,OFF,#5,HOLDING,0.000A/OFF
50104,2026-06-04 07:13:31,24.0500,12.00,1.396,0.000,OFF,#5,HOLDING,0.000A/OFF
50105,2026-06-04 07:13:32,24.0500,12.00,1.396,0.000,OFF,#5,HOLDING,0.000A/OFF
50106,2026-06-04 07:13:33,24.2500,12.00,0.000,0.000,OFF,#5,HOLDING,0.000A/OFF
50107,2026-06-04 07:13:34,24.2500,12.00,0.000,0.000,OFF,#5,HOLDING,0.000A/OFF
50108,2026-06-04 07:13:35,24.4250,12.00,0.000,0.000,OFF,#5,HOLDING,0.000A/OFF
50109,2026-06-04 07:13:36,24.4250,12.00,0.000,0.000,OFF,#5,HOLDING,0.000A/OFF
50110,2026-06-04 07:13:37,24.5750,12.00,0.000,0.000,OFF,#5,HOLDING,0.000A/OFF
50111,2026-06-04 07:13:38,24.5750,12.00,0.000,0.000,OFF,#5,HOLDING,0.000A/OFF
50112,2026-06-04 07:13:39,24.7375,12.00,0.000,0.000,OFF,#5,HOLDING,0.000A/OFF
50113,2026-06-04 07:13:40,24.7375,12.00,0.000,0.000,OFF,#5,HOLDING,0.000A/OFF
50114,2026-06-04 07:13:41,24.8625,12.00,0.000,0.000,OFF,#5,HOLDING,0.000A/OFF
50115,2026-06-04 07:13:42,24.8625,12.00,0.000,0.000,OFF,#5,HOLDING,0.000A/OFF
50116,2026-06-04 07:13:43,24.9875,12.00,0.000,0.000,A,#5,HOLDING,0.105A/A
50117,2026-06-04 07:13:45,25.1375,12.00,0.000,0.000,A,#5,HOLDING,0.196A/A
50118,2026-06-04 07:13:47,25.2250,7.07,0.196,0.000,A,#5,HOLDING,0.250A/A
50119,2026-06-04 07:13:48,25.3000,7.07,0.196,0.465,A,#5,HOLDING,0.287A/A
50120,2026-06-04 07:13:50,25.3000,7.07,0.196,0.465,A,#5,HOLDING,0.313A/A
50121,2026-06-04 07:13:52,25.4125,7.07,0.196,0.465,A,#5,HOLDING,0.367A/A
50122,2026-06-04 07:13:54,25.4875,2.89,0.196,0.465,A,#5,HOLDING,0.426A/A
50123,2026-06-04 07:13:55,25.5625,2.89,0.426,1.512,A,#5,HOLDING,0.495A/A
50124,2026-06-04 07:13:58,25.6125,2.89,0.426,1.512,A,#5,HOLDING,0.566A/A
50125,2026-06-04 07:13:59,25.6500,2.89,0.426,1.512,A,#5,HOLDING,0.617A/A
50126,2026-06-04 07:14:01,25.7000,5.00,0.426,1.512,A,#5,HOLDING,0.681A/A
50127,2026-06-04 07:14:03,25.6875,5.00,0.668,3.902,A,#5,HOLDING,0.738A/A
50128,2026-06-04 07:14:05,25.7125,5.00,0.668,3.902,A,#5,HOLDING,0.818A/A
50129,2026-06-04 07:14:07,25.7250,5.00,0.668,3.902,A,#5,HOLDING,0.870A/A
50130,2026-06-04 07:14:09,25.7500,7.23,0.668,3.902,A,#5,HOLDING,0.941A/A
50131,2026-06-04 07:14:11,25.7500,7.23,0.918,7.443,A,#5,HOLDING,1.004A/A
50132,2026-06-04 07:14:13,25.7000,7.23,0.918,7.443,A,#5,HOLDING,1.000A/A
50133,2026-06-04 07:14:15,25.6875,7.23,0.918,7.443,A,#5,HOLDING,1.072A/A
50134,2026-06-04 07:14:17,25.6375,8.87,0.918,7.443,A,#5,HOLDING,1.000A/A
50135,2026-06-04 07:14:19,25.6125,8.87,1.023,8.500,A,#5,HOLDING,1.000A/A
50136,2026-06-04 07:14:21,25.5125,8.87,1.023,8.500,A,#5,HOLDING,1.000A/A
50137,2026-06-04 07:14:22,25.4875,8.87,1.023,8.500,A,#5,HOLDING,1.115A/A
50138,2026-06-04 07:14:24,25.4125,9.35,1.023,8.500,A,#5,HOLDING,1.159A/A
50139,2026-06-04 07:14:26,25.3375,9.35,1.142,11.369,A,#5,HOLDING,1.000A/A
50140,2026-06-04 07:14:29,25.2375,9.35,1.142,11.369,A,#5,HOLDING,1.196A/A
50141,2026-06-04 07:14:30,25.1500,9.35,1.142,11.369,A,#5,HOLDING,1.226A/A
50142,2026-06-04 07:14:32,25.0500,10.20,1.142,11.369,A,#5,HOLDING,1.259A/A
50143,2026-06-04 07:14:34,24.9000,10.20,1.240,13.370,A,#5,HOLDING,1.233A/A
50144,2026-06-04 07:14:36,24.7750,10.20,1.240,13.370,A,#5,HOLDING,1.270A/A
50145,2026-06-04 07:14:38,24.6750,10.20,1.240,13.370,A,#5,HOLDING,1.291A/A
50146,2026-06-04 07:14:40,24.5500,10.79,1.240,13.370,A,#5,HOLDING,1.314A/A
50147,2026-06-04 07:14:42,24.4125,10.79,1.300,14.624,A,#5,HOLDING,1.325A/A
50148,2026-06-04 07:14:44,24.2625,10.79,1.300,14.624,A,#5,HOLDING,1.338A/A
50149,2026-06-04 07:14:46,24.1375,10.79,1.300,14.624,A,#5,HOLDING,1.341A/A
50150,2026-06-04 07:14:47,23.9875,11.25,1.300,14.624,A,#5,HOLDING,1.340A/A
50151,2026-06-04 07:14:49,23.8250,11.25,1.340,15.329,A,#5,HOLDING,1.328A/A
50152,2026-06-04 07:14:52,23.6250,11.25,1.340,15.329,A,#5,HOLDING,1.309A/A
50153,2026-06-04 07:14:53,23.5000,11.25,1.340,15.329,A,#5,HOLDING,1.293A/A
50154,2026-06-04 07:14:55,23.3000,10.98,1.340,15.329,A,#5,HOLDING,1.263A/A
50155,2026-06-04 07:14:57,23.1375,10.98,1.275,13.817,A,#5,HOLDING,1.229A/A
50156,2026-06-04 07:14:59,22.9625,10.98,1.275,13.817,A,#5,HOLDING,1.128A/A
50157,2026-06-04 07:15:01,22.7875,10.98,1.275,13.817,A,#5,HOLDING,1.000A/A
50158,2026-06-04 07:15:03,22.6125,9.05,1.275,13.817,A,#5,HOLDING,1.069A/A
50159,2026-06-04 07:15:05,22.4500,9.05,1.032,10.315,A,#5,HOLDING,1.000A/A
50160,2026-06-04 07:15:07,22.2500,9.05,1.032,10.315,A,#5,HOLDING,0.994A/A
50161,2026-06-04 07:15:09,22.1375,9.05,1.032,10.315,A,#5,HOLDING,0.933A/A
50162,2026-06-04 07:15:10,21.9375,8.59,1.032,10.315,A,#5,HOLDING,0.841A/A
50163,2026-06-04 07:15:12,21.7750,8.59,0.864,6.778,A,#5,HOLDING,0.750A/A
50164,2026-06-04 07:15:15,21.6500,8.59,0.864,6.778,A,#5,HOLDING,0.635A/A
50165,2026-06-04 07:15:16,21.4875,8.59,0.864,6.778,A,#5,HOLDING,0.548A/A
50166,2026-06-04 07:15:18,21.3625,5.69,0.864,6.778,A,#5,HOLDING,0.448A/A
50167,2026-06-04 07:15:20,21.2125,5.69,0.448,2.222,A,#5,HOLDING,0.332A/A
50168,2026-06-04 07:15:22,21.0625,5.69,0.448,2.222,A,#5,HOLDING,0.194A/A
50169,2026-06-04 07:15:24,20.9625,5.69,0.448,2.222,A,#5,HOLDING,0.121A/A
50170,2026-06-04 07:15:26,20.8625,5.69,0.448,2.222,OFF,#5,HOLDING,0.000A/OFF
50171,2026-06-04 07:15:27,20.7375,2.18,0.448,2.222,OFF,#5,HOLDING,0.000A/OFF
50172,2026-06-04 07:15:28,20.7375,2.18,0.121,0.281,B,#5,HOLDING,0.136A/B
50173,2026-06-04 07:15:30,20.6375,2.18,0.121,0.281,B,#5,HOLDING,0.271A/B
50174,2026-06-04 07:15:31,20.5500,2.18,0.121,0.281,B,#5,HOLDING,0.382A/B
50175,2026-06-04 07:15:33,20.4750,2.59,0.121,0.281,B,#5,HOLDING,0.519A/B
50176,2026-06-04 07:15:35,20.4250,2.59,0.448,2.018,B,#5,HOLDING,0.652A/B
50177,2026-06-04 07:15:37,20.3750,2.59,0.448,2.018,B,#5,HOLDING,0.823A/B
50178,2026-06-04 07:15:39,20.3375,2.59,0.448,2.018,B,#5,HOLDING,0.942A/B
50179,2026-06-04 07:15:41,20.3125,7.25,0.448,2.018,B,#5,HOLDING,1.080A/B
50180,2026-06-04 07:15:43,20.3125,7.25,1.008,9.169,B,#5,HOLDING,1.214A/B
50181,2026-06-04 07:15:45,20.3125,7.25,1.008,9.169,B,#5,HOLDING,1.388A/B
50182,2026-06-04 07:15:47,20.3750,7.25,1.008,9.169,B,#5,HOLDING,1.499A/B
50183,2026-06-04 07:15:49,20.4250,11.42,1.008,9.169,B,#5,HOLDING,1.627A/B
50184,2026-06-04 07:15:50,20.4750,11.42,1.529,18.540,B,#5,HOLDING,1.754A/B
50185,2026-06-04 07:15:53,20.5750,11.42,1.529,18.540,B,#5,HOLDING,1.912A/B
50186,2026-06-04 07:15:54,20.7000,11.42,1.529,18.540,B,#5,HOLDING,1.500A/B
50187,2026-06-04 07:15:56,20.8250,11.88,1.529,18.540,B,#5,HOLDING,2.000A/B
50188,2026-06-04 07:15:58,20.9875,11.88,1.498,17.772,B,#5,HOLDING,1.500A/B
50189,2026-06-04 07:16:01,21.1375,11.88,1.498,17.772,B,#5,HOLDING,1.000A/B
50190,2026-06-04 07:16:02,21.3000,11.88,1.498,17.772,B,#5,HOLDING,1.500A/B
50191,2026-06-04 07:16:04,21.5000,12.00,1.498,17.772,B,#5,HOLDING,2.000A/B
50192,2026-06-04 07:16:06,21.6500,12.00,1.450,17.148,B,#5,HOLDING,2.000A/B
50193,2026-06-04 07:16:08,21.8750,12.00,1.450,17.148,B,#5,HOLDING,2.000A/B
50194,2026-06-04 07:16:10,22.0625,12.00,1.450,17.148,B,#5,HOLDING,2.000A/B
50195,2026-06-04 07:16:12,22.2875,12.00,1.450,17.148,B,#5,HOLDING,1.000A/B
50196,2026-06-04 07:16:13,22.4875,12.00,1.204,9.140,B,#5,HOLDING,1.975A/B
50197,2026-06-04 07:16:16,22.6875,12.00,1.204,9.140,B,#5,HOLDING,1.500A/B
50198,2026-06-04 07:16:17,22.9375,12.00,1.204,9.140,B,#5,HOLDING,1.000A/B
50199,2026-06-04 07:16:19,23.1625,9.20,1.204,9.140,B,#5,HOLDING,1.963A/B
50200,2026-06-04 07:16:21,23.3750,9.20,1.392,16.524,B,#5,HOLDING,1.000A/B
50201,2026-06-04 07:16:24,23.6250,9.20,1.392,16.524,B,#5,HOLDING,1.500A/B
50202,2026-06-04 07:16:25,23.8125,9.20,1.392,16.524,B,#5,HOLDING,1.500A/B
50203,2026-06-04 07:16:27,24.0625,12.00,1.392,16.524,B,#5,HOLDING,1.990A/B
50204,2026-06-04 07:16:29,24.2750,12.00,1.371,16.272,B,#5,HOLDING,1.500A/B
50205,2026-06-04 07:16:31,24.5000,12.00,1.371,16.272,B,#5,HOLDING,1.980A/B
50206,2026-06-04 07:16:33,24.7375,12.00,1.371,16.272,OFF,--,DONE,1.952A/B
50207,2026-06-04 07:16:36,24.9625,11.75,1.371,16.272,OFF,--,DONE,--
50208,2026-06-04 07:16:37,25.1875,11.75,0.000,16.272,OFF,--,DONE,--
50209,2026-06-04 07:16:38,25.1875,11.75,0.000,0.000,OFF,--,DONE,--
50210,2026-06-04 07:16:39,25.4375,11.75,0.000,0.000,OFF,--,DONE,--
50211,2026-06-04 07:16:40,25.4375,4.61,0.000,0.000,OFF,--,DONE,--
50212,2026-06-04 07:16:41,25.6125,4.61,0.000,0.000,OFF,--,DONE,--
50213,2026-06-04 07:16:42,25.8125,4.61,0.000,0.000,OFF,--,DONE,--
50214,2026-06-04 07:16:43,25.8125,1.88,0.000,0.000,OFF,--,DONE,--
50215,2026-06-04 07:16:44,25.9875,1.88,0.000,0.000,OFF,--,DONE,--
50216,2026-06-04 07:16:45,25.9875,1.88,0.000,0.000,OFF,--,DONE,--
50217,2026-06-04 07:16:46,26.1875,1.88,0.000,0.000,OFF,--,DONE,--
50218,2026-06-04 07:16:47,26.1875,0.70,0.000,0.000,OFF,--,DONE,--
50219,2026-06-04 07:16:48,26.3625,0.70,0.000,0.000,OFF,--,DONE,--
50220,2026-06-04 07:16:49,26.3625,0.70,0.000,0.000,OFF,--,DONE,--
50221,2026-06-04 07:16:50,26.4875,0.70,0.000,0.000,OFF,--,DONE,--
50222,2026-06-04 07:16:51,26.4875,0.23,0.000,0.000,OFF,--,DONE,--
50223,2026-06-04 07:16:52,26.6000,0.23,0.000,0.000,OFF,--,DONE,--
50224,2026-06-04 07:16:53,26.6000,0.23,0.000,0.000,OFF,--,DONE,--
50225,2026-06-04 07:16:54,26.7000,0.00,0.000,0.000,OFF,--,DONE,--
50226,2026-06-04 07:16:55,26.7000,0.00,0.000,0.000,OFF,--,DONE,--
50227,2026-06-04 07:16:56,26.8250,0.00,0.000,0.000,OFF,--,DONE,--
50228,2026-06-04 07:16:57,26.8250,0.00,0.000,0.000,OFF,--,DONE,--
50229,2026-06-04 07:16:58,26.9500,0.00,0.000,0.000,OFF,--,DONE,--
50230,2026-06-04 07:16:59,26.9500,0.00,0.000,0.000,OFF,--,DONE,--
50231,2026-06-04 07:17:00,27.0375,0.00,0.000,0.000,OFF,--,DONE,--
50232,2026-06-04 07:17:01,27.0375,0.00,0.000,0.000,OFF,--,DONE,--
50233,2026-06-04 07:17:02,27.1125,0.00,0.000,0.000,OFF,--,DONE,--
50234,2026-06-04 07:17:03,27.2000,0.00,0.000,0.000,OFF,--,DONE,--
50235,2026-06-04 07:17:04,27.2000,0.00,0.000,0.000,OFF,--,DONE,--
50236,2026-06-04 07:17:05,27.2750,0.00,0.000,0.000,OFF,--,DONE,--
50237,2026-06-04 07:17:06,27.2750,0.00,0.000,0.000,OFF,--,DONE,--
50238,2026-06-04 07:17:07,27.3125,0.00,0.000,0.000,OFF,--,DONE,--
50239,2026-06-04 07:17:08,27.3125,0.00,0.000,0.000,OFF,--,DONE,--
50240,2026-06-04 07:17:09,27.3625,0.00,0.000,0.000,OFF,--,DONE,--
50241,2026-06-04 07:17:10,27.3625,0.00,0.000,0.000,OFF,--,DONE,--
50242,2026-06-04 07:17:11,27.4375,0.00,0.000,0.000,OFF,--,DONE,--
50243,2026-06-04 07:17:12,27.4375,0.00,0.000,0.000,OFF,--,DONE,--
50244,2026-06-04 07:17:13,27.4375,0.00,0.000,0.000,B,#1,APPROACH,1.788A/B
50245,2026-06-04 07:17:16,27.4875,0.00,0.000,0.000,B,#1,APPROACH,1.000A/B
50246,2026-06-04 07:17:18,27.4875,0.00,0.000,0.000,B,#1,APPROACH,2.000A/B
50247,2026-06-04 07:17:19,27.5000,0.00,0.000,0.000,B,#1,APPROACH,1.500A/B
50248,2026-06-04 07:17:21,27.5000,12.00,0.000,0.000,B,#1,APPROACH,2.000A/B
50249,2026-06-04 07:17:23,27.5375,12.00,1.462,17.340,B,#1,APPROACH,1.000A/B
50250,2026-06-04 07:17:25,27.5625,12.00,1.462,17.340,B,#1,APPROACH,1.500A/B
50251,2026-06-04 07:17:27,27.6000,12.00,1.462,17.340,B,#1,APPROACH,1.000A/B
50252,2026-06-04 07:17:29,27.6750,8.98,1.462,17.340,B,#1,APPROACH,1.500A/B
50253,2026-06-04 07:17:30,27.7625,8.98,1.378,16.872,B,#1,APPROACH,1.000A/B
50254,2026-06-04 07:17:33,27.8625,8.98,1.378,16.872,B,#1,APPROACH,2.000A/B
50255,2026-06-04 07:17:34,27.9500,8.98,1.378,16.872,B,#1,APPROACH,1.500A/B
50256,2026-06-04 07:17:36,28.0500,12.00,1.378,16.872,B,#1,APPROACH,1.500A/B
50257,2026-06-04 07:17:38,28.1375,12.00,1.392,16.512,B,#1,APPROACH,1.500A/B
50258,2026-06-04 07:17:40,28.2625,12.00,1.392,16.512,B,#1,APPROACH,1.000A/B
50259,2026-06-04 07:17:42,28.3625,12.00,1.392,16.512,B,#1,APPROACH,2.500A/B
50260,2026-06-04 07:17:44,28.5125,12.00,1.392,16.512,B,#1,APPROACH,2.000A/B
50261,2026-06-04 07:17:46,28.6000,12.00,1.362,16.176,B,#1,APPROACH,1.000A/B
50262,2026-06-04 07:17:48,28.7000,12.00,1.362,16.176,B,#1,APPROACH,1.000A/B
50263,2026-06-04 07:17:50,28.8625,12.00,1.362,16.176,B,#1,APPROACH,3.000A/B
50264,2026-06-04 07:17:52,28.9875,12.00,1.362,16.176,B,#1,APPROACH,1.000A/B
50265,2026-06-04 07:17:53,29.1125,12.00,1.036,9.550,B,#1,APPROACH,1.500A/B
50266,2026-06-04 07:17:56,29.2375,12.00,1.036,9.550,B,#1,APPROACH,1.000A/B
50267,2026-06-04 07:17:57,29.3625,12.00,1.036,9.550,B,#1,APPROACH,1.000A/B
50268,2026-06-04 07:17:59,29.5125,9.66,1.036,9.550,B,#1,APPROACH,2.500A/B
50269,2026-06-04 07:18:01,29.6625,9.66,1.166,15.828,B,#1,APPROACH,2.000A/B
50270,2026-06-04 07:18:03,29.8125,9.66,1.166,15.828,B,#1,APPROACH,2.500A/B
50271,2026-06-04 07:18:05,29.9250,9.66,1.166,15.828,B,#1,APPROACH,1.000A/B
50272,2026-06-04 07:18:07,30.0750,9.77,1.166,15.828,B,#1,APPROACH,1.285A/B
50273,2026-06-04 07:18:09,30.2250,9.77,1.285,15.214,B,#1,APPROACH,1.000A/B
50274,2026-06-04 07:18:11,30.3500,9.77,1.285,15.214,B,#1,HOLDING,0.653A/B
50275,2026-06-04 07:18:13,30.5000,9.77,1.285,15.214,B,#1,HOLDING,0.142A/B
50276,2026-06-04 07:18:15,30.6250,3.07,1.285,15.214,B,#1,HOLDING,0.144A/B
50277,2026-06-04 07:18:16,30.7875,3.07,0.144,0.437,B,#1,HOLDING,0.173A/B
50278,2026-06-04 07:18:19,30.9375,3.07,0.144,0.437,B,#1,HOLDING,0.203A/B
50279,2026-06-04 07:18:20,31.0750,3.07,0.144,0.437,B,#1,HOLDING,0.125A/B
50280,2026-06-04 07:18:22,31.2000,3.07,0.144,0.437,OFF,#1,HOLDING,0.000A/OFF
50281,2026-06-04 07:18:23,31.2000,2.76,0.144,0.437,OFF,#1,HOLDING,0.000A/OFF
50282,2026-06-04 07:18:24,31.3250,2.76,0.125,0.437,OFF,#1,HOLDING,0.000A/OFF
50283,2026-06-04 07:18:25,31.4000,2.76,0.125,0.615,OFF,#1,HOLDING,0.000A/OFF
50284,2026-06-04 07:18:26,31.4000,2.76,0.125,0.615,OFF,#1,HOLDING,0.000A/OFF
50285,2026-06-04 07:18:27,31.5125,2.76,0.125,0.615,OFF,#1,HOLDING,0.000A/OFF
50286,2026-06-04 07:18:28,31.5125,2.76,0.125,0.615,OFF,#1,HOLDING,0.000A/OFF
50287,2026-06-04 07:18:29,31.5875,12.00,0.125,0.615,A,#1,HOLDING,0.101A/A
50288,2026-06-04 07:18:31,31.5875,12.00,0.101,0.615,A,#1,HOLDING,0.000A/OFF
50289,2026-06-04 07:18:32,31.6375,12.00,0.101,0.002,OFF,#1,HOLDING,0.000A/OFF
50290,2026-06-04 07:18:33,31.6875,12.00,0.101,0.002,OFF,#1,HOLDING,0.000A/OFF
50291,2026-06-04 07:18:34,31.6875,12.00,0.101,0.002,OFF,#1,HOLDING,0.000A/OFF
50292,2026-06-04 07:18:35,31.7500,12.00,0.101,0.002,OFF,#1,HOLDING,0.000A/OFF
50293,2026-06-04 07:18:36,31.7500,12.00,0.101,0.002,OFF,#1,HOLDING,0.000A/OFF
50294,2026-06-04 07:18:37,31.7500,12.00,0.101,0.002,OFF,#1,HOLDING,0.000A/OFF
50295,2026-06-04 07:18:38,31.7500,12.00,0.000,0.002,OFF,#1,HOLDING,0.000A/OFF
50296,2026-06-04 07:18:39,31.7875,12.00,0.000,0.000,OFF,#1,HOLDING,0.000A/OFF
50297,2026-06-04 07:18:40,31.7875,12.00,0.000,0.000,OFF,#1,HOLDING,0.000A/OFF
50298,2026-06-04 07:18:41,31.7875,12.00,0.000,0.000,OFF,#1,HOLDING,0.000A/OFF
50299,2026-06-04 07:18:42,31.7875,12.00,0.000,0.000,OFF,#1,HOLDING,0.000A/OFF
50300,2026-06-04 07:18:43,31.8125,12.00,0.000,0.000,OFF,#1,HOLDING,0.000A/OFF
50301,2026-06-04 07:18:44,31.8125,12.00,0.000,0.000,OFF,#1,HOLDING,0.000A/OFF
50302,2026-06-04 07:18:45,31.8125,12.00,0.000,0.000,OFF,#1,HOLDING,0.000A/OFF
50303,2026-06-04 07:18:46,31.8125,12.00,0.000,0.000,OFF,#1,HOLDING,0.000A/OFF
50304,2026-06-04 07:18:47,31.8125,12.00,0.000,0.000,OFF,#1,HOLDING,0.000A/OFF
50305,2026-06-04 07:18:48,31.8125,12.00,0.000,0.000,OFF,#1,HOLDING,0.000A/OFF
50306,2026-06-04 07:18:49,31.7875,12.00,0.000,0.000,A,#1,HOLDING,0.109A/A
50307,2026-06-04 07:18:51,31.7500,12.00,0.000,0.063,A,#1,HOLDING,0.124A/A
50308,2026-06-04 07:18:53,31.7250,12.00,0.000,0.063,A,#1,HOLDING,0.146A/A
50309,2026-06-04 07:18:55,31.6875,12.00,0.000,0.063,A,#1,HOLDING,0.161A/A
50310,2026-06-04 07:18:57,31.6375,1.00,0.000,0.063,A,#1,HOLDING,0.180A/A
50311,2026-06-04 07:18:59,31.5875,1.00,0.180,0.228,A,#1,HOLDING,0.170A/A
50312,2026-06-04 07:19:01,31.5375,1.00,0.180,0.228,A,#1,HOLDING,0.185A/A
50313,2026-06-04 07:19:03,31.5000,1.00,0.180,0.228,A,#1,HOLDING,0.182A/A
50314,2026-06-04 07:19:04,31.4500,1.33,0.180,0.228,A,#1,HOLDING,0.188A/A
50315,2026-06-04 07:19:06,31.3750,1.33,0.188,0.278,A,#1,HOLDING,0.185A/A
50316,2026-06-04 07:19:09,31.3000,1.33,0.188,0.278,A,#1,HOLDING,0.180A/A
50317,2026-06-04 07:19:10,31.2125,1.33,0.188,0.278,A,#1,HOLDING,0.166A/A
50318,2026-06-04 07:19:12,31.1375,1.37,0.188,0.278,A,#2,APPROACH,0.150A/A
50319,2026-06-04 07:19:14,31.0250,1.37,0.150,0.000,A,#2,APPROACH,0.163A/A
50320,2026-06-04 07:19:17,30.9500,1.37,0.150,0.000,A,#2,APPROACH,0.202A/A
50321,2026-06-04 07:19:19,30.8625,1.37,0.150,0.000,A,#2,APPROACH,0.262A/A
50322,2026-06-04 07:19:20,30.7625,1.37,0.150,0.000,A,#2,APPROACH,0.324A/A
50323,2026-06-04 07:19:22,30.6750,2.92,0.150,0.000,A,#2,APPROACH,0.382A/A
50324,2026-06-04 07:19:24,30.5750,2.92,0.382,1.325,A,#2,APPROACH,0.386A/A
50325,2026-06-04 07:19:26,30.4875,2.92,0.382,1.325,A,#2,APPROACH,0.433A/A
50326,2026-06-04 07:19:28,30.3625,2.92,0.382,1.325,A,#2,APPROACH,0.456A/A
50327,2026-06-04 07:19:30,30.2750,3.95,0.382,1.325,A,#2,APPROACH,0.501A/A
50328,2026-06-04 07:19:31,30.1500,3.95,0.501,2.224,A,#2,APPROACH,0.539A/A
50329,2026-06-04 07:19:34,30.0250,3.95,0.501,2.224,A,#2,APPROACH,0.597A/A
50330,2026-06-04 07:19:35,29.9250,3.95,0.501,2.224,A,#2,APPROACH,0.629A/A
50331,2026-06-04 07:19:37,29.8000,5.46,0.501,2.224,A,#2,APPROACH,0.664A/A
50332,2026-06-04 07:19:39,29.6750,5.46,0.664,3.904,A,#2,HOLDING,0.641A/A
50333,2026-06-04 07:19:41,29.5250,5.46,0.664,3.904,OFF,#2,HOLDING,0.000A/OFF
50334,2026-06-04 07:19:43,29.4250,5.46,0.664,3.904,OFF,#2,HOLDING,0.000A/OFF
50335,2026-06-04 07:19:44,29.4250,5.46,0.664,3.904,OFF,#2,HOLDING,0.000A/OFF
50336,2026-06-04 07:19:45,29.2625,5.46,0.664,3.904,OFF,#2,HOLDING,0.000A/OFF
50337,2026-06-04 07:19:46,29.2625,12.00,0.000,3.904,OFF,#2,HOLDING,0.000A/OFF
50338,2026-06-04 07:19:47,29.0875,12.00,0.000,3.904,OFF,#2,HOLDING,0.000A/OFF
50339,2026-06-04 07:19:48,29.0875,12.00,0.000,0.000,OFF,#2,HOLDING,0.000A/OFF
50340,2026-06-04 07:19:49,28.9625,12.00,0.000,0.000,OFF,#2,HOLDING,0.000A/OFF
50341,2026-06-04 07:19:50,28.8375,12.00,0.000,0.000,OFF,#2,HOLDING,0.000A/OFF
50342,2026-06-04 07:19:51,28.8375,12.00,0.000,0.000,OFF,#2,HOLDING,0.000A/OFF
50343,2026-06-04 07:19:52,28.7125,12.00,0.000,0.000,OFF,#2,HOLDING,0.000A/OFF
50344,2026-06-04 07:19:53,28.7125,12.00,0.000,0.000,OFF,#2,HOLDING,0.000A/OFF
50345,2026-06-04 07:19:54,28.5625,12.00,0.000,0.000,OFF,#2,HOLDING,0.000A/OFF
50346,2026-06-04 07:19:55,28.5625,12.00,0.000,0.000,OFF,#2,HOLDING,0.000A/OFF
50347,2026-06-04 07:19:56,28.4500,12.00,0.000,0.000,OFF,#2,HOLDING,0.000A/OFF
50348,2026-06-04 07:19:57,28.4500,12.00,0.000,0.000,OFF,#2,HOLDING,0.000A/OFF
50349,2026-06-04 07:19:58,28.3250,12.00,0.000,0.000,OFF,#2,HOLDING,0.000A/OFF
50350,2026-06-04 07:19:59,28.3250,12.00,0.000,0.000,OFF,#2,HOLDING,0.000A/OFF
50351,2026-06-04 07:20:00,28.2125,12.00,0.000,0.000,OFF,#2,HOLDING,0.000A/OFF
50352,2026-06-04 07:20:01,28.2125,12.00,0.000,0.000,OFF,#2,HOLDING,0.000A/OFF
50353,2026-06-04 07:20:02,28.0875,12.00,0.000,0.000,OFF,#2,HOLDING,0.000A/OFF
50354,2026-06-04 07:20:03,28.0875,12.00,0.000,0.000,OFF,#2,HOLDING,0.000A/OFF
50355,2026-06-04 07:20:04,27.9625,12.00,0.000,0.000,OFF,#2,HOLDING,0.000A/OFF
50356,2026-06-04 07:20:05,27.9625,12.00,0.000,0.000,OFF,#2,HOLDING,0.000A/OFF
50357,2026-06-04 07:20:06,27.8625,12.00,0.000,0.000,OFF,#2,HOLDING,0.000A/OFF
50358,2026-06-04 07:20:07,27.8625,12.00,0.000,0.000,OFF,#2,HOLDING,0.000A/OFF
50359,2026-06-04 07:20:08,27.7375,12.00,0.000,0.000,OFF,#2,HOLDING,0.000A/OFF
50360,2026-06-04 07:20:09,27.6125,12.00,0.000,0.000,B,#2,HOLDING,0.175A/B
50361,2026-06-04 07:20:11,27.6125,12.00,0.000,0.000,B,#2,HOLDING,0.216A/B
50362,2026-06-04 07:20:12,27.4875,7.44,0.216,0.000,B,#2,HOLDING,0.255A/B
50363,2026-06-04 07:20:14,27.4125,7.44,0.216,0.629,B,#2,HOLDING,0.288A/B
50364,2026-06-04 07:20:16,27.3125,7.44,0.216,0.629,B,#2,HOLDING,0.346A/B
50365,2026-06-04 07:20:17,27.2375,7.44,0.216,0.629,B,#2,HOLDING,0.394A/B
50366,2026-06-04 07:20:19,27.1750,3.59,0.216,0.629,B,#2,HOLDING,0.450A/B
50367,2026-06-04 07:20:21,27.0750,3.59,0.450,1.876,B,#2,HOLDING,0.514A/B
50368,2026-06-04 07:20:23,27.0250,3.59,0.450,1.876,B,#2,HOLDING,0.598A/B
50369,2026-06-04 07:20:25,26.9500,3.59,0.450,1.876,B,#2,HOLDING,0.662A/B
50370,2026-06-04 07:20:27,26.9000,5.85,0.450,1.876,B,#2,HOLDING,0.721A/B
50371,2026-06-04 07:20:29,26.8750,5.85,0.721,4.664,B,#2,HOLDING,0.796A/B
50372,2026-06-04 07:20:31,26.8125,5.85,0.721,4.664,B,#2,HOLDING,0.874A/B
50373,2026-06-04 07:20:33,26.8125,5.85,0.721,4.664,B,#2,HOLDING,0.936A/B
50374,2026-06-04 07:20:35,26.7750,8.07,0.721,4.664,B,#2,HOLDING,1.015A/B
50375,2026-06-04 07:20:36,26.7500,8.07,1.014,8.862,B,#2,HOLDING,1.092A/B
50376,2026-06-04 07:20:39,26.7500,8.07,1.014,8.862,B,#2,HOLDING,1.192A/B
50377,2026-06-04 07:20:40,26.7500,8.07,1.014,8.862,B,#2,HOLDING,1.000A/B
50378,2026-06-04 07:20:42,26.7500,8.75,1.014,8.862,B,#2,HOLDING,1.248A/B
50379,2026-06-04 07:20:44,26.8000,8.75,1.119,13.166,B,#2,HOLDING,1.292A/B
50380,2026-06-04 07:20:46,26.8125,8.75,1.119,13.166,B,#2,HOLDING,1.388A/B
50381,2026-06-04 07:20:48,26.8625,8.75,1.119,13.166,B,#2,HOLDING,1.000A/B
50382,2026-06-04 07:20:50,26.9375,8.98,1.119,13.166,B,#2,HOLDING,1.434A/B
50383,2026-06-04 07:20:52,26.9625,8.98,1.212,17.016,B,#2,HOLDING,1.488A/B
50384,2026-06-04 07:20:54,27.0375,8.98,1.212,17.016,B,#2,HOLDING,1.562A/B
50385,2026-06-04 07:20:56,27.1125,8.98,1.212,17.016,B,#2,HOLDING,1.000A/B
50386,2026-06-04 07:20:58,27.1750,9.17,1.212,17.016,B,#2,HOLDING,1.596A/B
50387,2026-06-04 07:20:59,27.3000,9.17,1.200,16.644,B,#2,HOLDING,1.637A/B
50388,2026-06-04 07:21:02,27.4125,9.17,1.200,16.644,B,#2,HOLDING,1.000A/B
50389,2026-06-04 07:21:03,27.5125,9.17,1.200,16.644,B,#2,HOLDING,1.677A/B
50390,2026-06-04 07:21:05,27.6125,12.00,1.200,16.644,B,#2,HOLDING,1.000A/B
50391,2026-06-04 07:21:07,27.7125,12.00,1.196,9.340,B,#2,HOLDING,1.500A/B
50392,2026-06-04 07:21:09,27.8250,12.00,1.196,9.340,B,#2,HOLDING,1.669A/B
50393,2026-06-04 07:21:11,27.9500,12.00,1.196,9.340,B,#2,HOLDING,1.500A/B
50394,2026-06-04 07:21:13,28.1000,12.00,1.196,9.340,B,#2,HOLDING,1.681A/B
50395,2026-06-04 07:21:15,28.2500,12.00,1.361,16.116,B,#2,HOLDING,1.500A/B
50396,2026-06-04 07:21:17,28.3625,12.00,1.361,16.116,B,#2,HOLDING,1.500A/B
50397,2026-06-04 07:21:19,28.5125,12.00,1.361,16.116,B,#2,HOLDING,1.500A/B
50398,2026-06-04 07:21:21,28.6125,12.00,1.361,16.116,B,#2,HOLDING,1.500A/B
50399,2026-06-04 07:21:22,28.7625,12.00,1.340,15.876,B,#2,HOLDING,1.500A/B
50400,2026-06-04 07:21:25,28.9250,12.00,1.340,15.876,B,#2,HOLDING,1.500A/B
50401,2026-06-04 07:21:26,29.0750,12.00,1.340,15.876,B,#2,HOLDING,1.647A/B
50402,2026-06-04 07:21:28,29.2250,12.00,1.340,15.876,B,#2,HOLDING,1.637A/B
50403,2026-06-04 07:21:30,29.3750,12.00,1.311,15.576,B,#2,HOLDING,1.617A/B
50404,2026-06-04 07:21:33,29.5500,12.00,1.311,15.576,B,#2,HOLDING,1.500A/B
50405,2026-06-04 07:21:34,29.7000,12.00,1.311,15.576,B,#2,HOLDING,1.498A/B
50406,2026-06-04 07:21:36,29.8000,12.00,1.311,15.576,B,#2,HOLDING,1.452A/B
50407,2026-06-04 07:21:38,30.0000,12.00,1.297,15.408,B,#2,HOLDING,1.347A/B
50408,2026-06-04 07:21:40,30.1375,12.00,1.297,15.408,B,#2,HOLDING,1.000A/B
50409,2026-06-04 07:21:42,30.2875,12.00,1.297,15.408,B,#2,HOLDING,1.269A/B
50410,2026-06-04 07:21:44,30.4375,11.74,1.297,15.408,B,#2,HOLDING,1.215A/B
50411,2026-06-04 07:21:45,30.6125,11.74,1.240,14.033,B,#2,HOLDING,1.140A/B
50412,2026-06-04 07:21:48,30.7375,11.74,1.240,14.033,B,#2,HOLDING,1.056A/B
50413,2026-06-04 07:21:49,30.9125,11.74,1.240,14.033,B,#2,HOLDING,0.940A/B
50414,2026-06-04 07:21:51,31.0750,9.50,1.240,14.033,B,#2,HOLDING,0.838A/B
50415,2026-06-04 07:21:53,31.2000,9.50,0.887,7.374,B,#2,HOLDING,0.731A/B
50416,2026-06-04 07:21:56,31.3625,9.50,0.887,7.374,B,#2,HOLDING,0.622A/B
50417,2026-06-04 07:21:57,31.5375,9.50,0.887,7.374,B,#2,HOLDING,0.531A/B
50418,2026-06-04 07:21:59,31.7000,6.29,0.887,7.374,B,#2,HOLDING,0.435A/B
50419,2026-06-04 07:22:01,31.8500,6.29,0.481,2.414,B,#2,HOLDING,0.338A/B
50420,2026-06-04 07:22:03,31.9875,6.29,0.481,2.414,B,#2,HOLDING,0.165A/B
50421,2026-06-04 07:22:05,32.1125,6.29,0.481,2.414,OFF,#2,HOLDING,0.000A/OFF
50422,2026-06-04 07:22:06,32.1125,6.29,0.481,2.414,OFF,#2,HOLDING,0.000A/OFF
50423,2026-06-04 07:22:07,32.2250,12.00,0.663,2.414,A,#2,HOLDING,0.113A/A
50424,2026-06-04 07:22:09,32.3250,12.00,0.663,0.000,A,#2,HOLDING,0.221A/A
50425,2026-06-04 07:22:10,32.4250,12.00,0.663,0.000,A,#2,HOLDING,0.330A/A
50426,2026-06-04 07:22:12,32.5500,12.00,0.663,0.000,A,#2,HOLDING,0.448A/A
50427,2026-06-04 07:22:14,32.6625,2.79,0.663,0.000,A,#2,HOLDING,0.605A/A
50428,2026-06-04 07:22:16,32.7125,2.79,0.524,2.601,A,#2,HOLDING,0.754A/A
50429,2026-06-04 07:22:18,32.7875,2.79,0.524,2.601,A,#2,HOLDING,0.942A/A
50430,2026-06-04 07:22:20,32.8375,2.79,0.524,2.601,A,#2,HOLDING,1.000A/A
50431,2026-06-04 07:22:22,32.8750,7.55,0.524,2.601,A,#2,HOLDING,1.080A/A
50432,2026-06-04 07:22:23,32.8750,7.55,1.080,9.072,A,#2,HOLDING,1.228A/A
50433,2026-06-04 07:22:26,32.8750,7.55,1.080,9.072,A,#2,HOLDING,1.425A/A
50434,2026-06-04 07:22:27,32.8250,7.55,1.080,9.072,A,#2,HOLDING,1.000A/A
50435,2026-06-04 07:22:29,32.7750,7.97,1.080,9.072,A,#2,HOLDING,1.500A/A
50436,2026-06-04 07:22:31,32.7000,7.97,1.474,17.505,A,#2,HOLDING,1.000A/A
50437,2026-06-04 07:22:33,32.5875,7.97,1.474,17.505,A,#2,HOLDING,1.532A/A
50438,2026-06-04 07:22:35,32.4875,7.97,1.474,17.505,A,#2,HOLDING,1.646A/A
50439,2026-06-04 07:22:37,32.3375,12.00,1.474,17.505,A,#2,HOLDING,1.500A/A
50440,2026-06-04 07:22:39,32.1875,12.00,1.500,17.895,A,#2,HOLDING,1.761A/A
50441,2026-06-04 07:22:41,32.0875,12.00,1.500,17.895,A,#2,HOLDING,1.918A/A
50442,2026-06-04 07:22:43,31.9375,12.00,1.500,17.895,A,#2,HOLDING,1.500A/A
50443,2026-06-04 07:22:45,31.7625,11.88,1.500,17.895,A,#2,HOLDING,1.000A/A
50444,2026-06-04 07:22:46,31.6125,11.88,1.022,8.650,A,#2,HOLDING,1.500A/A
50445,2026-06-04 07:22:49,31.4500,11.88,1.022,8.650,A,#2,HOLDING,1.955A/A
50446,2026-06-04 07:22:50,31.2500,11.88,1.022,8.650,A,#2,HOLDING,2.024A/A
50447,2026-06-04 07:22:52,31.0375,12.00,1.022,8.650,A,#2,HOLDING,1.000A/A
50448,2026-06-04 07:22:54,30.8625,12.00,1.039,8.780,A,#2,HOLDING,2.080A/A
50449,2026-06-04 07:22:57,30.6750,12.00,1.039,8.780,A,#2,HOLDING,1.000A/A
50450,2026-06-04 07:22:58,30.5000,12.00,1.039,8.780,A,#2,HOLDING,2.170A/A
50451,2026-06-04 07:23:00,30.2625,12.00,1.039,8.780,A,#2,HOLDING,2.213A/A
50452,2026-06-04 07:23:02,30.0875,12.00,1.450,17.268,A,#2,HOLDING,2.247A/A
50453,2026-06-04 07:23:04,29.8875,12.00,1.450,17.268,A,#2,HOLDING,2.296A/A
50454,2026-06-04 07:23:06,29.7125,12.00,1.450,17.268,A,#2,HOLDING,1.000A/A
50455,2026-06-04 07:23:08,29.4750,8.90,1.450,17.268,A,#2,HOLDING,2.267A/A
50456,2026-06-04 07:23:10,29.2500,8.90,1.435,17.088,A,#3,APPROACH,1.000A/A
50457,2026-06-04 07:23:12,29.0125,8.90,1.435,17.088,A,#3,APPROACH,0.177A/A
50458,2026-06-04 07:23:14,28.7875,8.90,1.435,17.088,A,#3,APPROACH,0.175A/A
50459,2026-06-04 07:23:16,28.5375,8.90,1.435,17.088,A,#3,APPROACH,0.153A/A
50460,2026-06-04 07:23:18,28.3125,7.46,0.153,17.088,A,#3,APPROACH,0.156A/A
50461,2026-06-04 07:23:20,28.0750,7.46,0.153,0.382,A,#3,APPROACH,0.176A/A
50462,2026-06-04 07:23:22,27.8250,7.46,0.153,0.382,A,#3,APPROACH,0.190A/A
50463,2026-06-04 07:23:23,27.6250,7.46,0.153,0.382,A,#3,APPROACH,0.213A/A
50464,2026-06-04 07:23:25,27.4000,2.73,0.153,0.382,A,#3,APPROACH,0.254A/A
50465,2026-06-04 07:23:27,27.2000,2.73,0.254,0.782,A,#3,APPROACH,0.307A/A
50466,2026-06-04 07:23:29,27.0000,2.73,0.254,0.782,A,#3,APPROACH,0.367A/A
50467,2026-06-04 07:23:31,26.8500,2.73,0.254,0.782,A,#3,APPROACH,0.402A/A
50468,2026-06-04 07:23:33,26.6750,4.12,0.254,0.782,A,#3,HOLDING,0.384A/A
50469,2026-06-04 07:23:35,26.4875,4.12,0.384,0.782,OFF,#3,HOLDING,0.000A/OFF
50470,2026-06-04 07:23:36,26.4875,4.12,0.384,1.524,OFF,#3,HOLDING,0.000A/OFF
50471,2026-06-04 07:23:37,26.3625,4.12,0.384,1.524,OFF,#3,HOLDING,0.000A/OFF
50472,2026-06-04 07:23:38,26.3625,4.12,0.384,1.524,OFF,#3,HOLDING,0.000A/OFF
50473,2026-06-04 07:23:39,26.2000,4.12,0.384,1.524,OFF,#3,HOLDING,0.000A/OFF
50474,2026-06-04 07:23:40,26.0500,4.12,0.384,1.524,OFF,#3,HOLDING,0.000A/OFF
50475,2026-06-04 07:23:41,26.0500,12.00,0.384,1.524,OFF,#3,HOLDING,0.000A/OFF
50476,2026-06-04 07:23:42,25.9250,12.00,0.000,1.524,OFF,#3,HOLDING,0.000A/OFF
50477,2026-06-04 07:23:43,25.9250,12.00,0.000,0.000,OFF,#3,HOLDING,0.000A/OFF
50478,2026-06-04 07:23:44,25.7750,12.00,0.000,0.000,OFF,#3,HOLDING,0.000A/OFF
50479,2026-06-04 07:23:45,25.7750,12.00,0.000,0.000,OFF,#3,HOLDING,0.000A/OFF
50480,2026-06-04 07:23:46,25.6375,12.00,0.000,0.000,OFF,#3,HOLDING,0.000A/OFF
50481,2026-06-04 07:23:47,25.6375,12.00,0.000,0.000,OFF,#3,HOLDING,0.000A/OFF
50482,2026-06-04 07:23:48,25.5375,12.00,0.000,0.000,OFF,#3,HOLDING,0.000A/OFF
50483,2026-06-04 07:23:49,25.5375,12.00,0.000,0.000,OFF,#3,HOLDING,0.000A/OFF
50484,2026-06-04 07:23:50,25.4250,12.00,0.000,0.000,OFF,#3,HOLDING,0.000A/OFF
50485,2026-06-04 07:23:51,25.4250,12.00,0.000,0.000,OFF,#3,HOLDING,0.000A/OFF
50486,2026-06-04 07:23:52,25.3000,12.00,0.000,0.000,OFF,#3,HOLDING,0.000A/OFF
50487,2026-06-04 07:23:53,25.3000,12.00,0.000,0.000,OFF,#3,HOLDING,0.000A/OFF
50488,2026-06-04 07:23:54,25.2125,12.00,0.000,0.000,OFF,#3,HOLDING,0.000A/OFF
50489,2026-06-04 07:23:55,25.2125,12.00,0.000,0.000,OFF,#3,HOLDING,0.000A/OFF
50490,2026-06-04 07:23:56,25.1375,12.00,0.000,0.000,OFF,#3,HOLDING,0.000A/OFF
50491,2026-06-04 07:23:57,25.1375,12.00,0.000,0.000,OFF,#3,HOLDING,0.000A/OFF
50492,2026-06-04 07:23:58,25.0875,12.00,0.000,0.000,OFF,#3,HOLDING,0.000A/OFF
50493,2026-06-04 07:23:59,25.0875,12.00,0.000,0.000,OFF,#3,HOLDING,0.000A/OFF
50494,2026-06-04 07:24:00,25.0125,12.00,0.000,0.000,OFF,#3,HOLDING,0.000A/OFF
50495,2026-06-04 07:24:01,25.0125,12.00,0.000,0.000,OFF,#3,HOLDING,0.000A/OFF
50496,2026-06-04 07:24:02,24.9250,12.00,0.000,0.000,OFF,#3,HOLDING,0.000A/OFF
50497,2026-06-04 07:24:03,24.8750,12.00,0.000,0.000,OFF,#3,HOLDING,0.000A/OFF
50498,2026-06-04 07:24:04,24.8750,12.00,0.000,0.000,B,#3,HOLDING,0.101A/B
50499,2026-06-04 07:24:06,24.8000,12.00,0.000,0.000,B,#3,HOLDING,0.131A/B
50500,2026-06-04 07:24:08,24.7500,2.63,0.131,0.000,B,#3,HOLDING,0.163A/B
50501,2026-06-04 07:24:10,24.6875,2.63,0.131,0.259,B,#3,HOLDING,0.264A/B
50502,2026-06-04 07:24:11,24.6375,2.63,0.131,0.259,B,#3,HOLDING,0.301A/B
50503,2026-06-04 07:24:13,24.6250,2.63,0.131,0.259,B,#3,HOLDING,0.322A/B
50504,2026-06-04 07:24:15,24.6000,2.95,0.131,0.259,B,#3,HOLDING,0.358A/B
50505,2026-06-04 07:24:16,24.5625,2.95,0.358,1.199,B,#3,HOLDING,0.398A/B
50506,2026-06-04 07:24:19,24.5625,2.95,0.358,1.199,B,#3,HOLDING,0.451A/B
50507,2026-06-04 07:24:20,24.5625,2.95,0.358,1.199,B,#3,HOLDING,0.487A/B
50508,2026-06-04 07:24:22,24.5375,4.36,0.358,1.199,B,#3,HOLDING,0.531A/B
50509,2026-06-04 07:24:24,24.5500,4.36,0.518,2.564,B,#3,HOLDING,0.570A/B
50510,2026-06-04 07:24:26,24.5500,4.36,0.518,2.564,B,#3,HOLDING,0.626A/B
50511,2026-06-04 07:24:28,24.5375,4.36,0.518,2.564,B,#3,HOLDING,0.667A/B
50512,2026-06-04 07:24:30,24.5625,5.92,0.518,2.564,B,#3,HOLDING,0.713A/B
50513,2026-06-04 07:24:32,24.5625,5.92,0.697,4.570,B,#3,HOLDING,0.760A/B
50514,2026-06-04 07:24:34,24.6125,5.92,0.697,4.570,B,#3,HOLDING,0.803A/B
50515,2026-06-04 07:24:36,24.6250,5.92,0.697,4.570,B,#3,HOLDING,0.843A/B
50516,2026-06-04 07:24:38,24.6750,7.42,0.697,4.570,B,#3,HOLDING,0.880A/B
50517,2026-06-04 07:24:40,24.7250,7.42,0.866,6.872,B,#3,HOLDING,0.870A/B
50518,2026-06-04 07:24:42,24.7750,7.42,0.866,6.872,B,#3,HOLDING,0.900A/B
50519,2026-06-04 07:24:44,24.8500,7.42,0.866,6.872,B,#3,HOLDING,0.909A/B
50520,2026-06-04 07:24:45,24.9250,8.07,0.866,6.872,B,#3,HOLDING,0.937A/B
50521,2026-06-04 07:24:47,24.9750,8.07,0.921,7.852,B,#3,HOLDING,0.955A/B
50522,2026-06-04 07:24:50,25.0500,8.07,0.921,7.852,B,#3,HOLDING,0.986A/B
50523,2026-06-04 07:24:51,25.1250,8.07,0.921,7.852,B,#3,HOLDING,1.000A/B
50524,2026-06-04 07:24:53,25.2000,8.87,0.921,7.852,B,#3,HOLDING,0.999A/B
50525,2026-06-04 07:24:55,25.3000,8.87,0.999,8.961,B,#3,HOLDING,1.009A/B
50526,2026-06-04 07:24:57,25.4000,8.87,0.999,8.961,B,#3,HOLDING,1.024A/B
50527,2026-06-04 07:24:59,25.4875,8.87,0.999,8.961,B,#3,HOLDING,1.028A/B
50528,2026-06-04 07:25:01,25.5875,9.22,0.999,8.961,B,#3,HOLDING,1.032A/B
50529,2026-06-04 07:25:03,25.7000,9.22,1.032,9.638,B,#3,HOLDING,1.029A/B
50530,2026-06-04 07:25:05,25.8000,9.22,1.032,9.638,B,#4,APPROACH,1.026A/B
50531,2026-06-04 07:25:07,25.8875,9.22,1.032,9.638,OFF,#4,APPROACH,0.000A/OFF
50532,2026-06-04 07:25:08,25.8875,9.22,1.032,9.638,OFF,#4,APPROACH,0.000A/OFF
50533,2026-06-04 07:25:09,25.9875,12.00,1.032,9.638,A,#4,APPROACH,0.139A/A
50534,2026-06-04 07:25:11,26.0750,12.00,0.139,9.638,A,#4,APPROACH,0.216A/A
50535,2026-06-04 07:25:12,26.1750,12.00,0.139,0.300,A,#4,APPROACH,0.286A/A
50536,2026-06-04 07:25:14,26.3250,12.00,0.139,0.300,A,#4,APPROACH,0.352A/A
50537,2026-06-04 07:25:16,26.3875,12.00,0.139,0.300,A,#4,APPROACH,0.416A/A
50538,2026-06-04 07:25:18,26.4875,3.12,0.139,0.300,A,#4,APPROACH,0.493A/A
50539,2026-06-04 07:25:19,26.5500,3.12,0.464,1.932,A,#4,APPROACH,0.561A/A
50540,2026-06-04 07:25:22,26.6250,3.12,0.464,1.932,A,#4,APPROACH,0.665A/A
50541,2026-06-04 07:25:23,26.6625,3.12,0.464,1.932,A,#4,APPROACH,0.732A/A
50542,2026-06-04 07:25:25,26.6875,5.93,0.464,1.932,A,#4,APPROACH,0.813A/A
50543,2026-06-04 07:25:27,26.6875,5.93,0.779,5.463,A,#4,APPROACH,0.886A/A
50544,2026-06-04 07:25:29,26.6875,5.93,0.779,5.463,A,#4,APPROACH,0.983A/A
50545,2026-06-04 07:25:31,26.6875,5.93,0.779,5.463,A,#4,APPROACH,1.000A/A
50546,2026-06-04 07:25:33,26.6625,8.12,0.779,5.463,A,#4,APPROACH,1.000A/A
50547,2026-06-04 07:25:35,26.6250,8.12,1.000,8.300,A,#4,APPROACH,1.000A/A
50548,2026-06-04 07:25:37,26.5750,8.12,1.000,8.300,A,#4,APPROACH,1.000A/A
50549,2026-06-04 07:25:39,26.5250,8.12,1.000,8.300,A,#4,APPROACH,1.026A/A
50550,2026-06-04 07:25:41,26.4750,8.50,1.000,8.300,A,#4,APPROACH,1.000A/A
50551,2026-06-04 07:25:42,26.4250,8.50,1.000,8.560,A,#4,APPROACH,1.092A/A
50552,2026-06-04 07:25:45,26.3250,8.50,1.000,8.560,A,#4,APPROACH,1.172A/A
50553,2026-06-04 07:25:46,26.2625,8.50,1.000,8.560,A,#4,APPROACH,1.000A/A
50554,2026-06-04 07:25:48,26.1625,8.59,1.000,8.560,A,#4,APPROACH,1.213A/A
50555,2026-06-04 07:25:50,26.0875,8.59,1.160,12.336,A,#4,APPROACH,1.268A/A
50556,2026-06-04 07:25:52,25.9875,8.59,1.160,12.336,A,#4,APPROACH,1.000A/A
50557,2026-06-04 07:25:54,25.9000,8.59,1.160,12.336,A,#4,APPROACH,1.000A/A
50558,2026-06-04 07:25:56,25.7750,8.74,1.160,12.336,A,#4,APPROACH,1.000A/A
50559,2026-06-04 07:25:58,25.6375,8.74,1.000,8.860,A,#4,APPROACH,1.306A/A
50560,2026-06-04 07:26:00,25.5375,8.74,1.000,8.860,A,#4,APPROACH,1.353A/A
50561,2026-06-04 07:26:02,25.4250,8.74,1.000,8.860,A,#4,HOLDING,1.330A/A
50562,2026-06-04 07:26:04,25.2500,8.74,1.000,8.860,OFF,#4,HOLDING,0.000A/OFF
50563,2026-06-04 07:26:05,25.2500,11.03,1.000,8.860,OFF,#4,HOLDING,0.000A/OFF
50564,2026-06-04 07:26:06,25.1125,11.03,0.051,8.860,OFF,#4,HOLDING,0.000A/OFF
50565,2026-06-04 07:26:07,25.1125,11.03,0.051,0.000,OFF,#4,HOLDING,0.000A/OFF
50566,2026-06-04 07:26:08,24.9875,11.03,0.051,0.000,OFF,#4,HOLDING,0.000A/OFF
50567,2026-06-04 07:26:09,24.9875,11.03,0.051,0.000,OFF,#4,HOLDING,0.000A/OFF
50568,2026-06-04 07:26:10,24.8250,11.03,0.051,0.000,OFF,#4,HOLDING,0.000A/OFF
50569,2026-06-04 07:26:11,24.8250,12.00,0.051,0.000,OFF,#4,HOLDING,0.000A/OFF
50570,2026-06-04 07:26:12,24.7000,12.00,0.000,0.000,OFF,#4,HOLDING,0.000A/OFF
50571,2026-06-04 07:26:13,24.7000,12.00,0.000,0.000,OFF,#4,HOLDING,0.000A/OFF
50572,2026-06-04 07:26:14,24.5500,12.00,0.000,0.000,OFF,#4,HOLDING,0.000A/OFF
50573,2026-06-04 07:26:15,24.5500,12.00,0.000,0.000,OFF,#4,HOLDING,0.000A/OFF
50574,2026-06-04 07:26:16,24.4500,12.00,0.000,0.000,OFF,#4,HOLDING,0.000A/OFF
50575,2026-06-04 07:26:17,24.4500,12.00,0.000,0.000,OFF,#4,HOLDING,0.000A/OFF
50576,2026-06-04 07:26:18,24.3625,12.00,0.000,0.000,OFF,#4,HOLDING,0.000A/OFF
50577,2026-06-04 07:26:19,24.2375,12.00,0.000,0.000,OFF,#4,HOLDING,0.000A/OFF
50578,2026-06-04 07:26:20,24.2375,12.00,0.000,0.000,OFF,#4,HOLDING,0.000A/OFF
50579,2026-06-04 07:26:21,24.1750,12.00,0.000,0.000,OFF,#4,HOLDING,0.000A/OFF
50580,2026-06-04 07:26:22,24.1750,12.00,0.000,0.000,OFF,#4,HOLDING,0.000A/OFF
50581,2026-06-04 07:26:23,24.0750,12.00,0.000,0.000,OFF,#4,HOLDING,0.000A/OFF
50582,2026-06-04 07:26:24,24.0750,12.00,0.000,0.000,OFF,#4,HOLDING,0.000A/OFF
50583,2026-06-04 07:26:25,24.0000,12.00,0.000,0.000,OFF,#4,HOLDING,0.000A/OFF
50584,2026-06-04 07:26:26,24.0000,12.00,0.000,0.000,OFF,#4,HOLDING,0.000A/OFF
50585,2026-06-04 07:26:27,23.9500,12.00,0.000,0.000,OFF,#4,HOLDING,0.000A/OFF
50586,2026-06-04 07:26:28,23.9500,12.00,0.000,0.000,OFF,#4,HOLDING,0.000A/OFF
50587,2026-06-04 07:26:29,23.8750,12.00,0.000,0.000,OFF,#4,HOLDING,0.000A/OFF
50588,2026-06-04 07:26:30,23.8750,12.00,0.000,0.000,OFF,#4,HOLDING,0.000A/OFF
50589,2026-06-04 07:26:31,23.8250,12.00,0.000,0.000,OFF,#4,HOLDING,0.000A/OFF
50590,2026-06-04 07:26:32,23.8250,12.00,0.000,0.000,OFF,#4,HOLDING,0.000A/OFF
50591,2026-06-04 07:26:33,23.7750,12.00,0.000,0.000,OFF,#4,HOLDING,0.000A/OFF
50592,2026-06-04 07:26:34,23.7750,12.00,0.000,0.000,OFF,#4,HOLDING,0.000A/OFF
50593,2026-06-04 07:26:35,23.7000,12.00,0.000,0.000,OFF,#4,HOLDING,0.000A/OFF
50594,2026-06-04 07:26:36,23.7000,12.00,0.000,0.000,B,#4,HOLDING,0.105A/B
50595,2026-06-04 07:26:38,23.6875,12.00,0.105,0.000,B,#4,HOLDING,0.132A/B
50596,2026-06-04 07:26:39,23.6375,12.00,0.105,0.137,B,#4,HOLDING,0.155A/B
50597,2026-06-04 07:26:41,23.5625,12.00,0.105,0.137,B,#4,HOLDING,0.194A/B
50598,2026-06-04 07:26:43,23.5625,12.00,0.105,0.137,B,#4,HOLDING,0.222A/B
50599,2026-06-04 07:26:45,23.5500,1.86,0.105,0.137,B,#4,HOLDING,0.254A/B
50600,2026-06-04 07:26:46,23.5250,1.86,0.236,0.553,B,#4,HOLDING,0.284A/B
50601,2026-06-04 07:26:49,23.5000,1.86,0.236,0.553,B,#4,HOLDING,0.384A/B
50602,2026-06-04 07:26:50,23.5000,1.86,0.236,0.553,B,#4,HOLDING,0.415A/B
50603,2026-06-04 07:26:52,23.5000,3.55,0.236,0.553,B,#4,HOLDING,0.449A/B
50604,2026-06-04 07:26:54,23.4750,3.55,0.430,1.751,B,#4,HOLDING,0.489A/B
50605,2026-06-04 07:26:56,23.4375,3.55,0.430,1.751,B,#4,HOLDING,0.544A/B
50606,2026-06-04 07:26:58,23.4875,3.55,0.430,1.751,B,#4,HOLDING,0.568A/B
50607,2026-06-04 07:27:00,23.5000,4.91,0.430,1.751,B,#4,HOLDING,0.601A/B
50608,2026-06-04 07:27:02,23.5000,4.91,0.586,3.179,B,#4,HOLDING,0.635A/B
50609,2026-06-04 07:27:04,23.5375,4.91,0.586,3.179,B,#4,HOLDING,0.634A/B
50610,2026-06-04 07:27:06,23.5625,4.91,0.586,3.179,B,#4,HOLDING,0.662A/B
50611,2026-06-04 07:27:08,23.6000,5.80,0.586,3.179,B,#4,HOLDING,0.692A/B
50612,2026-06-04 07:27:09,23.6250,5.80,0.679,4.255,B,#5,APPROACH,0.725A/B
50613,2026-06-04 07:27:12,23.7000,5.80,0.679,4.255,OFF,#5,HOLDING,0.000A/OFF
50614,2026-06-04 07:27:13,23.7500,5.80,0.679,4.255,OFF,#5,HOLDING,0.000A/OFF
50615,2026-06-04 07:27:14,23.7500,5.80,0.679,4.255,OFF,#5,HOLDING,0.000A/OFF
50616,2026-06-04 07:27:15,23.7875,5.80,0.679,4.255,OFF,#5,HOLDING,0.000A/OFF
50617,2026-06-04 07:27:16,23.7875,5.80,0.679,4.255,OFF,#5,HOLDING,0.000A/OFF
50618,2026-06-04 07:27:17,23.8375,12.00,0.000,4.255,A,#5,HOLDING,0.164A/A
50619,2026-06-04 07:27:19,23.8875,12.00,0.000,0.211,A,#5,HOLDING,0.206A/A
50620,2026-06-04 07:27:20,23.9625,12.00,0.000,0.211,A,#5,HOLDING,0.256A/A
50621,2026-06-04 07:27:22,23.9625,12.00,0.000,0.211,A,#5,HOLDING,0.284A/A
50622,2026-06-04 07:27:24,24.0125,2.36,0.000,0.211,A,#5,HOLDING,0.331A/A
50623,2026-06-04 07:27:26,24.0625,2.36,0.306,0.946,A,#5,HOLDING,0.377A/A
50624,2026-06-04 07:27:28,24.1250,2.36,0.306,0.946,A,#5,HOLDING,0.449A/A
50625,2026-06-04 07:27:30,24.1250,2.36,0.306,0.946,A,#5,HOLDING,0.486A/A
50626,2026-06-04 07:27:32,24.1250,4.16,0.306,0.946,A,#5,HOLDING,0.531A/A
50627,2026-06-04 07:27:33,24.1500,4.16,0.506,2.469,A,#5,HOLDING,0.580A/A
50628,2026-06-04 07:27:36,24.1625,4.16,0.506,2.469,A,#5,HOLDING,0.646A/A
50629,2026-06-04 07:27:37,24.1625,4.16,0.506,2.469,A,#5,HOLDING,0.690A/A
50630,2026-06-04 07:27:39,24.1625,5.95,0.506,2.469,A,#5,HOLDING,0.739A/A
50631,2026-06-04 07:27:41,24.1375,5.95,0.712,4.781,A,#5,HOLDING,0.783A/A
50632,2026-06-04 07:27:43,24.0750,5.95,0.712,4.781,A,#5,HOLDING,0.836A/A
50633,2026-06-04 07:27:45,24.0750,5.95,0.712,4.781,A,#5,HOLDING,0.877A/A
50634,2026-06-04 07:27:47,24.0625,7.50,0.712,4.781,A,#5,HOLDING,0.925A/A
50635,2026-06-04 07:27:49,24.0375,7.50,0.925,7.400,A,#5,HOLDING,0.971A/A
50636,2026-06-04 07:27:51,23.9500,7.50,0.925,7.400,A,#5,HOLDING,1.015A/A
50637,2026-06-04 07:27:53,23.9500,7.50,0.925,7.400,A,#5,HOLDING,1.054A/A
50638,2026-06-04 07:27:55,23.8750,8.90,0.925,7.400,A,#5,HOLDING,1.084A/A
50639,2026-06-04 07:27:56,23.8250,8.90,1.084,10.059,A,#5,HOLDING,1.000A/A
50640,2026-06-04 07:27:59,23.6375,8.90,1.084,10.059,A,#5,HOLDING,1.000A/A
50641,2026-06-04 07:28:00,23.6375,8.90,1.084,10.059,A,#5,HOLDING,1.064A/A
50642,2026-06-04 07:28:02,23.5500,9.13,1.084,10.059,A,#5,HOLDING,1.088A/A
50643,2026-06-04 07:28:04,23.4500,9.13,1.088,10.281,A,#5,HOLDING,1.000A/A
50644,2026-06-04 07:28:07,23.2625,9.13,1.088,10.281,A,#5,HOLDING,1.104A/A
50645,2026-06-04 07:28:08,23.2625,9.13,1.088,10.281,A,#5,HOLDING,1.126A/A
50646,2026-06-04 07:28:10,23.1500,9.66,1.088,10.281,A,#5,HOLDING,1.139A/A
50647,2026-06-04 07:28:12,23.0500,9.66,1.139,11.276,A,#5,HOLDING,1.152A/A
50648,2026-06-04 07:28:14,22.8000,9.66,1.139,11.276,A,#5,HOLDING,1.135A/A
50649,2026-06-04 07:28:16,22.8000,9.66,1.139,11.276,A,#5,HOLDING,1.000A/A
50650,2026-06-04 07:28:18,22.7000,8.88,1.139,11.276,A,#5,HOLDING,1.145A/A
50651,2026-06-04 07:28:20,22.5250,8.88,1.145,11.495,A,#5,HOLDING,1.136A/A
50652,2026-06-04 07:28:22,22.2500,8.88,1.145,11.495,A,#5,HOLDING,1.089A/A
50653,2026-06-04 07:28:24,22.2500,8.88,1.145,11.495,A,#5,HOLDING,1.081A/A
50654,2026-06-04 07:28:25,22.1125,9.52,1.145,11.495,A,#5,HOLDING,1.059A/A
50655,2026-06-04 07:28:27,21.9875,9.52,1.059,10.049,A,#5,HOLDING,1.000A/A
50656,2026-06-04 07:28:30,21.6875,9.52,1.059,10.049,A,#5,HOLDING,0.958A/A
50657,2026-06-04 07:28:31,21.6875,9.52,1.059,10.049,A,#5,HOLDING,0.935A/A
50658,2026-06-04 07:28:33,21.5750,8.55,1.059,10.049,A,#5,HOLDING,0.885A/A
50659,2026-06-04 07:28:35,21.4250,8.55,0.885,7.345,A,#5,HOLDING,0.835A/A
50660,2026-06-04 07:28:37,21.3250,8.55,0.885,7.345,A,#5,HOLDING,0.752A/A
50661,2026-06-04 07:28:39,21.1750,8.55,0.885,7.345,A,#5,HOLDING,0.686A/A
50662,2026-06-04 07:28:41,21.0750,6.77,0.885,7.345,A,#5,HOLDING,0.621A/A
50663,2026-06-04 07:28:43,20.9250,6.77,0.621,3.955,A,#5,HOLDING,0.536A/A
50664,2026-06-04 07:28:45,20.8250,6.77,0.621,3.955,A,#5,HOLDING,0.448A/A
50665,2026-06-04 07:28:47,20.6750,6.77,0.621,3.955,A,#5,HOLDING,0.364A/A
50666,2026-06-04 07:28:48,20.5750,4.18,0.621,3.955,A,#5,HOLDING,0.281A/A
50667,2026-06-04 07:28:50,20.4750,4.18,0.281,0.986,A,#5,HOLDING,0.188A/A
50668,2026-06-04 07:28:53,20.3750,4.18,0.281,0.986,OFF,#5,HOLDING,0.000A/OFF
50669,2026-06-04 07:28:54,20.3000,4.18,0.281,0.986,OFF,#5,HOLDING,0.000A/OFF
50670,2026-06-04 07:28:55,20.3000,4.18,0.281,0.986,OFF,#5,HOLDING,0.000A/OFF
50671,2026-06-04 07:28:56,20.2375,4.18,0.281,0.986,OFF,#5,HOLDING,0.000A/OFF
50672,2026-06-04 07:28:57,20.1375,12.00,0.000,0.986,B,#5,HOLDING,0.143A/B
50673,2026-06-04 07:28:58,20.1375,12.00,0.000,0.090,B,#5,HOLDING,0.225A/B
50674,2026-06-04 07:29:00,20.0625,12.00,0.000,0.090,B,#5,HOLDING,0.313A/B
50675,2026-06-04 07:29:01,20.0375,12.00,0.000,0.090,B,#5,HOLDING,0.386A/B
50676,2026-06-04 07:29:03,20.0000,2.77,0.000,0.090,B,#5,HOLDING,0.497A/B
50677,2026-06-04 07:29:05,19.9500,2.77,0.465,1.903,B,#5,HOLDING,0.601A/B
50678,2026-06-04 07:29:08,19.9375,2.77,0.465,1.903,B,#5,HOLDING,0.735A/B
50679,2026-06-04 07:29:09,19.9375,2.77,0.465,1.903,B,#5,HOLDING,0.823A/B
50680,2026-06-04 07:29:11,19.9750,6.42,0.465,1.903,B,#5,HOLDING,0.916A/B
50681,2026-06-04 07:29:13,20.0000,6.42,0.904,6.815,B,#5,HOLDING,1.014A/B
50682,2026-06-04 07:29:15,20.0000,6.42,0.904,6.815,B,#5,HOLDING,1.147A/B
50683,2026-06-04 07:29:17,20.0500,6.42,0.904,6.815,B,#5,HOLDING,1.232A/B
50684,2026-06-04 07:29:19,20.1125,9.69,0.904,6.815,B,#5,HOLDING,1.323A/B
50685,2026-06-04 07:29:20,20.2125,9.69,1.323,13.957,B,#5,HOLDING,1.403A/B
50686,2026-06-04 07:29:23,20.2875,9.69,1.323,13.957,B,#5,HOLDING,1.520A/B
50687,2026-06-04 07:29:24,20.3875,9.69,1.323,13.957,B,#5,HOLDING,1.500A/B
50688,2026-06-04 07:29:26,20.5125,11.76,1.323,13.957,B,#5,HOLDING,1.578A/B
50689,2026-06-04 07:29:28,20.6625,11.76,1.512,17.964,B,#5,HOLDING,1.640A/B
50690,2026-06-04 07:29:31,20.8000,11.76,1.512,17.964,B,#5,HOLDING,1.000A/B
50691,2026-06-04 07:29:32,20.9500,11.76,1.512,17.964,B,#5,HOLDING,1.000A/B
50692,2026-06-04 07:29:34,21.1125,8.82,1.512,17.964,B,#5,HOLDING,1.500A/B
50693,2026-06-04 07:29:36,21.3125,8.82,1.463,17.376,B,#5,HOLDING,1.691A/B
50694,2026-06-04 07:29:38,21.4875,8.82,1.463,17.376,B,#5,HOLDING,1.748A/B
50695,2026-06-04 07:29:40,21.6875,8.82,1.463,17.376,B,#5,HOLDING,1.770A/B
50696,2026-06-04 07:29:42,21.8625,12.00,1.463,17.376,B,#5,HOLDING,1.000A/B
50697,2026-06-04 07:29:44,22.0875,12.00,1.028,9.150,B,#5,HOLDING,1.742A/B
50698,2026-06-04 07:29:46,22.2750,12.00,1.028,9.150,B,#5,HOLDING,1.775A/B
50699,2026-06-04 07:29:48,22.5000,12.00,1.028,9.150,B,#5,HOLDING,1.000A/B
50700,2026-06-04 07:29:49,22.7125,9.17,1.028,9.150,B,#5,HOLDING,1.779A/B
50701,2026-06-04 07:29:51,22.9375,9.17,1.402,16.656,B,#5,HOLDING,1.500A/B
50702,2026-06-04 07:29:54,23.1500,9.17,1.402,16.656,B,#5,HOLDING,1.773A/B
50703,2026-06-04 07:29:55,23.3750,9.17,1.402,16.656,B,#5,HOLDING,1.749A/B
50704,2026-06-04 07:29:57,23.5875,12.00,1.402,16.656,B,#5,HOLDING,1.720A/B
50705,2026-06-04 07:29:59,23.8125,12.00,1.372,16.284,B,#5,HOLDING,1.000A/B
50706,2026-06-04 07:30:01,24.0250,12.00,1.372,16.284,B,#5,HOLDING,1.500A/B
50707,2026-06-04 07:30:03,24.2500,12.00,1.372,16.284,B,#5,HOLDING,1.604A/B
50708,2026-06-04 07:30:05,24.5000,12.00,1.372,16.284,B,#5,HOLDING,1.000A/B
50709,2026-06-04 07:30:07,24.7500,12.00,1.034,9.510,B,#5,HOLDING,1.503A/B
50710,2026-06-04 07:30:09,24.9375,12.00,1.034,9.510,B,#5,HOLDING,1.402A/B
50711,2026-06-04 07:30:11,25.1625,12.00,1.034,9.510,B,#5,HOLDING,1.314A/B
50712,2026-06-04 07:30:12,25.3750,11.67,1.034,9.510,B,#5,HOLDING,1.210A/B
50713,2026-06-04 07:30:14,25.6250,11.67,1.210,13.491,B,#5,HOLDING,1.079A/B
50714,2026-06-04 07:30:17,25.8000,11.67,1.210,13.491,B,#5,HOLDING,0.941A/B
50715,2026-06-04 07:30:18,26.0500,11.67,1.210,13.491,B,#5,HOLDING,0.868A/B
50716,2026-06-04 07:30:20,26.2375,8.57,1.210,13.491,B,#5,HOLDING,0.735A/B
50717,2026-06-04 07:30:22,26.4875,8.57,0.751,5.659,B,#5,HOLDING,0.581A/B
50718,2026-06-04 07:30:24,26.6875,8.57,0.751,5.659,B,#5,HOLDING,0.391A/B
50719,2026-06-04 07:30:26,26.8875,8.57,0.751,5.659,B,#5,HOLDING,0.248A/B
50720,2026-06-04 07:30:28,27.0875,8.57,0.751,5.659,OFF,#5,HOLDING,0.000A/OFF
50721,2026-06-04 07:30:29,27.0875,3.69,0.751,5.659,OFF,#5,HOLDING,0.000A/OFF
50722,2026-06-04 07:30:30,27.3125,3.69,0.248,1.135,A,#5,HOLDING,0.111A/A
50723,2026-06-04 07:30:32,27.4875,3.69,0.248,1.135,A,#5,HOLDING,0.299A/A
50724,2026-06-04 07:30:33,27.6875,3.69,0.248,1.135,A,#5,HOLDING,0.477A/A
50725,2026-06-04 07:30:35,27.8625,3.10,0.248,1.135,A,#5,HOLDING,0.669A/A
50726,2026-06-04 07:30:37,27.9875,3.10,0.669,3.311,A,#5,HOLDING,0.872A/A
50727,2026-06-04 07:30:40,28.1375,3.10,0.669,3.311,A,#5,HOLDING,1.127A/A
50728,2026-06-04 07:30:41,28.2625,3.10,0.669,3.311,A,#5,HOLDING,1.311A/A
50729,2026-06-04 07:30:43,28.3625,9.79,0.669,3.311,A,#5,HOLDING,1.513A/A
50730,2026-06-04 07:30:45,28.4375,9.79,1.513,17.338,A,#5,HOLDING,1.000A/A
50731,2026-06-04 07:30:47,28.5125,9.79,1.513,17.338,A,#5,HOLDING,1.721A/A
50732,2026-06-04 07:30:49,28.5625,9.79,1.513,17.338,A,#5,HOLDING,1.908A/A
50733,2026-06-04 07:30:51,28.5625,12.00,1.513,17.338,A,#5,HOLDING,2.123A/A
50734,2026-06-04 07:30:53,28.5875,12.00,1.565,18.552,A,#5,HOLDING,1.500A/A
50735,2026-06-04 07:30:55,28.5625,12.00,1.565,18.552,A,#5,HOLDING,1.500A/A
50736,2026-06-04 07:30:56,28.5625,12.00,1.565,18.552,A,#5,HOLDING,1.000A/A
50737,2026-06-04 07:30:58,28.5000,8.39,1.565,18.552,A,#5,HOLDING,2.000A/A
50738,2026-06-04 07:31:00,28.4500,8.39,1.257,17.988,A,#5,HOLDING,1.000A/A
50739,2026-06-04 07:31:03,28.4000,8.39,1.257,17.988,A,#5,HOLDING,2.000A/A
50740,2026-06-04 07:31:04,28.3250,8.39,1.257,17.988,A,#5,HOLDING,2.324A/A
50741,2026-06-04 07:31:06,28.2125,12.00,1.257,17.988,A,#5,HOLDING,2.500A/A
50742,2026-06-04 07:31:08,28.1375,12.00,1.482,17.604,A,#5,HOLDING,2.500A/A
50743,2026-06-04 07:31:10,28.0125,12.00,1.482,17.604,A,#5,HOLDING,2.500A/A
50744,2026-06-04 07:31:12,27.9125,12.00,1.482,17.604,A,#5,HOLDING,2.000A/A
50745,2026-06-04 07:31:14,27.7625,12.00,1.482,17.604,A,#5,HOLDING,1.000A/A
50746,2026-06-04 07:31:16,27.6125,12.00,1.000,8.880,A,#5,HOLDING,2.500A/A
50747,2026-06-04 07:31:18,27.4625,12.00,1.000,8.880,A,#5,HOLDING,2.000A/A
50748,2026-06-04 07:31:20,27.3375,12.00,1.000,8.880,A,#5,HOLDING,2.709A/A
50749,2026-06-04 07:31:21,27.1625,12.00,1.000,8.880,A,#5,HOLDING,2.500A/A
50750,2026-06-04 07:31:23,26.9875,12.00,1.440,17.124,A,#5,HOLDING,1.000A/A
50751,2026-06-04 07:31:26,26.8250,12.00,1.440,17.124,A,#5,HOLDING,2.500A/A
50752,2026-06-04 07:31:27,26.6500,12.00,1.440,17.124,A,#5,HOLDING,1.500A/A
50753,2026-06-04 07:31:29,26.5000,12.00,1.440,17.124,A,#5,HOLDING,2.500A/A
50754,2026-06-04 07:31:31,26.2750,12.00,1.427,16.980,A,#5,HOLDING,2.806A/A
50755,2026-06-04 07:31:33,26.1125,12.00,1.427,16.980,A,#5,HOLDING,1.000A/A
50756,2026-06-04 07:31:35,25.9375,12.00,1.427,16.980,A,#5,HOLDING,1.500A/A
50757,2026-06-04 07:31:37,25.7625,12.00,1.427,16.980,A,#5,HOLDING,2.904A/A
50758,2026-06-04 07:31:39,25.5625,12.00,1.414,16.848,A,#5,HOLDING,2.500A/A
50759,2026-06-04 07:31:41,25.3250,12.00,1.414,16.848,A,#5,HOLDING,2.976A/A
50760,2026-06-04 07:31:43,25.1250,12.00,1.414,16.848,A,#5,HOLDING,1.000A/A
50761,2026-06-04 07:31:45,24.9500,9.12,1.414,16.848,A,#5,HOLDING,2.000A/A
50762,2026-06-04 07:31:46,24.7500,9.12,1.408,16.788,A,#5,HOLDING,3.000A/A
50763,2026-06-04 07:31:49,24.5375,9.12,1.408,16.788,A,#5,HOLDING,3.000A/A
50764,2026-06-04 07:31:50,24.3375,9.12,1.408,16.788,A,#5,HOLDING,1.500A/A
50765,2026-06-04 07:31:52,24.1375,12.00,1.408,16.788,A,#5,HOLDING,2.500A/A
50766,2026-06-04 07:31:54,23.9375,12.00,1.400,16.692,A,#5,HOLDING,2.500A/A
50767,2026-06-04 07:31:56,23.7250,12.00,1.400,16.692,A,#5,HOLDING,2.500A/A
50768,2026-06-04 07:31:58,23.5250,12.00,1.400,16.692,A,#5,HOLDING,2.928A/A
50769,2026-06-04 07:32:00,23.3250,12.00,1.400,16.692,A,#5,HOLDING,1.000A/A
50770,2026-06-04 07:32:02,23.1250,12.00,1.024,9.270,A,#5,HOLDING,2.000A/A
50771,2026-06-04 07:32:04,22.9500,12.00,1.024,9.270,OFF,--,DONE,1.000A/A
50772,2026-06-04 07:32:07,22.7500,12.00,1.024,9.270,OFF,--,DONE,--
50773,2026-06-04 07:32:08,22.6000,12.00,1.024,9.270,OFF,--,DONE,--
50774,2026-06-04 07:32:09,22.6000,12.00,0.000,9.270,OFF,--,DONE,--
50775,2026-06-04 07:32:10,22.4250,12.00,0.000,9.270,OFF,--,DONE,--
50776,2026-06-04 07:32:11,22.4250,12.00,0.000,0.000,OFF,--,DONE,--
50777,2026-06-04 07:32:12,22.2375,12.00,0.000,0.000,OFF,--,DONE,--
50778,2026-06-04 07:32:13,22.2375,12.00,0.000,0.000,OFF,--,DONE,--
50779,2026-06-04 07:32:14,22.0625,12.00,0.000,0.000,OFF,--,DONE,--
50780,2026-06-04 07:32:15,22.0625,12.00,0.000,0.000,OFF,--,DONE,--
50781,2026-06-04 07:32:16,21.9625,12.00,0.000,0.000,OFF,--,DONE,--
50782,2026-06-04 07:32:17,21.8375,12.00,0.000,0.000,OFF,--,DONE,--
50783,2026-06-04 07:32:18,21.8375,12.00,0.000,0.000,OFF,--,DONE,--
50784,2026-06-04 07:32:19,21.7375,12.00,0.000,0.000,OFF,--,DONE,--
50785,2026-06-04 07:32:20,21.7375,12.00,0.000,0.000,OFF,--,DONE,--
50786,2026-06-04 07:32:21,21.6625,12.00,0.000,0.000,OFF,--,DONE,--
50787,2026-06-04 07:32:22,21.6625,12.00,0.000,0.000,OFF,--,DONE,--
50788,2026-06-04 07:32:23,21.6250,12.00,0.000,0.000,OFF,--,DONE,--
50789,2026-06-04 07:32:24,21.6250,12.00,0.000,0.000,OFF,--,DONE,--
50790,2026-06-04 07:32:25,21.5750,12.00,0.000,0.000,OFF,--,DONE,--
50791,2026-06-04 07:32:26,21.5750,12.00,0.000,0.000,OFF,--,DONE,--
50792,2026-06-04 07:32:27,21.5125,12.00,0.000,0.000,OFF,--,DONE,--
50793,2026-06-04 07:32:28,21.5125,12.00,0.000,0.000,OFF,--,DONE,--
50794,2026-06-04 07:32:29,21.4625,12.00,0.000,0.000,OFF,--,DONE,--
50795,2026-06-04 07:32:30,21.4625,12.00,0.000,0.000,OFF,--,DONE,--
50796,2026-06-04 07:32:31,21.4375,12.00,0.000,0.000,OFF,--,DONE,--
50797,2026-06-04 07:32:32,21.4375,12.00,0.000,0.000,OFF,--,DONE,--
50798,2026-06-04 07:32:33,21.4125,12.00,0.000,0.000,OFF,--,DONE,--
50799,2026-06-04 07:32:34,21.4125,12.00,0.000,0.000,OFF,--,DONE,--
50800,2026-06-04 07:32:35,21.3750,12.00,0.000,0.000,OFF,--,DONE,--
50801,2026-06-04 07:32:36,21.3750,12.00,0.000,0.000,OFF,--,DONE,--
50802,2026-06-04 07:32:37,21.3750,12.00,0.000,0.000,OFF,--,DONE,--
50803,2026-06-04 07:32:38,21.4375,12.00,0.000,0.000,OFF,--,DONE,--
50804,2026-06-04 07:32:39,21.4375,12.00,0.000,0.000,OFF,--,DONE,--
50805,2026-06-04 07:32:40,21.4125,12.00,0.000,0.000,OFF,--,DONE,--
50806,2026-06-04 07:32:41,21.4125,12.00,0.000,0.000,OFF,--,DONE,--
50807,2026-06-04 07:32:42,21.4125,12.00,0.000,0.000,OFF,--,DONE,--
50808,2026-06-04 07:32:43,21.4125,12.00,0.000,0.000,OFF,--,DONE,--
50809,2026-06-04 07:32:44,21.4375,12.00,0.000,0.000,OFF,--,DONE,--
50810,2026-06-04 07:32:45,21.4375,12.00,0.000,0.000,OFF,--,DONE,--
50811,2026-06-04 07:32:46,21.4375,12.00,0.000,0.000,OFF,--,DONE,--
50812,2026-06-04 07:32:47,21.4375,12.00,0.000,0.000,OFF,--,DONE,--
50813,2026-06-04 07:32:48,21.4625,12.00,0.000,0.000,OFF,--,DONE,--
50814,2026-06-04 07:32:49,21.4625,12.00,0.000,0.000,OFF,--,DONE,--
50815,2026-06-04 07:32:50,21.5000,12.00,0.000,0.000,OFF,--,DONE,--
50816,2026-06-04 07:32:51,21.5000,12.00,0.000,0.000,OFF,--,DONE,--
50817,2026-06-04 07:32:52,21.5000,12.00,0.000,0.000,OFF,--,DONE,--
50818,2026-06-04 07:32:53,21.5000,12.00,0.000,0.000,OFF,--,DONE,--
50819,2026-06-04 07:32:54,21.5000,12.00,0.000,0.000,OFF,--,DONE,--
50820,2026-06-04 07:32:55,21.5500,12.00,0.000,0.000,OFF,--,DONE,--
50821,2026-06-04 07:32:56,21.5500,12.00,0.000,0.000,OFF,--,DONE,--
50822,2026-06-04 07:32:57,21.5625,12.00,0.000,0.000,OFF,--,DONE,--
50823,2026-06-04 07:32:59,21.5625,12.00,0.000,0.000,OFF,--,DONE,--
50824,2026-06-04 07:33:00,21.6125,12.00,0.000,0.000,OFF,--,DONE,--
50825,2026-06-04 07:33:01,21.6125,12.00,0.000,0.000,OFF,--,DONE,--
50826,2026-06-04 07:33:02,21.6375,12.00,0.000,0.000,OFF,--,DONE,--
50827,2026-06-04 07:33:03,21.6375,12.00,0.000,0.000,OFF,--,DONE,--
50828,2026-06-04 07:33:04,21.6875,12.00,0.000,0.000,OFF,--,DONE,--
50829,2026-06-04 07:33:05,21.6875,12.00,0.000,0.000,OFF,--,DONE,--
50830,2026-06-04 07:33:06,21.6875,12.00,0.000,0.000,OFF,--,DONE,--
50831,2026-06-04 07:33:07,21.7375,12.00,0.000,0.000,OFF,--,DONE,--
50832,2026-06-04 07:33:08,21.7375,12.00,0.000,0.000,OFF,--,DONE,--
50833,2026-06-04 07:33:09,21.7500,12.00,0.000,0.000,OFF,--,DONE,--
50834,2026-06-04 07:33:10,21.7500,12.00,0.000,0.000,OFF,--,DONE,--
50835,2026-06-04 07:33:11,21.7500,12.00,0.000,0.000,OFF,--,DONE,--
50836,2026-06-04 07:33:12,21.7500,12.00,0.000,0.000,OFF,--,DONE,--
50837,2026-06-04 07:33:13,21.8125,12.00,0.000,0.000,OFF,--,DONE,--
50838,2026-06-04 07:33:14,21.8125,12.00,0.000,0.000,OFF,--,DONE,--
50839,2026-06-04 07:33:15,21.8625,12.00,0.000,0.000,OFF,--,DONE,--
50840,2026-06-04 07:33:16,21.8625,12.00,0.000,0.000,OFF,--,DONE,--
50841,2026-06-04 07:33:17,21.8750,12.00,0.000,0.000,OFF,--,DONE,--
50842,2026-06-04 07:33:18,21.8750,12.00,0.000,0.000,OFF,--,DONE,--
50843,2026-06-04 07:33:19,21.8750,12.00,0.000,0.000,OFF,--,DONE,--
50844,2026-06-04 07:33:20,21.8750,12.00,0.000,0.000,OFF,--,DONE,--
50845,2026-06-04 07:33:21,21.9375,12.00,0.000,0.000,OFF,--,DONE,--
50846,2026-06-04 07:33:22,21.9375,12.00,0.000,0.000,OFF,--,DONE,--
50847,2026-06-04 07:33:23,21.9375,12.00,0.000,0.000,OFF,--,DONE,--
50848,2026-06-04 07:33:24,22.0000,12.00,0.000,0.000,OFF,--,DONE,--
50849,2026-06-04 07:33:25,22.0000,12.00,0.000,0.000,OFF,--,DONE,--
50850,2026-06-04 07:33:26,22.0250,12.00,0.000,0.000,OFF,--,DONE,--
50851,2026-06-04 07:33:27,22.0250,12.00,0.000,0.000,OFF,--,DONE,--
50852,2026-06-04 07:33:28,22.0625,12.00,0.000,0.000,OFF,--,DONE,--
50853,2026-06-04 07:33:29,22.0625,12.00,0.000,0.000,OFF,--,DONE,--
50854,2026-06-04 07:33:30,22.0625,12.00,0.000,0.000,OFF,--,DONE,--
50855,2026-06-04 07:33:31,22.0625,12.00,0.000,0.000,OFF,--,DONE,--
50856,2026-06-04 07:33:32,22.1000,12.00,0.000,0.000,OFF,--,DONE,--
50857,2026-06-04 07:33:33,22.1000,12.00,0.000,0.000,OFF,--,DONE,--
50858,2026-06-04 07:33:34,22.1250,12.00,0.000,0.000,OFF,--,DONE,--
50859,2026-06-04 07:33:35,22.1250,12.00,0.000,0.000,OFF,--,DONE,--
50860,2026-06-04 07:33:37,22.1250,12.00,0.000,0.000,OFF,--,DONE,--
50861,2026-06-04 07:33:38,22.1500,12.00,0.000,0.000,OFF,--,DONE,--
50862,2026-06-04 07:33:39,22.1500,12.00,0.000,0.000,OFF,--,DONE,--
50863,2026-06-04 07:33:40,22.1875,12.00,0.000,0.000,OFF,--,DONE,--
50864,2026-06-04 07:33:41,22.1875,12.00,0.000,0.000,OFF,--,DONE,--
50865,2026-06-04 07:33:42,22.2125,12.00,0.000,0.000,OFF,--,DONE,--
50866,2026-06-04 07:33:43,22.2125,12.00,0.000,0.000,OFF,--,DONE,--
50867,2026-06-04 07:33:44,22.2500,12.00,0.000,0.000,OFF,--,DONE,--
50868,2026-06-04 07:33:45,22.2500,12.00,0.000,0.000,OFF,--,DONE,--
50869,2026-06-04 07:33:46,22.2750,12.00,0.000,0.000,OFF,--,DONE,--
50870,2026-06-04 07:33:47,22.2750,12.00,0.000,0.000,OFF,--,DONE,--
50871,2026-06-04 07:33:48,22.3125,12.00,0.000,0.000,OFF,--,DONE,--
50872,2026-06-04 07:33:49,22.3125,12.00,0.000,0.000,OFF,--,DONE,--
50873,2026-06-04 07:33:50,22.3125,12.00,0.000,0.000,OFF,--,DONE,--
50874,2026-06-04 07:33:51,22.3125,12.00,0.000,0.000,OFF,--,DONE,--
50875,2026-06-04 07:33:52,22.3750,12.00,0.000,0.000,OFF,--,DONE,--
50876,2026-06-04 07:33:53,22.3750,12.00,0.000,0.000,OFF,--,DONE,--
50877,2026-06-04 07:33:54,22.3750,12.00,0.000,0.000,OFF,--,DONE,--
50878,2026-06-04 07:33:55,22.3750,12.00,0.000,0.000,OFF,--,DONE,--
50879,2026-06-04 07:33:56,22.3750,12.00,0.000,0.000,OFF,--,DONE,--
50880,2026-06-04 07:33:57,22.4000,12.00,0.000,0.000,OFF,--,DONE,--
50881,2026-06-04 07:33:58,22.4000,12.00,0.000,0.000,OFF,--,DONE,--
50882,2026-06-04 07:33:59,22.4125,12.00,0.000,0.000,OFF,--,DONE,--
50883,2026-06-04 07:34:00,22.4125,12.00,0.000,0.000,OFF,--,DONE,--
50884,2026-06-04 07:34:01,22.4375,12.00,0.000,0.000,OFF,--,DONE,--
50885,2026-06-04 07:34:02,22.4375,12.00,0.000,0.000,OFF,--,DONE,--
50886,2026-06-04 07:34:03,22.4375,12.00,0.000,0.000,OFF,--,DONE,--
50887,2026-06-04 07:34:04,22.4375,12.00,0.000,0.000,OFF,--,DONE,--
50888,2026-06-04 07:34:05,22.4875,12.00,0.000,0.000,OFF,--,DONE,--
50889,2026-06-04 07:34:06,22.4875,12.00,0.000,0.000,OFF,--,DONE,--
50890,2026-06-04 07:34:07,22.5000,12.00,0.000,0.000,OFF,--,DONE,--
50891,2026-06-04 07:34:08,22.5000,12.00,0.000,0.000,OFF,--,DONE,--
50892,2026-06-04 07:34:09,22.5000,12.00,0.000,0.000,B,#1,APPROACH,1.864A/B
50893,2026-06-04 07:34:12,22.5375,12.00,0.000,0.000,B,#1,APPROACH,1.661A/B
50894,2026-06-04 07:34:14,22.5625,12.00,0.000,0.000,B,#1,APPROACH,2.000A/B
50895,2026-06-04 07:34:16,22.5625,12.00,0.000,0.000,B,#1,APPROACH,2.000A/B
50896,2026-06-04 07:34:17,22.5625,12.00,0.000,0.000,B,#1,APPROACH,1.500A/B
50897,2026-06-04 07:34:19,22.6250,12.00,1.500,17.976,B,#1,APPROACH,2.500A/B
50898,2026-06-04 07:34:22,22.6250,12.00,1.500,17.976,B,#1,APPROACH,1.000A/B
50899,2026-06-04 07:34:23,22.7000,12.00,1.500,17.976,B,#1,APPROACH,2.000A/B
50900,2026-06-04 07:34:25,22.7750,12.00,1.500,17.976,B,#1,APPROACH,2.500A/B
50901,2026-06-04 07:34:27,22.8875,12.00,1.459,17.292,B,#1,APPROACH,1.000A/B
50902,2026-06-04 07:34:29,23.0125,12.00,1.459,17.292,B,#1,APPROACH,1.000A/B
50903,2026-06-04 07:34:31,23.1375,12.00,1.459,17.292,B,#1,APPROACH,1.500A/B
50904,2026-06-04 07:34:33,23.2875,12.00,1.459,17.292,B,#1,APPROACH,1.500A/B
50905,2026-06-04 07:34:35,23.4500,12.00,1.423,16.872,B,#1,APPROACH,1.000A/B
50906,2026-06-04 07:34:37,23.5750,12.00,1.423,16.872,B,#1,APPROACH,1.500A/B
50907,2026-06-04 07:34:39,23.7500,12.00,1.423,16.872,B,#1,APPROACH,3.000A/B
50908,2026-06-04 07:34:40,23.9500,12.00,1.423,16.872,B,#1,APPROACH,1.000A/B
50909,2026-06-04 07:34:42,24.1125,12.00,1.040,9.280,B,#1,APPROACH,3.000A/B
50910,2026-06-04 07:34:45,24.3125,12.00,1.040,9.280,B,#1,APPROACH,2.500A/B
50911,2026-06-04 07:34:46,24.4875,12.00,1.040,9.280,B,#1,APPROACH,1.000A/B
50912,2026-06-04 07:34:48,24.6625,9.29,1.040,9.280,B,#1,APPROACH,2.000A/B
50913,2026-06-04 07:34:50,24.8375,9.29,1.376,16.356,B,#1,APPROACH,1.500A/B
50914,2026-06-04 07:34:52,25.0125,9.29,1.376,16.356,B,#1,APPROACH,1.500A/B
50915,2026-06-04 07:34:54,25.1875,9.29,1.376,16.356,B,#1,APPROACH,1.500A/B
50916,2026-06-04 07:34:56,25.3875,12.00,1.376,16.356,B,#1,APPROACH,1.500A/B
50917,2026-06-04 07:34:58,25.5625,12.00,1.353,16.068,B,#1,HOLDING,1.651A/B
50918,2026-06-04 07:35:00,25.8125,12.00,1.353,16.068,B,#1,HOLDING,0.427A/B
50919,2026-06-04 07:35:02,26.0000,12.00,1.353,16.068,B,#1,HOLDING,0.235A/B
50920,2026-06-04 07:35:04,26.2000,12.00,1.353,16.068,OFF,#1,HOLDING,0.000A/OFF
50921,2026-06-04 07:35:05,26.3625,3.65,1.353,16.068,OFF,#1,HOLDING,0.000A/OFF
50922,2026-06-04 07:35:06,26.3625,3.65,0.235,16.068,OFF,#1,HOLDING,0.000A/OFF
50923,2026-06-04 07:35:07,26.5875,3.65,0.235,0.000,OFF,#1,HOLDING,0.000A/OFF
50924,2026-06-04 07:35:08,26.5875,3.65,0.235,0.000,OFF,#1,HOLDING,0.000A/OFF
50925,2026-06-04 07:35:09,26.7750,3.65,0.235,0.000,OFF,#1,HOLDING,0.000A/OFF
50926,2026-06-04 07:35:10,26.7750,3.65,0.235,0.000,OFF,#1,HOLDING,0.000A/OFF
50927,2026-06-04 07:35:11,26.9750,12.00,0.235,0.000,OFF,#1,HOLDING,0.000A/OFF
50928,2026-06-04 07:35:12,26.9750,12.00,0.000,0.000,OFF,#1,HOLDING,0.000A/OFF
50929,2026-06-04 07:35:13,27.1125,12.00,0.000,0.000,OFF,#1,HOLDING,0.000A/OFF
50930,2026-06-04 07:35:14,27.1125,12.00,0.000,0.000,OFF,#1,HOLDING,0.000A/OFF
50931,2026-06-04 07:35:15,27.2625,12.00,0.000,0.000,A,#1,HOLDING,0.198A/A
50932,2026-06-04 07:35:17,27.4125,12.00,0.000,0.000,A,#1,HOLDING,0.254A/A
50933,2026-06-04 07:35:18,27.5125,7.09,0.254,0.000,A,#1,HOLDING,0.275A/A
50934,2026-06-04 07:35:20,27.6375,7.09,0.254,0.528,A,#1,HOLDING,0.268A/A
50935,2026-06-04 07:35:22,27.7375,7.09,0.254,0.528,A,#1,HOLDING,0.301A/A
50936,2026-06-04 07:35:23,27.7375,7.09,0.254,0.528,A,#1,HOLDING,0.307A/A
50937,2026-06-04 07:35:25,27.8750,2.25,0.254,0.528,A,#1,HOLDING,0.358A/A
50938,2026-06-04 07:35:27,27.8750,2.25,0.358,1.009,A,#1,HOLDING,0.396A/A
50939,2026-06-04 07:35:29,28.0000,2.25,0.358,1.009,A,#1,HOLDING,0.482A/A
50940,2026-06-04 07:35:31,28.0000,2.25,0.358,1.009,A,#1,HOLDING,0.514A/A
50941,2026-06-04 07:35:33,28.0500,4.13,0.358,1.009,A,#1,HOLDING,0.579A/A
50942,2026-06-04 07:35:35,28.0500,4.13,0.579,2.802,A,#1,HOLDING,0.623A/A
50943,2026-06-04 07:35:37,28.0875,4.13,0.579,2.802,A,#1,HOLDING,0.705A/A
50944,2026-06-04 07:35:39,28.0875,4.13,0.579,2.802,A,#1,HOLDING,0.752A/A
50945,2026-06-04 07:35:41,28.0875,6.25,0.579,2.802,A,#1,HOLDING,0.814A/A
50946,2026-06-04 07:35:42,28.0875,6.25,0.814,5.641,A,#1,HOLDING,0.865A/A
50947,2026-06-04 07:35:45,28.0375,6.25,0.814,5.641,A,#1,HOLDING,0.929A/A
50948,2026-06-04 07:35:46,28.0375,6.25,0.814,5.641,A,#1,HOLDING,0.978A/A
50949,2026-06-04 07:35:48,27.9500,8.14,0.814,5.641,A,#1,HOLDING,1.018A/A
50950,2026-06-04 07:35:50,27.9500,8.14,1.018,8.785,A,#1,HOLDING,1.076A/A
50951,2026-06-04 07:35:53,27.8500,8.14,1.018,8.785,A,#1,HOLDING,1.127A/A
50952,2026-06-04 07:35:54,27.7750,8.14,1.018,8.785,A,#1,HOLDING,1.165A/A
50953,2026-06-04 07:35:56,27.6750,9.61,1.018,8.785,A,#1,HOLDING,1.000A/A
50954,2026-06-04 07:35:58,27.6750,9.61,1.011,8.600,A,#1,HOLDING,1.201A/A
50955,2026-06-04 07:36:00,27.4875,9.61,1.011,8.600,A,#1,HOLDING,1.184A/A
50956,2026-06-04 07:36:02,27.3875,9.61,1.011,8.600,A,#1,HOLDING,1.211A/A
50957,2026-06-04 07:36:04,27.2625,10.06,1.011,8.600,A,#1,HOLDING,1.228A/A
50958,2026-06-04 07:36:06,27.2625,10.06,1.228,12.783,A,#1,HOLDING,1.270A/A
50959,2026-06-04 07:36:08,26.9875,10.06,1.228,12.783,A,#1,HOLDING,1.284A/A
50960,2026-06-04 07:36:10,26.8625,10.06,1.228,12.783,A,#1,HOLDING,1.294A/A
50961,2026-06-04 07:36:11,26.7375,10.77,1.228,12.783,A,#1,HOLDING,1.291A/A
50962,2026-06-04 07:36:13,26.7375,10.77,1.291,14.162,A,#1,HOLDING,1.320A/A
50963,2026-06-04 07:36:16,26.4250,10.77,1.291,14.162,A,#1,HOLDING,1.307A/A
50964,2026-06-04 07:36:17,26.2625,10.77,1.291,14.162,A,#1,HOLDING,1.000A/A
50965,2026-06-04 07:36:19,26.0875,8.89,1.291,14.162,A,#1,HOLDING,1.276A/A
50966,2026-06-04 07:36:21,26.0875,8.89,1.263,13.984,A,#1,HOLDING,1.284A/A
50967,2026-06-04 07:36:23,25.7500,8.89,1.263,13.984,A,#1,HOLDING,1.240A/A
50968,2026-06-04 07:36:25,25.5500,8.89,1.263,13.984,A,#1,HOLDING,1.203A/A
50969,2026-06-04 07:36:27,25.3750,10.32,1.263,13.984,A,#1,HOLDING,1.088A/A
50970,2026-06-04 07:36:29,25.3750,10.32,1.088,10.510,A,#1,HOLDING,1.000A/A
50971,2026-06-04 07:36:31,25.0000,10.32,1.088,10.510,A,#1,HOLDING,1.045A/A
50972,2026-06-04 07:36:33,24.8250,10.32,1.088,10.510,A,#1,HOLDING,0.979A/A
50973,2026-06-04 07:36:34,24.6250,8.83,1.088,10.510,A,#1,HOLDING,0.878A/A
50974,2026-06-04 07:36:36,24.6250,8.83,0.878,7.225,A,#1,HOLDING,0.840A/A
50975,2026-06-04 07:36:39,24.2500,8.83,0.878,7.225,A,#1,HOLDING,0.703A/A
50976,2026-06-04 07:36:40,24.0750,8.83,0.878,7.225,A,#1,HOLDING,0.616A/A
50977,2026-06-04 07:36:42,23.8750,6.16,0.878,7.225,A,#1,HOLDING,0.485A/A
50978,2026-06-04 07:36:44,23.8750,6.16,0.485,2.531,A,#1,HOLDING,0.420A/A
50979,2026-06-04 07:36:46,23.5000,6.16,0.485,2.531,A,#1,HOLDING,0.248A/A
50980,2026-06-04 07:36:48,23.3875,6.16,0.485,2.531,A,#1,HOLDING,0.184A/A
50981,2026-06-04 07:36:50,23.2125,6.16,0.485,2.531,OFF,#1,HOLDING,0.000A/OFF
50982,2026-06-04 07:36:51,23.2125,2.57,0.485,2.531,OFF,#1,HOLDING,0.000A/OFF
50983,2026-06-04 07:36:52,23.0750,2.57,0.184,2.531,OFF,#1,HOLDING,0.000A/OFF
50984,2026-06-04 07:36:53,23.0750,2.57,0.184,0.000,B,#1,HOLDING,0.155A/B
50985,2026-06-04 07:36:55,22.9250,2.57,0.184,0.000,B,#1,HOLDING,0.288A/B
50986,2026-06-04 07:36:56,22.8250,2.57,0.184,0.000,B,#1,HOLDING,0.401A/B
50987,2026-06-04 07:36:58,22.6750,2.86,0.184,0.000,B,#1,HOLDING,0.538A/B
50988,2026-06-04 07:37:00,22.6125,2.86,0.485,2.254,B,#1,HOLDING,0.682A/B
50989,2026-06-04 07:37:02,22.5125,2.86,0.485,2.254,B,#1,HOLDING,0.874A/B
50990,2026-06-04 07:37:03,22.4375,2.86,0.485,2.254,B,#1,HOLDING,1.006A/B
50991,2026-06-04 07:37:05,22.4125,7.93,0.485,2.254,B,#1,HOLDING,1.000A/B
50992,2026-06-04 07:37:07,22.4000,7.93,1.000,8.110,B,#1,HOLDING,1.157A/B
50993,2026-06-04 07:37:10,22.3750,7.93,1.000,8.110,B,#1,HOLDING,1.351A/B
50994,2026-06-04 07:37:11,22.3750,7.93,1.000,8.110,B,#1,HOLDING,1.483A/B
50995,2026-06-04 07:37:13,22.3750,11.43,1.000,8.110,B,#1,HOLDING,1.635A/B
50996,2026-06-04 07:37:15,22.4500,11.43,1.545,18.300,B,#1,HOLDING,1.777A/B
50997,2026-06-04 07:37:17,22.5000,11.43,1.545,18.300,B,#1,HOLDING,1.961A/B
50998,2026-06-04 07:37:19,22.5500,11.43,1.545,18.300,B,#1,HOLDING,2.084A/B
50999,2026-06-04 07:37:21,22.6750,12.00,1.545,18.300,B,#1,HOLDING,1.000A/B
51000,2026-06-04 07:37:23,22.6750,12.00,1.098,8.750,B,#1,HOLDING,2.000A/B
51001,2026-06-04 07:37:25,22.8875,12.00,1.098,8.750,B,#1,HOLDING,2.000A/B
51002,2026-06-04 07:37:27,23.0125,12.00,1.098,8.750,B,#1,HOLDING,1.500A/B
51003,2026-06-04 07:37:28,23.1375,12.00,1.098,8.750,B,#1,HOLDING,1.500A/B
51004,2026-06-04 07:37:30,23.1375,12.00,1.441,17.136,B,#1,HOLDING,1.500A/B
51005,2026-06-04 07:37:33,23.4500,12.00,1.441,17.136,B,#1,HOLDING,1.000A/B
51006,2026-06-04 07:37:34,23.6125,12.00,1.441,17.136,B,#1,HOLDING,1.500A/B
51007,2026-06-04 07:37:36,23.8125,12.00,1.441,17.136,B,#1,HOLDING,2.099A/B
51008,2026-06-04 07:37:38,23.8125,12.00,1.405,16.668,B,#1,HOLDING,2.000A/B
51009,2026-06-04 07:37:40,24.1625,12.00,1.405,16.668,B,#1,HOLDING,2.000A/B
51010,2026-06-04 07:37:42,24.3375,12.00,1.405,16.668,B,#1,HOLDING,2.191A/B
51011,2026-06-04 07:37:44,24.5375,12.00,1.405,16.668,B,#1,HOLDING,2.234A/B
51012,2026-06-04 07:37:46,24.5375,12.00,1.373,16.284,B,#1,HOLDING,2.000A/B
51013,2026-06-04 07:37:48,24.9375,12.00,1.373,16.284,B,#1,HOLDING,2.305A/B
51014,2026-06-04 07:37:50,25.1500,12.00,1.373,16.284,B,#1,HOLDING,2.335A/B
51015,2026-06-04 07:37:51,25.3500,12.00,1.373,16.284,B,#1,HOLDING,2.000A/B
51016,2026-06-04 07:37:53,25.3500,12.00,1.348,16.008,B,#1,HOLDING,1.000A/B
51017,2026-06-04 07:37:56,25.7875,12.00,1.348,16.008,B,#1,HOLDING,1.000A/B
51018,2026-06-04 07:37:57,25.9875,12.00,1.348,16.008,B,#1,HOLDING,1.000A/B
51019,2026-06-04 07:37:59,26.1875,9.45,1.348,16.008,B,#1,HOLDING,2.294A/B
51020,2026-06-04 07:38:01,26.1875,9.45,1.337,15.852,B,#1,HOLDING,2.337A/B
51021,2026-06-04 07:38:03,26.6250,9.45,1.337,15.852,B,#1,HOLDING,1.500A/B
51022,2026-06-04 07:38:05,26.8000,9.45,1.337,15.852,B,#1,HOLDING,2.000A/B
51023,2026-06-04 07:38:07,27.0000,12.00,1.337,15.852,B,#1,HOLDING,2.301A/B
51024,2026-06-04 07:38:09,27.0000,12.00,1.316,15.648,B,#2,APPROACH,1.000A/B
51025,2026-06-04 07:38:11,27.3750,12.00,1.316,15.648,A,#2,APPROACH,0.164A/A
51026,2026-06-04 07:38:13,27.5625,12.00,1.316,15.648,A,#2,APPROACH,0.263A/A
51027,2026-06-04 07:38:15,27.7875,12.00,1.316,15.648,A,#2,APPROACH,0.378A/A
51028,2026-06-04 07:38:17,27.9500,3.31,0.378,15.648,A,#2,APPROACH,0.478A/A
51029,2026-06-04 07:38:19,28.1250,3.31,0.378,1.505,A,#2,APPROACH,0.607A/A
51030,2026-06-04 07:38:21,28.3000,3.31,0.378,1.505,A,#2,APPROACH,0.724A/A
51031,2026-06-04 07:38:23,28.4500,3.31,0.378,1.505,A,#2,APPROACH,0.847A/A
51032,2026-06-04 07:38:24,28.5375,6.16,0.378,1.505,A,#2,APPROACH,0.984A/A
51033,2026-06-04 07:38:26,28.6375,6.16,0.964,7.429,A,#2,APPROACH,1.124A/A
51034,2026-06-04 07:38:29,28.7625,6.16,0.964,7.429,A,#2,APPROACH,1.310A/A
51035,2026-06-04 07:38:30,28.8375,6.16,0.964,7.429,A,#2,APPROACH,1.441A/A
51036,2026-06-04 07:38:32,28.9125,10.80,0.964,7.429,A,#2,APPROACH,1.500A/A
51037,2026-06-04 07:38:34,28.9625,10.80,1.500,17.370,A,#2,APPROACH,1.000A/A
51038,2026-06-04 07:38:36,29.0000,10.80,1.500,17.370,A,#2,APPROACH,1.500A/A
51039,2026-06-04 07:38:38,29.0250,10.80,1.500,17.370,A,#2,APPROACH,1.500A/A
51040,2026-06-04 07:38:40,29.0375,11.58,1.500,17.370,A,#2,APPROACH,1.500A/A
51041,2026-06-04 07:38:42,29.0125,11.58,1.500,17.850,A,#2,APPROACH,1.590A/A
51042,2026-06-04 07:38:44,29.0000,11.58,1.500,17.850,A,#2,APPROACH,1.500A/A
51043,2026-06-04 07:38:46,28.9750,11.58,1.500,17.850,A,#2,APPROACH,1.778A/A
51044,2026-06-04 07:38:47,28.9000,12.00,1.500,17.850,A,#2,APPROACH,1.500A/A
51045,2026-06-04 07:38:49,28.8500,12.00,1.489,17.700,A,#2,APPROACH,1.916A/A
51046,2026-06-04 07:38:52,28.7375,12.00,1.489,17.700,A,#2,APPROACH,1.000A/A
51047,2026-06-04 07:38:53,28.6375,12.00,1.489,17.700,A,#2,APPROACH,2.000A/A
51048,2026-06-04 07:38:55,28.5750,12.00,1.489,17.700,A,#2,APPROACH,1.000A/A
51049,2026-06-04 07:38:57,28.4250,12.00,1.241,8.790,A,#2,APPROACH,2.072A/A
51050,2026-06-04 07:38:59,28.3000,12.00,1.241,8.790,A,#2,APPROACH,1.000A/A
51051,2026-06-04 07:39:01,28.1250,12.00,1.241,8.790,A,#2,APPROACH,2.215A/A
51052,2026-06-04 07:39:03,28.0125,12.00,1.241,8.790,A,#2,APPROACH,1.500A/A
51053,2026-06-04 07:39:05,27.8625,12.00,1.445,17.160,A,#2,APPROACH,1.000A/A
51054,2026-06-04 07:39:07,27.7000,12.00,1.445,17.160,A,#2,APPROACH,2.000A/A
51055,2026-06-04 07:39:09,27.5250,12.00,1.445,17.160,A,#2,APPROACH,2.000A/A
51056,2026-06-04 07:39:10,27.3375,12.00,1.445,17.160,A,#2,APPROACH,2.250A/A
51057,2026-06-04 07:39:12,27.1875,12.00,1.432,17.028,A,#2,APPROACH,2.324A/A
51058,2026-06-04 07:39:15,27.0125,12.00,1.432,17.028,A,#2,APPROACH,1.000A/A
51059,2026-06-04 07:39:16,26.8125,12.00,1.432,17.028,A,#2,APPROACH,2.000A/A
51060,2026-06-04 07:39:18,26.6375,12.00,1.432,17.028,A,#2,APPROACH,2.399A/A
51061,2026-06-04 07:39:20,26.4375,12.00,1.421,16.896,A,#2,APPROACH,2.439A/A
51062,2026-06-04 07:39:22,26.2625,12.00,1.421,16.896,A,#2,APPROACH,1.000A/A
51063,2026-06-04 07:39:24,26.0625,12.00,1.421,16.896,A,#2,APPROACH,1.000A/A
51064,2026-06-04 07:39:26,25.8875,9.10,1.421,16.896,A,#2,HOLDING,1.000A/A
51065,2026-06-04 07:39:28,25.6625,9.10,1.000,16.896,OFF,#2,HOLDING,0.000A/OFF
51066,2026-06-04 07:39:29,25.6625,9.10,1.000,8.491,OFF,#2,HOLDING,0.000A/OFF
51067,2026-06-04 07:39:30,25.4500,9.10,1.000,8.491,OFF,#2,HOLDING,0.000A/OFF
51068,2026-06-04 07:39:31,25.4500,9.10,1.000,8.491,OFF,#2,HOLDING,0.000A/OFF
51069,2026-06-04 07:39:32,25.2500,9.10,1.000,8.491,OFF,#2,HOLDING,0.000A/OFF
51070,2026-06-04 07:39:33,25.2500,9.10,1.000,8.491,OFF,#2,HOLDING,0.000A/OFF
51071,2026-06-04 07:39:34,25.0750,12.00,0.000,8.491,OFF,#2,HOLDING,0.000A/OFF
51072,2026-06-04 07:39:35,25.0750,12.00,0.000,8.491,OFF,#2,HOLDING,0.000A/OFF
51073,2026-06-04 07:39:36,24.8750,12.00,0.000,0.000,OFF,#2,HOLDING,0.000A/OFF
51074,2026-06-04 07:39:37,24.8750,12.00,0.000,0.000,OFF,#2,HOLDING,0.000A/OFF
51075,2026-06-04 07:39:38,24.7375,12.00,0.000,0.000,OFF,#2,HOLDING,0.000A/OFF
51076,2026-06-04 07:39:39,24.7375,12.00,0.000,0.000,OFF,#2,HOLDING,0.000A/OFF
51077,2026-06-04 07:39:40,24.5875,12.00,0.000,0.000,OFF,#2,HOLDING,0.000A/OFF
51078,2026-06-04 07:39:41,24.5875,12.00,0.000,0.000,OFF,#2,HOLDING,0.000A/OFF
51079,2026-06-04 07:39:42,24.4500,12.00,0.000,0.000,OFF,#2,HOLDING,0.000A/OFF
51080,2026-06-04 07:39:43,24.3250,12.00,0.000,0.000,OFF,#2,HOLDING,0.000A/OFF
51081,2026-06-04 07:39:44,24.3250,12.00,0.000,0.000,OFF,#2,HOLDING,0.000A/OFF
51082,2026-06-04 07:39:45,24.2125,12.00,0.000,0.000,OFF,#2,HOLDING,0.000A/OFF
51083,2026-06-04 07:39:46,24.2125,12.00,0.000,0.000,OFF,#2,HOLDING,0.000A/OFF
51084,2026-06-04 07:39:47,24.1125,12.00,0.000,0.000,OFF,#2,HOLDING,0.000A/OFF
51085,2026-06-04 07:39:48,24.1125,12.00,0.000,0.000,OFF,#2,HOLDING,0.000A/OFF
51086,2026-06-04 07:39:49,24.0500,12.00,0.000,0.000,OFF,#2,HOLDING,0.000A/OFF
51087,2026-06-04 07:39:50,24.0500,12.00,0.000,0.000,OFF,#2,HOLDING,0.000A/OFF
51088,2026-06-04 07:39:51,23.9500,12.00,0.000,0.000,B,#2,HOLDING,0.107A/B
51089,2026-06-04 07:39:53,23.8750,11.62,0.000,0.000,B,#2,HOLDING,0.195A/B
51090,2026-06-04 07:39:55,23.8250,11.62,0.149,0.278,B,#2,HOLDING,0.243A/B
51091,2026-06-04 07:39:57,23.7750,11.62,0.149,0.278,B,#2,HOLDING,0.285A/B
51092,2026-06-04 07:39:59,23.7250,11.62,0.149,0.278,B,#2,HOLDING,0.324A/B
51093,2026-06-04 07:40:01,23.6875,2.59,0.149,0.278,B,#2,HOLDING,0.369A/B
51094,2026-06-04 07:40:02,23.6625,2.59,0.344,1.129,B,#2,HOLDING,0.415A/B
51095,2026-06-04 07:40:05,23.6250,2.59,0.344,1.129,B,#2,HOLDING,0.475A/B
51096,2026-06-04 07:40:06,23.6250,2.59,0.344,1.129,B,#2,HOLDING,0.512A/B
51097,2026-06-04 07:40:08,23.6250,4.27,0.344,1.129,B,#2,HOLDING,0.557A/B
51098,2026-06-04 07:40:10,23.6000,4.27,0.532,2.645,B,#2,HOLDING,0.605A/B
51099,2026-06-04 07:40:12,23.6125,4.27,0.532,2.645,B,#2,HOLDING,0.665A/B
51100,2026-06-04 07:40:14,23.6125,4.27,0.532,2.645,B,#2,HOLDING,0.706A/B
51101,2026-06-04 07:40:16,23.6250,5.95,0.532,2.645,B,#2,HOLDING,0.749A/B
51102,2026-06-04 07:40:18,23.6750,5.95,0.726,4.831,B,#2,HOLDING,0.788A/B
51103,2026-06-04 07:40:20,23.6875,5.95,0.726,4.831,B,#2,HOLDING,0.844A/B
51104,2026-06-04 07:40:22,23.7375,5.95,0.726,4.831,B,#2,HOLDING,0.874A/B
51105,2026-06-04 07:40:24,23.7875,7.45,0.726,4.831,B,#2,HOLDING,0.912A/B
51106,2026-06-04 07:40:25,23.8125,7.45,0.892,7.213,B,#2,HOLDING,0.950A/B
51107,2026-06-04 07:40:28,23.9125,7.45,0.892,7.213,B,#2,HOLDING,0.941A/B
51108,2026-06-04 07:40:29,23.9625,7.45,0.892,7.213,B,#2,HOLDING,0.970A/B
51109,2026-06-04 07:40:31,24.0375,8.38,0.892,7.213,B,#2,HOLDING,0.997A/B
51110,2026-06-04 07:40:33,24.1375,8.38,0.983,8.713,B,#2,HOLDING,1.024A/B
51111,2026-06-04 07:40:35,24.2250,8.38,0.983,8.713,B,#2,HOLDING,1.000A/B
51112,2026-06-04 07:40:37,24.3250,8.38,0.983,8.713,B,#2,HOLDING,1.051A/B
51113,2026-06-04 07:40:39,24.4125,9.16,0.983,8.713,B,#2,HOLDING,1.070A/B
51114,2026-06-04 07:40:41,24.5125,9.16,1.070,10.111,B,#2,HOLDING,1.082A/B
51115,2026-06-04 07:40:43,24.6375,9.16,1.070,10.111,B,#2,HOLDING,1.096A/B
51116,2026-06-04 07:40:45,24.7625,9.16,1.070,10.111,B,#2,HOLDING,1.096A/B
51117,2026-06-04 07:40:47,24.8500,9.55,1.070,10.111,B,#2,HOLDING,1.099A/B
51118,2026-06-04 07:40:48,24.9750,9.55,1.099,10.792,B,#2,HOLDING,1.094A/B
51119,2026-06-04 07:40:51,25.1000,9.55,1.099,10.792,B,#2,HOLDING,1.088A/B
51120,2026-06-04 07:40:52,25.2500,9.55,1.099,10.792,B,#2,HOLDING,1.068A/B
51121,2026-06-04 07:40:54,25.3625,9.58,1.099,10.792,B,#2,HOLDING,1.052A/B
51122,2026-06-04 07:40:56,25.5125,9.58,1.052,10.130,B,#2,HOLDING,1.000A/B
51123,2026-06-04 07:40:59,25.6750,9.58,1.052,10.130,B,#2,HOLDING,1.028A/B
51124,2026-06-04 07:41:00,25.8250,9.58,1.052,10.130,B,#2,HOLDING,0.992A/B
51125,2026-06-04 07:41:02,25.9875,9.16,1.052,10.130,B,#2,HOLDING,0.896A/B
51126,2026-06-04 07:41:04,26.0875,9.16,0.926,7.687,B,#2,HOLDING,0.849A/B
51127,2026-06-04 07:41:06,26.2375,9.16,0.926,7.687,B,#2,HOLDING,0.783A/B
51128,2026-06-04 07:41:08,26.3875,9.16,0.926,7.687,B,#2,HOLDING,0.726A/B
51129,2026-06-04 07:41:10,26.5375,7.22,0.926,7.687,B,#2,HOLDING,0.652A/B
51130,2026-06-04 07:41:12,26.6625,7.22,0.675,4.374,B,#2,HOLDING,0.580A/B
51131,2026-06-04 07:41:14,26.8000,7.22,0.675,4.374,B,#2,HOLDING,0.488A/B
51132,2026-06-04 07:41:15,26.9500,7.22,0.675,4.374,B,#2,HOLDING,0.412A/B
51133,2026-06-04 07:41:17,27.1000,4.79,0.675,4.374,B,#2,HOLDING,0.319A/B
51134,2026-06-04 07:41:19,27.2500,4.79,0.361,1.298,B,#2,HOLDING,0.220A/B
51135,2026-06-04 07:41:22,27.3625,4.79,0.361,1.298,B,#2,HOLDING,0.106A/B
51136,2026-06-04 07:41:23,27.4875,4.79,0.361,1.298,OFF,#2,HOLDING,0.000A/OFF
51137,2026-06-04 07:41:24,27.4875,4.79,0.361,1.298,OFF,#2,HOLDING,0.000A/OFF
51138,2026-06-04 07:41:25,27.6000,12.00,0.361,1.298,OFF,#2,HOLDING,0.000A/OFF
51139,2026-06-04 07:41:26,27.6000,12.00,1.413,0.000,A,#2,HOLDING,0.131A/A
51140,2026-06-04 07:41:28,27.7000,12.00,1.413,0.000,A,#2,HOLDING,0.269A/A
51141,2026-06-04 07:41:30,27.8250,12.00,1.413,0.000,A,#2,HOLDING,0.363A/A
51142,2026-06-04 07:41:32,27.9250,2.34,1.413,0.000,A,#2,HOLDING,0.466A/A
51143,2026-06-04 07:41:34,28.0125,2.34,0.466,1.579,A,#2,HOLDING,0.586A/A
51144,2026-06-04 07:41:36,28.1125,2.34,0.466,1.579,A,#2,HOLDING,0.743A/A
51145,2026-06-04 07:41:38,28.1625,2.34,0.466,1.579,A,#2,HOLDING,0.850A/A
51146,2026-06-04 07:41:40,28.2125,6.52,0.466,1.579,A,#2,HOLDING,0.974A/A
51147,2026-06-04 07:41:41,28.2500,6.52,0.961,7.548,A,#2,HOLDING,1.098A/A
51148,2026-06-04 07:41:44,28.2750,6.52,0.961,7.548,A,#2,HOLDING,1.259A/A
51149,2026-06-04 07:41:45,28.2750,6.52,0.961,7.548,A,#2,HOLDING,1.365A/A
51150,2026-06-04 07:41:47,28.2500,10.52,0.961,7.548,A,#2,HOLDING,1.487A/A
51151,2026-06-04 07:41:49,28.2500,10.52,1.487,17.397,A,#2,HOLDING,1.610A/A
51152,2026-06-04 07:41:52,28.2000,10.52,1.487,17.397,A,#2,HOLDING,1.762A/A
51153,2026-06-04 07:41:53,28.1875,10.52,1.487,17.397,A,#2,HOLDING,1.500A/A
51154,2026-06-04 07:41:55,28.1625,11.78,1.487,17.397,A,#2,HOLDING,1.865A/A
51155,2026-06-04 07:41:57,28.0875,11.78,1.499,17.832,A,#2,HOLDING,1.978A/A
51156,2026-06-04 07:41:59,28.0125,11.78,1.499,17.832,A,#2,HOLDING,2.000A/A
51157,2026-06-04 07:42:01,27.9250,11.78,1.499,17.832,A,#2,HOLDING,1.500A/A
51158,2026-06-04 07:42:03,27.8000,12.00,1.499,17.832,A,#2,HOLDING,2.084A/A
51159,2026-06-04 07:42:05,27.7125,12.00,1.466,17.436,A,#2,HOLDING,1.000A/A
51160,2026-06-04 07:42:07,27.5875,12.00,1.466,17.436,A,#2,HOLDING,1.000A/A
51161,2026-06-04 07:42:09,27.4500,12.00,1.466,17.436,A,#2,HOLDING,2.000A/A
51162,2026-06-04 07:42:10,27.3000,12.00,1.466,17.436,A,#2,HOLDING,2.150A/A
51163,2026-06-04 07:42:12,27.1375,12.00,1.443,17.172,A,#2,HOLDING,1.500A/A
51164,2026-06-04 07:42:15,26.9875,12.00,1.443,17.172,A,#2,HOLDING,2.216A/A
51165,2026-06-04 07:42:16,26.8250,12.00,1.443,17.172,A,#2,HOLDING,2.000A/A
51166,2026-06-04 07:42:18,26.6250,12.00,1.443,17.172,A,#2,HOLDING,2.252A/A
51167,2026-06-04 07:42:20,26.4875,12.00,1.428,16.992,A,#2,HOLDING,2.302A/A
51168,2026-06-04 07:42:22,26.3125,12.00,1.428,16.992,A,#2,HOLDING,1.000A/A
51169,2026-06-04 07:42:24,26.1375,12.00,1.428,16.992,A,#2,HOLDING,1.500A/A
51170,2026-06-04 07:42:26,25.9375,12.00,1.428,16.992,A,#2,HOLDING,1.500A/A
51171,2026-06-04 07:42:28,25.7625,12.00,1.414,16.848,A,#3,APPROACH,2.287A/A
51172,2026-06-04 07:42:30,25.5625,12.00,1.414,16.848,A,#3,APPROACH,0.166A/A
51173,2026-06-04 07:42:32,25.1625,12.00,1.414,16.848,A,#3,APPROACH,0.102A/A
51174,2026-06-04 07:42:34,24.9500,12.00,1.414,16.848,A,#3,APPROACH,0.113A/A
51175,2026-06-04 07:42:36,24.7500,7.50,0.113,16.848,A,#3,APPROACH,0.117A/A
51176,2026-06-04 07:42:38,24.5750,7.50,0.113,0.266,A,#3,APPROACH,0.162A/A
51177,2026-06-04 07:42:40,24.3750,7.50,0.113,0.266,A,#3,APPROACH,0.182A/A
51178,2026-06-04 07:42:41,24.3750,7.50,0.113,0.266,A,#3,APPROACH,0.243A/A
51179,2026-06-04 07:42:43,24.2000,3.17,0.113,0.266,A,#3,APPROACH,0.295A/A
51180,2026-06-04 07:42:45,24.0000,3.17,0.295,1.088,A,#3,APPROACH,0.344A/A
51181,2026-06-04 07:42:47,23.7375,3.17,0.295,1.088,A,#3,APPROACH,0.370A/A
51182,2026-06-04 07:42:49,23.7375,3.17,0.295,1.088,A,#3,APPROACH,0.427A/A
51183,2026-06-04 07:42:51,23.5875,4.42,0.295,1.088,A,#3,APPROACH,0.465A/A
51184,2026-06-04 07:42:53,23.4625,4.42,0.465,2.236,A,#3,HOLDING,0.455A/A
51185,2026-06-04 07:42:55,23.2375,4.42,0.465,2.236,OFF,#3,HOLDING,0.000A/OFF
51186,2026-06-04 07:42:56,23.2375,4.42,0.465,2.236,OFF,#3,HOLDING,0.000A/OFF
51187,2026-06-04 07:42:57,23.1500,4.42,0.465,2.236,OFF,#3,HOLDING,0.000A/OFF
51188,2026-06-04 07:42:58,23.1500,4.42,0.465,2.236,OFF,#3,HOLDING,0.000A/OFF
51189,2026-06-04 07:42:59,23.0500,12.00,0.000,2.236,OFF,#3,HOLDING,0.000A/OFF
51190,2026-06-04 07:43:00,23.0500,12.00,0.000,2.236,OFF,#3,HOLDING,0.000A/OFF
51191,2026-06-04 07:43:01,22.9625,12.00,0.000,0.000,OFF,#3,HOLDING,0.000A/OFF
51192,2026-06-04 07:43:02,22.9625,12.00,0.000,0.000,A,#3,HOLDING,0.102A/A
51193,2026-06-04 07:43:04,22.8875,12.00,0.000,0.000,A,#3,HOLDING,0.106A/A
51194,2026-06-04 07:43:05,22.8000,1.50,0.000,0.000,A,#3,HOLDING,0.121A/A
51195,2026-06-04 07:43:07,22.7000,1.50,0.121,0.206,A,#3,HOLDING,0.120A/A
51196,2026-06-04 07:43:10,22.6750,1.50,0.121,0.206,A,#3,HOLDING,0.134A/A
51197,2026-06-04 07:43:11,22.6250,1.50,0.121,0.206,A,#3,HOLDING,0.143A/A
51198,2026-06-04 07:43:13,22.5625,1.95,0.121,0.206,A,#3,HOLDING,0.148A/A
51199,2026-06-04 07:43:15,22.5125,1.95,0.148,0.315,A,#3,HOLDING,0.146A/A
51200,2026-06-04 07:43:17,22.4875,1.95,0.148,0.315,A,#3,HOLDING,0.149A/A
51201,2026-06-04 07:43:19,22.4375,1.95,0.148,0.315,A,#3,HOLDING,0.147A/A
51202,2026-06-04 07:43:21,22.4250,1.87,0.148,0.315,A,#3,HOLDING,0.148A/A
51203,2026-06-04 07:43:23,22.3750,1.87,0.148,0.260,A,#3,HOLDING,0.140A/A
51204,2026-06-04 07:43:25,22.3375,1.87,0.148,0.260,A,#3,HOLDING,0.135A/A
51205,2026-06-04 07:43:27,22.3375,1.87,0.148,0.260,A,#3,HOLDING,0.131A/A
51206,2026-06-04 07:43:29,22.3000,1.56,0.148,0.260,A,#3,HOLDING,0.125A/A
51207,2026-06-04 07:43:30,22.3000,1.56,0.125,0.190,A,#3,HOLDING,0.120A/A
51208,2026-06-04 07:43:33,22.2875,1.56,0.125,0.190,A,#3,HOLDING,0.109A/A
51209,2026-06-04 07:43:34,22.2625,1.56,0.125,0.190,A,#3,HOLDING,0.102A/A
51210,2026-06-04 07:43:36,22.2500,1.56,0.125,0.190,OFF,#3,HOLDING,0.000A/OFF
51211,2026-06-04 07:43:37,22.2500,1.52,0.125,0.190,OFF,#3,HOLDING,0.000A/OFF
51212,2026-06-04 07:43:38,22.2500,1.52,0.102,0.190,OFF,#3,HOLDING,0.000A/OFF
51213,2026-06-04 07:43:39,22.2500,1.52,0.102,0.353,OFF,#3,HOLDING,0.000A/OFF
51214,2026-06-04 07:43:40,22.2125,1.52,0.102,0.353,OFF,#3,HOLDING,0.000A/OFF
51215,2026-06-04 07:43:41,22.1875,1.52,0.102,0.353,OFF,#3,HOLDING,0.000A/OFF
51216,2026-06-04 07:43:42,22.1875,1.52,0.102,0.353,OFF,#3,HOLDING,0.000A/OFF
51217,2026-06-04 07:43:43,22.1875,12.00,0.102,0.353,OFF,#3,HOLDING,0.000A/OFF
51218,2026-06-04 07:43:44,22.1875,12.00,0.000,0.353,OFF,#3,HOLDING,0.000A/OFF
51219,2026-06-04 07:43:45,22.1875,12.00,0.000,0.000,OFF,#3,HOLDING,0.000A/OFF
51220,2026-06-04 07:43:46,22.1875,12.00,0.000,0.000,OFF,#3,HOLDING,0.000A/OFF
51221,2026-06-04 07:43:47,22.1875,12.00,0.000,0.000,OFF,#3,HOLDING,0.000A/OFF
51222,2026-06-04 07:43:48,22.1875,12.00,0.000,0.000,OFF,#3,HOLDING,0.000A/OFF
51223,2026-06-04 07:43:49,22.1875,12.00,0.000,0.000,OFF,#3,HOLDING,0.000A/OFF
51224,2026-06-04 07:43:50,22.1875,12.00,0.000,0.000,OFF,#3,HOLDING,0.000A/OFF
51225,2026-06-04 07:43:51,22.1875,12.00,0.000,0.000,OFF,#3,HOLDING,0.000A/OFF
51226,2026-06-04 07:43:52,22.1875,12.00,0.000,0.000,OFF,#3,HOLDING,0.000A/OFF
51227,2026-06-04 07:43:53,22.1875,12.00,0.000,0.000,OFF,#4,APPROACH,0.000A/OFF
51228,2026-06-04 07:43:54,22.1875,12.00,0.000,0.000,A,#4,APPROACH,0.144A/A
51229,2026-06-04 07:43:56,22.1875,12.00,0.000,0.000,A,#4,APPROACH,0.160A/A
51230,2026-06-04 07:43:58,22.1875,12.00,0.000,0.000,A,#4,APPROACH,0.201A/A
51231,2026-06-04 07:44:00,22.1875,12.00,0.812,0.510,A,#4,APPROACH,0.260A/A
51232,2026-06-04 07:44:03,22.1875,12.00,0.812,0.510,A,#4,APPROACH,0.349A/A
51233,2026-06-04 07:44:04,22.1875,12.00,0.812,0.510,A,#4,APPROACH,0.419A/A
51234,2026-06-04 07:44:06,22.1875,4.00,0.812,0.510,A,#4,APPROACH,0.514A/A
51235,2026-06-04 07:44:08,22.1375,4.00,0.476,2.523,A,#4,APPROACH,0.606A/A
51236,2026-06-04 07:44:10,22.1250,4.00,0.476,2.523,A,#4,APPROACH,0.733A/A
51237,2026-06-04 07:44:12,22.1000,4.00,0.476,2.523,A,#4,APPROACH,0.816A/A
51238,2026-06-04 07:44:14,22.1000,7.19,0.476,2.523,A,#4,APPROACH,0.921A/A
51239,2026-06-04 07:44:16,22.0625,7.19,0.888,7.432,A,#4,APPROACH,1.000A/A
51240,2026-06-04 07:44:18,22.0000,7.19,0.888,7.432,A,#4,APPROACH,1.009A/A
51241,2026-06-04 07:44:20,21.9500,7.19,0.888,7.432,A,#4,APPROACH,1.082A/A
51242,2026-06-04 07:44:21,21.9500,9.18,0.888,7.432,A,#4,APPROACH,1.181A/A
51243,2026-06-04 07:44:23,21.9250,9.18,1.132,11.798,A,#4,APPROACH,1.000A/A
51244,2026-06-04 07:44:26,21.8000,9.18,1.132,11.798,A,#4,APPROACH,1.265A/A
51245,2026-06-04 07:44:27,21.7250,9.18,1.132,11.798,A,#4,APPROACH,1.000A/A
51246,2026-06-04 07:44:29,21.7250,8.77,1.132,11.798,A,#4,APPROACH,1.329A/A
51247,2026-06-04 07:44:31,21.6250,8.77,1.170,14.818,A,#4,APPROACH,1.405A/A
51248,2026-06-04 07:44:33,21.4625,8.77,1.170,14.818,A,#4,APPROACH,1.491A/A
51249,2026-06-04 07:44:35,21.4625,8.77,1.170,14.818,A,#4,APPROACH,1.557A/A
51250,2026-06-04 07:44:37,21.3875,12.00,1.170,14.818,A,#4,APPROACH,1.500A/A
51251,2026-06-04 07:44:39,21.2625,12.00,1.447,17.208,A,#4,APPROACH,1.624A/A
51252,2026-06-04 07:44:41,21.0500,12.00,1.447,17.208,A,#4,APPROACH,1.500A/A
51253,2026-06-04 07:44:43,21.0500,12.00,1.447,17.208,A,#4,APPROACH,1.683A/A
51254,2026-06-04 07:44:45,20.9250,12.00,1.447,17.208,A,#4,APPROACH,1.500A/A
51255,2026-06-04 07:44:46,20.8250,12.00,1.427,17.004,A,#4,APPROACH,1.000A/A
51256,2026-06-04 07:44:49,20.5750,12.00,1.427,17.004,A,#4,APPROACH,1.703A/A
51257,2026-06-04 07:44:50,20.5750,12.00,1.427,17.004,A,#4,APPROACH,1.753A/A
51258,2026-06-04 07:44:52,20.4250,12.00,1.427,17.004,A,#4,APPROACH,1.779A/A
51259,2026-06-04 07:44:54,20.3250,12.00,1.417,16.884,A,#4,HOLDING,1.000A/A
51260,2026-06-04 07:44:56,20.0500,12.00,1.417,16.884,OFF,#4,HOLDING,0.000A/OFF
51261,2026-06-04 07:44:57,20.0500,12.00,1.417,16.884,OFF,#4,HOLDING,0.000A/OFF
51262,2026-06-04 07:44:58,19.9250,12.00,1.417,16.884,OFF,#4,HOLDING,0.000A/OFF
51263,2026-06-04 07:44:59,19.9250,12.00,1.417,16.884,OFF,#4,HOLDING,0.000A/OFF
51264,2026-06-04 07:45:00,19.8000,12.00,0.000,16.884,OFF,#4,HOLDING,0.000A/OFF
51265,2026-06-04 07:45:01,19.8000,12.00,0.000,16.884,OFF,#4,HOLDING,0.000A/OFF
51266,2026-06-04 07:45:02,19.6750,12.00,0.000,0.000,OFF,#4,HOLDING,0.000A/OFF
51267,2026-06-04 07:45:03,19.6750,12.00,0.000,0.000,OFF,#4,HOLDING,0.000A/OFF
51268,2026-06-04 07:45:05,19.5500,12.00,0.000,0.000,OFF,#4,HOLDING,0.000A/OFF
51269,2026-06-04 07:45:06,19.5500,12.00,0.000,0.000,OFF,#4,HOLDING,0.000A/OFF
51270,2026-06-04 07:45:07,19.4750,12.00,0.000,0.000,OFF,#4,HOLDING,0.000A/OFF
51271,2026-06-04 07:45:08,19.4750,12.00,0.000,0.000,OFF,#4,HOLDING,0.000A/OFF
51272,2026-06-04 07:45:09,19.4000,12.00,0.000,0.000,OFF,#4,HOLDING,0.000A/OFF
51273,2026-06-04 07:45:10,19.4000,12.00,0.000,0.000,OFF,#4,HOLDING,0.000A/OFF
51274,2026-06-04 07:45:11,19.3250,12.00,0.000,0.000,OFF,#4,HOLDING,0.000A/OFF
51275,2026-06-04 07:45:12,19.3250,12.00,0.000,0.000,OFF,#4,HOLDING,0.000A/OFF
51276,2026-06-04 07:45:13,19.2750,12.00,0.000,0.000,OFF,#4,HOLDING,0.000A/OFF
51277,2026-06-04 07:45:14,19.2500,12.00,0.000,0.000,OFF,#4,HOLDING,0.000A/OFF
51278,2026-06-04 07:45:15,19.2500,12.00,0.000,0.000,OFF,#4,HOLDING,0.000A/OFF
51279,2026-06-04 07:45:16,19.2250,12.00,0.000,0.000,OFF,#4,HOLDING,0.000A/OFF
51280,2026-06-04 07:45:17,19.2250,12.00,0.000,0.000,OFF,#4,HOLDING,0.000A/OFF
51281,2026-06-04 07:45:18,19.2250,12.00,0.000,0.000,OFF,#4,HOLDING,0.000A/OFF
51282,2026-06-04 07:45:19,19.2250,12.00,0.000,0.000,OFF,#4,HOLDING,0.000A/OFF
51283,2026-06-04 07:45:20,19.2000,12.00,0.000,0.000,OFF,#4,HOLDING,0.000A/OFF
51284,2026-06-04 07:45:21,19.2000,12.00,0.000,0.000,OFF,#4,HOLDING,0.000A/OFF
51285,2026-06-04 07:45:22,19.2000,12.00,0.000,0.000,OFF,#4,HOLDING,0.000A/OFF
51286,2026-06-04 07:45:23,19.2000,12.00,0.000,0.000,OFF,#4,HOLDING,0.000A/OFF
51287,2026-06-04 07:45:24,19.2500,12.00,0.000,0.000,OFF,#4,HOLDING,0.000A/OFF
51288,2026-06-04 07:45:25,19.2500,12.00,0.000,0.000,OFF,#4,HOLDING,0.000A/OFF
51289,2026-06-04 07:45:26,19.2750,12.00,0.000,0.000,OFF,#4,HOLDING,0.000A/OFF
51290,2026-06-04 07:45:27,19.2750,12.00,0.000,0.000,OFF,#4,HOLDING,0.000A/OFF
51291,2026-06-04 07:45:28,19.2875,12.00,0.000,0.000,OFF,#4,HOLDING,0.000A/OFF
51292,2026-06-04 07:45:29,19.2875,12.00,0.000,0.000,OFF,#4,HOLDING,0.000A/OFF
51293,2026-06-04 07:45:30,19.3625,12.00,0.000,0.000,OFF,#4,HOLDING,0.000A/OFF
51294,2026-06-04 07:45:31,19.3625,12.00,0.000,0.000,OFF,#4,HOLDING,0.000A/OFF
51295,2026-06-04 07:45:32,19.4125,12.00,0.000,0.000,OFF,#4,HOLDING,0.000A/OFF
51296,2026-06-04 07:45:33,19.4375,12.00,0.000,0.000,OFF,#4,HOLDING,0.000A/OFF
51297,2026-06-04 07:45:34,19.4375,12.00,0.000,0.000,OFF,#4,HOLDING,0.000A/OFF
51298,2026-06-04 07:45:35,19.4750,12.00,0.000,0.000,OFF,#4,HOLDING,0.000A/OFF
51299,2026-06-04 07:45:36,19.4750,12.00,0.000,0.000,OFF,#4,HOLDING,0.000A/OFF
51300,2026-06-04 07:45:37,19.5000,12.00,0.000,0.000,OFF,#4,HOLDING,0.000A/OFF
51301,2026-06-04 07:45:38,19.5000,12.00,0.000,0.000,OFF,#4,HOLDING,0.000A/OFF
51302,2026-06-04 07:45:39,19.5625,12.00,0.000,0.000,OFF,#4,HOLDING,0.000A/OFF
51303,2026-06-04 07:45:40,19.5625,12.00,0.000,0.000,OFF,#4,HOLDING,0.000A/OFF
51304,2026-06-04 07:45:41,19.6125,12.00,0.000,0.000,OFF,#4,HOLDING,0.000A/OFF
51305,2026-06-04 07:45:42,19.6125,12.00,0.000,0.000,OFF,#4,HOLDING,0.000A/OFF
51306,2026-06-04 07:45:43,19.6375,12.00,0.000,0.000,OFF,#4,HOLDING,0.000A/OFF
51307,2026-06-04 07:45:44,19.6375,12.00,0.000,0.000,OFF,#4,HOLDING,0.000A/OFF
51308,2026-06-04 07:45:45,19.7375,12.00,0.000,0.000,A,#4,HOLDING,0.104A/A
51309,2026-06-04 07:45:47,19.7625,12.00,0.000,0.247,A,#4,HOLDING,0.117A/A
51310,2026-06-04 07:45:50,19.8125,12.00,0.000,0.247,A,#4,HOLDING,0.140A/A
51311,2026-06-04 07:45:51,19.8750,12.00,0.000,0.247,A,#4,HOLDING,0.146A/A
51312,2026-06-04 07:45:53,19.9250,1.53,0.000,0.247,A,#4,HOLDING,0.168A/A
51313,2026-06-04 07:45:55,19.9750,1.53,0.168,0.341,A,#5,APPROACH,0.190A/A
51314,2026-06-04 07:45:57,20.0250,1.53,0.168,0.341,OFF,#5,HOLDING,0.000A/OFF
51315,2026-06-04 07:45:58,20.1000,1.53,0.168,0.341,OFF,#5,HOLDING,0.000A/OFF
51316,2026-06-04 07:45:59,20.1000,1.53,0.168,0.341,OFF,#5,HOLDING,0.000A/OFF
51317,2026-06-04 07:46:00,20.1250,1.53,0.168,0.341,OFF,#5,HOLDING,0.000A/OFF
51318,2026-06-04 07:46:01,20.1250,1.53,0.168,0.341,OFF,#5,HOLDING,0.000A/OFF
51319,2026-06-04 07:46:02,20.1625,12.00,0.168,0.341,OFF,#5,HOLDING,0.000A/OFF
51320,2026-06-04 07:46:03,20.1625,12.00,0.000,0.341,OFF,#5,HOLDING,0.000A/OFF
51321,2026-06-04 07:46:04,20.1875,12.00,0.000,0.000,OFF,#5,HOLDING,0.000A/OFF
51322,2026-06-04 07:46:05,20.1875,12.00,0.000,0.000,OFF,#5,HOLDING,0.000A/OFF
51323,2026-06-04 07:46:06,20.2250,12.00,0.000,0.000,OFF,#5,HOLDING,0.000A/OFF
51324,2026-06-04 07:46:07,20.2250,12.00,0.000,0.000,OFF,#5,HOLDING,0.000A/OFF
51325,2026-06-04 07:46:08,20.2750,12.00,0.000,0.000,OFF,#5,HOLDING,0.000A/OFF
51326,2026-06-04 07:46:09,20.2750,12.00,0.000,0.000,OFF,#5,HOLDING,0.000A/OFF
51327,2026-06-04 07:46:10,20.3250,12.00,0.000,0.000,OFF,#5,HOLDING,0.000A/OFF
51328,2026-06-04 07:46:11,20.3250,12.00,0.000,0.000,OFF,#5,HOLDING,0.000A/OFF
51329,2026-06-04 07:46:12,20.3750,12.00,0.000,0.000,OFF,#5,HOLDING,0.000A/OFF
51330,2026-06-04 07:46:13,20.3750,12.00,0.000,0.000,OFF,#5,HOLDING,0.000A/OFF
51331,2026-06-04 07:46:14,20.4125,12.00,0.000,0.000,OFF,#5,HOLDING,0.000A/OFF
51332,2026-06-04 07:46:15,20.4375,12.00,0.000,0.000,OFF,#5,HOLDING,0.000A/OFF
51333,2026-06-04 07:46:16,20.4375,12.00,0.000,0.000,OFF,#5,HOLDING,0.000A/OFF
51334,2026-06-04 07:46:17,20.5000,12.00,0.000,0.000,OFF,#5,HOLDING,0.000A/OFF
51335,2026-06-04 07:46:18,20.5000,12.00,0.000,0.000,OFF,#5,HOLDING,0.000A/OFF
51336,2026-06-04 07:46:19,20.5250,12.00,0.000,0.000,A,#5,HOLDING,0.105A/A
51337,2026-06-04 07:46:21,20.5750,12.00,0.000,0.000,A,#5,HOLDING,0.121A/A
51338,2026-06-04 07:46:23,20.5750,7.69,0.121,0.000,A,#5,HOLDING,0.140A/A
51339,2026-06-04 07:46:25,20.6250,7.69,0.121,0.247,A,#5,HOLDING,0.165A/A
51340,2026-06-04 07:46:26,20.6875,7.69,0.121,0.247,A,#5,HOLDING,0.190A/A
51341,2026-06-04 07:46:28,20.6875,7.69,0.121,0.247,A,#5,HOLDING,0.212A/A
51342,2026-06-04 07:46:30,20.7500,2.31,0.121,0.247,A,#5,HOLDING,0.242A/A
51343,2026-06-04 07:46:32,20.7500,2.31,0.242,0.650,A,#5,HOLDING,0.264A/A
51344,2026-06-04 07:46:34,20.8125,2.31,0.242,0.650,A,#5,HOLDING,0.309A/A
51345,2026-06-04 07:46:36,20.8125,2.31,0.242,0.650,A,#5,HOLDING,0.330A/A
51346,2026-06-04 07:46:38,20.8375,3.09,0.242,0.650,A,#5,HOLDING,0.364A/A
51347,2026-06-04 07:46:39,20.8625,3.09,0.364,1.274,A,#5,HOLDING,0.395A/A
51348,2026-06-04 07:46:42,20.8750,3.09,0.364,1.274,A,#5,HOLDING,0.438A/A
51349,2026-06-04 07:46:43,20.8750,3.09,0.364,1.274,A,#5,HOLDING,0.465A/A
51350,2026-06-04 07:46:45,20.9000,4.35,0.364,1.274,A,#5,HOLDING,0.499A/A
51351,2026-06-04 07:46:47,20.9000,4.35,0.499,2.355,A,#5,HOLDING,0.533A/A
51352,2026-06-04 07:46:49,20.9125,4.35,0.499,2.355,A,#5,HOLDING,0.578A/A
51353,2026-06-04 07:46:51,20.9375,4.35,0.499,2.355,A,#5,HOLDING,0.609A/A
51354,2026-06-04 07:46:53,20.9375,5.51,0.499,2.355,A,#5,HOLDING,0.645A/A
51355,2026-06-04 07:46:55,20.8875,5.51,0.645,3.850,A,#5,HOLDING,0.673A/A
51356,2026-06-04 07:46:57,20.8750,5.51,0.645,3.850,A,#5,HOLDING,0.712A/A
51357,2026-06-04 07:46:59,20.8750,5.51,0.645,3.850,OFF,--,DONE,0.741A/A
51358,2026-06-04 07:47:01,20.8750,10.64,0.645,3.850,OFF,--,DONE,--
51359,2026-06-04 07:47:02,20.8250,10.64,0.000,3.850,OFF,--,DONE,--
51360,2026-06-04 07:47:03,20.8250,10.64,0.000,0.000,OFF,--,DONE,--
51361,2026-06-04 07:47:04,20.8125,10.64,0.000,0.000,OFF,--,DONE,--
51362,2026-06-04 07:47:05,20.8125,4.32,0.000,0.000,OFF,--,DONE,--
51363,2026-06-04 07:47:06,20.8125,4.32,0.000,0.000,OFF,--,DONE,--
51364,2026-06-04 07:47:07,20.7750,4.32,0.000,0.000,OFF,--,DONE,--
51365,2026-06-04 07:47:08,20.7750,4.32,0.000,0.000,OFF,--,DONE,--
51366,2026-06-04 07:47:09,20.7500,1.75,0.000,0.000,OFF,--,DONE,--
51367,2026-06-04 07:47:10,20.7500,1.75,0.000,0.000,OFF,--,DONE,--
51368,2026-06-04 07:47:11,20.7500,1.75,0.000,0.000,OFF,--,DONE,--
51369,2026-06-04 07:47:12,20.7500,0.63,0.000,0.000,OFF,--,DONE,--
51370,2026-06-04 07:47:13,20.7250,0.63,0.000,0.000,OFF,--,DONE,--
51371,2026-06-04 07:47:14,20.7250,0.63,0.000,0.000,OFF,--,DONE,--
51372,2026-06-04 07:47:16,20.7500,0.63,0.000,0.000,OFF,--,DONE,--
51373,2026-06-04 07:47:17,20.7500,0.19,0.000,0.000,OFF,--,DONE,--
51374,2026-06-04 07:47:18,20.7500,0.19,0.000,0.000,OFF,--,DONE,--
51375,2026-06-04 07:47:19,20.7500,0.19,0.000,0.000,OFF,--,DONE,--
51376,2026-06-04 07:47:20,20.7250,0.00,0.000,0.000,OFF,--,DONE,--
51377,2026-06-04 07:47:21,20.7250,0.00,0.000,0.000,OFF,--,DONE,--
51378,2026-06-04 07:47:22,20.7500,0.00,0.000,0.000,OFF,--,DONE,--
51379,2026-06-04 07:47:23,20.7500,0.00,0.000,0.000,OFF,--,DONE,--
51380,2026-06-04 07:47:24,20.7500,0.00,0.000,0.000,OFF,--,DONE,--
51381,2026-06-04 07:47:25,20.7500,0.00,0.000,0.000,OFF,--,DONE,--
51382,2026-06-04 07:47:26,20.7500,0.00,0.000,0.000,OFF,--,DONE,--
51383,2026-06-04 07:47:27,20.7500,0.00,0.000,0.000,OFF,--,DONE,--
51384,2026-06-04 07:47:28,20.7500,0.00,0.000,0.000,OFF,--,DONE,--
51385,2026-06-04 07:47:29,20.7750,0.00,0.000,0.000,OFF,--,DONE,--
51386,2026-06-04 07:47:30,20.7750,0.00,0.000,0.000,OFF,--,DONE,--
51387,2026-06-04 07:47:31,20.8250,0.00,0.000,0.000,OFF,--,DONE,--
51388,2026-06-04 07:47:32,20.8250,0.00,0.000,0.000,OFF,--,DONE,--
51389,2026-06-04 07:47:33,20.8250,0.00,0.000,0.000,OFF,--,DONE,--
51390,2026-06-04 07:47:34,20.8250,0.00,0.000,0.000,OFF,--,DONE,--
51391,2026-06-04 07:47:35,20.8500,0.00,0.000,0.000,OFF,--,DONE,--
51392,2026-06-04 07:47:36,20.8500,0.00,0.000,0.000,OFF,--,DONE,--
51393,2026-06-04 07:47:37,20.8750,0.00,0.000,0.000,OFF,--,DONE,--
51394,2026-06-04 07:47:38,20.8750,0.00,0.000,0.000,OFF,--,DONE,--
51395,2026-06-04 07:47:39,20.8875,0.00,0.000,0.000,OFF,--,DONE,--
51396,2026-06-04 07:47:40,20.8875,0.00,0.000,0.000,OFF,--,DONE,--
51397,2026-06-04 07:47:41,20.9375,0.00,0.000,0.000,OFF,--,DONE,--
51398,2026-06-04 07:47:42,20.9375,0.00,0.000,0.000,OFF,--,DONE,--
51399,2026-06-04 07:47:43,20.9375,0.00,0.000,0.000,OFF,--,DONE,--
51400,2026-06-04 07:47:44,20.9875,0.00,0.000,0.000,OFF,--,DONE,--
51401,2026-06-04 07:47:45,20.9875,0.00,0.000,0.000,OFF,--,DONE,--
51402,2026-06-04 07:47:46,21.0000,0.00,0.000,0.000,OFF,--,DONE,--
51403,2026-06-04 07:47:47,21.0000,0.00,0.000,0.000,OFF,--,DONE,--
51404,2026-06-04 07:47:48,21.0000,0.00,0.000,0.000,OFF,--,DONE,--
51405,2026-06-04 07:47:49,21.0000,0.00,0.000,0.000,OFF,--,DONE,--
51406,2026-06-04 07:47:50,21.0375,0.00,0.000,0.000,OFF,--,DONE,--
51407,2026-06-04 07:47:51,21.0375,0.00,0.000,0.000,OFF,--,DONE,--
51408,2026-06-04 07:47:52,21.0625,0.00,0.000,0.000,OFF,--,DONE,--
51409,2026-06-04 07:47:53,21.0625,0.00,0.000,0.000,OFF,--,DONE,--
51410,2026-06-04 07:47:54,21.0625,0.00,0.000,0.000,OFF,--,DONE,--
51411,2026-06-04 07:47:55,21.0625,0.00,0.000,0.000,OFF,--,DONE,--
51412,2026-06-04 07:47:56,21.1125,0.00,0.000,0.000,OFF,--,DONE,--
51413,2026-06-04 07:47:57,21.1125,0.00,0.000,0.000,OFF,--,DONE,--
51414,2026-06-04 07:47:58,21.1375,0.00,0.000,0.000,OFF,--,DONE,--
51415,2026-06-04 07:47:59,21.1875,0.00,0.000,0.000,OFF,--,DONE,--
51416,2026-06-04 07:48:00,21.1875,0.00,0.000,0.000,OFF,--,DONE,--
51417,2026-06-04 07:48:01,21.1875,0.00,0.000,0.000,OFF,--,DONE,--
51418,2026-06-04 07:48:02,21.1875,0.00,0.000,0.000,OFF,--,DONE,--
51419,2026-06-04 07:48:03,21.2375,0.00,0.000,0.000,OFF,--,DONE,--
51420,2026-06-04 07:48:04,21.2375,0.00,0.000,0.000,OFF,--,DONE,--
51421,2026-06-04 07:48:06,21.2500,0.00,0.000,0.000,OFF,--,DONE,--
51422,2026-06-04 07:48:07,21.2500,0.00,0.000,0.000,OFF,--,DONE,--
51423,2026-06-04 07:48:08,21.2750,0.00,0.000,0.000,OFF,--,DONE,--
51424,2026-06-04 07:48:09,21.2750,0.00,0.000,0.000,OFF,--,DONE,--
51425,2026-06-04 07:48:10,21.3125,0.00,0.000,0.000,OFF,--,DONE,--
51426,2026-06-04 07:48:11,21.3125,0.00,0.000,0.000,OFF,--,DONE,--
51427,2026-06-04 07:48:12,21.3625,0.00,0.000,0.000,OFF,--,DONE,--
51428,2026-06-04 07:48:13,21.3625,0.00,0.000,0.000,OFF,--,DONE,--
51429,2026-06-04 07:48:14,21.3750,0.00,0.000,0.000,OFF,--,DONE,--
51430,2026-06-04 07:48:15,21.4000,0.00,0.000,0.000,OFF,--,DONE,--
51431,2026-06-04 07:48:16,21.4000,0.00,0.000,0.000,OFF,--,DONE,--
51432,2026-06-04 07:48:17,21.4375,0.00,0.000,0.000,OFF,--,DONE,--
51433,2026-06-04 07:48:18,21.4375,0.00,0.000,0.000,OFF,--,DONE,--
51434,2026-06-04 07:48:19,21.4375,0.00,0.000,0.000,OFF,--,DONE,--
51435,2026-06-04 07:48:20,21.4375,0.00,0.000,0.000,OFF,--,DONE,--
51436,2026-06-04 07:48:21,21.5000,0.00,0.000,0.000,OFF,--,DONE,--
51437,2026-06-04 07:48:22,21.5000,0.00,0.000,0.000,OFF,--,DONE,--
51438,2026-06-04 07:48:23,21.5000,0.00,0.000,0.000,OFF,--,DONE,--
51439,2026-06-04 07:48:24,21.5000,0.00,0.000,0.000,OFF,--,DONE,--
51440,2026-06-04 07:48:25,21.5125,0.00,0.000,0.000,OFF,--,DONE,--
51441,2026-06-04 07:48:26,21.5125,0.00,0.000,0.000,OFF,--,DONE,--
51442,2026-06-04 07:48:27,21.5125,0.00,0.000,0.000,OFF,--,DONE,--
51443,2026-06-04 07:48:28,21.5125,0.00,0.000,0.000,OFF,--,DONE,--
51444,2026-06-04 07:48:29,21.5625,0.00,0.000,0.000,OFF,--,DONE,--
51445,2026-06-04 07:48:30,21.5625,0.00,0.000,0.000,OFF,--,DONE,--
51446,2026-06-04 07:48:31,21.5875,0.00,0.000,0.000,OFF,--,DONE,--
51447,2026-06-04 07:48:32,21.5875,0.00,0.000,0.000,OFF,--,DONE,--
51448,2026-06-04 07:48:33,21.6250,0.00,0.000,0.000,OFF,--,DONE,--
51449,2026-06-04 07:48:34,21.6250,0.00,0.000,0.000,OFF,--,DONE,--
51450,2026-06-04 07:48:35,21.6250,0.00,0.000,0.000,OFF,--,DONE,--
51451,2026-06-04 07:48:36,21.6875,0.00,0.000,0.000,OFF,--,DONE,--
51452,2026-06-04 07:48:37,21.6875,0.00,0.000,0.000,OFF,--,DONE,--
51453,2026-06-04 07:48:38,21.6875,0.00,0.000,0.000,OFF,--,DONE,--
51454,2026-06-04 07:48:39,21.6875,0.00,0.000,0.000,OFF,--,DONE,--
51455,2026-06-04 07:48:40,21.6875,0.00,0.000,0.000,OFF,--,DONE,--
51456,2026-06-04 07:48:41,21.6875,0.00,0.000,0.000,OFF,--,DONE,--
51457,2026-06-04 07:48:42,21.7125,0.00,0.000,0.000,OFF,--,DONE,--
51458,2026-06-04 07:48:43,21.7125,0.00,0.000,0.000,OFF,--,DONE,--
51459,2026-06-04 07:48:44,21.7500,0.00,0.000,0.000,OFF,--,DONE,--
51460,2026-06-04 07:48:45,21.7500,0.00,0.000,0.000,OFF,--,DONE,--
51461,2026-06-04 07:48:46,21.7500,0.00,0.000,0.000,OFF,--,DONE,--
51462,2026-06-04 07:48:48,21.7500,0.00,0.000,0.000,OFF,--,DONE,--
51463,2026-06-04 07:48:49,21.7875,0.00,0.000,0.000,OFF,--,DONE,--
51464,2026-06-04 07:48:50,21.8125,0.00,0.000,0.000,OFF,--,DONE,--
51465,2026-06-04 07:48:51,21.8125,0.00,0.000,0.000,OFF,--,DONE,--
51466,2026-06-04 07:48:52,21.8125,0.00,0.000,0.000,OFF,--,DONE,--
51467,2026-06-04 07:48:53,21.8125,0.00,0.000,0.000,OFF,--,DONE,--
51468,2026-06-04 07:48:54,21.8625,0.00,0.000,0.000,OFF,--,DONE,--
51469,2026-06-04 07:48:55,21.8625,0.00,0.000,0.000,OFF,--,DONE,--
51470,2026-06-04 07:48:56,21.8500,0.00,0.000,0.000,OFF,--,DONE,--
51471,2026-06-04 07:48:57,21.8500,0.00,0.000,0.000,OFF,--,DONE,--
51472,2026-06-04 07:48:58,21.8750,0.00,0.000,0.000,OFF,--,DONE,--
51473,2026-06-04 07:48:59,21.8750,0.00,0.000,0.000,OFF,--,DONE,--
51474,2026-06-04 07:49:00,21.9125,0.00,0.000,0.000,OFF,--,DONE,--
51475,2026-06-04 07:49:01,21.9125,0.00,0.000,0.000,OFF,--,DONE,--
51476,2026-06-04 07:49:02,21.9375,0.00,0.000,0.000,OFF,--,DONE,--
51477,2026-06-04 07:49:03,21.9375,0.00,0.000,0.000,OFF,--,DONE,--
51478,2026-06-04 07:49:04,21.9375,0.00,0.000,0.000,B,#1,APPROACH,3.000A/B
51479,2026-06-04 07:49:06,21.9625,0.00,0.000,0.000,B,#1,APPROACH,3.000A/B
51480,2026-06-04 07:49:08,21.9750,0.00,0.000,0.000,B,#1,APPROACH,1.000A/B
51481,2026-06-04 07:49:10,22.0000,0.00,0.000,0.000,B,#1,APPROACH,3.000A/B
51482,2026-06-04 07:49:11,22.0000,12.00,1.545,0.000,B,#1,APPROACH,1.000A/B
51483,2026-06-04 07:49:13,22.0250,12.00,1.545,8.470,B,#1,APPROACH,2.000A/B
51484,2026-06-04 07:49:15,22.0750,12.00,1.545,8.470,B,#1,APPROACH,2.500A/B
51485,2026-06-04 07:49:17,22.1750,12.00,1.545,8.470,B,#1,APPROACH,2.693A/B
51486,2026-06-04 07:49:18,22.2375,12.00,1.545,8.470,B,#1,APPROACH,1.500A/B
51487,2026-06-04 07:49:20,22.3375,12.00,1.488,17.556,B,#1,APPROACH,2.829A/B
51488,2026-06-04 07:49:23,22.4500,12.00,1.488,17.556,B,#1,APPROACH,1.000A/B
51489,2026-06-04 07:49:24,22.5750,12.00,1.488,17.556,B,#1,APPROACH,1.500A/B
51490,2026-06-04 07:49:26,22.5750,12.00,1.488,17.556,B,#1,APPROACH,1.982A/B
51491,2026-06-04 07:49:28,22.7250,12.00,1.435,17.004,B,#1,APPROACH,2.500A/B
51492,2026-06-04 07:49:30,22.9875,12.00,1.435,17.004,B,#1,APPROACH,1.500A/B
51493,2026-06-04 07:49:32,23.1875,12.00,1.435,17.004,B,#1,APPROACH,2.262A/B
51494,2026-06-04 07:49:34,23.1875,12.00,1.435,17.004,B,#1,APPROACH,2.182A/B
51495,2026-06-04 07:49:36,23.3625,12.00,1.396,16.572,B,#1,APPROACH,2.260A/B
51496,2026-06-04 07:49:38,23.7375,12.00,1.396,16.572,B,#1,APPROACH,1.000A/B
51497,2026-06-04 07:49:40,23.9375,12.00,1.396,16.572,B,#1,APPROACH,2.000A/B
51498,2026-06-04 07:49:41,23.9375,12.00,1.396,16.572,B,#1,APPROACH,2.500A/B
51499,2026-06-04 07:49:43,24.1125,12.00,1.368,16.236,B,#1,APPROACH,1.500A/B
51500,2026-06-04 07:49:46,24.5250,12.00,1.368,16.236,B,#1,APPROACH,1.500A/B
51501,2026-06-04 07:49:47,24.7250,12.00,1.368,16.236,B,#1,APPROACH,1.000A/B
51502,2026-06-04 07:49:49,24.7250,9.49,1.368,16.236,B,#1,APPROACH,2.000A/B
51503,2026-06-04 07:49:51,24.9250,9.49,1.349,16.032,B,#1,APPROACH,1.000A/B
51504,2026-06-04 07:49:53,25.3375,9.49,1.349,16.032,B,#1,APPROACH,2.389A/B
51505,2026-06-04 07:49:55,25.5625,9.49,1.349,16.032,B,#1,APPROACH,2.509A/B
51506,2026-06-04 07:49:57,25.5625,12.00,1.349,16.032,B,#1,APPROACH,1.500A/B
51507,2026-06-04 07:49:59,25.7750,12.00,1.335,15.852,B,#1,APPROACH,2.500A/B
51508,2026-06-04 07:50:01,26.1500,12.00,1.335,15.852,B,#1,APPROACH,1.000A/B
51509,2026-06-04 07:50:03,26.3250,12.00,1.335,15.852,B,#1,APPROACH,2.717A/B
51510,2026-06-04 07:50:04,26.3250,12.00,1.335,15.852,B,#1,APPROACH,2.860A/B
51511,2026-06-04 07:50:06,26.5250,12.00,1.318,15.672,B,#1,APPROACH,1.500A/B
51512,2026-06-04 07:50:09,26.9250,12.00,1.318,15.672,B,#1,APPROACH,1.500A/B
51513,2026-06-04 07:50:10,27.0750,12.00,1.318,15.672,B,#1,APPROACH,1.500A/B
51514,2026-06-04 07:50:12,27.0750,12.00,1.318,15.672,B,#1,APPROACH,1.000A/B
51515,2026-06-04 07:50:14,27.2750,12.00,1.050,9.860,B,#1,APPROACH,2.500A/B
51516,2026-06-04 07:50:16,27.6750,12.00,1.050,9.860,B,#1,APPROACH,2.897A/B
51517,2026-06-04 07:50:18,27.8750,12.00,1.050,9.860,B,#1,APPROACH,1.500A/B
51518,2026-06-04 07:50:20,27.8750,12.00,1.050,9.860,B,#1,APPROACH,2.500A/B
51519,2026-06-04 07:50:22,28.0625,12.00,1.298,15.444,B,#1,APPROACH,1.500A/B
51520,2026-06-04 07:50:24,28.4875,12.00,1.298,15.444,B,#1,APPROACH,1.000A/B
51521,2026-06-04 07:50:26,28.6875,12.00,1.298,15.444,B,#1,APPROACH,1.500A/B
51522,2026-06-04 07:50:27,28.6875,12.00,1.298,15.444,B,#1,APPROACH,2.500A/B
51523,2026-06-04 07:50:29,28.8750,12.00,1.286,15.300,B,#1,APPROACH,1.500A/B
51524,2026-06-04 07:50:32,29.2750,12.00,1.286,15.300,B,#1,APPROACH,2.000A/B
51525,2026-06-04 07:50:33,29.4750,12.00,1.286,15.300,B,#1,APPROACH,2.500A/B
51526,2026-06-04 07:50:35,29.4750,12.00,1.286,15.300,B,#1,APPROACH,1.500A/B
51527,2026-06-04 07:50:37,29.6750,12.00,1.277,15.180,B,#1,APPROACH,1.500A/B
51528,2026-06-04 07:50:39,30.1125,12.00,1.277,15.180,B,#1,HOLDING,1.000A/B
51529,2026-06-04 07:50:41,30.3125,12.00,1.277,15.180,OFF,#1,HOLDING,0.000A/OFF
51530,2026-06-04 07:50:42,30.3125,12.00,1.277,15.180,OFF,#1,HOLDING,0.000A/OFF
51531,2026-06-04 07:50:43,30.5000,12.00,1.277,15.180,OFF,#1,HOLDING,0.000A/OFF
51532,2026-06-04 07:50:44,30.5000,12.00,0.000,15.180,OFF,#1,HOLDING,0.000A/OFF
51533,2026-06-04 07:50:45,30.7000,12.00,0.000,0.000,OFF,#1,HOLDING,0.000A/OFF
51534,2026-06-04 07:50:46,30.7000,12.00,0.000,0.000,OFF,#1,HOLDING,0.000A/OFF
51535,2026-06-04 07:50:47,30.8625,12.00,0.000,0.000,OFF,#1,HOLDING,0.000A/OFF
51536,2026-06-04 07:50:48,30.8625,12.00,0.000,0.000,OFF,#1,HOLDING,0.000A/OFF
51537,2026-06-04 07:50:49,31.0625,12.00,0.000,0.000,OFF,#1,HOLDING,0.000A/OFF
51538,2026-06-04 07:50:50,31.0625,12.00,0.000,0.000,OFF,#1,HOLDING,0.000A/OFF
51539,2026-06-04 07:50:51,31.2250,12.00,0.000,0.000,OFF,#1,HOLDING,0.000A/OFF
51540,2026-06-04 07:50:52,31.2250,12.00,0.000,0.000,OFF,#1,HOLDING,0.000A/OFF
51541,2026-06-04 07:50:53,31.3250,12.00,0.000,0.000,OFF,#1,HOLDING,0.000A/OFF
51542,2026-06-04 07:50:54,31.3250,12.00,0.000,0.000,OFF,#1,HOLDING,0.000A/OFF
51543,2026-06-04 07:50:55,31.4750,12.00,0.000,0.000,OFF,#1,HOLDING,0.000A/OFF
51544,2026-06-04 07:50:56,31.4750,12.00,0.000,0.000,OFF,#1,HOLDING,0.000A/OFF
51545,2026-06-04 07:50:57,31.5750,12.00,0.000,0.000,A,#1,HOLDING,0.133A/A
51546,2026-06-04 07:50:59,31.6875,12.00,0.000,0.000,A,#1,HOLDING,0.160A/A
51547,2026-06-04 07:51:01,31.7375,12.00,0.000,0.000,A,#1,HOLDING,0.250A/A
51548,2026-06-04 07:51:03,31.7875,1.45,0.000,0.000,A,#1,HOLDING,0.280A/A
51549,2026-06-04 07:51:05,31.8125,1.45,0.280,0.534,A,#1,HOLDING,0.316A/A
51550,2026-06-04 07:51:07,31.8750,1.45,0.280,0.534,A,#1,HOLDING,0.374A/A
51551,2026-06-04 07:51:09,31.8750,1.45,0.280,0.534,A,#1,HOLDING,0.407A/A
51552,2026-06-04 07:51:10,31.9000,3.03,0.280,0.534,A,#1,HOLDING,0.452A/A
51553,2026-06-04 07:51:12,31.8750,3.03,0.452,1.595,A,#1,HOLDING,0.487A/A
51554,2026-06-04 07:51:15,31.9125,3.03,0.452,1.595,A,#1,HOLDING,0.550A/A
51555,2026-06-04 07:51:16,31.8875,3.03,0.452,1.595,A,#1,HOLDING,0.581A/A
51556,2026-06-04 07:51:18,31.8750,4.63,0.452,1.595,A,#1,HOLDING,0.626A/A
51557,2026-06-04 07:51:20,31.8250,4.63,0.626,3.236,A,#1,HOLDING,0.657A/A
51558,2026-06-04 07:51:22,31.8125,4.63,0.626,3.236,A,#1,HOLDING,0.711A/A
51559,2026-06-04 07:51:24,31.7625,4.63,0.626,3.236,A,#1,HOLDING,0.738A/A
51560,2026-06-04 07:51:26,31.7125,6.10,0.626,3.236,A,#1,HOLDING,0.773A/A
51561,2026-06-04 07:51:28,31.6375,6.10,0.773,5.078,A,#1,HOLDING,0.751A/A
51562,2026-06-04 07:51:30,31.5875,6.10,0.773,5.078,A,#1,HOLDING,0.796A/A
51563,2026-06-04 07:51:32,31.4875,6.10,0.773,5.078,A,#1,HOLDING,0.814A/A
51564,2026-06-04 07:51:34,31.4000,6.90,0.773,5.078,A,#1,HOLDING,0.839A/A
51565,2026-06-04 07:51:35,31.3000,6.90,0.839,6.082,A,#1,HOLDING,0.855A/A
51566,2026-06-04 07:51:38,31.2125,6.90,0.839,6.082,A,#1,HOLDING,0.884A/A
51567,2026-06-04 07:51:39,31.1125,6.90,0.839,6.082,A,#1,HOLDING,0.895A/A
51568,2026-06-04 07:51:41,30.9875,7.68,0.839,6.082,A,#1,HOLDING,0.903A/A
51569,2026-06-04 07:51:43,30.8625,7.68,0.903,7.133,A,#1,HOLDING,0.905A/A
51570,2026-06-04 07:51:45,30.7000,7.68,0.903,7.133,A,#1,HOLDING,0.904A/A
51571,2026-06-04 07:51:47,30.5500,7.68,0.903,7.133,A,#1,HOLDING,0.894A/A
51572,2026-06-04 07:51:49,30.4250,7.83,0.903,7.133,A,#1,HOLDING,0.884A/A
51573,2026-06-04 07:51:51,30.2500,7.83,0.884,6.983,A,#1,HOLDING,0.862A/A
51574,2026-06-04 07:51:53,30.0750,7.83,0.884,6.983,A,#1,HOLDING,0.835A/A
51575,2026-06-04 07:51:55,29.9250,7.83,0.884,6.983,A,#1,HOLDING,0.805A/A
51576,2026-06-04 07:51:57,29.7625,7.35,0.884,6.983,A,#1,HOLDING,0.771A/A
51577,2026-06-04 07:51:58,29.5625,7.35,0.786,5.535,A,#1,HOLDING,0.666A/A
51578,2026-06-04 07:52:01,29.3875,7.35,0.786,5.535,A,#1,HOLDING,0.597A/A
51579,2026-06-04 07:52:02,29.1875,7.35,0.786,5.535,A,#1,HOLDING,0.531A/A
51580,2026-06-04 07:52:04,29.0250,5.25,0.786,5.535,A,#1,HOLDING,0.464A/A
51581,2026-06-04 07:52:06,28.8500,5.25,0.496,2.204,A,#1,HOLDING,0.382A/A
51582,2026-06-04 07:52:08,28.6375,5.25,0.496,2.204,A,#1,HOLDING,0.280A/A
51583,2026-06-04 07:52:10,28.4875,5.25,0.496,2.204,A,#1,HOLDING,0.199A/A
51584,2026-06-04 07:52:12,28.3000,5.25,0.496,2.204,OFF,#1,HOLDING,0.000A/OFF
51585,2026-06-04 07:52:13,28.3000,2.49,0.496,2.204,OFF,#1,HOLDING,0.000A/OFF
51586,2026-06-04 07:52:14,28.1250,2.49,0.199,2.204,OFF,#1,HOLDING,0.000A/OFF
51587,2026-06-04 07:52:15,28.1250,2.49,0.199,0.652,OFF,#1,HOLDING,0.000A/OFF
51588,2026-06-04 07:52:16,27.9500,2.49,0.199,0.652,B,#1,HOLDING,0.141A/B
51589,2026-06-04 07:52:17,27.8000,2.49,0.199,0.652,B,#1,HOLDING,0.223A/B
51590,2026-06-04 07:52:19,27.6375,1.80,0.199,0.652,B,#1,HOLDING,0.297A/B
51591,2026-06-04 07:52:21,27.4875,1.80,0.297,0.792,B,#1,HOLDING,0.418A/B
51592,2026-06-04 07:52:23,27.3375,1.80,0.297,0.792,B,#1,HOLDING,0.581A/B
51593,2026-06-04 07:52:25,27.2375,1.80,0.297,0.792,B,#1,HOLDING,0.695A/B
51594,2026-06-04 07:52:27,27.0875,5.94,0.297,0.792,B,#1,HOLDING,0.838A/B
51595,2026-06-04 07:52:29,26.9875,5.94,0.826,6.016,B,#1,HOLDING,0.980A/B
51596,2026-06-04 07:52:31,26.8875,5.94,0.826,6.016,B,#1,HOLDING,1.165A/B
51597,2026-06-04 07:52:33,26.7875,5.94,0.826,6.016,B,#1,HOLDING,1.293A/B
51598,2026-06-04 07:52:34,26.7375,10.33,0.826,6.016,B,#1,HOLDING,1.444A/B
51599,2026-06-04 07:52:36,26.6875,10.33,1.444,16.793,B,#1,HOLDING,1.592A/B
51600,2026-06-04 07:52:39,26.6250,10.33,1.444,16.793,B,#1,HOLDING,1.786A/B
51601,2026-06-04 07:52:40,26.6250,10.33,1.444,16.793,B,#1,HOLDING,1.500A/B
51602,2026-06-04 07:52:42,26.6000,12.00,1.444,16.793,B,#1,HOLDING,1.915A/B
51603,2026-06-04 07:52:44,26.6250,12.00,1.457,17.268,B,#1,HOLDING,1.000A/B
51604,2026-06-04 07:52:46,26.6250,12.00,1.457,17.268,B,#1,HOLDING,1.000A/B
51605,2026-06-04 07:52:48,26.7000,12.00,1.457,17.268,B,#1,HOLDING,2.054A/B
51606,2026-06-04 07:52:50,26.7500,12.00,1.457,17.268,B,#1,HOLDING,2.000A/B
51607,2026-06-04 07:52:52,26.8250,12.00,1.415,16.812,B,#1,HOLDING,1.500A/B
51608,2026-06-04 07:52:54,26.9250,12.00,1.415,16.812,B,#1,HOLDING,1.000A/B
51609,2026-06-04 07:52:56,27.0250,12.00,1.415,16.812,B,#1,HOLDING,2.000A/B
51610,2026-06-04 07:52:58,27.1125,12.00,1.415,16.812,B,#1,HOLDING,1.500A/B
51611,2026-06-04 07:52:59,27.2375,12.00,1.379,16.356,B,#1,HOLDING,2.000A/B
51612,2026-06-04 07:53:02,27.3500,12.00,1.379,16.356,B,#1,HOLDING,2.163A/B
51613,2026-06-04 07:53:03,27.4750,12.00,1.379,16.356,B,#1,HOLDING,2.258A/B
51614,2026-06-04 07:53:05,27.6125,12.00,1.379,16.356,B,#1,HOLDING,1.500A/B
51615,2026-06-04 07:53:07,27.7125,12.00,1.350,16.032,B,#1,HOLDING,1.000A/B
51616,2026-06-04 07:53:09,27.8625,12.00,1.350,16.032,B,#1,HOLDING,1.000A/B
51617,2026-06-04 07:53:11,28.0125,12.00,1.350,16.032,B,#1,HOLDING,1.000A/B
51618,2026-06-04 07:53:13,28.1625,9.54,1.350,16.032,B,#1,HOLDING,2.304A/B
51619,2026-06-04 07:53:15,28.3125,9.54,1.331,15.828,B,#1,HOLDING,1.500A/B
51620,2026-06-04 07:53:17,28.4250,9.54,1.331,15.828,B,#1,HOLDING,2.000A/B
51621,2026-06-04 07:53:19,28.6000,9.54,1.331,15.828,B,#1,HOLDING,1.500A/B
51622,2026-06-04 07:53:21,28.7625,12.00,1.331,15.828,B,#1,HOLDING,2.362A/B
51623,2026-06-04 07:53:22,28.8875,12.00,1.316,15.624,B,#1,HOLDING,1.500A/B
51624,2026-06-04 07:53:25,29.0125,12.00,1.316,15.624,B,#1,HOLDING,1.000A/B
51625,2026-06-04 07:53:26,29.1375,12.00,1.316,15.624,B,#1,HOLDING,1.500A/B
51626,2026-06-04 07:53:28,29.3000,12.00,1.316,15.624,B,#1,HOLDING,2.000A/B
51627,2026-06-04 07:53:30,29.5000,12.00,1.299,15.444,B,#1,HOLDING,1.500A/B
51628,2026-06-04 07:53:32,29.6750,12.00,1.299,15.444,B,#1,HOLDING,2.000A/B
51629,2026-06-04 07:53:34,29.8250,12.00,1.299,15.444,B,#1,HOLDING,1.500A/B
51630,2026-06-04 07:53:36,29.9875,12.00,1.299,15.444,B,#1,HOLDING,2.333A/B
51631,2026-06-04 07:53:38,30.1875,12.00,1.286,15.288,B,#1,HOLDING,2.346A/B
51632,2026-06-04 07:53:40,30.3625,12.00,1.286,15.288,B,#1,HOLDING,1.000A/B
51633,2026-06-04 07:53:42,30.5125,12.00,1.286,15.288,B,#1,HOLDING,2.000A/B
51634,2026-06-04 07:53:44,30.6750,12.00,1.286,15.288,B,#2,APPROACH,2.370A/B
51635,2026-06-04 07:53:45,30.8250,12.00,1.275,0.000,A,#2,APPROACH,0.116A/A
51636,2026-06-04 07:53:48,30.9875,12.00,1.275,0.000,A,#2,APPROACH,0.206A/A
51637,2026-06-04 07:53:50,31.1375,12.00,1.275,0.000,A,#2,APPROACH,0.298A/A
51638,2026-06-04 07:53:52,31.3000,12.00,1.275,0.000,A,#2,APPROACH,0.400A/A
51639,2026-06-04 07:53:53,31.4500,2.50,1.275,0.000,A,#2,APPROACH,0.496A/A
51640,2026-06-04 07:53:55,31.6125,2.50,0.496,1.716,A,#2,APPROACH,0.610A/A
51641,2026-06-04 07:53:58,31.7125,2.50,0.496,1.716,A,#2,APPROACH,0.735A/A
51642,2026-06-04 07:53:59,31.8250,2.50,0.496,1.716,A,#2,APPROACH,0.830A/A
51643,2026-06-04 07:54:01,31.9000,6.24,0.496,1.716,A,#2,APPROACH,0.937A/A
51644,2026-06-04 07:54:03,31.9500,6.24,0.937,6.868,A,#2,APPROACH,1.028A/A
51645,2026-06-04 07:54:05,32.0000,6.24,0.937,6.868,A,#2,APPROACH,1.175A/A
51646,2026-06-04 07:54:07,32.0250,6.24,0.937,6.868,A,#2,APPROACH,1.275A/A
51647,2026-06-04 07:54:09,32.0500,9.83,0.937,6.868,A,#2,APPROACH,1.393A/A
51648,2026-06-04 07:54:11,32.0375,9.83,1.393,15.267,A,#2,APPROACH,1.500A/A
51649,2026-06-04 07:54:13,32.0125,9.83,1.393,15.267,A,#2,APPROACH,1.500A/A
51650,2026-06-04 07:54:15,31.9875,9.83,1.393,15.267,A,#2,APPROACH,1.501A/A
51651,2026-06-04 07:54:17,31.9375,11.73,1.393,15.267,A,#2,APPROACH,1.610A/A
51652,2026-06-04 07:54:18,31.8750,11.73,1.513,17.988,A,#2,APPROACH,1.500A/A
51653,2026-06-04 07:54:21,31.8000,11.73,1.513,17.988,A,#2,APPROACH,1.698A/A
51654,2026-06-04 07:54:22,31.7125,11.73,1.513,17.988,A,#2,APPROACH,1.500A/A
51655,2026-06-04 07:54:24,31.6125,12.00,1.513,17.988,A,#2,APPROACH,1.769A/A
51656,2026-06-04 07:54:26,31.4625,12.00,1.480,17.592,A,#2,APPROACH,1.500A/A
51657,2026-06-04 07:54:28,31.3125,12.00,1.480,17.592,A,#2,APPROACH,1.838A/A
51658,2026-06-04 07:54:30,31.2000,12.00,1.480,17.592,A,#2,APPROACH,1.500A/A
51659,2026-06-04 07:54:32,31.0250,12.00,1.480,17.592,A,#2,APPROACH,1.892A/A
51660,2026-06-04 07:54:34,30.8375,12.00,1.452,17.244,A,#2,APPROACH,1.000A/A
51661,2026-06-04 07:54:36,30.6875,12.00,1.452,17.244,A,#2,APPROACH,1.500A/A
51662,2026-06-04 07:54:38,30.5000,12.00,1.452,17.244,A,#2,APPROACH,1.500A/A
51663,2026-06-04 07:54:40,30.3000,12.00,1.452,17.244,A,#2,APPROACH,1.918A/A
51664,2026-06-04 07:54:41,30.0750,12.00,1.434,17.064,A,#2,APPROACH,1.000A/A
51665,2026-06-04 07:54:44,29.8750,12.00,1.434,17.064,A,#2,HOLDING,1.888A/A
51666,2026-06-04 07:54:45,29.6750,12.00,1.434,17.064,OFF,#2,HOLDING,0.000A/OFF
51667,2026-06-04 07:54:46,29.4750,12.00,1.434,17.064,OFF,#2,HOLDING,0.000A/OFF
51668,2026-06-04 07:54:47,29.4750,12.00,1.434,17.064,OFF,#2,HOLDING,0.000A/OFF
51669,2026-06-04 07:54:48,29.2625,12.00,0.545,17.064,OFF,#2,HOLDING,0.000A/OFF
51670,2026-06-04 07:54:49,29.2625,12.00,0.545,0.000,OFF,#2,HOLDING,0.000A/OFF
51671,2026-06-04 07:54:50,29.0625,12.00,0.545,0.000,OFF,#2,HOLDING,0.000A/OFF
51672,2026-06-04 07:54:51,29.0625,12.00,0.545,0.000,OFF,#2,HOLDING,0.000A/OFF
51673,2026-06-04 07:54:53,28.8250,12.00,0.545,0.000,OFF,#2,HOLDING,0.000A/OFF
51674,2026-06-04 07:54:54,28.8250,12.00,0.545,0.000,OFF,#2,HOLDING,0.000A/OFF
51675,2026-06-04 07:54:55,28.6250,12.00,0.000,0.000,OFF,#2,HOLDING,0.000A/OFF
51676,2026-06-04 07:54:56,28.6250,12.00,0.000,0.000,OFF,#2,HOLDING,0.000A/OFF
51677,2026-06-04 07:54:57,28.4500,12.00,0.000,0.000,OFF,#2,HOLDING,0.000A/OFF
51678,2026-06-04 07:54:58,28.4500,12.00,0.000,0.000,OFF,#2,HOLDING,0.000A/OFF
51679,2026-06-04 07:54:59,28.2500,12.00,0.000,0.000,OFF,#2,HOLDING,0.000A/OFF
51680,2026-06-04 07:55:00,28.2500,12.00,0.000,0.000,OFF,#2,HOLDING,0.000A/OFF
51681,2026-06-04 07:55:01,28.1000,12.00,0.000,0.000,OFF,#2,HOLDING,0.000A/OFF
51682,2026-06-04 07:55:02,28.1000,12.00,0.000,0.000,OFF,#2,HOLDING,0.000A/OFF
51683,2026-06-04 07:55:03,27.9500,12.00,0.000,0.000,OFF,#2,HOLDING,0.000A/OFF
51684,2026-06-04 07:55:04,27.9500,12.00,0.000,0.000,OFF,#2,HOLDING,0.000A/OFF
51685,2026-06-04 07:55:05,27.8250,12.00,0.000,0.000,B,#2,HOLDING,0.185A/B
51686,2026-06-04 07:55:06,27.6750,12.00,0.000,0.000,B,#2,HOLDING,0.226A/B
51687,2026-06-04 07:55:08,27.5250,7.40,0.226,0.000,B,#2,HOLDING,0.295A/B
51688,2026-06-04 07:55:10,27.4250,7.40,0.226,0.793,B,#2,HOLDING,0.342A/B
51689,2026-06-04 07:55:11,27.4250,7.40,0.226,0.793,B,#2,HOLDING,0.373A/B
51690,2026-06-04 07:55:13,27.3000,7.40,0.226,0.793,B,#2,HOLDING,0.428A/B
51691,2026-06-04 07:55:15,27.2250,3.79,0.226,0.793,B,#2,HOLDING,0.491A/B
51692,2026-06-04 07:55:17,27.1125,3.79,0.491,2.194,B,#2,HOLDING,0.575A/B
51693,2026-06-04 07:55:19,27.0125,3.79,0.491,2.194,B,#2,HOLDING,0.663A/B
51694,2026-06-04 07:55:21,26.9375,3.79,0.491,2.194,B,#2,HOLDING,0.731A/B
51695,2026-06-04 07:55:23,26.8875,6.42,0.491,2.194,B,#2,HOLDING,0.801A/B
51696,2026-06-04 07:55:24,26.8125,6.42,0.801,5.655,B,#2,HOLDING,0.883A/B
51697,2026-06-04 07:55:27,26.7875,6.42,0.801,5.655,B,#2,HOLDING,0.977A/B
51698,2026-06-04 07:55:28,26.7500,6.42,0.801,5.655,B,#2,HOLDING,1.000A/B
51699,2026-06-04 07:55:30,26.7500,8.50,0.801,5.655,B,#2,HOLDING,1.040A/B
51700,2026-06-04 07:55:32,26.7500,8.50,1.040,9.360,B,#2,HOLDING,1.117A/B
51701,2026-06-04 07:55:35,26.7500,8.50,1.040,9.360,B,#2,HOLDING,1.214A/B
51702,2026-06-04 07:55:36,26.7500,8.50,1.040,9.360,B,#2,HOLDING,1.000A/B
51703,2026-06-04 07:55:38,26.7750,8.79,1.040,9.360,B,#2,HOLDING,1.279A/B
51704,2026-06-04 07:55:40,26.8125,8.79,1.279,13.966,B,#2,HOLDING,1.351A/B
51705,2026-06-04 07:55:42,26.8625,8.79,1.279,13.966,B,#2,HOLDING,1.000A/B
51706,2026-06-04 07:55:44,26.9125,8.79,1.279,13.966,B,#2,HOLDING,1.436A/B
51707,2026-06-04 07:55:46,26.9375,12.00,1.279,13.966,B,#2,HOLDING,1.509A/B
51708,2026-06-04 07:55:48,27.0375,12.00,1.417,16.788,B,#2,HOLDING,1.500A/B
51709,2026-06-04 07:55:50,27.2250,12.00,1.417,16.788,B,#2,HOLDING,1.500A/B
51710,2026-06-04 07:55:52,27.2250,12.00,1.417,16.788,B,#2,HOLDING,1.000A/B
51711,2026-06-04 07:55:53,27.3000,9.20,1.417,16.788,B,#2,HOLDING,1.550A/B
51712,2026-06-04 07:55:55,27.3875,9.20,1.380,16.392,B,#2,HOLDING,1.607A/B
51713,2026-06-04 07:55:58,27.6625,9.20,1.380,16.392,B,#2,HOLDING,1.500A/B
51714,2026-06-04 07:55:59,27.6625,9.20,1.380,16.392,B,#2,HOLDING,1.000A/B
51715,2026-06-04 07:56:01,27.7375,9.39,1.380,16.392,B,#2,HOLDING,1.636A/B
51716,2026-06-04 07:56:03,27.8625,9.39,1.354,16.092,B,#2,HOLDING,1.500A/B
51717,2026-06-04 07:56:05,28.1125,9.39,1.354,16.092,B,#2,HOLDING,1.607A/B
51718,2026-06-04 07:56:07,28.1125,9.39,1.354,16.092,B,#2,HOLDING,1.639A/B
51719,2026-06-04 07:56:09,28.2625,12.00,1.354,16.092,B,#2,HOLDING,1.662A/B
51720,2026-06-04 07:56:11,28.3625,12.00,1.332,15.828,B,#2,HOLDING,1.500A/B
51721,2026-06-04 07:56:13,28.6125,12.00,1.332,15.828,B,#2,HOLDING,1.673A/B
51722,2026-06-04 07:56:15,28.6125,12.00,1.332,15.828,B,#2,HOLDING,1.696A/B
51723,2026-06-04 07:56:17,28.8125,12.00,1.332,15.828,B,#2,HOLDING,1.691A/B
51724,2026-06-04 07:56:18,28.9250,12.00,1.314,15.576,B,#2,HOLDING,1.697A/B
51725,2026-06-04 07:56:21,29.2375,12.00,1.314,15.576,B,#2,HOLDING,1.658A/B
51726,2026-06-04 07:56:22,29.2375,12.00,1.314,15.576,B,#2,HOLDING,1.000A/B
51727,2026-06-04 07:56:24,29.3875,9.80,1.314,15.576,B,#2,HOLDING,1.662A/B
51728,2026-06-04 07:56:26,29.5500,9.80,1.147,15.408,B,#2,HOLDING,1.645A/B
51729,2026-06-04 07:56:28,29.8500,9.80,1.147,15.408,B,#2,HOLDING,1.576A/B
51730,2026-06-04 07:56:30,29.8500,9.80,1.147,15.408,B,#2,HOLDING,1.560A/B
51731,2026-06-04 07:56:32,30.0000,12.00,1.147,15.408,B,#2,HOLDING,1.000A/B
51732,2026-06-04 07:56:34,30.1500,12.00,1.144,9.940,B,#2,HOLDING,1.465A/B
51733,2026-06-04 07:56:36,30.4875,12.00,1.144,9.940,B,#2,HOLDING,1.000A/B
51734,2026-06-04 07:56:38,30.4875,12.00,1.144,9.940,B,#2,HOLDING,1.360A/B
51735,2026-06-04 07:56:40,30.6375,12.00,1.144,9.940,B,#2,HOLDING,1.288A/B
51736,2026-06-04 07:56:41,30.8000,12.00,1.281,15.216,B,#2,HOLDING,1.220A/B
51737,2026-06-04 07:56:44,31.1125,12.00,1.281,15.216,B,#2,HOLDING,1.072A/B
51738,2026-06-04 07:56:45,31.1125,12.00,1.281,15.216,B,#2,HOLDING,1.017A/B
51739,2026-06-04 07:56:47,31.3125,10.08,1.281,15.216,B,#2,HOLDING,0.913A/B
51740,2026-06-04 07:56:49,31.4500,10.08,0.947,8.582,B,#2,HOLDING,0.824A/B
51741,2026-06-04 07:56:51,31.7375,10.08,0.947,8.582,B,#2,HOLDING,0.649A/B
51742,2026-06-04 07:56:53,31.7375,10.08,0.947,8.582,B,#2,HOLDING,0.581A/B
51743,2026-06-04 07:56:55,31.8875,6.72,0.947,8.582,B,#2,HOLDING,0.460A/B
51744,2026-06-04 07:56:57,32.0500,6.72,0.496,2.654,B,#2,HOLDING,0.366A/B
51745,2026-06-04 07:56:59,32.3000,6.72,0.496,2.654,B,#2,HOLDING,0.184A/B
51746,2026-06-04 07:57:01,32.3000,6.72,0.496,2.654,OFF,#2,HOLDING,0.000A/OFF
51747,2026-06-04 07:57:02,32.4000,6.72,0.496,2.654,OFF,#2,HOLDING,0.000A/OFF
51748,2026-06-04 07:57:03,32.4000,12.00,0.496,2.654,OFF,#2,HOLDING,0.000A/OFF
51749,2026-06-04 07:57:04,32.5375,12.00,0.000,0.000,A,#2,HOLDING,0.157A/A
51750,2026-06-04 07:57:06,32.6125,12.00,0.000,0.000,A,#2,HOLDING,0.329A/A
51751,2026-06-04 07:57:08,32.7000,12.00,0.000,0.000,A,#2,HOLDING,0.450A/A
51752,2026-06-04 07:57:09,32.8000,2.89,0.000,0.000,A,#2,HOLDING,0.593A/A
51753,2026-06-04 07:57:11,32.8250,2.89,0.593,2.561,A,#2,HOLDING,0.734A/A
51754,2026-06-04 07:57:14,32.8750,2.89,0.593,2.561,A,#2,HOLDING,0.923A/A
51755,2026-06-04 07:57:15,32.9125,2.89,0.593,2.561,A,#2,HOLDING,1.053A/A
51756,2026-06-04 07:57:17,32.9125,8.04,0.593,2.561,A,#2,HOLDING,1.203A/A
51757,2026-06-04 07:57:19,32.9375,8.04,1.203,11.368,A,#2,HOLDING,1.350A/A
51758,2026-06-04 07:57:21,32.9375,8.04,1.203,11.368,A,#2,HOLDING,1.542A/A
51759,2026-06-04 07:57:23,32.9125,8.04,1.203,11.368,A,#2,HOLDING,1.000A/A
51760,2026-06-04 07:57:25,32.8875,8.11,1.203,11.368,A,#2,HOLDING,1.665A/A
51761,2026-06-04 07:57:27,32.8750,8.11,1.545,18.336,A,#2,HOLDING,1.814A/A
51762,2026-06-04 07:57:29,32.8000,8.11,1.545,18.336,A,#2,HOLDING,1.993A/A
51763,2026-06-04 07:57:31,32.7375,8.11,1.545,18.336,A,#2,HOLDING,2.116A/A
51764,2026-06-04 07:57:32,32.6625,12.00,1.545,18.336,A,#2,HOLDING,2.000A/A
51765,2026-06-04 07:57:34,32.5500,12.00,1.493,17.736,A,#2,HOLDING,2.244A/A
51766,2026-06-04 07:57:37,32.4500,12.00,1.493,17.736,A,#2,HOLDING,2.412A/A
51767,2026-06-04 07:57:38,32.3250,12.00,1.493,17.736,A,#2,HOLDING,2.503A/A
51768,2026-06-04 07:57:40,32.1750,12.00,1.493,17.736,A,#2,HOLDING,1.000A/A
51769,2026-06-04 07:57:42,32.0250,12.00,1.025,8.780,A,#2,HOLDING,2.000A/A
51770,2026-06-04 07:57:44,31.8750,12.00,1.025,8.780,A,#2,HOLDING,2.000A/A
51771,2026-06-04 07:57:46,31.7000,12.00,1.025,8.780,A,#2,HOLDING,1.500A/A
51772,2026-06-04 07:57:48,31.5000,12.00,1.025,8.780,A,#2,HOLDING,1.000A/A
51773,2026-06-04 07:57:50,31.3250,12.00,1.000,8.900,A,#2,HOLDING,2.522A/A
51774,2026-06-04 07:57:52,31.1250,12.00,1.000,8.900,A,#2,HOLDING,2.000A/A
51775,2026-06-04 07:57:54,30.9500,12.00,1.000,8.900,A,#2,HOLDING,2.617A/A
51776,2026-06-04 07:57:56,30.7500,12.00,1.000,8.900,A,#2,HOLDING,1.500A/A
51777,2026-06-04 07:57:57,30.5125,12.00,1.433,17.028,A,#2,HOLDING,2.650A/A
51778,2026-06-04 07:58:00,30.3125,12.00,1.433,17.028,A,#2,HOLDING,1.000A/A
51779,2026-06-04 07:58:01,30.1000,12.00,1.433,17.028,A,#2,HOLDING,2.696A/A
51780,2026-06-04 07:58:03,29.8750,12.00,1.433,17.028,A,#2,HOLDING,2.000A/A
51781,2026-06-04 07:58:05,29.6250,12.00,1.415,16.824,A,#2,HOLDING,2.666A/A
51782,2026-06-04 07:58:07,29.4000,12.00,1.415,16.824,A,#2,HOLDING,1.000A/A
51783,2026-06-04 07:58:09,29.1625,12.00,1.415,16.824,A,#2,HOLDING,2.000A/A
51784,2026-06-04 07:58:11,28.9125,12.00,1.415,16.824,A,#2,HOLDING,2.000A/A
51785,2026-06-04 07:58:13,28.6875,12.00,1.402,16.668,A,#2,HOLDING,2.500A/A
51786,2026-06-04 07:58:15,28.4375,12.00,1.402,16.668,A,#3,APPROACH,1.500A/A
51787,2026-06-04 07:58:17,28.2000,12.00,1.402,16.668,OFF,#3,APPROACH,0.000A/OFF
51788,2026-06-04 07:58:18,27.9250,12.00,1.402,16.668,OFF,#3,APPROACH,0.000A/OFF
51789,2026-06-04 07:58:19,27.9250,12.00,1.402,16.668,OFF,#3,APPROACH,0.000A/OFF
51790,2026-06-04 07:58:20,27.7125,12.00,1.402,16.668,OFF,#3,APPROACH,0.000A/OFF
51791,2026-06-04 07:58:21,27.7125,12.00,0.000,16.668,OFF,#3,APPROACH,0.000A/OFF
51792,2026-06-04 07:58:22,27.4375,12.00,0.000,16.668,OFF,#3,HOLDING,0.000A/OFF
51793,2026-06-04 07:58:23,27.4375,12.00,0.000,0.000,OFF,#3,HOLDING,0.000A/OFF
51794,2026-06-04 07:58:24,27.2000,12.00,0.000,0.000,OFF,#3,HOLDING,0.000A/OFF
51795,2026-06-04 07:58:25,27.2000,12.00,0.000,0.000,OFF,#3,HOLDING,0.000A/OFF
51796,2026-06-04 07:58:26,26.9750,12.00,0.000,0.000,OFF,#3,HOLDING,0.000A/OFF
51797,2026-06-04 07:58:27,26.9750,12.00,0.000,0.000,OFF,#3,HOLDING,0.000A/OFF
51798,2026-06-04 07:58:28,26.7625,12.00,0.000,0.000,OFF,#3,HOLDING,0.000A/OFF
51799,2026-06-04 07:58:29,26.7625,12.00,0.000,0.000,OFF,#3,HOLDING,0.000A/OFF
51800,2026-06-04 07:58:30,26.5625,12.00,0.000,0.000,OFF,#3,HOLDING,0.000A/OFF
51801,2026-06-04 07:58:31,26.5625,12.00,0.000,0.000,OFF,#3,HOLDING,0.000A/OFF
51802,2026-06-04 07:58:32,26.4250,12.00,0.000,0.000,OFF,#3,HOLDING,0.000A/OFF
51803,2026-06-04 07:58:33,26.2500,12.00,0.000,0.000,OFF,#3,HOLDING,0.000A/OFF
51804,2026-06-04 07:58:34,26.2500,12.00,0.000,0.000,OFF,#3,HOLDING,0.000A/OFF
51805,2026-06-04 07:58:35,26.1375,12.00,0.000,0.000,OFF,#3,HOLDING,0.000A/OFF
51806,2026-06-04 07:58:36,26.1375,12.00,0.000,0.000,OFF,#3,HOLDING,0.000A/OFF
51807,2026-06-04 07:58:37,25.9875,12.00,0.000,0.000,OFF,#3,HOLDING,0.000A/OFF
51808,2026-06-04 07:58:38,25.9875,12.00,0.000,0.000,OFF,#3,HOLDING,0.000A/OFF
51809,2026-06-04 07:58:39,25.8625,12.00,0.000,0.000,B,#3,HOLDING,0.102A/B
51810,2026-06-04 07:58:41,25.7375,12.00,0.225,0.078,B,#3,HOLDING,0.125A/B
51811,2026-06-04 07:58:43,25.6500,12.00,0.225,0.078,B,#3,HOLDING,0.234A/B
51812,2026-06-04 07:58:45,25.5500,12.00,0.225,0.078,B,#3,HOLDING,0.266A/B
51813,2026-06-04 07:58:47,25.4625,2.28,0.225,0.078,B,#3,HOLDING,0.314A/B
51814,2026-06-04 07:58:49,25.3875,2.28,0.314,0.882,B,#3,HOLDING,0.366A/B
51815,2026-06-04 07:58:51,25.3375,2.28,0.314,0.882,B,#3,HOLDING,0.426A/B
51816,2026-06-04 07:58:53,25.2625,2.28,0.314,0.882,B,#3,HOLDING,0.476A/B
51817,2026-06-04 07:58:55,25.2125,4.13,0.314,0.882,B,#3,HOLDING,0.532A/B
51818,2026-06-04 07:58:56,25.1875,4.13,0.532,2.527,B,#3,HOLDING,0.588A/B
51819,2026-06-04 07:58:59,25.1875,4.13,0.532,2.527,B,#3,HOLDING,0.651A/B
51820,2026-06-04 07:59:00,25.1375,4.13,0.532,2.527,B,#3,HOLDING,0.705A/B
51821,2026-06-04 07:59:02,25.1250,6.15,0.532,2.527,B,#3,HOLDING,0.764A/B
51822,2026-06-04 07:59:04,25.1250,6.15,0.748,5.118,B,#3,HOLDING,0.823A/B
51823,2026-06-04 07:59:06,25.1250,6.15,0.748,5.118,B,#3,HOLDING,0.892A/B
51824,2026-06-04 07:59:08,25.1250,6.15,0.748,5.118,B,#3,HOLDING,0.942A/B
51825,2026-06-04 07:59:10,25.1875,8.08,0.748,5.118,B,#3,HOLDING,0.990A/B
51826,2026-06-04 07:59:12,25.1875,8.08,0.973,8.504,B,#3,HOLDING,1.047A/B
51827,2026-06-04 07:59:14,25.2250,8.08,0.973,8.504,B,#3,HOLDING,1.114A/B
51828,2026-06-04 07:59:16,25.2750,8.08,0.973,8.504,B,#3,HOLDING,1.159A/B
51829,2026-06-04 07:59:18,25.3250,9.83,0.973,8.504,B,#3,HOLDING,1.205A/B
51830,2026-06-04 07:59:19,25.4000,9.83,1.181,12.459,B,#3,HOLDING,1.000A/B
51831,2026-06-04 07:59:22,25.4750,9.83,1.181,12.459,B,#3,HOLDING,1.000A/B
51832,2026-06-04 07:59:23,25.5500,9.83,1.181,12.459,B,#3,HOLDING,1.244A/B
51833,2026-06-04 07:59:25,25.6125,10.65,1.181,12.459,B,#3,HOLDING,1.000A/B
51834,2026-06-04 07:59:27,25.7375,10.65,1.102,9.060,B,#3,HOLDING,1.226A/B
51835,2026-06-04 07:59:30,25.8250,10.65,1.102,9.060,B,#3,HOLDING,1.267A/B
51836,2026-06-04 07:59:31,25.9500,10.65,1.102,9.060,B,#3,HOLDING,1.276A/B
51837,2026-06-04 07:59:33,26.0750,11.06,1.102,9.060,B,#3,HOLDING,1.000A/B
51838,2026-06-04 07:59:35,26.1750,11.06,1.076,9.230,B,#3,HOLDING,1.294A/B
51839,2026-06-04 07:59:37,26.3250,11.06,1.076,9.230,B,#3,HOLDING,1.310A/B
51840,2026-06-04 07:59:39,26.4500,11.06,1.076,9.230,B,#3,HOLDING,1.313A/B
51841,2026-06-04 07:59:41,26.5750,11.46,1.076,9.230,B,#3,HOLDING,1.315A/B
51842,2026-06-04 07:59:43,26.7000,11.46,1.315,15.332,B,#3,HOLDING,1.313A/B
51843,2026-06-04 07:59:45,26.8000,11.46,1.315,15.332,B,#3,HOLDING,1.000A/B
51844,2026-06-04 07:59:47,26.9500,11.46,1.315,15.332,B,#3,HOLDING,1.308A/B
51845,2026-06-04 07:59:48,27.1125,11.59,1.315,15.332,B,#3,HOLDING,1.289A/B
51846,2026-06-04 07:59:50,27.2625,11.59,1.289,15.016,B,#3,HOLDING,1.260A/B
51847,2026-06-04 07:59:53,27.4125,11.59,1.289,15.016,B,#3,HOLDING,1.000A/B
51848,2026-06-04 07:59:54,27.5625,11.59,1.289,15.016,B,#3,HOLDING,1.228A/B
51849,2026-06-04 07:59:56,27.7375,11.18,1.289,15.016,B,#3,HOLDING,1.000A/B
51850,2026-06-04 07:59:58,27.8875,11.18,1.056,9.650,B,#3,HOLDING,1.123A/B
51851,2026-06-04 08:00:00,28.0500,11.18,1.056,9.650,B,#3,HOLDING,1.053A/B
51852,2026-06-04 08:00:02,28.2000,11.18,1.056,9.650,B,#3,HOLDING,0.994A/B
51853,2026-06-04 08:00:04,28.3625,9.59,1.056,9.650,B,#3,HOLDING,0.919A/B
51854,2026-06-04 08:00:06,28.5125,9.59,0.945,8.381,B,#3,HOLDING,0.837A/B
51855,2026-06-04 08:00:08,28.6750,9.59,0.945,8.381,B,#3,HOLDING,0.747A/B
51856,2026-06-04 08:00:10,28.8250,9.59,0.945,8.381,B,#3,HOLDING,0.666A/B
51857,2026-06-04 08:00:11,28.9875,7.12,0.945,8.381,B,#3,HOLDING,0.567A/B
51858,2026-06-04 08:00:13,29.1375,7.12,0.602,3.634,B,#3,HOLDING,0.461A/B
51859,2026-06-04 08:00:16,29.2625,7.12,0.602,3.634,B,#3,HOLDING,0.350A/B
51860,2026-06-04 08:00:17,29.3875,7.12,0.602,3.634,B,#3,HOLDING,0.259A/B
51861,2026-06-04 08:00:19,29.5375,3.77,0.602,3.634,B,#3,HOLDING,0.149A/B
51862,2026-06-04 08:00:21,29.6375,3.77,0.178,3.634,OFF,#3,HOLDING,0.000A/OFF
51863,2026-06-04 08:00:22,29.6375,3.77,0.178,0.417,OFF,#3,HOLDING,0.000A/OFF
51864,2026-06-04 08:00:23,29.7375,3.77,0.178,0.417,OFF,#3,HOLDING,0.000A/OFF
51865,2026-06-04 08:00:24,29.7375,3.77,0.178,0.417,A,#3,HOLDING,0.116A/A
51866,2026-06-04 08:00:26,29.8625,3.77,0.178,0.417,A,#3,HOLDING,0.245A/A
51867,2026-06-04 08:00:28,29.9500,2.83,0.245,0.417,A,#3,HOLDING,0.350A/A
51868,2026-06-04 08:00:29,30.0250,2.83,0.245,0.885,A,#3,HOLDING,0.475A/A
51869,2026-06-04 08:00:31,30.1000,2.83,0.245,0.885,A,#3,HOLDING,0.586A/A
51870,2026-06-04 08:00:33,30.1750,2.83,0.245,0.885,A,#3,HOLDING,0.701A/A
51871,2026-06-04 08:00:34,30.2000,5.43,0.245,0.885,A,#3,HOLDING,0.830A/A
51872,2026-06-04 08:00:36,30.3000,5.43,0.812,5.561,A,#3,HOLDING,0.969A/A
51873,2026-06-04 08:00:39,30.2875,5.43,0.812,5.561,A,#3,HOLDING,1.135A/A
51874,2026-06-04 08:00:40,30.3125,5.43,0.812,5.561,A,#3,HOLDING,1.254A/A
51875,2026-06-04 08:00:42,30.3125,9.71,0.812,5.561,A,#3,HOLDING,1.000A/A
51876,2026-06-04 08:00:44,30.2625,9.71,1.037,8.190,A,#3,HOLDING,1.380A/A
51877,2026-06-04 08:00:46,30.2125,9.71,1.037,8.190,A,#3,HOLDING,1.542A/A
51878,2026-06-04 08:00:48,30.1875,9.71,1.037,8.190,A,#3,HOLDING,1.650A/A
51879,2026-06-04 08:00:50,30.1250,12.00,1.037,8.190,A,#3,HOLDING,1.775A/A
51880,2026-06-04 08:00:52,30.0750,12.00,1.518,18.012,A,#3,HOLDING,1.896A/A
51881,2026-06-04 08:00:54,29.9875,12.00,1.518,18.012,A,#3,HOLDING,1.500A/A
51882,2026-06-04 08:00:56,29.9125,12.00,1.518,18.012,A,#3,HOLDING,1.500A/A
51883,2026-06-04 08:00:58,29.8375,12.00,1.518,18.012,A,#3,HOLDING,2.000A/A
51884,2026-06-04 08:00:59,29.6875,12.00,1.476,17.496,A,#3,HOLDING,1.500A/A
51885,2026-06-04 08:01:02,29.5500,12.00,1.476,17.496,A,#3,HOLDING,1.995A/A
51886,2026-06-04 08:01:03,29.4250,12.00,1.476,17.496,A,#3,HOLDING,2.000A/A
51887,2026-06-04 08:01:05,29.2750,12.00,1.476,17.496,A,#3,HOLDING,2.000A/A
51888,2026-06-04 08:01:07,29.1250,12.00,1.444,17.184,A,#3,HOLDING,1.000A/A
51889,2026-06-04 08:01:09,28.9500,12.00,1.444,17.184,A,#3,HOLDING,2.043A/A
51890,2026-06-04 08:01:11,28.7500,12.00,1.444,17.184,A,#3,HOLDING,1.000A/A
51891,2026-06-04 08:01:13,28.5750,8.95,1.444,17.184,A,#3,HOLDING,1.000A/A
51892,2026-06-04 08:01:15,28.4000,8.95,1.000,9.070,A,#3,HOLDING,1.500A/A
51893,2026-06-04 08:01:17,28.2000,8.95,1.000,9.070,A,#3,HOLDING,1.500A/A
51894,2026-06-04 08:01:19,28.0000,8.95,1.000,9.070,A,#3,HOLDING,2.000A/A
51895,2026-06-04 08:01:21,27.7875,12.00,1.000,9.070,A,#3,HOLDING,2.037A/A
51896,2026-06-04 08:01:23,27.5875,12.00,1.420,16.884,A,#3,HOLDING,2.012A/A
51897,2026-06-04 08:01:25,27.4125,12.00,1.420,16.884,A,#3,HOLDING,2.000A/A
51898,2026-06-04 08:01:26,27.2125,12.00,1.420,16.884,A,#3,HOLDING,1.500A/A
51899,2026-06-04 08:01:28,27.0125,12.00,1.420,16.884,A,#3,HOLDING,1.500A/A
51900,2026-06-04 08:01:30,26.7875,12.00,1.405,16.716,A,#3,HOLDING,1.000A/A
51901,2026-06-04 08:01:33,26.5625,12.00,1.405,16.716,A,#3,HOLDING,1.000A/A
51902,2026-06-04 08:01:34,26.3375,12.00,1.405,16.716,A,#4,APPROACH,2.046A/A
51903,2026-06-04 08:01:36,26.1375,12.00,1.405,16.716,OFF,#4,APPROACH,0.000A/OFF
51904,2026-06-04 08:01:37,26.1375,7.22,0.000,16.716,OFF,#4,APPROACH,0.106A/A
51905,2026-06-04 08:01:39,25.6875,7.22,0.000,16.716,OFF,#4,APPROACH,0.000A/OFF
51906,2026-06-04 08:01:40,25.6875,7.22,0.000,0.000,OFF,#4,APPROACH,0.000A/OFF
51907,2026-06-04 08:01:41,25.4375,7.22,0.000,0.000,OFF,#4,APPROACH,0.000A/OFF
51908,2026-06-04 08:01:42,25.4375,7.22,0.000,0.000,OFF,#4,APPROACH,0.000A/OFF
51909,2026-06-04 08:01:43,25.2625,7.22,0.000,0.000,OFF,#4,HOLDING,0.000A/OFF
51910,2026-06-04 08:01:44,25.2625,7.22,0.000,0.000,OFF,#4,HOLDING,0.000A/OFF
51911,2026-06-04 08:01:45,25.0625,12.00,0.000,0.000,OFF,#4,HOLDING,0.000A/OFF
51912,2026-06-04 08:01:46,25.0625,12.00,0.000,0.000,OFF,#4,HOLDING,0.000A/OFF
51913,2026-06-04 08:01:47,24.8875,12.00,0.000,0.000,OFF,#4,HOLDING,0.000A/OFF
51914,2026-06-04 08:01:48,24.8875,12.00,0.000,0.000,OFF,#4,HOLDING,0.000A/OFF
51915,2026-06-04 08:01:49,24.7375,12.00,0.000,0.000,OFF,#4,HOLDING,0.000A/OFF
51916,2026-06-04 08:01:50,24.7375,12.00,0.000,0.000,OFF,#4,HOLDING,0.000A/OFF
51917,2026-06-04 08:01:51,24.6500,12.00,0.000,0.000,OFF,#4,HOLDING,0.000A/OFF
51918,2026-06-04 08:01:52,24.6500,12.00,0.000,0.000,OFF,#4,HOLDING,0.000A/OFF
51919,2026-06-04 08:01:53,24.5500,12.00,0.000,0.000,OFF,#4,HOLDING,0.000A/OFF
51920,2026-06-04 08:01:54,24.5500,12.00,0.000,0.000,A,#4,HOLDING,0.100A/A
51921,2026-06-04 08:01:56,24.4250,12.00,0.000,0.000,A,#4,HOLDING,0.000A/OFF
51922,2026-06-04 08:01:57,24.3250,12.00,0.000,0.000,OFF,#4,HOLDING,0.000A/OFF
51923,2026-06-04 08:01:58,24.3250,12.00,0.000,0.000,OFF,#4,HOLDING,0.000A/OFF
51924,2026-06-04 08:01:59,24.2500,12.00,1.484,0.000,OFF,#4,HOLDING,0.000A/OFF
51925,2026-06-04 08:02:00,24.2500,12.00,1.484,0.396,A,#4,HOLDING,0.107A/A
51926,2026-06-04 08:02:02,24.1750,12.00,1.484,0.396,OFF,#4,HOLDING,0.000A/OFF
51927,2026-06-04 08:02:03,24.0875,12.00,1.484,0.396,OFF,#4,HOLDING,0.000A/OFF
51928,2026-06-04 08:02:04,24.0125,12.00,1.484,0.396,OFF,#4,HOLDING,0.000A/OFF
51929,2026-06-04 08:02:05,24.0125,12.00,1.484,0.396,OFF,#4,HOLDING,0.000A/OFF
51930,2026-06-04 08:02:06,23.9250,12.00,0.000,0.396,OFF,#4,HOLDING,0.000A/OFF
51931,2026-06-04 08:02:07,23.9250,12.00,0.000,0.000,OFF,#4,HOLDING,0.000A/OFF
51932,2026-06-04 08:02:08,23.8250,12.00,0.000,0.000,OFF,#4,HOLDING,0.000A/OFF
51933,2026-06-04 08:02:09,23.8250,12.00,0.000,0.000,OFF,#4,HOLDING,0.000A/OFF
51934,2026-06-04 08:02:10,23.7750,12.00,0.000,0.000,OFF,#4,HOLDING,0.000A/OFF
51935,2026-06-04 08:02:11,23.7750,12.00,0.000,0.000,OFF,#4,HOLDING,0.000A/OFF
51936,2026-06-04 08:02:12,23.7000,12.00,0.000,0.000,OFF,#4,HOLDING,0.000A/OFF
51937,2026-06-04 08:02:13,23.7000,12.00,0.000,0.000,OFF,#4,HOLDING,0.000A/OFF
51938,2026-06-04 08:02:14,23.6750,12.00,0.000,0.000,OFF,#4,HOLDING,0.000A/OFF
51939,2026-06-04 08:02:15,23.6750,12.00,0.000,0.000,OFF,#4,HOLDING,0.000A/OFF
51940,2026-06-04 08:02:16,23.6000,12.00,0.000,0.000,OFF,#4,HOLDING,0.000A/OFF
51941,2026-06-04 08:02:17,23.6000,12.00,0.000,0.000,OFF,#4,HOLDING,0.000A/OFF
51942,2026-06-04 08:02:18,23.5375,12.00,0.000,0.000,OFF,#4,HOLDING,0.000A/OFF
51943,2026-06-04 08:02:19,23.5375,12.00,0.000,0.000,OFF,#4,HOLDING,0.000A/OFF
51944,2026-06-04 08:02:20,23.5125,12.00,0.000,0.000,OFF,#4,HOLDING,0.000A/OFF
51945,2026-06-04 08:02:21,23.5125,12.00,0.000,0.000,B,#4,HOLDING,0.102A/B
51946,2026-06-04 08:02:23,23.5000,12.00,0.000,0.000,B,#4,HOLDING,0.130A/B
51947,2026-06-04 08:02:25,23.4500,1.06,0.000,0.000,B,#4,HOLDING,0.161A/B
51948,2026-06-04 08:02:27,23.4375,1.06,0.161,0.223,B,#4,HOLDING,0.194A/B
51949,2026-06-04 08:02:29,23.3875,1.06,0.161,0.223,B,#4,HOLDING,0.240A/B
51950,2026-06-04 08:02:31,23.3750,1.06,0.161,0.223,B,#4,HOLDING,0.266A/B
51951,2026-06-04 08:02:33,23.3750,2.30,0.161,0.223,B,#4,HOLDING,0.300A/B
51952,2026-06-04 08:02:34,23.3750,2.30,0.300,0.807,B,#4,HOLDING,0.330A/B
51953,2026-06-04 08:02:37,23.3750,2.30,0.300,0.807,B,#4,HOLDING,0.373A/B
51954,2026-06-04 08:02:38,23.3750,2.30,0.300,0.807,B,#4,HOLDING,0.403A/B
51955,2026-06-04 08:02:40,23.3750,3.52,0.300,0.807,B,#4,HOLDING,0.437A/B
51956,2026-06-04 08:02:42,23.3750,3.52,0.437,1.730,B,#4,HOLDING,0.471A/B
51957,2026-06-04 08:02:44,23.3750,3.52,0.437,1.730,B,#5,APPROACH,0.515A/B
51958,2026-06-04 08:02:46,23.4125,3.52,0.437,1.730,A,#5,APPROACH,0.127A/A
51959,2026-06-04 08:02:48,23.4375,3.52,0.437,1.730,A,#5,APPROACH,0.156A/A
51960,2026-06-04 08:02:50,23.4375,12.00,0.437,1.730,A,#5,APPROACH,0.203A/A
51961,2026-06-04 08:02:52,23.4625,12.00,0.658,0.446,A,#5,APPROACH,0.274A/A
51962,2026-06-04 08:02:54,23.5000,12.00,0.658,0.446,A,#5,APPROACH,0.376A/A
51963,2026-06-04 08:02:56,23.5000,12.00,0.658,0.446,A,#5,APPROACH,0.453A/A
51964,2026-06-04 08:02:58,23.5000,4.15,0.658,0.446,A,#5,APPROACH,0.539A/A
51965,2026-06-04 08:03:00,23.5000,4.15,0.524,2.732,A,#5,APPROACH,0.626A/A
51966,2026-06-04 08:03:02,23.5000,4.15,0.524,2.732,A,#5,APPROACH,0.739A/A
51967,2026-06-04 08:03:04,23.5000,4.15,0.524,2.732,A,#5,APPROACH,0.816A/A
51968,2026-06-04 08:03:05,23.4625,7.03,0.524,2.732,A,#5,APPROACH,0.899A/A
51969,2026-06-04 08:03:07,23.4375,7.03,0.882,7.066,A,#5,APPROACH,0.981A/A
51970,2026-06-04 08:03:10,23.3875,7.03,0.882,7.066,A,#5,APPROACH,1.082A/A
51971,2026-06-04 08:03:11,23.3875,7.03,0.882,7.066,A,#5,APPROACH,1.161A/A
51972,2026-06-04 08:03:13,23.3375,9.74,0.882,7.066,A,#5,APPROACH,1.000A/A
51973,2026-06-04 08:03:15,23.3125,9.74,1.028,8.730,A,#5,APPROACH,1.000A/A
51974,2026-06-04 08:03:17,23.1875,9.74,1.028,8.730,A,#5,APPROACH,1.222A/A
51975,2026-06-04 08:03:19,23.1875,9.74,1.028,8.730,A,#5,APPROACH,1.295A/A
51976,2026-06-04 08:03:21,23.1250,10.62,1.028,8.730,A,#5,APPROACH,1.362A/A
51977,2026-06-04 08:03:23,23.0500,10.62,1.351,15.499,A,#5,APPROACH,1.433A/A
51978,2026-06-04 08:03:25,22.8875,10.62,1.351,15.499,A,#5,APPROACH,1.496A/A
51979,2026-06-04 08:03:27,22.8875,10.62,1.351,15.499,A,#5,APPROACH,1.000A/A
51980,2026-06-04 08:03:28,22.7750,8.78,1.351,15.499,A,#5,APPROACH,1.552A/A
51981,2026-06-04 08:03:30,22.6500,8.78,1.435,17.196,A,#5,APPROACH,1.603A/A
51982,2026-06-04 08:03:33,22.4250,8.78,1.435,17.196,A,#5,APPROACH,1.500A/A
51983,2026-06-04 08:03:34,22.4250,8.78,1.435,17.196,A,#5,APPROACH,1.649A/A
51984,2026-06-04 08:03:36,22.3000,12.00,1.435,17.196,A,#5,APPROACH,1.688A/A
51985,2026-06-04 08:03:38,22.1750,12.00,1.428,16.992,A,#5,APPROACH,1.727A/A
51986,2026-06-04 08:03:40,21.8750,12.00,1.428,16.992,A,#5,HOLDING,1.000A/A
51987,2026-06-04 08:03:42,21.8750,12.00,1.428,16.992,OFF,#5,HOLDING,0.000A/OFF
51988,2026-06-04 08:03:43,21.7625,12.00,1.428,16.992,OFF,#5,HOLDING,0.000A/OFF
51989,2026-06-04 08:03:44,21.7625,12.00,1.428,16.992,OFF,#5,HOLDING,0.000A/OFF
51990,2026-06-04 08:03:45,21.6125,12.00,0.000,16.992,OFF,#5,HOLDING,0.000A/OFF
51991,2026-06-04 08:03:46,21.6125,12.00,0.000,0.000,OFF,#5,HOLDING,0.000A/OFF
51992,2026-06-04 08:03:47,21.4500,12.00,0.000,0.000,OFF,#5,HOLDING,0.000A/OFF
51993,2026-06-04 08:03:48,21.3250,12.00,0.000,0.000,OFF,#5,HOLDING,0.000A/OFF
51994,2026-06-04 08:03:49,21.3250,12.00,0.000,0.000,OFF,#5,HOLDING,0.000A/OFF
51995,2026-06-04 08:03:50,21.2125,12.00,0.000,0.000,OFF,#5,HOLDING,0.000A/OFF
51996,2026-06-04 08:03:51,21.2125,12.00,0.000,0.000,OFF,#5,HOLDING,0.000A/OFF
51997,2026-06-04 08:03:52,21.1125,12.00,0.000,0.000,OFF,#5,HOLDING,0.000A/OFF
51998,2026-06-04 08:03:53,21.1125,12.00,0.000,0.000,OFF,#5,HOLDING,0.000A/OFF
51999,2026-06-04 08:03:54,21.0500,12.00,0.000,0.000,OFF,#5,HOLDING,0.000A/OFF
52000,2026-06-04 08:03:55,21.0500,12.00,0.000,0.000,OFF,#5,HOLDING,0.000A/OFF
52001,2026-06-04 08:03:56,20.9500,12.00,0.000,0.000,OFF,#5,HOLDING,0.000A/OFF
52002,2026-06-04 08:03:57,20.9500,12.00,0.000,0.000,OFF,#5,HOLDING,0.000A/OFF
52003,2026-06-04 08:03:58,20.9000,12.00,0.000,0.000,OFF,#5,HOLDING,0.000A/OFF
52004,2026-06-04 08:03:59,20.9000,12.00,0.000,0.000,OFF,#5,HOLDING,0.000A/OFF
52005,2026-06-04 08:04:00,20.8500,12.00,0.000,0.000,OFF,#5,HOLDING,0.000A/OFF
52006,2026-06-04 08:04:01,20.8500,12.00,0.000,0.000,OFF,#5,HOLDING,0.000A/OFF
52007,2026-06-04 08:04:02,20.7875,12.00,0.000,0.000,OFF,#5,HOLDING,0.000A/OFF
52008,2026-06-04 08:04:03,20.7875,12.00,0.000,0.000,OFF,#5,HOLDING,0.000A/OFF
52009,2026-06-04 08:04:04,20.7625,12.00,0.000,0.000,OFF,#5,HOLDING,0.000A/OFF
52010,2026-06-04 08:04:05,20.7625,12.00,0.000,0.000,OFF,#5,HOLDING,0.000A/OFF
52011,2026-06-04 08:04:06,20.7250,12.00,0.000,0.000,OFF,#5,HOLDING,0.000A/OFF
52012,2026-06-04 08:04:07,20.7250,12.00,0.000,0.000,OFF,#5,HOLDING,0.000A/OFF
52013,2026-06-04 08:04:08,20.7250,12.00,0.000,0.000,OFF,#5,HOLDING,0.000A/OFF
52014,2026-06-04 08:04:09,20.7250,12.00,0.000,0.000,OFF,#5,HOLDING,0.000A/OFF
52015,2026-06-04 08:04:10,20.7250,12.00,0.000,0.000,OFF,#5,HOLDING,0.000A/OFF
52016,2026-06-04 08:04:11,20.7250,12.00,0.000,0.000,OFF,#5,HOLDING,0.000A/OFF
52017,2026-06-04 08:04:12,20.7250,12.00,0.000,0.000,OFF,#5,HOLDING,0.000A/OFF
52018,2026-06-04 08:04:13,20.7500,12.00,0.000,0.000,OFF,#5,HOLDING,0.000A/OFF
52019,2026-06-04 08:04:14,20.7500,12.00,0.000,0.000,OFF,#5,HOLDING,0.000A/OFF
52020,2026-06-04 08:04:15,20.7500,12.00,0.000,0.000,OFF,#5,HOLDING,0.000A/OFF
52021,2026-06-04 08:04:16,20.7500,12.00,0.000,0.000,OFF,#5,HOLDING,0.000A/OFF
52022,2026-06-04 08:04:17,20.7500,12.00,0.000,0.000,OFF,#5,HOLDING,0.000A/OFF
52023,2026-06-04 08:04:18,20.7500,12.00,0.000,0.000,OFF,#5,HOLDING,0.000A/OFF
52024,2026-06-04 08:04:19,20.7750,12.00,0.000,0.000,OFF,#5,HOLDING,0.000A/OFF
52025,2026-06-04 08:04:20,20.7750,12.00,0.000,0.000,OFF,#5,HOLDING,0.000A/OFF
52026,2026-06-04 08:04:22,20.7750,12.00,0.000,0.000,OFF,#5,HOLDING,0.000A/OFF
52027,2026-06-04 08:04:23,20.7750,12.00,0.000,0.000,OFF,#5,HOLDING,0.000A/OFF
52028,2026-06-04 08:04:24,20.8000,12.00,0.000,0.000,OFF,#5,HOLDING,0.000A/OFF
52029,2026-06-04 08:04:25,20.8000,12.00,0.000,0.000,OFF,#5,HOLDING,0.000A/OFF
52030,2026-06-04 08:04:26,20.8125,12.00,0.000,0.000,OFF,#5,HOLDING,0.000A/OFF
52031,2026-06-04 08:04:27,20.8625,12.00,0.000,0.000,OFF,#5,HOLDING,0.000A/OFF
52032,2026-06-04 08:04:28,20.8625,12.00,0.000,0.000,OFF,#5,HOLDING,0.000A/OFF
52033,2026-06-04 08:04:29,20.8750,12.00,0.000,0.000,B,#5,HOLDING,0.104A/B
52034,2026-06-04 08:04:30,20.8750,6.49,0.104,0.000,B,#5,HOLDING,0.120A/B
52035,2026-06-04 08:04:32,20.9250,6.49,0.104,0.115,B,#5,HOLDING,0.122A/B
52036,2026-06-04 08:04:34,20.9375,6.49,0.104,0.115,B,#5,HOLDING,0.128A/B
52037,2026-06-04 08:04:35,20.9875,6.49,0.104,0.115,B,#5,HOLDING,0.126A/B
52038,2026-06-04 08:04:37,21.0000,1.05,0.104,0.115,B,#5,HOLDING,0.133A/B
52039,2026-06-04 08:04:39,21.0250,1.05,0.133,0.151,B,#5,HOLDING,0.135A/B
52040,2026-06-04 08:04:42,21.0625,1.05,0.133,0.151,OFF,--,DONE,0.139A/B
52041,2026-06-04 08:04:44,21.1500,1.05,0.133,0.151,OFF,--,DONE,--
52042,2026-06-04 08:04:45,21.1500,12.00,0.133,0.151,OFF,--,DONE,--
52043,2026-06-04 08:04:46,21.1750,12.00,0.000,0.151,OFF,--,DONE,--
52044,2026-06-04 08:04:47,21.1750,12.00,0.000,0.151,OFF,--,DONE,--
52045,2026-06-04 08:04:48,21.2500,12.00,0.000,0.000,OFF,--,DONE,--
52046,2026-06-04 08:04:49,21.2500,12.00,0.000,0.000,OFF,--,DONE,--
52047,2026-06-04 08:04:50,21.3000,12.00,0.000,0.000,OFF,--,DONE,--
52048,2026-06-04 08:04:51,21.3000,12.00,0.000,0.000,OFF,--,DONE,--
52049,2026-06-04 08:04:52,21.3125,12.00,0.000,0.000,OFF,--,DONE,--
52050,2026-06-04 08:04:53,21.3125,12.00,0.000,0.000,OFF,--,DONE,--
52051,2026-06-04 08:04:54,21.3625,12.00,0.000,0.000,OFF,--,DONE,--
52052,2026-06-04 08:04:55,21.3625,12.00,0.000,0.000,OFF,--,DONE,--
52053,2026-06-04 08:04:56,21.3875,12.00,0.000,0.000,OFF,--,DONE,--
52054,2026-06-04 08:04:57,21.3875,12.00,0.000,0.000,OFF,--,DONE,--
52055,2026-06-04 08:04:58,21.4375,12.00,0.000,0.000,OFF,--,DONE,--
52056,2026-06-04 08:04:59,21.4375,12.00,0.000,0.000,OFF,--,DONE,--
52057,2026-06-04 08:05:00,21.4750,12.00,0.000,0.000,OFF,--,DONE,--
52058,2026-06-04 08:05:01,21.4750,12.00,0.000,0.000,OFF,--,DONE,--
52059,2026-06-04 08:05:02,21.5000,12.00,0.000,0.000,OFF,--,DONE,--
52060,2026-06-04 08:05:03,21.5000,12.00,0.000,0.000,OFF,--,DONE,--
52061,2026-06-04 08:05:04,21.5625,12.00,0.000,0.000,OFF,--,DONE,--
52062,2026-06-04 08:05:05,21.5875,12.00,0.000,0.000,OFF,--,DONE,--
52063,2026-06-04 08:05:06,21.5875,12.00,0.000,0.000,OFF,--,DONE,--
52064,2026-06-04 08:05:07,21.6250,12.00,0.000,0.000,OFF,--,DONE,--
52065,2026-06-04 08:05:08,21.6250,12.00,0.000,0.000,OFF,--,DONE,--
52066,2026-06-04 08:05:09,21.6500,12.00,0.000,0.000,OFF,--,DONE,--
52067,2026-06-04 08:05:10,21.6500,12.00,0.000,0.000,OFF,--,DONE,--
52068,2026-06-04 08:05:11,21.7000,12.00,0.000,0.000,OFF,--,DONE,--
52069,2026-06-04 08:05:12,21.7000,12.00,0.000,0.000,OFF,--,DONE,--
52070,2026-06-04 08:05:13,21.7500,12.00,0.000,0.000,OFF,--,DONE,--
52071,2026-06-04 08:05:14,21.7500,12.00,0.000,0.000,OFF,--,DONE,--
52072,2026-06-04 08:05:15,21.7500,12.00,0.000,0.000,OFF,--,DONE,--
52073,2026-06-04 08:05:16,21.7500,12.00,0.000,0.000,OFF,--,DONE,--
52074,2026-06-04 08:05:17,21.8000,12.00,0.000,0.000,OFF,--,DONE,--
52075,2026-06-04 08:05:18,21.8000,12.00,0.000,0.000,OFF,--,DONE,--
52076,2026-06-04 08:05:19,21.8125,12.00,0.000,0.000,OFF,--,DONE,--
52077,2026-06-04 08:05:20,21.8125,12.00,0.000,0.000,OFF,--,DONE,--
52078,2026-06-04 08:05:21,21.8375,12.00,0.000,0.000,OFF,--,DONE,--
52079,2026-06-04 08:05:22,21.8375,12.00,0.000,0.000,OFF,--,DONE,--
52080,2026-06-04 08:05:23,21.8750,12.00,0.000,0.000,OFF,--,DONE,--
52081,2026-06-04 08:05:24,21.9000,12.00,0.000,0.000,OFF,--,DONE,--
52082,2026-06-04 08:05:25,21.9000,12.00,0.000,0.000,OFF,--,DONE,--
52083,2026-06-04 08:05:26,21.9375,12.00,0.000,0.000,OFF,--,DONE,--
52084,2026-06-04 08:05:28,21.9375,12.00,0.000,0.000,OFF,--,DONE,--
52085,2026-06-04 08:05:29,21.9625,12.00,0.000,0.000,OFF,--,DONE,--
52086,2026-06-04 08:05:30,21.9625,12.00,0.000,0.000,OFF,--,DONE,--
52087,2026-06-04 08:05:31,21.9750,12.00,0.000,0.000,OFF,--,DONE,--
52088,2026-06-04 08:05:32,21.9750,12.00,0.000,0.000,OFF,--,DONE,--
52089,2026-06-04 08:05:33,22.0000,12.00,0.000,0.000,OFF,--,DONE,--
52090,2026-06-04 08:05:34,22.0000,12.00,0.000,0.000,OFF,--,DONE,--
52091,2026-06-04 08:05:35,22.0125,12.00,0.000,0.000,OFF,--,DONE,--
52092,2026-06-04 08:05:36,22.0125,12.00,0.000,0.000,OFF,--,DONE,--
52093,2026-06-04 08:05:37,22.0625,12.00,0.000,0.000,OFF,--,DONE,--
52094,2026-06-04 08:05:38,22.0625,12.00,0.000,0.000,OFF,--,DONE,--
52095,2026-06-04 08:05:39,22.0750,12.00,0.000,0.000,OFF,--,DONE,--
52096,2026-06-04 08:05:40,22.1000,12.00,0.000,0.000,OFF,--,DONE,--
52097,2026-06-04 08:05:41,22.1000,12.00,0.000,0.000,OFF,--,DONE,--
52098,2026-06-04 08:05:42,22.1250,12.00,0.000,0.000,OFF,--,DONE,--
52099,2026-06-04 08:05:43,22.1250,12.00,0.000,0.000,OFF,--,DONE,--
52100,2026-06-04 08:05:44,22.1750,12.00,0.000,0.000,OFF,--,DONE,--
52101,2026-06-04 08:05:45,22.1750,12.00,0.000,0.000,OFF,--,DONE,--
52102,2026-06-04 08:05:46,22.1500,12.00,0.000,0.000,OFF,--,DONE,--
52103,2026-06-04 08:05:47,22.1500,12.00,0.000,0.000,OFF,--,DONE,--
52104,2026-06-04 08:05:48,22.1750,12.00,0.000,0.000,OFF,--,DONE,--
52105,2026-06-04 08:05:49,22.1750,12.00,0.000,0.000,OFF,--,DONE,--
52106,2026-06-04 08:05:50,22.2125,12.00,0.000,0.000,OFF,--,DONE,--
52107,2026-06-04 08:05:51,22.2125,12.00,0.000,0.000,OFF,--,DONE,--
52108,2026-06-04 08:05:52,22.2375,12.00,0.000,0.000,OFF,--,DONE,--
52109,2026-06-04 08:05:53,22.2375,12.00,0.000,0.000,OFF,--,DONE,--
52110,2026-06-04 08:05:54,22.2500,12.00,0.000,0.000,OFF,--,DONE,--
52111,2026-06-04 08:05:55,22.2500,12.00,0.000,0.000,OFF,--,DONE,--
52112,2026-06-04 08:05:56,22.2500,12.00,0.000,0.000,OFF,--,DONE,--
52113,2026-06-04 08:05:57,22.2500,12.00,0.000,0.000,OFF,--,DONE,--
52114,2026-06-04 08:05:58,22.2500,12.00,0.000,0.000,OFF,--,DONE,--
52115,2026-06-04 08:05:59,22.2750,12.00,0.000,0.000,OFF,--,DONE,--
52116,2026-06-04 08:06:00,22.2750,12.00,0.000,0.000,OFF,--,DONE,--
52117,2026-06-04 08:06:01,22.3125,12.00,0.000,0.000,OFF,--,DONE,--
52118,2026-06-04 08:06:02,22.3125,12.00,0.000,0.000,OFF,--,DONE,--
52119,2026-06-04 08:06:03,22.3125,12.00,0.000,0.000,OFF,--,DONE,--
52120,2026-06-04 08:06:04,22.3125,12.00,0.000,0.000,OFF,--,DONE,--
52121,2026-06-04 08:06:05,22.3125,12.00,0.000,0.000,OFF,--,DONE,--
52122,2026-06-04 08:06:06,22.3125,12.00,0.000,0.000,OFF,--,DONE,--
52123,2026-06-04 08:06:07,22.3375,12.00,0.000,0.000,OFF,--,DONE,--
52124,2026-06-04 08:06:08,22.3375,12.00,0.000,0.000,OFF,--,DONE,--
52125,2026-06-04 08:06:09,22.3750,12.00,0.000,0.000,OFF,--,DONE,--
52126,2026-06-04 08:06:11,22.3750,12.00,0.000,0.000,OFF,--,DONE,--
52127,2026-06-04 08:06:12,22.4000,12.00,0.000,0.000,OFF,--,DONE,--
52128,2026-06-04 08:06:13,22.4000,12.00,0.000,0.000,OFF,--,DONE,--
52129,2026-06-04 08:06:14,22.3750,12.00,0.000,0.000,A,#1,APPROACH,2.836A/A
52130,2026-06-04 08:06:15,22.4000,12.00,0.000,0.000,A,#1,APPROACH,1.811A/A
52131,2026-06-04 08:06:18,22.4375,12.00,0.000,0.000,A,#1,APPROACH,1.000A/A
52132,2026-06-04 08:06:20,22.4375,12.00,0.000,0.000,A,#1,APPROACH,1.500A/A
52133,2026-06-04 08:06:22,22.4375,11.50,0.000,0.000,A,#1,APPROACH,2.000A/A
52134,2026-06-04 08:06:24,22.4875,11.50,1.531,18.204,A,#1,APPROACH,2.500A/A
52135,2026-06-04 08:06:26,22.4625,11.50,1.531,18.204,A,#1,APPROACH,1.000A/A
52136,2026-06-04 08:06:28,22.4625,11.50,1.531,18.204,A,#1,APPROACH,1.000A/A
52137,2026-06-04 08:06:29,22.4375,8.46,1.531,18.204,A,#1,APPROACH,1.710A/A
52138,2026-06-04 08:06:31,22.4125,8.46,1.489,17.700,A,#1,APPROACH,1.922A/A
52139,2026-06-04 08:06:34,22.3125,8.46,1.489,17.700,A,#1,APPROACH,1.500A/A
52140,2026-06-04 08:06:35,22.3125,8.46,1.489,17.700,A,#1,APPROACH,2.371A/A
52141,2026-06-04 08:06:37,22.2375,12.00,1.489,17.700,A,#1,APPROACH,2.000A/A
52142,2026-06-04 08:06:39,22.1375,12.00,1.456,17.304,A,#1,APPROACH,1.000A/A
52143,2026-06-04 08:06:41,22.0625,12.00,1.456,17.304,A,#1,APPROACH,2.000A/A
52144,2026-06-04 08:06:43,21.9875,12.00,1.456,17.304,A,#1,APPROACH,2.500A/A
52145,2026-06-04 08:06:45,21.8875,12.00,1.456,17.304,A,#1,APPROACH,1.000A/A
52146,2026-06-04 08:06:47,21.7375,12.00,1.231,8.950,A,#1,APPROACH,2.500A/A
52147,2026-06-04 08:06:49,21.6375,12.00,1.231,8.950,A,#1,APPROACH,2.500A/A
52148,2026-06-04 08:06:51,21.5125,12.00,1.231,8.950,A,#1,APPROACH,2.000A/A
52149,2026-06-04 08:06:52,21.3875,12.00,1.231,8.950,A,#1,APPROACH,2.887A/A
52150,2026-06-04 08:06:54,21.2625,12.00,1.423,16.944,A,#1,APPROACH,3.000A/A
52151,2026-06-04 08:06:57,21.1500,12.00,1.423,16.944,A,#1,APPROACH,2.000A/A
52152,2026-06-04 08:06:58,21.0500,12.00,1.423,16.944,A,#1,APPROACH,2.000A/A
52153,2026-06-04 08:07:00,20.8875,12.00,1.423,16.944,A,#1,APPROACH,1.500A/A
52154,2026-06-04 08:07:02,20.7375,12.00,1.414,16.824,A,#1,APPROACH,1.500A/A
52155,2026-06-04 08:07:04,20.6125,12.00,1.414,16.824,A,#1,APPROACH,1.957A/A
52156,2026-06-04 08:07:06,20.4875,12.00,1.414,16.824,A,#1,APPROACH,1.997A/A
52157,2026-06-04 08:07:08,20.3625,12.00,1.414,16.824,A,#1,APPROACH,1.500A/A
52158,2026-06-04 08:07:10,20.2125,12.00,1.402,16.680,A,#1,APPROACH,1.500A/A
52159,2026-06-04 08:07:12,20.0750,12.00,1.402,16.680,A,#1,APPROACH,1.500A/A
52160,2026-06-04 08:07:14,19.9500,12.00,1.402,16.680,A,#1,APPROACH,1.000A/A
52161,2026-06-04 08:07:16,19.8375,9.20,1.402,16.680,A,#1,APPROACH,2.000A/A
52162,2026-06-04 08:07:17,19.6875,9.20,1.196,16.620,A,#1,APPROACH,1.500A/A
52163,2026-06-04 08:07:20,19.5500,9.20,1.196,16.620,A,#1,APPROACH,1.500A/A
52164,2026-06-04 08:07:21,19.4250,9.20,1.196,16.620,A,#1,APPROACH,1.924A/A
52165,2026-06-04 08:07:23,19.2750,12.00,1.196,16.620,A,#1,APPROACH,2.048A/A
52166,2026-06-04 08:07:25,19.1750,12.00,1.389,16.560,A,#1,APPROACH,1.000A/A
52167,2026-06-04 08:07:27,19.0750,12.00,1.389,16.560,A,#1,APPROACH,2.069A/A
52168,2026-06-04 08:07:29,18.9250,12.00,1.389,16.560,A,#1,APPROACH,2.000A/A
52169,2026-06-04 08:07:31,18.8375,12.00,1.389,16.560,A,#1,APPROACH,2.120A/A
52170,2026-06-04 08:07:33,18.6875,12.00,1.388,16.536,A,#1,APPROACH,1.000A/A
52171,2026-06-04 08:07:35,18.5875,12.00,1.388,16.536,A,#1,APPROACH,2.183A/A
52172,2026-06-04 08:07:37,18.4875,12.00,1.388,16.536,A,#1,APPROACH,2.239A/A
52173,2026-06-04 08:07:39,18.3625,12.00,1.388,16.536,A,#1,APPROACH,2.000A/A
52174,2026-06-04 08:07:40,18.2375,12.00,1.384,16.512,A,#1,APPROACH,2.312A/A
52175,2026-06-04 08:07:43,18.1500,12.00,1.384,16.512,A,#1,APPROACH,1.000A/A
52176,2026-06-04 08:07:44,18.0500,12.00,1.384,16.512,A,#1,APPROACH,1.000A/A
52177,2026-06-04 08:07:46,17.9250,9.31,1.384,16.512,A,#1,APPROACH,1.000A/A
52178,2026-06-04 08:07:48,17.8250,9.31,1.000,9.360,A,#1,APPROACH,2.330A/A
52179,2026-06-04 08:07:50,17.7500,9.31,1.000,9.360,A,#1,APPROACH,2.389A/A
52180,2026-06-04 08:07:52,17.6500,9.31,1.000,9.360,A,#1,APPROACH,1.500A/A
52181,2026-06-04 08:07:54,17.5750,12.00,1.000,9.360,A,#1,HOLDING,2.363A/A
52182,2026-06-04 08:07:56,17.4750,12.00,1.395,9.360,OFF,#1,HOLDING,0.000A/OFF
52183,2026-06-04 08:07:57,17.4000,12.00,1.395,16.632,OFF,#1,HOLDING,0.000A/OFF
52184,2026-06-04 08:07:58,17.4000,12.00,1.395,16.632,OFF,#1,HOLDING,0.000A/OFF
52185,2026-06-04 08:07:59,17.3250,12.00,1.395,16.632,OFF,#1,HOLDING,0.000A/OFF
52186,2026-06-04 08:08:00,17.3250,12.00,1.395,16.632,OFF,#1,HOLDING,0.000A/OFF
52187,2026-06-04 08:08:01,17.2375,12.00,1.395,16.632,OFF,#1,HOLDING,0.000A/OFF
52188,2026-06-04 08:08:02,17.2375,12.00,0.000,16.632,A,#1,HOLDING,0.107A/A
52189,2026-06-04 08:08:03,17.1875,12.00,0.000,0.000,A,#1,HOLDING,0.121A/A
52190,2026-06-04 08:08:05,17.1250,12.00,0.000,0.000,A,#1,HOLDING,0.145A/A
52191,2026-06-04 08:08:07,17.0750,12.00,0.000,0.000,A,#1,HOLDING,0.155A/A
52192,2026-06-04 08:08:08,17.0625,2.38,0.000,0.000,A,#1,HOLDING,0.177A/A
52193,2026-06-04 08:08:10,17.0375,2.38,0.177,0.484,A,#1,HOLDING,0.198A/A
52194,2026-06-04 08:08:13,17.0625,2.38,0.177,0.484,A,#1,HOLDING,0.226A/A
52195,2026-06-04 08:08:14,17.0625,2.38,0.177,0.484,A,#1,HOLDING,0.242A/A
52196,2026-06-04 08:08:16,17.0625,2.97,0.177,0.484,A,#1,HOLDING,0.261A/A
52197,2026-06-04 08:08:18,17.0875,2.97,0.261,0.814,A,#1,HOLDING,0.279A/A
52198,2026-06-04 08:08:20,17.1250,2.97,0.261,0.814,A,#1,HOLDING,0.307A/A
52199,2026-06-04 08:08:22,17.1500,2.97,0.261,0.814,A,#1,HOLDING,0.327A/A
52200,2026-06-04 08:08:24,17.2250,3.46,0.261,0.814,A,#1,HOLDING,0.356A/A
52201,2026-06-04 08:08:26,17.2750,3.46,0.356,1.338,A,#1,HOLDING,0.383A/A
52202,2026-06-04 08:08:28,17.3250,3.46,0.356,1.338,A,#1,HOLDING,0.418A/A
52203,2026-06-04 08:08:30,17.4000,3.46,0.356,1.338,A,#1,HOLDING,0.445A/A
52204,2026-06-04 08:08:32,17.4375,4.36,0.356,1.338,A,#1,HOLDING,0.475A/A
52205,2026-06-04 08:08:33,17.4875,4.36,0.475,2.256,A,#1,HOLDING,0.509A/A
52206,2026-06-04 08:08:36,17.5000,4.36,0.475,2.256,A,#1,HOLDING,0.545A/A
52207,2026-06-04 08:08:37,17.5500,4.36,0.475,2.256,A,#1,HOLDING,0.577A/A
52208,2026-06-04 08:08:39,17.5875,5.50,0.475,2.256,A,#1,HOLDING,0.612A/A
52209,2026-06-04 08:08:41,17.6125,5.50,0.595,3.592,A,#1,HOLDING,0.701A/A
52210,2026-06-04 08:08:43,17.6625,5.50,0.595,3.592,A,#1,HOLDING,0.752A/A
52211,2026-06-04 08:08:45,17.6875,5.50,0.595,3.592,A,#1,HOLDING,0.787A/A
52212,2026-06-04 08:08:47,17.6875,7.05,0.595,3.592,A,#1,HOLDING,0.825A/A
52213,2026-06-04 08:08:49,17.6875,7.05,0.825,6.212,A,#1,HOLDING,0.862A/A
52214,2026-06-04 08:08:51,17.7500,7.05,0.825,6.212,A,#1,HOLDING,0.922A/A
52215,2026-06-04 08:08:53,17.7500,7.05,0.825,6.212,A,#1,HOLDING,0.959A/A
52216,2026-06-04 08:08:55,17.7875,8.46,0.825,6.212,A,#1,HOLDING,1.008A/A
52217,2026-06-04 08:08:56,17.7875,8.46,0.986,9.001,A,#1,HOLDING,1.047A/A
52218,2026-06-04 08:08:59,17.8125,8.46,0.986,9.001,A,#1,HOLDING,1.000A/A
52219,2026-06-04 08:09:00,17.8125,8.46,0.986,9.001,A,#1,HOLDING,1.105A/A
52220,2026-06-04 08:09:02,17.8125,9.54,0.986,9.001,A,#1,HOLDING,1.149A/A
52221,2026-06-04 08:09:04,17.7500,9.54,1.137,11.501,A,#1,HOLDING,1.181A/A
52222,2026-06-04 08:09:06,17.7500,9.54,1.137,11.501,A,#1,HOLDING,1.235A/A
52223,2026-06-04 08:09:08,17.7250,9.54,1.137,11.501,A,#1,HOLDING,1.268A/A
52224,2026-06-04 08:09:10,17.7250,10.68,1.137,11.501,A,#1,HOLDING,1.000A/A
52225,2026-06-04 08:09:12,17.6875,10.68,1.037,8.990,A,#1,HOLDING,1.310A/A
52226,2026-06-04 08:09:14,17.6250,10.68,1.037,8.990,A,#1,HOLDING,1.353A/A
52227,2026-06-04 08:09:16,17.5750,10.68,1.037,8.990,A,#1,HOLDING,1.327A/A
52228,2026-06-04 08:09:18,17.5750,11.18,1.037,8.990,A,#1,HOLDING,1.367A/A
52229,2026-06-04 08:09:19,17.5625,11.18,1.367,15.980,A,#1,HOLDING,1.406A/A
52230,2026-06-04 08:09:22,17.5000,11.18,1.367,15.980,A,#1,HOLDING,1.450A/A
52231,2026-06-04 08:09:23,17.4500,11.18,1.367,15.980,A,#1,HOLDING,1.471A/A
52232,2026-06-04 08:09:25,17.4500,12.00,1.367,15.980,A,#1,HOLDING,1.504A/A
52233,2026-06-04 08:09:27,17.4000,12.00,1.418,16.896,A,#1,HOLDING,1.000A/A
52234,2026-06-04 08:09:29,17.3000,12.00,1.418,16.896,A,#2,APPROACH,1.532A/A
52235,2026-06-04 08:09:31,17.2250,12.00,1.418,16.896,OFF,#2,APPROACH,0.000A/OFF
52236,2026-06-04 08:09:32,17.2250,12.00,1.418,16.896,OFF,#2,APPROACH,0.104A/B
52237,2026-06-04 08:09:34,17.1750,12.00,1.418,16.896,B,#2,APPROACH,0.157A/B
52238,2026-06-04 08:09:36,17.1000,12.00,0.000,0.067,B,#2,APPROACH,0.235A/B
52239,2026-06-04 08:09:39,17.0625,12.00,0.000,0.067,B,#2,APPROACH,0.323A/B
52240,2026-06-04 08:09:40,17.0375,12.00,0.000,0.067,B,#2,APPROACH,0.379A/B
52241,2026-06-04 08:09:42,17.0125,2.42,0.000,0.067,B,#2,APPROACH,0.442A/B
52242,2026-06-04 08:09:44,17.0125,2.42,0.442,1.374,B,#2,APPROACH,0.505A/B
52243,2026-06-04 08:09:46,17.0000,2.42,0.442,1.374,B,#2,APPROACH,0.589A/B
52244,2026-06-04 08:09:48,17.0250,2.42,0.442,1.374,B,#2,APPROACH,0.639A/B
52245,2026-06-04 08:09:50,17.0750,4.70,0.442,1.374,B,#2,APPROACH,0.696A/B
52246,2026-06-04 08:09:52,17.1500,4.70,0.696,3.730,B,#2,APPROACH,0.744A/B
52247,2026-06-04 08:09:54,17.2000,4.70,0.696,3.730,B,#2,APPROACH,0.817A/B
52248,2026-06-04 08:09:56,17.3250,4.70,0.696,3.730,B,#2,APPROACH,0.849A/B
52249,2026-06-04 08:09:58,17.4125,6.58,0.696,3.730,B,#2,APPROACH,0.895A/B
52250,2026-06-04 08:09:59,17.5125,6.58,0.895,6.426,B,#2,APPROACH,0.931A/B
52251,2026-06-04 08:10:02,17.6625,6.58,0.895,6.426,B,#2,APPROACH,0.981A/B
52252,2026-06-04 08:10:03,17.7625,6.58,0.895,6.426,B,#2,APPROACH,1.007A/B
52253,2026-06-04 08:10:05,17.9125,8.03,0.895,6.426,B,#2,HOLDING,0.984A/B
52254,2026-06-04 08:10:07,18.0625,8.03,0.984,6.426,OFF,#2,HOLDING,0.000A/OFF
52255,2026-06-04 08:10:08,18.2250,8.03,0.984,7.970,OFF,#2,HOLDING,0.000A/OFF
52256,2026-06-04 08:10:09,18.2250,8.03,0.984,7.970,OFF,#2,HOLDING,0.000A/OFF
52257,2026-06-04 08:10:10,18.3750,8.03,0.984,7.970,OFF,#2,HOLDING,0.000A/OFF
52258,2026-06-04 08:10:11,18.3750,8.03,0.984,7.970,OFF,#2,HOLDING,0.000A/OFF
52259,2026-06-04 08:10:12,18.5375,8.03,0.984,7.970,OFF,#2,HOLDING,0.000A/OFF
52260,2026-06-04 08:10:13,18.5375,12.00,0.984,7.970,OFF,#2,HOLDING,0.000A/OFF
52261,2026-06-04 08:10:14,18.6875,12.00,0.000,7.970,OFF,#2,HOLDING,0.000A/OFF
52262,2026-06-04 08:10:15,18.6875,12.00,0.000,0.000,OFF,#2,HOLDING,0.000A/OFF
52263,2026-06-04 08:10:16,18.8625,12.00,0.000,0.000,OFF,#2,HOLDING,0.000A/OFF
52264,2026-06-04 08:10:17,18.8625,12.00,0.000,0.000,OFF,#2,HOLDING,0.000A/OFF
52265,2026-06-04 08:10:18,19.0125,12.00,0.000,0.000,OFF,#2,HOLDING,0.000A/OFF
52266,2026-06-04 08:10:19,19.0125,12.00,0.000,0.000,OFF,#2,HOLDING,0.000A/OFF
52267,2026-06-04 08:10:20,19.1625,12.00,0.000,0.000,OFF,#2,HOLDING,0.000A/OFF
52268,2026-06-04 08:10:21,19.3125,12.00,0.000,0.000,OFF,#2,HOLDING,0.000A/OFF
52269,2026-06-04 08:10:22,19.3125,12.00,0.000,0.000,OFF,#2,HOLDING,0.000A/OFF
52270,2026-06-04 08:10:23,19.4250,12.00,0.000,0.000,OFF,#2,HOLDING,0.000A/OFF
52271,2026-06-04 08:10:24,19.4250,12.00,0.000,0.000,OFF,#2,HOLDING,0.000A/OFF
52272,2026-06-04 08:10:25,19.5750,12.00,0.000,0.000,OFF,#2,HOLDING,0.000A/OFF
52273,2026-06-04 08:10:26,19.5750,12.00,0.000,0.000,OFF,#2,HOLDING,0.000A/OFF
52274,2026-06-04 08:10:27,19.7250,12.00,0.000,0.000,OFF,#2,HOLDING,0.000A/OFF
52275,2026-06-04 08:10:28,19.7250,12.00,0.000,0.000,OFF,#2,HOLDING,0.000A/OFF
52276,2026-06-04 08:10:29,19.8250,12.00,0.000,0.000,A,#2,HOLDING,0.167A/A
52277,2026-06-04 08:10:31,19.8250,12.00,0.000,0.000,A,#2,HOLDING,0.172A/A
52278,2026-06-04 08:10:33,19.9750,1.50,0.000,0.000,A,#2,HOLDING,0.234A/A
52279,2026-06-04 08:10:34,20.0750,1.50,0.234,0.496,A,#2,HOLDING,0.278A/A
52280,2026-06-04 08:10:37,20.3000,1.50,0.234,0.496,A,#2,HOLDING,0.379A/A
52281,2026-06-04 08:10:38,20.3000,1.50,0.234,0.496,A,#2,HOLDING,0.410A/A
52282,2026-06-04 08:10:40,20.4000,3.64,0.234,0.496,A,#2,HOLDING,0.474A/A
52283,2026-06-04 08:10:42,20.5000,3.64,0.474,2.028,A,#2,HOLDING,0.534A/A
52284,2026-06-04 08:10:44,20.6500,3.64,0.474,2.028,A,#2,HOLDING,0.642A/A
52285,2026-06-04 08:10:46,20.6500,3.64,0.474,2.028,A,#2,HOLDING,0.690A/A
52286,2026-06-04 08:10:48,20.7000,6.00,0.474,2.028,A,#2,HOLDING,0.759A/A
52287,2026-06-04 08:10:50,20.7750,6.00,0.759,5.047,A,#2,HOLDING,0.832A/A
52288,2026-06-04 08:10:52,20.8750,6.00,0.759,5.047,A,#2,HOLDING,0.944A/A
52289,2026-06-04 08:10:54,20.8750,6.00,0.759,5.047,A,#2,HOLDING,1.005A/A
52290,2026-06-04 08:10:56,20.9375,8.38,0.759,5.047,A,#2,HOLDING,1.087A/A
52291,2026-06-04 08:10:57,20.9375,8.38,1.087,9.924,A,#2,HOLDING,1.158A/A
52292,2026-06-04 08:11:00,21.0000,8.38,1.087,9.924,A,#2,HOLDING,1.270A/A
52293,2026-06-04 08:11:01,21.0000,8.38,1.087,9.924,A,#2,HOLDING,1.000A/A
52294,2026-06-04 08:11:03,21.0000,8.57,1.087,9.924,A,#2,HOLDING,1.334A/A
52295,2026-06-04 08:11:05,21.0000,8.57,1.334,14.714,A,#2,HOLDING,1.410A/A
52296,2026-06-04 08:11:07,20.9375,8.57,1.334,14.714,A,#2,HOLDING,1.503A/A
52297,2026-06-04 08:11:09,20.9375,8.57,1.334,14.714,A,#2,HOLDING,1.000A/A
52298,2026-06-04 08:11:11,20.9000,8.70,1.334,14.714,A,#2,HOLDING,1.000A/A
52299,2026-06-04 08:11:13,20.8500,8.70,1.000,8.850,A,#2,HOLDING,1.565A/A
52300,2026-06-04 08:11:15,20.8000,8.70,1.000,8.850,A,#2,HOLDING,1.654A/A
52301,2026-06-04 08:11:17,20.7500,8.70,1.000,8.850,A,#2,HOLDING,1.500A/A
52302,2026-06-04 08:11:19,20.6750,12.00,1.000,8.850,A,#2,HOLDING,1.000A/A
52303,2026-06-04 08:11:20,20.6000,12.00,1.000,8.920,A,#2,HOLDING,1.697A/A
52304,2026-06-04 08:11:23,20.5250,12.00,1.000,8.920,A,#2,HOLDING,1.000A/A
52305,2026-06-04 08:11:24,20.4500,12.00,1.000,8.920,A,#2,HOLDING,1.769A/A
52306,2026-06-04 08:11:26,20.3750,12.00,1.000,8.920,A,#2,HOLDING,1.825A/A
52307,2026-06-04 08:11:28,20.3000,12.00,1.439,17.136,A,#2,HOLDING,1.874A/A
52308,2026-06-04 08:11:31,20.1750,12.00,1.439,17.136,A,#2,HOLDING,1.933A/A
52309,2026-06-04 08:11:32,20.1000,12.00,1.439,17.136,A,#2,HOLDING,1.500A/A
52310,2026-06-04 08:11:34,20.0000,12.00,1.439,17.136,A,#2,HOLDING,1.962A/A
52311,2026-06-04 08:11:36,19.9250,12.00,1.422,16.932,A,#2,HOLDING,2.000A/A
52312,2026-06-04 08:11:38,19.8000,12.00,1.422,16.932,A,#2,HOLDING,1.995A/A
52313,2026-06-04 08:11:40,19.6750,12.00,1.422,16.932,A,#2,HOLDING,1.968A/A
52314,2026-06-04 08:11:42,19.5750,12.00,1.422,16.932,A,#2,HOLDING,1.500A/A
52315,2026-06-04 08:11:44,19.4500,12.00,1.409,16.800,A,#2,HOLDING,1.000A/A
52316,2026-06-04 08:11:46,19.3375,12.00,1.409,16.800,A,#2,HOLDING,1.998A/A
52317,2026-06-04 08:11:48,19.2375,12.00,1.409,16.800,A,#2,HOLDING,1.500A/A
52318,2026-06-04 08:11:49,19.0875,12.00,1.409,16.800,A,#2,HOLDING,2.000A/A
52319,2026-06-04 08:11:51,18.9875,12.00,1.411,16.788,A,#2,HOLDING,1.500A/A
52320,2026-06-04 08:11:54,18.9000,12.00,1.411,16.788,A,#2,HOLDING,1.000A/A
52321,2026-06-04 08:11:55,18.7750,12.00,1.411,16.788,A,#2,HOLDING,2.000A/A
52322,2026-06-04 08:11:57,18.6750,12.00,1.411,16.788,A,#2,HOLDING,1.000A/A
52323,2026-06-04 08:11:59,18.5250,12.00,1.210,9.240,A,#2,HOLDING,2.005A/A
52324,2026-06-04 08:12:01,18.4500,12.00,1.210,9.240,A,#2,HOLDING,1.996A/A
52325,2026-06-04 08:12:03,18.3250,12.00,1.210,9.240,A,#2,HOLDING,1.976A/A
52326,2026-06-04 08:12:05,18.2375,12.00,1.210,9.240,A,#2,HOLDING,1.500A/A
52327,2026-06-04 08:12:07,18.1125,12.00,1.403,16.728,A,#2,HOLDING,1.955A/A
52328,2026-06-04 08:12:09,18.0125,12.00,1.403,16.728,A,#2,HOLDING,1.924A/A
52329,2026-06-04 08:12:11,17.9125,12.00,1.403,16.728,A,#2,HOLDING,1.892A/A
52330,2026-06-04 08:12:12,17.8125,12.00,1.403,16.728,A,#2,HOLDING,1.858A/A
52331,2026-06-04 08:12:14,17.7125,12.00,1.398,16.680,A,#2,HOLDING,1.500A/A
52332,2026-06-04 08:12:17,17.6375,12.00,1.398,16.680,A,#2,HOLDING,1.500A/A
52333,2026-06-04 08:12:18,17.5125,12.00,1.398,16.680,A,#2,HOLDING,1.751A/A
52334,2026-06-04 08:12:20,17.4625,12.00,1.398,16.680,A,#2,HOLDING,1.703A/A
52335,2026-06-04 08:12:22,17.3375,12.00,1.395,16.632,A,#2,HOLDING,1.636A/A
52336,2026-06-04 08:12:24,17.2500,12.00,1.395,16.632,A,#2,HOLDING,1.000A/A
52337,2026-06-04 08:12:26,17.1750,12.00,1.395,16.632,A,#2,HOLDING,1.000A/A
52338,2026-06-04 08:12:28,17.1125,9.20,1.395,16.632,A,#2,HOLDING,1.561A/A
52339,2026-06-04 08:12:30,17.0125,9.20,1.395,16.644,A,#2,HOLDING,1.486A/A
52340,2026-06-04 08:12:32,16.9250,9.20,1.395,16.644,A,#2,HOLDING,1.394A/A
52341,2026-06-04 08:12:34,16.8500,9.20,1.395,16.644,A,#2,HOLDING,1.325A/A
52342,2026-06-04 08:12:36,16.7375,11.43,1.395,16.644,A,#2,HOLDING,1.241A/A
52343,2026-06-04 08:12:37,16.6625,11.43,1.241,13.663,A,#2,HOLDING,1.157A/A
52344,2026-06-04 08:12:40,16.6125,11.43,1.241,13.663,A,#2,HOLDING,1.056A/A
52345,2026-06-04 08:12:41,16.5375,11.43,1.241,13.663,A,#2,HOLDING,0.983A/A
52346,2026-06-04 08:12:43,16.4625,9.10,1.241,13.663,A,#2,HOLDING,0.893A/A
52347,2026-06-04 08:12:45,16.4125,9.10,0.893,7.635,A,#2,HOLDING,0.801A/A
52348,2026-06-04 08:12:47,16.3375,9.10,0.893,7.635,A,#2,HOLDING,0.682A/A
52349,2026-06-04 08:12:49,16.2625,9.10,0.893,7.635,A,#2,HOLDING,0.596A/A
52350,2026-06-04 08:12:51,16.2375,6.23,0.893,7.635,A,#2,HOLDING,0.503A/A
52351,2026-06-04 08:12:53,16.1875,6.23,0.503,2.801,A,#2,HOLDING,0.405A/A
52352,2026-06-04 08:12:55,16.1250,6.23,0.503,2.801,A,#2,HOLDING,0.278A/A
52353,2026-06-04 08:12:57,16.1250,6.23,0.503,2.801,A,#2,HOLDING,0.194A/A
52354,2026-06-04 08:12:59,16.0625,6.23,0.503,2.801,OFF,#2,HOLDING,0.000A/OFF
52355,2026-06-04 08:13:00,16.0625,2.92,0.503,2.801,OFF,#2,HOLDING,0.000A/OFF
52356,2026-06-04 08:13:01,16.0625,2.92,0.194,2.801,OFF,#2,HOLDING,0.000A/OFF
52357,2026-06-04 08:13:02,16.0375,2.92,0.194,0.011,OFF,#2,HOLDING,0.000A/OFF
52358,2026-06-04 08:13:03,16.0375,2.92,0.194,0.011,B,#2,HOLDING,0.129A/B
52359,2026-06-04 08:13:04,16.0375,2.92,0.194,0.011,B,#2,HOLDING,0.213A/B
52360,2026-06-04 08:13:06,16.0625,1.04,0.194,0.011,B,#2,HOLDING,0.293A/B
52361,2026-06-04 08:13:08,16.0625,1.04,0.251,0.527,B,#2,HOLDING,0.394A/B
52362,2026-06-04 08:13:10,16.1000,1.04,0.251,0.527,B,#2,HOLDING,0.517A/B
52363,2026-06-04 08:13:12,16.1500,1.04,0.251,0.527,B,#2,HOLDING,0.597A/B
52364,2026-06-04 08:13:13,16.2250,4.43,0.251,0.527,B,#2,HOLDING,0.680A/B
52365,2026-06-04 08:13:15,16.2750,4.43,0.636,3.617,B,#2,HOLDING,0.769A/B
52366,2026-06-04 08:13:18,16.3625,4.43,0.636,3.617,B,#2,HOLDING,0.879A/B
52367,2026-06-04 08:13:19,16.4625,4.43,0.636,3.617,B,#2,HOLDING,0.944A/B
52368,2026-06-04 08:13:21,16.5500,7.32,0.636,3.617,B,#2,HOLDING,1.021A/B
52369,2026-06-04 08:13:23,16.7000,7.32,0.979,8.241,B,#2,HOLDING,1.000A/B
52370,2026-06-04 08:13:25,16.8500,7.32,0.979,8.241,B,#2,HOLDING,1.000A/B
52371,2026-06-04 08:13:27,16.9750,7.32,0.979,8.241,B,#2,HOLDING,1.063A/B
52372,2026-06-04 08:13:29,17.1125,8.49,0.979,8.241,B,#2,HOLDING,1.122A/B
52373,2026-06-04 08:13:31,17.3125,8.49,1.122,10.176,B,#2,HOLDING,1.158A/B
52374,2026-06-04 08:13:33,17.4875,8.49,1.122,10.176,B,#2,HOLDING,1.000A/B
52375,2026-06-04 08:13:35,17.6375,8.49,1.122,10.176,B,#2,HOLDING,1.000A/B
52376,2026-06-04 08:13:37,17.8625,8.34,1.122,10.176,B,#3,APPROACH,1.144A/B
52377,2026-06-04 08:13:38,18.0625,8.34,1.144,0.000,B,#3,APPROACH,0.158A/B
52378,2026-06-04 08:13:41,18.2375,8.34,1.144,0.000,B,#3,APPROACH,0.157A/B
52379,2026-06-04 08:13:43,18.4625,8.34,1.144,0.000,B,#3,APPROACH,0.163A/B
52380,2026-06-04 08:13:45,18.6750,8.34,1.144,0.000,B,#3,APPROACH,0.153A/B
52381,2026-06-04 08:13:46,18.8750,1.85,1.144,0.000,B,#3,APPROACH,0.163A/B
52382,2026-06-04 08:13:48,19.0500,1.85,0.163,0.311,B,#3,APPROACH,0.200A/B
52383,2026-06-04 08:13:51,19.2500,1.85,0.163,0.311,B,#3,APPROACH,0.268A/B
52384,2026-06-04 08:13:52,19.4250,1.85,0.163,0.311,B,#3,APPROACH,0.315A/B
52385,2026-06-04 08:13:54,19.6250,3.11,0.163,0.311,B,#3,APPROACH,0.358A/B
52386,2026-06-04 08:13:56,19.7750,3.11,0.358,1.321,B,#3,APPROACH,0.400A/B
52387,2026-06-04 08:13:58,19.9500,3.11,0.358,1.321,B,#3,APPROACH,0.453A/B
52388,2026-06-04 08:14:00,20.1125,3.11,0.358,1.321,B,#3,HOLDING,0.429A/B
52389,2026-06-04 08:14:02,20.2625,3.11,0.358,1.321,OFF,#3,HOLDING,0.000A/OFF
52390,2026-06-04 08:14:03,20.2625,4.16,0.358,1.321,OFF,#3,HOLDING,0.000A/OFF
52391,2026-06-04 08:14:04,20.4250,4.16,0.429,1.321,OFF,#3,HOLDING,0.000A/OFF
52392,2026-06-04 08:14:05,20.4250,4.16,0.429,1.844,OFF,#3,HOLDING,0.000A/OFF
52393,2026-06-04 08:14:06,20.6250,4.16,0.429,1.844,OFF,#3,HOLDING,0.000A/OFF
52394,2026-06-04 08:14:07,20.6250,4.16,0.429,1.844,OFF,#3,HOLDING,0.000A/OFF
52395,2026-06-04 08:14:08,20.7375,4.16,0.429,1.844,OFF,#3,HOLDING,0.000A/OFF
52396,2026-06-04 08:14:09,20.8875,12.00,0.429,1.844,OFF,#3,HOLDING,0.000A/OFF
52397,2026-06-04 08:14:10,20.8875,12.00,0.000,1.844,OFF,#3,HOLDING,0.000A/OFF
52398,2026-06-04 08:14:11,21.0375,12.00,0.000,0.000,OFF,#3,HOLDING,0.000A/OFF
52399,2026-06-04 08:14:12,21.0375,12.00,0.000,0.000,OFF,#3,HOLDING,0.000A/OFF
52400,2026-06-04 08:14:13,21.1875,12.00,0.000,0.000,OFF,#3,HOLDING,0.000A/OFF
52401,2026-06-04 08:14:14,21.1875,12.00,0.000,0.000,OFF,#3,HOLDING,0.000A/OFF
52402,2026-06-04 08:14:15,21.3000,12.00,0.000,0.000,OFF,#3,HOLDING,0.000A/OFF
52403,2026-06-04 08:14:16,21.3000,12.00,0.000,0.000,OFF,#3,HOLDING,0.000A/OFF
52404,2026-06-04 08:14:17,21.4250,12.00,0.000,0.000,OFF,#3,HOLDING,0.000A/OFF
52405,2026-06-04 08:14:18,21.4250,12.00,0.000,0.000,OFF,#3,HOLDING,0.000A/OFF
52406,2026-06-04 08:14:19,21.5375,12.00,0.000,0.000,OFF,#3,HOLDING,0.000A/OFF
52407,2026-06-04 08:14:20,21.5375,12.00,0.000,0.000,OFF,#3,HOLDING,0.000A/OFF
52408,2026-06-04 08:14:21,21.6375,12.00,0.000,0.000,OFF,#3,HOLDING,0.000A/OFF
52409,2026-06-04 08:14:22,21.6375,12.00,0.000,0.000,OFF,#3,HOLDING,0.000A/OFF
52410,2026-06-04 08:14:23,21.7625,12.00,0.000,0.000,OFF,#3,HOLDING,0.000A/OFF
52411,2026-06-04 08:14:24,21.7625,12.00,0.000,0.000,OFF,#3,HOLDING,0.000A/OFF
52412,2026-06-04 08:14:25,21.8625,12.00,0.000,0.000,OFF,#3,HOLDING,0.000A/OFF
52413,2026-06-04 08:14:26,21.8625,12.00,0.000,0.000,OFF,#3,HOLDING,0.000A/OFF
52414,2026-06-04 08:14:27,21.9500,12.00,0.000,0.000,OFF,#3,HOLDING,0.000A/OFF
52415,2026-06-04 08:14:28,22.0250,12.00,0.000,0.000,OFF,#3,HOLDING,0.000A/OFF
52416,2026-06-04 08:14:29,22.0250,12.00,0.000,0.000,OFF,#3,HOLDING,0.000A/OFF
52417,2026-06-04 08:14:30,22.1000,12.00,0.000,0.000,A,#3,HOLDING,0.161A/A
52418,2026-06-04 08:14:32,22.1750,12.00,0.000,0.000,A,#3,HOLDING,0.199A/A
52419,2026-06-04 08:14:34,22.1750,12.00,0.000,0.000,A,#3,HOLDING,0.234A/A
52420,2026-06-04 08:14:35,22.2500,1.97,0.000,0.000,A,#3,HOLDING,0.274A/A
52421,2026-06-04 08:14:37,22.3250,1.97,0.258,0.663,A,#3,HOLDING,0.324A/A
52422,2026-06-04 08:14:40,22.4250,1.97,0.258,0.663,A,#3,HOLDING,0.400A/A
52423,2026-06-04 08:14:41,22.4250,1.97,0.258,0.663,A,#3,HOLDING,0.435A/A
52424,2026-06-04 08:14:43,22.4750,3.74,0.258,0.663,A,#3,HOLDING,0.486A/A
52425,2026-06-04 08:14:45,22.5000,3.74,0.458,2.075,A,#3,HOLDING,0.534A/A
52426,2026-06-04 08:14:47,22.6125,3.74,0.458,2.075,A,#3,HOLDING,0.621A/A
52427,2026-06-04 08:14:49,22.6125,3.74,0.458,2.075,A,#3,HOLDING,0.664A/A
52428,2026-06-04 08:14:51,22.6250,5.69,0.458,2.075,A,#3,HOLDING,0.720A/A
52429,2026-06-04 08:14:53,22.6250,5.69,0.690,4.507,A,#3,HOLDING,0.767A/A
52430,2026-06-04 08:14:55,22.6875,5.69,0.690,4.507,A,#3,HOLDING,0.851A/A
52431,2026-06-04 08:14:57,22.6875,5.69,0.690,4.507,A,#3,HOLDING,0.900A/A
52432,2026-06-04 08:14:59,22.6625,7.62,0.690,4.507,A,#3,HOLDING,0.955A/A
52433,2026-06-04 08:15:00,22.6375,7.62,0.926,7.821,A,#3,HOLDING,1.003A/A
52434,2026-06-04 08:15:03,22.6000,7.62,0.926,7.821,A,#3,HOLDING,1.069A/A
52435,2026-06-04 08:15:04,22.6000,7.62,0.926,7.821,A,#3,HOLDING,1.120A/A
52436,2026-06-04 08:15:06,22.5875,9.35,0.926,7.821,A,#3,HOLDING,1.176A/A
52437,2026-06-04 08:15:08,22.5125,9.35,1.145,11.654,A,#3,HOLDING,1.220A/A
52438,2026-06-04 08:15:11,22.4125,9.35,1.145,11.654,A,#3,HOLDING,1.000A/A
52439,2026-06-04 08:15:12,22.4125,9.35,1.145,11.654,A,#3,HOLDING,1.000A/A
52440,2026-06-04 08:15:14,22.3625,8.69,1.145,11.654,A,#3,HOLDING,1.271A/A
52441,2026-06-04 08:15:16,22.2875,8.69,1.132,13.612,A,#3,HOLDING,1.000A/A
52442,2026-06-04 08:15:18,22.1375,8.69,1.132,13.612,A,#3,HOLDING,1.293A/A
52443,2026-06-04 08:15:20,22.1375,8.69,1.132,13.612,A,#3,HOLDING,1.331A/A
52444,2026-06-04 08:15:22,22.0500,11.03,1.132,13.612,A,#3,HOLDING,1.314A/A
52445,2026-06-04 08:15:24,21.9250,11.03,1.314,14.572,A,#3,HOLDING,1.344A/A
52446,2026-06-04 08:15:26,21.7375,11.03,1.314,14.572,A,#3,HOLDING,1.360A/A
52447,2026-06-04 08:15:27,21.7375,11.03,1.314,14.572,A,#3,HOLDING,1.389A/A
52448,2026-06-04 08:15:29,21.6375,11.54,1.314,14.572,A,#3,HOLDING,1.412A/A
52449,2026-06-04 08:15:31,21.5125,11.54,1.398,16.788,A,#3,HOLDING,1.429A/A
52450,2026-06-04 08:15:34,21.2375,11.54,1.398,16.788,A,#3,HOLDING,1.417A/A
52451,2026-06-04 08:15:35,21.2375,11.54,1.398,16.788,A,#3,HOLDING,1.430A/A
52452,2026-06-04 08:15:37,21.1375,11.93,1.398,16.788,A,#3,HOLDING,1.434A/A
52453,2026-06-04 08:15:39,20.9875,11.93,1.425,16.956,A,#3,HOLDING,1.435A/A
52454,2026-06-04 08:15:41,20.7125,11.93,1.425,16.956,A,#3,HOLDING,1.000A/A
52455,2026-06-04 08:15:43,20.7125,11.93,1.425,16.956,A,#3,HOLDING,1.406A/A
52456,2026-06-04 08:15:45,20.5875,11.84,1.425,16.956,A,#3,HOLDING,1.389A/A
52457,2026-06-04 08:15:47,20.4125,11.84,1.389,16.529,A,#3,HOLDING,1.366A/A
52458,2026-06-04 08:15:49,20.1750,11.84,1.389,16.529,A,#3,HOLDING,1.000A/A
52459,2026-06-04 08:15:51,20.1750,11.84,1.389,16.529,A,#4,APPROACH,1.316A/A
52460,2026-06-04 08:15:52,20.0250,7.17,1.389,16.529,B,#4,APPROACH,0.173A/B
52461,2026-06-04 08:15:55,19.8750,7.17,0.036,16.529,B,#4,APPROACH,0.234A/B
52462,2026-06-04 08:15:57,19.6125,7.17,0.036,0.000,B,#4,APPROACH,0.330A/B
52463,2026-06-04 08:15:59,19.5125,7.17,0.036,0.000,B,#4,APPROACH,0.437A/B
52464,2026-06-04 08:16:00,19.5125,7.17,0.036,0.000,B,#4,APPROACH,0.517A/B
52465,2026-06-04 08:16:02,19.3875,3.69,0.036,0.000,B,#4,APPROACH,0.636A/B
52466,2026-06-04 08:16:04,19.3375,3.69,0.636,3.008,B,#4,APPROACH,0.768A/B
52467,2026-06-04 08:16:07,19.2500,3.69,0.636,3.008,B,#4,APPROACH,0.959A/B
52468,2026-06-04 08:16:08,19.2500,3.69,0.636,3.008,B,#4,APPROACH,1.077A/B
52469,2026-06-04 08:16:10,19.2000,8.01,0.636,3.008,B,#4,APPROACH,1.000A/B
52470,2026-06-04 08:16:12,19.2500,8.01,1.000,7.800,B,#4,APPROACH,1.219A/B
52471,2026-06-04 08:16:14,19.2875,8.01,1.000,7.800,B,#4,APPROACH,1.000A/B
52472,2026-06-04 08:16:16,19.2875,8.01,1.000,7.800,B,#4,APPROACH,1.396A/B
52473,2026-06-04 08:16:18,19.3625,10.61,1.000,7.800,B,#4,APPROACH,1.500A/B
52474,2026-06-04 08:16:20,19.4250,10.61,1.500,17.355,B,#4,APPROACH,1.500A/B
52475,2026-06-04 08:16:22,19.6625,10.61,1.500,17.355,B,#4,APPROACH,1.500A/B
52476,2026-06-04 08:16:24,19.6625,10.61,1.500,17.355,B,#4,APPROACH,1.000A/B
52477,2026-06-04 08:16:25,19.7875,8.36,1.500,17.355,B,#4,APPROACH,1.000A/B
52478,2026-06-04 08:16:27,19.9250,8.36,1.000,8.540,B,#4,APPROACH,1.499A/B
52479,2026-06-04 08:16:30,20.2375,8.36,1.000,8.540,B,#4,APPROACH,1.572A/B
52480,2026-06-04 08:16:31,20.2375,8.36,1.000,8.540,B,#4,APPROACH,1.000A/B
52481,2026-06-04 08:16:33,20.3875,8.60,1.000,8.540,B,#4,APPROACH,1.000A/B
52482,2026-06-04 08:16:35,20.5750,8.60,1.000,8.760,B,#4,APPROACH,1.665A/B
52483,2026-06-04 08:16:37,20.9375,8.60,1.000,8.760,B,#4,APPROACH,1.500A/B
52484,2026-06-04 08:16:39,20.9375,8.60,1.000,8.760,B,#4,APPROACH,1.737A/B
52485,2026-06-04 08:16:41,21.1375,12.00,1.000,8.760,B,#4,APPROACH,1.000A/B
52486,2026-06-04 08:16:43,21.3625,12.00,1.033,8.910,B,#4,APPROACH,1.000A/B
52487,2026-06-04 08:16:45,21.7375,12.00,1.033,8.910,B,#4,APPROACH,1.000A/B
52488,2026-06-04 08:16:47,21.7375,12.00,1.033,8.910,B,#4,APPROACH,1.768A/B
52489,2026-06-04 08:16:48,21.9375,12.00,1.033,8.910,B,#4,APPROACH,1.805A/B
52490,2026-06-04 08:16:50,22.1750,12.00,1.430,16.956,B,#4,HOLDING,1.000A/B
52491,2026-06-04 08:16:53,22.5875,12.00,1.430,16.956,OFF,#4,HOLDING,0.000A/OFF
52492,2026-06-04 08:16:54,22.5875,12.00,1.430,16.956,OFF,#4,HOLDING,0.000A/OFF
52493,2026-06-04 08:16:55,22.8125,12.00,1.430,16.956,OFF,#4,HOLDING,0.000A/OFF
52494,2026-06-04 08:16:56,22.8125,12.00,1.430,16.956,OFF,#4,HOLDING,0.000A/OFF
52495,2026-06-04 08:16:57,23.0250,12.00,0.000,16.956,OFF,#4,HOLDING,0.000A/OFF
52496,2026-06-04 08:16:58,23.0250,12.00,0.000,16.956,OFF,#4,HOLDING,0.000A/OFF
52497,2026-06-04 08:16:59,23.2500,12.00,0.000,0.000,OFF,#4,HOLDING,0.000A/OFF
52498,2026-06-04 08:17:00,23.2500,12.00,0.000,0.000,OFF,#4,HOLDING,0.000A/OFF
52499,2026-06-04 08:17:01,23.4625,12.00,0.000,0.000,OFF,#4,HOLDING,0.000A/OFF
52500,2026-06-04 08:17:02,23.4625,12.00,0.000,0.000,OFF,#4,HOLDING,0.000A/OFF
52501,2026-06-04 08:17:03,23.6875,12.00,0.000,0.000,OFF,#4,HOLDING,0.000A/OFF
52502,2026-06-04 08:17:04,23.6875,12.00,0.000,0.000,OFF,#4,HOLDING,0.000A/OFF
52503,2026-06-04 08:17:05,23.8000,12.00,0.000,0.000,OFF,#4,HOLDING,0.000A/OFF
52504,2026-06-04 08:17:06,23.8000,12.00,0.000,0.000,OFF,#4,HOLDING,0.000A/OFF
52505,2026-06-04 08:17:07,24.0000,12.00,0.000,0.000,OFF,#4,HOLDING,0.000A/OFF
52506,2026-06-04 08:17:08,24.0000,12.00,0.000,0.000,OFF,#4,HOLDING,0.000A/OFF
52507,2026-06-04 08:17:09,24.1750,12.00,0.000,0.000,A,#4,HOLDING,0.203A/A
52508,2026-06-04 08:17:11,24.3250,12.00,0.000,0.312,A,#4,HOLDING,0.233A/A
52509,2026-06-04 08:17:13,24.4250,12.00,0.000,0.312,A,#4,HOLDING,0.309A/A
52510,2026-06-04 08:17:15,24.6000,12.00,0.000,0.312,A,#4,HOLDING,0.355A/A
52511,2026-06-04 08:17:16,24.7000,2.61,0.000,0.312,A,#4,HOLDING,0.414A/A
52512,2026-06-04 08:17:18,24.8250,2.61,0.387,1.328,A,#4,HOLDING,0.489A/A
52513,2026-06-04 08:17:21,24.8875,2.61,0.387,1.328,A,#4,HOLDING,0.561A/A
52514,2026-06-04 08:17:22,24.9625,2.61,0.387,1.328,A,#4,HOLDING,0.623A/A
52515,2026-06-04 08:17:24,25.0625,4.99,0.387,1.328,A,#4,HOLDING,0.699A/A
52516,2026-06-04 08:17:26,25.1375,4.99,0.667,4.033,A,#4,HOLDING,0.780A/A
52517,2026-06-04 08:17:28,25.1625,4.99,0.667,4.033,A,#4,HOLDING,0.873A/A
52518,2026-06-04 08:17:30,25.2375,4.99,0.667,4.033,A,#4,HOLDING,0.944A/A
52519,2026-06-04 08:17:32,25.2625,7.66,0.667,4.033,A,#4,HOLDING,1.020A/A
52520,2026-06-04 08:17:34,25.2875,7.66,1.000,8.568,A,#4,HOLDING,1.000A/A
52521,2026-06-04 08:17:36,25.3125,7.66,1.000,8.568,A,#4,HOLDING,1.096A/A
52522,2026-06-04 08:17:38,25.3125,7.66,1.000,8.568,A,#4,HOLDING,1.165A/A
52523,2026-06-04 08:17:39,25.3000,9.36,1.000,8.568,A,#4,HOLDING,1.242A/A
52524,2026-06-04 08:17:41,25.2500,9.36,1.242,12.668,A,#4,HOLDING,1.311A/A
52525,2026-06-04 08:17:44,25.2375,9.36,1.242,12.668,A,#4,HOLDING,1.412A/A
52526,2026-06-04 08:17:45,25.1625,9.36,1.242,12.668,A,#4,HOLDING,1.467A/A
52527,2026-06-04 08:17:47,25.1250,11.66,1.242,12.668,A,#4,HOLDING,1.541A/A
52528,2026-06-04 08:17:49,25.0750,11.66,1.484,17.676,A,#4,HOLDING,1.000A/A
52529,2026-06-04 08:17:51,24.9875,11.66,1.484,17.676,A,#4,HOLDING,1.606A/A
52530,2026-06-04 08:17:53,24.9125,11.66,1.484,17.676,A,#4,HOLDING,1.500A/A
52531,2026-06-04 08:17:55,24.7750,12.00,1.484,17.676,A,#4,HOLDING,1.500A/A
52532,2026-06-04 08:17:57,24.7000,12.00,1.461,17.364,A,#4,HOLDING,1.500A/A
52533,2026-06-04 08:17:59,24.5875,12.00,1.461,17.364,A,#4,HOLDING,1.000A/A
52534,2026-06-04 08:18:01,24.4875,12.00,1.461,17.364,A,#4,HOLDING,1.000A/A
52535,2026-06-04 08:18:02,24.3625,8.84,1.461,17.364,A,#4,HOLDING,1.615A/A
52536,2026-06-04 08:18:04,24.2375,8.84,1.443,17.196,A,#4,HOLDING,1.648A/A
52537,2026-06-04 08:18:07,24.0750,8.84,1.443,17.196,A,#4,HOLDING,1.636A/A
52538,2026-06-04 08:18:08,23.9250,8.84,1.443,17.196,A,#4,HOLDING,1.658A/A
52539,2026-06-04 08:18:10,23.8000,12.00,1.443,17.196,A,#4,HOLDING,1.685A/A
52540,2026-06-04 08:18:12,23.6250,12.00,1.429,17.016,A,#4,HOLDING,1.500A/A
52541,2026-06-04 08:18:14,23.5125,12.00,1.429,17.016,A,#4,HOLDING,1.709A/A
52542,2026-06-04 08:18:16,23.3125,12.00,1.429,17.016,A,#4,HOLDING,1.000A/A
52543,2026-06-04 08:18:18,23.1500,9.02,1.429,17.016,A,#4,HOLDING,1.708A/A
52544,2026-06-04 08:18:20,23.0000,9.02,1.418,16.908,A,#4,HOLDING,1.000A/A
52545,2026-06-04 08:18:22,22.8000,9.02,1.418,16.908,A,#4,HOLDING,1.705A/A
52546,2026-06-04 08:18:24,22.6750,9.02,1.418,16.908,A,#4,HOLDING,1.692A/A
52547,2026-06-04 08:18:26,22.4875,12.00,1.418,16.908,A,#4,HOLDING,1.665A/A
52548,2026-06-04 08:18:27,22.3125,12.00,1.411,16.812,A,#4,HOLDING,1.634A/A
52549,2026-06-04 08:18:30,22.1375,12.00,1.411,16.812,A,#4,HOLDING,1.588A/A
52550,2026-06-04 08:18:31,21.9625,12.00,1.411,16.812,A,#4,HOLDING,1.493A/A
52551,2026-06-04 08:18:33,21.8250,12.00,1.411,16.812,A,#4,HOLDING,1.442A/A
52552,2026-06-04 08:18:35,21.6250,12.00,1.402,16.716,A,#4,HOLDING,1.370A/A
52553,2026-06-04 08:18:37,21.5125,12.00,1.402,16.716,A,#4,HOLDING,1.000A/A
52554,2026-06-04 08:18:39,21.3625,12.00,1.402,16.716,A,#4,HOLDING,1.288A/A
52555,2026-06-04 08:18:41,21.1875,11.14,1.402,16.716,A,#4,HOLDING,1.211A/A
52556,2026-06-04 08:18:43,20.9875,11.14,1.211,13.006,A,#4,HOLDING,1.000A/A
52557,2026-06-04 08:18:45,20.8625,11.14,1.211,13.006,A,#4,HOLDING,1.111A/A
52558,2026-06-04 08:18:47,20.6875,11.14,1.211,13.006,A,#4,HOLDING,1.022A/A
52559,2026-06-04 08:18:49,20.5500,9.31,1.211,13.006,A,#4,HOLDING,0.927A/A
52560,2026-06-04 08:18:50,20.3750,9.31,0.927,8.101,A,#4,HOLDING,0.809A/A
52561,2026-06-04 08:18:53,20.2625,9.31,0.927,8.101,A,#4,HOLDING,0.680A/A
52562,2026-06-04 08:18:54,20.1125,9.31,0.927,8.101,A,#4,HOLDING,0.572A/A
52563,2026-06-04 08:18:56,20.0250,6.01,0.927,8.101,A,#4,HOLDING,0.490A/A
52564,2026-06-04 08:18:58,19.9000,6.01,0.490,2.660,A,#4,HOLDING,0.364A/A
52565,2026-06-04 08:19:01,19.7625,6.01,0.490,2.660,A,#4,HOLDING,0.201A/A
52566,2026-06-04 08:19:02,19.6625,6.01,0.490,2.660,OFF,#4,HOLDING,0.000A/OFF
52567,2026-06-04 08:19:03,19.6625,6.01,0.490,2.660,OFF,#4,HOLDING,0.000A/OFF
52568,2026-06-04 08:19:04,19.5500,12.00,0.490,2.660,OFF,#4,HOLDING,0.000A/OFF
52569,2026-06-04 08:19:05,19.5500,12.00,1.432,0.000,B,#4,HOLDING,0.128A/B
52570,2026-06-04 08:19:07,19.4750,12.00,1.432,0.000,B,#4,HOLDING,0.295A/B
52571,2026-06-04 08:19:09,19.4000,12.00,1.432,0.000,B,#4,HOLDING,0.413A/B
52572,2026-06-04 08:19:11,19.3250,2.69,1.432,0.000,B,#4,HOLDING,0.559A/B
52573,2026-06-04 08:19:13,19.2375,2.69,0.512,2.263,B,#4,HOLDING,0.709A/B
52574,2026-06-04 08:19:15,19.1875,2.69,0.512,2.263,B,#4,HOLDING,0.895A/B
52575,2026-06-04 08:19:17,19.1250,2.69,0.512,2.263,B,#4,HOLDING,1.000A/B
52576,2026-06-04 08:19:19,19.1250,7.45,0.512,2.263,B,#4,HOLDING,1.000A/B
52577,2026-06-04 08:19:20,19.1250,7.45,1.000,7.730,B,#4,HOLDING,1.022A/B
52578,2026-06-04 08:19:23,19.1750,7.45,1.000,7.730,B,#4,HOLDING,1.201A/B
52579,2026-06-04 08:19:24,19.2500,7.45,1.000,7.730,B,#4,HOLDING,1.000A/B
52580,2026-06-04 08:19:26,19.2750,7.81,1.000,7.730,B,#4,HOLDING,1.316A/B
52581,2026-06-04 08:19:28,19.3500,7.81,1.277,13.541,B,#4,HOLDING,1.448A/B
52582,2026-06-04 08:19:30,19.4500,7.81,1.277,13.541,B,#4,HOLDING,1.000A/B
52583,2026-06-04 08:19:32,19.5750,7.81,1.277,13.541,B,#4,HOLDING,1.606A/B
52584,2026-06-04 08:19:34,19.7000,12.00,1.277,13.541,B,#4,HOLDING,1.725A/B
52585,2026-06-04 08:19:36,19.8250,12.00,1.537,18.228,B,#4,HOLDING,1.500A/B
52586,2026-06-04 08:19:38,19.9750,12.00,1.537,18.228,B,#4,HOLDING,1.000A/B
52587,2026-06-04 08:19:40,20.1375,12.00,1.537,18.228,B,#4,HOLDING,1.000A/B
52588,2026-06-04 08:19:42,20.3125,8.58,1.537,18.228,B,#4,HOLDING,1.773A/B
52589,2026-06-04 08:19:43,20.4875,8.58,1.484,17.604,B,#4,HOLDING,1.855A/B
52590,2026-06-04 08:19:46,20.6875,8.58,1.484,17.604,B,#4,HOLDING,1.000A/B
52591,2026-06-04 08:19:47,20.8625,8.58,1.484,17.604,B,#4,HOLDING,1.952A/B
52592,2026-06-04 08:19:49,21.0625,12.00,1.484,17.604,B,#4,HOLDING,2.016A/B
52593,2026-06-04 08:19:51,21.3125,12.00,1.442,17.076,B,#4,HOLDING,2.061A/B
52594,2026-06-04 08:19:53,21.5625,12.00,1.442,17.076,B,#4,HOLDING,2.000A/B
52595,2026-06-04 08:19:55,21.7750,12.00,1.442,17.076,B,#4,HOLDING,1.000A/B
52596,2026-06-04 08:19:57,22.0000,9.06,1.442,17.076,B,#4,HOLDING,1.000A/B
52597,2026-06-04 08:19:59,22.2500,9.06,1.000,9.180,B,#4,HOLDING,1.500A/B
52598,2026-06-04 08:20:01,22.5000,9.06,1.000,9.180,B,#4,HOLDING,1.000A/B
52599,2026-06-04 08:20:03,22.7125,9.06,1.000,9.180,B,#4,HOLDING,1.000A/B
52600,2026-06-04 08:20:05,22.9625,9.14,1.000,9.180,B,#4,HOLDING,2.000A/B
52601,2026-06-04 08:20:06,23.2125,9.14,1.394,16.548,B,#4,HOLDING,1.500A/B
52602,2026-06-04 08:20:09,23.4375,9.14,1.394,16.548,B,#4,HOLDING,1.500A/B
52603,2026-06-04 08:20:10,23.6750,9.14,1.394,16.548,B,#4,HOLDING,2.046A/B
52604,2026-06-04 08:20:12,23.9000,12.00,1.394,16.548,B,#4,HOLDING,1.500A/B
52605,2026-06-04 08:20:14,24.1500,12.00,1.371,16.284,B,#4,HOLDING,1.500A/B
52606,2026-06-04 08:20:17,24.3750,12.00,1.371,16.284,B,#4,HOLDING,1.954A/B
52607,2026-06-04 08:20:18,24.5875,12.00,1.371,16.284,B,#4,HOLDING,1.892A/B
52608,2026-06-04 08:20:20,24.8375,12.00,1.371,16.284,B,#4,HOLDING,1.814A/B
52609,2026-06-04 08:20:22,25.0500,12.00,1.351,16.044,B,#4,HOLDING,1.726A/B
52610,2026-06-04 08:20:24,25.2750,12.00,1.351,16.044,B,#4,HOLDING,1.617A/B
52611,2026-06-04 08:20:26,25.5125,12.00,1.351,16.044,B,#4,HOLDING,1.525A/B
52612,2026-06-04 08:20:28,25.7375,12.00,1.351,16.044,B,#4,HOLDING,1.411A/B
52613,2026-06-04 08:20:30,25.9625,12.00,1.336,15.864,B,#4,HOLDING,1.288A/B
52614,2026-06-04 08:20:32,26.2125,12.00,1.336,15.864,B,#4,HOLDING,1.187A/B
52615,2026-06-04 08:20:34,26.4250,12.00,1.336,15.864,B,#4,HOLDING,1.068A/B
52616,2026-06-04 08:20:35,26.6750,10.12,1.336,15.864,B,#4,HOLDING,0.920A/B
52617,2026-06-04 08:20:37,26.8625,10.12,0.960,8.390,B,#4,HOLDING,0.772A/B
52618,2026-06-04 08:20:40,27.0875,10.12,0.960,8.390,B,#4,HOLDING,0.573A/B
52619,2026-06-04 08:20:41,27.3000,10.12,0.960,8.390,B,#4,HOLDING,0.427A/B
52620,2026-06-04 08:20:43,27.5000,5.33,0.960,8.390,B,#4,HOLDING,0.252A/B
52621,2026-06-04 08:20:45,27.7500,5.33,0.304,8.390,OFF,#4,HOLDING,0.000A/OFF
52622,2026-06-04 08:20:46,27.9750,5.33,0.304,0.975,OFF,#4,HOLDING,0.000A/OFF
52623,2026-06-04 08:20:47,27.9750,5.33,0.304,0.975,A,#4,HOLDING,0.140A/A
52624,2026-06-04 08:20:49,28.1750,5.33,0.304,0.975,A,#4,HOLDING,0.321A/A
52625,2026-06-04 08:20:50,28.3750,1.67,0.304,0.975,A,#4,HOLDING,0.518A/A
52626,2026-06-04 08:20:52,28.5500,1.67,0.518,1.740,A,#4,HOLDING,0.734A/A
52627,2026-06-04 08:20:55,28.7000,1.67,0.518,1.740,A,#4,HOLDING,1.000A/A
52628,2026-06-04 08:20:56,28.8625,1.67,0.518,1.740,A,#4,HOLDING,1.012A/A
52629,2026-06-04 08:20:58,28.9875,7.47,0.518,1.740,A,#4,HOLDING,1.000A/A
52630,2026-06-04 08:21:00,29.1000,7.47,1.000,7.650,A,#4,HOLDING,1.000A/A
52631,2026-06-04 08:21:02,29.1750,7.47,1.000,7.650,A,#4,HOLDING,1.240A/A
52632,2026-06-04 08:21:04,29.2625,7.47,1.000,7.650,A,#4,HOLDING,1.000A/A
52633,2026-06-04 08:21:06,29.3375,7.81,1.000,7.650,A,#4,HOLDING,1.000A/A
52634,2026-06-04 08:21:08,29.3750,7.81,1.000,8.020,A,#4,HOLDING,1.443A/A
52635,2026-06-04 08:21:10,29.4250,7.81,1.000,8.020,A,#4,HOLDING,1.745A/A
52636,2026-06-04 08:21:12,29.4375,7.81,1.000,8.020,A,#4,HOLDING,1.947A/A
52637,2026-06-04 08:21:14,29.4375,12.00,1.000,8.020,A,#4,HOLDING,2.183A/A
52638,2026-06-04 08:21:15,29.4125,12.00,1.543,18.300,A,#4,HOLDING,1.500A/A
52639,2026-06-04 08:21:18,29.3875,12.00,1.543,18.300,A,#4,HOLDING,2.409A/A
52640,2026-06-04 08:21:19,29.3125,12.00,1.543,18.300,A,#4,HOLDING,1.000A/A
52641,2026-06-04 08:21:21,29.2875,8.44,1.543,18.300,A,#4,HOLDING,2.500A/A
52642,2026-06-04 08:21:23,29.2000,8.44,1.500,17.832,A,#4,HOLDING,1.500A/A
52643,2026-06-04 08:21:25,29.0750,8.44,1.500,17.832,A,#4,HOLDING,1.500A/A
52644,2026-06-04 08:21:27,29.0000,8.44,1.500,17.832,A,#4,HOLDING,2.581A/A
52645,2026-06-04 08:21:29,28.8750,12.00,1.500,17.832,A,#4,HOLDING,1.000A/A
52646,2026-06-04 08:21:31,28.7625,12.00,1.019,8.780,A,#4,HOLDING,2.000A/A
52647,2026-06-04 08:21:33,28.6125,12.00,1.019,8.780,A,#4,HOLDING,2.500A/A
52648,2026-06-04 08:21:35,28.5250,12.00,1.019,8.780,A,#4,HOLDING,1.500A/A
52649,2026-06-04 08:21:37,28.3750,12.00,1.019,8.780,A,#4,HOLDING,1.000A/A
52650,2026-06-04 08:21:38,28.2000,12.00,1.230,8.900,A,#4,HOLDING,2.500A/A
52651,2026-06-04 08:21:41,28.0000,12.00,1.230,8.900,A,#4,HOLDING,2.500A/A
52652,2026-06-04 08:21:42,27.8625,12.00,1.230,8.900,A,#4,HOLDING,1.000A/A
52653,2026-06-04 08:21:44,27.6875,8.88,1.230,8.900,A,#4,HOLDING,2.720A/A
52654,2026-06-04 08:21:46,27.5125,8.88,1.219,17.136,A,#4,HOLDING,2.873A/A
52655,2026-06-04 08:21:49,27.3625,8.88,1.219,17.136,A,#4,HOLDING,3.000A/A
52656,2026-06-04 08:21:50,27.1750,8.88,1.219,17.136,A,#4,HOLDING,1.000A/A
52657,2026-06-04 08:21:52,27.0000,8.98,1.219,17.136,A,#4,HOLDING,2.000A/A
52658,2026-06-04 08:21:54,26.7875,8.98,1.213,17.004,A,#4,HOLDING,1.000A/A
52659,2026-06-04 08:21:56,26.6125,8.98,1.213,17.004,A,#4,HOLDING,2.000A/A
52660,2026-06-04 08:21:58,26.4500,8.98,1.213,17.004,A,#4,HOLDING,2.000A/A
52661,2026-06-04 08:22:00,26.2500,12.00,1.213,17.004,A,#4,HOLDING,2.500A/A
52662,2026-06-04 08:22:01,26.0625,12.00,1.418,16.884,A,#4,HOLDING,1.500A/A
52663,2026-06-04 08:22:04,25.8375,12.00,1.418,16.884,A,#4,HOLDING,2.947A/A
52664,2026-06-04 08:22:05,25.6375,12.00,1.418,16.884,A,#4,HOLDING,1.000A/A
52665,2026-06-04 08:22:07,25.4375,9.14,1.418,16.884,A,#4,HOLDING,3.000A/A
52666,2026-06-04 08:22:09,25.2250,9.14,1.329,16.812,A,#4,HOLDING,2.992A/A
52667,2026-06-04 08:22:12,25.0250,9.14,1.329,16.812,A,#4,HOLDING,3.000A/A
52668,2026-06-04 08:22:13,24.8250,9.14,1.329,16.812,A,#4,HOLDING,2.000A/A
52669,2026-06-04 08:22:15,24.6250,12.00,1.329,16.812,A,#4,HOLDING,3.000A/A
52670,2026-06-04 08:22:17,24.4125,12.00,1.407,16.752,A,#4,HOLDING,3.000A/A
52671,2026-06-04 08:22:19,24.1875,12.00,1.407,16.752,A,#4,HOLDING,2.500A/A
52672,2026-06-04 08:22:21,24.0125,12.00,1.407,16.752,A,#4,HOLDING,2.943A/A
52673,2026-06-04 08:22:23,23.7625,12.00,1.407,16.752,A,#5,APPROACH,2.000A/A
52674,2026-06-04 08:22:25,23.6000,12.00,1.400,16.752,OFF,#5,HOLDING,0.000A/OFF
52675,2026-06-04 08:22:26,23.3750,12.00,1.400,16.752,OFF,#5,HOLDING,0.000A/OFF
52676,2026-06-04 08:22:27,23.3750,12.00,1.400,0.000,OFF,#5,HOLDING,0.000A/OFF
52677,2026-06-04 08:22:28,23.2000,12.00,1.400,0.000,OFF,#5,HOLDING,0.000A/OFF
52678,2026-06-04 08:22:29,23.2000,12.00,1.400,0.000,OFF,#5,HOLDING,0.000A/OFF
52679,2026-06-04 08:22:30,23.0000,12.00,1.400,0.000,B,#5,HOLDING,0.118A/B
52680,2026-06-04 08:22:31,22.8250,12.00,1.400,0.000,B,#5,HOLDING,0.138A/B
52681,2026-06-04 08:22:33,22.6750,12.00,0.138,0.055,B,#5,HOLDING,0.194A/B
52682,2026-06-04 08:22:35,22.5500,12.00,0.138,0.055,B,#5,HOLDING,0.278A/B
52683,2026-06-04 08:22:37,22.4250,12.00,0.138,0.055,B,#5,HOLDING,0.322A/B
52684,2026-06-04 08:22:39,22.3000,2.13,0.138,0.055,B,#5,HOLDING,0.380A/B
52685,2026-06-04 08:22:41,22.2000,2.13,0.380,1.102,B,#5,HOLDING,0.444A/B
52686,2026-06-04 08:22:43,22.1250,2.13,0.380,1.102,B,#5,HOLDING,0.517A/B
52687,2026-06-04 08:22:45,22.0750,2.13,0.380,1.102,B,#5,HOLDING,0.566A/B
52688,2026-06-04 08:22:47,22.0750,4.40,0.380,1.102,B,#5,HOLDING,0.619A/B
52689,2026-06-04 08:22:48,22.0125,4.40,0.619,3.119,B,#5,HOLDING,0.688A/B
52690,2026-06-04 08:22:51,22.0000,4.40,0.619,3.119,B,#5,HOLDING,0.768A/B
52691,2026-06-04 08:22:52,22.0000,4.40,0.619,3.119,B,#5,HOLDING,0.825A/B
52692,2026-06-04 08:22:54,22.0000,6.55,0.619,3.119,B,#5,HOLDING,0.883A/B
52693,2026-06-04 08:22:56,22.0500,6.55,0.883,6.339,B,#5,HOLDING,0.938A/B
52694,2026-06-04 08:22:58,22.0625,6.55,0.883,6.339,B,#5,HOLDING,1.018A/B
52695,2026-06-04 08:23:00,22.1125,6.55,0.883,6.339,B,#5,HOLDING,1.063A/B
52696,2026-06-04 08:23:02,22.1125,8.59,0.883,6.339,B,#5,HOLDING,1.129A/B
52697,2026-06-04 08:23:04,22.2375,8.59,1.116,10.454,B,#5,HOLDING,1.168A/B
52698,2026-06-04 08:23:06,22.3250,8.59,1.116,10.454,B,#5,HOLDING,1.000A/B
52699,2026-06-04 08:23:08,22.4000,8.59,1.116,10.454,B,#5,HOLDING,1.218A/B
52700,2026-06-04 08:23:10,22.4000,9.92,1.116,10.454,B,#5,HOLDING,1.281A/B
52701,2026-06-04 08:23:11,22.5125,9.92,1.281,13.617,B,#5,HOLDING,1.317A/B
52702,2026-06-04 08:23:14,22.7375,9.92,1.281,13.617,B,#5,HOLDING,1.303A/B
52703,2026-06-04 08:23:15,22.8625,9.92,1.281,13.617,B,#5,HOLDING,1.000A/B
52704,2026-06-04 08:23:17,22.8625,8.68,1.281,13.617,B,#5,HOLDING,1.329A/B
52705,2026-06-04 08:23:19,22.9875,8.68,1.286,14.858,B,#5,HOLDING,1.363A/B
52706,2026-06-04 08:23:22,23.3000,8.68,1.286,14.858,B,#5,HOLDING,1.000A/B
52707,2026-06-04 08:23:23,23.4500,8.68,1.286,14.858,B,#5,HOLDING,1.000A/B
52708,2026-06-04 08:23:25,23.4500,8.92,1.286,14.858,B,#5,HOLDING,1.372A/B
52709,2026-06-04 08:23:27,23.6125,8.92,1.346,16.066,B,#5,HOLDING,1.386A/B
52710,2026-06-04 08:23:29,23.9875,8.92,1.346,16.066,B,#5,HOLDING,1.363A/B
52711,2026-06-04 08:23:31,24.1625,8.92,1.346,16.066,B,#5,HOLDING,1.330A/B
52712,2026-06-04 08:23:33,24.1625,11.43,1.346,16.066,B,#5,HOLDING,1.331A/B
52713,2026-06-04 08:23:35,24.5375,11.43,1.331,15.479,B,#5,HOLDING,1.293A/B
52714,2026-06-04 08:23:37,24.7375,11.43,1.331,15.479,B,#5,HOLDING,1.193A/B
52715,2026-06-04 08:23:39,24.9375,11.43,1.331,15.479,B,#5,HOLDING,1.122A/B
52716,2026-06-04 08:23:40,24.9375,10.07,1.331,15.479,B,#5,HOLDING,1.115A/B
52717,2026-06-04 08:23:42,25.1125,10.07,1.115,11.406,B,#5,HOLDING,1.054A/B
52718,2026-06-04 08:23:45,25.5250,10.07,1.115,11.406,B,#5,HOLDING,0.939A/B
52719,2026-06-04 08:23:46,25.7500,10.07,1.115,11.406,B,#5,HOLDING,0.836A/B
52720,2026-06-04 08:23:48,25.7500,8.19,1.115,11.406,B,#5,HOLDING,0.780A/B
52721,2026-06-04 08:23:50,26.1250,8.19,0.795,6.169,B,#5,HOLDING,0.666A/B
52722,2026-06-04 08:23:52,26.3000,8.19,0.795,6.169,B,#5,HOLDING,0.549A/B
52723,2026-06-04 08:23:54,26.4500,8.19,0.795,6.169,B,#5,HOLDING,0.436A/B
52724,2026-06-04 08:23:56,26.4500,5.08,0.795,6.169,B,#5,HOLDING,0.377A/B
52725,2026-06-04 08:23:58,26.8250,5.08,0.403,1.737,B,#5,HOLDING,0.261A/B
52726,2026-06-04 08:24:00,26.9875,5.08,0.403,1.737,B,#5,HOLDING,0.101A/B
52727,2026-06-04 08:24:02,27.1375,5.08,0.403,1.737,OFF,#5,HOLDING,0.000A/OFF
52728,2026-06-04 08:24:03,27.1375,5.08,0.403,1.737,OFF,#5,HOLDING,0.000A/OFF
52729,2026-06-04 08:24:04,27.3000,12.00,0.000,1.737,A,#5,HOLDING,0.163A/A
52730,2026-06-04 08:24:06,27.4500,12.00,0.000,0.123,A,#5,HOLDING,0.312A/A
52731,2026-06-04 08:24:07,27.4500,12.00,0.000,0.123,A,#5,HOLDING,0.430A/A
52732,2026-06-04 08:24:09,27.5750,12.00,0.000,0.123,A,#5,HOLDING,0.552A/A
52733,2026-06-04 08:24:11,27.7000,3.90,0.000,0.123,A,#5,HOLDING,0.705A/A
52734,2026-06-04 08:24:12,27.7875,3.90,0.626,3.771,A,#5,HOLDING,0.860A/A
52735,2026-06-04 08:24:15,27.8625,3.90,0.626,3.771,A,#5,HOLDING,1.056A/A
52736,2026-06-04 08:24:16,27.9500,3.90,0.626,3.771,A,#5,HOLDING,1.194A/A
52737,2026-06-04 08:24:18,28.0000,9.09,0.626,3.771,A,#5,HOLDING,1.353A/A
52738,2026-06-04 08:24:20,28.0375,9.09,1.271,14.152,A,#5,HOLDING,1.512A/A
52739,2026-06-04 08:24:23,28.0625,9.09,1.271,14.152,A,#5,HOLDING,1.715A/A
52740,2026-06-04 08:24:24,28.1250,9.09,1.271,14.152,A,#5,HOLDING,1.500A/A
52741,2026-06-04 08:24:26,28.1000,11.59,1.271,14.152,A,#5,HOLDING,1.000A/A
52742,2026-06-04 08:24:28,28.0875,11.59,1.199,8.320,A,#5,HOLDING,1.855A/A
52743,2026-06-04 08:24:30,28.0625,11.59,1.199,8.320,A,#5,HOLDING,1.500A/A
52744,2026-06-04 08:24:32,28.0250,11.59,1.199,8.320,A,#5,HOLDING,1.000A/A
52745,2026-06-04 08:24:34,27.9750,8.46,1.199,8.320,A,#5,HOLDING,2.000A/A
52746,2026-06-04 08:24:36,27.9375,8.46,1.509,17.916,A,#5,HOLDING,1.500A/A
52747,2026-06-04 08:24:38,27.8375,8.46,1.509,17.916,A,#5,HOLDING,2.037A/A
52748,2026-06-04 08:24:40,27.7625,8.46,1.509,17.916,A,#5,HOLDING,2.000A/A
52749,2026-06-04 08:24:41,27.6625,12.00,1.509,17.916,A,#5,HOLDING,2.154A/A
52750,2026-06-04 08:24:43,27.5500,12.00,1.474,17.532,A,#5,HOLDING,1.000A/A
52751,2026-06-04 08:24:46,27.4250,12.00,1.474,17.532,A,#5,HOLDING,1.500A/A
52752,2026-06-04 08:24:47,27.3250,12.00,1.474,17.532,A,#5,HOLDING,2.000A/A
52753,2026-06-04 08:24:49,27.1500,12.00,1.474,17.532,A,#5,HOLDING,1.500A/A
52754,2026-06-04 08:24:51,27.0125,12.00,1.451,17.256,A,#5,HOLDING,2.256A/A
52755,2026-06-04 08:24:53,26.8625,12.00,1.451,17.256,A,#5,HOLDING,1.500A/A
52756,2026-06-04 08:24:55,26.7000,12.00,1.451,17.256,A,#5,HOLDING,1.500A/A
52757,2026-06-04 08:24:57,26.5500,7.49,1.451,17.256,B,#1,APPROACH,0.215A/B
52758,2026-06-04 08:24:59,26.3875,7.49,0.000,17.256,B,#1,APPROACH,0.358A/B
52759,2026-06-04 08:25:01,26.1875,7.49,0.000,0.000,B,#1,APPROACH,0.499A/B
52760,2026-06-04 08:25:03,25.8625,7.49,0.000,0.000,B,#1,APPROACH,0.634A/B
52761,2026-06-04 08:25:05,25.8625,7.49,0.000,0.000,B,#1,APPROACH,0.729A/B
52762,2026-06-04 08:25:07,25.7000,5.70,0.000,0.000,B,#1,APPROACH,0.862A/B
52763,2026-06-04 08:25:09,25.5750,5.70,0.792,5.835,B,#1,APPROACH,0.989A/B
52764,2026-06-04 08:25:11,25.3500,5.70,0.792,5.835,B,#1,APPROACH,1.000A/B
52765,2026-06-04 08:25:12,25.3500,5.70,0.792,5.835,B,#1,APPROACH,1.174A/B
52766,2026-06-04 08:25:14,25.2750,9.11,0.792,5.835,B,#1,APPROACH,1.314A/B
52767,2026-06-04 08:25:16,25.2000,9.11,1.241,13.586,B,#1,APPROACH,1.454A/B
52768,2026-06-04 08:25:19,25.1000,9.11,1.241,13.586,B,#1,APPROACH,1.647A/B
52769,2026-06-04 08:25:20,25.1000,9.11,1.241,13.586,B,#1,APPROACH,1.000A/B
52770,2026-06-04 08:25:22,25.0625,8.29,1.241,13.586,B,#1,APPROACH,1.500A/B
52771,2026-06-04 08:25:24,25.0625,8.29,1.357,17.955,B,#1,APPROACH,1.765A/B
52772,2026-06-04 08:25:26,25.1250,8.29,1.357,17.955,B,#1,APPROACH,1.945A/B
52773,2026-06-04 08:25:28,25.1250,8.29,1.357,17.955,B,#1,APPROACH,2.068A/B
52774,2026-06-04 08:25:30,25.2000,12.00,1.357,17.955,B,#1,APPROACH,2.202A/B
52775,2026-06-04 08:25:31,25.2750,12.00,1.469,17.400,B,#1,APPROACH,2.334A/B
52776,2026-06-04 08:25:34,25.4500,12.00,1.469,17.400,B,#1,APPROACH,2.490A/B
52777,2026-06-04 08:25:35,25.4500,12.00,1.469,17.400,B,#1,APPROACH,1.500A/B
52778,2026-06-04 08:25:37,25.5500,12.00,1.469,17.400,B,#1,APPROACH,2.500A/B
52779,2026-06-04 08:25:39,25.7000,12.00,1.422,16.860,B,#1,APPROACH,1.500A/B
52780,2026-06-04 08:25:42,25.9500,12.00,1.422,16.860,B,#1,APPROACH,2.500A/B
52781,2026-06-04 08:25:43,25.9500,12.00,1.422,16.860,B,#1,APPROACH,2.578A/B
52782,2026-06-04 08:25:45,26.0750,12.00,1.422,16.860,B,#1,APPROACH,2.000A/B
52783,2026-06-04 08:25:47,26.2500,12.00,1.386,16.452,B,#1,APPROACH,2.500A/B
52784,2026-06-04 08:25:49,26.5625,12.00,1.386,16.452,B,#1,APPROACH,2.609A/B
52785,2026-06-04 08:25:51,26.5625,12.00,1.386,16.452,B,#1,APPROACH,2.500A/B
52786,2026-06-04 08:25:53,26.7375,12.00,1.386,16.452,B,#1,APPROACH,2.000A/B
52787,2026-06-04 08:25:55,26.8875,12.00,1.366,16.164,B,#1,APPROACH,1.000A/B
52788,2026-06-04 08:25:57,27.2250,12.00,1.366,16.164,B,#1,APPROACH,1.000A/B
52789,2026-06-04 08:25:58,27.2250,12.00,1.366,16.164,B,#1,APPROACH,1.000A/B
52790,2026-06-04 08:26:00,27.4125,9.41,1.366,16.164,B,#1,APPROACH,2.000A/B
52791,2026-06-04 08:26:02,27.5875,9.41,1.346,16.008,B,#1,APPROACH,1.000A/B
52792,2026-06-04 08:26:05,27.9500,9.41,1.346,16.008,B,#1,APPROACH,1.000A/B
52793,2026-06-04 08:26:06,27.9500,9.41,1.346,16.008,B,#1,APPROACH,1.000A/B
52794,2026-06-04 08:26:08,28.1125,9.49,1.346,16.008,B,#1,HOLDING,2.578A/B
52795,2026-06-04 08:26:10,28.2625,9.49,1.336,16.008,OFF,#1,HOLDING,0.000A/OFF
52796,2026-06-04 08:26:11,28.4250,9.49,1.336,15.876,OFF,#1,HOLDING,0.000A/OFF
52797,2026-06-04 08:26:12,28.4250,9.49,1.336,15.876,OFF,#1,HOLDING,0.000A/OFF
52798,2026-06-04 08:26:13,28.5750,9.49,1.336,15.876,OFF,#1,HOLDING,0.000A/OFF
52799,2026-06-04 08:26:14,28.5750,9.49,1.336,15.876,OFF,#1,HOLDING,0.000A/OFF
52800,2026-06-04 08:26:15,28.7375,9.49,1.336,15.876,OFF,#1,HOLDING,0.000A/OFF
52801,2026-06-04 08:26:16,28.9375,12.00,1.336,15.876,OFF,#1,HOLDING,0.000A/OFF
52802,2026-06-04 08:26:17,28.9375,12.00,0.000,15.876,OFF,#1,HOLDING,0.000A/OFF
52803,2026-06-04 08:26:18,29.0500,12.00,0.000,0.000,OFF,#1,HOLDING,0.000A/OFF
52804,2026-06-04 08:26:19,29.0500,12.00,0.000,0.000,OFF,#1,HOLDING,0.000A/OFF
52805,2026-06-04 08:26:20,29.2000,12.00,0.000,0.000,OFF,#1,HOLDING,0.000A/OFF
52806,2026-06-04 08:26:21,29.2000,12.00,0.000,0.000,OFF,#1,HOLDING,0.000A/OFF
52807,2026-06-04 08:26:22,29.3500,12.00,0.000,0.000,OFF,#1,HOLDING,0.000A/OFF
52808,2026-06-04 08:26:23,29.3500,12.00,0.000,0.000,OFF,#1,HOLDING,0.000A/OFF
52809,2026-06-04 08:26:24,29.5000,12.00,0.000,0.000,OFF,#1,HOLDING,0.000A/OFF
52810,2026-06-04 08:26:25,29.5000,12.00,0.000,0.000,OFF,#1,HOLDING,0.000A/OFF
52811,2026-06-04 08:26:26,29.6125,12.00,0.000,0.000,OFF,#1,HOLDING,0.000A/OFF
52812,2026-06-04 08:26:27,29.6125,12.00,0.000,0.000,OFF,#1,HOLDING,0.000A/OFF
52813,2026-06-04 08:26:28,29.7375,12.00,0.000,0.000,OFF,#1,HOLDING,0.000A/OFF
52814,2026-06-04 08:26:29,29.7375,12.00,0.000,0.000,OFF,#1,HOLDING,0.000A/OFF
52815,2026-06-04 08:26:30,29.8250,12.00,0.000,0.000,OFF,#1,HOLDING,0.000A/OFF
52816,2026-06-04 08:26:31,29.8250,12.00,0.000,0.000,OFF,#1,HOLDING,0.000A/OFF
52817,2026-06-04 08:26:32,29.9000,12.00,0.000,0.000,A,#1,HOLDING,0.104A/A
52818,2026-06-04 08:26:34,29.9500,12.00,0.000,0.000,A,#1,HOLDING,0.124A/A
52819,2026-06-04 08:26:35,30.0000,0.57,0.000,0.000,A,#1,HOLDING,0.211A/A
52820,2026-06-04 08:26:37,30.0000,0.57,0.211,0.295,A,#1,HOLDING,0.235A/A
52821,2026-06-04 08:26:39,30.0625,0.57,0.211,0.295,A,#1,HOLDING,0.288A/A
52822,2026-06-04 08:26:41,30.1000,0.57,0.211,0.295,A,#1,HOLDING,0.323A/A
52823,2026-06-04 08:26:43,30.1250,2.32,0.211,0.295,A,#1,HOLDING,0.369A/A
52824,2026-06-04 08:26:45,30.1250,2.32,0.369,1.055,A,#1,HOLDING,0.406A/A
52825,2026-06-04 08:26:47,30.1250,2.32,0.369,1.055,A,#1,HOLDING,0.455A/A
52826,2026-06-04 08:26:49,30.1250,2.32,0.369,1.055,A,#1,HOLDING,0.489A/A
52827,2026-06-04 08:26:51,30.1250,3.76,0.369,1.055,A,#1,HOLDING,0.531A/A
52828,2026-06-04 08:26:52,30.1250,3.76,0.531,2.256,A,#1,HOLDING,0.572A/A
52829,2026-06-04 08:26:55,30.0750,3.76,0.531,2.256,A,#1,HOLDING,0.617A/A
52830,2026-06-04 08:26:56,30.0625,3.76,0.531,2.256,A,#1,HOLDING,0.648A/A
52831,2026-06-04 08:26:58,29.9875,5.25,0.531,2.256,A,#1,HOLDING,0.625A/A
52832,2026-06-04 08:27:00,29.9875,5.25,0.625,3.256,A,#1,HOLDING,0.665A/A
52833,2026-06-04 08:27:03,29.8875,5.25,0.625,3.256,A,#1,HOLDING,0.701A/A
52834,2026-06-04 08:27:04,29.8000,5.25,0.625,3.256,A,#1,HOLDING,0.724A/A
52835,2026-06-04 08:27:06,29.7250,6.05,0.625,3.256,A,#1,HOLDING,0.744A/A
52836,2026-06-04 08:27:08,29.6500,6.05,0.732,4.724,A,#1,HOLDING,0.769A/A
52837,2026-06-04 08:27:10,29.5500,6.05,0.732,4.724,A,#1,HOLDING,0.797A/A
52838,2026-06-04 08:27:12,29.4375,6.05,0.732,4.724,A,#1,HOLDING,0.806A/A
52839,2026-06-04 08:27:14,29.3375,6.83,0.732,4.724,A,#1,HOLDING,0.817A/A
52840,2026-06-04 08:27:16,29.2125,6.83,0.817,5.776,A,#1,HOLDING,0.820A/A
52841,2026-06-04 08:27:18,29.0875,6.83,0.817,5.776,A,#1,HOLDING,0.828A/A
52842,2026-06-04 08:27:19,28.9500,6.83,0.817,5.776,A,#1,HOLDING,0.821A/A
52843,2026-06-04 08:27:21,28.8000,7.07,0.817,5.776,A,#1,HOLDING,0.811A/A
52844,2026-06-04 08:27:23,28.6375,7.07,0.811,5.790,A,#1,HOLDING,0.791A/A
52845,2026-06-04 08:27:26,28.4875,7.07,0.811,5.790,A,#1,HOLDING,0.770A/A
52846,2026-06-04 08:27:27,28.3875,7.07,0.811,5.790,A,#1,HOLDING,0.753A/A
52847,2026-06-04 08:27:29,28.2125,6.66,0.811,5.790,A,#2,APPROACH,0.722A/A
52848,2026-06-04 08:27:31,28.0750,6.66,0.722,5.790,OFF,#2,APPROACH,0.000A/OFF
52849,2026-06-04 08:27:32,28.0750,6.66,0.722,0.000,OFF,#2,APPROACH,0.106A/A
52850,2026-06-04 08:27:34,27.8750,6.66,0.722,0.000,A,#2,APPROACH,0.108A/A
52851,2026-06-04 08:27:36,27.7375,6.66,0.722,0.000,A,#2,APPROACH,0.131A/A
52852,2026-06-04 08:27:38,27.5875,6.66,0.722,0.000,A,#2,APPROACH,0.143A/A
52853,2026-06-04 08:27:39,27.4500,5.25,0.143,0.000,A,#2,APPROACH,0.175A/A
52854,2026-06-04 08:27:41,27.3000,5.25,0.143,0.386,A,#2,HOLDING,0.201A/A
52855,2026-06-04 08:27:43,27.1375,5.25,0.143,0.386,OFF,#2,HOLDING,0.000A/OFF
52856,2026-06-04 08:27:44,27.1375,5.25,0.143,0.386,OFF,#2,HOLDING,0.000A/OFF
52857,2026-06-04 08:27:45,26.9875,5.25,0.143,0.386,OFF,#2,HOLDING,0.000A/OFF
52858,2026-06-04 08:27:46,26.9875,5.25,0.143,0.386,OFF,#2,HOLDING,0.000A/OFF
52859,2026-06-04 08:27:47,26.8875,12.00,0.000,0.386,OFF,#2,HOLDING,0.000A/OFF
52860,2026-06-04 08:27:48,26.8875,12.00,0.000,0.386,OFF,#2,HOLDING,0.000A/OFF
52861,2026-06-04 08:27:49,26.6875,12.00,0.000,0.000,OFF,#2,HOLDING,0.000A/OFF
52862,2026-06-04 08:27:50,26.6875,12.00,0.000,0.000,OFF,#2,HOLDING,0.000A/OFF
52863,2026-06-04 08:27:51,26.5750,12.00,0.000,0.000,OFF,#2,HOLDING,0.000A/OFF
52864,2026-06-04 08:27:52,26.4250,12.00,0.000,0.000,OFF,#2,HOLDING,0.000A/OFF
52865,2026-06-04 08:27:53,26.4250,12.00,0.000,0.000,OFF,#2,HOLDING,0.000A/OFF
52866,2026-06-04 08:27:54,26.3375,12.00,0.000,0.000,OFF,#2,HOLDING,0.000A/OFF
52867,2026-06-04 08:27:55,26.3375,12.00,0.000,0.000,A,#2,HOLDING,0.109A/A
52868,2026-06-04 08:27:57,26.2125,12.00,0.000,0.000,OFF,#2,HOLDING,0.000A/OFF
52869,2026-06-04 08:27:58,26.0750,12.00,0.000,0.000,OFF,#2,HOLDING,0.000A/OFF
52870,2026-06-04 08:27:59,26.0750,12.00,0.000,0.000,OFF,#2,HOLDING,0.000A/OFF
52871,2026-06-04 08:28:00,25.9500,12.00,0.000,0.000,OFF,#2,HOLDING,0.000A/OFF
52872,2026-06-04 08:28:01,25.9500,12.00,0.000,0.000,OFF,#2,HOLDING,0.000A/OFF
52873,2026-06-04 08:28:02,25.8625,12.00,0.000,0.000,OFF,#2,HOLDING,0.000A/OFF
52874,2026-06-04 08:28:03,25.8625,12.00,0.000,0.000,OFF,#2,HOLDING,0.000A/OFF
52875,2026-06-04 08:28:04,25.8125,12.00,0.000,0.000,OFF,#2,HOLDING,0.000A/OFF
52876,2026-06-04 08:28:05,25.8125,12.00,0.000,0.000,OFF,#2,HOLDING,0.000A/OFF
52877,2026-06-04 08:28:06,25.7125,12.00,0.000,0.000,OFF,#2,HOLDING,0.000A/OFF
52878,2026-06-04 08:28:07,25.7125,12.00,0.000,0.000,OFF,#2,HOLDING,0.000A/OFF
52879,2026-06-04 08:28:08,25.6125,12.00,0.000,0.000,OFF,#2,HOLDING,0.000A/OFF
52880,2026-06-04 08:28:09,25.6125,12.00,0.000,0.000,OFF,#2,HOLDING,0.000A/OFF
52881,2026-06-04 08:28:10,25.5250,12.00,0.000,0.000,OFF,#2,HOLDING,0.000A/OFF
52882,2026-06-04 08:28:11,25.4500,12.00,0.000,0.000,OFF,#2,HOLDING,0.000A/OFF
52883,2026-06-04 08:28:12,25.4500,12.00,0.000,0.000,OFF,#2,HOLDING,0.000A/OFF
52884,2026-06-04 08:28:13,25.3750,12.00,0.000,0.000,OFF,#2,HOLDING,0.000A/OFF
52885,2026-06-04 08:28:14,25.3750,12.00,0.000,0.000,OFF,#2,HOLDING,0.000A/OFF
52886,2026-06-04 08:28:15,25.3250,12.00,0.000,0.000,B,#2,HOLDING,0.124A/B
52887,2026-06-04 08:28:17,25.2500,12.00,0.000,0.000,B,#2,HOLDING,0.213A/B
52888,2026-06-04 08:28:19,25.2000,12.00,0.000,0.000,B,#2,HOLDING,0.255A/B
52889,2026-06-04 08:28:20,25.2000,2.40,0.000,0.000,B,#2,HOLDING,0.282A/B
52890,2026-06-04 08:28:22,25.1125,2.40,0.266,0.758,B,#2,HOLDING,0.333A/B
52891,2026-06-04 08:28:25,25.0250,2.40,0.266,0.758,B,#2,HOLDING,0.398A/B
52892,2026-06-04 08:28:26,25.0250,2.40,0.266,0.758,B,#2,HOLDING,0.439A/B
52893,2026-06-04 08:28:28,25.0000,3.93,0.266,0.758,B,#2,HOLDING,0.481A/B
52894,2026-06-04 08:28:30,24.9375,3.93,0.461,2.077,B,#2,HOLDING,0.534A/B
52895,2026-06-04 08:28:32,24.8750,3.93,0.461,2.077,B,#2,HOLDING,0.609A/B
52896,2026-06-04 08:28:34,24.8750,3.93,0.461,2.077,B,#2,HOLDING,0.652A/B
52897,2026-06-04 08:28:36,24.8750,5.62,0.461,2.077,B,#2,HOLDING,0.699A/B
52898,2026-06-04 08:28:38,24.8375,5.62,0.674,4.298,B,#2,HOLDING,0.754A/B
52899,2026-06-04 08:28:40,24.8250,5.62,0.674,4.298,B,#2,HOLDING,0.825A/B
52900,2026-06-04 08:28:42,24.8250,5.62,0.674,4.298,B,#2,HOLDING,0.873A/B
52901,2026-06-04 08:28:44,24.8750,7.44,0.674,4.298,B,#2,HOLDING,0.914A/B
52902,2026-06-04 08:28:45,24.9000,7.44,0.895,7.184,B,#2,HOLDING,0.961A/B
52903,2026-06-04 08:28:48,24.9250,7.44,0.895,7.184,B,#2,HOLDING,1.023A/B
52904,2026-06-04 08:28:49,24.9375,7.44,0.895,7.184,B,#2,HOLDING,1.069A/B
52905,2026-06-04 08:28:51,24.9875,8.93,0.895,7.184,B,#2,HOLDING,1.000A/B
52906,2026-06-04 08:28:53,25.0375,8.93,1.000,8.690,B,#2,HOLDING,1.000A/B
52907,2026-06-04 08:28:55,25.0875,8.93,1.000,8.690,B,#2,HOLDING,1.000A/B
52908,2026-06-04 08:28:57,25.1375,8.93,1.000,8.690,B,#2,HOLDING,1.099A/B
52909,2026-06-04 08:28:59,25.2125,9.35,1.000,8.690,B,#2,HOLDING,1.134A/B
52910,2026-06-04 08:29:01,25.2875,9.35,1.134,11.147,B,#2,HOLDING,1.164A/B
52911,2026-06-04 08:29:03,25.3625,9.35,1.134,11.147,B,#2,HOLDING,1.158A/B
52912,2026-06-04 08:29:05,25.4500,9.35,1.134,11.147,B,#2,HOLDING,1.182A/B
52913,2026-06-04 08:29:07,25.5500,10.12,1.134,11.147,B,#2,HOLDING,1.208A/B
52914,2026-06-04 08:29:08,25.6375,10.12,1.208,12.696,B,#2,HOLDING,1.000A/B
52915,2026-06-04 08:29:11,25.7375,10.12,1.208,12.696,B,#2,HOLDING,1.000A/B
52916,2026-06-04 08:29:12,25.8250,10.12,1.208,12.696,B,#2,HOLDING,1.232A/B
52917,2026-06-04 08:29:14,25.9750,10.65,1.208,12.696,B,#2,HOLDING,1.000A/B
52918,2026-06-04 08:29:16,26.0750,10.65,1.000,9.150,B,#2,HOLDING,1.000A/B
52919,2026-06-04 08:29:18,26.2250,10.65,1.000,9.150,B,#2,HOLDING,1.236A/B
52920,2026-06-04 08:29:20,26.3250,10.65,1.000,9.150,B,#2,HOLDING,1.239A/B
52921,2026-06-04 08:29:22,26.4250,10.76,1.000,9.150,B,#2,HOLDING,1.234A/B
52922,2026-06-04 08:29:24,26.5750,10.76,1.234,13.524,B,#2,HOLDING,1.220A/B
52923,2026-06-04 08:29:26,26.7000,10.76,1.234,13.524,B,#2,HOLDING,1.202A/B
52924,2026-06-04 08:29:28,26.8500,10.76,1.234,13.524,B,#3,APPROACH,1.177A/B
52925,2026-06-04 08:29:30,26.9750,4.42,1.234,13.524,A,#3,APPROACH,0.102A/A
52926,2026-06-04 08:29:32,27.1125,4.42,0.061,13.524,A,#3,APPROACH,0.174A/A
52927,2026-06-04 08:29:34,27.2625,4.42,0.061,0.000,A,#3,APPROACH,0.259A/A
52928,2026-06-04 08:29:36,27.4875,4.42,0.061,0.000,A,#3,APPROACH,0.384A/A
52929,2026-06-04 08:29:38,27.4875,4.42,0.061,0.000,A,#3,APPROACH,0.442A/A
52930,2026-06-04 08:29:39,27.6000,2.98,0.061,0.000,A,#3,APPROACH,0.532A/A
52931,2026-06-04 08:29:41,27.7000,2.98,0.498,2.069,A,#3,APPROACH,0.616A/A
52932,2026-06-04 08:29:44,27.8375,2.98,0.498,2.069,A,#3,APPROACH,0.756A/A
52933,2026-06-04 08:29:45,27.8375,2.98,0.498,2.069,A,#3,APPROACH,0.825A/A
52934,2026-06-04 08:29:47,27.9375,6.39,0.498,2.069,A,#3,APPROACH,0.928A/A
52935,2026-06-04 08:29:49,27.9625,6.39,0.888,6.820,A,#3,APPROACH,1.018A/A
52936,2026-06-04 08:29:51,28.0375,6.39,0.888,6.820,A,#3,APPROACH,1.160A/A
52937,2026-06-04 08:29:53,28.0375,6.39,0.888,6.820,A,#3,APPROACH,1.237A/A
52938,2026-06-04 08:29:55,28.0375,9.64,0.888,6.820,A,#3,APPROACH,1.336A/A
52939,2026-06-04 08:29:57,28.0375,9.64,1.289,14.134,A,#3,APPROACH,1.431A/A
52940,2026-06-04 08:29:59,28.0000,9.64,1.289,14.134,A,#3,APPROACH,1.553A/A
52941,2026-06-04 08:30:01,28.0000,9.64,1.289,14.134,A,#3,APPROACH,1.641A/A
52942,2026-06-04 08:30:03,27.8875,12.00,1.289,14.134,A,#3,APPROACH,1.719A/A
52943,2026-06-04 08:30:04,27.8875,12.00,1.520,18.048,A,#3,APPROACH,1.000A/A
52944,2026-06-04 08:30:07,27.7000,12.00,1.520,18.048,A,#3,APPROACH,1.000A/A
52945,2026-06-04 08:30:08,27.7000,12.00,1.520,18.048,A,#3,APPROACH,1.806A/A
52946,2026-06-04 08:30:10,27.4875,12.00,1.520,18.048,A,#3,APPROACH,1.000A/A
52947,2026-06-04 08:30:12,27.4875,12.00,1.237,8.680,A,#3,APPROACH,1.871A/A
52948,2026-06-04 08:30:14,27.2125,12.00,1.237,8.680,A,#3,APPROACH,1.926A/A
52949,2026-06-04 08:30:16,27.2125,12.00,1.237,8.680,A,#3,APPROACH,2.009A/A
52950,2026-06-04 08:30:18,26.9625,12.00,1.237,8.680,A,#3,APPROACH,2.000A/A
52951,2026-06-04 08:30:20,26.9625,12.00,1.462,17.400,A,#3,APPROACH,2.000A/A
52952,2026-06-04 08:30:22,26.6750,12.00,1.462,17.400,A,#3,APPROACH,2.019A/A
52953,2026-06-04 08:30:24,26.6750,12.00,1.462,17.400,A,#3,APPROACH,2.000A/A
52954,2026-06-04 08:30:26,26.3125,12.00,1.462,17.400,A,#3,APPROACH,1.500A/A
52955,2026-06-04 08:30:27,26.3125,12.00,1.439,17.136,A,#3,APPROACH,1.000A/A
52956,2026-06-04 08:30:30,26.0000,12.00,1.439,17.136,A,#3,HOLDING,1.983A/A
52957,2026-06-04 08:30:31,26.0000,12.00,1.439,17.136,OFF,#3,HOLDING,0.000A/OFF
52958,2026-06-04 08:30:32,25.8250,12.00,1.439,17.136,OFF,#3,HOLDING,0.000A/OFF
52959,2026-06-04 08:30:33,25.6250,12.00,1.439,17.136,OFF,#3,HOLDING,0.000A/OFF
52960,2026-06-04 08:30:34,25.6250,12.00,0.000,17.136,OFF,#3,HOLDING,0.000A/OFF
52961,2026-06-04 08:30:35,25.4500,12.00,0.000,0.000,OFF,#3,HOLDING,0.000A/OFF
52962,2026-06-04 08:30:36,25.4500,12.00,0.000,0.000,OFF,#3,HOLDING,0.000A/OFF
52963,2026-06-04 08:30:38,25.2500,12.00,0.000,0.000,OFF,#3,HOLDING,0.000A/OFF
52964,2026-06-04 08:30:39,25.2500,12.00,0.000,0.000,OFF,#3,HOLDING,0.000A/OFF
52965,2026-06-04 08:30:40,25.0750,12.00,0.000,0.000,OFF,#3,HOLDING,0.000A/OFF
52966,2026-06-04 08:30:41,25.0750,12.00,0.000,0.000,OFF,#3,HOLDING,0.000A/OFF
52967,2026-06-04 08:30:42,24.9250,12.00,0.000,0.000,OFF,#3,HOLDING,0.000A/OFF
52968,2026-06-04 08:30:43,24.9250,12.00,0.000,0.000,OFF,#3,HOLDING,0.000A/OFF
52969,2026-06-04 08:30:44,24.7750,12.00,0.000,0.000,OFF,#3,HOLDING,0.000A/OFF
52970,2026-06-04 08:30:45,24.7750,12.00,0.000,0.000,OFF,#3,HOLDING,0.000A/OFF
52971,2026-06-04 08:30:46,24.6500,12.00,0.000,0.000,OFF,#3,HOLDING,0.000A/OFF
52972,2026-06-04 08:30:47,24.6500,12.00,0.000,0.000,OFF,#3,HOLDING,0.000A/OFF
52973,2026-06-04 08:30:48,24.5250,12.00,0.000,0.000,OFF,#3,HOLDING,0.000A/OFF
52974,2026-06-04 08:30:49,24.5250,12.00,0.000,0.000,OFF,#3,HOLDING,0.000A/OFF
52975,2026-06-04 08:30:50,24.4250,12.00,0.000,0.000,B,#3,HOLDING,0.112A/B
52976,2026-06-04 08:30:51,24.3250,12.00,0.000,0.000,B,#3,HOLDING,0.132A/B
52977,2026-06-04 08:30:53,24.2250,1.02,0.000,0.000,B,#3,HOLDING,0.238A/B
52978,2026-06-04 08:30:55,24.1500,1.02,0.238,0.471,B,#3,HOLDING,0.272A/B
52979,2026-06-04 08:30:57,24.0750,1.02,0.238,0.471,B,#3,HOLDING,0.328A/B
52980,2026-06-04 08:30:59,24.0000,1.02,0.238,0.471,B,#3,HOLDING,0.372A/B
52981,2026-06-04 08:31:01,23.9500,3.10,0.238,0.471,B,#3,HOLDING,0.421A/B
52982,2026-06-04 08:31:03,23.8750,3.10,0.394,1.540,B,#3,HOLDING,0.479A/B
52983,2026-06-04 08:31:05,23.8250,3.10,0.394,1.540,B,#3,HOLDING,0.547A/B
52984,2026-06-04 08:31:07,23.8125,3.10,0.394,1.540,B,#3,HOLDING,0.592A/B
52985,2026-06-04 08:31:08,23.7875,4.98,0.394,1.540,B,#3,HOLDING,0.645A/B
52986,2026-06-04 08:31:10,23.7500,4.98,0.616,3.547,B,#3,HOLDING,0.704A/B
52987,2026-06-04 08:31:13,23.7500,4.98,0.616,3.547,B,#3,HOLDING,0.775A/B
52988,2026-06-04 08:31:14,23.7500,4.98,0.616,3.547,B,#3,HOLDING,0.822A/B
52989,2026-06-04 08:31:16,23.7500,6.89,0.616,3.547,B,#3,HOLDING,0.876A/B
52990,2026-06-04 08:31:18,23.7625,6.89,0.876,6.517,B,#3,HOLDING,0.930A/B
52991,2026-06-04 08:31:20,23.8125,6.89,0.876,6.517,B,#3,HOLDING,0.995A/B
52992,2026-06-04 08:31:22,23.8250,6.89,0.876,6.517,B,#3,HOLDING,1.039A/B
52993,2026-06-04 08:31:24,23.8750,8.67,0.876,6.517,B,#3,HOLDING,1.086A/B
52994,2026-06-04 08:31:26,23.9125,8.67,1.086,9.991,B,#3,HOLDING,1.136A/B
52995,2026-06-04 08:31:28,23.9875,8.67,1.086,9.991,B,#3,HOLDING,1.190A/B
52996,2026-06-04 08:31:30,24.0375,8.67,1.086,9.991,B,#3,HOLDING,1.228A/B
52997,2026-06-04 08:31:31,24.1125,10.22,1.086,9.991,B,#3,HOLDING,1.265A/B
52998,2026-06-04 08:31:33,24.2000,10.22,1.265,13.548,B,#3,HOLDING,1.299A/B
52999,2026-06-04 08:31:36,24.3000,10.22,1.265,13.548,B,#3,HOLDING,1.339A/B
53000,2026-06-04 08:31:37,24.4125,10.22,1.265,13.548,B,#3,HOLDING,1.000A/B
53001,2026-06-04 08:31:39,24.5125,8.87,1.265,13.548,B,#3,HOLDING,1.312A/B
53002,2026-06-04 08:31:41,24.6625,8.87,1.301,14.707,B,#3,HOLDING,1.328A/B
53003,2026-06-04 08:31:43,24.7625,8.87,1.301,14.707,B,#3,HOLDING,1.000A/B
53004,2026-06-04 08:31:45,24.9250,8.87,1.301,14.707,B,#3,HOLDING,1.351A/B
53005,2026-06-04 08:31:47,25.0750,11.51,1.301,14.707,B,#3,HOLDING,1.000A/B
53006,2026-06-04 08:31:49,25.1750,11.51,1.175,9.180,B,#3,HOLDING,1.358A/B
53007,2026-06-04 08:31:51,25.3500,11.51,1.175,9.180,B,#3,HOLDING,1.361A/B
53008,2026-06-04 08:31:53,25.4875,11.51,1.175,9.180,B,#3,HOLDING,1.353A/B
53009,2026-06-04 08:31:54,25.6625,11.67,1.175,9.180,B,#3,HOLDING,1.333A/B
53010,2026-06-04 08:31:56,25.8250,11.67,1.333,15.636,B,#3,HOLDING,1.310A/B
53011,2026-06-04 08:31:59,25.9750,11.67,1.333,15.636,B,#3,HOLDING,1.282A/B
53012,2026-06-04 08:32:00,26.1500,11.67,1.333,15.636,B,#3,HOLDING,1.251A/B
53013,2026-06-04 08:32:02,26.3250,11.14,1.333,15.636,B,#3,HOLDING,1.160A/B
53014,2026-06-04 08:32:04,26.4875,11.14,1.203,12.319,B,#3,HOLDING,1.103A/B
53015,2026-06-04 08:32:06,26.6625,11.14,1.203,12.319,B,#3,HOLDING,1.036A/B
53016,2026-06-04 08:32:08,26.8125,11.14,1.203,12.319,B,#3,HOLDING,0.979A/B
53017,2026-06-04 08:32:10,27.0125,9.26,1.203,12.319,B,#3,HOLDING,0.901A/B
53018,2026-06-04 08:32:12,27.1750,9.26,0.937,7.910,B,#3,HOLDING,0.821A/B
53019,2026-06-04 08:32:14,27.3250,9.26,0.937,7.910,B,#3,HOLDING,0.723A/B
53020,2026-06-04 08:32:16,27.4875,9.26,0.937,7.910,B,#3,HOLDING,0.645A/B
53021,2026-06-04 08:32:18,27.6375,6.86,0.937,7.910,B,#3,HOLDING,0.551A/B
53022,2026-06-04 08:32:19,27.7500,6.86,0.596,3.416,B,#3,HOLDING,0.454A/B
53023,2026-06-04 08:32:22,27.9250,6.86,0.596,3.416,B,#3,HOLDING,0.325A/B
53024,2026-06-04 08:32:23,28.0500,6.86,0.596,3.416,B,#3,HOLDING,0.230A/B
53025,2026-06-04 08:32:25,28.2250,3.45,0.596,3.416,B,#3,HOLDING,0.106A/B
53026,2026-06-04 08:32:27,28.3625,3.45,0.167,3.416,OFF,#3,HOLDING,0.000A/OFF
53027,2026-06-04 08:32:28,28.3625,3.45,0.167,0.254,OFF,#3,HOLDING,0.000A/OFF
53028,2026-06-04 08:32:29,28.5125,3.45,0.167,0.254,A,#3,HOLDING,0.110A/A
53029,2026-06-04 08:32:31,28.6000,3.45,0.167,0.254,A,#3,HOLDING,0.222A/A
53030,2026-06-04 08:32:33,28.7000,1.04,0.167,0.254,A,#3,HOLDING,0.357A/A
53031,2026-06-04 08:32:34,28.7000,1.04,0.345,0.838,A,#3,HOLDING,0.473A/A
53032,2026-06-04 08:32:37,28.8875,1.04,0.345,0.838,A,#3,HOLDING,0.654A/A
53033,2026-06-04 08:32:38,29.0000,1.04,0.345,0.838,A,#3,HOLDING,0.781A/A
53034,2026-06-04 08:32:40,29.0500,5.95,0.345,0.838,A,#3,HOLDING,0.926A/A
53035,2026-06-04 08:32:42,29.0500,5.95,0.913,6.769,A,#3,HOLDING,1.060A/A
53036,2026-06-04 08:32:44,29.1500,5.95,0.913,6.769,A,#3,HOLDING,1.000A/A
53037,2026-06-04 08:32:46,29.1875,5.95,0.913,6.769,A,#3,HOLDING,1.000A/A
53038,2026-06-04 08:32:48,29.1875,7.92,0.913,6.769,A,#3,HOLDING,1.250A/A
53039,2026-06-04 08:32:50,29.1875,7.92,1.236,12.425,A,#3,HOLDING,1.391A/A
53040,2026-06-04 08:32:52,29.1375,7.92,1.236,12.425,A,#3,HOLDING,1.500A/A
53041,2026-06-04 08:32:54,29.1125,7.92,1.236,12.425,A,#3,HOLDING,1.500A/A
53042,2026-06-04 08:32:56,29.0625,11.67,1.236,12.425,A,#3,HOLDING,1.500A/A
53043,2026-06-04 08:32:57,29.0625,11.67,1.500,17.970,A,#3,HOLDING,1.000A/A
53044,2026-06-04 08:33:00,28.8875,11.67,1.500,17.970,A,#3,HOLDING,1.548A/A
53045,2026-06-04 08:33:01,28.8000,11.67,1.500,17.970,A,#3,HOLDING,1.652A/A
53046,2026-06-04 08:33:03,28.6750,12.00,1.500,17.970,A,#3,HOLDING,1.000A/A
53047,2026-06-04 08:33:05,28.6750,12.00,1.038,8.640,A,#3,HOLDING,1.771A/A
53048,2026-06-04 08:33:08,28.4500,12.00,1.038,8.640,A,#3,HOLDING,1.500A/A
53049,2026-06-04 08:33:09,28.3250,12.00,1.038,8.640,A,#3,HOLDING,1.901A/A
53050,2026-06-04 08:33:11,28.1750,12.00,1.038,8.640,A,#3,HOLDING,1.958A/A
53051,2026-06-04 08:33:13,28.0125,12.00,1.462,17.400,A,#3,HOLDING,2.000A/A
53052,2026-06-04 08:33:15,27.8625,12.00,1.462,17.400,A,#3,HOLDING,1.500A/A
53053,2026-06-04 08:33:17,27.7000,12.00,1.462,17.400,A,#3,HOLDING,2.037A/A
53054,2026-06-04 08:33:19,27.5250,12.00,1.462,17.400,A,#3,HOLDING,2.111A/A
53055,2026-06-04 08:33:21,27.3250,12.00,1.438,17.124,A,#3,HOLDING,2.166A/A
53056,2026-06-04 08:33:23,27.1250,12.00,1.438,17.124,A,#3,HOLDING,1.500A/A
53057,2026-06-04 08:33:25,26.9500,12.00,1.438,17.124,A,#3,HOLDING,2.237A/A
53058,2026-06-04 08:33:26,26.7500,12.00,1.438,17.124,A,#3,HOLDING,2.281A/A
53059,2026-06-04 08:33:28,26.5750,12.00,1.421,16.932,A,#3,HOLDING,1.500A/A
53060,2026-06-04 08:33:31,26.3750,12.00,1.421,16.932,A,#3,HOLDING,2.313A/A
53061,2026-06-04 08:33:32,26.1375,12.00,1.421,16.932,A,#3,HOLDING,2.281A/A
53062,2026-06-04 08:33:34,25.9375,12.00,1.421,16.932,A,#3,HOLDING,2.000A/A
53063,2026-06-04 08:33:36,25.7250,12.00,1.415,16.860,A,#3,HOLDING,2.000A/A
53064,2026-06-04 08:33:38,25.5000,12.00,1.415,16.860,A,#3,HOLDING,2.000A/A
53065,2026-06-04 08:33:40,25.3125,12.00,1.415,16.860,A,#3,HOLDING,2.308A/A
53066,2026-06-04 08:33:42,25.0875,12.00,1.415,16.860,A,#3,HOLDING,2.298A/A
53067,2026-06-04 08:33:44,24.8500,12.00,1.411,16.812,A,#4,APPROACH,1.500A/A
53068,2026-06-04 08:33:46,24.6250,12.00,1.411,16.812,A,#4,APPROACH,0.103A/A
53069,2026-06-04 08:33:48,24.4250,12.00,1.411,16.812,OFF,#4,APPROACH,0.000A/OFF
53070,2026-06-04 08:33:49,24.4250,12.00,1.411,16.812,OFF,#4,APPROACH,0.110A/A
53071,2026-06-04 08:33:51,23.9750,12.00,1.411,16.812,OFF,#4,APPROACH,0.000A/OFF
53072,2026-06-04 08:33:52,23.9750,12.00,0.000,16.812,A,#4,APPROACH,0.115A/A
53073,2026-06-04 08:33:54,23.7500,12.00,0.000,16.812,A,#4,HOLDING,0.000A/OFF
53074,2026-06-04 08:33:55,23.7500,12.00,0.000,0.000,OFF,#4,HOLDING,0.000A/OFF
53075,2026-06-04 08:33:56,23.5750,12.00,0.000,0.000,OFF,#4,HOLDING,0.000A/OFF
53076,2026-06-04 08:33:57,23.3750,12.00,0.000,0.000,OFF,#4,HOLDING,0.000A/OFF
53077,2026-06-04 08:33:58,23.3750,12.00,0.000,0.000,OFF,#4,HOLDING,0.000A/OFF
53078,2026-06-04 08:33:59,23.2625,12.00,0.000,0.000,OFF,#4,HOLDING,0.000A/OFF
53079,2026-06-04 08:34:00,23.2625,12.00,0.000,0.000,OFF,#4,HOLDING,0.000A/OFF
53080,2026-06-04 08:34:01,23.1125,12.00,0.000,0.000,OFF,#4,HOLDING,0.000A/OFF
53081,2026-06-04 08:34:02,23.1125,12.00,0.000,0.000,OFF,#4,HOLDING,0.000A/OFF
53082,2026-06-04 08:34:03,22.9875,12.00,0.000,0.000,OFF,#4,HOLDING,0.000A/OFF
53083,2026-06-04 08:34:04,22.9875,12.00,0.000,0.000,OFF,#4,HOLDING,0.000A/OFF
53084,2026-06-04 08:34:05,22.8875,12.00,0.000,0.000,OFF,#4,HOLDING,0.000A/OFF
53085,2026-06-04 08:34:06,22.8875,12.00,0.000,0.000,OFF,#4,HOLDING,0.000A/OFF
53086,2026-06-04 08:34:07,22.7750,12.00,0.000,0.000,OFF,#4,HOLDING,0.000A/OFF
53087,2026-06-04 08:34:08,22.7750,12.00,0.000,0.000,OFF,#4,HOLDING,0.000A/OFF
53088,2026-06-04 08:34:09,22.7000,12.00,0.000,0.000,OFF,#4,HOLDING,0.000A/OFF
53089,2026-06-04 08:34:10,22.7000,12.00,0.000,0.000,OFF,#4,HOLDING,0.000A/OFF
53090,2026-06-04 08:34:11,22.6250,12.00,0.000,0.000,OFF,#4,HOLDING,0.000A/OFF
53091,2026-06-04 08:34:12,22.6250,12.00,0.000,0.000,OFF,#4,HOLDING,0.000A/OFF
53092,2026-06-04 08:34:13,22.5750,12.00,0.000,0.000,OFF,#4,HOLDING,0.000A/OFF
53093,2026-06-04 08:34:14,22.5750,12.00,0.000,0.000,OFF,#4,HOLDING,0.000A/OFF
53094,2026-06-04 08:34:15,22.5000,12.00,0.000,0.000,OFF,#4,HOLDING,0.000A/OFF
53095,2026-06-04 08:34:16,22.5000,12.00,0.000,0.000,OFF,#4,HOLDING,0.000A/OFF
53096,2026-06-04 08:34:17,22.4500,12.00,0.000,0.000,OFF,#4,HOLDING,0.000A/OFF
53097,2026-06-04 08:34:18,22.4500,12.00,0.000,0.000,OFF,#4,HOLDING,0.000A/OFF
53098,2026-06-04 08:34:19,22.4375,12.00,0.000,0.000,OFF,#4,HOLDING,0.000A/OFF
53099,2026-06-04 08:34:20,22.3875,12.00,0.000,0.000,OFF,#4,HOLDING,0.000A/OFF
53100,2026-06-04 08:34:21,22.3875,12.00,0.000,0.000,OFF,#4,HOLDING,0.000A/OFF
53101,2026-06-04 08:34:22,22.3750,12.00,0.000,0.000,OFF,#4,HOLDING,0.000A/OFF
53102,2026-06-04 08:34:23,22.3750,12.00,0.000,0.000,OFF,#4,HOLDING,0.000A/OFF
53103,2026-06-04 08:34:24,22.3750,12.00,0.000,0.000,OFF,#4,HOLDING,0.000A/OFF
53104,2026-06-04 08:34:25,22.3750,12.00,0.000,0.000,OFF,#4,HOLDING,0.000A/OFF
53105,2026-06-04 08:34:26,22.3375,12.00,0.000,0.000,OFF,#4,HOLDING,0.000A/OFF
53106,2026-06-04 08:34:27,22.3375,12.00,0.000,0.000,OFF,#4,HOLDING,0.000A/OFF
53107,2026-06-04 08:34:28,22.3125,12.00,0.000,0.000,OFF,#4,HOLDING,0.000A/OFF
53108,2026-06-04 08:34:29,22.3125,12.00,0.000,0.000,OFF,#4,HOLDING,0.000A/OFF
53109,2026-06-04 08:34:30,22.3125,12.00,0.000,0.000,OFF,#4,HOLDING,0.000A/OFF
53110,2026-06-04 08:34:31,22.3125,12.00,0.000,0.000,OFF,#4,HOLDING,0.000A/OFF
53111,2026-06-04 08:34:33,22.3125,12.00,0.000,0.000,OFF,#4,HOLDING,0.000A/OFF
53112,2026-06-04 08:34:34,22.3125,12.00,0.000,0.000,OFF,#4,HOLDING,0.000A/OFF
53113,2026-06-04 08:34:35,22.3125,12.00,0.000,0.000,OFF,#4,HOLDING,0.000A/OFF
53114,2026-06-04 08:34:36,22.3125,12.00,0.000,0.000,B,#4,HOLDING,0.105A/B
53115,2026-06-04 08:34:38,22.3125,12.00,0.000,0.000,B,#4,HOLDING,0.125A/B
53116,2026-06-04 08:34:39,22.3125,7.50,0.125,0.000,B,#4,HOLDING,0.141A/B
53117,2026-06-04 08:34:41,22.3125,7.50,0.125,0.177,B,#4,HOLDING,0.158A/B
53118,2026-06-04 08:34:43,22.3125,7.50,0.125,0.177,B,#4,HOLDING,0.174A/B
53119,2026-06-04 08:34:44,22.3125,7.50,0.125,0.177,B,#4,HOLDING,0.190A/B
53120,2026-06-04 08:34:46,22.3500,1.71,0.125,0.177,B,#4,HOLDING,0.203A/B
53121,2026-06-04 08:34:48,22.4000,1.71,0.203,0.377,B,#4,HOLDING,0.213A/B
53122,2026-06-04 08:34:50,22.3750,1.71,0.203,0.377,B,#4,HOLDING,0.235A/B
53123,2026-06-04 08:34:52,22.4250,1.71,0.203,0.377,B,#4,HOLDING,0.245A/B
53124,2026-06-04 08:34:54,22.4625,2.19,0.203,0.377,B,#4,HOLDING,0.259A/B
53125,2026-06-04 08:34:56,22.4875,2.19,0.259,0.619,B,#5,APPROACH,0.266A/B
53126,2026-06-04 08:34:58,22.5000,2.19,0.259,0.619,OFF,#5,HOLDING,0.000A/OFF
53127,2026-06-04 08:34:59,22.5500,2.19,0.259,0.619,OFF,#5,HOLDING,0.000A/OFF
53128,2026-06-04 08:35:00,22.5500,2.19,0.259,0.619,OFF,#5,HOLDING,0.000A/OFF
53129,2026-06-04 08:35:01,22.5750,2.19,0.259,0.619,OFF,#5,HOLDING,0.000A/OFF
53130,2026-06-04 08:35:02,22.5750,2.19,0.259,0.619,OFF,#5,HOLDING,0.000A/OFF
53131,2026-06-04 08:35:03,22.6250,12.00,0.259,0.619,OFF,#5,HOLDING,0.000A/OFF
53132,2026-06-04 08:35:04,22.6250,12.00,0.000,0.619,OFF,#5,HOLDING,0.000A/OFF
53133,2026-06-04 08:35:05,22.6375,12.00,0.000,0.000,OFF,#5,HOLDING,0.000A/OFF
53134,2026-06-04 08:35:06,22.6375,12.00,0.000,0.000,OFF,#5,HOLDING,0.000A/OFF
53135,2026-06-04 08:35:07,22.6875,12.00,0.000,0.000,OFF,#5,HOLDING,0.000A/OFF
53136,2026-06-04 08:35:08,22.6875,12.00,0.000,0.000,OFF,#5,HOLDING,0.000A/OFF
53137,2026-06-04 08:35:09,22.7000,12.00,0.000,0.000,OFF,#5,HOLDING,0.000A/OFF
53138,2026-06-04 08:35:10,22.7250,12.00,0.000,0.000,OFF,#5,HOLDING,0.000A/OFF
53139,2026-06-04 08:35:11,22.7250,12.00,0.000,0.000,OFF,#5,HOLDING,0.000A/OFF
53140,2026-06-04 08:35:12,22.7500,12.00,0.000,0.000,OFF,#5,HOLDING,0.000A/OFF
53141,2026-06-04 08:35:13,22.7500,12.00,0.000,0.000,OFF,#5,HOLDING,0.000A/OFF
53142,2026-06-04 08:35:14,22.7750,12.00,0.000,0.000,OFF,#5,HOLDING,0.000A/OFF
53143,2026-06-04 08:35:15,22.7750,12.00,0.000,0.000,OFF,#5,HOLDING,0.000A/OFF
53144,2026-06-04 08:35:16,22.8125,12.00,0.000,0.000,OFF,#5,HOLDING,0.000A/OFF
53145,2026-06-04 08:35:17,22.8125,12.00,0.000,0.000,OFF,#5,HOLDING,0.000A/OFF
53146,2026-06-04 08:35:18,22.8125,12.00,0.000,0.000,OFF,#5,HOLDING,0.000A/OFF
53147,2026-06-04 08:35:19,22.8125,12.00,0.000,0.000,OFF,#5,HOLDING,0.000A/OFF
53148,2026-06-04 08:35:20,22.8750,12.00,0.000,0.000,OFF,#5,HOLDING,0.000A/OFF
53149,2026-06-04 08:35:21,22.8750,12.00,0.000,0.000,OFF,#5,HOLDING,0.000A/OFF
53150,2026-06-04 08:35:22,22.8750,12.00,0.000,0.000,OFF,#5,HOLDING,0.000A/OFF
53151,2026-06-04 08:35:23,22.8750,12.00,0.000,0.000,OFF,#5,HOLDING,0.000A/OFF
53152,2026-06-04 08:35:24,22.8750,12.00,0.000,0.000,OFF,#5,HOLDING,0.000A/OFF
53153,2026-06-04 08:35:25,22.8750,12.00,0.000,0.000,OFF,#5,HOLDING,0.000A/OFF
53154,2026-06-04 08:35:26,22.9250,12.00,0.000,0.000,OFF,#5,HOLDING,0.000A/OFF
53155,2026-06-04 08:35:27,22.9250,12.00,0.000,0.000,OFF,#5,HOLDING,0.000A/OFF
53156,2026-06-04 08:35:28,22.9375,12.00,0.000,0.000,A,#5,HOLDING,0.111A/A
53157,2026-06-04 08:35:30,22.9375,12.00,0.000,0.000,A,#5,HOLDING,0.116A/A
53158,2026-06-04 08:35:32,22.9500,12.00,0.000,0.114,A,#5,HOLDING,0.134A/A
53159,2026-06-04 08:35:33,22.9500,12.00,0.000,0.114,A,#5,HOLDING,0.147A/A
53160,2026-06-04 08:35:35,22.9500,12.00,0.000,0.114,A,#5,HOLDING,0.162A/A
53161,2026-06-04 08:35:37,23.0000,1.41,0.000,0.114,A,#5,HOLDING,0.184A/A
53162,2026-06-04 08:35:39,22.9500,1.41,0.184,0.307,A,#5,HOLDING,0.197A/A
53163,2026-06-04 08:35:41,23.0000,1.41,0.184,0.307,A,#5,HOLDING,0.225A/A
53164,2026-06-04 08:35:43,23.0000,1.41,0.184,0.307,A,#5,HOLDING,0.236A/A
53165,2026-06-04 08:35:45,23.0000,2.14,0.184,0.307,A,#5,HOLDING,0.260A/A
53166,2026-06-04 08:35:46,22.9750,2.14,0.260,0.657,A,#5,HOLDING,0.272A/A
53167,2026-06-04 08:35:49,22.9750,2.14,0.260,0.657,A,#5,HOLDING,0.296A/A
53168,2026-06-04 08:35:50,22.9750,2.14,0.260,0.657,A,#5,HOLDING,0.311A/A
53169,2026-06-04 08:35:52,22.9375,2.91,0.260,0.657,A,#5,HOLDING,0.327A/A
53170,2026-06-04 08:35:54,22.9375,2.91,0.327,1.033,A,#5,HOLDING,0.343A/A
53171,2026-06-04 08:35:56,22.8875,2.91,0.327,1.033,A,#5,HOLDING,0.359A/A
53172,2026-06-04 08:35:58,22.8875,2.91,0.327,1.033,A,#5,HOLDING,0.375A/A
53173,2026-06-04 08:36:00,22.8750,3.45,0.388,1.033,OFF,--,DONE,0.388A/A
53174,2026-06-04 08:36:03,22.8125,3.45,0.388,1.033,OFF,--,DONE,--
53175,2026-06-04 08:36:04,22.8125,3.45,0.388,0.000,OFF,--,DONE,--
53176,2026-06-04 08:36:05,22.8125,0.12,0.388,0.000,OFF,--,DONE,--
53177,2026-06-04 08:36:06,22.8125,0.12,0.000,0.000,OFF,--,DONE,--
53178,2026-06-04 08:36:07,22.7500,0.12,0.000,0.000,OFF,--,DONE,--
53179,2026-06-04 08:36:08,22.7500,0.12,0.000,0.000,OFF,--,DONE,--
53180,2026-06-04 08:36:09,22.7500,0.00,0.000,0.000,OFF,--,DONE,--
53181,2026-06-04 08:36:10,22.7500,0.00,0.000,0.000,OFF,--,DONE,--
53182,2026-06-04 08:36:11,22.6875,0.00,0.000,0.000,OFF,--,DONE,--
53183,2026-06-04 08:36:12,22.6875,0.00,0.000,0.000,OFF,--,DONE,--
53184,2026-06-04 08:36:13,22.6875,0.00,0.000,0.000,OFF,--,DONE,--
53185,2026-06-04 08:36:14,22.6625,0.00,0.000,0.000,OFF,--,DONE,--
53186,2026-06-04 08:36:15,22.6625,0.00,0.000,0.000,OFF,--,DONE,--
53187,2026-06-04 08:36:16,22.6375,0.00,0.000,0.000,OFF,--,DONE,--
53188,2026-06-04 08:36:17,22.6375,0.00,0.000,0.000,OFF,--,DONE,--
53189,2026-06-04 08:36:18,22.6250,0.00,0.000,0.000,OFF,--,DONE,--
53190,2026-06-04 08:36:19,22.6250,0.00,0.000,0.000,OFF,--,DONE,--
53191,2026-06-04 08:36:20,22.6000,0.00,0.000,0.000,OFF,--,DONE,--
53192,2026-06-04 08:36:21,22.6000,0.00,0.000,0.000,OFF,--,DONE,--
53193,2026-06-04 08:36:22,22.5875,0.00,0.000,0.000,OFF,--,DONE,--
53194,2026-06-04 08:36:23,22.5875,0.00,0.000,0.000,OFF,--,DONE,--
53195,2026-06-04 08:36:24,22.5625,0.00,0.000,0.000,OFF,--,DONE,--
53196,2026-06-04 08:36:25,22.5625,0.00,0.000,0.000,OFF,--,DONE,--
53197,2026-06-04 08:36:26,22.5625,0.00,0.000,0.000,OFF,--,DONE,--
53198,2026-06-04 08:36:27,22.5625,0.00,0.000,0.000,OFF,--,DONE,--
53199,2026-06-04 08:36:28,22.5125,0.00,0.000,0.000,OFF,--,DONE,--
53200,2026-06-04 08:36:29,22.5125,0.00,0.000,0.000,OFF,--,DONE,--
53201,2026-06-04 08:36:30,22.5625,0.00,0.000,0.000,OFF,--,DONE,--
53202,2026-06-04 08:36:31,22.5125,0.00,0.000,0.000,OFF,--,DONE,--
53203,2026-06-04 08:36:32,22.5125,0.00,0.000,0.000,OFF,--,DONE,--
53204,2026-06-04 08:36:33,22.5000,0.00,0.000,0.000,OFF,--,DONE,--
53205,2026-06-04 08:36:34,22.5000,0.00,0.000,0.000,OFF,--,DONE,--
53206,2026-06-04 08:36:35,22.5000,0.00,0.000,0.000,OFF,--,DONE,--
53207,2026-06-04 08:36:36,22.5000,0.00,0.000,0.000,OFF,--,DONE,--
53208,2026-06-04 08:36:37,22.5000,0.00,0.000,0.000,OFF,--,DONE,--
53209,2026-06-04 08:36:38,22.5000,0.00,0.000,0.000,OFF,--,DONE,--
53210,2026-06-04 08:36:39,22.5000,0.00,0.000,0.000,OFF,--,DONE,--
53211,2026-06-04 08:36:40,22.5000,0.00,0.000,0.000,OFF,--,DONE,--
53212,2026-06-04 08:36:41,22.5000,0.00,0.000,0.000,OFF,--,DONE,--
53213,2026-06-04 08:36:42,22.5000,0.00,0.000,0.000,OFF,--,DONE,--
53214,2026-06-04 08:36:43,22.5000,0.00,0.000,0.000,OFF,--,DONE,--
53215,2026-06-04 08:36:44,22.5000,0.00,0.000,0.000,OFF,--,DONE,--
53216,2026-06-04 08:36:45,22.5000,0.00,0.000,0.000,OFF,--,DONE,--
53217,2026-06-04 08:36:46,22.5000,0.00,0.000,0.000,OFF,--,DONE,--
53218,2026-06-04 08:36:47,22.5000,0.00,0.000,0.000,OFF,--,DONE,--
53219,2026-06-04 08:36:49,22.5000,0.00,0.000,0.000,OFF,--,DONE,--
53220,2026-06-04 08:36:50,22.5000,0.00,0.000,0.000,OFF,--,DONE,--
53221,2026-06-04 08:36:51,22.4500,0.00,0.000,0.000,OFF,--,DONE,--
53222,2026-06-04 08:36:52,22.4500,0.00,0.000,0.000,OFF,--,DONE,--
53223,2026-06-04 08:36:53,22.4750,0.00,0.000,0.000,OFF,--,DONE,--
53224,2026-06-04 08:36:54,22.4750,0.00,0.000,0.000,OFF,--,DONE,--
53225,2026-06-04 08:36:55,22.4500,0.00,0.000,0.000,OFF,--,DONE,--
53226,2026-06-04 08:36:56,22.4500,0.00,0.000,0.000,OFF,--,DONE,--
53227,2026-06-04 08:36:57,22.4375,0.00,0.000,0.000,OFF,--,DONE,--
53228,2026-06-04 08:36:58,22.4375,0.00,0.000,0.000,OFF,--,DONE,--
53229,2026-06-04 08:36:59,22.4625,0.00,0.000,0.000,OFF,--,DONE,--
53230,2026-06-04 08:37:00,22.4625,0.00,0.000,0.000,OFF,--,DONE,--
53231,2026-06-04 08:37:01,22.4375,0.00,0.000,0.000,OFF,--,DONE,--
53232,2026-06-04 08:37:02,22.4375,0.00,0.000,0.000,OFF,--,DONE,--
53233,2026-06-04 08:37:03,22.4375,0.00,0.000,0.000,OFF,--,DONE,--
53234,2026-06-04 08:37:04,22.4375,0.00,0.000,0.000,OFF,--,DONE,--
53235,2026-06-04 08:37:05,22.4375,0.00,0.000,0.000,OFF,--,DONE,--
53236,2026-06-04 08:37:06,22.4375,0.00,0.000,0.000,OFF,--,DONE,--
53237,2026-06-04 08:37:07,22.4375,0.00,0.000,0.000,OFF,--,DONE,--
53238,2026-06-04 08:37:08,22.4375,0.00,0.000,0.000,OFF,--,DONE,--
53239,2026-06-04 08:37:09,22.4375,0.00,0.000,0.000,OFF,--,DONE,--
53240,2026-06-04 08:37:10,22.4375,0.00,0.000,0.000,OFF,--,DONE,--
53241,2026-06-04 08:37:11,22.4375,0.00,0.000,0.000,OFF,--,DONE,--
53242,2026-06-04 08:37:12,22.4375,0.00,0.000,0.000,OFF,--,DONE,--
53243,2026-06-04 08:37:13,22.4375,0.00,0.000,0.000,OFF,--,DONE,--
53244,2026-06-04 08:37:14,22.4375,0.00,0.000,0.000,OFF,--,DONE,--
53245,2026-06-04 08:37:15,22.4375,0.00,0.000,0.000,OFF,--,DONE,--
53246,2026-06-04 08:37:16,22.4500,0.00,0.000,0.000,OFF,--,DONE,--
53247,2026-06-04 08:37:17,22.4500,0.00,0.000,0.000,OFF,--,DONE,--
53248,2026-06-04 08:37:18,22.4500,0.00,0.000,0.000,OFF,--,DONE,--
53249,2026-06-04 08:37:19,22.4375,0.00,0.000,0.000,OFF,--,DONE,--
53250,2026-06-04 08:37:20,22.4375,0.00,0.000,0.000,OFF,--,DONE,--
53251,2026-06-04 08:37:21,22.4375,0.00,0.000,0.000,OFF,--,DONE,--
53252,2026-06-04 08:37:22,22.4375,0.00,0.000,0.000,OFF,--,DONE,--
53253,2026-06-04 08:37:23,22.4375,0.00,0.000,0.000,OFF,--,DONE,--
53254,2026-06-04 08:37:24,22.4375,0.00,0.000,0.000,OFF,--,DONE,--
53255,2026-06-04 08:37:25,22.4375,0.00,0.000,0.000,OFF,--,DONE,--
53256,2026-06-04 08:37:27,22.4375,0.00,0.000,0.000,OFF,--,DONE,--
53257,2026-06-04 08:37:28,22.4375,0.00,0.000,0.000,OFF,--,DONE,--
53258,2026-06-04 08:37:29,22.4375,0.00,0.000,0.000,OFF,--,DONE,--
53259,2026-06-04 08:37:30,22.4375,0.00,0.000,0.000,OFF,--,DONE,--
53260,2026-06-04 08:37:31,22.4375,0.00,0.000,0.000,OFF,--,DONE,--
53261,2026-06-04 08:37:32,22.4375,0.00,0.000,0.000,OFF,--,DONE,--
53262,2026-06-04 08:37:33,22.4375,0.00,0.000,0.000,OFF,--,DONE,--
53263,2026-06-04 08:37:34,22.4375,0.00,0.000,0.000,OFF,--,DONE,--
53264,2026-06-04 08:37:35,22.4375,0.00,0.000,0.000,OFF,--,DONE,--
53265,2026-06-04 08:37:36,22.4375,0.00,0.000,0.000,OFF,--,DONE,--
53266,2026-06-04 08:37:37,22.4375,0.00,0.000,0.000,OFF,--,DONE,--
53267,2026-06-04 08:37:38,22.4375,0.00,0.000,0.000,OFF,--,DONE,--
53268,2026-06-04 08:37:39,22.4375,0.00,0.000,0.000,OFF,--,DONE,--
53269,2026-06-04 08:37:40,22.4375,0.00,0.000,0.000,OFF,--,DONE,--
53270,2026-06-04 08:37:41,22.4375,0.00,0.000,0.000,OFF,--,DONE,--
53271,2026-06-04 08:37:42,22.4375,0.00,0.000,0.000,OFF,--,DONE,--
53272,2026-06-04 08:37:43,22.4375,0.00,0.000,0.000,OFF,--,DONE,--
53273,2026-06-04 08:37:44,22.4375,0.00,0.000,0.000,OFF,--,DONE,--
53274,2026-06-04 08:37:45,22.4375,0.00,0.000,0.000,OFF,--,DONE,--
53275,2026-06-04 08:37:46,22.4375,0.00,0.000,0.000,OFF,--,DONE,--
53276,2026-06-04 08:37:47,22.4375,0.00,0.000,0.000,OFF,--,DONE,--
53277,2026-06-04 08:37:48,22.4375,0.00,0.000,0.000,OFF,--,DONE,--
53278,2026-06-04 08:37:49,22.4375,0.00,0.000,0.000,OFF,--,DONE,--
53279,2026-06-04 08:37:50,22.4375,0.00,0.000,0.000,OFF,--,DONE,--
53280,2026-06-04 08:37:51,22.4375,0.00,0.000,0.000,OFF,--,DONE,--
53281,2026-06-04 08:37:52,22.4375,0.00,0.000,0.000,OFF,--,DONE,--
53282,2026-06-04 08:37:53,22.4375,0.00,0.000,0.000,OFF,--,DONE,--
53283,2026-06-04 08:37:54,22.4375,0.00,0.000,0.000,OFF,--,DONE,--
53284,2026-06-04 08:37:55,22.4375,0.00,0.000,0.000,OFF,--,DONE,--
53285,2026-06-04 08:37:56,22.4375,0.00,0.000,0.000,OFF,--,DONE,--
53286,2026-06-04 08:37:57,22.4375,0.00,0.000,0.000,OFF,--,DONE,--
53287,2026-06-04 08:37:58,22.4375,0.00,0.000,0.000,OFF,--,DONE,--
53288,2026-06-04 08:37:59,22.4375,0.00,0.000,0.000,OFF,--,DONE,--
53289,2026-06-04 08:38:00,22.4375,0.00,0.000,0.000,OFF,--,DONE,--
53290,2026-06-04 08:38:02,22.4375,0.00,0.000,0.000,OFF,--,DONE,--
53291,2026-06-04 08:38:03,22.4375,0.00,0.000,0.000,OFF,--,DONE,--
53292,2026-06-04 08:38:04,22.4375,0.00,0.000,0.000,OFF,--,DONE,--
53293,2026-06-04 08:38:05,22.4375,0.00,0.000,0.000,OFF,--,DONE,--
53294,2026-06-04 08:38:06,22.4375,0.00,0.000,0.000,A,#1,APPROACH,2.959A/A
53295,2026-06-04 08:38:08,22.4375,0.00,0.000,0.000,A,#1,APPROACH,2.000A/A
53296,2026-06-04 08:38:10,22.4375,0.00,0.000,0.000,A,#1,APPROACH,1.933A/A
53297,2026-06-04 08:38:12,22.4375,0.00,0.000,0.000,A,#1,APPROACH,2.510A/A
53298,2026-06-04 08:38:13,22.4375,0.00,0.000,0.000,A,#1,APPROACH,1.500A/A
53299,2026-06-04 08:38:15,22.4375,11.91,1.500,0.000,A,#1,APPROACH,1.000A/A
53300,2026-06-04 08:38:17,22.4375,11.91,1.500,8.490,A,#1,APPROACH,1.912A/A
53301,2026-06-04 08:38:19,22.4250,11.91,1.500,8.490,A,#1,APPROACH,2.000A/A
53302,2026-06-04 08:38:20,22.3750,11.91,1.500,8.490,A,#1,APPROACH,2.000A/A
53303,2026-06-04 08:38:22,22.3125,12.00,1.500,8.490,A,#1,APPROACH,1.500A/A
53304,2026-06-04 08:38:24,22.2375,12.00,1.489,17.676,A,#1,APPROACH,2.252A/A
53305,2026-06-04 08:38:26,22.2000,12.00,1.489,17.676,A,#1,APPROACH,2.000A/A
53306,2026-06-04 08:38:28,22.1000,12.00,1.489,17.676,A,#1,APPROACH,2.027A/A
53307,2026-06-04 08:38:30,22.0125,12.00,1.489,17.676,A,#1,APPROACH,1.500A/A
53308,2026-06-04 08:38:32,21.8875,12.00,1.458,17.316,A,#1,APPROACH,2.320A/A
53309,2026-06-04 08:38:34,21.8000,12.00,1.458,17.316,A,#1,APPROACH,2.000A/A
53310,2026-06-04 08:38:35,21.6750,12.00,1.458,17.316,A,#1,APPROACH,2.000A/A
53311,2026-06-04 08:38:37,21.5375,12.00,1.458,17.316,A,#1,APPROACH,2.193A/A
53312,2026-06-04 08:38:39,21.3875,12.00,1.436,17.088,A,#1,APPROACH,1.000A/A
53313,2026-06-04 08:38:42,21.2625,12.00,1.436,17.088,A,#1,APPROACH,2.281A/A
53314,2026-06-04 08:38:43,21.1125,12.00,1.436,17.088,A,#1,APPROACH,1.500A/A
53315,2026-06-04 08:38:45,20.9625,12.00,1.436,17.088,A,#1,APPROACH,1.500A/A
53316,2026-06-04 08:38:47,20.8125,12.00,1.422,16.944,A,#1,APPROACH,1.500A/A
53317,2026-06-04 08:38:49,20.6500,12.00,1.422,16.944,A,#1,APPROACH,1.000A/A
53318,2026-06-04 08:38:51,20.5250,12.00,1.422,16.944,A,#1,APPROACH,1.000A/A
53319,2026-06-04 08:38:53,20.3875,9.06,1.422,16.944,A,#1,APPROACH,2.323A/A
53320,2026-06-04 08:38:55,20.2375,9.06,1.414,16.848,A,#1,APPROACH,1.500A/A
53321,2026-06-04 08:38:57,20.1125,9.06,1.414,16.848,A,#1,APPROACH,1.500A/A
53322,2026-06-04 08:38:59,19.9375,9.06,1.414,16.848,A,#1,APPROACH,1.000A/A
53323,2026-06-04 08:39:00,19.8250,9.12,1.414,16.848,A,#1,APPROACH,1.000A/A
53324,2026-06-04 08:39:02,19.6750,9.12,1.000,9.270,A,#1,APPROACH,2.398A/A
53325,2026-06-04 08:39:05,19.5250,9.12,1.000,9.270,A,#1,APPROACH,1.000A/A
53326,2026-06-04 08:39:06,19.4250,9.12,1.000,9.270,A,#1,APPROACH,1.500A/A
53327,2026-06-04 08:39:08,19.3000,12.00,1.000,9.270,A,#1,APPROACH,1.500A/A
53328,2026-06-04 08:39:10,19.1750,12.00,1.410,16.800,A,#1,APPROACH,2.484A/A
53329,2026-06-04 08:39:12,19.0250,12.00,1.410,16.800,A,#1,APPROACH,1.500A/A
53330,2026-06-04 08:39:14,18.9250,12.00,1.410,16.800,A,#1,APPROACH,1.500A/A
53331,2026-06-04 08:39:16,18.8000,12.00,1.410,16.800,A,#1,APPROACH,2.500A/A
53332,2026-06-04 08:39:18,18.6750,12.00,1.407,16.740,A,#1,APPROACH,2.500A/A
53333,2026-06-04 08:39:20,18.5500,12.00,1.407,16.740,A,#1,APPROACH,1.000A/A
53334,2026-06-04 08:39:22,18.4500,12.00,1.407,16.740,A,#1,APPROACH,2.500A/A
53335,2026-06-04 08:39:23,18.3000,12.00,1.407,16.740,A,#1,APPROACH,2.500A/A
53336,2026-06-04 08:39:25,18.1750,12.00,1.400,16.680,A,#1,APPROACH,2.500A/A
53337,2026-06-04 08:39:28,18.0875,12.00,1.400,16.680,A,#1,APPROACH,2.500A/A
53338,2026-06-04 08:39:29,17.9875,12.00,1.400,16.680,A,#1,APPROACH,2.500A/A
53339,2026-06-04 08:39:31,17.8875,12.00,1.400,16.680,A,#1,APPROACH,1.500A/A
53340,2026-06-04 08:39:33,17.7375,12.00,1.396,16.656,A,#1,APPROACH,2.500A/A
53341,2026-06-04 08:39:35,17.6500,12.00,1.396,16.656,A,#1,APPROACH,2.534A/A
53342,2026-06-04 08:39:37,17.5500,12.00,1.396,16.656,A,#1,APPROACH,2.500A/A
53343,2026-06-04 08:39:39,17.4625,12.00,1.396,16.656,A,#1,APPROACH,2.500A/A
53344,2026-06-04 08:39:41,17.3375,12.00,1.392,16.596,A,#1,HOLDING,2.500A/A
53345,2026-06-04 08:39:43,17.2625,12.00,1.392,16.596,OFF,#1,HOLDING,0.000A/OFF
53346,2026-06-04 08:39:44,17.1375,12.00,1.392,16.596,OFF,#1,HOLDING,0.000A/OFF
53347,2026-06-04 08:39:45,17.1375,12.00,1.392,16.596,OFF,#1,HOLDING,0.000A/OFF
53348,2026-06-04 08:39:46,17.0750,12.00,1.392,16.596,OFF,#1,HOLDING,0.000A/OFF
53349,2026-06-04 08:39:47,17.0750,12.00,0.000,16.596,OFF,#1,HOLDING,0.000A/OFF
53350,2026-06-04 08:39:48,16.9750,12.00,0.000,16.596,OFF,#1,HOLDING,0.000A/OFF
53351,2026-06-04 08:39:49,16.9750,12.00,0.000,0.000,A,#1,HOLDING,0.104A/A
53352,2026-06-04 08:39:51,16.8750,12.00,0.000,0.000,A,#1,HOLDING,0.108A/A
53353,2026-06-04 08:39:52,16.8250,12.00,0.000,0.000,A,#1,HOLDING,0.132A/A
53354,2026-06-04 08:39:54,16.7375,2.17,0.000,0.000,A,#1,HOLDING,0.134A/A
53355,2026-06-04 08:39:56,16.6875,2.17,0.134,0.286,A,#1,HOLDING,0.151A/A
53356,2026-06-04 08:39:58,16.6875,2.17,0.134,0.286,A,#1,HOLDING,0.170A/A
53357,2026-06-04 08:40:00,16.6875,2.17,0.134,0.286,A,#1,HOLDING,0.189A/A
53358,2026-06-04 08:40:01,16.6875,2.44,0.134,0.286,A,#1,HOLDING,0.204A/A
53359,2026-06-04 08:40:03,16.6875,2.44,0.204,0.520,A,#1,HOLDING,0.215A/A
53360,2026-06-04 08:40:06,16.7250,2.44,0.204,0.520,A,#1,HOLDING,0.233A/A
53361,2026-06-04 08:40:07,16.7500,2.44,0.204,0.520,A,#1,HOLDING,0.247A/A
53362,2026-06-04 08:40:09,16.7875,2.77,0.204,0.520,A,#1,HOLDING,0.265A/A
53363,2026-06-04 08:40:11,16.8125,2.77,0.254,0.779,A,#1,HOLDING,0.279A/A
53364,2026-06-04 08:40:13,16.8500,2.77,0.254,0.779,A,#1,HOLDING,0.301A/A
53365,2026-06-04 08:40:15,16.8750,2.77,0.254,0.779,A,#1,HOLDING,0.315A/A
53366,2026-06-04 08:40:17,16.9375,3.24,0.254,0.779,A,#1,HOLDING,0.339A/A
53367,2026-06-04 08:40:19,16.9625,3.24,0.324,1.183,A,#1,HOLDING,0.359A/A
53368,2026-06-04 08:40:21,17.0000,3.24,0.324,1.183,A,#1,HOLDING,0.388A/A
53369,2026-06-04 08:40:23,17.0500,3.24,0.324,1.183,A,#1,HOLDING,0.408A/A
53370,2026-06-04 08:40:25,17.0750,3.97,0.324,1.183,A,#1,HOLDING,0.433A/A
53371,2026-06-04 08:40:26,17.1500,3.97,0.419,1.844,A,#1,HOLDING,0.465A/A
53372,2026-06-04 08:40:29,17.1625,3.97,0.419,1.844,A,#1,HOLDING,0.497A/A
53373,2026-06-04 08:40:30,17.2125,3.97,0.419,1.844,A,#1,HOLDING,0.526A/A
53374,2026-06-04 08:40:32,17.2625,4.95,0.419,1.844,A,#1,HOLDING,0.556A/A
53375,2026-06-04 08:40:34,17.3125,4.95,0.539,2.952,A,#1,HOLDING,0.593A/A
53376,2026-06-04 08:40:36,17.3750,4.95,0.539,2.952,A,#1,HOLDING,0.639A/A
53377,2026-06-04 08:40:38,17.4000,4.95,0.539,2.952,A,#1,HOLDING,0.718A/A
53378,2026-06-04 08:40:40,17.4375,6.52,0.539,2.952,A,#1,HOLDING,0.758A/A
53379,2026-06-04 08:40:42,17.4625,6.52,0.738,5.283,A,#1,HOLDING,0.796A/A
53380,2026-06-04 08:40:44,17.5000,6.52,0.738,5.283,A,#1,HOLDING,0.850A/A
53381,2026-06-04 08:40:46,17.5250,6.52,0.738,5.283,A,#1,HOLDING,0.886A/A
53382,2026-06-04 08:40:47,17.5500,7.75,0.738,5.283,A,#1,HOLDING,0.930A/A
53383,2026-06-04 08:40:49,17.5500,7.75,0.930,7.719,A,#1,HOLDING,0.970A/A
53384,2026-06-04 08:40:52,17.5625,7.75,0.930,7.719,A,#1,HOLDING,1.023A/A
53385,2026-06-04 08:40:53,17.5125,7.75,0.930,7.719,A,#1,HOLDING,1.048A/A
53386,2026-06-04 08:40:55,17.5500,9.01,0.930,7.719,A,#1,HOLDING,1.096A/A
53387,2026-06-04 08:40:57,17.5250,9.01,1.096,10.444,A,#1,HOLDING,1.000A/A
53388,2026-06-04 08:40:59,17.5250,9.01,1.096,10.444,A,#1,HOLDING,1.139A/A
53389,2026-06-04 08:41:01,17.5000,9.01,1.096,10.444,A,#1,HOLDING,1.166A/A
53390,2026-06-04 08:41:03,17.5000,9.89,1.096,10.444,A,#1,HOLDING,1.209A/A
53391,2026-06-04 08:41:05,17.4875,9.89,1.209,12.549,A,#1,HOLDING,1.247A/A
53392,2026-06-04 08:41:07,17.4250,9.89,1.209,12.549,A,#1,HOLDING,1.291A/A
53393,2026-06-04 08:41:09,17.3750,9.89,1.209,12.549,A,#1,HOLDING,1.265A/A
53394,2026-06-04 08:41:10,17.3750,10.68,1.209,12.549,A,#2,APPROACH,1.303A/A
53395,2026-06-04 08:41:12,17.3375,10.68,1.303,12.549,OFF,#2,APPROACH,0.000A/OFF
53396,2026-06-04 08:41:13,17.2875,10.68,1.303,0.000,OFF,#2,APPROACH,0.128A/B
53397,2026-06-04 08:41:16,17.2500,10.68,1.303,0.000,B,#2,APPROACH,0.178A/B
53398,2026-06-04 08:41:18,17.2250,10.68,1.303,0.000,B,#2,APPROACH,0.248A/B
53399,2026-06-04 08:41:19,17.1875,10.68,1.303,0.000,B,#2,APPROACH,0.303A/B
53400,2026-06-04 08:41:21,17.1875,4.40,0.303,0.000,B,#2,APPROACH,0.358A/B
53401,2026-06-04 08:41:23,17.1625,4.40,0.303,0.980,B,#2,APPROACH,0.428A/B
53402,2026-06-04 08:41:24,17.1875,4.40,0.303,0.980,B,#2,APPROACH,0.477A/B
53403,2026-06-04 08:41:26,17.1875,4.40,0.303,0.980,B,#2,APPROACH,0.535A/B
53404,2026-06-04 08:41:28,17.2250,4.26,0.303,0.980,B,#2,APPROACH,0.594A/B
53405,2026-06-04 08:41:30,17.2750,4.26,0.563,2.922,B,#2,APPROACH,0.653A/B
53406,2026-06-04 08:41:32,17.4250,4.26,0.563,2.922,B,#2,APPROACH,0.708A/B
53407,2026-06-04 08:41:34,17.4250,4.26,0.563,2.922,B,#2,APPROACH,0.762A/B
53408,2026-06-04 08:41:35,17.5125,6.15,0.563,2.922,B,#2,APPROACH,0.809A/B
53409,2026-06-04 08:41:37,17.6125,6.15,0.786,5.363,B,#2,APPROACH,0.857A/B
53410,2026-06-04 08:41:40,17.8250,6.15,0.786,5.363,B,#2,APPROACH,0.886A/B
53411,2026-06-04 08:41:41,17.8250,6.15,0.786,5.363,B,#2,APPROACH,0.933A/B
53412,2026-06-04 08:41:43,17.9250,7.59,0.786,5.363,B,#2,APPROACH,0.968A/B
53413,2026-06-04 08:41:45,18.0750,7.59,0.948,7.734,B,#2,HOLDING,0.950A/B
53414,2026-06-04 08:41:47,18.3500,7.59,0.948,7.734,OFF,#2,HOLDING,0.000A/OFF
53415,2026-06-04 08:41:48,18.3500,7.59,0.948,7.734,OFF,#2,HOLDING,0.000A/OFF
53416,2026-06-04 08:41:49,18.5125,7.59,0.948,7.734,OFF,#2,HOLDING,0.000A/OFF
53417,2026-06-04 08:41:50,18.5125,7.59,0.948,7.734,OFF,#2,HOLDING,0.000A/OFF
53418,2026-06-04 08:41:51,18.6625,12.00,0.000,7.734,OFF,#2,HOLDING,0.000A/OFF
53419,2026-06-04 08:41:52,18.6625,12.00,0.000,7.734,OFF,#2,HOLDING,0.000A/OFF
53420,2026-06-04 08:41:53,18.8000,12.00,0.000,0.000,OFF,#2,HOLDING,0.000A/OFF
53421,2026-06-04 08:41:54,18.8000,12.00,0.000,0.000,OFF,#2,HOLDING,0.000A/OFF
53422,2026-06-04 08:41:55,19.0000,12.00,0.000,0.000,OFF,#2,HOLDING,0.000A/OFF
53423,2026-06-04 08:41:56,19.0000,12.00,0.000,0.000,OFF,#2,HOLDING,0.000A/OFF
53424,2026-06-04 08:41:57,19.1125,12.00,0.000,0.000,OFF,#2,HOLDING,0.000A/OFF
53425,2026-06-04 08:41:58,19.1125,12.00,0.000,0.000,OFF,#2,HOLDING,0.000A/OFF
53426,2026-06-04 08:42:00,19.2625,12.00,0.000,0.000,OFF,#2,HOLDING,0.000A/OFF
53427,2026-06-04 08:42:01,19.2625,12.00,0.000,0.000,OFF,#2,HOLDING,0.000A/OFF
53428,2026-06-04 08:42:02,19.4250,12.00,0.000,0.000,OFF,#2,HOLDING,0.000A/OFF
53429,2026-06-04 08:42:03,19.4250,12.00,0.000,0.000,OFF,#2,HOLDING,0.000A/OFF
53430,2026-06-04 08:42:04,19.5500,12.00,0.000,0.000,OFF,#2,HOLDING,0.000A/OFF
53431,2026-06-04 08:42:05,19.5500,12.00,0.000,0.000,OFF,#2,HOLDING,0.000A/OFF
53432,2026-06-04 08:42:06,19.6625,12.00,0.000,0.000,OFF,#2,HOLDING,0.000A/OFF
53433,2026-06-04 08:42:07,19.8125,12.00,0.000,0.000,OFF,#2,HOLDING,0.000A/OFF
53434,2026-06-04 08:42:08,19.8125,12.00,0.000,0.000,OFF,#2,HOLDING,0.000A/OFF
53435,2026-06-04 08:42:09,19.9500,12.00,0.000,0.000,OFF,#2,HOLDING,0.000A/OFF
53436,2026-06-04 08:42:10,19.9500,12.00,0.000,0.000,OFF,#2,HOLDING,0.000A/OFF
53437,2026-06-04 08:42:11,20.0250,12.00,0.000,0.000,A,#2,HOLDING,0.164A/A
53438,2026-06-04 08:42:13,20.1375,12.00,0.000,0.272,A,#2,HOLDING,0.201A/A
53439,2026-06-04 08:42:14,20.2375,12.00,0.000,0.272,A,#2,HOLDING,0.258A/A
53440,2026-06-04 08:42:16,20.2375,12.00,0.000,0.272,A,#2,HOLDING,0.283A/A
53441,2026-06-04 08:42:18,20.3250,2.52,0.000,0.272,A,#2,HOLDING,0.335A/A
53442,2026-06-04 08:42:20,20.4000,2.52,0.315,1.008,A,#2,HOLDING,0.387A/A
53443,2026-06-04 08:42:22,20.5500,2.52,0.315,1.008,A,#2,HOLDING,0.481A/A
53444,2026-06-04 08:42:24,20.5500,2.52,0.315,1.008,A,#2,HOLDING,0.522A/A
53445,2026-06-04 08:42:25,20.6375,4.51,0.315,1.008,A,#2,HOLDING,0.589A/A
53446,2026-06-04 08:42:27,20.6875,4.51,0.564,3.045,A,#2,HOLDING,0.647A/A
53447,2026-06-04 08:42:30,20.7750,4.51,0.564,3.045,A,#2,HOLDING,0.743A/A
53448,2026-06-04 08:42:31,20.7750,4.51,0.564,3.045,A,#2,HOLDING,0.791A/A
53449,2026-06-04 08:42:33,20.8500,6.70,0.564,3.045,A,#2,HOLDING,0.867A/A
53450,2026-06-04 08:42:35,20.8500,6.70,0.840,6.433,A,#2,HOLDING,0.929A/A
53451,2026-06-04 08:42:37,20.9000,6.70,0.840,6.433,A,#2,HOLDING,1.025A/A
53452,2026-06-04 08:42:39,20.9000,6.70,0.840,6.433,A,#2,HOLDING,1.077A/A
53453,2026-06-04 08:42:41,20.9375,8.84,0.840,6.433,A,#2,HOLDING,1.153A/A
53454,2026-06-04 08:42:43,20.8875,8.84,1.140,11.137,A,#2,HOLDING,1.212A/A
53455,2026-06-04 08:42:45,20.8750,8.84,1.140,11.137,A,#2,HOLDING,1.000A/A
53456,2026-06-04 08:42:47,20.8750,8.84,1.140,11.137,A,#2,HOLDING,1.296A/A
53457,2026-06-04 08:42:48,20.8625,10.63,1.140,11.137,A,#2,HOLDING,1.369A/A
53458,2026-06-04 08:42:50,20.8125,10.63,1.354,15.524,A,#2,HOLDING,1.428A/A
53459,2026-06-04 08:42:53,20.7250,10.63,1.354,15.524,A,#2,HOLDING,1.499A/A
53460,2026-06-04 08:42:54,20.7250,10.63,1.354,15.524,A,#2,HOLDING,1.500A/A
53461,2026-06-04 08:42:56,20.6750,12.00,1.354,15.524,A,#2,HOLDING,1.553A/A
53462,2026-06-04 08:42:58,20.5750,12.00,1.459,17.352,A,#2,HOLDING,1.603A/A
53463,2026-06-04 08:43:00,20.4500,12.00,1.459,17.352,A,#2,HOLDING,1.656A/A
53464,2026-06-04 08:43:02,20.4500,12.00,1.459,17.352,A,#2,HOLDING,1.707A/A
53465,2026-06-04 08:43:04,20.3625,12.00,1.459,17.352,A,#2,HOLDING,1.755A/A
53466,2026-06-04 08:43:06,20.2125,12.00,1.437,17.112,A,#2,HOLDING,1.787A/A
53467,2026-06-04 08:43:08,20.1375,12.00,1.437,17.112,A,#2,HOLDING,1.000A/A
53468,2026-06-04 08:43:10,20.0125,12.00,1.437,17.112,A,#2,HOLDING,1.000A/A
53469,2026-06-04 08:43:12,19.9250,8.94,1.437,17.112,A,#2,HOLDING,1.776A/A
53470,2026-06-04 08:43:13,19.8000,8.94,1.432,17.064,A,#2,HOLDING,1.500A/A
53471,2026-06-04 08:43:16,19.6750,8.94,1.432,17.064,A,#2,HOLDING,1.804A/A
53472,2026-06-04 08:43:17,19.5500,8.94,1.432,17.064,A,#2,HOLDING,1.500A/A
53473,2026-06-04 08:43:19,19.4375,12.00,1.432,17.064,A,#2,HOLDING,1.818A/A
53474,2026-06-04 08:43:21,19.3125,12.00,1.419,16.908,A,#2,HOLDING,1.000A/A
53475,2026-06-04 08:43:23,19.2125,12.00,1.419,16.908,A,#2,HOLDING,1.834A/A
53476,2026-06-04 08:43:25,19.0875,12.00,1.419,16.908,A,#2,HOLDING,1.834A/A
53477,2026-06-04 08:43:27,18.9625,12.00,1.419,16.908,A,#2,HOLDING,1.000A/A
53478,2026-06-04 08:43:29,18.8625,12.00,1.129,9.250,A,#2,HOLDING,1.000A/A
53479,2026-06-04 08:43:31,18.7375,12.00,1.129,9.250,A,#2,HOLDING,1.834A/A
53480,2026-06-04 08:43:33,18.6125,12.00,1.129,9.250,A,#2,HOLDING,1.820A/A
53481,2026-06-04 08:43:35,18.5125,12.00,1.129,9.250,A,#2,HOLDING,1.000A/A
53482,2026-06-04 08:43:36,18.3875,12.00,1.130,9.210,A,#2,HOLDING,1.798A/A
53483,2026-06-04 08:43:39,18.3000,12.00,1.130,9.210,A,#2,HOLDING,1.000A/A
53484,2026-06-04 08:43:40,18.2000,12.00,1.130,9.210,A,#2,HOLDING,1.771A/A
53485,2026-06-04 08:43:42,18.1125,12.00,1.130,9.210,A,#2,HOLDING,1.500A/A
53486,2026-06-04 08:43:44,17.9875,12.00,1.412,16.836,A,#2,HOLDING,1.000A/A
53487,2026-06-04 08:43:46,17.9000,12.00,1.412,16.836,A,#2,HOLDING,1.685A/A
53488,2026-06-04 08:43:48,17.8250,12.00,1.412,16.836,A,#2,HOLDING,1.643A/A
53489,2026-06-04 08:43:50,17.7375,12.00,1.412,16.836,A,#2,HOLDING,1.596A/A
53490,2026-06-04 08:43:52,17.6375,12.00,1.408,16.788,A,#2,HOLDING,1.537A/A
53491,2026-06-04 08:43:54,17.5500,12.00,1.408,16.788,A,#2,HOLDING,1.465A/A
53492,2026-06-04 08:43:56,17.4500,12.00,1.408,16.788,A,#2,HOLDING,1.408A/A
53493,2026-06-04 08:43:58,17.3625,11.90,1.408,16.788,A,#2,HOLDING,1.000A/A
53494,2026-06-04 08:43:59,17.2625,11.90,1.016,9.280,A,#2,HOLDING,1.335A/A
53495,2026-06-04 08:44:02,17.1750,11.90,1.016,9.280,A,#2,HOLDING,1.249A/A
53496,2026-06-04 08:44:03,17.1000,11.90,1.016,9.280,A,#2,HOLDING,1.185A/A
53497,2026-06-04 08:44:05,17.0250,10.38,1.016,9.280,A,#2,HOLDING,1.109A/A
53498,2026-06-04 08:44:07,16.9250,10.38,1.109,11.101,A,#2,HOLDING,1.023A/A
53499,2026-06-04 08:44:10,16.8750,10.38,1.109,11.101,A,#2,HOLDING,0.925A/A
53500,2026-06-04 08:44:11,16.8250,10.38,1.109,11.101,A,#2,HOLDING,0.854A/A
53501,2026-06-04 08:44:13,16.7375,8.18,1.109,11.101,A,#2,HOLDING,0.766A/A
53502,2026-06-04 08:44:15,16.6375,8.18,0.783,5.836,A,#2,HOLDING,0.667A/A
53503,2026-06-04 08:44:17,16.5625,8.18,0.783,5.836,A,#2,HOLDING,0.547A/A
53504,2026-06-04 08:44:19,16.5125,8.18,0.783,5.836,A,#2,HOLDING,0.467A/A
53505,2026-06-04 08:44:21,16.4375,5.24,0.783,5.836,A,#2,HOLDING,0.371A/A
53506,2026-06-04 08:44:23,16.3875,5.24,0.414,1.654,A,#2,HOLDING,0.273A/A
53507,2026-06-04 08:44:25,16.3375,5.24,0.414,1.654,A,#2,HOLDING,0.146A/A
53508,2026-06-04 08:44:27,16.2875,5.24,0.414,1.654,OFF,#2,HOLDING,0.000A/OFF
53509,2026-06-04 08:44:28,16.2500,5.24,0.414,1.654,OFF,#2,HOLDING,0.000A/OFF
53510,2026-06-04 08:44:29,16.2500,12.00,0.414,1.654,OFF,#2,HOLDING,0.000A/OFF
53511,2026-06-04 08:44:30,16.2500,12.00,0.000,0.000,B,#2,HOLDING,0.103A/B
53512,2026-06-04 08:44:32,16.2375,12.00,0.000,0.000,B,#2,HOLDING,0.220A/B
53513,2026-06-04 08:44:33,16.2375,12.00,0.000,0.000,B,#2,HOLDING,0.309A/B
53514,2026-06-04 08:44:35,16.2500,1.78,0.000,0.000,B,#2,HOLDING,0.408A/B
53515,2026-06-04 08:44:37,16.2500,1.78,0.408,1.126,B,#2,HOLDING,0.509A/B
53516,2026-06-04 08:44:40,16.2875,1.78,0.408,1.126,B,#2,HOLDING,0.634A/B
53517,2026-06-04 08:44:41,16.3375,1.78,0.408,1.126,B,#2,HOLDING,0.711A/B
53518,2026-06-04 08:44:43,16.3875,5.23,0.408,1.126,B,#2,HOLDING,0.800A/B
53519,2026-06-04 08:44:45,16.4625,5.23,0.800,4.936,B,#2,HOLDING,0.885A/B
53520,2026-06-04 08:44:47,16.5375,5.23,0.800,4.936,B,#2,HOLDING,0.998A/B
53521,2026-06-04 08:44:49,16.6375,5.23,0.800,4.936,B,#2,HOLDING,1.062A/B
53522,2026-06-04 08:44:51,16.7625,8.09,0.800,4.936,B,#2,HOLDING,1.000A/B
53523,2026-06-04 08:44:53,16.8875,8.09,1.000,7.940,B,#2,HOLDING,1.122A/B
53524,2026-06-04 08:44:55,17.0125,8.09,1.000,7.940,B,#2,HOLDING,1.000A/B
53525,2026-06-04 08:44:56,17.1625,8.09,1.000,7.940,B,#2,HOLDING,1.200A/B
53526,2026-06-04 08:44:58,17.3000,9.37,1.000,7.940,B,#2,HOLDING,1.000A/B
53527,2026-06-04 08:45:00,17.4750,9.37,1.016,8.210,B,#2,HOLDING,1.241A/B
53528,2026-06-04 08:45:03,17.6375,9.37,1.016,8.210,B,#2,HOLDING,1.302A/B
53529,2026-06-04 08:45:04,17.8125,9.37,1.016,8.210,B,#2,HOLDING,1.325A/B
53530,2026-06-04 08:45:06,17.9875,10.50,1.016,8.210,B,#2,HOLDING,1.355A/B
53531,2026-06-04 08:45:08,18.1875,10.50,1.355,14.918,B,#2,HOLDING,1.329A/B
53532,2026-06-04 08:45:10,18.3750,10.50,1.355,14.918,B,#3,APPROACH,1.000A/B
53533,2026-06-04 08:45:12,18.5750,10.50,1.355,14.918,B,#3,APPROACH,0.170A/B
53534,2026-06-04 08:45:13,18.5750,10.50,1.355,14.918,B,#3,APPROACH,0.184A/B
53535,2026-06-04 08:45:16,19.0375,7.32,1.355,14.918,B,#3,APPROACH,0.134A/B
53536,2026-06-04 08:45:18,19.2500,7.32,0.345,0.304,B,#3,APPROACH,0.130A/B
53537,2026-06-04 08:45:20,19.5000,7.32,0.345,0.304,B,#3,APPROACH,0.138A/B
53538,2026-06-04 08:45:22,19.7125,7.32,0.345,0.304,B,#3,APPROACH,0.176A/B
53539,2026-06-04 08:45:24,19.9625,2.39,0.345,0.304,B,#3,APPROACH,0.197A/B
53540,2026-06-04 08:45:25,20.1500,2.39,0.197,0.502,B,#3,APPROACH,0.236A/B
53541,2026-06-04 08:45:28,20.3500,2.39,0.197,0.502,B,#3,APPROACH,0.309A/B
53542,2026-06-04 08:45:29,20.5500,2.39,0.197,0.502,B,#3,APPROACH,0.345A/B
53543,2026-06-04 08:45:31,20.7500,3.67,0.197,0.502,B,#3,APPROACH,0.377A/B
53544,2026-06-04 08:45:33,20.9250,3.67,0.366,1.496,B,#3,HOLDING,0.355A/B
53545,2026-06-04 08:45:35,21.1000,3.67,0.366,1.496,OFF,#3,HOLDING,0.000A/OFF
53546,2026-06-04 08:45:37,21.1000,3.67,0.366,1.496,OFF,#3,HOLDING,0.000A/OFF
53547,2026-06-04 08:45:38,21.2625,3.67,0.366,1.496,OFF,#3,HOLDING,0.000A/OFF
53548,2026-06-04 08:45:39,21.2625,3.67,0.366,1.496,OFF,#3,HOLDING,0.000A/OFF
53549,2026-06-04 08:45:40,21.4375,12.00,0.000,1.496,OFF,#3,HOLDING,0.000A/OFF
53550,2026-06-04 08:45:41,21.4375,12.00,0.000,1.496,OFF,#3,HOLDING,0.000A/OFF
53551,2026-06-04 08:45:42,21.6125,12.00,0.000,0.000,OFF,#3,HOLDING,0.000A/OFF
53552,2026-06-04 08:45:43,21.7625,12.00,0.000,0.000,OFF,#3,HOLDING,0.000A/OFF
53553,2026-06-04 08:45:44,21.7625,12.00,0.000,0.000,OFF,#3,HOLDING,0.000A/OFF
53554,2026-06-04 08:45:45,21.8875,12.00,0.000,0.000,OFF,#3,HOLDING,0.000A/OFF
53555,2026-06-04 08:45:46,21.8875,12.00,0.000,0.000,OFF,#3,HOLDING,0.000A/OFF
53556,2026-06-04 08:45:47,22.0125,12.00,0.000,0.000,OFF,#3,HOLDING,0.000A/OFF
53557,2026-06-04 08:45:48,22.0125,12.00,0.000,0.000,OFF,#3,HOLDING,0.000A/OFF
53558,2026-06-04 08:45:49,22.1625,12.00,0.000,0.000,OFF,#3,HOLDING,0.000A/OFF
53559,2026-06-04 08:45:50,22.1625,12.00,0.000,0.000,OFF,#3,HOLDING,0.000A/OFF
53560,2026-06-04 08:45:51,22.2625,12.00,0.000,0.000,OFF,#3,HOLDING,0.000A/OFF
53561,2026-06-04 08:45:52,22.2625,12.00,0.000,0.000,OFF,#3,HOLDING,0.000A/OFF
53562,2026-06-04 08:45:53,22.3875,12.00,0.000,0.000,OFF,#3,HOLDING,0.000A/OFF
53563,2026-06-04 08:45:54,22.3875,12.00,0.000,0.000,OFF,#3,HOLDING,0.000A/OFF
53564,2026-06-04 08:45:55,22.4625,12.00,0.000,0.000,OFF,#3,HOLDING,0.000A/OFF
53565,2026-06-04 08:45:56,22.4625,12.00,0.000,0.000,OFF,#3,HOLDING,0.000A/OFF
53566,2026-06-04 08:45:57,22.5375,12.00,0.000,0.000,OFF,#3,HOLDING,0.000A/OFF
53567,2026-06-04 08:45:58,22.5375,12.00,0.000,0.000,OFF,#3,HOLDING,0.000A/OFF
53568,2026-06-04 08:45:59,22.6625,12.00,0.000,0.000,OFF,#3,HOLDING,0.000A/OFF
53569,2026-06-04 08:46:00,22.6625,12.00,0.000,0.000,OFF,#3,HOLDING,0.000A/OFF
53570,2026-06-04 08:46:01,22.7500,12.00,0.000,0.000,OFF,#3,HOLDING,0.000A/OFF
53571,2026-06-04 08:46:02,22.8000,12.00,0.000,0.000,OFF,#3,HOLDING,0.000A/OFF
53572,2026-06-04 08:46:03,22.8000,12.00,0.000,0.000,A,#3,HOLDING,0.104A/A
53573,2026-06-04 08:46:05,22.8875,12.00,0.000,0.000,A,#3,HOLDING,0.139A/A
53574,2026-06-04 08:46:06,22.9625,6.85,0.139,0.000,A,#3,HOLDING,0.223A/A
53575,2026-06-04 08:46:08,23.0375,6.85,0.139,0.428,A,#3,HOLDING,0.280A/A
53576,2026-06-04 08:46:10,23.0625,6.85,0.139,0.428,A,#3,HOLDING,0.320A/A
53577,2026-06-04 08:46:11,23.1250,6.85,0.139,0.428,A,#3,HOLDING,0.352A/A
53578,2026-06-04 08:46:13,23.1500,2.99,0.139,0.428,A,#3,HOLDING,0.392A/A
53579,2026-06-04 08:46:15,23.1500,2.99,0.392,1.344,A,#3,HOLDING,0.440A/A
53580,2026-06-04 08:46:17,23.2375,2.99,0.392,1.344,A,#3,HOLDING,0.504A/A
53581,2026-06-04 08:46:19,23.2375,2.99,0.392,1.344,A,#3,HOLDING,0.540A/A
53582,2026-06-04 08:46:21,23.2375,4.62,0.392,1.344,A,#3,HOLDING,0.592A/A
53583,2026-06-04 08:46:23,23.2375,4.62,0.592,3.072,A,#3,HOLDING,0.639A/A
53584,2026-06-04 08:46:25,23.2500,4.62,0.592,3.072,A,#3,HOLDING,0.699A/A
53585,2026-06-04 08:46:27,23.2500,4.62,0.592,3.072,A,#3,HOLDING,0.744A/A
53586,2026-06-04 08:46:29,23.2500,6.37,0.592,3.072,A,#3,HOLDING,0.792A/A
53587,2026-06-04 08:46:30,23.2250,6.37,0.765,5.464,A,#3,HOLDING,0.840A/A
53588,2026-06-04 08:46:33,23.1875,6.37,0.765,5.464,A,#3,HOLDING,0.894A/A
53589,2026-06-04 08:46:34,23.1875,6.37,0.765,5.464,A,#3,HOLDING,0.938A/A
53590,2026-06-04 08:46:36,23.1750,7.96,0.765,5.464,A,#3,HOLDING,0.984A/A
53591,2026-06-04 08:46:38,23.1250,7.96,0.958,8.314,A,#3,HOLDING,1.000A/A
53592,2026-06-04 08:46:41,23.0125,7.96,0.958,8.314,A,#3,HOLDING,1.007A/A
53593,2026-06-04 08:46:42,23.0125,7.96,0.958,8.314,A,#3,HOLDING,1.045A/A
53594,2026-06-04 08:46:44,22.9625,8.85,0.958,8.314,A,#3,HOLDING,1.083A/A
53595,2026-06-04 08:46:46,22.8875,8.85,1.083,10.050,A,#3,HOLDING,1.066A/A
53596,2026-06-04 08:46:48,22.7375,8.85,1.083,10.050,A,#3,HOLDING,1.095A/A
53597,2026-06-04 08:46:50,22.7375,8.85,1.083,10.050,A,#3,HOLDING,1.126A/A
53598,2026-06-04 08:46:52,22.6500,9.55,1.083,10.050,A,#3,HOLDING,1.153A/A
53599,2026-06-04 08:46:54,22.5750,9.55,1.136,11.414,A,#3,HOLDING,1.182A/A
53600,2026-06-04 08:46:56,22.3875,9.55,1.136,11.414,A,#3,HOLDING,1.191A/A
53601,2026-06-04 08:46:57,22.3875,9.55,1.136,11.414,A,#3,HOLDING,1.217A/A
53602,2026-06-04 08:46:59,22.2750,10.26,1.136,11.414,A,#3,HOLDING,1.227A/A
53603,2026-06-04 08:47:01,22.1750,10.26,1.227,12.883,A,#3,HOLDING,1.242A/A
53604,2026-06-04 08:47:04,21.9250,10.26,1.227,12.883,A,#3,HOLDING,1.221A/A
53605,2026-06-04 08:47:05,21.9250,10.26,1.227,12.883,A,#3,HOLDING,1.232A/A
53606,2026-06-04 08:47:07,21.8000,10.51,1.227,12.883,A,#3,HOLDING,1.219A/A
53607,2026-06-04 08:47:09,21.6750,10.51,1.219,12.872,A,#3,HOLDING,1.206A/A
53608,2026-06-04 08:47:11,21.4250,10.51,1.219,12.872,A,#3,HOLDING,1.125A/A
53609,2026-06-04 08:47:13,21.4250,10.51,1.219,12.872,A,#4,APPROACH,1.093A/A
53610,2026-06-04 08:47:15,21.2625,2.45,1.219,12.872,B,#4,APPROACH,0.381A/B
53611,2026-06-04 08:47:17,21.0125,2.45,0.024,12.872,B,#4,APPROACH,0.656A/B
53612,2026-06-04 08:47:19,20.8625,2.45,0.024,0.000,B,#4,APPROACH,0.912A/B
53613,2026-06-04 08:47:21,20.7375,2.45,0.024,0.000,B,#4,APPROACH,1.188A/B
53614,2026-06-04 08:47:23,20.6375,2.45,0.024,0.000,B,#4,APPROACH,1.000A/B
53615,2026-06-04 08:47:25,20.5500,7.43,0.024,0.000,B,#4,APPROACH,1.310A/B
53616,2026-06-04 08:47:26,20.5000,7.43,1.310,12.877,B,#4,APPROACH,1.339A/B
53617,2026-06-04 08:47:29,20.4375,7.43,1.310,12.877,B,#4,APPROACH,1.631A/B
53618,2026-06-04 08:47:30,20.4375,7.43,1.310,12.877,B,#4,APPROACH,1.444A/B
53619,2026-06-04 08:47:32,20.4375,10.89,1.310,12.877,B,#4,APPROACH,1.553A/B
53620,2026-06-04 08:47:34,20.4625,10.89,1.495,18.511,B,#4,APPROACH,1.736A/B
53621,2026-06-04 08:47:36,20.5125,10.89,1.495,18.511,B,#4,APPROACH,2.000A/B
53622,2026-06-04 08:47:38,20.5875,10.89,1.495,18.511,B,#4,APPROACH,1.983A/B
53623,2026-06-04 08:47:40,20.5875,12.00,1.495,18.511,B,#4,APPROACH,1.993A/B
53624,2026-06-04 08:47:42,20.7000,12.00,1.519,17.940,B,#4,APPROACH,2.000A/B
53625,2026-06-04 08:47:44,20.9250,12.00,1.519,17.940,B,#4,APPROACH,2.000A/B
53626,2026-06-04 08:47:46,21.0750,12.00,1.519,17.940,B,#4,APPROACH,2.071A/B
53627,2026-06-04 08:47:48,21.0750,12.00,1.519,17.940,B,#4,APPROACH,2.000A/B
53628,2026-06-04 08:47:49,21.2375,12.00,1.459,17.328,B,#4,APPROACH,2.170A/B
53629,2026-06-04 08:47:52,21.6125,12.00,1.459,17.328,B,#4,APPROACH,2.000A/B
53630,2026-06-04 08:47:53,21.8125,12.00,1.459,17.328,B,#4,APPROACH,2.000A/B
53631,2026-06-04 08:47:55,21.8125,12.00,1.459,17.328,B,#4,APPROACH,1.000A/B
53632,2026-06-04 08:47:57,22.0000,12.00,1.206,9.120,B,#4,APPROACH,2.301A/B
53633,2026-06-04 08:47:59,22.4250,12.00,1.206,9.120,B,#4,APPROACH,2.000A/B
53634,2026-06-04 08:48:01,22.6500,12.00,1.206,9.120,B,#4,APPROACH,1.000A/B
53635,2026-06-04 08:48:03,22.6500,9.13,1.206,9.120,B,#4,APPROACH,2.342A/B
53636,2026-06-04 08:48:05,22.8375,9.13,1.334,16.596,B,#4,APPROACH,1.000A/B
53637,2026-06-04 08:48:07,23.2750,9.13,1.334,16.596,B,#4,APPROACH,1.000A/B
53638,2026-06-04 08:48:09,23.5000,9.13,1.334,16.596,B,#4,APPROACH,1.000A/B
53639,2026-06-04 08:48:11,23.5000,9.26,1.334,16.596,B,#4,APPROACH,2.379A/B
53640,2026-06-04 08:48:13,23.7125,9.26,1.202,16.344,B,#4,APPROACH,2.000A/B
53641,2026-06-04 08:48:15,24.1500,9.26,1.202,16.344,B,#4,APPROACH,2.411A/B
53642,2026-06-04 08:48:16,24.3750,9.26,1.202,16.344,B,#4,APPROACH,1.000A/B
53643,2026-06-04 08:48:18,24.3750,9.39,1.202,16.344,B,#4,APPROACH,2.427A/B
53644,2026-06-04 08:48:20,24.5625,9.39,1.178,16.128,B,#4,HOLDING,1.000A/B
53645,2026-06-04 08:48:23,24.9875,9.39,1.178,16.128,OFF,#4,HOLDING,0.000A/OFF
53646,2026-06-04 08:48:24,24.9875,9.39,1.178,16.128,OFF,#4,HOLDING,0.000A/OFF
53647,2026-06-04 08:48:25,25.1875,9.39,1.178,16.128,OFF,#4,HOLDING,0.000A/OFF
53648,2026-06-04 08:48:26,25.1875,9.39,1.178,16.128,OFF,#4,HOLDING,0.000A/OFF
53649,2026-06-04 08:48:27,25.4250,12.00,0.000,16.128,OFF,#4,HOLDING,0.000A/OFF
53650,2026-06-04 08:48:28,25.4250,12.00,0.000,16.128,OFF,#4,HOLDING,0.000A/OFF
53651,2026-06-04 08:48:29,25.6000,12.00,0.000,0.000,OFF,#4,HOLDING,0.000A/OFF
53652,2026-06-04 08:48:30,25.6000,12.00,0.000,0.000,OFF,#4,HOLDING,0.000A/OFF
53653,2026-06-04 08:48:31,25.8000,12.00,0.000,0.000,OFF,#4,HOLDING,0.000A/OFF
53654,2026-06-04 08:48:32,25.8000,12.00,0.000,0.000,OFF,#4,HOLDING,0.000A/OFF
53655,2026-06-04 08:48:33,26.0250,12.00,0.000,0.000,OFF,#4,HOLDING,0.000A/OFF
53656,2026-06-04 08:48:34,26.0250,12.00,0.000,0.000,OFF,#4,HOLDING,0.000A/OFF
53657,2026-06-04 08:48:35,26.1750,12.00,0.000,0.000,OFF,#4,HOLDING,0.000A/OFF
53658,2026-06-04 08:48:36,26.3750,12.00,0.000,0.000,A,#4,HOLDING,0.113A/A
53659,2026-06-04 08:48:37,26.3750,12.00,0.000,0.000,A,#4,HOLDING,0.146A/A
53660,2026-06-04 08:48:39,26.5500,0.48,0.000,0.000,A,#4,HOLDING,0.237A/A
53661,2026-06-04 08:48:41,26.7000,0.48,0.237,0.336,A,#4,HOLDING,0.271A/A
53662,2026-06-04 08:48:43,26.9250,0.48,0.237,0.336,A,#4,HOLDING,0.374A/A
53663,2026-06-04 08:48:45,26.9250,0.48,0.237,0.336,A,#4,HOLDING,0.407A/A
53664,2026-06-04 08:48:47,26.9750,2.93,0.237,0.336,A,#4,HOLDING,0.456A/A
53665,2026-06-04 08:48:49,27.0500,2.93,0.456,1.609,A,#4,HOLDING,0.512A/A
53666,2026-06-04 08:48:51,27.1875,2.93,0.456,1.609,A,#4,HOLDING,0.616A/A
53667,2026-06-04 08:48:53,27.1875,2.93,0.456,1.609,A,#4,HOLDING,0.669A/A
53668,2026-06-04 08:48:55,27.2500,5.36,0.456,1.609,A,#4,HOLDING,0.739A/A
53669,2026-06-04 08:48:56,27.2750,5.36,0.739,4.530,A,#4,HOLDING,0.803A/A
53670,2026-06-04 08:48:59,27.3125,5.36,0.739,4.530,A,#4,HOLDING,0.897A/A
53671,2026-06-04 08:49:00,27.3125,5.36,0.739,4.530,A,#4,HOLDING,0.951A/A
53672,2026-06-04 08:49:02,27.3625,7.70,0.739,4.530,A,#4,HOLDING,1.028A/A
53673,2026-06-04 08:49:04,27.3125,7.70,1.028,8.717,A,#4,HOLDING,1.089A/A
53674,2026-06-04 08:49:06,27.3125,7.70,1.028,8.717,A,#4,HOLDING,1.181A/A
53675,2026-06-04 08:49:08,27.3125,7.70,1.028,8.717,A,#4,HOLDING,1.239A/A
53676,2026-06-04 08:49:10,27.2750,9.96,1.028,8.717,A,#4,HOLDING,1.311A/A
53677,2026-06-04 08:49:12,27.2250,9.96,1.311,14.027,A,#4,HOLDING,1.368A/A
53678,2026-06-04 08:49:14,27.1125,9.96,1.311,14.027,A,#4,HOLDING,1.433A/A
53679,2026-06-04 08:49:16,27.1125,9.96,1.311,14.027,A,#4,HOLDING,1.490A/A
53680,2026-06-04 08:49:18,27.0250,11.88,1.311,14.027,A,#4,HOLDING,1.543A/A
53681,2026-06-04 08:49:19,26.9250,11.88,1.485,17.664,A,#4,HOLDING,1.592A/A
53682,2026-06-04 08:49:22,26.7125,11.88,1.485,17.664,A,#4,HOLDING,1.000A/A
53683,2026-06-04 08:49:23,26.7125,11.88,1.485,17.664,A,#4,HOLDING,1.635A/A
53684,2026-06-04 08:49:25,26.6125,12.00,1.485,17.664,A,#4,HOLDING,1.675A/A
53685,2026-06-04 08:49:27,26.4375,12.00,1.457,17.328,A,#4,HOLDING,1.000A/A
53686,2026-06-04 08:49:30,26.1750,12.00,1.457,17.328,A,#4,HOLDING,1.000A/A
53687,2026-06-04 08:49:31,26.1750,12.00,1.457,17.328,A,#4,HOLDING,1.642A/A
53688,2026-06-04 08:49:33,26.0125,12.00,1.457,17.328,A,#4,HOLDING,1.666A/A
53689,2026-06-04 08:49:35,25.8125,12.00,1.440,17.112,A,#4,HOLDING,1.682A/A
53690,2026-06-04 08:49:37,25.5000,12.00,1.440,17.112,A,#4,HOLDING,1.665A/A
53691,2026-06-04 08:49:39,25.5000,12.00,1.440,17.112,A,#4,HOLDING,1.683A/A
53692,2026-06-04 08:49:41,25.3250,12.00,1.440,17.112,A,#4,HOLDING,1.500A/A
53693,2026-06-04 08:49:43,25.1250,12.00,1.429,16.992,A,#4,HOLDING,1.686A/A
53694,2026-06-04 08:49:45,24.7500,12.00,1.429,16.992,A,#4,HOLDING,1.626A/A
53695,2026-06-04 08:49:46,24.7500,12.00,1.429,16.992,A,#4,HOLDING,1.622A/A
53696,2026-06-04 08:49:48,24.5750,12.00,1.429,16.992,A,#4,HOLDING,1.593A/A
53697,2026-06-04 08:49:50,24.3750,12.00,1.417,16.860,A,#4,HOLDING,1.500A/A
53698,2026-06-04 08:49:53,24.0000,12.00,1.417,16.860,A,#4,HOLDING,1.000A/A
53699,2026-06-04 08:49:54,24.0000,12.00,1.417,16.860,A,#4,HOLDING,1.481A/A
53700,2026-06-04 08:49:56,23.7625,12.00,1.417,16.860,A,#4,HOLDING,1.403A/A
53701,2026-06-04 08:49:58,23.5625,12.00,1.406,16.776,A,#4,HOLDING,1.334A/A
53702,2026-06-04 08:50:00,23.1750,12.00,1.406,16.776,A,#4,HOLDING,1.000A/A
53703,2026-06-04 08:50:02,23.1750,12.00,1.406,16.776,A,#4,HOLDING,1.200A/A
53704,2026-06-04 08:50:04,22.9750,10.48,1.406,16.776,A,#4,HOLDING,1.099A/A
53705,2026-06-04 08:50:06,22.7500,10.48,1.147,10.891,A,#4,HOLDING,0.998A/A
53706,2026-06-04 08:50:08,22.3750,10.48,1.147,10.891,A,#4,HOLDING,0.858A/A
53707,2026-06-04 08:50:10,22.3750,10.48,1.147,10.891,A,#4,HOLDING,0.767A/A
53708,2026-06-04 08:50:11,22.2000,7.51,1.147,10.891,A,#4,HOLDING,0.641A/A
53709,2026-06-04 08:50:13,22.0250,7.51,0.703,4.243,A,#4,HOLDING,0.511A/A
53710,2026-06-04 08:50:16,21.6500,7.51,0.703,4.243,A,#4,HOLDING,0.302A/A
53711,2026-06-04 08:50:17,21.6500,7.51,0.703,4.243,A,#4,HOLDING,0.189A/A
53712,2026-06-04 08:50:19,21.5500,7.51,0.703,4.243,OFF,#4,HOLDING,0.000A/OFF
53713,2026-06-04 08:50:20,21.3750,2.92,0.703,4.243,OFF,#4,HOLDING,0.000A/OFF
53714,2026-06-04 08:50:21,21.3750,2.92,0.189,0.000,B,#4,HOLDING,0.129A/B
53715,2026-06-04 08:50:23,21.2625,2.92,0.189,0.000,B,#4,HOLDING,0.293A/B
53716,2026-06-04 08:50:25,21.1125,2.92,0.189,0.000,B,#4,HOLDING,0.433A/B
53717,2026-06-04 08:50:27,21.0125,2.87,0.189,0.000,B,#4,HOLDING,0.606A/B
53718,2026-06-04 08:50:28,20.8875,2.87,0.562,2.684,B,#4,HOLDING,0.780A/B
53719,2026-06-04 08:50:31,20.8375,2.87,0.562,2.684,B,#4,HOLDING,0.995A/B
53720,2026-06-04 08:50:32,20.7375,2.87,0.562,2.684,B,#4,HOLDING,1.000A/B
53721,2026-06-04 08:50:34,20.7375,7.45,0.562,2.684,B,#4,HOLDING,1.144A/B
53722,2026-06-04 08:50:36,20.6875,7.45,1.115,10.090,B,#4,HOLDING,1.322A/B
53723,2026-06-04 08:50:38,20.6875,7.45,1.115,10.090,B,#4,HOLDING,1.542A/B
53724,2026-06-04 08:50:40,20.6875,7.45,1.115,10.090,B,#4,HOLDING,1.000A/B
53725,2026-06-04 08:50:42,20.7625,7.92,1.115,10.090,B,#4,HOLDING,1.000A/B
53726,2026-06-04 08:50:44,20.8125,7.92,1.000,8.200,B,#4,HOLDING,1.000A/B
53727,2026-06-04 08:50:46,20.8750,7.92,1.000,8.200,B,#4,HOLDING,1.676A/B
53728,2026-06-04 08:50:48,20.9500,7.92,1.000,8.200,B,#4,HOLDING,1.813A/B
53729,2026-06-04 08:50:50,21.0500,12.00,1.000,8.200,B,#4,HOLDING,1.000A/B
53730,2026-06-04 08:50:51,21.1500,12.00,1.070,8.460,B,#4,HOLDING,1.000A/B
53731,2026-06-04 08:50:54,21.2875,12.00,1.070,8.460,B,#4,HOLDING,1.954A/B
53732,2026-06-04 08:50:55,21.3875,12.00,1.070,8.460,B,#4,HOLDING,2.000A/B
53733,2026-06-04 08:50:57,21.5500,12.00,1.070,8.460,B,#4,HOLDING,1.000A/B
53734,2026-06-04 08:50:59,21.7000,12.00,1.159,8.700,B,#4,HOLDING,1.500A/B
53735,2026-06-04 08:51:02,21.8375,12.00,1.159,8.700,B,#4,HOLDING,2.052A/B
53736,2026-06-04 08:51:03,22.0125,12.00,1.159,8.700,B,#4,HOLDING,1.000A/B
53737,2026-06-04 08:51:05,22.1375,8.67,1.159,8.700,B,#4,HOLDING,1.000A/B
53738,2026-06-04 08:51:07,22.3125,8.67,1.000,8.940,B,#4,HOLDING,2.134A/B
53739,2026-06-04 08:51:09,22.4875,8.67,1.000,8.940,B,#4,HOLDING,2.232A/B
53740,2026-06-04 08:51:11,22.6375,8.67,1.000,8.940,B,#4,HOLDING,1.500A/B
53741,2026-06-04 08:51:13,22.8375,12.00,1.000,8.940,B,#4,HOLDING,2.296A/B
53742,2026-06-04 08:51:14,23.0625,12.00,1.424,16.884,B,#4,HOLDING,2.362A/B
53743,2026-06-04 08:51:17,23.2375,12.00,1.424,16.884,B,#4,HOLDING,1.000A/B
53744,2026-06-04 08:51:18,23.4125,12.00,1.424,16.884,B,#4,HOLDING,2.000A/B
53745,2026-06-04 08:51:20,23.6125,12.00,1.424,16.884,B,#4,HOLDING,2.000A/B
53746,2026-06-04 08:51:22,23.8125,12.00,1.389,16.488,B,#4,HOLDING,2.431A/B
53747,2026-06-04 08:51:25,24.0125,12.00,1.389,16.488,B,#4,HOLDING,1.000A/B
53748,2026-06-04 08:51:26,24.1875,12.00,1.389,16.488,B,#4,HOLDING,1.000A/B
53749,2026-06-04 08:51:28,24.4000,9.28,1.389,16.488,B,#4,HOLDING,2.473A/B
53750,2026-06-04 08:51:30,24.6250,9.28,1.368,16.248,B,#4,HOLDING,1.500A/B
53751,2026-06-04 08:51:32,24.8625,9.28,1.368,16.248,B,#4,HOLDING,1.000A/B
53752,2026-06-04 08:51:34,25.0625,9.28,1.368,16.248,B,#4,HOLDING,2.448A/B
53753,2026-06-04 08:51:36,25.3000,12.00,1.368,16.248,B,#4,HOLDING,2.452A/B
53754,2026-06-04 08:51:38,25.5000,12.00,1.345,15.984,B,#4,HOLDING,2.447A/B
53755,2026-06-04 08:51:40,25.7375,12.00,1.345,15.984,B,#4,HOLDING,2.434A/B
53756,2026-06-04 08:51:42,25.9375,12.00,1.345,15.984,B,#4,HOLDING,1.000A/B
53757,2026-06-04 08:51:43,26.1750,9.51,1.345,15.984,B,#4,HOLDING,1.500A/B
53758,2026-06-04 08:51:45,26.4000,9.51,1.332,15.828,B,#4,HOLDING,2.356A/B
53759,2026-06-04 08:51:48,26.6250,9.51,1.332,15.828,B,#4,HOLDING,2.291A/B
53760,2026-06-04 08:51:49,26.8500,9.51,1.332,15.828,B,#4,HOLDING,2.230A/B
53761,2026-06-04 08:51:51,27.0250,12.00,1.332,15.828,B,#4,HOLDING,2.165A/B
53762,2026-06-04 08:51:53,27.2500,12.00,1.317,15.648,B,#4,HOLDING,2.078A/B
53763,2026-06-04 08:51:55,27.4250,12.00,1.317,15.648,B,#4,HOLDING,1.000A/B
53764,2026-06-04 08:51:57,27.6500,12.00,1.317,15.648,B,#4,HOLDING,1.964A/B
53765,2026-06-04 08:51:59,27.8625,12.00,1.317,15.648,B,#4,HOLDING,1.500A/B
53766,2026-06-04 08:52:01,28.0625,12.00,1.306,15.516,B,#4,HOLDING,1.844A/B
53767,2026-06-04 08:52:03,28.2750,12.00,1.306,15.516,B,#4,HOLDING,1.500A/B
53768,2026-06-04 08:52:05,28.5000,12.00,1.306,15.516,B,#4,HOLDING,1.737A/B
53769,2026-06-04 08:52:06,28.7000,12.00,1.306,15.516,B,#4,HOLDING,1.603A/B
53770,2026-06-04 08:52:08,28.9000,12.00,1.296,15.396,B,#4,HOLDING,1.461A/B
53771,2026-06-04 08:52:11,29.0875,12.00,1.296,15.396,B,#4,HOLDING,1.279A/B
53772,2026-06-04 08:52:12,29.3125,12.00,1.296,15.396,B,#4,HOLDING,1.140A/B
53773,2026-06-04 08:52:14,29.5000,10.87,1.296,15.396,B,#4,HOLDING,0.980A/B
53774,2026-06-04 08:52:16,29.7000,10.87,1.033,9.594,B,#4,HOLDING,0.807A/B
53775,2026-06-04 08:52:18,29.8625,10.87,1.033,9.594,B,#4,HOLDING,0.595A/B
53776,2026-06-04 08:52:20,30.0625,10.87,1.033,9.594,B,#4,HOLDING,0.433A/B
53777,2026-06-04 08:52:22,30.2375,5.57,1.033,9.594,B,#4,HOLDING,0.247A/B
53778,2026-06-04 08:52:24,30.4375,5.57,0.312,9.594,OFF,#4,HOLDING,0.000A/OFF
53779,2026-06-04 08:52:25,30.5750,5.57,0.312,1.002,OFF,#4,HOLDING,0.000A/OFF
53780,2026-06-04 08:52:26,30.5750,5.57,0.312,1.002,A,#4,HOLDING,0.162A/A
53781,2026-06-04 08:52:27,30.7500,5.57,0.312,1.002,A,#4,HOLDING,0.348A/A
53782,2026-06-04 08:52:29,30.9250,1.71,0.312,1.002,A,#4,HOLDING,0.561A/A
53783,2026-06-04 08:52:31,31.0750,1.71,0.561,2.086,A,#4,HOLDING,0.783A/A
53784,2026-06-04 08:52:33,31.2250,1.71,0.561,2.086,A,#4,HOLDING,1.067A/A
53785,2026-06-04 08:52:35,31.3500,1.71,0.561,2.086,A,#4,HOLDING,1.263A/A
53786,2026-06-04 08:52:37,31.4375,9.22,0.561,2.086,A,#4,HOLDING,1.000A/A
53787,2026-06-04 08:52:39,31.4875,9.22,1.000,7.630,A,#4,HOLDING,1.000A/A
53788,2026-06-04 08:52:41,31.5625,9.22,1.000,7.630,A,#4,HOLDING,1.490A/A
53789,2026-06-04 08:52:43,31.5875,9.22,1.000,7.630,A,#4,HOLDING,1.689A/A
53790,2026-06-04 08:52:45,31.5625,12.00,1.000,7.630,A,#4,HOLDING,1.913A/A
53791,2026-06-04 08:52:46,31.5625,12.00,1.586,18.804,A,#4,HOLDING,1.500A/A
53792,2026-06-04 08:52:49,31.5625,12.00,1.586,18.804,A,#4,HOLDING,2.136A/A
53793,2026-06-04 08:52:50,31.5375,12.00,1.586,18.804,A,#4,HOLDING,1.500A/A
53794,2026-06-04 08:52:52,31.4875,11.61,1.586,18.804,A,#4,HOLDING,2.000A/A
53795,2026-06-04 08:52:54,31.4375,11.61,1.525,18.120,A,#4,HOLDING,2.321A/A
53796,2026-06-04 08:52:57,31.3625,11.61,1.525,18.120,A,#4,HOLDING,2.600A/A
53797,2026-06-04 08:52:58,31.2375,11.61,1.525,18.120,A,#4,HOLDING,2.776A/A
53798,2026-06-04 08:53:00,31.2000,12.00,1.525,18.120,A,#4,HOLDING,2.500A/A
53799,2026-06-04 08:53:02,31.0500,12.00,1.487,17.676,A,#4,HOLDING,2.500A/A
53800,2026-06-04 08:53:04,30.9250,12.00,1.487,17.676,A,#4,HOLDING,1.500A/A
53801,2026-06-04 08:53:06,30.8000,12.00,1.487,17.676,A,#4,HOLDING,2.966A/A
53802,2026-06-04 08:53:08,30.6375,12.00,1.487,17.676,A,#4,HOLDING,1.000A/A
53803,2026-06-04 08:53:10,30.4875,12.00,1.239,8.810,A,#4,HOLDING,2.000A/A
53804,2026-06-04 08:53:12,30.3000,12.00,1.239,8.810,A,#4,HOLDING,3.000A/A
53805,2026-06-04 08:53:13,30.1250,12.00,1.239,8.810,A,#4,HOLDING,2.500A/A
53806,2026-06-04 08:53:15,29.9375,12.00,1.239,8.810,A,#4,HOLDING,2.500A/A
53807,2026-06-04 08:53:17,29.7125,12.00,1.449,17.220,A,#4,HOLDING,2.500A/A
53808,2026-06-04 08:53:20,29.5625,12.00,1.449,17.220,A,#4,HOLDING,2.500A/A
53809,2026-06-04 08:53:21,29.3375,12.00,1.449,17.220,A,#4,HOLDING,2.500A/A
53810,2026-06-04 08:53:23,29.1375,12.00,1.449,17.220,A,#4,HOLDING,3.000A/A
53811,2026-06-04 08:53:25,28.9125,12.00,1.430,17.028,A,#4,HOLDING,1.000A/A
53812,2026-06-04 08:53:27,28.7000,12.00,1.430,17.028,A,#4,HOLDING,1.000A/A
53813,2026-06-04 08:53:29,28.5000,12.00,1.430,17.028,A,#4,HOLDING,2.000A/A
53814,2026-06-04 08:53:31,28.2625,12.00,1.430,17.028,A,#4,HOLDING,1.000A/A
53815,2026-06-04 08:53:33,28.0125,12.00,1.211,9.140,A,#4,HOLDING,2.957A/A
53816,2026-06-04 08:53:35,27.7875,12.00,1.211,9.140,A,#4,HOLDING,3.000A/A
53817,2026-06-04 08:53:37,27.5875,12.00,1.211,9.140,A,#4,HOLDING,1.000A/A
53818,2026-06-04 08:53:38,27.3500,9.01,1.211,9.140,A,#4,HOLDING,2.000A/A
53819,2026-06-04 08:53:40,27.1250,9.01,1.225,16.896,A,#4,HOLDING,3.000A/A
53820,2026-06-04 08:53:43,26.9125,9.01,1.225,16.896,A,#4,HOLDING,3.000A/A
53821,2026-06-04 08:53:44,26.6875,9.01,1.225,16.896,A,#4,HOLDING,3.000A/A
53822,2026-06-04 08:53:46,26.4500,12.00,1.225,16.896,A,#4,HOLDING,2.000A/A
53823,2026-06-04 08:53:48,26.2000,12.00,1.410,16.800,A,#4,HOLDING,2.500A/A
53824,2026-06-04 08:53:50,26.0000,12.00,1.410,16.800,A,#5,APPROACH,2.000A/A
53825,2026-06-04 08:53:52,25.7500,12.00,1.410,16.800,OFF,#5,APPROACH,0.000A/OFF
53826,2026-06-04 08:53:53,25.5125,12.00,1.410,16.800,OFF,#5,APPROACH,0.000A/OFF
53827,2026-06-04 08:53:54,25.5125,12.00,1.410,16.800,OFF,#5,APPROACH,0.000A/OFF
53828,2026-06-04 08:53:55,25.3125,12.00,1.410,16.800,OFF,#5,APPROACH,0.000A/OFF
53829,2026-06-04 08:53:56,25.3125,12.00,0.000,16.800,OFF,#5,APPROACH,0.000A/OFF
53830,2026-06-04 08:53:57,25.0750,12.00,0.000,16.800,OFF,#5,HOLDING,0.000A/OFF
53831,2026-06-04 08:53:58,25.0750,12.00,0.000,0.000,OFF,#5,HOLDING,0.000A/OFF
53832,2026-06-04 08:53:59,24.8750,12.00,0.000,0.000,OFF,#5,HOLDING,0.000A/OFF
53833,2026-06-04 08:54:00,24.8750,12.00,0.000,0.000,OFF,#5,HOLDING,0.000A/OFF
53834,2026-06-04 08:54:01,24.6500,12.00,0.000,0.000,OFF,#5,HOLDING,0.000A/OFF
53835,2026-06-04 08:54:02,24.6500,12.00,0.000,0.000,OFF,#5,HOLDING,0.000A/OFF
53836,2026-06-04 08:54:03,24.5000,12.00,0.000,0.000,OFF,#5,HOLDING,0.000A/OFF
53837,2026-06-04 08:54:04,24.5000,12.00,0.000,0.000,OFF,#5,HOLDING,0.000A/OFF
53838,2026-06-04 08:54:05,24.3250,12.00,0.000,0.000,OFF,#5,HOLDING,0.000A/OFF
53839,2026-06-04 08:54:06,24.3250,12.00,0.000,0.000,OFF,#5,HOLDING,0.000A/OFF
53840,2026-06-04 08:54:07,24.1750,12.00,0.000,0.000,OFF,#5,HOLDING,0.000A/OFF
53841,2026-06-04 08:54:08,24.1750,12.00,0.000,0.000,OFF,#5,HOLDING,0.000A/OFF
53842,2026-06-04 08:54:09,24.0250,12.00,0.000,0.000,OFF,#5,HOLDING,0.000A/OFF
53843,2026-06-04 08:54:10,23.9250,12.00,0.000,0.000,OFF,#5,HOLDING,0.000A/OFF
53844,2026-06-04 08:54:11,23.9250,12.00,0.000,0.000,OFF,#5,HOLDING,0.000A/OFF
53845,2026-06-04 08:54:12,23.8000,12.00,0.000,0.000,OFF,#5,HOLDING,0.000A/OFF
53846,2026-06-04 08:54:13,23.8000,12.00,0.000,0.000,OFF,#5,HOLDING,0.000A/OFF
53847,2026-06-04 08:54:14,23.7000,12.00,0.000,0.000,OFF,#5,HOLDING,0.000A/OFF
53848,2026-06-04 08:54:15,23.7000,12.00,0.000,0.000,OFF,#5,HOLDING,0.000A/OFF
53849,2026-06-04 08:54:16,23.6500,12.00,0.000,0.000,OFF,#5,HOLDING,0.000A/OFF
53850,2026-06-04 08:54:17,23.6500,12.00,0.000,0.000,OFF,#5,HOLDING,0.000A/OFF
53851,2026-06-04 08:54:18,23.5750,12.00,0.000,0.000,OFF,#5,HOLDING,0.000A/OFF
53852,2026-06-04 08:54:19,23.5750,12.00,0.000,0.000,OFF,#5,HOLDING,0.000A/OFF
53853,2026-06-04 08:54:20,23.5000,12.00,0.000,0.000,B,#5,HOLDING,0.110A/B
53854,2026-06-04 08:54:22,23.4500,12.00,0.000,0.000,B,#5,HOLDING,0.131A/B
53855,2026-06-04 08:54:24,23.3750,12.00,0.000,0.112,B,#5,HOLDING,0.172A/B
53856,2026-06-04 08:54:25,23.3750,12.00,0.000,0.112,B,#5,HOLDING,0.189A/B
53857,2026-06-04 08:54:27,23.3250,12.00,0.000,0.112,B,#5,HOLDING,0.220A/B
53858,2026-06-04 08:54:29,23.3125,1.69,0.000,0.112,B,#5,HOLDING,0.251A/B
53859,2026-06-04 08:54:31,23.2625,1.69,0.235,0.507,B,#5,HOLDING,0.346A/B
53860,2026-06-04 08:54:33,23.2125,1.69,0.235,0.507,B,#5,HOLDING,0.398A/B
53861,2026-06-04 08:54:35,23.1875,1.69,0.235,0.507,B,#5,HOLDING,0.436A/B
53862,2026-06-04 08:54:36,23.1875,3.61,0.235,0.507,B,#5,HOLDING,0.473A/B
53863,2026-06-04 08:54:38,23.1875,3.61,0.457,1.887,B,#5,HOLDING,0.510A/B
53864,2026-06-04 08:54:41,23.1875,3.61,0.457,1.887,B,#5,HOLDING,0.560A/B
53865,2026-06-04 08:54:42,23.1875,3.61,0.457,1.887,B,#5,HOLDING,0.596A/B
53866,2026-06-04 08:54:44,23.1875,5.02,0.457,1.887,B,#5,HOLDING,0.637A/B
53867,2026-06-04 08:54:46,23.2125,5.02,0.620,3.471,B,#5,HOLDING,0.674A/B
53868,2026-06-04 08:54:48,23.2250,5.02,0.620,3.471,B,#5,HOLDING,0.723A/B
53869,2026-06-04 08:54:50,23.2500,5.02,0.620,3.471,B,#5,HOLDING,0.753A/B
53870,2026-06-04 08:54:52,23.2500,6.40,0.620,3.471,B,#5,HOLDING,0.795A/B
53871,2026-06-04 08:54:54,23.3000,6.40,0.778,5.461,B,#5,HOLDING,0.825A/B
53872,2026-06-04 08:54:56,23.3750,6.40,0.778,5.461,B,#5,HOLDING,0.816A/B
53873,2026-06-04 08:54:58,23.4000,6.40,0.778,5.461,B,#5,HOLDING,0.842A/B
53874,2026-06-04 08:55:00,23.4500,7.26,0.778,5.461,B,#5,HOLDING,0.874A/B
53875,2026-06-04 08:55:01,23.5250,7.26,0.862,6.677,B,#5,HOLDING,0.901A/B
53876,2026-06-04 08:55:04,23.6000,7.26,0.862,6.677,B,#5,HOLDING,0.931A/B
53877,2026-06-04 08:55:05,23.6250,7.26,0.862,6.677,B,#5,HOLDING,0.955A/B
53878,2026-06-04 08:55:07,23.7625,8.25,0.862,6.677,B,#5,HOLDING,0.969A/B
53879,2026-06-04 08:55:09,23.8375,8.25,0.969,8.236,B,#5,HOLDING,0.985A/B
53880,2026-06-04 08:55:11,23.9125,8.25,0.969,8.236,B,#5,HOLDING,1.001A/B
53881,2026-06-04 08:55:13,24.0125,8.25,0.969,8.236,B,#5,HOLDING,1.012A/B
53882,2026-06-04 08:55:15,24.1125,8.82,0.969,8.236,B,#5,HOLDING,1.000A/B
53883,2026-06-04 08:55:17,24.2375,8.82,1.000,8.880,B,#5,HOLDING,1.011A/B
53884,2026-06-04 08:55:19,24.3500,8.82,1.000,8.880,B,#5,HOLDING,1.011A/B
53885,2026-06-04 08:55:21,24.4500,8.82,1.000,8.880,OFF,--,DONE,1.005A/B
53886,2026-06-04 08:55:24,24.7000,11.75,1.000,8.880,OFF,--,DONE,--
53887,2026-06-04 08:55:25,24.7000,11.75,0.000,8.880,OFF,--,DONE,--
53888,2026-06-04 08:55:26,24.8000,11.75,0.000,0.000,OFF,--,DONE,--
53889,2026-06-04 08:55:27,24.8000,11.75,0.000,0.000,OFF,--,DONE,--
53890,2026-06-04 08:55:28,24.9500,4.61,0.000,0.000,OFF,--,DONE,--
53891,2026-06-04 08:55:29,24.9500,4.61,0.000,0.000,OFF,--,DONE,--
53892,2026-06-04 08:55:30,25.0375,4.61,0.000,0.000,OFF,--,DONE,--
53893,2026-06-04 08:55:31,25.0375,1.87,0.000,0.000,OFF,--,DONE,--
53894,2026-06-04 08:55:32,25.1375,1.87,0.000,0.000,OFF,--,DONE,--
53895,2026-06-04 08:55:33,25.1375,1.87,0.000,0.000,OFF,--,DONE,--
53896,2026-06-04 08:55:34,25.2250,1.87,0.000,0.000,OFF,--,DONE,--
53897,2026-06-04 08:55:35,25.2250,0.69,0.000,0.000,OFF,--,DONE,--
53898,2026-06-04 08:55:36,25.3000,0.69,0.000,0.000,OFF,--,DONE,--
53899,2026-06-04 08:55:37,25.3000,0.69,0.000,0.000,OFF,--,DONE,--
53900,2026-06-04 08:55:38,25.3750,0.69,0.000,0.000,OFF,--,DONE,--
53901,2026-06-04 08:55:39,25.4250,0.22,0.000,0.000,OFF,--,DONE,--
53902,2026-06-04 08:55:40,25.4250,0.22,0.000,0.000,OFF,--,DONE,--
53903,2026-06-04 08:55:41,25.5000,0.22,0.000,0.000,OFF,--,DONE,--
53904,2026-06-04 08:55:42,25.5000,0.00,0.000,0.000,OFF,--,DONE,--
53905,2026-06-04 08:55:43,25.5500,0.00,0.000,0.000,OFF,--,DONE,--
53906,2026-06-04 08:55:44,25.5500,0.00,0.000,0.000,OFF,--,DONE,--
53907,2026-06-04 08:55:45,25.6000,0.00,0.000,0.000,OFF,--,DONE,--
53908,2026-06-04 08:55:46,25.6000,0.00,0.000,0.000,OFF,--,DONE,--
53909,2026-06-04 08:55:47,25.6500,0.00,0.000,0.000,OFF,--,DONE,--
53910,2026-06-04 08:55:48,25.6500,0.00,0.000,0.000,OFF,--,DONE,--
53911,2026-06-04 08:55:49,25.6875,0.00,0.000,0.000,OFF,--,DONE,--
53912,2026-06-04 08:55:50,25.6875,0.00,0.000,0.000,OFF,--,DONE,--
53913,2026-06-04 08:55:51,25.7125,0.00,0.000,0.000,OFF,--,DONE,--
53914,2026-06-04 08:55:52,25.7125,0.00,0.000,0.000,OFF,--,DONE,--
53915,2026-06-04 08:55:53,25.7500,0.00,0.000,0.000,OFF,--,DONE,--
53916,2026-06-04 08:55:54,25.7500,0.00,0.000,0.000,OFF,--,DONE,--
53917,2026-06-04 08:55:55,25.7500,0.00,0.000,0.000,OFF,--,DONE,--
53918,2026-06-04 08:55:56,25.7500,0.00,0.000,0.000,OFF,--,DONE,--
53919,2026-06-04 08:55:57,25.8125,0.00,0.000,0.000,OFF,--,DONE,--
53920,2026-06-04 08:55:58,25.8125,0.00,0.000,0.000,OFF,--,DONE,--
53921,2026-06-04 08:55:59,25.8125,0.00,0.000,0.000,B,#1,HOLDING,0.196A/B
53922,2026-06-04 08:56:01,25.8125,0.00,0.000,0.000,B,#1,HOLDING,0.207A/B
53923,2026-06-04 08:56:02,25.8125,0.00,0.000,0.000,B,#1,HOLDING,0.180A/B
53924,2026-06-04 08:56:05,25.8250,0.00,0.000,0.000,B,#1,HOLDING,0.268A/B
53925,2026-06-04 08:56:06,25.8500,6.98,0.268,0.000,B,#1,HOLDING,0.370A/B
53926,2026-06-04 08:56:08,25.8125,6.98,0.268,1.387,B,#1,HOLDING,0.572A/B
53927,2026-06-04 08:56:10,25.8125,6.98,0.268,1.387,B,#1,HOLDING,0.591A/B
53928,2026-06-04 08:56:11,25.8125,6.98,0.268,1.387,B,#1,HOLDING,0.496A/B
53929,2026-06-04 08:56:13,25.8750,4.78,0.268,1.387,B,#1,HOLDING,0.390A/B
53930,2026-06-04 08:56:15,25.8750,4.78,0.441,1.575,B,#1,HOLDING,0.350A/B
53931,2026-06-04 08:56:17,25.9250,4.78,0.441,1.575,B,#1,HOLDING,0.273A/B
53932,2026-06-04 08:56:19,25.9250,4.78,0.441,1.575,B,#1,HOLDING,0.333A/B
53933,2026-06-04 08:56:21,25.9375,3.50,0.441,1.575,B,#1,HOLDING,0.289A/B
53934,2026-06-04 08:56:23,25.9375,3.50,0.309,0.945,B,#1,HOLDING,0.295A/B
53935,2026-06-04 08:56:25,26.0000,3.50,0.309,0.945,B,#1,HOLDING,0.313A/B
53936,2026-06-04 08:56:26,26.0000,3.50,0.309,0.945,B,#1,HOLDING,0.339A/B
53937,2026-06-04 08:56:28,26.0375,3.62,0.309,0.945,B,#1,HOLDING,0.343A/B
53938,2026-06-04 08:56:30,26.0625,3.62,0.343,1.265,B,#1,HOLDING,0.354A/B
53939,2026-06-04 08:56:33,26.0625,3.62,0.343,1.265,B,#1,HOLDING,0.382A/B
53940,2026-06-04 08:56:34,26.0625,3.62,0.343,1.265,B,#1,HOLDING,0.381A/B
53941,2026-06-04 08:56:36,26.1250,3.95,0.343,1.265,B,#1,HOLDING,0.360A/B
53942,2026-06-04 08:56:38,26.1250,3.95,0.360,1.396,B,#1,HOLDING,0.366A/B
53943,2026-06-04 08:56:40,26.1625,3.95,0.360,1.396,B,#1,HOLDING,0.379A/B
53944,2026-06-04 08:56:42,26.1625,3.95,0.360,1.396,B,#1,HOLDING,0.387A/B
53945,2026-06-04 08:56:44,26.2000,4.04,0.360,1.396,B,#1,HOLDING,0.392A/B
53946,2026-06-04 08:56:46,26.2250,4.04,0.392,1.630,B,#1,HOLDING,0.394A/B
53947,2026-06-04 08:56:48,26.2500,4.04,0.392,1.630,B,#1,HOLDING,0.396A/B
53948,2026-06-04 08:56:49,26.2500,4.04,0.392,1.630,B,#1,HOLDING,0.403A/B
53949,2026-06-04 08:56:51,26.2750,4.17,0.392,1.630,B,#1,HOLDING,0.407A/B
53950,2026-06-04 08:56:53,26.3000,4.17,0.407,1.737,B,#1,HOLDING,0.409A/B
53951,2026-06-04 08:56:56,26.3125,4.17,0.407,1.737,B,#1,HOLDING,0.411A/B
53952,2026-06-04 08:56:57,26.3125,4.17,0.407,1.737,B,#1,HOLDING,0.416A/B
53953,2026-06-04 08:56:59,26.3500,4.27,0.407,1.737,B,#2,APPROACH,0.416A/B
53954,2026-06-04 08:57:01,26.3750,4.27,0.416,0.000,A,#2,APPROACH,0.117A/A
53955,2026-06-04 08:57:04,26.3875,4.27,0.416,0.000,A,#2,APPROACH,0.171A/A
53956,2026-06-04 08:57:06,26.4375,4.27,0.416,0.000,A,#2,APPROACH,0.237A/A
53957,2026-06-04 08:57:07,26.4375,4.27,0.416,0.000,A,#2,APPROACH,0.294A/A
53958,2026-06-04 08:57:09,26.4375,2.42,0.416,0.000,A,#2,APPROACH,0.360A/A
53959,2026-06-04 08:57:11,26.4500,2.42,0.338,1.076,A,#2,APPROACH,0.428A/A
53960,2026-06-04 08:57:13,26.4375,2.42,0.338,1.076,A,#2,APPROACH,0.520A/A
53961,2026-06-04 08:57:15,26.4375,2.42,0.338,1.076,A,#2,APPROACH,0.584A/A
53962,2026-06-04 08:57:17,26.4375,4.80,0.338,1.076,A,#2,APPROACH,0.658A/A
53963,2026-06-04 08:57:18,26.4000,4.80,0.658,3.684,A,#2,APPROACH,0.726A/A
53964,2026-06-04 08:57:21,26.3125,4.80,0.658,3.684,A,#2,APPROACH,0.805A/A
53965,2026-06-04 08:57:22,26.3125,4.80,0.658,3.684,A,#2,APPROACH,0.865A/A
53966,2026-06-04 08:57:24,26.3125,7.16,0.658,3.684,A,#2,APPROACH,0.940A/A
53967,2026-06-04 08:57:26,26.2500,7.16,0.900,7.388,A,#2,APPROACH,1.005A/A
53968,2026-06-04 08:57:28,26.0875,7.16,0.900,7.388,A,#2,APPROACH,1.063A/A
53969,2026-06-04 08:57:30,26.0875,7.16,0.900,7.388,A,#2,APPROACH,1.117A/A
53970,2026-06-04 08:57:32,26.0375,9.13,0.900,7.388,A,#2,APPROACH,1.177A/A
53971,2026-06-04 08:57:34,25.9375,9.13,1.156,11.475,A,#2,APPROACH,1.231A/A
53972,2026-06-04 08:57:36,25.7500,9.13,1.156,11.475,A,#2,APPROACH,1.271A/A
53973,2026-06-04 08:57:38,25.7500,9.13,1.156,11.475,A,#2,APPROACH,1.319A/A
53974,2026-06-04 08:57:39,25.6500,10.66,1.156,11.475,A,#2,APPROACH,1.361A/A
53975,2026-06-04 08:57:41,25.5125,10.66,1.361,15.297,A,#2,APPROACH,1.396A/A
53976,2026-06-04 08:57:44,25.2625,10.66,1.361,15.297,A,#2,HOLDING,1.362A/A
53977,2026-06-04 08:57:45,25.2625,10.66,1.361,15.297,OFF,#2,HOLDING,0.000A/OFF
53978,2026-06-04 08:57:46,25.1125,10.66,1.361,15.297,OFF,#2,HOLDING,0.000A/OFF
53979,2026-06-04 08:57:47,25.1125,12.00,1.361,15.297,OFF,#2,HOLDING,0.000A/OFF
53980,2026-06-04 08:57:48,24.9875,12.00,0.000,15.297,OFF,#2,HOLDING,0.000A/OFF
53981,2026-06-04 08:57:49,24.8125,12.00,0.000,0.000,OFF,#2,HOLDING,0.000A/OFF
53982,2026-06-04 08:57:50,24.8125,12.00,0.000,0.000,OFF,#2,HOLDING,0.000A/OFF
53983,2026-06-04 08:57:51,24.7000,12.00,0.000,0.000,OFF,#2,HOLDING,0.000A/OFF
53984,2026-06-04 08:57:52,24.7000,12.00,0.000,0.000,OFF,#2,HOLDING,0.000A/OFF
53985,2026-06-04 08:57:53,24.5500,12.00,0.000,0.000,OFF,#2,HOLDING,0.000A/OFF
53986,2026-06-04 08:57:54,24.5500,12.00,0.000,0.000,OFF,#2,HOLDING,0.000A/OFF
53987,2026-06-04 08:57:55,24.3875,12.00,0.000,0.000,OFF,#2,HOLDING,0.000A/OFF
53988,2026-06-04 08:57:56,24.3875,12.00,0.000,0.000,OFF,#2,HOLDING,0.000A/OFF
53989,2026-06-04 08:57:57,24.2875,12.00,0.000,0.000,OFF,#2,HOLDING,0.000A/OFF
53990,2026-06-04 08:57:58,24.2875,12.00,0.000,0.000,OFF,#2,HOLDING,0.000A/OFF
53991,2026-06-04 08:57:59,24.1750,12.00,0.000,0.000,OFF,#2,HOLDING,0.000A/OFF
53992,2026-06-04 08:58:00,24.1750,12.00,0.000,0.000,OFF,#2,HOLDING,0.000A/OFF
53993,2026-06-04 08:58:01,24.0500,12.00,0.000,0.000,OFF,#2,HOLDING,0.000A/OFF
53994,2026-06-04 08:58:02,24.0500,12.00,0.000,0.000,OFF,#2,HOLDING,0.000A/OFF
53995,2026-06-04 08:58:03,23.9625,12.00,0.000,0.000,OFF,#2,HOLDING,0.000A/OFF
53996,2026-06-04 08:58:04,23.9625,12.00,0.000,0.000,OFF,#2,HOLDING,0.000A/OFF
53997,2026-06-04 08:58:05,23.8625,12.00,0.000,0.000,OFF,#2,HOLDING,0.000A/OFF
53998,2026-06-04 08:58:06,23.8625,12.00,0.000,0.000,OFF,#2,HOLDING,0.000A/OFF
53999,2026-06-04 08:58:07,23.8000,12.00,0.000,0.000,OFF,#2,HOLDING,0.000A/OFF
54000,2026-06-04 08:58:08,23.7000,12.00,0.000,0.000,OFF,#2,HOLDING,0.000A/OFF
54001,2026-06-04 08:58:09,23.7000,12.00,0.000,0.000,OFF,#2,HOLDING,0.000A/OFF
54002,2026-06-04 08:58:10,23.6500,12.00,0.000,0.000,OFF,#2,HOLDING,0.000A/OFF
54003,2026-06-04 08:58:11,23.6500,12.00,0.000,0.000,OFF,#2,HOLDING,0.000A/OFF
54004,2026-06-04 08:58:12,23.5750,12.00,0.000,0.000,OFF,#2,HOLDING,0.000A/OFF
54005,2026-06-04 08:58:13,23.5750,12.00,0.000,0.000,OFF,#2,HOLDING,0.000A/OFF
54006,2026-06-04 08:58:14,23.5000,12.00,0.000,0.000,B,#2,HOLDING,0.115A/B
54007,2026-06-04 08:58:17,23.4500,12.00,0.000,0.000,B,#2,HOLDING,0.148A/B
54008,2026-06-04 08:58:18,23.4250,12.00,0.000,0.000,B,#2,HOLDING,0.183A/B
54009,2026-06-04 08:58:20,23.3750,1.69,0.000,0.000,B,#2,HOLDING,0.263A/B
54010,2026-06-04 08:58:22,23.3375,1.69,0.263,0.644,B,#2,HOLDING,0.305A/B
54011,2026-06-04 08:58:24,23.2875,1.69,0.263,0.644,B,#2,HOLDING,0.361A/B
54012,2026-06-04 08:58:26,23.2500,1.69,0.263,0.644,B,#2,HOLDING,0.398A/B
54013,2026-06-04 08:58:28,23.2500,3.50,0.263,0.644,B,#2,HOLDING,0.437A/B
54014,2026-06-04 08:58:30,23.2250,3.50,0.437,1.726,B,#2,HOLDING,0.481A/B
54015,2026-06-04 08:58:32,23.2250,3.50,0.437,1.726,B,#2,HOLDING,0.533A/B
54016,2026-06-04 08:58:34,23.2125,3.50,0.437,1.726,B,#2,HOLDING,0.572A/B
54017,2026-06-04 08:58:36,23.1875,4.98,0.437,1.726,B,#2,HOLDING,0.618A/B
54018,2026-06-04 08:58:37,23.2250,4.98,0.618,3.386,B,#2,HOLDING,0.655A/B
54019,2026-06-04 08:58:40,23.2500,4.98,0.618,3.386,B,#2,HOLDING,0.705A/B
54020,2026-06-04 08:58:41,23.2500,4.98,0.618,3.386,B,#2,HOLDING,0.739A/B
54021,2026-06-04 08:58:43,23.2750,6.39,0.618,3.386,B,#2,HOLDING,0.781A/B
54022,2026-06-04 08:58:45,23.2750,6.39,0.781,5.326,B,#2,HOLDING,0.824A/B
54023,2026-06-04 08:58:47,23.3375,6.39,0.781,5.326,B,#2,HOLDING,0.867A/B
54024,2026-06-04 08:58:49,23.4125,6.39,0.781,5.326,B,#2,HOLDING,0.840A/B
54025,2026-06-04 08:58:51,23.4625,7.28,0.781,5.326,B,#2,HOLDING,0.870A/B
54026,2026-06-04 08:58:53,23.4625,7.28,0.870,6.655,B,#2,HOLDING,0.910A/B
54027,2026-06-04 08:58:55,23.5625,7.28,0.870,6.655,B,#2,HOLDING,0.951A/B
54028,2026-06-04 08:58:57,23.6375,7.28,0.870,6.655,B,#2,HOLDING,0.971A/B
54029,2026-06-04 08:58:59,23.7125,8.35,0.870,6.655,B,#2,HOLDING,0.990A/B
54030,2026-06-04 08:59:00,23.7125,8.35,0.990,8.573,B,#2,HOLDING,1.022A/B
54031,2026-06-04 08:59:03,23.8625,8.35,0.990,8.573,B,#2,HOLDING,1.000A/B
54032,2026-06-04 08:59:04,23.9750,8.35,0.990,8.573,B,#2,HOLDING,1.040A/B
54033,2026-06-04 08:59:06,24.0750,9.02,0.990,8.573,B,#2,HOLDING,1.043A/B
54034,2026-06-04 08:59:08,24.0750,9.02,1.043,9.606,B,#2,HOLDING,1.000A/B
54035,2026-06-04 08:59:10,24.2625,9.02,1.043,9.606,B,#2,HOLDING,1.000A/B
54036,2026-06-04 08:59:12,24.4125,9.02,1.043,9.606,B,#2,HOLDING,1.000A/B
54037,2026-06-04 08:59:14,24.4875,8.87,1.043,9.606,B,#3,APPROACH,1.051A/B
54038,2026-06-04 08:59:16,24.4875,8.87,1.051,0.000,A,#3,APPROACH,0.123A/A
54039,2026-06-04 08:59:18,24.7375,8.87,1.051,0.000,A,#3,APPROACH,0.225A/A
54040,2026-06-04 08:59:21,24.8625,8.87,1.051,0.000,A,#3,APPROACH,0.307A/A
54041,2026-06-04 08:59:22,24.9625,8.87,1.051,0.000,A,#3,APPROACH,0.393A/A
54042,2026-06-04 08:59:24,25.0750,2.92,1.051,0.000,A,#3,APPROACH,0.475A/A
54043,2026-06-04 08:59:26,25.2000,2.92,0.475,1.767,A,#3,APPROACH,0.591A/A
54044,2026-06-04 08:59:28,25.2875,2.92,0.475,1.767,A,#3,APPROACH,0.733A/A
54045,2026-06-04 08:59:30,25.3625,2.92,0.475,1.767,A,#3,APPROACH,0.809A/A
54046,2026-06-04 08:59:31,25.4125,6.40,0.475,1.767,A,#3,APPROACH,0.925A/A
54047,2026-06-04 08:59:33,25.4875,6.40,0.925,6.937,A,#3,APPROACH,1.047A/A
54048,2026-06-04 08:59:36,25.5000,6.40,0.925,6.937,A,#3,APPROACH,1.197A/A
54049,2026-06-04 08:59:37,25.5250,6.40,0.925,6.937,A,#3,APPROACH,1.300A/A
54050,2026-06-04 08:59:39,25.5375,10.10,0.925,6.937,A,#3,APPROACH,1.420A/A
54051,2026-06-04 08:59:41,25.5375,10.10,1.420,15.989,A,#3,APPROACH,1.539A/A
54052,2026-06-04 08:59:43,25.5000,10.10,1.420,15.989,A,#3,APPROACH,1.687A/A
54053,2026-06-04 08:59:45,25.4750,10.10,1.420,15.989,A,#3,APPROACH,1.787A/A
54054,2026-06-04 08:59:47,25.4000,12.00,1.420,15.989,A,#3,APPROACH,1.500A/A
54055,2026-06-04 08:59:49,25.3750,12.00,1.499,17.820,A,#3,APPROACH,1.000A/A
54056,2026-06-04 08:59:51,25.2750,12.00,1.499,17.820,A,#3,APPROACH,1.874A/A
54057,2026-06-04 08:59:53,25.2250,12.00,1.499,17.820,A,#3,APPROACH,1.967A/A
54058,2026-06-04 08:59:55,25.1125,12.00,1.499,17.820,A,#3,APPROACH,2.056A/A
54059,2026-06-04 08:59:56,25.0125,12.00,1.469,17.460,A,#3,APPROACH,2.000A/A
54060,2026-06-04 08:59:59,24.8875,12.00,1.469,17.460,A,#3,APPROACH,1.000A/A
54061,2026-06-04 09:00:00,24.7375,12.00,1.469,17.460,A,#3,APPROACH,2.000A/A
54062,2026-06-04 09:00:02,24.6375,12.00,1.469,17.460,A,#3,APPROACH,2.121A/A
54063,2026-06-04 09:00:04,24.4875,12.00,1.445,17.172,A,#3,APPROACH,1.000A/A
54064,2026-06-04 09:00:06,24.3375,12.00,1.445,17.172,A,#3,APPROACH,2.189A/A
54065,2026-06-04 09:00:08,24.1875,12.00,1.445,17.172,A,#3,APPROACH,2.235A/A
54066,2026-06-04 09:00:10,24.0500,12.00,1.445,17.172,A,#3,APPROACH,2.294A/A
54067,2026-06-04 09:00:12,23.8750,12.00,1.428,16.992,A,#3,APPROACH,2.337A/A
54068,2026-06-04 09:00:14,23.7125,12.00,1.428,16.992,A,#3,APPROACH,2.000A/A
54069,2026-06-04 09:00:16,23.5625,12.00,1.428,16.992,A,#3,APPROACH,2.391A/A
54070,2026-06-04 09:00:18,23.3875,12.00,1.428,16.992,A,#3,APPROACH,1.500A/A
54071,2026-06-04 09:00:19,23.1875,12.00,1.418,16.884,A,#3,HOLDING,2.362A/A
54072,2026-06-04 09:00:22,23.0125,12.00,1.418,16.884,OFF,#3,HOLDING,0.000A/OFF
54073,2026-06-04 09:00:23,23.0125,12.00,1.418,16.884,OFF,#3,HOLDING,0.000A/OFF
54074,2026-06-04 09:00:24,22.8125,12.00,1.418,16.884,OFF,#3,HOLDING,0.000A/OFF
54075,2026-06-04 09:00:25,22.8125,12.00,1.418,16.884,OFF,#3,HOLDING,0.000A/OFF
54076,2026-06-04 09:00:26,22.6375,12.00,0.000,16.884,OFF,#3,HOLDING,0.000A/OFF
54077,2026-06-04 09:00:27,22.6375,12.00,0.000,16.884,OFF,#3,HOLDING,0.000A/OFF
54078,2026-06-04 09:00:28,22.4375,12.00,0.000,0.000,OFF,#3,HOLDING,0.000A/OFF
54079,2026-06-04 09:00:29,22.4375,12.00,0.000,0.000,OFF,#3,HOLDING,0.000A/OFF
54080,2026-06-04 09:00:30,22.3000,12.00,0.000,0.000,OFF,#3,HOLDING,0.000A/OFF
54081,2026-06-04 09:00:31,22.1500,12.00,0.000,0.000,OFF,#3,HOLDING,0.000A/OFF
54082,2026-06-04 09:00:32,22.1500,12.00,0.000,0.000,OFF,#3,HOLDING,0.000A/OFF
54083,2026-06-04 09:00:33,22.0125,12.00,0.000,0.000,OFF,#3,HOLDING,0.000A/OFF
54084,2026-06-04 09:00:34,22.0125,12.00,0.000,0.000,OFF,#3,HOLDING,0.000A/OFF
54085,2026-06-04 09:00:35,21.8875,12.00,0.000,0.000,OFF,#3,HOLDING,0.000A/OFF
54086,2026-06-04 09:00:36,21.8875,12.00,0.000,0.000,OFF,#3,HOLDING,0.000A/OFF
54087,2026-06-04 09:00:37,21.7750,12.00,0.000,0.000,OFF,#3,HOLDING,0.000A/OFF
54088,2026-06-04 09:00:38,21.7750,12.00,0.000,0.000,OFF,#3,HOLDING,0.000A/OFF
54089,2026-06-04 09:00:39,21.7000,12.00,0.000,0.000,OFF,#3,HOLDING,0.000A/OFF
54090,2026-06-04 09:00:40,21.7000,12.00,0.000,0.000,OFF,#3,HOLDING,0.000A/OFF
54091,2026-06-04 09:00:41,21.6125,12.00,0.000,0.000,OFF,#3,HOLDING,0.000A/OFF
54092,2026-06-04 09:00:42,21.6125,12.00,0.000,0.000,OFF,#3,HOLDING,0.000A/OFF
54093,2026-06-04 09:00:43,21.5625,12.00,0.000,0.000,OFF,#3,HOLDING,0.000A/OFF
54094,2026-06-04 09:00:44,21.5625,12.00,0.000,0.000,OFF,#3,HOLDING,0.000A/OFF
54095,2026-06-04 09:00:45,21.5000,12.00,0.000,0.000,OFF,#3,HOLDING,0.000A/OFF
54096,2026-06-04 09:00:46,21.5000,12.00,0.000,0.000,OFF,#3,HOLDING,0.000A/OFF
54097,2026-06-04 09:00:47,21.4500,12.00,0.000,0.000,B,#3,HOLDING,0.119A/B
54098,2026-06-04 09:00:49,21.4375,12.00,0.000,0.000,B,#3,HOLDING,0.145A/B
54099,2026-06-04 09:00:51,21.3875,12.00,0.000,0.000,B,#3,HOLDING,0.178A/B
54100,2026-06-04 09:00:52,21.3750,1.23,0.000,0.000,B,#3,HOLDING,0.201A/B
54101,2026-06-04 09:00:54,21.3750,1.23,0.201,0.301,B,#3,HOLDING,0.234A/B
54102,2026-06-04 09:00:56,21.3625,1.23,0.201,0.301,B,#3,HOLDING,0.274A/B
54103,2026-06-04 09:00:58,21.3125,1.23,0.201,0.301,B,#3,HOLDING,0.309A/B
54104,2026-06-04 09:01:00,21.3500,2.49,0.201,0.301,B,#3,HOLDING,0.341A/B
54105,2026-06-04 09:01:02,21.3750,2.49,0.341,0.961,B,#3,HOLDING,0.372A/B
54106,2026-06-04 09:01:04,21.3750,2.49,0.341,0.961,B,#3,HOLDING,0.410A/B
54107,2026-06-04 09:01:06,21.3750,2.49,0.341,0.961,B,#3,HOLDING,0.444A/B
54108,2026-06-04 09:01:08,21.4375,3.69,0.341,0.961,B,#3,HOLDING,0.472A/B
54109,2026-06-04 09:01:09,21.4375,3.69,0.472,1.883,B,#3,HOLDING,0.504A/B
54110,2026-06-04 09:01:12,21.4750,3.69,0.472,1.883,B,#3,HOLDING,0.540A/B
54111,2026-06-04 09:01:13,21.5250,3.69,0.472,1.883,B,#3,HOLDING,0.565A/B
54112,2026-06-04 09:01:15,21.5750,4.71,0.472,1.883,B,#3,HOLDING,0.588A/B
54113,2026-06-04 09:01:17,21.6250,4.71,0.588,2.963,B,#3,HOLDING,0.611A/B
54114,2026-06-04 09:01:19,21.6625,4.71,0.588,2.963,B,#4,APPROACH,0.644A/B
54115,2026-06-04 09:01:21,21.7375,4.71,0.588,2.963,A,#4,APPROACH,0.110A/A
54116,2026-06-04 09:01:23,21.7375,4.71,0.588,2.963,A,#4,APPROACH,0.133A/A
54117,2026-06-04 09:01:25,21.8750,12.00,0.588,2.963,A,#4,APPROACH,0.207A/A
54118,2026-06-04 09:01:27,21.9125,12.00,0.677,0.455,A,#4,APPROACH,0.287A/A
54119,2026-06-04 09:01:29,21.9625,12.00,0.677,0.455,A,#4,APPROACH,0.396A/A
54120,2026-06-04 09:01:31,22.0375,12.00,0.677,0.455,A,#4,APPROACH,0.469A/A
54121,2026-06-04 09:01:33,22.0625,4.09,0.677,0.455,A,#4,APPROACH,0.553A/A
54122,2026-06-04 09:01:35,22.0875,4.09,0.540,2.770,A,#4,APPROACH,0.637A/A
54123,2026-06-04 09:01:37,22.1125,4.09,0.540,2.770,A,#4,APPROACH,0.741A/A
54124,2026-06-04 09:01:39,22.1250,4.09,0.540,2.770,A,#4,APPROACH,0.815A/A
54125,2026-06-04 09:01:40,22.1250,6.90,0.540,2.770,A,#4,APPROACH,0.899A/A
54126,2026-06-04 09:01:42,22.1250,6.90,0.886,6.967,A,#4,APPROACH,0.983A/A
54127,2026-06-04 09:01:45,22.1250,6.90,0.886,6.967,A,#4,APPROACH,1.093A/A
54128,2026-06-04 09:01:46,22.1250,6.90,0.886,6.967,A,#4,APPROACH,1.167A/A
54129,2026-06-04 09:01:48,22.1250,9.52,0.886,6.967,A,#4,APPROACH,1.253A/A
54130,2026-06-04 09:01:50,22.0625,9.52,1.238,13.031,A,#4,APPROACH,1.327A/A
54131,2026-06-04 09:01:52,22.0125,9.52,1.238,13.031,A,#4,APPROACH,1.425A/A
54132,2026-06-04 09:01:54,22.0000,9.52,1.238,13.031,A,#4,APPROACH,1.494A/A
54133,2026-06-04 09:01:56,21.9500,11.92,1.238,13.031,A,#4,APPROACH,1.572A/A
54134,2026-06-04 09:01:58,21.8750,11.92,1.471,17.472,A,#4,APPROACH,1.000A/A
54135,2026-06-04 09:02:00,21.8000,11.92,1.471,17.472,A,#4,APPROACH,1.633A/A
54136,2026-06-04 09:02:02,21.7375,11.92,1.471,17.472,A,#4,APPROACH,1.690A/A
54137,2026-06-04 09:02:04,21.6125,12.00,1.471,17.472,A,#4,APPROACH,1.747A/A
54138,2026-06-04 09:02:05,21.5250,12.00,1.448,17.208,A,#4,APPROACH,1.803A/A
54139,2026-06-04 09:02:08,21.4250,12.00,1.448,17.208,A,#4,APPROACH,1.875A/A
54140,2026-06-04 09:02:09,21.3250,12.00,1.448,17.208,A,#4,APPROACH,1.000A/A
54141,2026-06-04 09:02:11,21.1750,8.89,1.448,17.208,A,#4,APPROACH,1.905A/A
54142,2026-06-04 09:02:13,21.0750,8.89,1.431,17.028,A,#4,APPROACH,1.946A/A
54143,2026-06-04 09:02:15,20.9250,8.89,1.431,17.028,A,#4,APPROACH,1.993A/A
54144,2026-06-04 09:02:17,20.8250,8.89,1.431,17.028,A,#4,APPROACH,2.024A/A
54145,2026-06-04 09:02:19,20.6750,12.00,1.431,17.028,A,#4,HOLDING,2.001A/A
54146,2026-06-04 09:02:21,20.5250,12.00,1.423,17.028,OFF,#4,HOLDING,0.000A/OFF
54147,2026-06-04 09:02:22,20.5250,12.00,1.423,16.932,OFF,#4,HOLDING,0.000A/OFF
54148,2026-06-04 09:02:23,20.4250,12.00,1.423,16.932,OFF,#4,HOLDING,0.000A/OFF
54149,2026-06-04 09:02:24,20.4250,12.00,1.423,16.932,OFF,#4,HOLDING,0.000A/OFF
54150,2026-06-04 09:02:25,20.3000,12.00,1.423,16.932,OFF,#4,HOLDING,0.000A/OFF
54151,2026-06-04 09:02:26,20.3000,12.00,1.423,16.932,OFF,#4,HOLDING,0.000A/OFF
54152,2026-06-04 09:02:27,20.2000,12.00,1.423,16.932,OFF,#4,HOLDING,0.000A/OFF
54153,2026-06-04 09:02:28,20.2000,12.00,0.000,16.932,OFF,#4,HOLDING,0.000A/OFF
54154,2026-06-04 09:02:29,20.0500,12.00,0.000,0.000,OFF,#4,HOLDING,0.000A/OFF
54155,2026-06-04 09:02:30,20.0500,12.00,0.000,0.000,OFF,#4,HOLDING,0.000A/OFF
54156,2026-06-04 09:02:31,19.9500,12.00,0.000,0.000,OFF,#4,HOLDING,0.000A/OFF
54157,2026-06-04 09:02:32,19.9500,12.00,0.000,0.000,A,#4,HOLDING,0.103A/A
54158,2026-06-04 09:02:33,19.8625,12.00,0.000,0.000,A,#4,HOLDING,0.000A/OFF
54159,2026-06-04 09:02:34,19.8125,12.00,0.103,0.165,A,#4,HOLDING,0.104A/A
54160,2026-06-04 09:02:37,19.7500,12.00,0.103,0.165,OFF,#4,HOLDING,0.000A/OFF
54161,2026-06-04 09:02:38,19.7500,12.00,0.103,0.165,OFF,#4,HOLDING,0.105A/A
54162,2026-06-04 09:02:40,19.7000,12.00,0.103,0.165,A,#4,HOLDING,0.105A/A
54163,2026-06-04 09:02:41,19.6750,12.00,0.105,0.165,A,#4,HOLDING,0.104A/A
54164,2026-06-04 09:02:43,19.6250,12.00,0.105,0.165,OFF,#4,HOLDING,0.000A/OFF
54165,2026-06-04 09:02:44,19.6125,12.00,0.105,0.152,OFF,#4,HOLDING,0.000A/OFF
54166,2026-06-04 09:02:45,19.6125,12.00,0.105,0.152,OFF,#4,HOLDING,0.000A/OFF
54167,2026-06-04 09:02:46,19.5875,12.00,0.105,0.152,OFF,#4,HOLDING,0.000A/OFF
54168,2026-06-04 09:02:47,19.5875,12.00,0.105,0.152,OFF,#4,HOLDING,0.000A/OFF
54169,2026-06-04 09:02:48,19.5625,12.00,0.105,0.152,OFF,#4,HOLDING,0.000A/OFF
54170,2026-06-04 09:02:49,19.5625,12.00,0.000,0.152,OFF,#4,HOLDING,0.000A/OFF
54171,2026-06-04 09:02:50,19.5625,12.00,0.000,0.000,OFF,#4,HOLDING,0.000A/OFF
54172,2026-06-04 09:02:51,19.5625,12.00,0.000,0.000,OFF,#4,HOLDING,0.000A/OFF
54173,2026-06-04 09:02:52,19.5625,12.00,0.000,0.000,OFF,#4,HOLDING,0.000A/OFF
54174,2026-06-04 09:02:53,19.5625,12.00,0.000,0.000,OFF,#4,HOLDING,0.000A/OFF
54175,2026-06-04 09:02:54,19.5625,12.00,0.000,0.000,OFF,#4,HOLDING,0.000A/OFF
54176,2026-06-04 09:02:55,19.5625,12.00,0.000,0.000,OFF,#4,HOLDING,0.000A/OFF
54177,2026-06-04 09:02:56,19.5625,12.00,0.000,0.000,OFF,#4,HOLDING,0.000A/OFF
54178,2026-06-04 09:02:57,19.5625,12.00,0.000,0.000,OFF,#4,HOLDING,0.000A/OFF
54179,2026-06-04 09:02:58,19.6125,12.00,0.000,0.000,OFF,#4,HOLDING,0.000A/OFF
54180,2026-06-04 09:02:59,19.6125,12.00,0.000,0.000,OFF,#4,HOLDING,0.000A/OFF
54181,2026-06-04 09:03:00,19.6250,12.00,0.000,0.000,OFF,#4,HOLDING,0.000A/OFF
54182,2026-06-04 09:03:01,19.6500,12.00,0.000,0.000,OFF,#4,HOLDING,0.000A/OFF
54183,2026-06-04 09:03:02,19.6500,12.00,0.000,0.000,OFF,#4,HOLDING,0.000A/OFF
54184,2026-06-04 09:03:03,19.7000,12.00,0.000,0.000,OFF,#4,HOLDING,0.000A/OFF
54185,2026-06-04 09:03:04,19.7000,12.00,0.000,0.000,OFF,#4,HOLDING,0.000A/OFF
54186,2026-06-04 09:03:05,19.7500,12.00,0.000,0.000,OFF,#4,HOLDING,0.000A/OFF
54187,2026-06-04 09:03:06,19.7500,12.00,0.000,0.000,OFF,#4,HOLDING,0.000A/OFF
54188,2026-06-04 09:03:07,19.7250,12.00,0.000,0.000,OFF,#4,HOLDING,0.000A/OFF
54189,2026-06-04 09:03:08,19.7250,12.00,0.000,0.000,OFF,#4,HOLDING,0.000A/OFF
54190,2026-06-04 09:03:09,19.7750,12.00,0.000,0.000,OFF,#4,HOLDING,0.000A/OFF
54191,2026-06-04 09:03:10,19.7750,12.00,0.000,0.000,OFF,#4,HOLDING,0.000A/OFF
54192,2026-06-04 09:03:11,19.8125,12.00,0.000,0.000,OFF,#4,HOLDING,0.000A/OFF
54193,2026-06-04 09:03:12,19.8125,12.00,0.000,0.000,OFF,#4,HOLDING,0.000A/OFF
54194,2026-06-04 09:03:13,19.8625,12.00,0.000,0.000,OFF,#4,HOLDING,0.000A/OFF
54195,2026-06-04 09:03:14,19.8625,12.00,0.000,0.000,OFF,#4,HOLDING,0.000A/OFF
54196,2026-06-04 09:03:15,19.8875,12.00,0.000,0.000,OFF,#4,HOLDING,0.000A/OFF
54197,2026-06-04 09:03:16,19.8875,12.00,0.000,0.000,OFF,#4,HOLDING,0.000A/OFF
54198,2026-06-04 09:03:17,19.9375,12.00,0.000,0.000,OFF,#4,HOLDING,0.000A/OFF
54199,2026-06-04 09:03:18,19.9375,12.00,0.000,0.000,OFF,#4,HOLDING,0.000A/OFF
54200,2026-06-04 09:03:19,19.9500,12.00,0.000,0.000,OFF,#5,APPROACH,0.000A/OFF
54201,2026-06-04 09:03:20,20.0000,12.00,0.000,0.000,OFF,#5,HOLDING,0.000A/OFF
54202,2026-06-04 09:03:21,20.0000,11.74,0.000,0.000,OFF,#5,HOLDING,0.000A/OFF
54203,2026-06-04 09:03:22,20.0625,11.74,0.000,0.000,OFF,#5,HOLDING,0.000A/OFF
54204,2026-06-04 09:03:23,20.0625,11.74,0.000,0.000,OFF,#5,HOLDING,0.000A/OFF
54205,2026-06-04 09:03:24,20.1125,11.74,0.000,0.000,OFF,#5,HOLDING,0.000A/OFF
54206,2026-06-04 09:03:25,20.1125,11.74,0.000,0.000,OFF,#5,HOLDING,0.000A/OFF
54207,2026-06-04 09:03:27,20.1250,11.74,0.000,0.000,OFF,#5,HOLDING,0.000A/OFF
54208,2026-06-04 09:03:28,20.1250,11.74,0.000,0.000,OFF,#5,HOLDING,0.000A/OFF
54209,2026-06-04 09:03:29,20.1750,12.00,0.000,0.000,OFF,#5,HOLDING,0.000A/OFF
54210,2026-06-04 09:03:30,20.1750,12.00,0.000,0.000,OFF,#5,HOLDING,0.000A/OFF
54211,2026-06-04 09:03:31,20.2000,12.00,0.000,0.000,OFF,#5,HOLDING,0.000A/OFF
54212,2026-06-04 09:03:32,20.2000,12.00,0.000,0.000,OFF,#5,HOLDING,0.000A/OFF
54213,2026-06-04 09:03:33,20.2500,12.00,0.000,0.000,OFF,#5,HOLDING,0.000A/OFF
54214,2026-06-04 09:03:34,20.2500,12.00,0.000,0.000,OFF,#5,HOLDING,0.000A/OFF
54215,2026-06-04 09:03:35,20.2875,12.00,0.000,0.000,OFF,#5,HOLDING,0.000A/OFF
54216,2026-06-04 09:03:36,20.3375,12.00,0.000,0.000,OFF,#5,HOLDING,0.000A/OFF
54217,2026-06-04 09:03:37,20.3375,12.00,0.000,0.000,OFF,#5,HOLDING,0.000A/OFF
54218,2026-06-04 09:03:38,20.3750,12.00,0.000,0.000,OFF,#5,HOLDING,0.000A/OFF
54219,2026-06-04 09:03:39,20.3750,12.00,0.000,0.000,OFF,#5,HOLDING,0.000A/OFF
54220,2026-06-04 09:03:40,20.4250,12.00,0.000,0.000,A,#5,HOLDING,0.116A/A
54221,2026-06-04 09:03:41,20.4250,1.12,0.000,0.000,A,#5,HOLDING,0.126A/A
54222,2026-06-04 09:03:43,20.4375,1.12,0.126,0.157,A,#5,HOLDING,0.145A/A
54223,2026-06-04 09:03:46,20.5125,1.12,0.126,0.157,A,#5,HOLDING,0.219A/A
54224,2026-06-04 09:03:47,20.5625,1.12,0.126,0.157,A,#5,HOLDING,0.247A/A
54225,2026-06-04 09:03:49,20.5625,2.24,0.126,0.157,A,#5,HOLDING,0.269A/A
54226,2026-06-04 09:03:51,20.6000,2.24,0.269,0.667,A,#5,HOLDING,0.293A/A
54227,2026-06-04 09:03:53,20.6875,2.24,0.269,0.667,A,#5,HOLDING,0.334A/A
54228,2026-06-04 09:03:55,20.6875,2.24,0.269,0.667,A,#5,HOLDING,0.357A/A
54229,2026-06-04 09:03:57,20.6875,3.18,0.269,0.667,A,#5,HOLDING,0.381A/A
54230,2026-06-04 09:03:59,20.7250,3.18,0.381,1.322,A,#5,HOLDING,0.408A/A
54231,2026-06-04 09:04:01,20.7500,3.18,0.381,1.322,A,#5,HOLDING,0.449A/A
54232,2026-06-04 09:04:03,20.7500,3.18,0.381,1.322,A,#5,HOLDING,0.475A/A
54233,2026-06-04 09:04:05,20.7500,4.22,0.381,1.322,A,#5,HOLDING,0.502A/A
54234,2026-06-04 09:04:06,20.7875,4.22,0.502,2.284,A,#5,HOLDING,0.536A/A
54235,2026-06-04 09:04:09,20.8125,4.22,0.502,2.284,A,#5,HOLDING,0.580A/A
54236,2026-06-04 09:04:10,20.7625,4.22,0.502,2.284,A,#5,HOLDING,0.598A/A
54237,2026-06-04 09:04:12,20.7625,5.36,0.502,2.284,A,#5,HOLDING,0.624A/A
54238,2026-06-04 09:04:14,20.7500,5.36,0.608,3.544,A,#5,HOLDING,0.650A/A
54239,2026-06-04 09:04:16,20.7500,5.36,0.608,3.544,A,#5,HOLDING,0.694A/A
54240,2026-06-04 09:04:18,20.7500,5.36,0.608,3.544,A,#5,HOLDING,0.719A/A
54241,2026-06-04 09:04:20,20.7500,6.36,0.608,3.544,A,#5,HOLDING,0.750A/A
54242,2026-06-04 09:04:22,20.7125,6.36,0.750,5.040,A,#5,HOLDING,0.773A/A
54243,2026-06-04 09:04:24,20.6500,6.36,0.750,5.040,A,#5,HOLDING,0.798A/A
54244,2026-06-04 09:04:26,20.6500,6.36,0.750,5.040,A,#5,HOLDING,0.821A/A
54245,2026-06-04 09:04:28,20.6000,7.21,0.750,5.040,A,#5,HOLDING,0.841A/A
54246,2026-06-04 09:04:29,20.6125,7.21,0.841,6.341,A,#5,HOLDING,0.872A/A
54247,2026-06-04 09:04:32,20.4875,7.21,0.841,6.341,A,#5,HOLDING,0.833A/A
54248,2026-06-04 09:04:33,20.4875,7.21,0.841,6.341,A,#5,HOLDING,0.855A/A
54249,2026-06-04 09:04:35,20.4375,7.55,0.841,6.341,A,#5,HOLDING,0.867A/A
54250,2026-06-04 09:04:37,20.3750,7.55,0.867,6.753,A,#5,HOLDING,0.886A/A
54251,2026-06-04 09:04:40,20.2500,7.55,0.867,6.753,A,#5,HOLDING,0.891A/A
54252,2026-06-04 09:04:41,20.2500,7.55,0.867,6.753,A,#5,HOLDING,0.905A/A
54253,2026-06-04 09:04:43,20.1750,7.99,0.867,6.753,A,#5,HOLDING,0.913A/A
54254,2026-06-04 09:04:45,20.1250,7.99,0.913,7.504,A,#5,HOLDING,0.924A/A
54255,2026-06-04 09:04:47,19.9625,7.99,0.913,7.504,A,#5,HOLDING,0.913A/A
54256,2026-06-04 09:04:49,19.9625,7.99,0.913,7.504,A,#5,HOLDING,0.920A/A
54257,2026-06-04 09:04:51,19.8875,7.99,0.913,7.504,OFF,#5,HOLDING,0.000A/OFF
54258,2026-06-04 09:04:52,19.8000,8.16,0.913,7.504,OFF,#5,HOLDING,0.000A/OFF
54259,2026-06-04 09:04:53,19.8000,8.16,0.920,7.504,OFF,#5,HOLDING,0.000A/OFF
54260,2026-06-04 09:04:54,19.7000,8.16,0.920,0.000,OFF,#5,HOLDING,0.000A/OFF
54261,2026-06-04 09:04:55,19.7000,8.16,0.920,0.000,OFF,#5,HOLDING,0.000A/OFF
54262,2026-06-04 09:04:56,19.6250,8.16,0.920,0.000,OFF,#5,HOLDING,0.000A/OFF
54263,2026-06-04 09:04:57,19.5750,8.16,0.920,0.000,OFF,#5,HOLDING,0.000A/OFF
54264,2026-06-04 09:04:58,19.5750,12.00,0.920,0.000,OFF,#5,HOLDING,0.000A/OFF
54265,2026-06-04 09:04:59,19.5125,12.00,0.000,0.000,OFF,#5,HOLDING,0.000A/OFF
54266,2026-06-04 09:05:00,19.5125,12.00,0.000,0.000,OFF,#5,HOLDING,0.000A/OFF
54267,2026-06-04 09:05:01,19.4375,12.00,0.000,0.000,OFF,#5,HOLDING,0.000A/OFF
54268,2026-06-04 09:05:02,19.4375,12.00,0.000,0.000,OFF,#5,HOLDING,0.000A/OFF
54269,2026-06-04 09:05:03,19.4250,12.00,0.000,0.000,OFF,#5,HOLDING,0.000A/OFF
54270,2026-06-04 09:05:04,19.4250,12.00,0.000,0.000,OFF,#5,HOLDING,0.000A/OFF
54271,2026-06-04 09:05:05,19.3750,12.00,0.000,0.000,OFF,#5,HOLDING,0.000A/OFF
54272,2026-06-04 09:05:06,19.3750,12.00,0.000,0.000,B,#5,HOLDING,0.107A/B
54273,2026-06-04 09:05:08,19.3500,12.00,0.000,0.000,OFF,--,DONE,0.132A/B
54274,2026-06-04 09:05:10,19.3125,12.00,0.000,0.000,OFF,--,DONE,--
54275,2026-06-04 09:05:11,19.3125,12.00,0.000,0.000,OFF,--,DONE,--
54276,2026-06-04 09:05:12,19.3125,12.00,0.000,0.000,OFF,--,DONE,--
54277,2026-06-04 09:05:13,19.3125,12.00,0.000,0.000,OFF,--,DONE,--
54278,2026-06-04 09:05:14,19.3125,12.00,0.000,0.000,OFF,--,DONE,--
54279,2026-06-04 09:05:15,19.3125,12.00,0.000,0.000,OFF,--,DONE,--
54280,2026-06-04 09:05:16,19.3125,12.00,0.000,0.000,OFF,--,DONE,--
54281,2026-06-04 09:05:17,19.3125,12.00,0.000,0.000,OFF,--,DONE,--
54282,2026-06-04 09:05:18,19.3375,12.00,0.000,0.000,OFF,--,DONE,--
54283,2026-06-04 09:05:19,19.3375,12.00,0.000,0.000,OFF,--,DONE,--
54284,2026-06-04 09:05:20,19.3625,12.00,0.000,0.000,OFF,--,DONE,--
54285,2026-06-04 09:05:21,19.3625,12.00,0.000,0.000,OFF,--,DONE,--
54286,2026-06-04 09:05:22,19.4125,12.00,0.000,0.000,OFF,--,DONE,--
54287,2026-06-04 09:05:23,19.4125,12.00,0.000,0.000,OFF,--,DONE,--
54288,2026-06-04 09:05:24,19.4375,12.00,0.000,0.000,OFF,--,DONE,--
54289,2026-06-04 09:05:26,19.4375,12.00,0.000,0.000,OFF,--,DONE,--
54290,2026-06-04 09:05:27,19.4375,12.00,0.000,0.000,OFF,--,DONE,--
54291,2026-06-04 09:05:28,19.4875,12.00,0.000,0.000,OFF,--,DONE,--
54292,2026-06-04 09:05:29,19.4875,12.00,0.000,0.000,OFF,--,DONE,--
54293,2026-06-04 09:05:30,19.5000,12.00,0.000,0.000,OFF,--,DONE,--
54294,2026-06-04 09:05:31,19.5000,12.00,0.000,0.000,OFF,--,DONE,--
54295,2026-06-04 09:05:32,19.5500,12.00,0.000,0.000,OFF,--,DONE,--
54296,2026-06-04 09:05:33,19.5500,12.00,0.000,0.000,OFF,--,DONE,--
54297,2026-06-04 09:05:34,19.5625,12.00,0.000,0.000,OFF,--,DONE,--
54298,2026-06-04 09:05:35,19.5625,12.00,0.000,0.000,OFF,--,DONE,--
54299,2026-06-04 09:05:36,19.6125,12.00,0.000,0.000,OFF,--,DONE,--
54300,2026-06-04 09:05:37,19.6125,12.00,0.000,0.000,OFF,--,DONE,--
54301,2026-06-04 09:05:38,19.6375,12.00,0.000,0.000,OFF,--,DONE,--
54302,2026-06-04 09:05:39,19.6375,12.00,0.000,0.000,OFF,--,DONE,--
54303,2026-06-04 09:05:40,19.6875,12.00,0.000,0.000,OFF,--,DONE,--
54304,2026-06-04 09:05:41,19.6875,12.00,0.000,0.000,OFF,--,DONE,--
54305,2026-06-04 09:05:42,19.7250,12.00,0.000,0.000,OFF,--,DONE,--
54306,2026-06-04 09:05:43,19.7250,12.00,0.000,0.000,OFF,--,DONE,--
54307,2026-06-04 09:05:44,19.7750,12.00,0.000,0.000,OFF,--,DONE,--
54308,2026-06-04 09:05:45,19.7750,12.00,0.000,0.000,OFF,--,DONE,--
54309,2026-06-04 09:05:46,19.8125,12.00,0.000,0.000,OFF,--,DONE,--
54310,2026-06-04 09:05:47,19.8125,12.00,0.000,0.000,OFF,--,DONE,--
54311,2026-06-04 09:05:48,19.8125,12.00,0.000,0.000,OFF,--,DONE,--
54312,2026-06-04 09:05:49,19.8750,12.00,0.000,0.000,OFF,--,DONE,--
54313,2026-06-04 09:05:50,19.8750,12.00,0.000,0.000,OFF,--,DONE,--
54314,2026-06-04 09:05:51,19.9250,12.00,0.000,0.000,OFF,--,DONE,--
54315,2026-06-04 09:05:52,19.9250,12.00,0.000,0.000,OFF,--,DONE,--
54316,2026-06-04 09:05:53,19.9500,12.00,0.000,0.000,OFF,--,DONE,--
54317,2026-06-04 09:05:54,19.9500,12.00,0.000,0.000,OFF,--,DONE,--
54318,2026-06-04 09:05:55,20.0000,12.00,0.000,0.000,OFF,--,DONE,--
54319,2026-06-04 09:05:56,20.0000,12.00,0.000,0.000,OFF,--,DONE,--
54320,2026-06-04 09:05:57,20.0375,12.00,0.000,0.000,OFF,--,DONE,--
54321,2026-06-04 09:05:58,20.0375,12.00,0.000,0.000,OFF,--,DONE,--
54322,2026-06-04 09:05:59,20.0625,12.00,0.000,0.000,OFF,--,DONE,--
54323,2026-06-04 09:06:00,20.0625,12.00,0.000,0.000,OFF,--,DONE,--
54324,2026-06-04 09:06:01,20.1250,12.00,0.000,0.000,OFF,--,DONE,--
54325,2026-06-04 09:06:02,20.1750,12.00,0.000,0.000,OFF,--,DONE,--
54326,2026-06-04 09:06:03,20.1750,12.00,0.000,0.000,OFF,--,DONE,--
54327,2026-06-04 09:06:04,20.2250,12.00,0.000,0.000,OFF,--,DONE,--
54328,2026-06-04 09:06:05,20.2250,12.00,0.000,0.000,OFF,--,DONE,--
54329,2026-06-04 09:06:06,20.2500,12.00,0.000,0.000,OFF,--,DONE,--
54330,2026-06-04 09:06:07,20.2500,12.00,0.000,0.000,OFF,--,DONE,--
54331,2026-06-04 09:06:08,20.2875,12.00,0.000,0.000,OFF,--,DONE,--
54332,2026-06-04 09:06:09,20.2875,12.00,0.000,0.000,OFF,--,DONE,--
54333,2026-06-04 09:06:11,20.3125,12.00,0.000,0.000,OFF,--,DONE,--
54334,2026-06-04 09:06:12,20.3125,12.00,0.000,0.000,OFF,--,DONE,--
54335,2026-06-04 09:06:13,20.3500,12.00,0.000,0.000,OFF,--,DONE,--
54336,2026-06-04 09:06:14,20.3500,12.00,0.000,0.000,OFF,--,DONE,--
54337,2026-06-04 09:06:15,20.3750,12.00,0.000,0.000,OFF,--,DONE,--
54338,2026-06-04 09:06:16,20.3750,12.00,0.000,0.000,OFF,--,DONE,--
54339,2026-06-04 09:06:17,20.4375,12.00,0.000,0.000,OFF,--,DONE,--
54340,2026-06-04 09:06:18,20.4625,12.00,0.000,0.000,OFF,--,DONE,--
54341,2026-06-04 09:06:19,20.4625,12.00,0.000,0.000,OFF,--,DONE,--
54342,2026-06-04 09:06:20,20.5000,12.00,0.000,0.000,OFF,--,DONE,--
54343,2026-06-04 09:06:21,20.5000,12.00,0.000,0.000,OFF,--,DONE,--
54344,2026-06-04 09:06:22,20.5250,12.00,0.000,0.000,OFF,--,DONE,--
54345,2026-06-04 09:06:23,20.5250,12.00,0.000,0.000,OFF,--,DONE,--
54346,2026-06-04 09:06:24,20.5625,12.00,0.000,0.000,OFF,--,DONE,--
54347,2026-06-04 09:06:25,20.5625,12.00,0.000,0.000,OFF,--,DONE,--
54348,2026-06-04 09:06:26,20.6125,12.00,0.000,0.000,OFF,--,DONE,--
54349,2026-06-04 09:06:27,20.6125,12.00,0.000,0.000,OFF,--,DONE,--
54350,2026-06-04 09:06:28,20.6250,12.00,0.000,0.000,OFF,--,DONE,--
54351,2026-06-04 09:06:29,20.6250,12.00,0.000,0.000,OFF,--,DONE,--
54352,2026-06-04 09:06:30,20.6750,12.00,0.000,0.000,OFF,--,DONE,--
54353,2026-06-04 09:06:31,20.6750,12.00,0.000,0.000,OFF,--,DONE,--
54354,2026-06-04 09:06:32,20.6875,12.00,0.000,0.000,OFF,--,DONE,--
54355,2026-06-04 09:06:33,20.7125,12.00,0.000,0.000,OFF,--,DONE,--
54356,2026-06-04 09:06:34,20.7125,12.00,0.000,0.000,OFF,--,DONE,--
54357,2026-06-04 09:06:35,20.7500,12.00,0.000,0.000,OFF,--,DONE,--
54358,2026-06-04 09:06:36,20.7500,12.00,0.000,0.000,OFF,--,DONE,--
54359,2026-06-04 09:06:37,20.7500,12.00,0.000,0.000,OFF,--,DONE,--
54360,2026-06-04 09:06:38,20.7500,12.00,0.000,0.000,OFF,--,DONE,--
54361,2026-06-04 09:06:39,20.8125,12.00,0.000,0.000,OFF,--,DONE,--
54362,2026-06-04 09:06:40,20.8125,12.00,0.000,0.000,OFF,--,DONE,--
54363,2026-06-04 09:06:41,20.8375,12.00,0.000,0.000,OFF,--,DONE,--
54364,2026-06-04 09:06:42,20.8375,12.00,0.000,0.000,OFF,--,DONE,--
54365,2026-06-04 09:06:43,20.8750,12.00,0.000,0.000,OFF,--,DONE,--
54366,2026-06-04 09:06:44,20.8750,12.00,0.000,0.000,OFF,--,DONE,--
54367,2026-06-04 09:06:45,20.9250,12.00,0.000,0.000,OFF,--,DONE,--
54368,2026-06-04 09:06:47,20.9250,12.00,0.000,0.000,OFF,--,DONE,--
54369,2026-06-04 09:06:48,20.9375,12.00,0.000,0.000,OFF,--,DONE,--
54370,2026-06-04 09:06:49,20.9375,12.00,0.000,0.000,OFF,--,DONE,--
54371,2026-06-04 09:06:50,20.9375,12.00,0.000,0.000,OFF,--,DONE,--
54372,2026-06-04 09:06:51,20.9500,12.00,0.000,0.000,OFF,--,DONE,--
54373,2026-06-04 09:06:52,20.9500,12.00,0.000,0.000,OFF,--,DONE,--
54374,2026-06-04 09:06:53,21.0250,12.00,0.000,0.000,OFF,--,DONE,--
54375,2026-06-04 09:06:54,21.0250,12.00,0.000,0.000,OFF,--,DONE,--
54376,2026-06-04 09:06:55,21.0125,12.00,0.000,0.000,OFF,--,DONE,--
54377,2026-06-04 09:06:56,21.0125,12.00,0.000,0.000,OFF,--,DONE,--
54378,2026-06-04 09:06:57,21.0625,12.00,0.000,0.000,OFF,--,DONE,--
54379,2026-06-04 09:06:58,21.0625,12.00,0.000,0.000,OFF,--,DONE,--
54380,2026-06-04 09:06:59,21.0625,12.00,0.000,0.000,OFF,--,DONE,--
54381,2026-06-04 09:07:00,21.0625,12.00,0.000,0.000,OFF,--,DONE,--
54382,2026-06-04 09:07:01,21.0625,12.00,0.000,0.000,OFF,--,DONE,--
54383,2026-06-04 09:07:02,21.0625,12.00,0.000,0.000,OFF,--,DONE,--
54384,2026-06-04 09:07:03,21.1250,12.00,0.000,0.000,OFF,--,DONE,--
54385,2026-06-04 09:07:04,21.1250,12.00,0.000,0.000,OFF,--,DONE,--
54386,2026-06-04 09:07:05,21.1250,12.00,0.000,0.000,OFF,--,DONE,--
54387,2026-06-04 09:07:06,21.1375,12.00,0.000,0.000,OFF,--,DONE,--
54388,2026-06-04 09:07:07,21.1375,12.00,0.000,0.000,OFF,--,DONE,--
54389,2026-06-04 09:07:08,21.2125,12.00,0.000,0.000,OFF,--,DONE,--
54390,2026-06-04 09:07:09,21.2125,12.00,0.000,0.000,OFF,--,DONE,--
54391,2026-06-04 09:07:10,21.2000,12.00,0.000,0.000,OFF,--,DONE,--
54392,2026-06-04 09:07:11,21.2000,12.00,0.000,0.000,OFF,--,DONE,--
54393,2026-06-04 09:07:12,21.2500,12.00,0.000,0.000,OFF,--,DONE,--
54394,2026-06-04 09:07:13,21.2500,12.00,0.000,0.000,B,#1,APPROACH,2.573A/B
54395,2026-06-04 09:07:16,21.2750,12.00,0.000,0.000,B,#1,APPROACH,2.278A/B
54396,2026-06-04 09:07:18,21.3125,12.00,0.000,0.000,B,#1,APPROACH,1.000A/B
54397,2026-06-04 09:07:20,21.3125,12.00,0.000,0.000,B,#1,APPROACH,2.077A/B
54398,2026-06-04 09:07:22,21.3500,12.00,1.564,0.000,B,#1,APPROACH,1.925A/B
54399,2026-06-04 09:07:23,21.3750,12.00,1.564,18.444,B,#1,APPROACH,1.500A/B
54400,2026-06-04 09:07:25,21.3750,12.00,1.564,18.444,B,#1,APPROACH,2.000A/B
54401,2026-06-04 09:07:27,21.4125,12.00,1.564,18.444,B,#1,APPROACH,1.000A/B
54402,2026-06-04 09:07:28,21.5125,8.46,1.564,18.444,B,#1,APPROACH,1.751A/B
54403,2026-06-04 09:07:30,21.6125,8.46,1.489,17.784,B,#1,APPROACH,2.179A/B
54404,2026-06-04 09:07:33,21.7125,8.46,1.489,17.784,B,#1,APPROACH,1.000A/B
54405,2026-06-04 09:07:34,21.8500,8.46,1.489,17.784,B,#1,APPROACH,1.000A/B
54406,2026-06-04 09:07:36,21.9750,8.70,1.489,17.784,B,#1,APPROACH,1.777A/B
54407,2026-06-04 09:07:38,22.1125,8.70,1.455,17.268,B,#1,APPROACH,1.000A/B
54408,2026-06-04 09:07:40,22.2625,8.70,1.455,17.268,B,#1,APPROACH,1.812A/B
54409,2026-06-04 09:07:42,22.4500,8.70,1.455,17.268,B,#1,APPROACH,1.925A/B
54410,2026-06-04 09:07:44,22.6250,12.00,1.455,17.268,B,#1,APPROACH,1.500A/B
54411,2026-06-04 09:07:46,22.8000,12.00,1.424,16.896,B,#1,APPROACH,2.000A/B
54412,2026-06-04 09:07:48,23.0000,12.00,1.424,16.896,B,#1,APPROACH,2.035A/B
54413,2026-06-04 09:07:50,23.1750,12.00,1.424,16.896,B,#1,APPROACH,1.500A/B
54414,2026-06-04 09:07:52,23.3250,12.00,1.424,16.896,B,#1,APPROACH,2.000A/B
54415,2026-06-04 09:07:53,23.5500,12.00,1.394,16.536,B,#1,APPROACH,2.063A/B
54416,2026-06-04 09:07:56,23.7500,12.00,1.394,16.536,B,#1,APPROACH,2.000A/B
54417,2026-06-04 09:07:57,23.9625,12.00,1.394,16.536,B,#1,APPROACH,1.000A/B
54418,2026-06-04 09:07:59,24.1625,9.24,1.394,16.536,B,#1,APPROACH,2.151A/B
54419,2026-06-04 09:08:01,24.3625,9.24,1.372,16.308,B,#1,APPROACH,1.000A/B
54420,2026-06-04 09:08:03,24.5625,9.24,1.372,16.308,B,#1,APPROACH,1.000A/B
54421,2026-06-04 09:08:05,24.7500,9.24,1.372,16.308,B,#1,APPROACH,2.166A/B
54422,2026-06-04 09:08:07,24.9750,12.00,1.372,16.308,B,#1,APPROACH,1.000A/B
54423,2026-06-04 09:08:09,25.1750,12.00,1.179,9.530,B,#1,APPROACH,2.191A/B
54424,2026-06-04 09:08:11,25.3750,12.00,1.179,9.530,B,#1,APPROACH,2.233A/B
54425,2026-06-04 09:08:13,25.5500,12.00,1.179,9.530,B,#1,HOLDING,2.000A/B
54426,2026-06-04 09:08:15,25.7500,12.00,1.179,9.530,OFF,#1,HOLDING,0.000A/OFF
54427,2026-06-04 09:08:16,25.9250,12.00,1.179,9.530,OFF,#1,HOLDING,0.000A/OFF
54428,2026-06-04 09:08:17,25.9250,12.00,1.349,9.530,OFF,#1,HOLDING,0.000A/OFF
54429,2026-06-04 09:08:18,26.1250,12.00,1.349,0.000,OFF,#1,HOLDING,0.000A/OFF
54430,2026-06-04 09:08:19,26.1250,12.00,1.349,0.000,OFF,#1,HOLDING,0.000A/OFF
54431,2026-06-04 09:08:20,26.3125,12.00,1.349,0.000,OFF,#1,HOLDING,0.000A/OFF
54432,2026-06-04 09:08:21,26.3125,12.00,1.349,0.000,OFF,#1,HOLDING,0.000A/OFF
54433,2026-06-04 09:08:22,26.5375,12.00,1.349,0.000,OFF,#1,HOLDING,0.000A/OFF
54434,2026-06-04 09:08:23,26.5375,12.00,0.000,0.000,OFF,#1,HOLDING,0.000A/OFF
54435,2026-06-04 09:08:24,26.6750,12.00,0.000,0.000,OFF,#1,HOLDING,0.000A/OFF
54436,2026-06-04 09:08:25,26.8250,12.00,0.000,0.000,OFF,#1,HOLDING,0.000A/OFF
54437,2026-06-04 09:08:26,26.8250,12.00,0.000,0.000,OFF,#1,HOLDING,0.000A/OFF
54438,2026-06-04 09:08:27,27.0125,12.00,0.000,0.000,OFF,#1,HOLDING,0.000A/OFF
54439,2026-06-04 09:08:28,27.0125,12.00,0.000,0.000,OFF,#1,HOLDING,0.000A/OFF
54440,2026-06-04 09:08:29,27.1125,12.00,0.000,0.000,OFF,#1,HOLDING,0.000A/OFF
54441,2026-06-04 09:08:30,27.1125,12.00,0.000,0.000,OFF,#1,HOLDING,0.000A/OFF
54442,2026-06-04 09:08:31,27.2250,12.00,0.000,0.000,OFF,#1,HOLDING,0.000A/OFF
54443,2026-06-04 09:08:32,27.2250,12.00,0.000,0.000,OFF,#1,HOLDING,0.000A/OFF
54444,2026-06-04 09:08:33,27.3250,12.00,0.000,0.000,OFF,#1,HOLDING,0.000A/OFF
54445,2026-06-04 09:08:34,27.3250,12.00,0.000,0.000,OFF,#1,HOLDING,0.000A/OFF
54446,2026-06-04 09:08:35,27.4250,12.00,0.000,0.000,A,#1,HOLDING,0.106A/A
54447,2026-06-04 09:08:36,27.5500,12.00,0.000,0.000,A,#1,HOLDING,0.188A/A
54448,2026-06-04 09:08:39,27.6000,12.00,0.000,0.000,A,#1,HOLDING,0.247A/A
54449,2026-06-04 09:08:40,27.6500,12.00,0.000,0.000,A,#1,HOLDING,0.274A/A
54450,2026-06-04 09:08:42,27.7250,1.89,0.000,0.000,A,#1,HOLDING,0.316A/A
54451,2026-06-04 09:08:44,27.7500,1.89,0.303,0.736,A,#1,HOLDING,0.362A/A
54452,2026-06-04 09:08:46,27.7875,1.89,0.303,0.736,A,#1,HOLDING,0.422A/A
54453,2026-06-04 09:08:48,27.8125,1.89,0.303,0.736,A,#1,HOLDING,0.461A/A
54454,2026-06-04 09:08:50,27.8500,3.50,0.303,0.736,A,#1,HOLDING,0.514A/A
54455,2026-06-04 09:08:52,27.8500,3.50,0.514,2.107,A,#1,HOLDING,0.561A/A
54456,2026-06-04 09:08:54,27.8750,3.50,0.514,2.107,A,#1,HOLDING,0.627A/A
54457,2026-06-04 09:08:56,27.8500,3.50,0.514,2.107,A,#1,HOLDING,0.661A/A
54458,2026-06-04 09:08:58,27.8500,5.29,0.514,2.107,A,#1,HOLDING,0.712A/A
54459,2026-06-04 09:08:59,27.8250,5.29,0.712,4.222,A,#1,HOLDING,0.756A/A
54460,2026-06-04 09:09:02,27.8125,5.29,0.712,4.222,A,#1,HOLDING,0.819A/A
54461,2026-06-04 09:09:03,27.7625,5.29,0.712,4.222,A,#1,HOLDING,0.852A/A
54462,2026-06-04 09:09:05,27.7125,6.97,0.712,4.222,A,#1,HOLDING,0.892A/A
54463,2026-06-04 09:09:07,27.6875,6.97,0.892,6.672,A,#1,HOLDING,0.934A/A
54464,2026-06-04 09:09:10,27.6250,6.97,0.892,6.672,A,#1,HOLDING,0.985A/A
54465,2026-06-04 09:09:11,27.5500,6.97,0.892,6.672,A,#1,HOLDING,1.000A/A
54466,2026-06-04 09:09:13,27.4625,8.21,0.892,6.672,A,#1,HOLDING,0.953A/A
54467,2026-06-04 09:09:15,27.3625,8.21,0.953,7.728,A,#1,HOLDING,0.980A/A
54468,2026-06-04 09:09:17,27.2750,8.21,0.953,7.728,A,#1,HOLDING,1.019A/A
54469,2026-06-04 09:09:19,27.1750,8.21,0.953,7.728,A,#1,HOLDING,1.038A/A
54470,2026-06-04 09:09:21,27.0750,8.72,0.953,7.728,A,#1,HOLDING,1.060A/A
54471,2026-06-04 09:09:23,26.9250,8.72,1.048,9.561,A,#1,HOLDING,1.068A/A
54472,2026-06-04 09:09:25,26.8000,8.72,1.048,9.561,A,#1,HOLDING,1.000A/A
54473,2026-06-04 09:09:27,26.6750,8.72,1.048,9.561,A,#1,HOLDING,1.081A/A
54474,2026-06-04 09:09:28,26.5125,9.17,1.048,9.561,A,#1,HOLDING,1.081A/A
54475,2026-06-04 09:09:30,26.3625,9.17,1.081,10.085,A,#1,HOLDING,1.070A/A
54476,2026-06-04 09:09:33,26.2375,9.17,1.081,10.085,A,#1,HOLDING,1.062A/A
54477,2026-06-04 09:09:34,26.0625,9.17,1.081,10.085,A,#1,HOLDING,1.043A/A
54478,2026-06-04 09:09:36,25.9250,8.92,1.081,10.085,A,#1,HOLDING,1.023A/A
54479,2026-06-04 09:09:38,25.7500,8.92,1.022,9.187,A,#1,HOLDING,0.987A/A
54480,2026-06-04 09:09:40,25.6000,8.92,1.022,9.187,A,#1,HOLDING,0.953A/A
54481,2026-06-04 09:09:42,25.4000,8.92,1.022,9.187,A,#1,HOLDING,0.852A/A
54482,2026-06-04 09:09:44,25.2625,7.74,1.022,9.187,A,#1,HOLDING,0.803A/A
54483,2026-06-04 09:09:46,25.0625,7.74,0.803,6.006,A,#1,HOLDING,0.731A/A
54484,2026-06-04 09:09:48,24.9125,7.74,0.803,6.006,A,#1,HOLDING,0.659A/A
54485,2026-06-04 09:09:49,24.7375,7.74,0.803,6.006,A,#1,HOLDING,0.587A/A
54486,2026-06-04 09:09:51,24.5750,5.74,0.803,6.006,A,#1,HOLDING,0.510A/A
54487,2026-06-04 09:09:53,24.4250,5.74,0.510,2.646,A,#1,HOLDING,0.422A/A
54488,2026-06-04 09:09:56,24.2750,5.74,0.510,2.646,A,#1,HOLDING,0.318A/A
54489,2026-06-04 09:09:57,24.1250,5.74,0.510,2.646,A,#1,HOLDING,0.232A/A
54490,2026-06-04 09:09:59,23.9875,2.90,0.510,2.646,A,#1,HOLDING,0.133A/A
54491,2026-06-04 09:10:01,23.8375,2.90,0.133,2.646,OFF,#1,HOLDING,0.000A/OFF
54492,2026-06-04 09:10:02,23.8375,2.90,0.133,0.283,OFF,#1,HOLDING,0.000A/OFF
54493,2026-06-04 09:10:03,23.7000,2.90,0.133,0.283,OFF,#1,HOLDING,0.000A/OFF
54494,2026-06-04 09:10:04,23.7000,2.90,0.133,0.283,B,#1,HOLDING,0.129A/B
54495,2026-06-04 09:10:06,23.5500,2.90,0.133,0.283,B,#1,HOLDING,0.268A/B
54496,2026-06-04 09:10:07,23.4375,7.49,0.268,0.283,B,#1,HOLDING,0.337A/B
54497,2026-06-04 09:10:09,23.3375,7.49,0.268,0.933,B,#1,HOLDING,0.462A/B
54498,2026-06-04 09:10:11,23.2500,7.49,0.268,0.933,B,#1,HOLDING,0.570A/B
54499,2026-06-04 09:10:13,23.1500,7.49,0.268,0.933,B,#1,HOLDING,0.681A/B
54500,2026-06-04 09:10:14,23.0625,5.41,0.268,0.933,B,#1,HOLDING,0.814A/B
54501,2026-06-04 09:10:16,23.0125,5.41,0.814,5.429,B,#1,HOLDING,0.944A/B
54502,2026-06-04 09:10:19,23.0000,5.41,0.814,5.429,B,#1,HOLDING,1.106A/B
54503,2026-06-04 09:10:20,22.9500,5.41,0.814,5.429,B,#1,HOLDING,1.223A/B
54504,2026-06-04 09:10:22,22.9625,9.56,0.814,5.429,B,#1,HOLDING,1.000A/B
54505,2026-06-04 09:10:24,22.9375,9.56,1.000,8.240,B,#1,HOLDING,1.352A/B
54506,2026-06-04 09:10:26,23.0000,9.56,1.000,8.240,B,#1,HOLDING,1.000A/B
54507,2026-06-04 09:10:28,23.0000,9.56,1.000,8.240,B,#1,HOLDING,1.512A/B
54508,2026-06-04 09:10:30,23.0500,11.81,1.000,8.240,B,#1,HOLDING,1.636A/B
54509,2026-06-04 09:10:32,23.1250,11.81,1.510,17.904,B,#1,HOLDING,1.000A/B
54510,2026-06-04 09:10:34,23.1750,11.81,1.510,17.904,B,#1,HOLDING,1.751A/B
54511,2026-06-04 09:10:36,23.2750,11.81,1.510,17.904,B,#1,HOLDING,1.500A/B
54512,2026-06-04 09:10:37,23.3500,12.00,1.510,17.904,B,#1,HOLDING,1.844A/B
54513,2026-06-04 09:10:39,23.4750,12.00,1.465,17.340,B,#1,HOLDING,1.000A/B
54514,2026-06-04 09:10:42,23.6125,12.00,1.465,17.340,B,#1,HOLDING,1.500A/B
54515,2026-06-04 09:10:43,23.7625,12.00,1.465,17.340,B,#1,HOLDING,1.898A/B
54516,2026-06-04 09:10:45,23.8875,12.00,1.465,17.340,B,#1,HOLDING,1.000A/B
54517,2026-06-04 09:10:47,24.0375,12.00,1.221,9.070,B,#1,HOLDING,1.979A/B
54518,2026-06-04 09:10:49,24.1750,12.00,1.221,9.070,B,#1,HOLDING,2.090A/B
54519,2026-06-04 09:10:51,24.3250,12.00,1.221,9.070,B,#1,HOLDING,2.147A/B
54520,2026-06-04 09:10:53,24.3250,12.00,1.221,9.070,B,#1,HOLDING,1.500A/B
54521,2026-06-04 09:10:55,24.6625,12.00,1.399,16.596,B,#1,HOLDING,2.203A/B
54522,2026-06-04 09:10:57,24.8250,12.00,1.399,16.596,B,#1,HOLDING,2.000A/B
54523,2026-06-04 09:10:59,25.0000,12.00,1.399,16.596,B,#1,HOLDING,2.251A/B
54524,2026-06-04 09:11:00,25.0000,12.00,1.399,16.596,B,#1,HOLDING,1.000A/B
54525,2026-06-04 09:11:02,25.3750,12.00,1.189,9.410,B,#1,HOLDING,2.000A/B
54526,2026-06-04 09:11:05,25.5500,12.00,1.189,9.410,B,#1,HOLDING,2.250A/B
54527,2026-06-04 09:11:06,25.7500,12.00,1.189,9.410,B,#1,HOLDING,1.000A/B
54528,2026-06-04 09:11:08,25.7500,9.38,1.189,9.410,B,#1,HOLDING,2.288A/B
54529,2026-06-04 09:11:10,26.1250,9.38,1.178,16.140,B,#1,HOLDING,2.000A/B
54530,2026-06-04 09:11:12,26.2750,9.38,1.178,16.140,B,#2,APPROACH,1.500A/B
54531,2026-06-04 09:11:14,26.4500,9.38,1.178,16.140,A,#2,APPROACH,0.133A/A
54532,2026-06-04 09:11:16,26.4500,9.38,1.178,16.140,A,#2,APPROACH,0.160A/A
54533,2026-06-04 09:11:18,26.8125,10.15,1.178,16.140,A,#2,APPROACH,0.281A/A
54534,2026-06-04 09:11:20,26.9375,10.15,0.998,0.483,A,#2,APPROACH,0.392A/A
54535,2026-06-04 09:11:22,27.1375,10.15,0.998,0.483,A,#2,APPROACH,0.509A/A
54536,2026-06-04 09:11:24,27.2625,10.15,0.998,0.483,A,#2,APPROACH,0.611A/A
54537,2026-06-04 09:11:26,27.3875,4.49,0.998,0.483,A,#2,APPROACH,0.739A/A
54538,2026-06-04 09:11:27,27.4750,4.49,0.673,4.227,A,#2,APPROACH,0.866A/A
54539,2026-06-04 09:11:30,27.5750,4.49,0.673,4.227,A,#2,APPROACH,1.033A/A
54540,2026-06-04 09:11:31,27.6375,4.49,0.673,4.227,A,#2,APPROACH,1.147A/A
54541,2026-06-04 09:11:33,27.7125,8.81,0.673,4.227,A,#2,APPROACH,1.286A/A
54542,2026-06-04 09:11:35,27.7500,8.81,1.214,12.898,A,#2,APPROACH,1.422A/A
54543,2026-06-04 09:11:38,27.7750,8.81,1.214,12.898,A,#2,APPROACH,1.500A/A
54544,2026-06-04 09:11:39,27.8125,8.81,1.214,12.898,A,#2,APPROACH,1.500A/A
54545,2026-06-04 09:11:41,27.8125,11.61,1.214,12.898,A,#2,APPROACH,1.598A/A
54546,2026-06-04 09:11:43,27.7875,11.61,1.530,18.216,A,#2,APPROACH,1.500A/A
54547,2026-06-04 09:11:45,27.7625,11.61,1.530,18.216,A,#2,APPROACH,1.728A/A
54548,2026-06-04 09:11:47,27.7375,11.61,1.530,18.216,A,#2,APPROACH,1.839A/A
54549,2026-06-04 09:11:49,27.6375,12.00,1.530,18.216,A,#2,APPROACH,1.500A/A
54550,2026-06-04 09:11:51,27.5625,12.00,1.492,17.724,A,#2,APPROACH,1.000A/A
54551,2026-06-04 09:11:53,27.4625,12.00,1.492,17.724,A,#2,APPROACH,1.952A/A
54552,2026-06-04 09:11:55,27.3625,12.00,1.492,17.724,A,#2,APPROACH,2.053A/A
54553,2026-06-04 09:11:56,27.2375,12.00,1.492,17.724,A,#2,APPROACH,1.500A/A
54554,2026-06-04 09:11:58,27.1125,12.00,1.464,17.412,A,#2,APPROACH,2.153A/A
54555,2026-06-04 09:12:01,26.9875,12.00,1.464,17.412,A,#2,APPROACH,2.258A/A
54556,2026-06-04 09:12:02,26.8625,12.00,1.464,17.412,A,#2,APPROACH,2.337A/A
54557,2026-06-04 09:12:04,26.6875,12.00,1.464,17.412,A,#2,APPROACH,2.418A/A
54558,2026-06-04 09:12:06,26.5250,12.00,1.440,17.136,A,#2,APPROACH,2.492A/A
54559,2026-06-04 09:12:08,26.3750,12.00,1.440,17.136,A,#2,APPROACH,2.596A/A
54560,2026-06-04 09:12:10,26.2000,12.00,1.440,17.136,A,#2,APPROACH,2.500A/A
54561,2026-06-04 09:12:12,26.0000,12.00,1.440,17.136,A,#2,APPROACH,2.500A/A
54562,2026-06-04 09:12:14,25.8625,12.00,1.424,16.956,A,#2,APPROACH,2.500A/A
54563,2026-06-04 09:12:16,25.6875,12.00,1.424,16.956,A,#2,APPROACH,2.000A/A
54564,2026-06-04 09:12:18,25.5125,12.00,1.424,16.956,A,#2,APPROACH,2.500A/A
54565,2026-06-04 09:12:19,25.3125,12.00,1.424,16.956,A,#2,APPROACH,2.500A/A
54566,2026-06-04 09:12:21,25.1375,12.00,1.412,16.836,A,#2,APPROACH,2.500A/A
54567,2026-06-04 09:12:24,24.9375,12.00,1.412,16.836,A,#2,HOLDING,2.546A/A
54568,2026-06-04 09:12:25,24.7500,12.00,1.412,16.836,OFF,#2,HOLDING,0.000A/OFF
54569,2026-06-04 09:12:26,24.7500,12.00,1.412,16.836,OFF,#2,HOLDING,0.000A/OFF
54570,2026-06-04 09:12:27,24.5500,12.00,1.412,16.836,OFF,#2,HOLDING,0.000A/OFF
54571,2026-06-04 09:12:28,24.5500,12.00,0.000,16.836,OFF,#2,HOLDING,0.000A/OFF
54572,2026-06-04 09:12:29,24.3500,12.00,0.000,0.000,OFF,#2,HOLDING,0.000A/OFF
54573,2026-06-04 09:12:30,24.3500,12.00,0.000,0.000,OFF,#2,HOLDING,0.000A/OFF
54574,2026-06-04 09:12:31,24.1750,12.00,0.000,0.000,OFF,#2,HOLDING,0.000A/OFF
54575,2026-06-04 09:12:32,24.1750,12.00,0.000,0.000,OFF,#2,HOLDING,0.000A/OFF
54576,2026-06-04 09:12:33,24.0125,12.00,0.000,0.000,OFF,#2,HOLDING,0.000A/OFF
54577,2026-06-04 09:12:34,24.0125,12.00,0.000,0.000,OFF,#2,HOLDING,0.000A/OFF
54578,2026-06-04 09:12:35,23.8375,12.00,0.000,0.000,OFF,#2,HOLDING,0.000A/OFF
54579,2026-06-04 09:12:36,23.8375,12.00,0.000,0.000,OFF,#2,HOLDING,0.000A/OFF
54580,2026-06-04 09:12:37,23.7125,12.00,0.000,0.000,OFF,#2,HOLDING,0.000A/OFF
54581,2026-06-04 09:12:38,23.6125,12.00,0.000,0.000,OFF,#2,HOLDING,0.000A/OFF
54582,2026-06-04 09:12:39,23.6125,12.00,0.000,0.000,OFF,#2,HOLDING,0.000A/OFF
54583,2026-06-04 09:12:40,23.4875,12.00,0.000,0.000,OFF,#2,HOLDING,0.000A/OFF
54584,2026-06-04 09:12:41,23.4875,12.00,0.000,0.000,OFF,#2,HOLDING,0.000A/OFF
54585,2026-06-04 09:12:42,23.3875,12.00,0.000,0.000,OFF,#2,HOLDING,0.000A/OFF
54586,2026-06-04 09:12:43,23.3875,12.00,0.000,0.000,OFF,#2,HOLDING,0.000A/OFF
54587,2026-06-04 09:12:45,23.2750,12.00,0.000,0.000,OFF,#2,HOLDING,0.000A/OFF
54588,2026-06-04 09:12:46,23.2750,12.00,0.000,0.000,OFF,#2,HOLDING,0.000A/OFF
54589,2026-06-04 09:12:47,23.2000,12.00,0.000,0.000,B,#2,HOLDING,0.115A/B
54590,2026-06-04 09:12:48,23.1500,12.00,0.000,0.000,B,#2,HOLDING,0.132A/B
54591,2026-06-04 09:12:51,23.0937,12.00,0.000,0.000,B,#2,HOLDING,0.235A/B
54592,2026-06-04 09:12:52,23.0500,12.00,0.000,0.000,B,#2,HOLDING,0.263A/B
54593,2026-06-04 09:12:54,23.0000,1.96,0.000,0.000,B,#2,HOLDING,0.306A/B
54594,2026-06-04 09:12:56,22.9375,1.96,0.282,0.737,B,#2,HOLDING,0.354A/B
54595,2026-06-04 09:12:58,22.9375,1.96,0.282,0.737,B,#2,HOLDING,0.404A/B
54596,2026-06-04 09:13:00,22.8750,1.96,0.282,0.737,B,#2,HOLDING,0.449A/B
54597,2026-06-04 09:13:02,22.8750,3.65,0.282,0.737,B,#2,HOLDING,0.488A/B
54598,2026-06-04 09:13:04,22.8750,3.65,0.467,1.995,B,#2,HOLDING,0.533A/B
54599,2026-06-04 09:13:06,22.8500,3.65,0.467,1.995,B,#2,HOLDING,0.588A/B
54600,2026-06-04 09:13:08,22.8750,3.65,0.467,1.995,B,#2,HOLDING,0.623A/B
54601,2026-06-04 09:13:09,22.8750,5.22,0.467,1.995,B,#2,HOLDING,0.669A/B
54602,2026-06-04 09:13:11,22.8750,5.22,0.647,3.819,B,#2,HOLDING,0.712A/B
54603,2026-06-04 09:13:14,22.9000,5.22,0.647,3.819,B,#2,HOLDING,0.769A/B
54604,2026-06-04 09:13:15,22.9375,5.22,0.647,3.819,B,#2,HOLDING,0.800A/B
54605,2026-06-04 09:13:17,22.9875,6.75,0.647,3.819,B,#2,HOLDING,0.834A/B
54606,2026-06-04 09:13:19,23.0125,6.75,0.821,5.963,B,#2,HOLDING,0.873A/B
54607,2026-06-04 09:13:21,23.0625,6.75,0.821,5.963,B,#2,HOLDING,0.920A/B
54608,2026-06-04 09:13:23,23.1125,6.75,0.821,5.963,B,#2,HOLDING,0.899A/B
54609,2026-06-04 09:13:25,23.1875,7.68,0.821,5.963,B,#2,HOLDING,0.929A/B
54610,2026-06-04 09:13:27,23.2875,7.68,0.912,7.459,B,#2,HOLDING,0.953A/B
54611,2026-06-04 09:13:29,23.3375,7.68,0.912,7.459,B,#2,HOLDING,0.992A/B
54612,2026-06-04 09:13:31,23.4125,7.68,0.912,7.459,B,#2,HOLDING,1.000A/B
54613,2026-06-04 09:13:33,23.5125,8.58,0.912,7.459,B,#2,HOLDING,1.013A/B
54614,2026-06-04 09:13:34,23.6000,8.58,1.012,8.925,B,#2,HOLDING,1.027A/B
54615,2026-06-04 09:13:37,23.7000,8.58,1.012,8.925,B,#2,HOLDING,1.047A/B
54616,2026-06-04 09:13:38,23.8000,8.58,1.012,8.925,B,#2,HOLDING,1.055A/B
54617,2026-06-04 09:13:40,23.9500,9.15,1.012,8.925,B,#2,HOLDING,1.055A/B
54618,2026-06-04 09:13:42,24.0500,9.15,1.055,9.822,B,#2,HOLDING,1.055A/B
54619,2026-06-04 09:13:44,24.1750,9.15,1.055,9.822,B,#2,HOLDING,1.053A/B
54620,2026-06-04 09:13:46,24.2875,9.15,1.055,9.822,B,#2,HOLDING,1.049A/B
54621,2026-06-04 09:13:48,24.4375,9.26,1.055,9.822,B,#2,HOLDING,1.031A/B
54622,2026-06-04 09:13:50,24.5500,9.26,1.031,9.557,B,#2,HOLDING,1.013A/B
54623,2026-06-04 09:13:52,24.7000,9.26,1.031,9.557,B,#2,HOLDING,0.985A/B
54624,2026-06-04 09:13:54,24.8000,9.26,1.031,9.557,B,#2,HOLDING,0.966A/B
54625,2026-06-04 09:13:56,24.9500,8.78,1.031,9.557,B,#2,HOLDING,0.930A/B
54626,2026-06-04 09:13:57,25.1000,8.78,0.943,8.025,B,#3,APPROACH,0.840A/B
54627,2026-06-04 09:14:00,25.2250,8.78,0.943,8.025,A,#3,APPROACH,0.125A/A
54628,2026-06-04 09:14:02,25.3625,8.78,0.943,8.025,A,#3,APPROACH,0.200A/A
54629,2026-06-04 09:14:04,25.5125,8.78,0.943,8.025,A,#3,APPROACH,0.289A/A
54630,2026-06-04 09:14:06,25.6750,3.29,0.289,8.025,A,#3,APPROACH,0.412A/A
54631,2026-06-04 09:14:08,25.7750,3.29,0.289,1.215,A,#3,APPROACH,0.506A/A
54632,2026-06-04 09:14:10,25.9125,3.29,0.289,1.215,A,#3,APPROACH,0.600A/A
54633,2026-06-04 09:14:11,26.0125,3.29,0.289,1.215,A,#3,APPROACH,0.690A/A
54634,2026-06-04 09:14:13,26.1000,5.23,0.289,1.215,A,#3,APPROACH,0.797A/A
54635,2026-06-04 09:14:15,26.1500,5.23,0.782,5.084,A,#3,APPROACH,0.892A/A
54636,2026-06-04 09:14:17,26.2250,5.23,0.782,5.084,A,#3,APPROACH,1.000A/A
54637,2026-06-04 09:14:19,26.3000,5.23,0.782,5.084,A,#3,APPROACH,1.031A/A
54638,2026-06-04 09:14:21,26.3125,8.08,0.782,5.084,A,#3,APPROACH,1.129A/A
54639,2026-06-04 09:14:23,26.3375,8.08,1.111,10.194,A,#3,APPROACH,1.000A/A
54640,2026-06-04 09:14:25,26.3250,8.08,1.111,10.194,A,#3,APPROACH,1.239A/A
54641,2026-06-04 09:14:27,26.3250,8.08,1.111,10.194,A,#3,APPROACH,1.000A/A
54642,2026-06-04 09:14:28,26.3125,8.18,1.111,10.194,A,#3,APPROACH,1.334A/A
54643,2026-06-04 09:14:30,26.3125,8.18,1.301,14.367,A,#3,APPROACH,1.000A/A
54644,2026-06-04 09:14:33,26.3000,8.18,1.301,14.367,A,#3,APPROACH,1.444A/A
54645,2026-06-04 09:14:34,26.2000,8.18,1.301,14.367,A,#3,APPROACH,1.500A/A
54646,2026-06-04 09:14:36,26.1500,11.79,1.301,14.367,A,#3,APPROACH,1.000A/A
54647,2026-06-04 09:14:38,26.0750,11.79,1.093,8.600,A,#3,APPROACH,1.501A/A
54648,2026-06-04 09:14:40,26.0000,11.79,1.093,8.600,A,#3,APPROACH,1.631A/A
54649,2026-06-04 09:14:42,25.9000,11.79,1.093,8.600,A,#3,APPROACH,1.000A/A
54650,2026-06-04 09:14:44,25.8000,8.60,1.093,8.600,A,#3,APPROACH,1.695A/A
54651,2026-06-04 09:14:46,25.6750,8.60,1.472,17.496,A,#3,APPROACH,1.000A/A
54652,2026-06-04 09:14:48,25.5750,8.60,1.472,17.496,A,#3,APPROACH,1.768A/A
54653,2026-06-04 09:14:50,25.4250,8.60,1.472,17.496,A,#3,APPROACH,1.500A/A
54654,2026-06-04 09:14:51,25.3000,12.00,1.472,17.496,A,#3,APPROACH,1.000A/A
54655,2026-06-04 09:14:53,25.1750,12.00,1.011,8.910,A,#3,APPROACH,1.805A/A
54656,2026-06-04 09:14:56,25.0125,12.00,1.011,8.910,A,#3,APPROACH,1.883A/A
54657,2026-06-04 09:14:57,24.8875,12.00,1.011,8.910,A,#3,APPROACH,1.926A/A
54658,2026-06-04 09:14:59,24.7250,12.00,1.011,8.910,A,#3,APPROACH,1.968A/A
54659,2026-06-04 09:15:01,24.5500,12.00,1.443,17.172,A,#3,APPROACH,1.000A/A
54660,2026-06-04 09:15:03,24.4000,12.00,1.443,17.172,A,#3,APPROACH,1.500A/A
54661,2026-06-04 09:15:05,24.2500,12.00,1.443,17.172,A,#3,HOLDING,1.941A/A
54662,2026-06-04 09:15:07,24.0750,12.00,1.443,17.172,OFF,#3,HOLDING,0.000A/OFF
54663,2026-06-04 09:15:08,24.0750,12.00,1.443,17.172,OFF,#3,HOLDING,0.000A/OFF
54664,2026-06-04 09:15:09,23.8750,12.00,0.716,17.172,OFF,#3,HOLDING,0.000A/OFF
54665,2026-06-04 09:15:10,23.8750,12.00,0.716,0.000,OFF,#3,HOLDING,0.000A/OFF
54666,2026-06-04 09:15:11,23.7250,12.00,0.716,0.000,OFF,#3,HOLDING,0.000A/OFF
54667,2026-06-04 09:15:12,23.7250,12.00,0.716,0.000,OFF,#3,HOLDING,0.000A/OFF
54668,2026-06-04 09:15:13,23.5500,12.00,0.716,0.000,OFF,#3,HOLDING,0.000A/OFF
54669,2026-06-04 09:15:14,23.5500,12.00,0.716,0.000,OFF,#3,HOLDING,0.000A/OFF
54670,2026-06-04 09:15:15,23.4000,12.00,0.000,0.000,OFF,#3,HOLDING,0.000A/OFF
54671,2026-06-04 09:15:16,23.4000,12.00,0.000,0.000,OFF,#3,HOLDING,0.000A/OFF
54672,2026-06-04 09:15:17,23.2750,12.00,0.000,0.000,OFF,#3,HOLDING,0.000A/OFF
54673,2026-06-04 09:15:18,23.2750,12.00,0.000,0.000,OFF,#3,HOLDING,0.000A/OFF
54674,2026-06-04 09:15:19,23.1375,12.00,0.000,0.000,OFF,#3,HOLDING,0.000A/OFF
54675,2026-06-04 09:15:20,23.0125,12.00,0.000,0.000,OFF,#3,HOLDING,0.000A/OFF
54676,2026-06-04 09:15:21,23.0125,12.00,0.000,0.000,OFF,#3,HOLDING,0.000A/OFF
54677,2026-06-04 09:15:22,22.9250,12.00,0.000,0.000,OFF,#3,HOLDING,0.000A/OFF
54678,2026-06-04 09:15:23,22.9250,12.00,0.000,0.000,OFF,#3,HOLDING,0.000A/OFF
54679,2026-06-04 09:15:24,22.8250,12.00,0.000,0.000,OFF,#3,HOLDING,0.000A/OFF
54680,2026-06-04 09:15:25,22.8250,12.00,0.000,0.000,OFF,#3,HOLDING,0.000A/OFF
54681,2026-06-04 09:15:26,22.7500,12.00,0.000,0.000,OFF,#3,HOLDING,0.000A/OFF
54682,2026-06-04 09:15:27,22.7500,12.00,0.000,0.000,OFF,#3,HOLDING,0.000A/OFF
54683,2026-06-04 09:15:28,22.7000,12.00,0.000,0.000,OFF,#3,HOLDING,0.000A/OFF
54684,2026-06-04 09:15:29,22.7000,12.00,0.000,0.000,OFF,#3,HOLDING,0.000A/OFF
54685,2026-06-04 09:15:30,22.6500,12.00,0.000,0.000,OFF,#3,HOLDING,0.000A/OFF
54686,2026-06-04 09:15:31,22.6500,12.00,0.000,0.000,OFF,#3,HOLDING,0.000A/OFF
54687,2026-06-04 09:15:32,22.5750,12.00,0.000,0.000,OFF,#3,HOLDING,0.000A/OFF
54688,2026-06-04 09:15:33,22.5750,12.00,0.000,0.000,OFF,#3,HOLDING,0.000A/OFF
54689,2026-06-04 09:15:34,22.5500,12.00,0.000,0.000,OFF,#3,HOLDING,0.000A/OFF
54690,2026-06-04 09:15:35,22.5500,12.00,0.000,0.000,OFF,#3,HOLDING,0.000A/OFF
54691,2026-06-04 09:15:36,22.5000,12.00,0.000,0.000,B,#3,HOLDING,0.113A/B
54692,2026-06-04 09:15:38,22.4375,12.00,0.000,0.000,B,#3,HOLDING,0.144A/B
54693,2026-06-04 09:15:39,22.4375,12.00,0.000,0.000,B,#3,HOLDING,0.171A/B
54694,2026-06-04 09:15:41,22.4375,1.21,0.000,0.000,B,#3,HOLDING,0.190A/B
54695,2026-06-04 09:15:43,22.4000,1.21,0.190,0.279,B,#3,HOLDING,0.220A/B
54696,2026-06-04 09:15:45,22.3500,1.21,0.190,0.279,B,#3,HOLDING,0.269A/B
54697,2026-06-04 09:15:47,22.3500,1.21,0.190,0.279,B,#3,HOLDING,0.300A/B
54698,2026-06-04 09:15:49,22.3750,2.39,0.190,0.279,B,#3,HOLDING,0.328A/B
54699,2026-06-04 09:15:51,22.3125,2.39,0.328,0.902,B,#3,HOLDING,0.367A/B
54700,2026-06-04 09:15:53,22.3250,2.39,0.328,0.902,B,#3,HOLDING,0.413A/B
54701,2026-06-04 09:15:55,22.3250,2.39,0.328,0.902,B,#3,HOLDING,0.447A/B
54702,2026-06-04 09:15:56,22.3500,3.77,0.328,0.902,B,#3,HOLDING,0.473A/B
54703,2026-06-04 09:15:58,22.3750,3.77,0.473,1.925,B,#3,HOLDING,0.506A/B
54704,2026-06-04 09:16:01,22.3875,3.77,0.473,1.925,B,#3,HOLDING,0.549A/B
54705,2026-06-04 09:16:02,22.3875,3.77,0.473,1.925,B,#3,HOLDING,0.580A/B
54706,2026-06-04 09:16:04,22.4375,4.99,0.473,1.925,B,#3,HOLDING,0.610A/B
54707,2026-06-04 09:16:06,22.4375,4.99,0.596,3.251,B,#4,APPROACH,0.643A/B
54708,2026-06-04 09:16:08,22.5125,4.99,0.596,3.251,A,#4,APPROACH,0.142A/A
54709,2026-06-04 09:16:10,22.5625,4.99,0.596,3.251,A,#4,APPROACH,0.196A/A
54710,2026-06-04 09:16:13,22.6250,4.99,0.596,3.251,A,#4,APPROACH,0.267A/A
54711,2026-06-04 09:16:15,22.6750,5.16,0.267,3.251,A,#4,APPROACH,0.360A/A
54712,2026-06-04 09:16:17,22.7500,5.16,0.267,1.144,A,#4,APPROACH,0.457A/A
54713,2026-06-04 09:16:18,22.7750,5.16,0.267,1.144,A,#4,APPROACH,0.539A/A
54714,2026-06-04 09:16:20,22.8125,5.16,0.267,1.144,A,#4,APPROACH,0.624A/A
54715,2026-06-04 09:16:22,22.8375,5.28,0.267,1.144,A,#4,APPROACH,0.718A/A
54716,2026-06-04 09:16:23,22.8375,5.28,0.669,4.451,A,#4,APPROACH,0.812A/A
54717,2026-06-04 09:16:26,22.8750,5.28,0.669,4.451,A,#4,APPROACH,0.940A/A
54718,2026-06-04 09:16:27,22.8750,5.28,0.669,4.451,A,#4,APPROACH,1.023A/A
54719,2026-06-04 09:16:29,22.8750,8.45,0.669,4.451,A,#4,APPROACH,1.124A/A
54720,2026-06-04 09:16:31,22.8750,8.45,1.069,10.486,A,#4,APPROACH,1.220A/A
54721,2026-06-04 09:16:34,22.8125,8.45,1.069,10.486,A,#4,APPROACH,1.336A/A
54722,2026-06-04 09:16:35,22.8125,8.45,1.069,10.486,A,#4,APPROACH,1.000A/A
54723,2026-06-04 09:16:37,22.7625,8.51,1.069,10.486,A,#4,APPROACH,1.411A/A
54724,2026-06-04 09:16:39,22.7625,8.51,1.202,16.282,A,#4,APPROACH,1.511A/A
54725,2026-06-04 09:16:41,22.6375,8.51,1.202,16.282,A,#4,APPROACH,1.610A/A
54726,2026-06-04 09:16:43,22.5875,8.51,1.202,16.282,A,#4,APPROACH,1.684A/A
54727,2026-06-04 09:16:45,22.5125,12.00,1.202,16.282,A,#4,APPROACH,1.758A/A
54728,2026-06-04 09:16:47,22.5125,12.00,1.472,17.472,A,#4,APPROACH,1.854A/A
54729,2026-06-04 09:16:49,22.3000,12.00,1.472,17.472,A,#4,APPROACH,1.500A/A
54730,2026-06-04 09:16:51,22.2375,12.00,1.472,17.472,A,#4,APPROACH,1.928A/A
54731,2026-06-04 09:16:52,22.1375,12.00,1.472,17.472,A,#4,APPROACH,1.985A/A
54732,2026-06-04 09:16:54,22.1375,12.00,1.446,17.184,A,#4,APPROACH,2.000A/A
54733,2026-06-04 09:16:57,21.8625,12.00,1.446,17.184,A,#4,APPROACH,2.000A/A
54734,2026-06-04 09:16:58,21.7375,12.00,1.446,17.184,A,#4,APPROACH,2.000A/A
54735,2026-06-04 09:17:00,21.5875,12.00,1.446,17.184,A,#4,APPROACH,1.000A/A
54736,2026-06-04 09:17:02,21.5875,12.00,1.217,9.110,A,#4,APPROACH,2.036A/A
54737,2026-06-04 09:17:04,21.3000,12.00,1.217,9.110,A,#4,APPROACH,2.000A/A
54738,2026-06-04 09:17:06,21.1750,12.00,1.217,9.110,A,#4,HOLDING,1.000A/A
54739,2026-06-04 09:17:08,21.0250,12.00,1.217,9.110,OFF,#4,HOLDING,0.000A/OFF
54740,2026-06-04 09:17:09,21.0250,9.01,1.217,9.110,OFF,#4,HOLDING,0.000A/OFF
54741,2026-06-04 09:17:10,20.8875,9.01,0.974,9.110,OFF,#4,HOLDING,0.000A/OFF
54742,2026-06-04 09:17:11,20.8875,9.01,0.974,0.000,OFF,#4,HOLDING,0.000A/OFF
54743,2026-06-04 09:17:12,20.7375,9.01,0.974,0.000,OFF,#4,HOLDING,0.000A/OFF
54744,2026-06-04 09:17:13,20.7375,9.01,0.974,0.000,OFF,#4,HOLDING,0.000A/OFF
54745,2026-06-04 09:17:14,20.6125,9.01,0.974,0.000,OFF,#4,HOLDING,0.000A/OFF
54746,2026-06-04 09:17:15,20.6125,12.00,0.974,0.000,OFF,#4,HOLDING,0.000A/OFF
54747,2026-06-04 09:17:16,20.5125,12.00,0.000,0.000,OFF,#4,HOLDING,0.000A/OFF
54748,2026-06-04 09:17:17,20.5125,12.00,0.000,0.000,A,#4,HOLDING,0.110A/A
54749,2026-06-04 09:17:18,20.4000,12.00,0.000,0.000,A,#4,HOLDING,0.104A/A
54750,2026-06-04 09:17:20,20.3250,12.00,0.000,0.000,A,#4,HOLDING,0.116A/A
54751,2026-06-04 09:17:22,20.2125,1.59,0.000,0.000,A,#4,HOLDING,0.107A/A
54752,2026-06-04 09:17:24,20.1875,1.59,0.107,0.164,A,#4,HOLDING,0.116A/A
54753,2026-06-04 09:17:26,20.1500,1.59,0.107,0.164,A,#4,HOLDING,0.119A/A
54754,2026-06-04 09:17:28,20.1000,1.59,0.107,0.164,A,#4,HOLDING,0.121A/A
54755,2026-06-04 09:17:30,20.0625,1.56,0.107,0.164,A,#4,HOLDING,0.114A/A
54756,2026-06-04 09:17:31,20.0375,1.56,0.114,0.168,A,#4,HOLDING,0.108A/A
54757,2026-06-04 09:17:34,20.0000,1.56,0.114,0.168,A,#4,HOLDING,0.101A/A
54758,2026-06-04 09:17:35,20.0000,1.56,0.114,0.168,OFF,#4,HOLDING,0.000A/OFF
54759,2026-06-04 09:17:36,20.0000,1.56,0.114,0.168,OFF,#4,HOLDING,0.000A/OFF
54760,2026-06-04 09:17:37,19.9750,12.00,0.114,0.168,OFF,#4,HOLDING,0.000A/OFF
54761,2026-06-04 09:17:38,19.9750,12.00,1.503,0.168,OFF,#4,HOLDING,0.000A/OFF
54762,2026-06-04 09:17:39,19.9500,12.00,1.503,0.000,OFF,#4,HOLDING,0.000A/OFF
54763,2026-06-04 09:17:40,19.9500,12.00,1.503,0.000,OFF,#4,HOLDING,0.000A/OFF
54764,2026-06-04 09:17:41,19.9375,12.00,1.503,0.000,OFF,#4,HOLDING,0.000A/OFF
54765,2026-06-04 09:17:42,19.9375,12.00,1.503,0.000,OFF,#4,HOLDING,0.000A/OFF
54766,2026-06-04 09:17:44,19.9375,12.00,1.503,0.000,OFF,#4,HOLDING,0.000A/OFF
54767,2026-06-04 09:17:45,19.9250,12.00,0.000,0.000,OFF,#4,HOLDING,0.000A/OFF
54768,2026-06-04 09:17:46,19.9250,12.00,0.000,0.000,OFF,#4,HOLDING,0.000A/OFF
54769,2026-06-04 09:17:47,19.9000,12.00,0.000,0.000,OFF,#4,HOLDING,0.000A/OFF
54770,2026-06-04 09:17:48,19.9000,12.00,0.000,0.000,OFF,#4,HOLDING,0.000A/OFF
54771,2026-06-04 09:17:49,19.9250,12.00,0.000,0.000,OFF,#4,HOLDING,0.000A/OFF
54772,2026-06-04 09:17:50,19.9250,12.00,0.000,0.000,OFF,#4,HOLDING,0.000A/OFF
54773,2026-06-04 09:17:51,19.9000,12.00,0.000,0.000,OFF,#4,HOLDING,0.000A/OFF
54774,2026-06-04 09:17:52,19.9000,12.00,0.000,0.000,OFF,#4,HOLDING,0.000A/OFF
54775,2026-06-04 09:17:53,19.9125,12.00,0.000,0.000,OFF,#4,HOLDING,0.000A/OFF
54776,2026-06-04 09:17:54,19.9125,12.00,0.000,0.000,OFF,#4,HOLDING,0.000A/OFF
54777,2026-06-04 09:17:55,19.9125,12.00,0.000,0.000,OFF,#4,HOLDING,0.000A/OFF
54778,2026-06-04 09:17:56,19.9125,12.00,0.000,0.000,OFF,#4,HOLDING,0.000A/OFF
54779,2026-06-04 09:17:57,19.9375,12.00,0.000,0.000,OFF,#4,HOLDING,0.000A/OFF
54780,2026-06-04 09:17:58,19.9375,12.00,0.000,0.000,OFF,#4,HOLDING,0.000A/OFF
54781,2026-06-04 09:17:59,19.9375,12.00,0.000,0.000,OFF,#4,HOLDING,0.000A/OFF
54782,2026-06-04 09:18:00,19.9375,12.00,0.000,0.000,OFF,#4,HOLDING,0.000A/OFF
54783,2026-06-04 09:18:01,20.0000,12.00,0.000,0.000,OFF,#4,HOLDING,0.000A/OFF
54784,2026-06-04 09:18:02,20.0000,12.00,0.000,0.000,OFF,#4,HOLDING,0.000A/OFF
54785,2026-06-04 09:18:03,20.0000,12.00,0.000,0.000,OFF,#4,HOLDING,0.000A/OFF
54786,2026-06-04 09:18:04,20.0125,12.00,0.000,0.000,OFF,#4,HOLDING,0.000A/OFF
54787,2026-06-04 09:18:05,20.0125,12.00,0.000,0.000,OFF,#4,HOLDING,0.000A/OFF
54788,2026-06-04 09:18:06,20.0625,12.00,0.000,0.000,OFF,#4,HOLDING,0.000A/OFF
54789,2026-06-04 09:18:07,20.0625,12.00,0.000,0.000,OFF,#5,APPROACH,0.000A/OFF
54790,2026-06-04 09:18:08,20.1000,12.00,0.000,0.000,A,#5,APPROACH,0.145A/A
54791,2026-06-04 09:18:10,20.1250,12.00,0.000,0.000,A,#5,APPROACH,0.173A/A
54792,2026-06-04 09:18:12,20.1500,1.83,0.000,0.000,A,#5,APPROACH,0.221A/A
54793,2026-06-04 09:18:14,20.1750,1.83,0.195,0.497,A,#5,APPROACH,0.290A/A
54794,2026-06-04 09:18:16,20.2125,1.83,0.195,0.497,A,#5,APPROACH,0.389A/A
54795,2026-06-04 09:18:18,20.2375,1.83,0.195,0.497,A,#5,APPROACH,0.468A/A
54796,2026-06-04 09:18:20,20.2875,4.16,0.195,0.497,A,#5,APPROACH,0.578A/A
54797,2026-06-04 09:18:22,20.2875,4.16,0.520,2.994,A,#5,APPROACH,0.685A/A
54798,2026-06-04 09:18:24,20.3125,4.16,0.520,2.994,A,#5,APPROACH,0.822A/A
54799,2026-06-04 09:18:25,20.3125,4.16,0.520,2.994,A,#5,APPROACH,0.917A/A
54800,2026-06-04 09:18:27,20.3375,7.72,0.520,2.994,A,#5,APPROACH,1.032A/A
54801,2026-06-04 09:18:29,20.3625,7.72,0.972,8.999,A,#5,APPROACH,1.146A/A
54802,2026-06-04 09:18:32,20.3750,7.72,0.972,8.999,A,#5,APPROACH,1.294A/A
54803,2026-06-04 09:18:33,20.3250,7.72,0.972,8.999,A,#5,APPROACH,1.386A/A
54804,2026-06-04 09:18:35,20.3125,11.15,0.972,8.999,A,#5,APPROACH,1.497A/A
54805,2026-06-04 09:18:37,20.2875,11.15,1.434,17.640,A,#5,APPROACH,1.500A/A
54806,2026-06-04 09:18:39,20.2500,11.15,1.434,17.640,A,#5,APPROACH,1.599A/A
54807,2026-06-04 09:18:41,20.2000,11.15,1.434,17.640,A,#5,APPROACH,1.684A/A
54808,2026-06-04 09:18:43,20.1500,12.00,1.434,17.640,A,#5,APPROACH,1.785A/A
54809,2026-06-04 09:18:45,20.0750,12.00,1.457,17.304,A,#5,APPROACH,1.879A/A
54810,2026-06-04 09:18:47,20.0250,12.00,1.457,17.304,A,#5,APPROACH,1.000A/A
54811,2026-06-04 09:18:49,19.9250,12.00,1.457,17.304,A,#5,APPROACH,1.500A/A
54812,2026-06-04 09:18:50,19.8250,12.00,1.457,17.304,A,#5,APPROACH,1.989A/A
54813,2026-06-04 09:18:52,19.7250,12.00,1.437,17.112,A,#5,APPROACH,2.067A/A
54814,2026-06-04 09:18:55,19.6125,12.00,1.437,17.112,A,#5,APPROACH,1.500A/A
54815,2026-06-04 09:18:56,19.5125,12.00,1.437,17.112,A,#5,APPROACH,2.000A/A
54816,2026-06-04 09:18:58,19.4250,12.00,1.437,17.112,A,#5,APPROACH,1.500A/A
54817,2026-06-04 09:19:00,19.3000,12.00,1.423,16.956,A,#5,APPROACH,2.155A/A
54818,2026-06-04 09:19:02,19.2125,12.00,1.423,16.956,A,#5,APPROACH,1.500A/A
54819,2026-06-04 09:19:04,19.0875,12.00,1.423,16.956,A,#5,APPROACH,1.500A/A
54820,2026-06-04 09:19:06,18.9875,12.00,1.423,16.956,A,#5,APPROACH,2.000A/A
54821,2026-06-04 09:19:08,18.8625,12.00,1.415,16.836,A,#5,APPROACH,2.000A/A
54822,2026-06-04 09:19:10,18.7625,12.00,1.415,16.836,A,#5,APPROACH,2.223A/A
54823,2026-06-04 09:19:12,18.6375,12.00,1.415,16.836,A,#5,APPROACH,2.000A/A
54824,2026-06-04 09:19:13,18.5000,12.00,1.415,16.836,A,#5,APPROACH,2.248A/A
54825,2026-06-04 09:19:15,18.4000,12.00,1.401,16.680,A,#5,APPROACH,2.282A/A
54826,2026-06-04 09:19:18,18.3000,12.00,1.401,16.680,A,#5,HOLDING,1.500A/A
54827,2026-06-04 09:19:19,18.1750,12.00,1.401,16.680,OFF,#5,HOLDING,0.000A/OFF
54828,2026-06-04 09:19:20,18.1750,12.00,1.401,16.680,OFF,#5,HOLDING,0.000A/OFF
54829,2026-06-04 09:19:21,18.0500,12.00,1.401,16.680,OFF,#5,HOLDING,0.000A/OFF
54830,2026-06-04 09:19:22,18.0500,12.00,1.391,16.680,OFF,#5,HOLDING,0.000A/OFF
54831,2026-06-04 09:19:23,17.9250,12.00,1.391,0.000,OFF,#5,HOLDING,0.000A/OFF
54832,2026-06-04 09:19:24,17.9250,12.00,1.391,0.000,OFF,#5,HOLDING,0.000A/OFF
54833,2026-06-04 09:19:25,17.8375,12.00,1.391,0.000,OFF,#5,HOLDING,0.000A/OFF
54834,2026-06-04 09:19:26,17.8375,12.00,1.391,0.000,A,#5,HOLDING,0.109A/A
54835,2026-06-04 09:19:28,17.7125,12.02,0.109,0.000,A,#5,HOLDING,0.113A/A
54836,2026-06-04 09:19:30,17.6500,12.02,0.109,0.224,A,#5,HOLDING,0.135A/A
54837,2026-06-04 09:19:32,17.5750,12.02,0.109,0.224,A,#5,HOLDING,0.136A/A
54838,2026-06-04 09:19:33,17.5250,12.02,0.109,0.224,A,#5,HOLDING,0.149A/A
54839,2026-06-04 09:19:35,17.4750,2.14,0.109,0.224,A,#5,HOLDING,0.157A/A
54840,2026-06-04 09:19:37,17.4375,2.14,0.157,0.342,A,#5,HOLDING,0.166A/A
54841,2026-06-04 09:19:39,17.3875,2.14,0.157,0.342,A,#5,HOLDING,0.172A/A
54842,2026-06-04 09:19:41,17.3750,2.14,0.157,0.342,A,#5,HOLDING,0.178A/A
54843,2026-06-04 09:19:43,17.3750,2.21,0.157,0.342,A,#5,HOLDING,0.184A/A
54844,2026-06-04 09:19:45,17.3750,2.21,0.184,0.415,A,#5,HOLDING,0.190A/A
54845,2026-06-04 09:19:47,17.4000,2.21,0.184,0.415,A,#5,HOLDING,0.198A/A
54846,2026-06-04 09:19:49,17.4125,2.21,0.184,0.415,A,#5,HOLDING,0.203A/A
54847,2026-06-04 09:19:51,17.4375,2.31,0.184,0.415,A,#5,HOLDING,0.210A/A
54848,2026-06-04 09:19:52,17.4500,2.31,0.210,0.499,A,#5,HOLDING,0.215A/A
54849,2026-06-04 09:19:55,17.5000,2.31,0.210,0.499,A,#5,HOLDING,0.228A/A
54850,2026-06-04 09:19:56,17.5375,2.31,0.210,0.499,A,#5,HOLDING,0.237A/A
54851,2026-06-04 09:19:58,17.5625,2.51,0.210,0.499,A,#5,HOLDING,0.248A/A
54852,2026-06-04 09:20:00,17.5750,2.51,0.248,0.652,A,#5,HOLDING,0.257A/A
54853,2026-06-04 09:20:03,17.6500,2.51,0.248,0.652,A,#5,HOLDING,0.276A/A
54854,2026-06-04 09:20:04,17.6625,2.51,0.248,0.652,A,#5,HOLDING,0.287A/A
54855,2026-06-04 09:20:06,17.7125,2.87,0.248,0.652,A,#5,HOLDING,0.304A/A
54856,2026-06-04 09:20:08,17.7500,2.87,0.304,0.930,A,#5,HOLDING,0.319A/A
54857,2026-06-04 09:20:10,17.8000,2.87,0.304,0.930,A,#5,HOLDING,0.346A/A
54858,2026-06-04 09:20:12,17.8500,2.87,0.304,0.930,A,#5,HOLDING,0.365A/A
54859,2026-06-04 09:20:14,17.8750,3.49,0.304,0.930,A,#5,HOLDING,0.387A/A
54860,2026-06-04 09:20:16,17.8750,3.49,0.387,1.447,A,#5,HOLDING,0.403A/A
54861,2026-06-04 09:20:18,17.9250,3.49,0.387,1.447,OFF,--,DONE,0.431A/A
54862,2026-06-04 09:20:20,17.9625,3.49,0.387,1.447,OFF,--,DONE,--
54863,2026-06-04 09:20:21,17.9875,12.00,0.387,1.447,OFF,--,DONE,--
54864,2026-06-04 09:20:22,17.9875,12.00,0.000,1.447,OFF,--,DONE,--
54865,2026-06-04 09:20:23,18.0000,12.00,0.000,1.447,OFF,--,DONE,--
54866,2026-06-04 09:20:24,18.0000,12.00,0.000,0.000,OFF,--,DONE,--
54867,2026-06-04 09:20:25,18.0000,12.00,0.000,0.000,OFF,--,DONE,--
54868,2026-06-04 09:20:26,18.0625,12.00,0.000,0.000,OFF,--,DONE,--
54869,2026-06-04 09:20:27,18.0625,12.00,0.000,0.000,OFF,--,DONE,--
54870,2026-06-04 09:20:28,18.0875,12.00,0.000,0.000,OFF,--,DONE,--
54871,2026-06-04 09:20:29,18.0875,12.00,0.000,0.000,OFF,--,DONE,--
54872,2026-06-04 09:20:30,18.1625,12.00,0.000,0.000,OFF,--,DONE,--
54873,2026-06-04 09:20:31,18.1625,12.00,0.000,0.000,OFF,--,DONE,--
54874,2026-06-04 09:20:33,18.1875,12.00,0.000,0.000,OFF,--,DONE,--
54875,2026-06-04 09:20:34,18.1875,12.00,0.000,0.000,OFF,--,DONE,--
54876,2026-06-04 09:20:35,18.2500,12.00,0.000,0.000,OFF,--,DONE,--
54877,2026-06-04 09:20:36,18.2500,12.00,0.000,0.000,OFF,--,DONE,--
54878,2026-06-04 09:20:37,18.3000,12.00,0.000,0.000,OFF,--,DONE,--
54879,2026-06-04 09:20:38,18.3000,12.00,0.000,0.000,OFF,--,DONE,--
54880,2026-06-04 09:20:39,18.3500,12.00,0.000,0.000,OFF,--,DONE,--
54881,2026-06-04 09:20:40,18.3500,12.00,0.000,0.000,OFF,--,DONE,--
54882,2026-06-04 09:20:41,18.4000,12.00,0.000,0.000,OFF,--,DONE,--
54883,2026-06-04 09:20:42,18.4000,12.00,0.000,0.000,OFF,--,DONE,--
54884,2026-06-04 09:20:43,18.4750,12.00,0.000,0.000,OFF,--,DONE,--
54885,2026-06-04 09:20:44,18.4750,12.00,0.000,0.000,OFF,--,DONE,--
54886,2026-06-04 09:20:45,18.5250,12.00,0.000,0.000,OFF,--,DONE,--
54887,2026-06-04 09:20:46,18.5250,12.00,0.000,0.000,OFF,--,DONE,--
54888,2026-06-04 09:20:47,18.5750,12.00,0.000,0.000,OFF,--,DONE,--
54889,2026-06-04 09:20:48,18.6500,12.00,0.000,0.000,OFF,--,DONE,--
54890,2026-06-04 09:20:49,18.6500,12.00,0.000,0.000,OFF,--,DONE,--
54891,2026-06-04 09:20:50,18.6875,12.00,0.000,0.000,OFF,--,DONE,--
54892,2026-06-04 09:20:51,18.6875,12.00,0.000,0.000,OFF,--,DONE,--
54893,2026-06-04 09:20:52,18.7625,12.00,0.000,0.000,OFF,--,DONE,--
54894,2026-06-04 09:20:53,18.7625,12.00,0.000,0.000,OFF,--,DONE,--
54895,2026-06-04 09:20:54,18.8250,12.00,0.000,0.000,OFF,--,DONE,--
54896,2026-06-04 09:20:55,18.8250,12.00,0.000,0.000,OFF,--,DONE,--
54897,2026-06-04 09:20:56,18.9000,12.00,0.000,0.000,OFF,--,DONE,--
54898,2026-06-04 09:20:57,18.9000,12.00,0.000,0.000,OFF,--,DONE,--
54899,2026-06-04 09:20:58,18.9375,12.00,0.000,0.000,OFF,--,DONE,--
54900,2026-06-04 09:20:59,18.9375,12.00,0.000,0.000,OFF,--,DONE,--
54901,2026-06-04 09:21:00,18.9875,12.00,0.000,0.000,OFF,--,DONE,--
54902,2026-06-04 09:21:01,18.9875,12.00,0.000,0.000,OFF,--,DONE,--
54903,2026-06-04 09:21:02,19.0625,12.00,0.000,0.000,OFF,--,DONE,--
54904,2026-06-04 09:21:03,19.1125,12.00,0.000,0.000,OFF,--,DONE,--
54905,2026-06-04 09:21:04,19.1125,12.00,0.000,0.000,OFF,--,DONE,--
54906,2026-06-04 09:21:05,19.1625,12.00,0.000,0.000,OFF,--,DONE,--
54907,2026-06-04 09:21:06,19.1625,12.00,0.000,0.000,OFF,--,DONE,--
54908,2026-06-04 09:21:07,19.2375,12.00,0.000,0.000,OFF,--,DONE,--
54909,2026-06-04 09:21:08,19.2375,12.00,0.000,0.000,OFF,--,DONE,--
54910,2026-06-04 09:21:09,19.2875,12.00,0.000,0.000,OFF,--,DONE,--
54911,2026-06-04 09:21:10,19.2875,12.00,0.000,0.000,OFF,--,DONE,--
54912,2026-06-04 09:21:11,19.3375,12.00,0.000,0.000,OFF,--,DONE,--
54913,2026-06-04 09:21:12,19.3375,12.00,0.000,0.000,OFF,--,DONE,--
54914,2026-06-04 09:21:13,19.4125,12.00,0.000,0.000,OFF,--,DONE,--
54915,2026-06-04 09:21:14,19.4125,12.00,0.000,0.000,OFF,--,DONE,--
54916,2026-06-04 09:21:15,19.4375,12.00,0.000,0.000,OFF,--,DONE,--
54917,2026-06-04 09:21:16,19.4375,12.00,0.000,0.000,OFF,--,DONE,--
54918,2026-06-04 09:21:17,19.5375,12.00,0.000,0.000,OFF,--,DONE,--
54919,2026-06-04 09:21:18,19.5375,12.00,0.000,0.000,OFF,--,DONE,--
54920,2026-06-04 09:21:19,19.5875,12.00,0.000,0.000,OFF,--,DONE,--
54921,2026-06-04 09:21:20,19.5875,12.00,0.000,0.000,OFF,--,DONE,--
54922,2026-06-04 09:21:21,19.6250,12.00,0.000,0.000,OFF,--,DONE,--
54923,2026-06-04 09:21:23,19.6750,12.00,0.000,0.000,OFF,--,DONE,--
54924,2026-06-04 09:21:24,19.6750,12.00,0.000,0.000,OFF,--,DONE,--
54925,2026-06-04 09:21:25,19.7250,12.00,0.000,0.000,OFF,--,DONE,--
54926,2026-06-04 09:21:26,19.7250,12.00,0.000,0.000,OFF,--,DONE,--
54927,2026-06-04 09:21:27,19.7500,12.00,0.000,0.000,OFF,--,DONE,--
54928,2026-06-04 09:21:28,19.7500,12.00,0.000,0.000,OFF,--,DONE,--
54929,2026-06-04 09:21:29,19.8250,12.00,0.000,0.000,OFF,--,DONE,--
54930,2026-06-04 09:21:30,19.8250,12.00,0.000,0.000,OFF,--,DONE,--
54931,2026-06-04 09:21:31,19.8750,12.00,0.000,0.000,OFF,--,DONE,--
54932,2026-06-04 09:21:32,19.8750,12.00,0.000,0.000,OFF,--,DONE,--
54933,2026-06-04 09:21:33,19.9125,12.00,0.000,0.000,OFF,--,DONE,--
54934,2026-06-04 09:21:34,19.9125,12.00,0.000,0.000,OFF,--,DONE,--
54935,2026-06-04 09:21:35,19.9875,12.00,0.000,0.000,OFF,--,DONE,--
54936,2026-06-04 09:21:36,19.9875,12.00,0.000,0.000,OFF,--,DONE,--
54937,2026-06-04 09:21:37,20.0125,12.00,0.000,0.000,OFF,--,DONE,--
54938,2026-06-04 09:21:38,20.0625,12.00,0.000,0.000,OFF,--,DONE,--
54939,2026-06-04 09:21:39,20.0625,12.00,0.000,0.000,OFF,--,DONE,--
54940,2026-06-04 09:21:40,20.1000,12.00,0.000,0.000,OFF,--,DONE,--
54941,2026-06-04 09:21:41,20.1000,12.00,0.000,0.000,OFF,--,DONE,--
54942,2026-06-04 09:21:42,20.1250,12.00,0.000,0.000,OFF,--,DONE,--
54943,2026-06-04 09:21:43,20.1250,12.00,0.000,0.000,OFF,--,DONE,--
54944,2026-06-04 09:21:44,20.1875,12.00,0.000,0.000,OFF,--,DONE,--
54945,2026-06-04 09:21:45,20.1875,12.00,0.000,0.000,OFF,--,DONE,--
54946,2026-06-04 09:21:46,20.2375,12.00,0.000,0.000,OFF,--,DONE,--
54947,2026-06-04 09:21:47,20.2375,12.00,0.000,0.000,OFF,--,DONE,--
54948,2026-06-04 09:21:48,20.2875,12.00,0.000,0.000,OFF,--,DONE,--
54949,2026-06-04 09:21:49,20.2875,12.00,0.000,0.000,OFF,--,DONE,--
54950,2026-06-04 09:21:50,20.3125,12.00,0.000,0.000,OFF,--,DONE,--
54951,2026-06-04 09:21:51,20.3125,12.00,0.000,0.000,OFF,--,DONE,--
54952,2026-06-04 09:21:52,20.3750,12.00,0.000,0.000,OFF,--,DONE,--
54953,2026-06-04 09:21:53,20.4000,12.00,0.000,0.000,OFF,--,DONE,--
54954,2026-06-04 09:21:54,20.4000,12.00,0.000,0.000,OFF,--,DONE,--
54955,2026-06-04 09:21:55,20.4375,12.00,0.000,0.000,OFF,--,DONE,--
54956,2026-06-04 09:21:56,20.4375,12.00,0.000,0.000,OFF,--,DONE,--
54957,2026-06-04 09:21:57,20.4875,12.00,0.000,0.000,OFF,--,DONE,--
54958,2026-06-04 09:21:58,20.4875,12.00,0.000,0.000,OFF,--,DONE,--
54959,2026-06-04 09:21:59,20.5250,12.00,0.000,0.000,OFF,--,DONE,--
54960,2026-06-04 09:22:00,20.5250,12.00,0.000,0.000,OFF,--,DONE,--
54961,2026-06-04 09:22:01,20.5500,12.00,0.000,0.000,OFF,--,DONE,--
54962,2026-06-04 09:22:02,20.5500,12.00,0.000,0.000,OFF,--,DONE,--
54963,2026-06-04 09:22:03,20.5750,12.00,0.000,0.000,OFF,--,DONE,--
54964,2026-06-04 09:22:04,20.5750,12.00,0.000,0.000,OFF,--,DONE,--
54965,2026-06-04 09:22:05,20.6500,12.00,0.000,0.000,OFF,--,DONE,--
54966,2026-06-04 09:22:06,20.6500,12.00,0.000,0.000,OFF,--,DONE,--
54967,2026-06-04 09:22:08,20.6625,12.00,0.000,0.000,OFF,--,DONE,--
54968,2026-06-04 09:22:09,20.6875,12.00,0.000,0.000,OFF,--,DONE,--
54969,2026-06-04 09:22:10,20.6875,12.00,0.000,0.000,OFF,--,DONE,--
54970,2026-06-04 09:22:11,20.6875,12.00,0.000,0.000,OFF,--,DONE,--
54971,2026-06-04 09:22:12,20.6875,12.00,0.000,0.000,OFF,--,DONE,--
54972,2026-06-04 09:22:13,20.7375,12.00,0.000,0.000,OFF,--,DONE,--
54973,2026-06-04 09:22:14,20.7375,12.00,0.000,0.000,OFF,--,DONE,--
54974,2026-06-04 09:22:15,20.7750,12.00,0.000,0.000,OFF,--,DONE,--
54975,2026-06-04 09:22:16,20.7750,12.00,0.000,0.000,OFF,--,DONE,--
54976,2026-06-04 09:22:17,20.8000,12.00,0.000,0.000,OFF,--,DONE,--
54977,2026-06-04 09:22:18,20.8000,12.00,0.000,0.000,OFF,--,DONE,--
54978,2026-06-04 09:22:19,20.8250,12.00,0.000,0.000,OFF,--,DONE,--
54979,2026-06-04 09:22:20,20.8250,12.00,0.000,0.000,OFF,--,DONE,--
54980,2026-06-04 09:22:21,20.8750,12.00,0.000,0.000,OFF,--,DONE,--
54981,2026-06-04 09:22:22,20.8750,12.00,0.000,0.000,OFF,--,DONE,--
54982,2026-06-04 09:22:23,20.8750,12.00,0.000,0.000,OFF,#1,HOLDING,0.000A/OFF
54983,2026-06-04 09:22:24,20.8750,12.00,0.000,0.000,OFF,#1,HOLDING,0.000A/OFF
54984,2026-06-04 09:22:25,20.9250,12.00,0.000,0.000,OFF,#1,HOLDING,0.000A/OFF
54985,2026-06-04 09:22:26,20.9250,12.00,0.000,0.000,OFF,#1,HOLDING,0.000A/OFF
54986,2026-06-04 09:22:27,20.9375,12.00,0.000,0.000,OFF,#1,HOLDING,0.000A/OFF
54987,2026-06-04 09:22:28,20.9875,12.00,0.000,0.000,OFF,#1,HOLDING,0.000A/OFF
54988,2026-06-04 09:22:29,20.9875,12.00,0.000,0.000,OFF,#1,HOLDING,0.000A/OFF
54989,2026-06-04 09:22:30,21.0000,12.00,0.000,0.000,OFF,#1,HOLDING,0.000A/OFF
54990,2026-06-04 09:22:31,21.0000,12.00,0.000,0.000,OFF,#1,HOLDING,0.000A/OFF
54991,2026-06-04 09:22:32,21.0000,12.00,0.000,0.000,OFF,#1,HOLDING,0.000A/OFF
54992,2026-06-04 09:22:33,21.0000,12.00,0.000,0.000,OFF,#1,HOLDING,0.000A/OFF
54993,2026-06-04 09:22:34,21.0625,12.00,0.000,0.000,A,#1,HOLDING,0.113A/A
54994,2026-06-04 09:22:36,21.0625,1.26,0.000,0.000,A,#1,HOLDING,0.136A/A
54995,2026-06-04 09:22:38,21.1250,1.26,0.136,0.199,A,#1,HOLDING,0.165A/A
54996,2026-06-04 09:22:40,21.1250,1.26,0.136,0.199,A,#1,HOLDING,0.179A/A
54997,2026-06-04 09:22:42,21.1250,1.26,0.136,0.199,A,#1,HOLDING,0.210A/A
54998,2026-06-04 09:22:44,21.1500,2.07,0.136,0.199,A,#1,HOLDING,0.250A/A
54999,2026-06-04 09:22:46,21.1875,2.07,0.250,0.617,A,#1,HOLDING,0.314A/A
55000,2026-06-04 09:22:48,21.1875,2.07,0.250,0.617,A,#1,HOLDING,0.394A/A
55001,2026-06-04 09:22:50,21.1875,2.07,0.250,0.617,A,#1,HOLDING,0.488A/A
55002,2026-06-04 09:22:51,21.2125,4.23,0.250,0.617,A,#1,HOLDING,0.520A/A
55003,2026-06-04 09:22:53,21.2250,4.23,0.520,2.407,A,#1,HOLDING,0.550A/A
55004,2026-06-04 09:22:56,21.2500,4.23,0.520,2.407,A,#1,HOLDING,0.723A/A
55005,2026-06-04 09:22:57,21.2125,4.23,0.520,2.407,A,#1,HOLDING,0.621A/A
55006,2026-06-04 09:22:59,21.2125,5.43,0.520,2.407,A,#1,HOLDING,0.780A/A
55007,2026-06-04 09:23:01,21.1875,5.43,0.764,5.311,A,#1,HOLDING,0.878A/A
55008,2026-06-04 09:23:03,21.1875,5.43,0.764,5.311,A,#1,HOLDING,1.033A/A
55009,2026-06-04 09:23:05,21.1500,5.43,0.764,5.311,A,#1,HOLDING,1.149A/A
55010,2026-06-04 09:23:07,21.1250,9.40,0.764,5.311,A,#1,HOLDING,1.305A/A
55011,2026-06-04 09:23:09,21.1125,9.40,1.305,14.015,A,#1,HOLDING,1.718A/A
55012,2026-06-04 09:23:11,21.0625,9.40,1.305,14.015,A,#1,HOLDING,1.053A/A
55013,2026-06-04 09:23:13,21.0000,9.40,1.305,14.015,A,#1,HOLDING,1.225A/A
55014,2026-06-04 09:23:14,20.9500,10.12,1.305,14.015,A,#1,HOLDING,1.457A/A
55015,2026-06-04 09:23:16,20.8750,10.12,1.336,17.454,A,#1,HOLDING,1.627A/A
55016,2026-06-04 09:23:19,20.8000,10.12,1.336,17.454,A,#1,HOLDING,1.731A/A
55017,2026-06-04 09:23:20,20.7375,10.12,1.336,17.454,A,#1,HOLDING,1.000A/A
55018,2026-06-04 09:23:22,20.6375,8.81,1.336,17.454,A,#1,HOLDING,0.778A/A
55019,2026-06-04 09:23:24,20.5250,8.81,0.863,5.718,B,#2,APPROACH,0.109A/B
55020,2026-06-04 09:23:26,20.4250,8.81,0.863,5.718,B,#2,APPROACH,2.000A/B
55021,2026-06-04 09:23:28,20.3250,8.81,0.863,5.718,B,#2,APPROACH,1.000A/B
55022,2026-06-04 09:23:31,20.2000,8.81,0.863,5.718,B,#2,APPROACH,1.000A/B
55023,2026-06-04 09:23:33,20.1250,9.91,1.000,5.718,B,#2,APPROACH,3.000A/B
55024,2026-06-04 09:23:35,20.0750,9.91,1.000,19.800,B,#2,APPROACH,2.500A/B
55025,2026-06-04 09:23:36,20.0250,9.91,1.000,19.800,B,#2,APPROACH,2.500A/B
55026,2026-06-04 09:23:38,20.0000,9.91,1.000,19.800,B,#2,APPROACH,1.500A/B
55027,2026-06-04 09:23:40,20.0125,11.27,1.000,19.800,B,#2,APPROACH,1.000A/B
55028,2026-06-04 09:23:41,20.0625,11.27,1.012,8.140,B,#2,APPROACH,2.000A/B
55029,2026-06-04 09:23:44,20.1375,11.27,1.012,8.140,B,#2,APPROACH,2.000A/B
55030,2026-06-04 09:23:45,20.2125,11.27,1.012,8.140,B,#2,APPROACH,3.000A/B
55031,2026-06-04 09:23:47,20.3000,12.00,1.012,8.140,B,#2,APPROACH,3.000A/B
55032,2026-06-04 09:23:49,20.4250,12.00,1.523,18.012,B,#2,APPROACH,2.000A/B
55033,2026-06-04 09:23:51,20.5125,12.00,1.523,18.012,B,#2,APPROACH,2.500A/B
55034,2026-06-04 09:23:53,20.6375,12.00,1.523,18.012,B,#2,APPROACH,1.000A/B
55035,2026-06-04 09:23:55,20.8500,8.71,1.523,18.012,B,#2,APPROACH,1.500A/B
55036,2026-06-04 09:23:57,21.0000,8.71,1.285,17.460,B,#2,APPROACH,1.000A/B
55037,2026-06-04 09:23:59,21.1500,8.71,1.285,17.460,B,#2,APPROACH,1.000A/B
55038,2026-06-04 09:24:01,21.3500,8.71,1.285,17.460,B,#2,APPROACH,1.500A/B
55039,2026-06-04 09:24:03,21.5250,12.00,1.285,17.460,B,#2,APPROACH,1.500A/B
55040,2026-06-04 09:24:04,21.7000,12.00,1.436,17.004,B,#2,HOLDING,1.288A/B
55041,2026-06-04 09:24:07,21.9250,12.00,1.436,17.004,B,#2,HOLDING,0.711A/B
55042,2026-06-04 09:24:08,22.1250,12.00,1.436,17.004,B,#2,HOLDING,0.265A/B
55043,2026-06-04 09:24:10,22.3375,3.51,1.436,17.004,B,#2,HOLDING,0.175A/B
55044,2026-06-04 09:24:12,22.5625,3.51,0.175,0.488,B,#2,HOLDING,0.104A/B
55045,2026-06-04 09:24:14,22.7625,3.51,0.175,0.488,OFF,#2,HOLDING,0.000A/OFF
55046,2026-06-04 09:24:15,22.7625,3.51,0.175,0.488,OFF,#2,HOLDING,0.000A/OFF
55047,2026-06-04 09:24:16,22.9625,3.51,0.175,0.488,A,#2,HOLDING,0.316A/A
55048,2026-06-04 09:24:18,23.1500,12.00,0.000,0.488,A,#2,HOLDING,0.870A/A
55049,2026-06-04 09:24:20,23.3250,12.00,0.000,5.602,A,#2,HOLDING,1.263A/A
55050,2026-06-04 09:24:22,23.4875,12.00,0.000,5.602,A,#2,HOLDING,1.996A/A
55051,2026-06-04 09:24:23,23.6375,12.00,0.000,5.602,A,#2,HOLDING,1.838A/A
55052,2026-06-04 09:24:25,23.6375,12.00,0.000,5.602,A,#2,HOLDING,2.733A/A
55053,2026-06-04 09:24:27,23.7875,12.00,1.608,19.008,A,#2,HOLDING,3.000A/A
55054,2026-06-04 09:24:30,24.0125,12.00,1.608,19.008,A,#2,HOLDING,1.000A/A
55055,2026-06-04 09:24:31,24.0875,12.00,1.608,19.008,A,#2,HOLDING,1.000A/A
55056,2026-06-04 09:24:33,24.0875,8.13,1.608,19.008,A,#2,HOLDING,3.000A/A
55057,2026-06-04 09:24:35,24.1375,8.13,1.271,18.288,A,#2,HOLDING,1.500A/A
55058,2026-06-04 09:24:37,24.2125,8.13,1.271,18.288,A,#2,HOLDING,1.500A/A
55059,2026-06-04 09:24:39,24.2125,8.13,1.271,18.288,A,#2,HOLDING,2.500A/A
55060,2026-06-04 09:24:41,24.2125,12.00,1.271,18.288,A,#2,HOLDING,1.500A/A
55061,2026-06-04 09:24:42,24.2250,12.00,1.495,17.748,A,#2,HOLDING,1.500A/A
55062,2026-06-04 09:24:45,24.1875,12.00,1.495,17.748,A,#2,HOLDING,2.500A/A
55063,2026-06-04 09:24:46,24.1375,12.00,1.495,17.748,A,#2,HOLDING,2.500A/A
55064,2026-06-04 09:24:48,24.1375,12.00,1.495,17.748,A,#2,HOLDING,2.000A/A
55065,2026-06-04 09:24:50,24.0625,12.00,1.460,17.364,A,#2,HOLDING,2.000A/A
55066,2026-06-04 09:24:53,23.9250,12.00,1.460,17.364,A,#2,HOLDING,1.500A/A
55067,2026-06-04 09:24:54,23.8250,12.00,1.460,17.364,A,#2,HOLDING,1.000A/A
55068,2026-06-04 09:24:56,23.8250,8.84,1.460,17.364,A,#2,HOLDING,1.500A/A
55069,2026-06-04 09:24:58,23.7500,8.84,1.330,17.148,A,#2,HOLDING,2.500A/A
55070,2026-06-04 09:25:00,23.5250,8.84,1.330,17.148,A,#2,HOLDING,1.500A/A
55071,2026-06-04 09:25:02,23.5250,8.84,1.330,17.148,A,#2,HOLDING,1.000A/A
55072,2026-06-04 09:25:04,23.4000,8.90,1.330,17.148,A,#2,HOLDING,2.500A/A
55073,2026-06-04 09:25:06,23.3000,8.90,1.428,16.992,A,#2,HOLDING,1.000A/A
55074,2026-06-04 09:25:08,23.0500,8.90,1.428,16.992,A,#2,HOLDING,3.000A/A
55075,2026-06-04 09:25:09,23.0500,8.90,1.428,16.992,A,#2,HOLDING,2.917A/A
55076,2026-06-04 09:25:11,22.9250,12.00,1.428,16.992,A,#2,HOLDING,1.441A/A
55077,2026-06-04 09:25:13,22.8000,12.00,1.414,16.836,A,#2,HOLDING,0.544A/A
55078,2026-06-04 09:25:16,22.5500,12.00,1.414,16.836,B,#2,HOLDING,0.434A/B
55079,2026-06-04 09:25:17,22.5500,12.00,1.414,16.836,B,#2,HOLDING,0.553A/B
55080,2026-06-04 09:25:19,22.3750,3.75,1.414,16.836,B,#2,HOLDING,1.673A/B
55081,2026-06-04 09:25:21,22.2625,3.75,1.481,19.858,B,#2,HOLDING,2.000A/B
55082,2026-06-04 09:25:23,21.9625,3.75,1.481,19.858,B,#2,HOLDING,1.500A/B
55083,2026-06-04 09:25:25,21.9625,3.75,1.481,19.858,B,#2,HOLDING,2.500A/B
55084,2026-06-04 09:25:27,21.8875,12.00,1.481,19.858,B,#2,HOLDING,1.000A/B
55085,2026-06-04 09:25:29,21.8375,12.00,1.052,8.010,B,#2,HOLDING,2.500A/B
55086,2026-06-04 09:25:31,21.8250,12.00,1.052,8.010,B,#2,HOLDING,1.000A/B
55087,2026-06-04 09:25:33,21.8250,12.00,1.052,8.010,B,#2,HOLDING,1.296A/B
55088,2026-06-04 09:25:34,21.8750,10.24,1.052,8.010,B,#2,HOLDING,1.877A/B
55089,2026-06-04 09:25:36,21.9125,10.24,1.530,18.144,B,#2,HOLDING,1.809A/B
55090,2026-06-04 09:25:39,22.0625,10.24,1.530,18.144,B,#3,APPROACH,2.197A/B
55091,2026-06-04 09:25:40,22.0625,10.24,1.530,18.144,B,#3,APPROACH,1.532A/B
55092,2026-06-04 09:25:42,22.1625,10.24,1.530,18.144,B,#3,APPROACH,2.000A/B
55093,2026-06-04 09:25:44,22.3000,12.00,1.530,18.144,B,#3,APPROACH,2.500A/B
55094,2026-06-04 09:25:46,22.4250,12.00,1.451,17.220,B,#3,APPROACH,1.000A/B
55095,2026-06-04 09:25:48,22.7000,12.00,1.451,17.220,B,#3,APPROACH,2.000A/B
55096,2026-06-04 09:25:50,22.8625,12.00,1.451,17.220,B,#3,APPROACH,2.343A/B
55097,2026-06-04 09:25:52,23.0125,12.00,1.451,17.220,B,#3,APPROACH,2.709A/B
55098,2026-06-04 09:25:54,23.0125,12.00,1.413,16.776,B,#3,APPROACH,2.500A/B
55099,2026-06-04 09:25:56,23.3875,12.00,1.413,16.776,B,#3,APPROACH,2.605A/B
55100,2026-06-04 09:25:58,23.6125,12.00,1.413,16.776,B,#3,APPROACH,2.406A/B
55101,2026-06-04 09:26:00,23.8125,12.00,1.413,16.776,B,#3,APPROACH,2.000A/B
55102,2026-06-04 09:26:01,23.8125,12.00,1.380,16.392,B,#3,APPROACH,1.760A/B
55103,2026-06-04 09:26:04,24.2000,12.00,1.380,16.392,B,#3,APPROACH,1.738A/B
55104,2026-06-04 09:26:05,24.4250,12.00,1.380,16.392,B,#3,APPROACH,2.000A/B
55105,2026-06-04 09:26:07,24.6250,12.00,1.380,16.392,B,#3,HOLDING,1.699A/B
55106,2026-06-04 09:26:09,24.6250,12.00,1.353,16.080,B,#3,HOLDING,1.500A/B
55107,2026-06-04 09:26:12,25.0500,12.00,1.353,16.080,B,#3,HOLDING,0.453A/B
55108,2026-06-04 09:26:13,25.2375,12.00,1.353,16.080,B,#3,HOLDING,0.300A/B
55109,2026-06-04 09:26:15,25.4625,12.00,1.353,16.080,OFF,#3,HOLDING,0.000A/OFF
55110,2026-06-04 09:26:16,25.4625,4.12,0.300,16.080,OFF,#3,HOLDING,0.121A/B
55111,2026-06-04 09:26:18,25.6750,4.12,0.300,16.080,OFF,#3,HOLDING,0.000A/OFF
55112,2026-06-04 09:26:19,25.6750,4.12,0.300,0.000,OFF,#3,HOLDING,0.000A/OFF
55113,2026-06-04 09:26:20,25.9000,4.12,0.300,0.000,A,#3,HOLDING,0.410A/A
55114,2026-06-04 09:26:21,26.1125,4.12,0.300,0.000,A,#3,HOLDING,0.548A/A
55115,2026-06-04 09:26:23,26.3125,3.59,0.300,0.000,A,#3,HOLDING,0.987A/A
55116,2026-06-04 09:26:25,26.4500,3.59,0.942,7.293,A,#3,HOLDING,1.454A/A
55117,2026-06-04 09:26:27,26.6250,3.59,0.942,7.293,A,#3,HOLDING,1.846A/A
55118,2026-06-04 09:26:29,26.7375,3.59,0.942,7.293,A,#3,HOLDING,1.000A/A
55119,2026-06-04 09:26:31,26.8875,7.64,0.942,7.293,A,#3,HOLDING,1.500A/A
55120,2026-06-04 09:26:32,26.9500,7.64,1.449,17.205,A,#3,HOLDING,2.854A/A
55121,2026-06-04 09:26:35,27.0250,7.64,1.449,17.205,A,#3,HOLDING,1.500A/A
55122,2026-06-04 09:26:36,27.1000,7.64,1.449,17.205,A,#3,HOLDING,2.129A/A
55123,2026-06-04 09:26:38,27.1250,12.00,1.449,17.205,A,#3,HOLDING,2.690A/A
55124,2026-06-04 09:26:40,27.1625,12.00,1.545,18.252,A,#3,HOLDING,1.500A/A
55125,2026-06-04 09:26:42,27.1875,12.00,1.545,18.252,A,#3,HOLDING,1.500A/A
55126,2026-06-04 09:26:44,27.1875,12.00,1.545,18.252,A,#3,HOLDING,2.307A/A
55127,2026-06-04 09:26:46,27.1375,12.00,1.545,18.252,A,#3,HOLDING,1.000A/A
55128,2026-06-04 09:26:48,27.1250,12.00,1.026,8.560,A,#3,HOLDING,1.500A/A
55129,2026-06-04 09:26:50,27.0750,12.00,1.026,8.560,A,#3,HOLDING,1.525A/A
55130,2026-06-04 09:26:52,27.0250,12.00,1.026,8.560,A,#3,HOLDING,1.500A/A
55131,2026-06-04 09:26:54,26.9250,12.00,1.026,8.560,A,#3,HOLDING,1.059A/A
55132,2026-06-04 09:26:55,26.9250,12.00,1.266,9.668,A,#3,HOLDING,0.958A/A
55133,2026-06-04 09:26:58,26.7375,12.00,1.266,9.668,A,#3,HOLDING,0.727A/A
55134,2026-06-04 09:26:59,26.6500,12.00,1.266,9.668,A,#3,HOLDING,0.695A/A
55135,2026-06-04 09:27:01,26.5500,6.53,1.266,9.668,A,#3,HOLDING,0.685A/A
55136,2026-06-04 09:27:03,26.5500,6.53,0.685,4.486,A,#3,HOLDING,0.696A/A
55137,2026-06-04 09:27:05,26.3250,6.53,0.685,4.486,A,#3,HOLDING,0.738A/A
55138,2026-06-04 09:27:07,26.2000,6.53,0.685,4.486,A,#3,HOLDING,0.783A/A
55139,2026-06-04 09:27:09,26.1000,7.17,0.685,4.486,A,#3,HOLDING,0.732A/A
55140,2026-06-04 09:27:11,26.1000,7.17,0.755,5.036,A,#3,HOLDING,0.743A/A
55141,2026-06-04 09:27:13,25.8500,7.17,0.755,5.036,A,#3,HOLDING,0.704A/A
55142,2026-06-04 09:27:15,25.7375,7.17,0.755,5.036,A,#3,HOLDING,0.690A/A
55143,2026-06-04 09:27:17,25.5875,6.53,0.755,5.036,A,#3,HOLDING,0.664A/A
55144,2026-06-04 09:27:18,25.5875,6.53,0.675,4.276,A,#3,HOLDING,0.682A/A
55145,2026-06-04 09:27:21,25.3250,6.53,0.675,4.276,A,#3,HOLDING,0.637A/A
55146,2026-06-04 09:27:22,25.2125,6.53,0.675,4.276,A,#3,HOLDING,0.625A/A
55147,2026-06-04 09:27:24,25.0875,6.08,0.675,4.276,A,#3,HOLDING,0.602A/A
55148,2026-06-04 09:27:26,25.0875,6.08,0.602,3.593,A,#3,HOLDING,0.607A/A
55149,2026-06-04 09:27:28,24.8375,6.08,0.602,3.593,A,#3,HOLDING,0.562A/A
55150,2026-06-04 09:27:30,24.7375,6.08,0.602,3.593,A,#3,HOLDING,0.537A/A
55151,2026-06-04 09:27:32,24.6125,5.38,0.602,3.593,A,#3,HOLDING,0.483A/A
55152,2026-06-04 09:27:34,24.6125,5.38,0.483,2.424,A,#3,HOLDING,0.474A/A
55153,2026-06-04 09:27:36,24.3875,5.38,0.483,2.424,A,#3,HOLDING,0.353A/A
55154,2026-06-04 09:27:38,24.2750,5.38,0.483,2.424,A,#3,HOLDING,0.302A/A
55155,2026-06-04 09:27:40,24.1750,3.44,0.483,2.424,A,#3,HOLDING,0.235A/A
55156,2026-06-04 09:27:42,24.1750,3.44,0.235,0.683,A,#3,HOLDING,0.197A/A
55157,2026-06-04 09:27:44,23.9250,3.44,0.235,0.683,OFF,#3,HOLDING,0.000A/OFF
55158,2026-06-04 09:27:45,23.9250,3.44,0.235,0.683,OFF,#3,HOLDING,0.000A/OFF
55159,2026-06-04 09:27:46,23.8375,3.44,0.235,0.683,OFF,#3,HOLDING,0.000A/OFF
55160,2026-06-04 09:27:47,23.8375,3.44,0.235,0.683,OFF,#3,HOLDING,0.000A/OFF
55161,2026-06-04 09:27:48,23.7125,12.00,0.000,0.683,OFF,#3,HOLDING,0.000A/OFF
55162,2026-06-04 09:27:49,23.7125,12.00,0.000,0.683,OFF,#3,HOLDING,0.000A/OFF
55163,2026-06-04 09:27:50,23.6125,12.00,0.000,0.000,B,#3,HOLDING,0.149A/B
55164,2026-06-04 09:27:52,23.5375,12.00,0.000,0.000,B,#3,HOLDING,0.199A/B
55165,2026-06-04 09:27:53,23.5375,12.00,0.000,0.000,B,#3,HOLDING,0.264A/B
55166,2026-06-04 09:27:55,23.4625,2.02,0.000,0.000,B,#3,HOLDING,0.324A/B
55167,2026-06-04 09:27:57,23.3875,2.02,0.304,0.858,B,#3,HOLDING,0.410A/B
55168,2026-06-04 09:27:59,23.2625,2.02,0.304,0.858,B,#3,HOLDING,0.536A/B
55169,2026-06-04 09:28:00,23.2625,2.02,0.304,0.858,B,#3,HOLDING,0.601A/B
55170,2026-06-04 09:28:02,23.2375,4.99,0.304,0.858,B,#3,HOLDING,0.685A/B
55171,2026-06-04 09:28:04,23.1875,4.99,0.662,3.979,B,#3,HOLDING,0.771A/B
55172,2026-06-04 09:28:07,23.1250,4.99,0.662,3.979,B,#3,HOLDING,0.897A/B
55173,2026-06-04 09:28:08,23.1250,4.99,0.662,3.979,B,#3,HOLDING,0.974A/B
55174,2026-06-04 09:28:10,23.1250,7.99,0.662,3.979,B,#3,HOLDING,1.060A/B
55175,2026-06-04 09:28:12,23.1250,7.99,1.040,9.328,B,#3,HOLDING,1.147A/B
55176,2026-06-04 09:28:14,23.1250,7.99,1.040,9.328,B,#3,HOLDING,1.265A/B
55177,2026-06-04 09:28:16,23.1250,7.99,1.040,9.328,B,#3,HOLDING,1.000A/B
55178,2026-06-04 09:28:18,23.1625,8.39,1.040,9.328,B,#3,HOLDING,1.338A/B
55179,2026-06-04 09:28:20,23.1875,8.39,1.288,14.758,B,#3,HOLDING,1.423A/B
55180,2026-06-04 09:28:22,23.3375,8.39,1.288,14.758,B,#3,HOLDING,1.511A/B
55181,2026-06-04 09:28:24,23.3375,8.39,1.288,14.758,B,#3,HOLDING,1.587A/B
55182,2026-06-04 09:28:25,23.4125,12.00,1.288,14.758,B,#3,HOLDING,1.660A/B
55183,2026-06-04 09:28:27,23.5125,12.00,1.454,17.232,B,#3,HOLDING,1.000A/B
55184,2026-06-04 09:28:30,23.7000,12.00,1.454,17.232,B,#3,HOLDING,1.000A/B
55185,2026-06-04 09:28:31,23.7000,12.00,1.454,17.232,B,#3,HOLDING,1.500A/B
55186,2026-06-04 09:28:33,23.8250,12.00,1.454,17.232,B,#3,HOLDING,1.500A/B
55187,2026-06-04 09:28:35,24.0000,12.00,1.414,16.776,B,#3,HOLDING,1.697A/B
55188,2026-06-04 09:28:37,24.2625,12.00,1.414,16.776,B,#3,HOLDING,1.728A/B
55189,2026-06-04 09:28:39,24.2625,12.00,1.414,16.776,B,#3,HOLDING,1.783A/B
55190,2026-06-04 09:28:41,24.4250,12.00,1.414,16.776,B,#3,HOLDING,1.821A/B
55191,2026-06-04 09:28:43,24.5750,12.00,1.380,16.392,B,#3,HOLDING,1.000A/B
55192,2026-06-04 09:28:45,24.9375,12.00,1.380,16.392,B,#3,HOLDING,1.779A/B
55193,2026-06-04 09:28:47,24.9375,12.00,1.380,16.392,B,#3,HOLDING,1.816A/B
55194,2026-06-04 09:28:48,25.0875,12.00,1.380,16.392,B,#3,HOLDING,1.835A/B
55195,2026-06-04 09:28:50,25.2625,12.00,1.359,16.140,B,#3,HOLDING,1.500A/B
55196,2026-06-04 09:28:53,25.6250,12.00,1.359,16.140,B,#4,APPROACH,1.833A/B
55197,2026-06-04 09:28:54,25.6250,12.00,1.359,16.140,B,#4,APPROACH,0.109A/B
55198,2026-06-04 09:28:56,25.8000,12.00,1.359,16.140,OFF,#4,APPROACH,0.000A/OFF
55199,2026-06-04 09:28:57,25.9750,12.00,1.359,16.140,OFF,#4,APPROACH,0.000A/OFF
55200,2026-06-04 09:28:58,25.9750,12.00,1.359,16.140,OFF,#4,APPROACH,0.000A/OFF
55201,2026-06-04 09:28:59,26.1750,12.00,0.000,16.140,OFF,#4,APPROACH,0.000A/OFF
55202,2026-06-04 09:29:00,26.1750,12.00,0.000,0.000,B,#4,APPROACH,0.117A/B
55203,2026-06-04 09:29:01,26.3500,12.00,0.000,0.000,B,#4,APPROACH,0.119A/B
55204,2026-06-04 09:29:03,26.4875,12.00,0.000,0.000,B,#4,APPROACH,0.168A/B
55205,2026-06-04 09:29:05,26.6875,2.64,0.000,0.000,B,#4,HOLDING,0.128A/B
55206,2026-06-04 09:29:07,26.8250,2.64,0.146,0.000,OFF,#4,HOLDING,0.000A/OFF
55207,2026-06-04 09:29:08,26.8250,2.64,0.146,0.300,OFF,#4,HOLDING,0.000A/OFF
55208,2026-06-04 09:29:09,26.9500,2.64,0.146,0.300,OFF,#4,HOLDING,0.000A/OFF
55209,2026-06-04 09:29:10,26.9500,2.64,0.146,0.300,OFF,#4,HOLDING,0.000A/OFF
55210,2026-06-04 09:29:11,27.0750,2.64,0.146,0.300,OFF,#4,HOLDING,0.000A/OFF
55211,2026-06-04 09:29:12,27.2000,2.64,0.146,0.300,OFF,#4,HOLDING,0.000A/OFF
55212,2026-06-04 09:29:13,27.2000,12.00,0.146,0.300,OFF,#4,HOLDING,0.000A/OFF
55213,2026-06-04 09:29:14,27.2750,12.00,0.000,0.300,OFF,#4,HOLDING,0.000A/OFF
55214,2026-06-04 09:29:15,27.2750,12.00,0.000,0.000,OFF,#4,HOLDING,0.000A/OFF
55215,2026-06-04 09:29:16,27.4000,12.00,0.000,0.000,OFF,#4,HOLDING,0.000A/OFF
55216,2026-06-04 09:29:17,27.4000,12.00,0.000,0.000,OFF,#4,HOLDING,0.000A/OFF
55217,2026-06-04 09:29:18,27.4750,12.00,0.000,0.000,OFF,#4,HOLDING,0.000A/OFF
55218,2026-06-04 09:29:19,27.4750,12.00,0.000,0.000,B,#4,HOLDING,0.111A/B
55219,2026-06-04 09:29:20,27.5500,12.00,0.000,0.192,B,#4,HOLDING,0.105A/B
55220,2026-06-04 09:29:23,27.6000,12.00,0.000,0.192,B,#4,HOLDING,0.114A/B
55221,2026-06-04 09:29:24,27.6750,12.00,0.000,0.192,B,#4,HOLDING,0.103A/B
55222,2026-06-04 09:29:26,27.7250,1.59,0.000,0.192,B,#4,HOLDING,0.102A/B
55223,2026-06-04 09:29:28,27.7500,1.59,0.102,0.192,OFF,#4,HOLDING,0.000A/OFF
55224,2026-06-04 09:29:29,27.7500,1.59,0.102,0.163,OFF,#4,HOLDING,0.103A/B
55225,2026-06-04 09:29:31,27.7625,1.59,0.102,0.163,B,#4,HOLDING,0.101A/B
55226,2026-06-04 09:29:32,27.8375,1.59,0.102,0.163,B,#4,HOLDING,0.000A/OFF
55227,2026-06-04 09:29:33,27.8750,1.59,0.102,0.163,OFF,#4,HOLDING,0.000A/OFF
55228,2026-06-04 09:29:34,27.8750,12.00,0.102,0.163,OFF,#4,HOLDING,0.000A/OFF
55229,2026-06-04 09:29:35,27.8750,12.00,0.000,0.163,OFF,#4,HOLDING,0.000A/OFF
55230,2026-06-04 09:29:36,27.8750,12.00,0.000,0.000,OFF,#4,HOLDING,0.000A/OFF
55231,2026-06-04 09:29:37,27.8875,12.00,0.000,0.000,OFF,#4,HOLDING,0.000A/OFF
55232,2026-06-04 09:29:38,27.8875,12.00,0.000,0.000,OFF,#4,HOLDING,0.000A/OFF
55233,2026-06-04 09:29:39,27.9375,12.00,0.000,0.000,OFF,#4,HOLDING,0.000A/OFF
55234,2026-06-04 09:29:40,27.9375,12.00,0.000,0.000,OFF,#4,HOLDING,0.000A/OFF
55235,2026-06-04 09:29:41,27.9375,12.00,0.000,0.000,OFF,#4,HOLDING,0.000A/OFF
55236,2026-06-04 09:29:42,27.9375,12.00,0.000,0.000,OFF,#4,HOLDING,0.000A/OFF
55237,2026-06-04 09:29:43,27.9375,12.00,0.000,0.000,OFF,#4,HOLDING,0.000A/OFF
55238,2026-06-04 09:29:44,27.9375,12.00,0.000,0.000,OFF,#4,HOLDING,0.000A/OFF
55239,2026-06-04 09:29:45,27.9500,12.00,0.000,0.000,OFF,#4,HOLDING,0.000A/OFF
55240,2026-06-04 09:29:46,27.9500,12.00,0.000,0.000,OFF,#4,HOLDING,0.000A/OFF
55241,2026-06-04 09:29:47,27.9500,12.00,0.000,0.000,OFF,#4,HOLDING,0.000A/OFF
55242,2026-06-04 09:29:48,27.9375,12.00,0.000,0.000,OFF,#4,HOLDING,0.000A/OFF
55243,2026-06-04 09:29:50,27.9375,12.00,0.000,0.000,OFF,#4,HOLDING,0.000A/OFF
55244,2026-06-04 09:29:51,27.9375,12.00,0.000,0.000,OFF,#4,HOLDING,0.000A/OFF
55245,2026-06-04 09:29:52,27.9375,12.00,0.000,0.000,OFF,#4,HOLDING,0.000A/OFF
55246,2026-06-04 09:29:53,27.9375,12.00,0.000,0.000,OFF,#4,HOLDING,0.000A/OFF
55247,2026-06-04 09:29:54,27.9375,12.00,0.000,0.000,OFF,#4,HOLDING,0.000A/OFF
55248,2026-06-04 09:29:55,27.8875,12.00,0.000,0.000,OFF,#4,HOLDING,0.000A/OFF
55249,2026-06-04 09:29:56,27.8875,12.00,0.000,0.000,OFF,#4,HOLDING,0.000A/OFF
55250,2026-06-04 09:29:57,27.8750,12.00,0.000,0.000,OFF,#4,HOLDING,0.000A/OFF
55251,2026-06-04 09:29:58,27.8750,12.00,0.000,0.000,OFF,#4,HOLDING,0.000A/OFF
55252,2026-06-04 09:29:59,27.8500,12.00,0.000,0.000,OFF,#4,HOLDING,0.000A/OFF
55253,2026-06-04 09:30:00,27.8500,12.00,0.000,0.000,OFF,#4,HOLDING,0.000A/OFF
55254,2026-06-04 09:30:01,27.8125,12.00,0.000,0.000,OFF,#4,HOLDING,0.000A/OFF
55255,2026-06-04 09:30:02,27.8125,12.00,0.000,0.000,OFF,#4,HOLDING,0.000A/OFF
55256,2026-06-04 09:30:03,27.7625,12.00,0.000,0.000,OFF,#4,HOLDING,0.000A/OFF
55257,2026-06-04 09:30:04,27.7625,12.00,0.000,0.000,OFF,#4,HOLDING,0.000A/OFF
55258,2026-06-04 09:30:05,27.7500,12.00,0.000,0.000,OFF,#4,HOLDING,0.000A/OFF
55259,2026-06-04 09:30:06,27.7000,12.00,0.000,0.000,OFF,#5,APPROACH,0.000A/OFF
55260,2026-06-04 09:30:07,27.7000,11.71,0.000,0.000,B,#5,APPROACH,0.119A/B
55261,2026-06-04 09:30:09,27.6750,11.71,0.000,0.000,B,#5,APPROACH,0.147A/B
55262,2026-06-04 09:30:11,27.6250,11.71,0.000,0.000,B,#5,APPROACH,0.199A/B
55263,2026-06-04 09:30:13,27.5625,11.71,0.000,0.000,B,#5,APPROACH,0.275A/B
55264,2026-06-04 09:30:14,27.5375,11.71,0.000,0.000,B,#5,APPROACH,0.338A/B
55265,2026-06-04 09:30:16,27.4625,3.26,0.000,0.000,B,#5,APPROACH,0.433A/B
55266,2026-06-04 09:30:18,27.4375,3.26,0.389,1.796,B,#5,APPROACH,0.526A/B
55267,2026-06-04 09:30:21,27.3750,3.26,0.389,1.796,B,#5,APPROACH,0.656A/B
55268,2026-06-04 09:30:22,27.3750,3.26,0.389,1.796,B,#5,APPROACH,0.733A/B
55269,2026-06-04 09:30:24,27.3125,6.50,0.389,1.796,B,#5,APPROACH,0.839A/B
55270,2026-06-04 09:30:26,27.2875,6.50,0.788,6.250,B,#5,APPROACH,0.939A/B
55271,2026-06-04 09:30:28,27.2375,6.50,0.788,6.250,B,#5,APPROACH,1.077A/B
55272,2026-06-04 09:30:30,27.2125,6.50,0.788,6.250,B,#5,APPROACH,1.164A/B
55273,2026-06-04 09:30:32,27.1875,9.78,0.788,6.250,B,#5,APPROACH,1.271A/B
55274,2026-06-04 09:30:34,27.1875,9.78,1.215,13.663,B,#5,APPROACH,1.370A/B
55275,2026-06-04 09:30:36,27.1875,9.78,1.215,13.663,B,#5,APPROACH,1.501A/B
55276,2026-06-04 09:30:38,27.1875,9.78,1.215,13.663,B,#5,APPROACH,1.500A/B
55277,2026-06-04 09:30:39,27.2250,12.00,1.215,13.663,B,#5,APPROACH,1.582A/B
55278,2026-06-04 09:30:41,27.2500,12.00,1.430,16.992,B,#5,APPROACH,1.500A/B
55279,2026-06-04 09:30:44,27.3125,12.00,1.430,16.992,B,#5,APPROACH,1.671A/B
55280,2026-06-04 09:30:45,27.3375,12.00,1.430,16.992,B,#5,APPROACH,1.500A/B
55281,2026-06-04 09:30:47,27.4125,12.00,1.430,16.992,B,#5,APPROACH,1.746A/B
55282,2026-06-04 09:30:49,27.4875,12.00,1.393,16.548,B,#5,APPROACH,1.831A/B
55283,2026-06-04 09:30:51,27.5750,12.00,1.393,16.548,B,#5,APPROACH,1.939A/B
55284,2026-06-04 09:30:53,27.6500,12.00,1.393,16.548,B,#5,APPROACH,2.000A/B
55285,2026-06-04 09:30:55,27.7250,12.00,1.393,16.548,B,#5,APPROACH,2.005A/B
55286,2026-06-04 09:30:57,27.8250,12.00,1.363,16.176,B,#5,APPROACH,2.077A/B
55287,2026-06-04 09:30:59,27.9250,12.00,1.363,16.176,B,#5,APPROACH,2.172A/B
55288,2026-06-04 09:31:01,28.0500,12.00,1.363,16.176,B,#5,APPROACH,2.221A/B
55289,2026-06-04 09:31:02,28.1750,12.00,1.363,16.176,B,#5,APPROACH,1.500A/B
55290,2026-06-04 09:31:04,28.3250,12.00,1.340,15.912,B,#5,APPROACH,2.266A/B
55291,2026-06-04 09:31:07,28.4250,12.00,1.340,15.912,B,#5,APPROACH,2.000A/B
55292,2026-06-04 09:31:08,28.6000,12.00,1.340,15.912,B,#5,APPROACH,2.327A/B
55293,2026-06-04 09:31:10,28.7375,12.00,1.340,15.912,B,#5,APPROACH,2.369A/B
55294,2026-06-04 09:31:12,28.8875,12.00,1.320,15.684,B,#5,APPROACH,2.395A/B
55295,2026-06-04 09:31:14,28.9875,12.00,1.320,15.684,B,#5,APPROACH,1.000A/B
55296,2026-06-04 09:31:16,29.1375,12.00,1.320,15.684,B,#5,HOLDING,1.000A/B
55297,2026-06-04 09:31:18,29.3000,12.00,1.320,15.684,OFF,#5,HOLDING,0.000A/OFF
55298,2026-06-04 09:31:19,29.4500,9.72,1.320,15.684,OFF,#5,HOLDING,0.000A/OFF
55299,2026-06-04 09:31:20,29.4500,9.72,1.000,15.684,OFF,#5,HOLDING,0.000A/OFF
55300,2026-06-04 09:31:21,29.6125,9.72,1.000,0.000,OFF,#5,HOLDING,0.000A/OFF
55301,2026-06-04 09:31:22,29.6125,9.72,1.000,0.000,OFF,#5,HOLDING,0.000A/OFF
55302,2026-06-04 09:31:23,29.7625,9.72,1.000,0.000,OFF,#5,HOLDING,0.000A/OFF
55303,2026-06-04 09:31:24,29.7625,9.72,1.000,0.000,OFF,#5,HOLDING,0.000A/OFF
55304,2026-06-04 09:31:25,29.8625,12.00,1.000,0.000,OFF,#5,HOLDING,0.000A/OFF
55305,2026-06-04 09:31:26,29.8625,12.00,0.000,0.000,OFF,#5,HOLDING,0.000A/OFF
55306,2026-06-04 09:31:27,29.9875,12.00,0.000,0.000,OFF,#5,HOLDING,0.000A/OFF
55307,2026-06-04 09:31:28,29.9875,12.00,0.000,0.000,OFF,#5,HOLDING,0.000A/OFF
55308,2026-06-04 09:31:29,30.1125,12.00,0.000,0.000,OFF,#5,HOLDING,0.000A/OFF
55309,2026-06-04 09:31:30,30.1125,12.00,0.000,0.000,OFF,#5,HOLDING,0.000A/OFF
55310,2026-06-04 09:31:31,30.2125,12.00,0.000,0.000,OFF,#5,HOLDING,0.000A/OFF
55311,2026-06-04 09:31:32,30.2125,12.00,0.000,0.000,OFF,#5,HOLDING,0.000A/OFF
55312,2026-06-04 09:31:33,30.2875,12.00,0.000,0.000,OFF,#5,HOLDING,0.000A/OFF
55313,2026-06-04 09:31:34,30.3375,12.00,0.000,0.000,OFF,#5,HOLDING,0.000A/OFF
55314,2026-06-04 09:31:35,30.3375,12.00,0.000,0.000,OFF,#5,HOLDING,0.000A/OFF
55315,2026-06-04 09:31:36,30.4375,12.00,0.000,0.000,OFF,#5,HOLDING,0.000A/OFF
55316,2026-06-04 09:31:37,30.4375,12.00,0.000,0.000,OFF,#5,HOLDING,0.000A/OFF
55317,2026-06-04 09:31:38,30.4625,12.00,0.000,0.000,OFF,#5,HOLDING,0.000A/OFF
55318,2026-06-04 09:31:39,30.4625,12.00,0.000,0.000,OFF,#5,HOLDING,0.000A/OFF
55319,2026-06-04 09:31:40,30.5125,12.00,0.000,0.000,OFF,#5,HOLDING,0.000A/OFF
55320,2026-06-04 09:31:41,30.5125,12.00,0.000,0.000,OFF,#5,HOLDING,0.000A/OFF
55321,2026-06-04 09:31:42,30.5625,12.00,0.000,0.000,OFF,#5,HOLDING,0.000A/OFF
55322,2026-06-04 09:31:43,30.5625,12.00,0.000,0.000,OFF,#5,HOLDING,0.000A/OFF
55323,2026-06-04 09:31:44,30.5625,12.00,0.000,0.000,OFF,#5,HOLDING,0.000A/OFF
55324,2026-06-04 09:31:45,30.5625,12.00,0.000,0.000,OFF,#5,HOLDING,0.000A/OFF
55325,2026-06-04 09:31:46,30.5875,12.00,0.000,0.000,OFF,#5,HOLDING,0.000A/OFF
55326,2026-06-04 09:31:47,30.5875,12.00,0.000,0.000,OFF,#5,HOLDING,0.000A/OFF
55327,2026-06-04 09:31:48,30.5625,12.00,0.000,0.000,OFF,#5,HOLDING,0.000A/OFF
55328,2026-06-04 09:31:49,30.5625,12.00,0.000,0.000,OFF,#5,HOLDING,0.000A/OFF
55329,2026-06-04 09:31:50,30.5625,12.00,0.000,0.000,A,#5,HOLDING,0.110A/A
55330,2026-06-04 09:31:52,30.5000,12.00,0.000,0.000,A,#5,HOLDING,0.123A/A
55331,2026-06-04 09:31:54,30.5000,12.00,0.000,0.103,A,#5,HOLDING,0.141A/A
55332,2026-06-04 09:31:55,30.4750,12.00,0.000,0.103,A,#5,HOLDING,0.154A/A
55333,2026-06-04 09:31:57,30.4750,12.00,0.000,0.103,A,#5,HOLDING,0.176A/A
55334,2026-06-04 09:31:59,30.4500,1.31,0.000,0.103,A,#5,HOLDING,0.190A/A
55335,2026-06-04 09:32:01,30.4000,1.31,0.190,0.288,A,#5,HOLDING,0.203A/A
55336,2026-06-04 09:32:03,30.3000,1.31,0.190,0.288,A,#5,HOLDING,0.210A/A
55337,2026-06-04 09:32:05,30.3000,1.31,0.190,0.288,A,#5,HOLDING,0.222A/A
55338,2026-06-04 09:32:06,30.2250,1.84,0.190,0.288,A,#5,HOLDING,0.228A/A
55339,2026-06-04 09:32:08,30.1750,1.84,0.228,0.430,A,#5,HOLDING,0.237A/A
55340,2026-06-04 09:32:11,30.0625,1.84,0.228,0.430,A,#5,HOLDING,0.233A/A
55341,2026-06-04 09:32:12,30.0625,1.84,0.228,0.430,A,#5,HOLDING,0.241A/A
55342,2026-06-04 09:32:14,30.0125,2.08,0.228,0.430,A,#5,HOLDING,0.242A/A
55343,2026-06-04 09:32:16,29.9250,2.08,0.242,0.520,A,#5,HOLDING,0.239A/A
55344,2026-06-04 09:32:18,29.8000,2.08,0.242,0.520,OFF,--,DONE,0.221A/A
55345,2026-06-04 09:32:21,29.7000,2.08,0.242,0.520,OFF,--,DONE,--
55346,2026-06-04 09:32:22,29.7000,12.00,0.242,0.520,OFF,--,DONE,--
55347,2026-06-04 09:32:23,29.6125,12.00,0.000,0.520,OFF,--,DONE,--
55348,2026-06-04 09:32:24,29.5125,12.00,0.000,0.000,OFF,--,DONE,--
55349,2026-06-04 09:32:25,29.5125,12.00,0.000,0.000,OFF,--,DONE,--
55350,2026-06-04 09:32:26,29.4000,12.00,0.000,0.000,OFF,--,DONE,--
55351,2026-06-04 09:32:27,29.4000,12.00,0.000,0.000,OFF,--,DONE,--
55352,2026-06-04 09:32:28,29.3250,12.00,0.000,0.000,OFF,--,DONE,--
55353,2026-06-04 09:32:29,29.3250,12.00,0.000,0.000,OFF,--,DONE,--
55354,2026-06-04 09:32:30,29.2375,12.00,0.000,0.000,OFF,--,DONE,--
55355,2026-06-04 09:32:31,29.2375,12.00,0.000,0.000,OFF,--,DONE,--
55356,2026-06-04 09:32:32,29.0875,12.00,0.000,0.000,OFF,--,DONE,--
55357,2026-06-04 09:32:33,29.0875,12.00,0.000,0.000,OFF,--,DONE,--
55358,2026-06-04 09:32:34,29.0125,12.00,0.000,0.000,OFF,--,DONE,--
55359,2026-06-04 09:32:35,29.0125,12.00,0.000,0.000,OFF,--,DONE,--
55360,2026-06-04 09:32:36,28.9125,12.00,0.000,0.000,OFF,--,DONE,--
55361,2026-06-04 09:32:37,28.9125,12.00,0.000,0.000,OFF,--,DONE,--
55362,2026-06-04 09:32:38,28.8000,12.00,0.000,0.000,OFF,--,DONE,--
55363,2026-06-04 09:32:39,28.8000,12.00,0.000,0.000,OFF,--,DONE,--
55364,2026-06-04 09:32:40,28.6750,12.00,0.000,0.000,OFF,--,DONE,--
55365,2026-06-04 09:32:41,28.6750,12.00,0.000,0.000,OFF,--,DONE,--
55366,2026-06-04 09:32:42,28.5875,12.00,0.000,0.000,OFF,--,DONE,--
55367,2026-06-04 09:32:43,28.4875,12.00,0.000,0.000,OFF,--,DONE,--
55368,2026-06-04 09:32:44,28.4875,12.00,0.000,0.000,OFF,--,DONE,--
55369,2026-06-04 09:32:45,28.3875,12.00,0.000,0.000,OFF,--,DONE,--
55370,2026-06-04 09:32:46,28.3875,12.00,0.000,0.000,OFF,--,DONE,--
55371,2026-06-04 09:32:47,28.2875,12.00,0.000,0.000,OFF,--,DONE,--
55372,2026-06-04 09:32:48,28.2875,12.00,0.000,0.000,OFF,--,DONE,--
55373,2026-06-04 09:32:49,28.1500,12.00,0.000,0.000,OFF,--,DONE,--
55374,2026-06-04 09:32:50,28.1500,12.00,0.000,0.000,OFF,--,DONE,--
55375,2026-06-04 09:32:51,28.0750,12.00,0.000,0.000,OFF,--,DONE,--
55376,2026-06-04 09:32:52,28.0750,12.00,0.000,0.000,OFF,--,DONE,--
55377,2026-06-04 09:32:53,27.9875,12.00,0.000,0.000,OFF,--,DONE,--
55378,2026-06-04 09:32:54,27.9875,12.00,0.000,0.000,OFF,--,DONE,--
55379,2026-06-04 09:32:55,27.9125,12.00,0.000,0.000,OFF,--,DONE,--
55380,2026-06-04 09:32:56,27.9125,12.00,0.000,0.000,OFF,--,DONE,--
55381,2026-06-04 09:32:57,27.8125,12.00,0.000,0.000,OFF,--,DONE,--
55382,2026-06-04 09:32:58,27.7125,12.00,0.000,0.000,OFF,--,DONE,--
55383,2026-06-04 09:32:59,27.7125,12.00,0.000,0.000,OFF,--,DONE,--
55384,2026-06-04 09:33:01,27.6250,12.00,0.000,0.000,OFF,--,DONE,--
55385,2026-06-04 09:33:02,27.6250,12.00,0.000,0.000,OFF,--,DONE,--
55386,2026-06-04 09:33:03,27.5500,12.00,0.000,0.000,OFF,--,DONE,--
55387,2026-06-04 09:33:04,27.5500,12.00,0.000,0.000,OFF,--,DONE,--
55388,2026-06-04 09:33:05,27.4625,12.00,0.000,0.000,OFF,--,DONE,--
55389,2026-06-04 09:33:06,27.4625,12.00,0.000,0.000,OFF,--,DONE,--
55390,2026-06-04 09:33:07,27.3875,12.00,0.000,0.000,OFF,--,DONE,--
55391,2026-06-04 09:33:08,27.3875,12.00,0.000,0.000,OFF,--,DONE,--
55392,2026-06-04 09:33:09,27.3375,12.00,0.000,0.000,OFF,--,DONE,--
55393,2026-06-04 09:33:10,27.3375,12.00,0.000,0.000,OFF,--,DONE,--
55394,2026-06-04 09:33:11,27.2625,12.00,0.000,0.000,OFF,--,DONE,--
55395,2026-06-04 09:33:12,27.2625,12.00,0.000,0.000,OFF,--,DONE,--
55396,2026-06-04 09:33:13,27.1750,12.00,0.000,0.000,OFF,--,DONE,--
55397,2026-06-04 09:33:14,27.1000,12.00,0.000,0.000,OFF,--,DONE,--
55398,2026-06-04 09:33:15,27.1000,12.00,0.000,0.000,OFF,--,DONE,--
55399,2026-06-04 09:33:16,27.0250,12.00,0.000,0.000,OFF,--,DONE,--
55400,2026-06-04 09:33:17,27.0250,12.00,0.000,0.000,OFF,--,DONE,--
55401,2026-06-04 09:33:18,26.9500,12.00,0.000,0.000,OFF,--,DONE,--
55402,2026-06-04 09:33:19,26.9500,12.00,0.000,0.000,OFF,--,DONE,--
55403,2026-06-04 09:33:20,26.8375,12.00,0.000,0.000,OFF,--,DONE,--
55404,2026-06-04 09:33:21,26.8375,12.00,0.000,0.000,OFF,--,DONE,--
55405,2026-06-04 09:33:22,26.7625,12.00,0.000,0.000,OFF,--,DONE,--
55406,2026-06-04 09:33:23,26.7625,12.00,0.000,0.000,OFF,--,DONE,--
55407,2026-06-04 09:33:24,26.6750,12.00,0.000,0.000,OFF,--,DONE,--
55408,2026-06-04 09:33:25,26.6750,12.00,0.000,0.000,OFF,--,DONE,--
55409,2026-06-04 09:33:26,26.6250,12.00,0.000,0.000,OFF,--,DONE,--
55410,2026-06-04 09:33:27,26.6250,12.00,0.000,0.000,OFF,--,DONE,--
55411,2026-06-04 09:33:28,26.5375,12.00,0.000,0.000,OFF,--,DONE,--
55412,2026-06-04 09:33:29,26.4625,12.00,0.000,0.000,OFF,--,DONE,--
55413,2026-06-04 09:33:30,26.4625,12.00,0.000,0.000,OFF,--,DONE,--
55414,2026-06-04 09:33:31,26.3750,12.00,0.000,0.000,OFF,--,DONE,--
55415,2026-06-04 09:33:32,26.3750,12.00,0.000,0.000,OFF,--,DONE,--
55416,2026-06-04 09:33:33,26.2750,12.00,0.000,0.000,OFF,--,DONE,--
55417,2026-06-04 09:33:34,26.2750,12.00,0.000,0.000,OFF,--,DONE,--
55418,2026-06-04 09:33:35,26.2375,12.00,0.000,0.000,OFF,--,DONE,--
55419,2026-06-04 09:33:36,26.2375,12.00,0.000,0.000,OFF,--,DONE,--
55420,2026-06-04 09:33:37,26.1625,12.00,0.000,0.000,OFF,--,DONE,--
55421,2026-06-04 09:33:38,26.1625,12.00,0.000,0.000,OFF,--,DONE,--
55422,2026-06-04 09:33:39,26.0875,12.00,0.000,0.000,OFF,--,DONE,--
55423,2026-06-04 09:33:41,26.0875,12.00,0.000,0.000,OFF,--,DONE,--
55424,2026-06-04 09:33:42,26.0125,12.00,0.000,0.000,OFF,--,DONE,--
55425,2026-06-04 09:33:43,26.0125,12.00,0.000,0.000,OFF,--,DONE,--
55426,2026-06-04 09:33:44,25.9625,12.00,0.000,0.000,OFF,--,DONE,--
55427,2026-06-04 09:33:45,25.8875,12.00,0.000,0.000,OFF,--,DONE,--
55428,2026-06-04 09:33:46,25.8875,12.00,0.000,0.000,OFF,--,DONE,--
55429,2026-06-04 09:33:47,25.8375,12.00,0.000,0.000,OFF,--,DONE,--
55430,2026-06-04 09:33:48,25.8375,12.00,0.000,0.000,OFF,--,DONE,--
55431,2026-06-04 09:33:49,25.7375,12.00,0.000,0.000,OFF,--,DONE,--
55432,2026-06-04 09:33:50,25.7375,12.00,0.000,0.000,OFF,--,DONE,--
55433,2026-06-04 09:33:51,25.6875,12.00,0.000,0.000,OFF,--,DONE,--
55434,2026-06-04 09:33:52,25.6875,12.00,0.000,0.000,OFF,--,DONE,--
55435,2026-06-04 09:33:53,25.6375,12.00,0.000,0.000,OFF,--,DONE,--
55436,2026-06-04 09:33:54,25.6375,12.00,0.000,0.000,OFF,--,DONE,--
55437,2026-06-04 09:33:55,25.5625,12.00,0.000,0.000,OFF,--,DONE,--
55438,2026-06-04 09:33:56,25.5625,12.00,0.000,0.000,OFF,--,DONE,--
55439,2026-06-04 09:33:57,25.5125,12.00,0.000,0.000,OFF,--,DONE,--
55440,2026-06-04 09:33:58,25.5125,12.00,0.000,0.000,OFF,--,DONE,--
55441,2026-06-04 09:33:59,25.4625,12.00,0.000,0.000,OFF,--,DONE,--
55442,2026-06-04 09:34:00,25.3875,12.00,0.000,0.000,OFF,--,DONE,--
55443,2026-06-04 09:34:01,25.3875,12.00,0.000,0.000,OFF,--,DONE,--
55444,2026-06-04 09:34:02,25.3625,12.00,0.000,0.000,OFF,--,DONE,--
55445,2026-06-04 09:34:03,25.3625,12.00,0.000,0.000,OFF,--,DONE,--
55446,2026-06-04 09:34:04,25.2875,12.00,0.000,0.000,OFF,--,DONE,--
55447,2026-06-04 09:34:05,25.2875,12.00,0.000,0.000,OFF,--,DONE,--
55448,2026-06-04 09:34:06,25.2500,12.00,0.000,0.000,OFF,--,DONE,--
55449,2026-06-04 09:34:07,25.2500,12.00,0.000,0.000,OFF,--,DONE,--
55450,2026-06-04 09:34:08,25.2000,12.00,0.000,0.000,OFF,--,DONE,--
55451,2026-06-04 09:34:09,25.2000,12.00,0.000,0.000,OFF,--,DONE,--
55452,2026-06-04 09:34:10,25.1500,12.00,0.000,0.000,OFF,--,DONE,--
55453,2026-06-04 09:34:11,25.1500,12.00,0.000,0.000,OFF,--,DONE,--
55454,2026-06-04 09:34:12,25.0750,12.00,0.000,0.000,OFF,--,DONE,--
55455,2026-06-04 09:34:13,25.0750,12.00,0.000,0.000,OFF,--,DONE,--
55456,2026-06-04 09:34:14,25.0250,12.00,0.000,0.000,OFF,--,DONE,--
55457,2026-06-04 09:34:15,24.9750,12.00,0.000,0.000,OFF,--,DONE,--
55458,2026-06-04 09:34:16,24.9750,12.00,0.000,0.000,OFF,--,DONE,--
55459,2026-06-04 09:34:17,24.9000,12.00,0.000,0.000,OFF,--,DONE,--
55460,2026-06-04 09:34:19,24.9000,12.00,0.000,0.000,OFF,--,DONE,--
55461,2026-06-04 09:34:20,24.8750,12.00,0.000,0.000,OFF,--,DONE,--
55462,2026-06-04 09:34:21,24.8750,12.00,0.000,0.000,OFF,--,DONE,--
55463,2026-06-04 09:34:22,24.8125,12.00,0.000,0.000,OFF,--,DONE,--
55464,2026-06-04 09:34:23,24.8125,12.00,0.000,0.000,OFF,--,DONE,--
55465,2026-06-04 09:34:24,24.7875,12.00,0.000,0.000,B,#1,APPROACH,1.815A/B
55466,2026-06-04 09:34:26,24.7500,12.00,0.000,0.000,B,#1,APPROACH,2.000A/B
55467,2026-06-04 09:34:28,24.6750,12.00,0.000,0.000,B,#1,APPROACH,1.000A/B
55468,2026-06-04 09:34:30,24.6500,12.00,0.000,0.000,B,#1,APPROACH,1.695A/B
55469,2026-06-04 09:34:32,24.6000,12.00,1.523,0.000,B,#1,APPROACH,1.000A/B
55470,2026-06-04 09:34:34,24.5625,12.00,1.523,8.610,B,#1,APPROACH,2.000A/B
55471,2026-06-04 09:34:36,24.5125,12.00,1.523,8.610,B,#1,APPROACH,1.000A/B
55472,2026-06-04 09:34:37,24.5125,12.00,1.523,8.610,B,#1,APPROACH,1.570A/B
55473,2026-06-04 09:34:39,24.5375,12.00,1.523,8.610,B,#1,APPROACH,1.500A/B
55474,2026-06-04 09:34:41,24.6000,12.00,1.463,17.304,B,#1,APPROACH,1.500A/B
55475,2026-06-04 09:34:43,24.6250,12.00,1.463,17.304,B,#1,APPROACH,2.000A/B
55476,2026-06-04 09:34:45,24.7000,12.00,1.463,17.304,B,#1,APPROACH,2.000A/B
55477,2026-06-04 09:34:47,24.7750,12.00,1.463,17.304,B,#1,APPROACH,2.000A/B
55478,2026-06-04 09:34:49,24.8875,12.00,1.419,16.800,B,#1,APPROACH,1.734A/B
55479,2026-06-04 09:34:51,24.9875,12.00,1.419,16.800,B,#1,APPROACH,1.872A/B
55480,2026-06-04 09:34:52,25.0750,12.00,1.419,16.800,B,#1,APPROACH,1.493A/B
55481,2026-06-04 09:34:54,25.2000,12.00,1.419,16.800,B,#1,APPROACH,1.599A/B
55482,2026-06-04 09:34:56,25.3375,12.00,1.387,16.428,B,#1,APPROACH,1.483A/B
55483,2026-06-04 09:34:59,25.4875,12.00,1.387,16.428,B,#1,APPROACH,1.517A/B
55484,2026-06-04 09:35:00,25.6625,12.00,1.387,16.428,B,#1,APPROACH,1.595A/B
55485,2026-06-04 09:35:02,25.7875,12.00,1.387,16.428,B,#1,APPROACH,1.500A/B
55486,2026-06-04 09:35:04,25.9375,12.00,1.359,16.116,B,#1,APPROACH,1.686A/B
55487,2026-06-04 09:35:06,26.1375,12.00,1.359,16.116,B,#1,APPROACH,1.793A/B
55488,2026-06-04 09:35:08,26.2375,12.00,1.359,16.116,B,#1,APPROACH,1.000A/B
55489,2026-06-04 09:35:10,26.3875,9.51,1.359,16.116,B,#1,APPROACH,1.500A/B
55490,2026-06-04 09:35:12,26.5625,9.51,1.169,15.912,B,#1,APPROACH,1.771A/B
55491,2026-06-04 09:35:14,26.7625,9.51,1.169,15.912,B,#1,APPROACH,1.000A/B
55492,2026-06-04 09:35:16,26.9250,9.51,1.169,15.912,B,#1,APPROACH,1.500A/B
55493,2026-06-04 09:35:17,27.0750,12.00,1.169,15.912,B,#1,APPROACH,1.000A/B
55494,2026-06-04 09:35:19,27.2375,12.00,1.162,9.740,B,#1,APPROACH,1.000A/B
55495,2026-06-04 09:35:22,27.4375,12.00,1.162,9.740,B,#1,APPROACH,1.000A/B
55496,2026-06-04 09:35:23,27.6000,12.00,1.162,9.740,B,#1,APPROACH,1.000A/B
55497,2026-06-04 09:35:25,27.7500,9.64,1.162,9.740,B,#1,HOLDING,1.500A/B
55498,2026-06-04 09:35:27,27.9250,9.64,1.189,9.740,OFF,#1,HOLDING,0.000A/OFF
55499,2026-06-04 09:35:28,27.9250,9.64,1.189,15.720,OFF,#1,HOLDING,0.000A/OFF
55500,2026-06-04 09:35:29,28.1000,9.64,1.189,15.720,OFF,#1,HOLDING,0.000A/OFF
55501,2026-06-04 09:35:30,28.1000,9.64,1.189,15.720,OFF,#1,HOLDING,0.000A/OFF
55502,2026-06-04 09:35:31,28.2375,9.64,1.189,15.720,OFF,#1,HOLDING,0.000A/OFF
55503,2026-06-04 09:35:32,28.2375,9.64,1.189,15.720,OFF,#1,HOLDING,0.000A/OFF
55504,2026-06-04 09:35:33,28.4125,12.00,1.189,15.720,OFF,#1,HOLDING,0.000A/OFF
55505,2026-06-04 09:35:34,28.4125,12.00,0.000,15.720,OFF,#1,HOLDING,0.000A/OFF
55506,2026-06-04 09:35:35,28.5750,12.00,0.000,0.000,OFF,#1,HOLDING,0.000A/OFF
55507,2026-06-04 09:35:36,28.7250,12.00,0.000,0.000,OFF,#1,HOLDING,0.000A/OFF
55508,2026-06-04 09:35:37,28.7250,12.00,0.000,0.000,OFF,#1,HOLDING,0.000A/OFF
55509,2026-06-04 09:35:38,28.8625,12.00,0.000,0.000,OFF,#1,HOLDING,0.000A/OFF
55510,2026-06-04 09:35:39,28.8625,12.00,0.000,0.000,OFF,#1,HOLDING,0.000A/OFF
55511,2026-06-04 09:35:40,29.0125,12.00,0.000,0.000,OFF,#1,HOLDING,0.000A/OFF
55512,2026-06-04 09:35:41,29.0125,12.00,0.000,0.000,OFF,#1,HOLDING,0.000A/OFF
55513,2026-06-04 09:35:42,29.0875,12.00,0.000,0.000,OFF,#1,HOLDING,0.000A/OFF
55514,2026-06-04 09:35:43,29.0875,12.00,0.000,0.000,OFF,#1,HOLDING,0.000A/OFF
55515,2026-06-04 09:35:44,29.2125,12.00,0.000,0.000,OFF,#1,HOLDING,0.000A/OFF
55516,2026-06-04 09:35:45,29.2125,12.00,0.000,0.000,OFF,#1,HOLDING,0.000A/OFF
55517,2026-06-04 09:35:46,29.2625,12.00,0.000,0.000,OFF,#1,HOLDING,0.000A/OFF
55518,2026-06-04 09:35:47,29.2625,12.00,0.000,0.000,OFF,#1,HOLDING,0.000A/OFF
55519,2026-06-04 09:35:48,29.3625,12.00,0.000,0.000,OFF,#1,HOLDING,0.000A/OFF
55520,2026-06-04 09:35:49,29.3625,12.00,0.000,0.000,OFF,#1,HOLDING,0.000A/OFF
55521,2026-06-04 09:35:50,29.4375,12.00,0.000,0.000,OFF,#1,HOLDING,0.000A/OFF
55522,2026-06-04 09:35:51,29.4375,12.00,0.000,0.000,OFF,#1,HOLDING,0.000A/OFF
55523,2026-06-04 09:35:52,29.4875,12.00,0.000,0.000,OFF,#1,HOLDING,0.000A/OFF
55524,2026-06-04 09:35:53,29.4875,12.00,0.000,0.000,OFF,#1,HOLDING,0.000A/OFF
55525,2026-06-04 09:35:54,29.5625,12.00,0.000,0.000,A,#1,HOLDING,0.106A/A
55526,2026-06-04 09:35:56,29.5625,12.00,0.000,0.000,A,#1,HOLDING,0.124A/A
55527,2026-06-04 09:35:57,29.6250,12.00,0.000,0.000,A,#1,HOLDING,0.161A/A
55528,2026-06-04 09:35:59,29.6250,1.01,0.000,0.000,A,#1,HOLDING,0.182A/A
55529,2026-06-04 09:36:01,29.6250,1.01,0.182,0.245,A,#1,HOLDING,0.216A/A
55530,2026-06-04 09:36:03,29.6250,1.01,0.182,0.245,A,#1,HOLDING,0.253A/A
55531,2026-06-04 09:36:05,29.6250,1.01,0.182,0.245,A,#1,HOLDING,0.282A/A
55532,2026-06-04 09:36:07,29.6250,2.19,0.182,0.245,A,#1,HOLDING,0.317A/A
55533,2026-06-04 09:36:09,29.6250,2.19,0.317,0.808,A,#1,HOLDING,0.351A/A
55534,2026-06-04 09:36:11,29.5750,2.19,0.317,0.808,A,#1,HOLDING,0.389A/A
55535,2026-06-04 09:36:13,29.5625,2.19,0.317,0.808,A,#1,HOLDING,0.415A/A
55536,2026-06-04 09:36:15,29.5125,3.37,0.317,0.808,A,#1,HOLDING,0.440A/A
55537,2026-06-04 09:36:16,29.4875,3.37,0.440,1.650,A,#1,HOLDING,0.471A/A
55538,2026-06-04 09:36:19,29.4375,3.37,0.440,1.650,A,#1,HOLDING,0.504A/A
55539,2026-06-04 09:36:20,29.3625,3.37,0.440,1.650,A,#1,HOLDING,0.522A/A
55540,2026-06-04 09:36:22,29.2875,4.40,0.440,1.650,A,#1,HOLDING,0.539A/A
55541,2026-06-04 09:36:24,29.2125,4.40,0.539,2.527,A,#1,HOLDING,0.554A/A
55542,2026-06-04 09:36:26,29.1625,4.40,0.539,2.527,A,#2,APPROACH,0.580A/A
55543,2026-06-04 09:36:28,29.0500,4.40,0.539,2.527,A,#2,APPROACH,0.119A/A
55544,2026-06-04 09:36:30,29.0500,4.40,0.539,2.527,A,#2,APPROACH,0.136A/A
55545,2026-06-04 09:36:32,28.8625,6.82,0.539,2.527,A,#2,APPROACH,0.143A/A
55546,2026-06-04 09:36:34,28.7625,6.82,0.265,0.258,A,#2,APPROACH,0.175A/A
55547,2026-06-04 09:36:36,28.6375,6.82,0.265,0.258,A,#2,APPROACH,0.228A/A
55548,2026-06-04 09:36:38,28.5125,6.82,0.265,0.258,A,#2,APPROACH,0.277A/A
55549,2026-06-04 09:36:40,28.4250,2.75,0.265,0.258,A,#2,APPROACH,0.333A/A
55550,2026-06-04 09:36:42,28.2750,2.75,0.333,1.095,A,#2,APPROACH,0.375A/A
55551,2026-06-04 09:36:44,28.1125,2.75,0.333,1.095,A,#2,APPROACH,0.431A/A
55552,2026-06-04 09:36:46,27.9875,2.75,0.333,1.095,A,#2,APPROACH,0.457A/A
55553,2026-06-04 09:36:47,27.8875,4.24,0.333,1.095,A,#2,APPROACH,0.498A/A
55554,2026-06-04 09:36:49,27.7375,4.24,0.498,2.340,A,#2,HOLDING,0.476A/A
55555,2026-06-04 09:36:52,27.6500,4.24,0.498,2.340,OFF,#2,HOLDING,0.000A/OFF
55556,2026-06-04 09:36:53,27.6500,4.24,0.498,2.340,OFF,#2,HOLDING,0.000A/OFF
55557,2026-06-04 09:36:54,27.5000,4.24,0.498,2.340,OFF,#2,HOLDING,0.000A/OFF
55558,2026-06-04 09:36:55,27.5000,4.24,0.498,2.340,OFF,#2,HOLDING,0.000A/OFF
55559,2026-06-04 09:36:56,27.4000,12.00,0.000,2.340,OFF,#2,HOLDING,0.000A/OFF
55560,2026-06-04 09:36:57,27.2500,12.00,0.000,2.340,OFF,#2,HOLDING,0.000A/OFF
55561,2026-06-04 09:36:58,27.2500,12.00,0.000,0.000,OFF,#2,HOLDING,0.000A/OFF
55562,2026-06-04 09:36:59,27.1375,12.00,0.000,0.000,OFF,#2,HOLDING,0.000A/OFF
55563,2026-06-04 09:37:00,27.1375,12.00,0.000,0.000,A,#2,HOLDING,0.111A/A
55564,2026-06-04 09:37:02,26.9875,1.27,0.000,0.000,A,#2,HOLDING,0.106A/A
55565,2026-06-04 09:37:04,26.8625,1.27,0.106,0.128,A,#2,HOLDING,0.116A/A
55566,2026-06-04 09:37:06,26.7875,1.27,0.106,0.128,A,#2,HOLDING,0.110A/A
55567,2026-06-04 09:37:07,26.6750,1.27,0.106,0.128,A,#2,HOLDING,0.106A/A
55568,2026-06-04 09:37:09,26.5500,1.27,0.106,0.128,OFF,#2,HOLDING,0.000A/OFF
55569,2026-06-04 09:37:10,26.4500,1.16,0.106,0.128,OFF,#2,HOLDING,0.000A/OFF
55570,2026-06-04 09:37:11,26.4500,1.16,0.106,0.128,OFF,#2,HOLDING,0.000A/OFF
55571,2026-06-04 09:37:12,26.3500,1.16,0.106,0.461,OFF,#2,HOLDING,0.000A/OFF
55572,2026-06-04 09:37:13,26.3500,1.16,0.106,0.461,OFF,#2,HOLDING,0.000A/OFF
55573,2026-06-04 09:37:14,26.2375,1.16,0.106,0.461,OFF,#2,HOLDING,0.000A/OFF
55574,2026-06-04 09:37:15,26.2375,1.16,0.106,0.461,OFF,#2,HOLDING,0.000A/OFF
55575,2026-06-04 09:37:16,26.1375,12.00,0.106,0.461,OFF,#2,HOLDING,0.000A/OFF
55576,2026-06-04 09:37:17,26.1375,12.00,0.000,0.461,OFF,#2,HOLDING,0.000A/OFF
55577,2026-06-04 09:37:18,26.0500,12.00,0.000,0.000,OFF,#2,HOLDING,0.000A/OFF
55578,2026-06-04 09:37:19,26.0500,12.00,0.000,0.000,OFF,#2,HOLDING,0.000A/OFF
55579,2026-06-04 09:37:20,25.9500,12.00,0.000,0.000,OFF,#2,HOLDING,0.000A/OFF
55580,2026-06-04 09:37:21,25.9500,12.00,0.000,0.000,OFF,#2,HOLDING,0.000A/OFF
55581,2026-06-04 09:37:22,25.8625,12.00,0.000,0.000,OFF,#2,HOLDING,0.000A/OFF
55582,2026-06-04 09:37:23,25.7625,12.00,0.000,0.000,B,#2,HOLDING,0.146A/B
55583,2026-06-04 09:37:25,25.7625,12.00,0.000,0.195,B,#2,HOLDING,0.180A/B
55584,2026-06-04 09:37:27,25.6750,12.00,0.000,0.195,B,#2,HOLDING,0.215A/B
55585,2026-06-04 09:37:28,25.6000,12.00,0.000,0.195,B,#2,HOLDING,0.248A/B
55586,2026-06-04 09:37:30,25.5250,2.26,0.000,0.195,B,#2,HOLDING,0.307A/B
55587,2026-06-04 09:37:32,25.4250,2.26,0.307,0.878,B,#2,HOLDING,0.363A/B
55588,2026-06-04 09:37:34,25.3625,2.26,0.307,0.878,B,#2,HOLDING,0.430A/B
55589,2026-06-04 09:37:36,25.3125,2.26,0.307,0.878,B,#2,HOLDING,0.479A/B
55590,2026-06-04 09:37:38,25.2500,4.20,0.307,0.878,B,#2,HOLDING,0.536A/B
55591,2026-06-04 09:37:40,25.2000,4.20,0.536,2.551,B,#2,HOLDING,0.598A/B
55592,2026-06-04 09:37:42,25.1500,4.20,0.536,2.551,B,#2,HOLDING,0.677A/B
55593,2026-06-04 09:37:44,25.1250,4.20,0.536,2.551,B,#2,HOLDING,0.729A/B
55594,2026-06-04 09:37:46,25.0750,6.27,0.536,2.551,B,#2,HOLDING,0.795A/B
55595,2026-06-04 09:37:47,25.0750,6.27,0.795,5.509,B,#2,HOLDING,0.855A/B
55596,2026-06-04 09:37:50,25.0625,6.27,0.795,5.509,B,#2,HOLDING,0.936A/B
55597,2026-06-04 09:37:51,25.0375,6.27,0.795,5.509,B,#2,HOLDING,0.992A/B
55598,2026-06-04 09:37:53,25.0625,8.38,0.795,5.509,B,#2,HOLDING,1.052A/B
55599,2026-06-04 09:37:55,25.0625,8.38,1.052,9.489,B,#2,HOLDING,1.116A/B
55600,2026-06-04 09:37:57,25.0625,8.38,1.052,9.489,B,#2,HOLDING,1.196A/B
55601,2026-06-04 09:37:59,25.0875,8.38,1.052,9.489,B,#2,HOLDING,1.248A/B
55602,2026-06-04 09:38:01,25.1375,10.39,1.052,9.489,B,#2,HOLDING,1.303A/B
55603,2026-06-04 09:38:03,25.1875,10.39,1.303,14.411,B,#2,HOLDING,1.356A/B
55604,2026-06-04 09:38:05,25.2250,10.39,1.303,14.411,B,#2,HOLDING,1.429A/B
55605,2026-06-04 09:38:07,25.2750,10.39,1.303,14.411,B,#2,HOLDING,1.474A/B
55606,2026-06-04 09:38:09,25.3750,12.00,1.303,14.411,B,#2,HOLDING,1.500A/B
55607,2026-06-04 09:38:11,25.4500,12.00,1.418,16.836,B,#2,HOLDING,1.510A/B
55608,2026-06-04 09:38:13,25.5375,12.00,1.418,16.836,B,#2,HOLDING,1.000A/B
55609,2026-06-04 09:38:15,25.6375,12.00,1.418,16.836,B,#2,HOLDING,1.558A/B
55610,2026-06-04 09:38:16,25.7625,12.00,1.418,16.836,B,#2,HOLDING,1.000A/B
55611,2026-06-04 09:38:18,25.8625,12.00,1.040,9.330,B,#2,HOLDING,1.531A/B
55612,2026-06-04 09:38:21,25.9875,12.00,1.040,9.330,B,#2,HOLDING,1.571A/B
55613,2026-06-04 09:38:22,26.1375,12.00,1.040,9.330,B,#2,HOLDING,1.588A/B
55614,2026-06-04 09:38:24,26.2875,12.00,1.040,9.330,B,#2,HOLDING,1.603A/B
55615,2026-06-04 09:38:26,26.4375,12.00,1.366,16.224,B,#2,HOLDING,1.612A/B
55616,2026-06-04 09:38:28,26.5500,12.00,1.366,16.224,B,#2,HOLDING,1.632A/B
55617,2026-06-04 09:38:30,26.7000,12.00,1.366,16.224,B,#2,HOLDING,1.633A/B
55618,2026-06-04 09:38:32,26.8500,12.00,1.366,16.224,B,#2,HOLDING,1.632A/B
55619,2026-06-04 09:38:34,27.0000,12.00,1.343,15.948,B,#2,HOLDING,1.500A/B
55620,2026-06-04 09:38:36,27.1625,12.00,1.343,15.948,B,#2,HOLDING,1.000A/B
55621,2026-06-04 09:38:38,27.3125,12.00,1.343,15.948,B,#2,HOLDING,1.619A/B
55622,2026-06-04 09:38:39,27.4500,12.00,1.343,15.948,B,#2,HOLDING,1.596A/B
55623,2026-06-04 09:38:41,27.6250,12.00,1.324,15.732,B,#2,HOLDING,1.500A/B
55624,2026-06-04 09:38:44,27.7625,12.00,1.324,15.732,B,#3,APPROACH,1.566A/B
55625,2026-06-04 09:38:45,27.9375,12.00,1.324,15.732,A,#3,APPROACH,0.223A/A
55626,2026-06-04 09:38:47,28.1000,12.00,1.324,15.732,A,#3,APPROACH,0.273A/A
55627,2026-06-04 09:38:49,28.2500,6.62,1.324,15.732,A,#3,APPROACH,0.348A/A
55628,2026-06-04 09:38:51,28.4125,6.62,0.539,0.769,A,#3,APPROACH,0.453A/A
55629,2026-06-04 09:38:53,28.5625,6.62,0.539,0.769,A,#3,APPROACH,0.590A/A
55630,2026-06-04 09:38:55,28.6750,6.62,0.539,0.769,A,#3,APPROACH,0.699A/A
55631,2026-06-04 09:38:57,28.7750,5.17,0.539,0.769,A,#3,APPROACH,0.837A/A
55632,2026-06-04 09:38:59,28.8750,5.17,0.837,5.440,A,#3,APPROACH,0.995A/A
55633,2026-06-04 09:39:01,28.9500,5.17,0.837,5.440,A,#3,APPROACH,1.219A/A
55634,2026-06-04 09:39:03,29.0125,5.17,0.837,5.440,A,#3,APPROACH,1.385A/A
55635,2026-06-04 09:39:05,29.0625,10.46,0.837,5.440,A,#3,APPROACH,1.000A/A
55636,2026-06-04 09:39:06,29.0625,10.46,1.000,8.000,A,#3,APPROACH,1.577A/A
55637,2026-06-04 09:39:09,29.0875,10.46,1.000,8.000,A,#3,APPROACH,1.000A/A
55638,2026-06-04 09:39:10,29.0625,10.46,1.000,8.000,A,#3,APPROACH,1.825A/A
55639,2026-06-04 09:39:12,29.0625,12.00,1.000,8.000,A,#3,APPROACH,1.000A/A
55640,2026-06-04 09:39:14,29.0250,12.00,1.013,8.300,A,#3,APPROACH,2.016A/A
55641,2026-06-04 09:39:17,28.9500,12.00,1.013,8.300,A,#3,APPROACH,2.256A/A
55642,2026-06-04 09:39:18,28.9000,12.00,1.013,8.300,A,#3,APPROACH,2.415A/A
55643,2026-06-04 09:39:20,28.8500,12.00,1.013,8.300,A,#3,APPROACH,2.000A/A
55644,2026-06-04 09:39:22,28.7375,12.00,1.497,17.772,A,#3,APPROACH,1.500A/A
55645,2026-06-04 09:39:24,28.6625,12.00,1.497,17.772,A,#3,APPROACH,1.000A/A
55646,2026-06-04 09:39:26,28.5750,12.00,1.497,17.772,A,#3,APPROACH,1.000A/A
55647,2026-06-04 09:39:28,28.4750,8.64,1.497,17.772,A,#3,APPROACH,2.500A/A
55648,2026-06-04 09:39:30,28.3250,8.64,1.232,17.436,A,#3,APPROACH,1.500A/A
55649,2026-06-04 09:39:32,28.2000,8.64,1.232,17.436,A,#3,APPROACH,1.000A/A
55650,2026-06-04 09:39:33,28.0750,8.64,1.232,17.436,A,#3,APPROACH,2.500A/A
55651,2026-06-04 09:39:35,27.9250,12.00,1.232,17.436,A,#3,APPROACH,2.500A/A
55652,2026-06-04 09:39:37,27.7375,12.00,1.443,17.160,A,#3,APPROACH,1.500A/A
55653,2026-06-04 09:39:40,27.5625,12.00,1.443,17.160,A,#3,APPROACH,2.000A/A
55654,2026-06-04 09:39:41,27.3875,12.00,1.443,17.160,A,#3,APPROACH,1.000A/A
55655,2026-06-04 09:39:43,27.2125,8.94,1.443,17.160,A,#3,APPROACH,2.507A/A
55656,2026-06-04 09:39:45,27.0125,8.94,1.211,16.968,A,#3,APPROACH,2.500A/A
55657,2026-06-04 09:39:47,26.8125,8.94,1.211,16.968,A,#3,APPROACH,2.000A/A
55658,2026-06-04 09:39:49,26.6625,8.94,1.211,16.968,A,#3,APPROACH,2.000A/A
55659,2026-06-04 09:39:51,26.4375,12.00,1.211,16.968,A,#3,APPROACH,2.500A/A
55660,2026-06-04 09:39:53,26.2625,12.00,1.414,16.824,A,#3,APPROACH,2.500A/A
55661,2026-06-04 09:39:55,26.0375,12.00,1.414,16.824,A,#3,APPROACH,1.000A/A
55662,2026-06-04 09:39:57,25.8250,12.00,1.414,16.824,A,#3,APPROACH,2.512A/A
55663,2026-06-04 09:39:58,25.6250,12.00,1.414,16.824,A,#3,APPROACH,2.000A/A
55664,2026-06-04 09:40:00,25.4375,12.00,1.403,16.704,A,#3,APPROACH,1.000A/A
55665,2026-06-04 09:40:03,25.1875,12.00,1.403,16.704,A,#3,APPROACH,2.500A/A
55666,2026-06-04 09:40:04,25.0000,12.00,1.403,16.704,A,#3,APPROACH,1.000A/A
55667,2026-06-04 09:40:06,24.7750,9.14,1.403,16.704,A,#3,HOLDING,2.000A/A
55668,2026-06-04 09:40:08,24.5625,9.14,1.198,16.704,OFF,#3,HOLDING,0.000A/OFF
55669,2026-06-04 09:40:09,24.3375,9.14,1.198,16.656,OFF,#3,HOLDING,0.000A/OFF
55670,2026-06-04 09:40:10,24.3375,9.14,1.198,16.656,OFF,#3,HOLDING,0.000A/OFF
55671,2026-06-04 09:40:11,24.1375,9.14,1.198,16.656,OFF,#3,HOLDING,0.000A/OFF
55672,2026-06-04 09:40:12,24.1375,9.14,1.198,16.656,OFF,#3,HOLDING,0.000A/OFF
55673,2026-06-04 09:40:13,23.9125,9.14,1.198,16.656,OFF,#3,HOLDING,0.000A/OFF
55674,2026-06-04 09:40:14,23.9125,12.00,1.198,16.656,OFF,#3,HOLDING,0.000A/OFF
55675,2026-06-04 09:40:15,23.7000,12.00,0.000,16.656,OFF,#3,HOLDING,0.000A/OFF
55676,2026-06-04 09:40:16,23.7000,12.00,0.000,0.000,OFF,#3,HOLDING,0.000A/OFF
55677,2026-06-04 09:40:17,23.5000,12.00,0.000,0.000,OFF,#3,HOLDING,0.000A/OFF
55678,2026-06-04 09:40:18,23.5000,12.00,0.000,0.000,OFF,#3,HOLDING,0.000A/OFF
55679,2026-06-04 09:40:19,23.3250,12.00,0.000,0.000,OFF,#3,HOLDING,0.000A/OFF
55680,2026-06-04 09:40:20,23.3250,12.00,0.000,0.000,OFF,#3,HOLDING,0.000A/OFF
55681,2026-06-04 09:40:21,23.1750,12.00,0.000,0.000,OFF,#3,HOLDING,0.000A/OFF
55682,2026-06-04 09:40:22,23.1750,12.00,0.000,0.000,OFF,#3,HOLDING,0.000A/OFF
55683,2026-06-04 09:40:23,23.0750,12.00,0.000,0.000,OFF,#3,HOLDING,0.000A/OFF
55684,2026-06-04 09:40:24,22.9250,12.00,0.000,0.000,OFF,#3,HOLDING,0.000A/OFF
55685,2026-06-04 09:40:25,22.9250,12.00,0.000,0.000,OFF,#3,HOLDING,0.000A/OFF
55686,2026-06-04 09:40:26,22.8250,12.00,0.000,0.000,B,#3,HOLDING,0.107A/B
55687,2026-06-04 09:40:28,22.7000,12.00,0.053,0.051,B,#3,HOLDING,0.187A/B
55688,2026-06-04 09:40:30,22.6500,12.00,0.053,0.051,B,#3,HOLDING,0.249A/B
55689,2026-06-04 09:40:32,22.5750,12.00,0.053,0.051,B,#3,HOLDING,0.283A/B
55690,2026-06-04 09:40:34,22.5750,2.12,0.053,0.051,B,#3,HOLDING,0.315A/B
55691,2026-06-04 09:40:36,22.4500,2.12,0.297,0.790,B,#3,HOLDING,0.381A/B
55692,2026-06-04 09:40:38,22.3750,2.12,0.297,0.790,B,#3,HOLDING,0.450A/B
55693,2026-06-04 09:40:40,22.3750,2.12,0.297,0.790,B,#3,HOLDING,0.496A/B
55694,2026-06-04 09:40:41,22.3750,4.01,0.297,0.790,B,#3,HOLDING,0.535A/B
55695,2026-06-04 09:40:43,22.3125,4.01,0.513,2.375,B,#3,HOLDING,0.594A/B
55696,2026-06-04 09:40:46,22.3250,4.01,0.513,2.375,B,#3,HOLDING,0.662A/B
55697,2026-06-04 09:40:47,22.3250,4.01,0.513,2.375,B,#3,HOLDING,0.710A/B
55698,2026-06-04 09:40:49,22.3250,5.88,0.513,2.375,B,#3,HOLDING,0.759A/B
55699,2026-06-04 09:40:51,22.3750,5.88,0.732,4.880,B,#3,HOLDING,0.805A/B
55700,2026-06-04 09:40:53,22.3875,5.88,0.732,4.880,B,#3,HOLDING,0.871A/B
55701,2026-06-04 09:40:55,22.4375,5.88,0.732,4.880,B,#3,HOLDING,0.906A/B
55702,2026-06-04 09:40:57,22.4750,7.59,0.732,4.880,B,#3,HOLDING,0.956A/B
55703,2026-06-04 09:40:59,22.5250,7.59,0.956,7.791,B,#3,HOLDING,0.996A/B
55704,2026-06-04 09:41:01,22.5750,7.59,0.956,7.791,B,#3,HOLDING,1.054A/B
55705,2026-06-04 09:41:03,22.6750,7.59,0.956,7.791,B,#3,HOLDING,1.077A/B
55706,2026-06-04 09:41:05,22.6750,9.06,0.956,7.791,B,#3,HOLDING,1.124A/B
55707,2026-06-04 09:41:06,22.8250,9.06,1.124,10.779,B,#3,HOLDING,1.093A/B
55708,2026-06-04 09:41:09,22.9250,9.06,1.124,10.779,B,#3,HOLDING,1.138A/B
55709,2026-06-04 09:41:10,23.0500,9.06,1.124,10.779,B,#3,HOLDING,1.149A/B
55710,2026-06-04 09:41:12,23.0500,9.80,1.124,10.779,B,#3,HOLDING,1.000A/B
55711,2026-06-04 09:41:14,23.2625,9.80,1.000,8.900,B,#3,HOLDING,1.179A/B
55712,2026-06-04 09:41:16,23.3625,9.80,1.000,8.900,B,#3,HOLDING,1.206A/B
55713,2026-06-04 09:41:18,23.5125,9.80,1.000,8.900,B,#3,HOLDING,1.199A/B
55714,2026-06-04 09:41:20,23.5125,10.34,1.000,8.900,B,#3,HOLDING,1.230A/B
55715,2026-06-04 09:41:22,23.6375,10.34,1.212,13.197,B,#3,HOLDING,1.231A/B
55716,2026-06-04 09:41:24,23.9250,10.34,1.212,13.197,B,#3,HOLDING,1.000A/B
55717,2026-06-04 09:41:26,24.0750,10.34,1.212,13.197,B,#3,HOLDING,1.204A/B
55718,2026-06-04 09:41:28,24.0750,10.57,1.212,13.197,B,#3,HOLDING,1.206A/B
55719,2026-06-04 09:41:29,24.2375,10.57,1.206,12.964,B,#3,HOLDING,1.195A/B
55720,2026-06-04 09:41:32,24.5500,10.57,1.206,12.964,B,#3,HOLDING,1.152A/B
55721,2026-06-04 09:41:33,24.7250,10.57,1.206,12.964,B,#3,HOLDING,1.102A/B
55722,2026-06-04 09:41:35,24.7250,10.01,1.206,12.964,B,#3,HOLDING,1.083A/B
55723,2026-06-04 09:41:37,24.8875,10.01,1.083,10.851,B,#3,HOLDING,0.996A/B
55724,2026-06-04 09:41:40,25.2375,10.01,1.083,10.851,B,#3,HOLDING,0.902A/B
55725,2026-06-04 09:41:41,25.4375,10.01,1.083,10.851,B,#3,HOLDING,0.815A/B
55726,2026-06-04 09:41:43,25.4375,8.01,1.083,10.851,B,#3,HOLDING,0.769A/B
55727,2026-06-04 09:41:45,25.5750,8.01,0.769,5.967,B,#3,HOLDING,0.710A/B
55728,2026-06-04 09:41:47,25.9125,8.01,0.769,5.967,B,#3,HOLDING,0.588A/B
55729,2026-06-04 09:41:49,26.0625,8.01,0.769,5.967,B,#3,HOLDING,0.491A/B
55730,2026-06-04 09:41:51,26.0625,5.43,0.769,5.967,B,#3,HOLDING,0.420A/B
55731,2026-06-04 09:41:53,26.2125,5.43,0.420,2.053,B,#3,HOLDING,0.335A/B
55732,2026-06-04 09:41:55,26.4875,5.43,0.420,2.053,B,#3,HOLDING,0.188A/B
55733,2026-06-04 09:41:57,26.6375,5.43,0.420,2.053,OFF,#3,HOLDING,0.000A/OFF
55734,2026-06-04 09:41:58,26.6375,5.43,0.420,2.053,OFF,#3,HOLDING,0.000A/OFF
55735,2026-06-04 09:41:59,26.7875,12.00,0.420,2.053,OFF,#3,HOLDING,0.000A/OFF
55736,2026-06-04 09:42:00,26.7875,12.00,0.000,2.053,OFF,#3,HOLDING,0.000A/OFF
55737,2026-06-04 09:42:01,26.9125,12.00,0.000,0.000,A,#3,HOLDING,0.143A/A
55738,2026-06-04 09:42:03,27.0125,12.00,0.000,0.000,A,#3,HOLDING,0.270A/A
55739,2026-06-04 09:42:04,27.1125,12.00,0.000,0.000,A,#3,HOLDING,0.383A/A
55740,2026-06-04 09:42:06,27.1125,2.67,0.000,0.000,A,#3,HOLDING,0.481A/A
55741,2026-06-04 09:42:08,27.2000,2.67,0.470,1.798,A,#3,HOLDING,0.609A/A
55742,2026-06-04 09:42:10,27.2750,2.67,0.470,1.798,A,#3,HOLDING,0.775A/A
55743,2026-06-04 09:42:11,27.3250,2.67,0.470,1.798,A,#3,HOLDING,0.892A/A
55744,2026-06-04 09:42:13,27.3750,7.03,0.470,1.798,A,#3,HOLDING,1.026A/A
55745,2026-06-04 09:42:15,27.4375,7.03,1.013,8.464,A,#3,HOLDING,1.000A/A
55746,2026-06-04 09:42:18,27.4625,7.03,1.013,8.464,A,#3,HOLDING,1.164A/A
55747,2026-06-04 09:42:19,27.5000,7.03,1.013,8.464,A,#3,HOLDING,1.284A/A
55748,2026-06-04 09:42:21,27.4750,10.08,1.013,8.464,A,#3,HOLDING,1.418A/A
55749,2026-06-04 09:42:23,27.5000,10.08,1.418,16.037,A,#3,HOLDING,1.500A/A
55750,2026-06-04 09:42:25,27.4750,10.08,1.418,16.037,A,#3,HOLDING,1.500A/A
55751,2026-06-04 09:42:27,27.4625,10.08,1.418,16.037,A,#3,HOLDING,1.000A/A
55752,2026-06-04 09:42:29,27.3875,8.44,1.418,16.037,A,#3,HOLDING,1.500A/A
55753,2026-06-04 09:42:31,27.3375,8.44,1.467,17.796,A,#3,HOLDING,1.540A/A
55754,2026-06-04 09:42:33,27.2625,8.44,1.467,17.796,A,#3,HOLDING,1.699A/A
55755,2026-06-04 09:42:35,27.1500,8.44,1.467,17.796,A,#3,HOLDING,1.799A/A
55756,2026-06-04 09:42:36,27.0750,12.00,1.467,17.796,A,#3,HOLDING,1.500A/A
55757,2026-06-04 09:42:38,26.9625,12.00,1.463,17.400,A,#3,HOLDING,1.909A/A
55758,2026-06-04 09:42:41,26.7375,12.00,1.463,17.400,A,#3,HOLDING,1.500A/A
55759,2026-06-04 09:42:42,26.7375,12.00,1.463,17.400,A,#3,HOLDING,1.500A/A
55760,2026-06-04 09:42:44,26.5875,12.00,1.463,17.400,A,#3,HOLDING,2.005A/A
55761,2026-06-04 09:42:46,26.4500,12.00,1.437,17.112,A,#3,HOLDING,2.000A/A
55762,2026-06-04 09:42:48,26.1375,12.00,1.437,17.112,A,#3,HOLDING,2.059A/A
55763,2026-06-04 09:42:50,26.1375,12.00,1.437,17.112,A,#3,HOLDING,1.500A/A
55764,2026-06-04 09:42:52,25.9375,12.00,1.437,17.112,A,#3,HOLDING,2.000A/A
55765,2026-06-04 09:42:54,25.8250,12.00,1.418,16.896,A,#3,HOLDING,1.000A/A
55766,2026-06-04 09:42:56,25.4500,12.00,1.418,16.896,A,#3,HOLDING,1.500A/A
55767,2026-06-04 09:42:58,25.4500,12.00,1.418,16.896,A,#3,HOLDING,2.116A/A
55768,2026-06-04 09:43:00,25.2500,12.00,1.418,16.896,A,#3,HOLDING,1.500A/A
55769,2026-06-04 09:43:01,25.0750,12.00,1.407,16.764,A,#3,HOLDING,2.000A/A
55770,2026-06-04 09:43:04,24.7000,12.00,1.407,16.764,A,#3,HOLDING,1.500A/A
55771,2026-06-04 09:43:05,24.7000,12.00,1.407,16.764,A,#3,HOLDING,1.500A/A
55772,2026-06-04 09:43:07,24.5000,12.00,1.407,16.764,A,#3,HOLDING,1.500A/A
55773,2026-06-04 09:43:09,24.2750,12.00,1.394,16.596,A,#3,HOLDING,2.088A/A
55774,2026-06-04 09:43:11,23.8875,12.00,1.394,16.596,A,#4,APPROACH,1.000A/A
55775,2026-06-04 09:43:13,23.8875,12.00,1.394,16.596,A,#4,APPROACH,0.150A/A
55776,2026-06-04 09:43:15,23.6625,12.00,1.394,16.596,A,#4,APPROACH,0.110A/A
55777,2026-06-04 09:43:17,23.4500,11.83,1.394,16.596,A,#4,APPROACH,0.121A/A
55778,2026-06-04 09:43:19,23.2500,11.83,0.758,0.280,A,#4,APPROACH,0.130A/A
55779,2026-06-04 09:43:21,22.8750,11.83,0.758,0.280,A,#4,APPROACH,0.156A/A
55780,2026-06-04 09:43:23,22.8750,11.83,0.758,0.280,A,#4,APPROACH,0.216A/A
55781,2026-06-04 09:43:25,22.5500,2.94,0.758,0.280,A,#4,APPROACH,0.236A/A
55782,2026-06-04 09:43:27,22.5500,2.94,0.224,0.733,A,#4,APPROACH,0.319A/A
55783,2026-06-04 09:43:29,22.2375,2.94,0.224,0.733,A,#4,APPROACH,0.334A/A
55784,2026-06-04 09:43:31,22.2375,2.94,0.224,0.733,A,#4,APPROACH,0.402A/A
55785,2026-06-04 09:43:33,21.9875,4.29,0.224,0.733,A,#4,HOLDING,0.355A/A
55786,2026-06-04 09:43:34,21.9875,4.29,0.355,0.733,OFF,#4,HOLDING,0.000A/OFF
55787,2026-06-04 09:43:35,21.9000,4.29,0.355,1.398,OFF,#4,HOLDING,0.000A/OFF
55788,2026-06-04 09:43:36,21.8000,4.29,0.355,1.398,OFF,#4,HOLDING,0.000A/OFF
55789,2026-06-04 09:43:37,21.8000,4.29,0.355,1.398,OFF,#4,HOLDING,0.000A/OFF
55790,2026-06-04 09:43:38,21.6875,4.29,0.355,1.398,OFF,#4,HOLDING,0.000A/OFF
55791,2026-06-04 09:43:39,21.6875,4.29,0.355,1.398,OFF,#4,HOLDING,0.000A/OFF
55792,2026-06-04 09:43:40,21.5875,12.00,0.355,1.398,OFF,#4,HOLDING,0.000A/OFF
55793,2026-06-04 09:43:41,21.5875,12.00,0.000,0.000,A,#4,HOLDING,0.104A/A
55794,2026-06-04 09:43:43,21.5250,12.00,0.000,0.000,A,#4,HOLDING,0.114A/A
55795,2026-06-04 09:43:45,21.4500,12.00,0.000,0.000,A,#4,HOLDING,0.134A/A
55796,2026-06-04 09:43:47,21.4250,1.65,0.000,0.000,A,#4,HOLDING,0.144A/A
55797,2026-06-04 09:43:49,21.3500,1.65,0.144,0.254,A,#4,HOLDING,0.152A/A
55798,2026-06-04 09:43:51,21.3000,1.65,0.144,0.254,A,#4,HOLDING,0.166A/A
55799,2026-06-04 09:43:53,21.2500,1.65,0.144,0.254,A,#4,HOLDING,0.168A/A
55800,2026-06-04 09:43:54,21.2375,1.91,0.144,0.254,A,#4,HOLDING,0.179A/A
55801,2026-06-04 09:43:56,21.1875,1.91,0.179,0.363,A,#4,HOLDING,0.181A/A
55802,2026-06-04 09:43:59,21.1875,1.91,0.179,0.363,A,#4,HOLDING,0.190A/A
55803,2026-06-04 09:44:00,21.1375,1.91,0.179,0.363,A,#4,HOLDING,0.187A/A
55804,2026-06-04 09:44:02,21.1250,2.04,0.179,0.363,A,#4,HOLDING,0.192A/A
55805,2026-06-04 09:44:04,21.1000,2.04,0.192,0.424,A,#4,HOLDING,0.189A/A
55806,2026-06-04 09:44:06,21.0875,2.04,0.192,0.424,A,#4,HOLDING,0.193A/A
55807,2026-06-04 09:44:08,21.0625,2.04,0.192,0.424,A,#4,HOLDING,0.190A/A
55808,2026-06-04 09:44:10,21.0625,2.15,0.192,0.424,A,#4,HOLDING,0.191A/A
55809,2026-06-04 09:44:12,21.0625,2.15,0.191,0.422,A,#4,HOLDING,0.191A/A
55810,2026-06-04 09:44:14,21.0625,2.15,0.191,0.422,A,#4,HOLDING,0.191A/A
55811,2026-06-04 09:44:16,21.0125,2.15,0.191,0.422,A,#4,HOLDING,0.182A/A
55812,2026-06-04 09:44:17,21.0375,2.07,0.191,0.422,A,#4,HOLDING,0.182A/A
55813,2026-06-04 09:44:19,21.0125,2.07,0.182,0.385,A,#4,HOLDING,0.177A/A
55814,2026-06-04 09:44:22,21.0000,2.07,0.182,0.385,A,#4,HOLDING,0.176A/A
55815,2026-06-04 09:44:23,21.0000,2.07,0.182,0.385,A,#4,HOLDING,0.170A/A
55816,2026-06-04 09:44:25,21.0000,1.95,0.182,0.385,A,#4,HOLDING,0.169A/A
55817,2026-06-04 09:44:27,21.0000,1.95,0.169,0.338,A,#4,HOLDING,0.166A/A
55818,2026-06-04 09:44:29,21.0000,1.95,0.169,0.338,A,#4,HOLDING,0.162A/A
55819,2026-06-04 09:44:31,21.0000,1.95,0.169,0.338,A,#4,HOLDING,0.159A/A
55820,2026-06-04 09:44:33,21.0000,1.86,0.169,0.338,A,#5,APPROACH,0.155A/A
55821,2026-06-04 09:44:35,21.0000,1.86,0.155,0.338,OFF,#5,HOLDING,0.000A/OFF
55822,2026-06-04 09:44:36,21.0000,1.86,0.155,0.338,OFF,#5,HOLDING,0.000A/OFF
55823,2026-06-04 09:44:37,20.9625,1.86,0.155,0.000,OFF,#5,HOLDING,0.000A/OFF
55824,2026-06-04 09:44:38,20.9625,1.86,0.155,0.000,OFF,#5,HOLDING,0.000A/OFF
55825,2026-06-04 09:44:39,20.9625,1.86,0.155,0.000,OFF,#5,HOLDING,0.000A/OFF
55826,2026-06-04 09:44:40,20.9625,1.86,0.155,0.000,OFF,#5,HOLDING,0.000A/OFF
55827,2026-06-04 09:44:41,20.9625,12.00,0.155,0.000,B,#5,HOLDING,0.108A/B
55828,2026-06-04 09:44:43,20.9375,12.00,0.000,0.099,B,#5,HOLDING,0.143A/B
55829,2026-06-04 09:44:45,20.9375,12.00,0.000,0.099,B,#5,HOLDING,0.190A/B
55830,2026-06-04 09:44:47,20.9625,12.00,0.000,0.099,B,#5,HOLDING,0.205A/B
55831,2026-06-04 09:44:48,20.9750,1.65,0.000,0.099,B,#5,HOLDING,0.237A/B
55832,2026-06-04 09:44:50,21.0000,1.65,0.237,0.474,B,#5,HOLDING,0.270A/B
55833,2026-06-04 09:44:53,21.0000,1.65,0.237,0.474,B,#5,HOLDING,0.321A/B
55834,2026-06-04 09:44:54,21.0250,1.65,0.237,0.474,B,#5,HOLDING,0.329A/B
55835,2026-06-04 09:44:56,21.0625,2.79,0.237,0.474,B,#5,HOLDING,0.361A/B
55836,2026-06-04 09:44:58,21.0625,2.79,0.361,1.144,B,#5,HOLDING,0.378A/B
55837,2026-06-04 09:45:00,21.1000,2.79,0.361,1.144,B,#5,HOLDING,0.407A/B
55838,2026-06-04 09:45:02,21.1250,2.79,0.361,1.144,B,#5,HOLDING,0.431A/B
55839,2026-06-04 09:45:04,21.1625,3.71,0.361,1.144,B,#5,HOLDING,0.454A/B
55840,2026-06-04 09:45:06,21.1875,3.71,0.454,1.820,B,#5,HOLDING,0.479A/B
55841,2026-06-04 09:45:08,21.2500,3.71,0.454,1.820,B,#5,HOLDING,0.508A/B
55842,2026-06-04 09:45:10,21.2750,3.71,0.454,1.820,B,#5,HOLDING,0.532A/B
55843,2026-06-04 09:45:12,21.3500,4.62,0.454,1.820,B,#5,HOLDING,0.551A/B
55844,2026-06-04 09:45:13,21.4000,4.62,0.551,2.694,B,#5,HOLDING,0.575A/B
55845,2026-06-04 09:45:16,21.4375,4.62,0.551,2.694,B,#5,HOLDING,0.597A/B
55846,2026-06-04 09:45:17,21.4875,4.62,0.551,2.694,B,#5,HOLDING,0.612A/B
55847,2026-06-04 09:45:19,21.5750,5.35,0.551,2.694,B,#5,HOLDING,0.587A/B
55848,2026-06-04 09:45:21,21.6250,5.35,0.587,3.099,B,#5,HOLDING,0.594A/B
55849,2026-06-04 09:45:24,21.7000,5.35,0.587,3.099,B,#5,HOLDING,0.596A/B
55850,2026-06-04 09:45:25,21.7750,5.35,0.587,3.099,B,#5,HOLDING,0.587A/B
55851,2026-06-04 09:45:27,21.8500,5.28,0.587,3.099,B,#5,HOLDING,0.558A/B
55852,2026-06-04 09:45:29,21.9250,5.28,0.558,2.884,B,#5,HOLDING,0.500A/B
55853,2026-06-04 09:45:31,22.0375,5.28,0.558,2.884,B,#5,HOLDING,0.356A/B
55854,2026-06-04 09:45:33,22.1125,5.28,0.558,2.884,B,#5,HOLDING,0.145A/B
55855,2026-06-04 09:45:35,22.2000,1.89,0.558,2.884,A,#5,HOLDING,0.246A/A
